# gene-model: GENCODE v36
gene_id	gene_name	gene_type	unstranded	stranded_first	stranded_second	tpm_unstranded	fpkm_unstranded	fpkm_uq_unstranded
N_unmapped			2809072	2809072	2809072			
N_multimapping			5595477	5595477	5595477			
N_noFeature			3567052	41325225	41343694			
N_ambiguous			6951744	1600942	1602144			
ENSG00000000003.15	TSPAN6	protein_coding	2301	1213	1088	28.7676	7.1341	7.7135
ENSG00000000005.6	TNMD	protein_coding	1	1	0	0.0384	0.0095	0.0103
ENSG00000000419.13	DPM1	protein_coding	3284	1639	1645	154.2962	38.2639	41.3720
ENSG00000000457.14	SCYL3	protein_coding	1763	1339	1296	14.5256	3.6022	3.8948
ENSG00000000460.17	C1orf112	protein_coding	842	884	901	7.9983	1.9835	2.1446
ENSG00000000938.13	FGR	protein_coding	475	239	236	7.9649	1.9752	2.1357
ENSG00000000971.16	CFH	protein_coding	7537	3709	3828	53.5618	13.2828	14.3617
ENSG00000001036.14	FUCA2	protein_coding	2730	2369	2175	54.8612	13.6050	14.7101
ENSG00000001084.13	GCLC	protein_coding	4545	2718	2632	29.9080	7.4169	8.0193
ENSG00000001167.14	NFYA	protein_coding	2359	1275	1338	35.1033	8.7053	9.4124
ENSG00000001460.18	STPG1	protein_coding	812	406	446	5.4105	1.3417	1.4507
ENSG00000001461.17	NIPAL3	protein_coding	1735	912	862	10.4717	2.5969	2.8078
ENSG00000001497.18	LAS1L	protein_coding	4282	2109	2180	19.3415	4.7965	5.1861
ENSG00000001561.7	ENPP4	protein_coding	395	203	192	4.8235	1.1962	1.2933
ENSG00000001617.12	SEMA3F	protein_coding	5491	2752	2746	64.5243	16.0014	17.3011
ENSG00000001626.16	CFTR	protein_coding	37	25	21	0.2111	0.0523	0.0566
ENSG00000001629.10	ANKIB1	protein_coding	7257	3585	3679	55.6969	13.8123	14.9342
ENSG00000001630.17	CYP51A1	protein_coding	166	89	78	2.6676	0.6615	0.7153
ENSG00000001631.16	KRIT1	protein_coding	498	235	269	4.5522	1.1289	1.2206
ENSG00000002016.18	RAD52	protein_coding	395	187	208	4.9746	1.2336	1.3338
ENSG00000002079.14	MYH16	transcribed_unitary_pseudogene	10	3	8	0.0899	0.0223	0.0241
ENSG00000002330.14	BAD	protein_coding	244	642	618	8.1014	2.0091	2.1723
ENSG00000002549.12	LAP3	protein_coding	10578	5356	5222	158.4883	39.3035	42.4960
ENSG00000002586.20	CD99	protein_coding	14870	6694	8176	173.5853	43.0474	46.5440
ENSG00000002586.20_PAR_Y	CD99	protein_coding	0	0	0	0.0000	0.0000	0.0000
ENSG00000002587.10	HS3ST1	protein_coding	323	172	152	2.4637	0.6110	0.6606
ENSG00000002726.21	AOC1	protein_coding	34	19	15	0.5093	0.1263	0.1366
ENSG00000002745.13	WNT16	protein_coding	1	1	0	0.0174	0.0043	0.0047
ENSG00000002746.15	HECW1	protein_coding	197	109	106	0.8017	0.1988	0.2150
ENSG00000002822.15	MAD1L1	protein_coding	12	4	8	0.0941	0.0233	0.0252
ENSG00000002834.18	LASP1	protein_coding	19382	12133	11860	155.6653	38.6034	41.7391
ENSG00000002919.15	SNX11	protein_coding	2158	1066	1092	29.6105	7.3431	7.9396
ENSG00000002933.9	TMEM176A	protein_coding	1758	865	895	28.6730	7.1106	7.6882
ENSG00000003056.8	M6PR	protein_coding	6015	3910	3982	95.1494	23.5961	25.5127
ENSG00000003096.14	KLHL13	protein_coding	129	68	61	1.0476	0.2598	0.2809
ENSG00000003137.8	CYP26B1	protein_coding	554	272	282	6.2647	1.5536	1.6798
ENSG00000003147.19	ICA1	protein_coding	262	135	146	3.0428	0.7546	0.8159
ENSG00000003249.15	DBNDD1	protein_coding	751	376	386	9.5449	2.3670	2.5593
ENSG00000003393.15	ALS2	protein_coding	2448	1235	1213	13.3001	3.2983	3.5662
ENSG00000003400.15	CASP10	protein_coding	553	282	272	4.1367	1.0259	1.1092
ENSG00000003402.20	CFLAR	protein_coding	4851	2752	2712	12.2381	3.0349	3.2814
ENSG00000003436.16	TFPI	protein_coding	699	389	377	3.3840	0.8392	0.9074
ENSG00000003509.16	NDUFAF7	protein_coding	685	526	531	10.6399	2.6386	2.8529
ENSG00000003756.17	RBM5	protein_coding	4119	2902	2838	22.5537	5.5931	6.0474
ENSG00000003987.14	MTMR7	protein_coding	145	262	248	1.1869	0.2943	0.3183
ENSG00000003989.18	SLC7A2	protein_coding	12873	6540	6333	92.3501	22.9019	24.7621
ENSG00000004059.11	ARF5	protein_coding	3220	1649	1613	100.0581	24.8134	26.8289
ENSG00000004139.14	SARM1	protein_coding	354	1998	2092	1.8078	0.4483	0.4847
ENSG00000004142.12	POLDIP2	protein_coding	7882	4550	4579	167.4112	41.5163	44.8885
ENSG00000004399.13	PLXND1	protein_coding	11706	5651	6055	69.4619	17.2258	18.6250
ENSG00000004455.17	AK2	protein_coding	6749	3349	3465	39.7647	9.8613	10.6623
ENSG00000004468.13	CD38	protein_coding	72	38	35	0.5955	0.1477	0.1597
ENSG00000004478.8	FKBP4	protein_coding	9094	6014	5745	99.8878	24.7712	26.7832
ENSG00000004487.17	KDM1A	protein_coding	6184	3164	3020	64.4659	15.9869	17.2855
ENSG00000004534.15	RBM6	protein_coding	4654	2260	2395	36.1595	8.9672	9.6956
ENSG00000004660.15	CAMKK1	protein_coding	434	209	225	3.3112	0.8211	0.8878
ENSG00000004700.16	RECQL	protein_coding	3906	3867	3872	58.6158	14.5361	15.7169
ENSG00000004766.17	VPS50	protein_coding	1951	973	978	11.5746	2.8704	3.1035
ENSG00000004776.13	HSPB6	protein_coding	40	228	261	1.3158	0.3263	0.3528
ENSG00000004777.18	ARHGAP33	protein_coding	518	275	280	5.5847	1.3850	1.4975
ENSG00000004779.10	NDUFAB1	protein_coding	3070	1574	1496	112.4675	27.8908	30.1563
ENSG00000004799.8	PDK4	protein_coding	973	453	520	12.1432	3.0114	3.2560
ENSG00000004809.14	SLC22A16	protein_coding	9	6	3	0.1306	0.0324	0.0350
ENSG00000004838.14	ZMYND10	protein_coding	586	343	350	11.5030	2.8526	3.0843
ENSG00000004846.16	ABCB5	protein_coding	29	18	11	0.1777	0.0441	0.0476
ENSG00000004848.8	ARX	protein_coding	1	0	1	0.0182	0.0045	0.0049
ENSG00000004864.14	SLC25A13	protein_coding	1877	908	969	28.6913	7.1151	7.6931
ENSG00000004866.22	ST7	protein_coding	1510	839	840	13.1217	3.2540	3.5184
ENSG00000004897.12	CDC27	protein_coding	8628	4486	4636	71.7019	17.7813	19.2257
ENSG00000004939.15	SLC4A1	protein_coding	0	0	1	0.0000	0.0000	0.0000
ENSG00000004948.16	CALCR	protein_coding	37	25	15	0.4970	0.1232	0.1333
ENSG00000004961.15	HCCS	protein_coding	1733	889	845	41.9455	10.4021	11.2470
ENSG00000004975.12	DVL2	protein_coding	2096	1061	1035	22.3387	5.5398	5.9897
ENSG00000005001.10	PRSS22	protein_coding	349	174	193	8.3019	2.0588	2.2260
ENSG00000005007.13	UPF1	protein_coding	8833	4442	4392	58.4299	14.4900	15.6670
ENSG00000005020.13	SKAP2	protein_coding	3608	1730	1878	38.1663	9.4649	10.2337
ENSG00000005022.6	SLC25A5	protein_coding	12362	7209	7332	450.8352	111.8026	120.8840
ENSG00000005059.16	MCUB	protein_coding	1553	762	810	24.7737	6.1436	6.6427
ENSG00000005073.6	HOXA11	protein_coding	49	28	30	1.0411	0.2582	0.2792
ENSG00000005075.15	POLR2J	protein_coding	1570	785	817	65.7082	16.2950	17.6186
ENSG00000005100.13	DHX33	protein_coding	1634	805	829	16.0069	3.9696	4.2920
ENSG00000005102.14	MEOX1	protein_coding	4	2	2	0.0848	0.0210	0.0227
ENSG00000005108.16	THSD7A	protein_coding	183	91	106	0.9503	0.2357	0.2548
ENSG00000005156.12	LIG3	protein_coding	4491	3554	3430	19.7415	4.8957	5.2933
ENSG00000005175.10	RPAP3	protein_coding	3605	1761	1844	38.2130	9.4764	10.2462
ENSG00000005187.12	ACSM3	protein_coding	59	220	223	0.4455	0.1105	0.1195
ENSG00000005189.20	REXO5	protein_coding	283	143	174	3.9039	0.9681	1.0468
ENSG00000005194.15	CIAPIN1	protein_coding	2368	1229	1140	39.6953	9.8440	10.6436
ENSG00000005206.17	SPPL2B	protein_coding	1803	901	903	13.7819	3.4178	3.6954
ENSG00000005238.20	FAM214B	protein_coding	1235	616	620	10.9862	2.7245	2.9458
ENSG00000005243.10	COPZ2	protein_coding	2571	1251	1320	78.1358	19.3769	20.9508
ENSG00000005249.13	PRKAR2B	protein_coding	2651	1329	1322	35.2741	8.7476	9.4582
ENSG00000005302.19	MSL3	protein_coding	1786	888	898	10.3562	2.5682	2.7769
ENSG00000005339.15	CREBBP	protein_coding	10299	5049	5250	37.7322	9.3572	10.1172
ENSG00000005379.17	TSPOAP1	protein_coding	839	421	423	4.1777	1.0360	1.1202
ENSG00000005381.8	MPO	protein_coding	2	0	2	0.0322	0.0080	0.0086
ENSG00000005421.9	PON1	protein_coding	30	16	14	0.6403	0.1588	0.1717
ENSG00000005436.14	GCFC2	protein_coding	1137	812	790	11.8051	2.9275	3.1653
ENSG00000005448.17	WDR54	protein_coding	1447	758	696	28.7726	7.1353	7.7149
ENSG00000005469.12	CROT	protein_coding	2403	1201	1202	27.2821	6.7657	7.3152
ENSG00000005471.19	ABCB4	protein_coding	191	103	88	1.4016	0.3476	0.3758
ENSG00000005483.21	KMT2E	protein_coding	7415	3968	4106	42.2660	10.4815	11.3329
ENSG00000005486.17	RHBDD2	protein_coding	5604	2695	2910	132.9718	32.9757	35.6542
ENSG00000005513.10	SOX8	protein_coding	9	5	5	0.1142	0.0283	0.0306
ENSG00000005700.15	IBTK	protein_coding	7166	3661	3505	46.6090	11.5586	12.4974
ENSG00000005801.18	ZNF195	protein_coding	1259	599	660	6.0966	1.5119	1.6347
ENSG00000005810.18	MYCBP2	protein_coding	5382	3513	3479	19.0913	4.7345	5.1190
ENSG00000005812.11	FBXL3	protein_coding	5318	4390	4260	42.6206	10.5695	11.4280
ENSG00000005844.19	ITGAL	protein_coding	1335	751	815	7.6752	1.9034	2.0580
ENSG00000005882.12	PDK2	protein_coding	2188	1882	1958	22.6798	5.6244	6.0812
ENSG00000005884.18	ITGA3	protein_coding	7184	3607	3730	41.5634	10.3073	11.1445
ENSG00000005889.16	ZFX	protein_coding	5702	2925	2779	35.7818	8.8735	9.5943
ENSG00000005893.16	LAMP2	protein_coding	23177	11648	11529	139.7668	34.6608	37.4761
ENSG00000005961.19	ITGA2B	protein_coding	145	68	77	1.4439	0.3581	0.3872
ENSG00000005981.13	ASB4	protein_coding	14	7	7	0.1724	0.0427	0.0462
ENSG00000006007.12	GDE1	protein_coding	6832	4152	4401	88.2557	21.8865	23.6643
ENSG00000006015.18	REX1BD	protein_coding	707	364	344	11.8938	2.9495	3.1891
ENSG00000006016.11	CRLF1	protein_coding	125	263	269	2.3892	0.5925	0.6406
ENSG00000006025.12	OSBPL7	protein_coding	838	416	422	7.2311	1.7932	1.9389
ENSG00000006042.12	TMEM98	protein_coding	2373	1176	1197	25.9442	6.4339	6.9565
ENSG00000006047.13	YBX2	protein_coding	358	178	182	4.3840	1.0872	1.1755
ENSG00000006059.4	KRT33A	protein_coding	10	5	5	0.4352	0.1079	0.1167
ENSG00000006062.17	MAP3K14	protein_coding	1027	721	723	10.2754	2.5482	2.7552
ENSG00000006071.15	ABCC8	protein_coding	990	476	537	4.4600	1.1060	1.1959
ENSG00000006116.4	CACNG3	protein_coding	0	0	0	0.0000	0.0000	0.0000
ENSG00000006118.15	TMEM132A	protein_coding	3311	1883	1747	25.8134	6.4015	6.9214
ENSG00000006125.18	AP2B1	protein_coding	33762	17069	16867	252.2253	62.5493	67.6300
ENSG00000006128.12	TAC1	protein_coding	9	5	4	0.2981	0.0739	0.0799
ENSG00000006194.10	ZNF263	protein_coding	2714	1633	1621	24.0373	5.9610	6.4452
ENSG00000006210.7	CX3CL1	protein_coding	1296	666	630	12.3316	3.0581	3.3065
ENSG00000006282.21	SPATA20	protein_coding	4009	2062	1957	42.5989	10.5641	11.4222
ENSG00000006283.18	CACNA1G	protein_coding	156	93	90	0.8792	0.2180	0.2357
ENSG00000006327.14	TNFRSF12A	protein_coding	3293	1656	1637	103.6901	25.7141	27.8028
ENSG00000006377.11	DLX6	protein_coding	1	1	0	0.0165	0.0041	0.0044
ENSG00000006432.15	MAP3K9	protein_coding	716	366	350	3.2782	0.8130	0.8790
ENSG00000006451.8	RALA	protein_coding	9272	4704	4571	146.9167	36.4339	39.3933
ENSG00000006453.14	BAIAP2L1	protein_coding	559	398	414	6.5756	1.6307	1.7631
ENSG00000006459.11	KDM7A	protein_coding	3434	1698	1736	20.7658	5.1497	5.5680
ENSG00000006468.14	ETV1	protein_coding	1807	912	895	10.6578	2.6430	2.8577
ENSG00000006530.18	AGK	protein_coding	1449	894	869	7.6819	1.9050	2.0598
ENSG00000006534.16	ALDH3B1	protein_coding	1914	962	961	16.3814	4.0624	4.3924
ENSG00000006555.11	TTC22	protein_coding	102	54	48	0.9466	0.2347	0.2538
ENSG00000006576.16	PHTF2	protein_coding	3873	1922	1951	25.4034	6.2998	6.8115
ENSG00000006606.9	CCL26	protein_coding	16	9	7	1.2907	0.3201	0.3461
ENSG00000006607.14	FARP2	protein_coding	2314	1347	1291	9.1314	2.2645	2.4484
ENSG00000006611.17	USH1C	protein_coding	4	2	2	0.0463	0.0115	0.0124
ENSG00000006625.18	GGCT	protein_coding	932	464	468	33.1579	8.2228	8.8907
ENSG00000006634.8	DBF4	protein_coding	688	357	378	8.4911	2.1057	2.2767
ENSG00000006638.13	TBXA2R	protein_coding	208	105	103	4.1725	1.0347	1.1188
ENSG00000006652.15	IFRD1	protein_coding	287	162	125	2.0597	0.5108	0.5523
ENSG00000006659.13	LGALS14	protein_coding	0	0	0	0.0000	0.0000	0.0000
ENSG00000006695.12	COX10	protein_coding	916	424	492	7.6889	1.9068	2.0617
ENSG00000006704.11	GTF2IRD1	protein_coding	2803	1359	1444	24.4588	6.0655	6.5582
ENSG00000006712.15	PAF1	protein_coding	5602	2806	2951	111.4699	27.6434	29.8888
ENSG00000006715.16	VPS41	protein_coding	4902	2405	2497	35.8607	8.8931	9.6155
ENSG00000006740.17	ARHGAP44	protein_coding	987	626	639	6.0044	1.4890	1.6100
ENSG00000006744.19	ELAC2	protein_coding	3244	1642	1612	26.2735	6.5156	7.0448
ENSG00000006747.15	SCIN	protein_coding	325	147	184	1.5853	0.3931	0.4251
ENSG00000006756.16	ARSD	protein_coding	3599	2497	2455	29.0491	7.2039	7.7890
ENSG00000006757.12	PNPLA4	protein_coding	1753	863	890	29.1447	7.2276	7.8147
ENSG00000006788.14	MYH13	protein_coding	116	107	123	1.0749	0.2666	0.2882
ENSG00000006831.10	ADIPOR2	protein_coding	11073	5622	5457	107.6916	26.7064	28.8757
ENSG00000006837.12	CDKL3	protein_coding	81	34	47	1.4587	0.3617	0.3911
ENSG00000007001.13	UPP2	protein_coding	8	6	2	0.1534	0.0380	0.0411
ENSG00000007038.11	PRSS21	protein_coding	6	5	1	0.1730	0.0429	0.0464
ENSG00000007047.15	MARK4	protein_coding	2405	1194	1212	20.4909	5.0815	5.4943
ENSG00000007062.12	PROM1	protein_coding	162	83	79	1.2320	0.3055	0.3303
ENSG00000007080.11	CCDC124	protein_coding	2176	1095	1081	74.2931	18.4239	19.9205
ENSG00000007129.18	CEACAM21	protein_coding	68	33	35	1.9506	0.4837	0.5230
ENSG00000007168.14	PAFAH1B1	protein_coding	9914	6034	6092	40.8266	10.1246	10.9470
ENSG00000007171.18	NOS2	protein_coding	49	22	28	0.6317	0.1567	0.1694
ENSG00000007174.18	DNAH9	protein_coding	17	9	8	0.0569	0.0141	0.0153
ENSG00000007202.15	KIAA0100	protein_coding	12897	10146	9847	79.2232	19.6466	21.2424
ENSG00000007216.15	SLC13A2	protein_coding	3	3	0	0.0527	0.0131	0.0141
ENSG00000007237.19	GAS7	protein_coding	4166	2061	2105	23.2579	5.7677	6.2362
ENSG00000007255.10	TRAPPC6A	protein_coding	1350	661	689	82.0562	20.3491	22.0020
ENSG00000007264.15	MATK	protein_coding	57	30	28	0.7812	0.1937	0.2095
ENSG00000007306.15	CEACAM7	protein_coding	7	5	5	0.1496	0.0371	0.0401
ENSG00000007312.13	CD79B	protein_coding	26	16	10	0.7151	0.1773	0.1917
ENSG00000007314.12	SCN4A	protein_coding	12	8	4	0.0826	0.0205	0.0221
ENSG00000007341.19	ST7L	protein_coding	741	557	524	5.1828	1.2853	1.3897
ENSG00000007350.17	TKTL1	protein_coding	1	0	1	0.0161	0.0040	0.0043
ENSG00000007372.24	PAX6	protein_coding	26	118	120	0.0714	0.0177	0.0192
ENSG00000007376.8	RPUSD1	protein_coding	909	449	475	18.6166	4.6167	4.9917
ENSG00000007384.15	RHBDF1	protein_coding	2639	1368	1272	30.4554	7.5526	8.1661
ENSG00000007392.17	LUC7L	protein_coding	1738	873	865	15.9589	3.9576	4.2791
ENSG00000007402.12	CACNA2D2	protein_coding	984	695	780	8.5745	2.1264	2.2991
ENSG00000007516.14	BAIAP3	protein_coding	1330	1051	1039	12.3464	3.0618	3.3105
ENSG00000007520.4	TSR3	protein_coding	1755	1234	1280	82.2529	20.3979	22.0547
ENSG00000007541.17	PIGQ	protein_coding	2230	1062	1168	16.0977	3.9921	4.3163
ENSG00000007545.16	CRAMP1	protein_coding	1090	574	554	7.1910	1.7833	1.9281
ENSG00000007866.22	TEAD3	protein_coding	2179	1106	1073	40.5284	10.0506	10.8670
ENSG00000007908.16	SELE	protein_coding	130	58	72	1.6076	0.3987	0.4310
ENSG00000007923.16	DNAJC11	protein_coding	1765	1363	1328	19.6917	4.8834	5.2800
ENSG00000007933.13	FMO3	protein_coding	129	56	73	2.1272	0.5275	0.5704
ENSG00000007944.15	MYLIP	protein_coding	7365	3663	3702	135.9599	33.7167	36.4554
ENSG00000007952.18	NOX1	protein_coding	77	40	37	1.7171	0.4258	0.4604
ENSG00000007968.7	E2F2	protein_coding	521	252	270	5.4094	1.3415	1.4504
ENSG00000008018.9	PSMB1	protein_coding	8911	4597	4314	227.7344	56.4758	61.0632
ENSG00000008056.14	SYN1	protein_coding	43	34	40	0.6532	0.1620	0.1752
ENSG00000008083.14	JARID2	protein_coding	3772	1912	1860	34.2585	8.4958	9.1858
ENSG00000008086.13	CDKL5	protein_coding	3744	1887	1871	11.1420	2.7631	2.9875
ENSG00000008118.10	CAMK1G	protein_coding	7	6	1	0.1193	0.0296	0.0320
ENSG00000008128.23	CDK11A	protein_coding	25	11	15	0.2788	0.0691	0.0748
ENSG00000008130.15	NADK	protein_coding	3382	1646	1736	34.4332	8.5391	9.2327
ENSG00000008196.13	TFAP2B	protein_coding	24	11	13	0.2211	0.0548	0.0593
ENSG00000008197.5	TFAP2D	protein_coding	0	0	0	0.0000	0.0000	0.0000
ENSG00000008226.20	DLEC1	protein_coding	29	559	564	0.1972	0.0489	0.0529
ENSG00000008256.16	CYTH3	protein_coding	3506	1671	1836	34.2330	8.4894	9.1790
ENSG00000008277.14	ADAM22	protein_coding	540	278	262	2.5103	0.6225	0.6731
ENSG00000008282.9	SYPL1	protein_coding	5752	2816	2936	117.2101	29.0669	31.4279
ENSG00000008283.16	CYB561	protein_coding	9973	4994	4981	106.7916	26.4833	28.6344
ENSG00000008294.21	SPAG9	protein_coding	11674	5759	5916	55.3261	13.7203	14.8348
ENSG00000008300.17	CELSR3	protein_coding	1056	526	530	4.3239	1.0723	1.1594
ENSG00000008311.15	AASS	protein_coding	535	274	261	4.5528	1.1290	1.2208
ENSG00000008323.15	PLEKHG6	protein_coding	878	425	455	11.6881	2.8985	3.1340
ENSG00000008324.12	SS18L2	protein_coding	890	530	538	16.1873	4.0143	4.3403
ENSG00000008382.16	MPND	protein_coding	546	687	603	15.1116	3.7475	4.0519
ENSG00000008394.13	MGST1	protein_coding	14596	7318	7278	111.2403	27.5865	29.8272
ENSG00000008405.12	CRY1	protein_coding	3148	1626	1607	37.3323	9.2580	10.0100
ENSG00000008438.5	PGLYRP1	protein_coding	2	1	1	0.1602	0.0397	0.0430
ENSG00000008441.18	NFIX	protein_coding	4602	2336	2266	40.5562	10.0575	10.8745
ENSG00000008513.16	ST3GAL1	protein_coding	30341	15149	15192	194.3784	48.2039	52.1193
ENSG00000008516.17	MMP25	protein_coding	29	33	42	0.3873	0.0961	0.1039
ENSG00000008517.18	IL32	protein_coding	1531	769	762	27.0561	6.7096	7.2546
ENSG00000008710.20	PKD1	protein_coding	2578	1833	1775	7.8881	1.9562	2.1151
ENSG00000008735.14	MAPK8IP2	protein_coding	3677	1854	1825	35.9956	8.9265	9.6516
ENSG00000008838.20	MED24	protein_coding	6129	3057	3072	49.9247	12.3808	13.3865
ENSG00000008853.17	RHOBTB2	protein_coding	971	833	827	8.3294	2.0656	2.2334
ENSG00000008869.12	HEATR5B	protein_coding	3350	1665	1686	23.0612	5.7190	6.1835
ENSG00000008952.17	SEC62	protein_coding	14027	7172	6863	100.3369	24.8825	26.9037
ENSG00000008988.11	RPS20	protein_coding	49059	24940	24119	411.2542	101.9869	110.2710
ENSG00000009307.16	CSDE1	protein_coding	35145	17788	17357	344.9415	85.5420	92.4903
ENSG00000009335.18	UBE3C	protein_coding	7853	3936	3917	48.3281	11.9849	12.9584
ENSG00000009413.16	REV3L	protein_coding	1966	1100	1131	8.9732	2.2253	2.4060
ENSG00000009694.13	TENM1	protein_coding	22	12	10	0.0967	0.0240	0.0259
ENSG00000009709.12	PAX7	protein_coding	0	0	0	0.0000	0.0000	0.0000
ENSG00000009724.17	MASP2	protein_coding	91	82	70	1.2123	0.3006	0.3250
ENSG00000009765.15	IYD	protein_coding	123	59	64	0.6732	0.1669	0.1805
ENSG00000009780.16	FAM76A	protein_coding	1701	841	860	23.8417	5.9125	6.3928
ENSG00000009790.15	TRAF3IP3	protein_coding	283	282	305	2.0708	0.5135	0.5553
ENSG00000009830.12	POMT2	protein_coding	1473	710	763	8.3475	2.0701	2.2383
ENSG00000009844.16	VTA1	protein_coding	3968	1975	1993	31.0037	7.6886	8.3131
ENSG00000009950.16	MLXIPL	protein_coding	5	3	2	0.0589	0.0146	0.0158
ENSG00000009954.11	BAZ1B	protein_coding	10258	5088	5170	82.3981	20.4339	22.0937
ENSG00000010017.13	RANBP9	protein_coding	3612	2528	2532	56.6159	14.0402	15.1806
ENSG00000010030.14	ETV7	protein_coding	371	188	183	8.8624	2.1978	2.3763
ENSG00000010072.16	SPRTN	protein_coding	994	550	558	9.5445	2.3669	2.5592
ENSG00000010165.20	EEF1AKNMT	protein_coding	2674	1345	1329	39.5830	9.8162	10.6135
ENSG00000010219.13	DYRK4	protein_coding	654	315	339	5.2578	1.3039	1.4098
ENSG00000010244.19	ZNF207	protein_coding	9733	4868	4865	34.8943	8.6534	9.3563
ENSG00000010256.11	UQCRC1	protein_coding	9153	4596	4557	162.0057	40.1758	43.4391
ENSG00000010270.14	STARD3NL	protein_coding	1953	996	958	25.6139	6.3520	6.8679
ENSG00000010278.15	CD9	protein_coding	29881	15073	14809	290.7104	72.0932	77.9491
ENSG00000010282.15	HHATL	protein_coding	1	1	0	0.0196	0.0049	0.0053
ENSG00000010292.13	NCAPD2	protein_coding	4434	2362	2463	38.8643	9.6380	10.4208
ENSG00000010295.20	IFFO1	protein_coding	1021	501	520	11.7090	2.9037	3.1396
ENSG00000010310.9	GIPR	protein_coding	184	99	86	2.0585	0.5105	0.5520
ENSG00000010318.21	PHF7	protein_coding	593	291	303	9.9967	2.4791	2.6805
ENSG00000010319.7	SEMA3G	protein_coding	420	209	211	4.7193	1.1703	1.2654
ENSG00000010322.16	NISCH	protein_coding	6367	3135	3234	39.8447	9.8811	10.6837
ENSG00000010327.10	STAB1	protein_coding	5170	2810	2829	27.6908	6.8670	7.4248
ENSG00000010361.14	FUZ	protein_coding	1277	996	1003	24.5238	6.0816	6.5756
ENSG00000010379.16	SLC6A13	protein_coding	5	2	3	0.0668	0.0166	0.0179
ENSG00000010404.18	IDS	protein_coding	618	291	327	3.7709	0.9351	1.0111
ENSG00000010438.17	PRSS3	protein_coding	1	2	1	0.0398	0.0099	0.0107
ENSG00000010539.12	ZNF200	protein_coding	665	353	359	5.0296	1.2473	1.3486
ENSG00000010610.10	CD4	protein_coding	5339	2624	2716	66.4416	16.4769	17.8152
ENSG00000010626.15	LRRC23	protein_coding	994	490	504	18.4698	4.5803	4.9524
ENSG00000010671.16	BTK	protein_coding	694	312	382	8.6026	2.1333	2.3066
ENSG00000010704.18	HFE	protein_coding	1269	623	646	12.6810	3.1448	3.4002
ENSG00000010803.16	SCMH1	protein_coding	2440	1348	1340	31.1159	7.7164	8.3432
ENSG00000010810.17	FYN	protein_coding	2096	1064	1032	16.0389	3.9775	4.3006
ENSG00000010818.10	HIVEP2	protein_coding	5370	2910	2800	28.5812	7.0878	7.6636
ENSG00000010932.17	FMO1	protein_coding	1356	711	651	21.3489	5.2943	5.7244
ENSG00000011007.12	ELOA	protein_coding	3987	2634	2590	41.9408	10.4009	11.2457
ENSG00000011009.11	LYPLA2	protein_coding	2886	1442	1444	80.9822	20.0828	21.7140
ENSG00000011021.23	CLCN6	protein_coding	1195	603	629	8.2917	2.0563	2.2233
ENSG00000011028.14	MRC2	protein_coding	19356	11090	11175	166.5420	41.3007	44.6555
ENSG00000011052.21	NME1-NME2	protein_coding	0	0	0	0.0000	0.0000	0.0000
ENSG00000011083.9	SLC6A7	protein_coding	6	1	6	0.0796	0.0197	0.0213
ENSG00000011105.14	TSPAN9	protein_coding	3340	1637	1703	27.4310	6.8026	7.3552
ENSG00000011114.15	BTBD7	protein_coding	2566	1314	1252	12.8402	3.1842	3.4429
ENSG00000011132.12	APBA3	protein_coding	506	306	273	5.1278	1.2716	1.3749
ENSG00000011143.19	MKS1	protein_coding	834	455	473	4.1911	1.0393	1.1238
ENSG00000011198.10	ABHD5	protein_coding	2775	1351	1427	20.8741	5.1766	5.5971
ENSG00000011201.12	ANOS1	protein_coding	4418	2229	2189	35.3777	8.7733	9.4859
ENSG00000011243.18	AKAP8L	protein_coding	2147	1717	1750	23.9725	5.9449	6.4278
ENSG00000011258.16	MBTD1	protein_coding	2057	1001	1056	16.2378	4.0268	4.3539
ENSG00000011260.14	UTP18	protein_coding	5066	2547	2519	106.2866	26.3580	28.4990
ENSG00000011275.19	RNF216	protein_coding	4602	2275	2328	34.4482	8.5428	9.2367
ENSG00000011295.16	TTC19	protein_coding	3850	1954	1935	36.0643	8.9436	9.6700
ENSG00000011304.22	PTBP1	protein_coding	18784	9303	9481	141.6354	35.1242	37.9772
ENSG00000011332.19	DPF1	protein_coding	22	9	14	0.2599	0.0645	0.0697
ENSG00000011347.10	SYT7	protein_coding	3109	1576	1533	23.3463	5.7896	6.2599
ENSG00000011376.12	LARS2	protein_coding	2388	1157	1231	10.9151	2.7068	2.9267
ENSG00000011405.13	PIK3C2A	protein_coding	6219	3041	3178	38.3180	9.5025	10.2743
ENSG00000011422.12	PLAUR	protein_coding	5551	2699	2852	70.6298	17.5155	18.9382
ENSG00000011426.11	ANLN	protein_coding	1279	645	667	12.0947	2.9994	3.2430
ENSG00000011451.21	WIZ	protein_coding	3842	1858	1986	21.7077	5.3833	5.8205
ENSG00000011454.18	RABGAP1	protein_coding	6339	3134	3208	46.9546	11.6443	12.5901
ENSG00000011465.18	DCN	protein_coding	164254	82837	81417	719.7929	178.5014	193.0005
ENSG00000011478.13	QPCTL	protein_coding	636	302	336	12.7673	3.1662	3.4233
ENSG00000011485.15	PPP5C	protein_coding	3557	1828	1945	28.4550	7.0565	7.6297
ENSG00000011523.14	CEP68	protein_coding	3281	1856	1858	21.5778	5.3511	5.7857
ENSG00000011566.15	MAP4K3	protein_coding	2986	1500	1486	27.9617	6.9342	7.4975
ENSG00000011590.14	ZBTB32	protein_coding	50	25	25	1.0352	0.2567	0.2776
ENSG00000011600.12	TYROBP	protein_coding	3829	1908	1922	239.4074	59.3706	64.1931
ENSG00000011638.11	TMEM159	protein_coding	1129	572	557	25.0295	6.2071	6.7113
ENSG00000011677.13	GABRA3	protein_coding	7	3	4	0.0957	0.0237	0.0256
ENSG00000012048.23	BRCA1	protein_coding	2392	1176	1219	14.5766	3.6149	3.9085
ENSG00000012061.16	ERCC1	protein_coding	3288	2953	2897	33.4462	8.2943	8.9680
ENSG00000012124.17	CD22	protein_coding	325	162	163	2.9896	0.7414	0.8016
ENSG00000012171.20	SEMA3B	protein_coding	2483	1284	1213	24.4124	6.0540	6.5458
ENSG00000012174.12	MBTPS2	protein_coding	3248	1664	1584	20.5918	5.1066	5.5214
ENSG00000012211.13	PRICKLE3	protein_coding	661	2405	2523	10.2531	2.5427	2.7492
ENSG00000012223.13	LTF	protein_coding	308	155	153	4.3787	1.0859	1.1741
ENSG00000012232.9	EXTL3	protein_coding	1782	892	890	7.7462	1.9210	2.0770
ENSG00000012504.15	NR1H4	protein_coding	0	0	0	0.0000	0.0000	0.0000
ENSG00000012660.14	ELOVL5	protein_coding	47577	24017	23561	707.6030	175.4784	189.7320
ENSG00000012779.11	ALOX5	protein_coding	1166	538	628	17.7276	4.3963	4.7534
ENSG00000012817.16	KDM5D	protein_coding	0	0	0	0.0000	0.0000	0.0000
ENSG00000012822.16	CALCOCO1	protein_coding	7102	3542	3561	45.2635	11.2249	12.1366
ENSG00000012963.15	UBR7	protein_coding	3789	1936	1853	61.2351	15.1857	16.4192
ENSG00000012983.11	MAP4K5	protein_coding	5157	2847	2759	38.3797	9.5178	10.2909
ENSG00000013016.16	EHD3	protein_coding	1304	618	686	15.3264	3.8008	4.1095
ENSG00000013275.8	PSMC4	protein_coding	7081	3564	3518	157.4758	39.0524	42.2245
ENSG00000013288.9	MAN2B2	protein_coding	7312	3696	3616	46.6753	11.5750	12.5152
ENSG00000013293.6	SLC7A14	protein_coding	1	0	1	0.0054	0.0013	0.0014
ENSG00000013297.12	CLDN11	protein_coding	166	82	85	2.1786	0.5403	0.5842
ENSG00000013306.16	SLC25A39	protein_coding	8251	4141	4110	132.7039	32.9092	35.5823
ENSG00000013364.19	MVP	protein_coding	18316	9058	9259	169.1418	41.9455	45.3526
ENSG00000013374.16	NUB1	protein_coding	6407	3721	3707	67.1485	16.6522	18.0048
ENSG00000013375.16	PGM3	protein_coding	3083	2211	2230	23.3802	5.7980	6.2690
ENSG00000013392.8	RWDD2A	protein_coding	726	374	352	10.9237	2.7090	2.9290
ENSG00000013441.16	CLK1	protein_coding	5713	2862	2851	62.6662	15.5406	16.8029
ENSG00000013503.10	POLR3B	protein_coding	779	407	441	9.2653	2.2977	2.4843
ENSG00000013523.11	ANGEL1	protein_coding	1678	889	936	14.5838	3.6166	3.9104
ENSG00000013561.18	RNF14	protein_coding	7438	3990	3921	84.5647	20.9712	22.6746
ENSG00000013563.14	DNASE1L1	protein_coding	608	1255	1248	8.3445	2.0694	2.2375
ENSG00000013573.17	DDX11	protein_coding	1363	711	653	9.2382	2.2910	2.4771
ENSG00000013583.10	HEBP1	protein_coding	14440	7372	7216	238.8833	59.2407	64.0526
ENSG00000013588.9	GPRC5A	protein_coding	63974	31969	32008	473.4391	117.4081	126.9448
ENSG00000013619.14	MAMLD1	protein_coding	471	225	246	4.4831	1.1118	1.2021
ENSG00000013725.14	CD6	protein_coding	176	99	77	1.6752	0.4154	0.4492
ENSG00000013810.20	TACC3	protein_coding	1221	591	646	8.4587	2.0977	2.2681
ENSG00000014123.10	UFL1	protein_coding	3418	1717	1705	42.7043	10.5902	11.4504
ENSG00000014138.9	POLA2	protein_coding	158	79	85	1.6092	0.3991	0.4315
ENSG00000014164.7	ZC3H3	protein_coding	2033	1014	1019	30.9840	7.6837	8.3078
ENSG00000014216.16	CAPN1	protein_coding	7023	3490	3614	53.0608	13.1585	14.2274
ENSG00000014257.16	ACP3	protein_coding	56	30	26	0.7420	0.1840	0.1990
ENSG00000014641.21	MDH1	protein_coding	6704	3379	3330	76.1891	18.8941	20.4288
ENSG00000014824.14	SLC30A9	protein_coding	6070	2982	3088	47.8163	11.8580	12.8211
ENSG00000014914.21	MTMR11	protein_coding	1720	891	829	21.3345	5.2907	5.7205
ENSG00000014919.13	COX15	protein_coding	2783	1549	1448	30.2634	7.5050	8.1146
ENSG00000015133.19	CCDC88C	protein_coding	2371	1177	1194	10.8208	2.6835	2.9014
ENSG00000015153.15	YAF2	protein_coding	1266	642	624	6.6237	1.6426	1.7760
ENSG00000015171.20	ZMYND11	protein_coding	9488	4830	4658	101.0449	25.0581	27.0935
ENSG00000015285.11	WAS	protein_coding	572	265	307	13.7391	3.4072	3.6839
ENSG00000015413.9	DPEP1	protein_coding	85	37	48	1.7612	0.4368	0.4722
ENSG00000015475.19	BID	protein_coding	1454	725	729	18.6553	4.6263	5.0021
ENSG00000015479.20	MATR3	protein_coding	415	224	191	1.9508	0.4838	0.5231
ENSG00000015520.15	NPC1L1	protein_coding	68	25	45	0.7322	0.1816	0.1963
ENSG00000015532.10	XYLT2	protein_coding	3209	1609	1611	33.2570	8.2474	8.9173
ENSG00000015568.13	RGPD5	protein_coding	1	2	0	0.0040	0.0010	0.0011
ENSG00000015592.16	STMN4	protein_coding	7	6	1	0.1205	0.0299	0.0323
ENSG00000015676.18	NUDCD3	protein_coding	7040	3581	3461	40.3556	10.0078	10.8207
ENSG00000016082.15	ISL1	protein_coding	15	11	4	0.3020	0.0749	0.0810
ENSG00000016391.11	CHDH	protein_coding	3346	2293	2355	24.3677	6.0430	6.5338
ENSG00000016402.13	IL20RA	protein_coding	972	511	461	11.6537	2.8900	3.1248
ENSG00000016490.16	CLCA1	protein_coding	0	0	0	0.0000	0.0000	0.0000
ENSG00000016602.9	CLCA4	protein_coding	1	0	1	0.0165	0.0041	0.0044
ENSG00000016864.18	GLT8D1	protein_coding	5631	2852	2849	84.4129	20.9335	22.6339
ENSG00000017260.20	ATP2C1	protein_coding	9244	4899	4815	61.6013	15.2765	16.5174
ENSG00000017427.17	IGF1	protein_coding	151	1196	1175	1.0552	0.2617	0.2829
ENSG00000017483.15	SLC38A5	protein_coding	2441	1216	1226	34.4522	8.5438	9.2378
ENSG00000017797.13	RALBP1	protein_coding	5836	2908	2944	41.1590	10.2070	11.0361
ENSG00000018189.13	RUFY3	protein_coding	2028	1040	1057	12.2284	3.0325	3.2788
ENSG00000018236.15	CNTN1	protein_coding	4408	2222	2186	33.3659	8.2744	8.9465
ENSG00000018280.17	SLC11A1	protein_coding	978	508	471	6.3926	1.5853	1.7141
ENSG00000018408.15	WWTR1	protein_coding	6936	3554	3536	47.0897	11.6778	12.6263
ENSG00000018510.17	AGPS	protein_coding	4478	2325	2270	28.7303	7.1248	7.7036
ENSG00000018607.7	ZNF806	transcribed_unprocessed_pseudogene	0	0	0	0.0000	0.0000	0.0000
ENSG00000018610.15	CXorf56	protein_coding	1591	773	818	34.9576	8.6691	9.3733
ENSG00000018625.15	ATP1A2	protein_coding	39	25	14	0.3512	0.0871	0.0942
ENSG00000018699.13	TTC27	protein_coding	1284	608	676	21.1489	5.2447	5.6707
ENSG00000018869.17	ZNF582	protein_coding	45	32	36	0.7618	0.1889	0.2043
ENSG00000019102.12	VSIG2	protein_coding	9	4	5	0.3527	0.0875	0.0946
ENSG00000019144.19	PHLDB1	protein_coding	4366	2974	2747	11.4021	2.8276	3.0573
ENSG00000019169.10	MARCO	protein_coding	11	7	4	0.3001	0.0744	0.0805
ENSG00000019186.10	CYP24A1	protein_coding	12	5	7	0.1706	0.0423	0.0458
ENSG00000019485.13	PRDM11	protein_coding	371	186	186	1.5093	0.3743	0.4047
ENSG00000019505.8	SYT13	protein_coding	12	8	4	0.1250	0.0310	0.0335
ENSG00000019549.13	SNAI2	protein_coding	2931	1434	1497	50.6604	12.5633	13.5838
ENSG00000019582.15	CD74	protein_coding	117204	58994	58484	1390.5096	344.8323	372.8420
ENSG00000019991.18	HGF	protein_coding	773	395	378	4.4947	1.1146	1.2052
ENSG00000019995.6	ZRANB1	protein_coding	1332	2050	2053	12.6043	3.1257	3.3796
ENSG00000020129.16	NCDN	protein_coding	2231	1134	1179	25.7311	6.3811	6.8994
ENSG00000020181.18	ADGRA2	protein_coding	2965	2671	2661	23.7359	5.8863	6.3644
ENSG00000020219.9	CCT8L1P	processed_pseudogene	2	1	1	0.0678	0.0168	0.0182
ENSG00000020256.20	ZFP64	protein_coding	1734	856	878	14.4823	3.5915	3.8832
ENSG00000020426.11	MNAT1	protein_coding	962	508	459	14.0714	3.4896	3.7730
ENSG00000020577.14	SAMD4A	protein_coding	2032	1064	968	9.3436	2.3171	2.5053
ENSG00000020633.19	RUNX3	protein_coding	815	403	413	9.3902	2.3287	2.5178
ENSG00000020922.13	MRE11	protein_coding	3027	1522	1506	22.3692	5.5473	5.9979
ENSG00000021300.14	PLEKHB1	protein_coding	9563	4723	4840	109.9366	27.2632	29.4777
ENSG00000021355.13	SERPINB1	protein_coding	6521	3328	3193	121.3672	30.0978	32.5426
ENSG00000021461.17	CYP3A43	protein_coding	13	6	9	0.2796	0.0693	0.0750
ENSG00000021488.13	SLC7A9	protein_coding	32	17	18	0.6985	0.1732	0.1873
ENSG00000021574.13	SPAST	protein_coding	2694	1357	1337	16.1140	3.9961	4.3207
ENSG00000021645.20	NRXN3	protein_coding	611	296	315	2.2306	0.5532	0.5981
ENSG00000021762.20	OSBPL5	protein_coding	2168	1054	1114	16.4522	4.0800	4.4114
ENSG00000021776.11	AQR	protein_coding	4833	2459	2374	20.4065	5.0606	5.4717
ENSG00000021826.17	CPS1	protein_coding	421	194	228	2.1669	0.5374	0.5810
ENSG00000021852.13	C8B	protein_coding	0	0	0	0.0000	0.0000	0.0000
ENSG00000022267.19	FHL1	protein_coding	3675	1805	1870	35.5526	8.8167	9.5328
ENSG00000022277.13	RTF2	protein_coding	5938	3005	2934	82.8806	20.5535	22.2231
ENSG00000022355.18	GABRA1	protein_coding	3	1	2	0.0202	0.0050	0.0054
ENSG00000022556.16	NLRP2	protein_coding	81	33	48	0.7276	0.1804	0.1951
ENSG00000022567.10	SLC45A4	protein_coding	776	386	407	5.1123	1.2678	1.3708
ENSG00000022840.16	RNF10	protein_coding	9767	4955	4824	93.8790	23.2811	25.1721
ENSG00000022976.15	ZNF839	protein_coding	458	471	488	4.6464	1.1523	1.2458
ENSG00000023041.11	ZDHHC6	protein_coding	2792	1407	1433	42.2450	10.4763	11.3273
ENSG00000023171.18	GRAMD1B	protein_coding	193	92	102	0.7324	0.1816	0.1964
ENSG00000023191.17	RNH1	protein_coding	10251	5092	5159	78.8356	19.5504	21.1385
ENSG00000023228.14	NDUFS1	protein_coding	6476	3426	3493	30.1671	7.4811	8.0888
ENSG00000023287.13	RB1CC1	protein_coding	10836	5396	5440	80.7184	20.0174	21.6433
ENSG00000023318.8	ERP44	protein_coding	4363	2242	2124	51.4612	12.7619	13.7985
ENSG00000023330.15	ALAS1	protein_coding	2869	1413	1456	64.1565	15.9102	17.2025
ENSG00000023445.16	BIRC3	protein_coding	1031	563	507	7.7771	1.9286	2.0853
ENSG00000023516.9	AKAP11	protein_coding	6116	3126	2990	34.9812	8.6750	9.3796
ENSG00000023572.10	GLRX2	protein_coding	1440	1261	1209	13.1501	3.2611	3.5260
ENSG00000023608.5	SNAPC1	protein_coding	318	157	161	6.9548	1.7247	1.8648
ENSG00000023697.13	DERA	protein_coding	1527	773	754	30.7843	7.6342	8.2543
ENSG00000023734.11	STRAP	protein_coding	9362	4653	4709	239.6924	59.4413	64.2695
ENSG00000023839.12	ABCC2	protein_coding	122	66	56	0.8828	0.2189	0.2367
ENSG00000023892.11	DEF6	protein_coding	713	375	338	15.6783	3.8880	4.2039
ENSG00000023902.14	PLEKHO1	protein_coding	2581	1292	1290	22.0800	5.4756	5.9204
ENSG00000023909.10	GCLM	protein_coding	3607	1879	1728	37.6986	9.3489	10.1083
ENSG00000024048.11	UBR2	protein_coding	5788	2950	2838	36.9887	9.1728	9.9179
ENSG00000024422.12	EHD2	protein_coding	11725	5835	5890	172.9772	42.8966	46.3810
ENSG00000024526.17	DEPDC1	protein_coding	226	130	137	2.1708	0.5383	0.5821
ENSG00000024862.18	CCDC28A	protein_coding	902	436	466	41.0204	10.1726	10.9989
ENSG00000025039.15	RRAGD	protein_coding	908	490	418	10.1065	2.5063	2.7099
ENSG00000025156.13	HSF2	protein_coding	1080	520	560	22.7092	5.6317	6.0891
ENSG00000025293.17	PHF20	protein_coding	10157	5119	5039	68.8011	17.0620	18.4479
ENSG00000025423.11	HSD17B6	protein_coding	930	514	554	23.2131	5.7566	6.2242
ENSG00000025434.19	NR1H3	protein_coding	818	554	532	10.2313	2.5373	2.7434
ENSG00000025708.14	TYMP	protein_coding	9555	4953	4602	150.5177	37.3269	40.3588
ENSG00000025770.19	NCAPH2	protein_coding	2832	1680	1644	36.0176	8.9320	9.6575
ENSG00000025772.8	TOMM34	protein_coding	3037	1494	1543	87.2925	21.6477	23.4060
ENSG00000025796.14	SEC63	protein_coding	10518	5357	5494	69.3093	17.1880	18.5841
ENSG00000025800.14	KPNA6	protein_coding	6506	3200	3307	49.4777	12.2700	13.2666
ENSG00000026025.16	VIM	protein_coding	55472	58176	58627	607.7696	150.7207	162.9633
ENSG00000026036.22	RTEL1-TNFRSF6B	protein_coding	52	30	22	0.3243	0.0804	0.0870
ENSG00000026103.22	FAS	protein_coding	1152	719	671	11.7121	2.9045	3.1404
ENSG00000026297.16	RNASET2	protein_coding	1130	545	585	4.2884	1.0635	1.1499
ENSG00000026508.20	CD44	protein_coding	63917	33937	33822	362.7633	89.9616	97.2690
ENSG00000026559.14	KCNG1	protein_coding	10	5	5	0.1047	0.0260	0.0281
ENSG00000026652.15	AGPAT4	protein_coding	1611	771	840	6.4099	1.5896	1.7187
ENSG00000026751.17	SLAMF7	protein_coding	409	194	215	4.7992	1.1901	1.2868
ENSG00000026950.17	BTN3A1	protein_coding	2291	1119	1172	23.4560	5.8168	6.2893
ENSG00000027001.10	MIPEP	protein_coding	1232	611	625	20.6218	5.1140	5.5294
ENSG00000027075.15	PRKCH	protein_coding	787	415	406	5.0544	1.2535	1.3553
ENSG00000027644.5	INSRR	protein_coding	70	39	34	0.7634	0.1893	0.2047
ENSG00000027697.15	IFNGR1	protein_coding	7496	3737	3759	129.7613	32.1795	34.7933
ENSG00000027847.14	B4GALT7	protein_coding	2204	1073	1131	25.6230	6.3542	6.8704
ENSG00000027869.12	SH2D2A	protein_coding	102	56	47	2.3156	0.5743	0.6209
ENSG00000028116.18	VRK2	protein_coding	950	924	925	15.2576	3.7837	4.0911
ENSG00000028137.19	TNFRSF1B	protein_coding	2734	1364	1370	41.0389	10.1772	11.0039
ENSG00000028203.18	VEZT	protein_coding	4905	2506	2399	31.7320	7.8692	8.5084
ENSG00000028277.21	POU2F2	protein_coding	425	200	225	2.6567	0.6588	0.7124
ENSG00000028310.18	BRD9	protein_coding	2603	1279	1324	15.4588	3.8336	4.1450
ENSG00000028528.15	SNX1	protein_coding	7763	3948	3816	44.9729	11.1528	12.0587
ENSG00000028839.10	TBPL1	protein_coding	513	341	327	5.7734	1.4317	1.5480
ENSG00000029153.14	ARNTL2	protein_coding	596	325	315	4.8402	1.2003	1.2978
ENSG00000029363.17	BCLAF1	protein_coding	10690	5339	5351	63.5927	15.7704	17.0513
ENSG00000029364.12	SLC39A9	protein_coding	8851	5094	5083	70.3194	17.4385	18.8550
ENSG00000029534.21	ANK1	protein_coding	688	351	340	3.6136	0.8961	0.9689
ENSG00000029559.7	IBSP	protein_coding	288	145	143	10.3830	2.5749	2.7840
ENSG00000029639.11	TFB1M	protein_coding	503	321	310	6.9387	1.7207	1.8605
ENSG00000029725.17	RABEP1	protein_coding	7748	5718	5842	62.2452	15.4362	16.6900
ENSG00000029993.15	HMGB3	protein_coding	11588	5893	5695	167.8986	41.6372	45.0192
ENSG00000030066.13	NUP160	protein_coding	4565	2294	2271	30.1867	7.4860	8.0941
ENSG00000030110.13	BAK1	protein_coding	1162	701	689	29.7907	7.3878	7.9879
ENSG00000030304.14	MUSK	protein_coding	2	2	0	0.0124	0.0031	0.0033
ENSG00000030419.16	IKZF2	protein_coding	614	318	296	2.8448	0.7055	0.7628
ENSG00000030582.18	GRN	protein_coding	32055	15998	16060	515.8451	127.9244	138.3153
ENSG00000031003.10	FAM13B	protein_coding	4360	2696	2624	36.3184	9.0066	9.7382
ENSG00000031081.11	ARHGAP31	protein_coding	3706	1853	1854	22.4202	5.5600	6.0116
ENSG00000031691.7	CENPQ	protein_coding	403	216	187	13.1270	3.2554	3.5198
ENSG00000031698.13	SARS1	protein_coding	9546	4730	4816	140.6478	34.8792	37.7124
ENSG00000031823.14	RANBP3	protein_coding	3975	1957	2080	30.2783	7.5087	8.1186
ENSG00000032219.19	ARID4A	protein_coding	2095	1064	1032	15.9494	3.9553	4.2766
ENSG00000032389.13	EIPR1	protein_coding	1282	656	626	12.7035	3.1503	3.4062
ENSG00000032444.17	PNPLA6	protein_coding	3195	1595	1601	25.3021	6.2747	6.7843
ENSG00000032742.18	IFT88	protein_coding	1002	508	495	9.3938	2.3296	2.5188
ENSG00000033011.13	ALG1	protein_coding	1288	1321	1335	13.5615	3.3631	3.6363
ENSG00000033030.15	ZCCHC8	protein_coding	2503	1290	1213	15.5556	3.8576	4.1710
ENSG00000033050.9	ABCF2	protein_coding	1161	594	568	12.7647	3.1655	3.4226
ENSG00000033100.16	CHPF2	protein_coding	5049	2611	2550	68.0924	16.8862	18.2579
ENSG00000033122.21	LRRC7	protein_coding	46	26	20	0.0868	0.0215	0.0233
ENSG00000033170.17	FUT8	protein_coding	5225	2724	2637	42.4756	10.5335	11.3891
ENSG00000033178.13	UBA6	protein_coding	4290	2155	2135	21.3259	5.2886	5.7182
ENSG00000033327.13	GAB2	protein_coding	4380	2244	2323	36.6627	9.0920	9.8305
ENSG00000033627.17	ATP6V0A1	protein_coding	6009	3029	2983	31.1889	7.7345	8.3628
ENSG00000033800.14	PIAS1	protein_coding	2750	1870	1895	14.6475	3.6324	3.9275
ENSG00000033867.16	SLC4A7	protein_coding	5306	2664	2642	31.2919	7.7601	8.3904
ENSG00000034053.14	APBA2	protein_coding	583	290	293	4.8132	1.1936	1.2906
ENSG00000034152.19	MAP2K3	protein_coding	1768	843	925	26.5598	6.5866	7.1216
ENSG00000034239.11	EFCAB1	protein_coding	29	15	14	0.2825	0.0701	0.0757
ENSG00000034510.6	TMSB10	protein_coding	26144	13235	13443	3216.1074	797.5622	862.3457
ENSG00000034533.12	ASTE1	protein_coding	671	569	578	11.1037	2.7536	2.9773
ENSG00000034677.13	RNF19A	protein_coding	7940	4408	4532	76.9442	19.0814	20.6313
ENSG00000034693.15	PEX3	protein_coding	966	475	491	19.3575	4.8005	5.1904
ENSG00000034713.8	GABARAPL2	protein_coding	5775	2934	2841	108.8040	26.9823	29.1740
ENSG00000034971.17	MYOC	protein_coding	1	0	1	0.0270	0.0067	0.0072
ENSG00000035115.22	SH3YL1	protein_coding	2941	1559	1414	14.9824	3.7155	4.0173
ENSG00000035141.8	FAM136A	protein_coding	1721	914	903	31.6260	7.8429	8.4800
ENSG00000035403.18	VCL	protein_coding	18990	9610	9780	107.7785	26.7280	28.8990
ENSG00000035499.13	DEPDC1B	protein_coding	450	219	241	6.7051	1.6628	1.7979
ENSG00000035664.11	DAPK2	protein_coding	986	542	522	4.1078	1.0187	1.1015
ENSG00000035681.9	NSMAF	protein_coding	2673	1356	1317	24.5682	6.0927	6.5876
ENSG00000035687.10	ADSS2	protein_coding	5326	2738	2588	87.7760	21.7676	23.5357
ENSG00000035720.8	STAP1	protein_coding	145	72	73	4.2147	1.0452	1.1301
ENSG00000035862.12	TIMP2	protein_coding	69949	41718	40797	704.2084	174.6366	188.8218
ENSG00000035928.16	RFC1	protein_coding	5300	2666	2635	44.7333	11.0934	11.9945
ENSG00000036054.13	TBC1D23	protein_coding	4071	2017	2054	44.6032	11.0611	11.9596
ENSG00000036257.13	CUL3	protein_coding	5837	3787	3753	28.7715	7.1350	7.7146
ENSG00000036448.10	MYOM2	protein_coding	40	27	13	0.3215	0.0797	0.0862
ENSG00000036473.8	OTC	protein_coding	0	0	0	0.0000	0.0000	0.0000
ENSG00000036530.9	CYP46A1	protein_coding	52	26	28	0.3151	0.0781	0.0845
ENSG00000036549.13	ZZZ3	protein_coding	2937	1511	1426	18.4899	4.5853	4.9578
ENSG00000036565.15	SLC18A1	protein_coding	1	1	0	0.0145	0.0036	0.0039
ENSG00000036672.16	USP2	protein_coding	105	55	52	1.3165	0.3265	0.3530
ENSG00000036828.17	CASR	protein_coding	0	0	0	0.0000	0.0000	0.0000
ENSG00000037042.9	TUBG2	protein_coding	1113	559	554	22.5987	5.6043	6.0595
ENSG00000037241.7	RPL26L1	protein_coding	1503	761	750	73.2260	18.1593	19.6343
ENSG00000037280.16	FLT4	protein_coding	635	296	339	4.0681	1.0088	1.0908
ENSG00000037474.15	NSUN2	protein_coding	7753	4408	4364	79.8533	19.8028	21.4113
ENSG00000037637.11	FBXO42	protein_coding	2375	1174	1201	14.9502	3.7075	4.0086
ENSG00000037749.12	MFAP3	protein_coding	3921	2003	1924	28.5260	7.0741	7.6488
ENSG00000037757.14	MRI1	protein_coding	513	712	730	8.3936	2.0815	2.2506
ENSG00000037897.17	METTL1	protein_coding	906	424	492	26.3889	6.5442	7.0758
ENSG00000037965.6	HOXC8	protein_coding	622	301	321	14.5940	3.6192	3.9131
ENSG00000038002.9	AGA	protein_coding	2172	1098	1076	47.2837	11.7259	12.6783
ENSG00000038210.14	PI4K2B	protein_coding	2288	1125	1163	35.2110	8.7320	9.4412
ENSG00000038219.13	BOD1L1	protein_coding	6008	2927	3081	21.4799	5.3268	5.7595
ENSG00000038274.17	MAT2B	protein_coding	9874	5023	4851	109.0466	27.0425	29.2390
ENSG00000038295.8	TLL1	protein_coding	443	222	221	3.0996	0.7687	0.8311
ENSG00000038358.15	EDC4	protein_coding	1756	878	878	16.2187	4.0221	4.3488
ENSG00000038382.20	TRIO	protein_coding	13840	7085	7051	43.9455	10.8980	11.7832
ENSG00000038427.16	VCAN	protein_coding	84377	48860	48360	325.9993	80.8445	87.4113
ENSG00000038532.16	CLEC16A	protein_coding	2258	1119	1141	10.2253	2.5358	2.7417
ENSG00000038945.15	MSR1	protein_coding	9671	4803	4869	70.2051	17.4102	18.8243
ENSG00000039068.19	CDH1	protein_coding	30133	16894	16856	280.0003	69.4372	75.0774
ENSG00000039123.16	MTREX	protein_coding	6340	4052	3969	56.6474	14.0480	15.1891
ENSG00000039139.9	DNAH5	protein_coding	4349	2167	2241	14.9701	3.7124	4.0140
ENSG00000039319.17	ZFYVE16	protein_coding	5193	5813	5796	19.0119	4.7148	5.0977
ENSG00000039523.20	RIPOR1	protein_coding	2534	2075	2038	21.3558	5.2960	5.7262
ENSG00000039537.14	C6	protein_coding	1	1	0	0.0117	0.0029	0.0031
ENSG00000039560.14	RAI14	protein_coding	11761	5800	6040	87.9786	21.8178	23.5900
ENSG00000039600.11	SOX30	protein_coding	11	6	6	0.1788	0.0443	0.0479
ENSG00000039650.12	PNKP	protein_coding	1449	1716	1695	18.0798	4.4836	4.8478
ENSG00000039987.7	BEST2	protein_coding	1	0	1	0.0214	0.0053	0.0057
ENSG00000040199.18	PHLPP2	protein_coding	1332	866	785	6.0464	1.4994	1.6212
ENSG00000040275.17	SPDL1	protein_coding	1420	684	736	16.8645	4.1822	4.5219
ENSG00000040341.18	STAU2	protein_coding	6129	3031	3098	38.7746	9.6157	10.3968
ENSG00000040487.13	SLC66A1	protein_coding	950	496	454	20.0575	4.9741	5.3781
ENSG00000040531.16	CTNS	protein_coding	1168	1156	1113	13.3840	3.3191	3.5887
ENSG00000040608.14	RTN4R	protein_coding	111	68	43	2.0137	0.4994	0.5399
ENSG00000040633.13	PHF23	protein_coding	2260	1143	1118	46.8952	11.6295	12.5742
ENSG00000040731.10	CDH10	protein_coding	5	2	3	0.0775	0.0192	0.0208
ENSG00000040933.16	INPP4A	protein_coding	2320	1165	1155	9.9755	2.4738	2.6748
ENSG00000041353.10	RAB27B	protein_coding	4277	2359	2382	33.9039	8.4078	9.0908
ENSG00000041357.16	PSMA4	protein_coding	6656	3384	3272	53.9693	13.3839	14.4710
ENSG00000041515.16	MYO16	protein_coding	88	36	52	0.5661	0.1404	0.1518
ENSG00000041802.11	LSG1	protein_coding	3462	1895	1930	40.8935	10.1412	10.9649
ENSG00000041880.14	PARP3	protein_coding	1009	505	504	19.5425	4.8463	5.2400
ENSG00000041982.16	TNC	protein_coding	18296	9486	9410	107.6425	26.6942	28.8625
ENSG00000041988.15	THAP3	protein_coding	699	831	795	9.7348	2.4141	2.6102
ENSG00000042062.13	RIPOR3	protein_coding	398	196	203	3.7474	0.9293	1.0048
ENSG00000042088.14	TDP1	protein_coding	1310	692	618	11.9380	2.9605	3.2010
ENSG00000042286.15	AIFM2	protein_coding	1448	721	771	15.9914	3.9657	4.2878
ENSG00000042304.12	C2orf83	protein_coding	0	0	0	0.0000	0.0000	0.0000
ENSG00000042317.17	SPATA7	protein_coding	688	365	410	5.6776	1.4080	1.5224
ENSG00000042429.12	MED17	protein_coding	323	228	176	1.1028	0.2735	0.2957
ENSG00000042445.14	RETSAT	protein_coding	5997	3247	3155	83.9935	20.8295	22.5215
ENSG00000042493.16	CAPG	protein_coding	11200	5668	5541	262.5679	65.1142	70.4032
ENSG00000042753.12	AP2S1	protein_coding	3932	1992	1940	143.1217	35.4927	38.3757
ENSG00000042781.14	USH2A	protein_coding	38	20	18	0.1044	0.0259	0.0280
ENSG00000042813.8	ZPBP	protein_coding	1	1	0	0.0216	0.0054	0.0058
ENSG00000042832.12	TG	protein_coding	57	31	28	0.2904	0.0720	0.0779
ENSG00000042980.13	ADAM28	protein_coding	402	205	197	2.4466	0.6067	0.6560
ENSG00000043039.7	BARX2	protein_coding	59	29	30	0.8918	0.2211	0.2391
ENSG00000043093.15	DCUN1D1	protein_coding	3233	1624	1609	22.0709	5.4734	5.9180
ENSG00000043143.20	JADE2	protein_coding	9175	4638	4537	52.6794	13.0639	14.1251
ENSG00000043355.12	ZIC2	protein_coding	39	22	17	0.6722	0.1667	0.1803
ENSG00000043462.13	LCP2	protein_coding	2336	1268	1315	19.4159	4.8149	5.2060
ENSG00000043514.17	TRIT1	protein_coding	1048	518	530	9.0972	2.2560	2.4393
ENSG00000043591.6	ADRB1	protein_coding	4	1	3	0.0746	0.0185	0.0200
ENSG00000044012.4	GUCA2B	protein_coding	0	0	0	0.0000	0.0000	0.0000
ENSG00000044090.10	CUL7	protein_coding	2248	1294	1345	20.8956	5.1819	5.6028
ENSG00000044115.21	CTNNA1	protein_coding	54781	27343	27463	351.8266	87.2495	94.3365
ENSG00000044446.12	PHKA2	protein_coding	1597	1156	1155	10.5962	2.6278	2.8412
ENSG00000044459.15	CNTLN	protein_coding	938	448	491	4.8078	1.1923	1.2891
ENSG00000044524.11	EPHA3	protein_coding	839	436	403	7.2343	1.7940	1.9397
ENSG00000044574.8	HSPA5	protein_coding	41965	20704	21261	606.9457	150.5164	162.7424
ENSG00000046604.13	DSG2	protein_coding	7238	3836	3921	67.7785	16.8084	18.1737
ENSG00000046647.13	GEMIN8	protein_coding	1106	526	580	25.8751	6.4168	6.9380
ENSG00000046651.15	OFD1	protein_coding	2635	1278	1357	28.8699	7.1595	7.7410
ENSG00000046653.15	GPM6B	protein_coding	946	491	455	9.3025	2.3069	2.4943
ENSG00000046774.10	MAGEC2	protein_coding	95	57	38	2.7018	0.6700	0.7245
ENSG00000046889.19	PREX2	protein_coding	493	243	250	2.3045	0.5715	0.6179
ENSG00000047056.16	WDR37	protein_coding	1242	646	597	11.1782	2.7721	2.9972
ENSG00000047188.16	YTHDC2	protein_coding	8033	4020	4013	42.1611	10.4555	11.3048
ENSG00000047230.15	CTPS2	protein_coding	2350	1148	1202	24.0948	5.9753	6.4606
ENSG00000047249.18	ATP6V1H	protein_coding	7143	3579	3564	79.3651	19.6817	21.2804
ENSG00000047315.17	POLR2B	protein_coding	7544	5954	5914	72.6227	18.0097	19.4726
ENSG00000047346.12	FAM214A	protein_coding	4941	2882	2808	28.4992	7.0675	7.6416
ENSG00000047365.12	ARAP2	protein_coding	1263	664	602	5.7636	1.4293	1.5454
ENSG00000047410.14	TPR	protein_coding	13043	6869	6873	59.8922	14.8527	16.0591
ENSG00000047457.14	CP	protein_coding	27856	20894	20741	223.3757	55.3949	59.8945
ENSG00000047578.13	KATNIP	protein_coding	2297	1186	1203	13.3139	3.3017	3.5699
ENSG00000047579.20	DTNBP1	protein_coding	1332	678	654	24.7990	6.1499	6.6494
ENSG00000047597.7	XK	protein_coding	304	162	142	3.3320	0.8263	0.8934
ENSG00000047617.15	ANO2	protein_coding	138	76	62	1.2512	0.3103	0.3355
ENSG00000047621.12	C12orf4	protein_coding	1274	620	654	14.6489	3.6328	3.9279
ENSG00000047634.15	SCML1	protein_coding	433	245	188	4.4671	1.1078	1.1978
ENSG00000047644.19	WWC3	protein_coding	5711	2906	2805	43.6601	10.8273	11.7067
ENSG00000047648.23	ARHGAP6	protein_coding	298	177	122	1.9003	0.4713	0.5095
ENSG00000047662.5	FAM184B	protein_coding	99	451	475	0.8341	0.2068	0.2236
ENSG00000047849.21	MAP4	protein_coding	31457	15514	15946	119.3820	29.6055	32.0103
ENSG00000047932.14	GOPC	protein_coding	3886	1923	1963	47.6178	11.8087	12.7679
ENSG00000047936.11	ROS1	protein_coding	11	7	4	0.0702	0.0174	0.0188
ENSG00000048028.11	USP28	protein_coding	1375	707	669	13.6346	3.3812	3.6559
ENSG00000048052.22	HDAC9	protein_coding	549	272	277	1.8346	0.4550	0.4919
ENSG00000048140.18	TSPAN17	protein_coding	3493	1766	1727	37.9843	9.4197	10.1848
ENSG00000048162.21	NOP16	protein_coding	820	1495	1570	16.5253	4.0981	4.4310
ENSG00000048342.17	CC2D2A	protein_coding	662	328	334	2.8002	0.6944	0.7508
ENSG00000048392.12	RRM2B	protein_coding	8808	4402	4407	92.6547	22.9774	24.8438
ENSG00000048405.10	ZNF800	protein_coding	1294	643	651	12.6675	3.1414	3.3966
ENSG00000048462.11	TNFRSF17	protein_coding	18	7	11	1.0057	0.2494	0.2697
ENSG00000048471.14	SNX29	protein_coding	3353	1670	1684	16.8288	4.1734	4.5124
ENSG00000048540.15	LMO3	protein_coding	466	219	248	2.6422	0.6552	0.7085
ENSG00000048544.6	MRPS10	protein_coding	2661	1324	1338	71.8596	17.8205	19.2680
ENSG00000048545.16	GUCA1A	protein_coding	3	1	2	0.0526	0.0131	0.0141
ENSG00000048649.13	RSF1	protein_coding	6484	3241	3243	23.3613	5.7934	6.2640
ENSG00000048707.15	VPS13D	protein_coding	6368	3179	3189	17.3887	4.3122	4.6625
ENSG00000048740.18	CELF2	protein_coding	2183	1098	1085	11.2769	2.7966	3.0237
ENSG00000048828.17	FAM120A	protein_coding	20828	10566	11157	163.0079	40.4243	43.7079
ENSG00000048991.16	R3HDM1	protein_coding	2418	1181	1237	17.3620	4.3056	4.6553
ENSG00000049089.15	COL9A2	protein_coding	6384	3226	3158	85.8924	21.3004	23.0306
ENSG00000049130.16	KITLG	protein_coding	20146	10052	10103	184.1223	45.6605	49.3693
ENSG00000049167.15	ERCC8	protein_coding	1104	603	596	4.6325	1.1488	1.2421
ENSG00000049192.15	ADAMTS6	protein_coding	453	220	233	2.9994	0.7438	0.8042
ENSG00000049239.13	H6PD	protein_coding	8454	4252	4202	51.4295	12.7540	13.7900
ENSG00000049245.13	VAMP3	protein_coding	7849	3942	3907	162.8674	40.3895	43.6702
ENSG00000049246.14	PER3	protein_coding	2347	1536	1638	16.4339	4.0754	4.4065
ENSG00000049247.14	UTS2	protein_coding	2	316	280	0.0633	0.0157	0.0170
ENSG00000049249.9	TNFRSF9	protein_coding	163	77	86	1.4548	0.3608	0.3901
ENSG00000049283.18	EPN3	protein_coding	2036	1170	1143	25.6410	6.3587	6.8752
ENSG00000049323.16	LTBP1	protein_coding	8080	4461	4184	62.3594	15.4645	16.7206
ENSG00000049449.10	RCN1	protein_coding	2928	1971	1918	37.1303	9.2079	9.9559
ENSG00000049540.18	ELN	protein_coding	14148	7771	7790	124.2963	30.8242	33.3280
ENSG00000049541.11	RFC2	protein_coding	1653	848	807	42.3978	10.5142	11.3683
ENSG00000049618.24	ARID1B	protein_coding	6599	3287	3354	8.1476	2.0205	2.1847
ENSG00000049656.14	CLPTM1L	protein_coding	9558	4698	4860	82.7659	20.5251	22.1923
ENSG00000049759.19	NEDD4L	protein_coding	4785	2686	2605	7.9710	1.9767	2.1373
ENSG00000049768.16	FOXP3	protein_coding	276	188	165	5.0719	1.2578	1.3600
ENSG00000049769.14	PPP1R3F	protein_coding	142	97	93	1.8394	0.4561	0.4932
ENSG00000049860.14	HEXB	protein_coding	16130	8945	8892	182.3992	45.2332	48.9073
ENSG00000049883.15	PTCD2	protein_coding	1910	1012	948	8.9407	2.2172	2.3973
ENSG00000050030.16	NEXMIF	protein_coding	211	105	106	0.9698	0.2405	0.2600
ENSG00000050130.18	JKAMP	protein_coding	3240	1753	1675	42.2392	10.4749	11.3257
ENSG00000050165.18	DKK3	protein_coding	14929	8637	8783	70.7997	17.5576	18.9838
ENSG00000050327.15	ARHGEF5	protein_coding	661	359	327	6.4430	1.5978	1.7276
ENSG00000050344.9	NFE2L3	protein_coding	1115	1005	1031	14.6948	3.6442	3.9402
ENSG00000050393.11	MCUR1	protein_coding	2565	1287	1278	24.0154	5.9556	6.4393
ENSG00000050405.13	LIMA1	protein_coding	17232	8553	8680	154.6978	38.3635	41.4797
ENSG00000050426.16	LETMD1	protein_coding	3826	1972	1854	35.9702	8.9203	9.6448
ENSG00000050438.17	SLC4A8	protein_coding	3799	1966	1901	12.0224	2.9814	3.2236
ENSG00000050555.19	LAMC3	protein_coding	473	253	220	3.0008	0.7442	0.8046
ENSG00000050628.20	PTGER3	protein_coding	3396	1775	1622	19.9510	4.9476	5.3495
ENSG00000050730.16	TNIP3	protein_coding	24	18	6	0.3630	0.0900	0.0973
ENSG00000050748.18	MAPK9	protein_coding	4836	2399	2438	30.6253	7.5948	8.2117
ENSG00000050767.17	COL23A1	protein_coding	54	26	28	0.8497	0.2107	0.2278
ENSG00000050820.17	BCAR1	protein_coding	3308	1589	1719	20.3932	5.0573	5.4681
ENSG00000051009.11	FAM160A2	protein_coding	1968	954	1020	23.6152	5.8563	6.3320
ENSG00000051108.15	HERPUD1	protein_coding	7164	3630	3534	80.2588	19.9034	21.5201
ENSG00000051128.19	HOMER3	protein_coding	606	304	317	10.0427	2.4905	2.6928
ENSG00000051180.17	RAD51	protein_coding	501	277	234	9.2126	2.2846	2.4702
ENSG00000051341.14	POLQ	protein_coding	398	215	183	2.4057	0.5966	0.6451
ENSG00000051382.9	PIK3CB	protein_coding	4983	2483	2500	36.0395	8.9374	9.6634
ENSG00000051523.11	CYBA	protein_coding	1888	876	1012	32.9138	8.1623	8.8253
ENSG00000051596.10	THOC3	protein_coding	550	311	239	9.0433	2.2427	2.4248
ENSG00000051620.11	HEBP2	protein_coding	5938	2989	2983	32.5293	8.0670	8.7222
ENSG00000051825.15	MPHOSPH9	protein_coding	1048	517	531	5.7679	1.4304	1.5466
ENSG00000052126.14	PLEKHA5	protein_coding	4461	2275	2186	20.1452	4.9958	5.4016
ENSG00000052344.16	PRSS8	protein_coding	2879	1966	2049	54.8800	13.6097	14.7152
ENSG00000052723.12	SIKE1	protein_coding	2314	1198	1116	22.2645	5.5214	5.9699
ENSG00000052749.14	RRP12	protein_coding	3293	1709	1750	21.8954	5.4298	5.8709
ENSG00000052795.13	FNIP2	protein_coding	5136	2657	2479	26.5242	6.5777	7.1120
ENSG00000052802.13	MSMO1	protein_coding	3542	1840	1702	70.4301	17.4660	18.8847
ENSG00000052841.15	TTC17	protein_coding	8533	4397	4319	42.8387	10.6236	11.4865
ENSG00000052850.8	ALX4	protein_coding	42	21	21	0.4159	0.1031	0.1115
ENSG00000053108.17	FSTL4	protein_coding	9837	5068	5105	83.1256	20.6143	22.2888
ENSG00000053254.16	FOXN3	protein_coding	4588	2965	2948	23.3266	5.7848	6.2547
ENSG00000053328.8	METTL24	protein_coding	54	27	27	1.7262	0.4281	0.4629
ENSG00000053371.12	AKR7A2	protein_coding	2708	1336	1372	86.2272	21.3835	23.1204
ENSG00000053372.5	MRTO4	protein_coding	2477	1204	1273	54.9572	13.6288	14.7359
ENSG00000053438.11	NNAT	protein_coding	16	7	11	0.6827	0.1693	0.1831
ENSG00000053501.13	USE1	protein_coding	1203	593	610	28.0634	6.9594	7.5247
ENSG00000053524.12	MCF2L2	protein_coding	11	136	154	0.0303	0.0075	0.0081
ENSG00000053702.15	NRIP2	protein_coding	112	52	72	2.2571	0.5597	0.6052
ENSG00000053747.17	LAMA3	protein_coding	5344	2676	2668	20.9179	5.1874	5.6088
ENSG00000053770.12	AP5M1	protein_coding	3037	1494	1544	13.2290	3.2807	3.5471
ENSG00000053900.11	ANAPC4	protein_coding	1546	782	764	11.7778	2.9208	3.1580
ENSG00000053918.18	KCNQ1	protein_coding	403	253	256	5.1706	1.2823	1.3864
ENSG00000054116.12	TRAPPC3	protein_coding	3822	1846	1976	61.4532	15.2398	16.4777
ENSG00000054118.15	THRAP3	protein_coding	14069	6864	7207	169.0366	41.9194	45.3243
ENSG00000054148.18	PHPT1	protein_coding	3102	1496	1610	109.1280	27.0626	29.2609
ENSG00000054179.12	ENTPD2	protein_coding	99	51	48	2.1266	0.5274	0.5702
ENSG00000054219.11	LY75	protein_coding	494	224	270	3.1817	0.7890	0.8531
ENSG00000054267.22	ARID4B	protein_coding	6068	3017	3051	31.0770	7.7068	8.3328
ENSG00000054277.14	OPN3	protein_coding	238	985	968	3.6243	0.8988	0.9718
ENSG00000054282.16	SDCCAG8	protein_coding	1584	916	903	16.8819	4.1865	4.5266
ENSG00000054356.14	PTPRN	protein_coding	373	207	217	2.5708	0.6375	0.6893
ENSG00000054392.13	HHAT	protein_coding	1393	741	752	11.8882	2.9482	3.1876
ENSG00000054523.18	KIF1B	protein_coding	6087	3048	3040	19.2255	4.7677	5.1550
ENSG00000054598.9	FOXC1	protein_coding	333	157	176	4.7413	1.1758	1.2713
ENSG00000054611.14	TBC1D22A	protein_coding	2425	1212	1214	25.8743	6.4166	6.9378
ENSG00000054654.19	SYNE2	protein_coding	10863	5497	5367	19.0271	4.7185	5.1018
ENSG00000054690.14	PLEKHH1	protein_coding	698	570	556	3.6557	0.9066	0.9802
ENSG00000054793.14	ATP9A	protein_coding	8822	4437	4385	61.9714	15.3683	16.6166
ENSG00000054796.13	SPO11	protein_coding	0	0	0	0.0000	0.0000	0.0000
ENSG00000054803.4	CBLN4	protein_coding	61	28	33	1.0968	0.2720	0.2941
ENSG00000054938.16	CHRDL2	protein_coding	21	10	11	0.3750	0.0930	0.1005
ENSG00000054965.11	FAM168A	protein_coding	11546	6224	6273	83.0193	20.5880	22.2602
ENSG00000054967.13	RELT	protein_coding	563	525	545	5.1605	1.2797	1.3837
ENSG00000054983.17	GALC	protein_coding	2846	1399	1447	23.9603	5.9419	6.4246
ENSG00000055044.11	NOP58	protein_coding	3036	2067	2040	52.5875	13.0412	14.1005
ENSG00000055070.17	SZRD1	protein_coding	5489	4591	4723	65.6434	16.2789	17.6012
ENSG00000055118.16	KCNH2	protein_coding	56	24	32	0.5471	0.1357	0.1467
ENSG00000055130.17	CUL1	protein_coding	5248	2726	2699	71.6797	17.7758	19.2197
ENSG00000055147.19	FAM114A2	protein_coding	3823	1885	1944	33.2366	8.2423	8.9118
ENSG00000055163.20	CYFIP2	protein_coding	2708	1447	1479	14.6286	3.6277	3.9224
ENSG00000055208.19	TAB2	protein_coding	10247	5123	5124	98.1268	24.3345	26.3111
ENSG00000055211.14	GINM1	protein_coding	4716	2977	2932	118.8641	29.4771	31.8714
ENSG00000055332.18	EIF2AK2	protein_coding	13674	6963	6970	72.1150	17.8838	19.3364
ENSG00000055483.19	USP36	protein_coding	5718	2920	2798	35.1129	8.7076	9.4149
ENSG00000055609.19	KMT2C	protein_coding	11361	5677	5703	32.0347	7.9443	8.5896
ENSG00000055732.13	MCOLN3	protein_coding	2871	1488	1383	24.5795	6.0955	6.5906
ENSG00000055813.6	CCDC85A	protein_coding	39	22	24	0.5376	0.1333	0.1441
ENSG00000055917.16	PUM2	protein_coding	13184	6628	6556	107.2843	26.6054	28.7665
ENSG00000055950.16	MRPL43	protein_coding	3113	1911	1839	49.4089	12.2529	13.2482
ENSG00000055955.17	ITIH4	protein_coding	7	1	6	0.0852	0.0211	0.0228
ENSG00000055957.11	ITIH1	protein_coding	1	0	1	0.0125	0.0031	0.0033
ENSG00000056050.7	HPF1	protein_coding	1404	721	683	55.9921	13.8855	15.0134
ENSG00000056097.16	ZFR	protein_coding	10700	5361	5339	89.6170	22.2241	24.0293
ENSG00000056277.16	ZNF280C	protein_coding	361	187	174	4.4140	1.0946	1.1836
ENSG00000056291.17	NPFFR2	protein_coding	2	1	1	0.0481	0.0119	0.0129
ENSG00000056487.16	PHF21B	protein_coding	68	36	32	0.6420	0.1592	0.1721
ENSG00000056558.11	TRAF1	protein_coding	494	260	235	6.2589	1.5521	1.6782
ENSG00000056586.16	RC3H2	protein_coding	5364	2699	2665	26.3074	6.5240	7.0539
ENSG00000056736.10	IL17RB	protein_coding	971	579	578	18.0898	4.4861	4.8505
ENSG00000056972.20	TRAF3IP2	protein_coding	1254	607	659	9.0350	2.2406	2.4226
ENSG00000056998.20	GYG2	protein_coding	772	381	391	12.0906	2.9983	3.2419
ENSG00000057019.16	DCBLD2	protein_coding	2753	1465	1354	13.8407	3.4323	3.7111
ENSG00000057149.16	SERPINB3	protein_coding	0	0	0	0.0000	0.0000	0.0000
ENSG00000057252.13	SOAT1	protein_coding	5273	2724	2549	42.6883	10.5863	11.4462
ENSG00000057294.15	PKP2	protein_coding	3113	1573	1540	25.3283	6.2812	6.7914
ENSG00000057468.7	MSH4	protein_coding	12	5	7	0.2081	0.0516	0.0558
ENSG00000057593.14	F7	protein_coding	88	47	41	1.3136	0.3258	0.3522
ENSG00000057608.17	GDI2	protein_coding	24384	12344	12085	352.9393	87.5254	94.6348
ENSG00000057657.17	PRDM1	protein_coding	2513	1240	1273	21.1129	5.2358	5.6611
ENSG00000057663.16	ATG5	protein_coding	2916	1487	1429	29.2425	7.2518	7.8409
ENSG00000057704.13	TMCC3	protein_coding	658	345	313	5.7302	1.4210	1.5365
ENSG00000057757.10	PITHD1	protein_coding	2594	1333	1261	67.6970	16.7882	18.1518
ENSG00000057935.14	MTA3	protein_coding	2916	1491	1425	15.6301	3.8761	4.1909
ENSG00000058056.9	USP13	protein_coding	1427	705	722	9.9234	2.4609	2.6608
ENSG00000058063.16	ATP11B	protein_coding	4152	2240	2154	25.6297	6.3559	6.8722
ENSG00000058085.15	LAMC2	protein_coding	1102	569	534	9.2311	2.2892	2.4752
ENSG00000058091.17	CDK14	protein_coding	3161	1607	1554	25.5466	6.3353	6.8499
ENSG00000058262.10	SEC61A1	protein_coding	23345	13145	12813	285.3221	70.7570	76.5044
ENSG00000058272.19	PPP1R12A	protein_coding	6102	2998	3196	29.1676	7.2333	7.8208
ENSG00000058335.16	RASGRF1	protein_coding	57	40	23	0.3240	0.0803	0.0869
ENSG00000058404.20	CAMK2B	protein_coding	101	58	44	0.7020	0.1741	0.1882
ENSG00000058453.17	CROCC	protein_coding	1099	541	564	7.0225	1.7415	1.8830
ENSG00000058600.16	POLR3E	protein_coding	2285	1383	1425	13.6604	3.3876	3.6628
ENSG00000058668.15	ATP2B4	protein_coding	11274	5639	5635	67.3353	16.6985	18.0548
ENSG00000058673.17	ZC3H11A	protein_coding	8	3	5	0.0354	0.0088	0.0095
ENSG00000058729.11	RIOK2	protein_coding	2605	1412	1357	26.9137	6.6743	7.2165
ENSG00000058799.15	YIPF1	protein_coding	3509	1793	1716	97.7384	24.2381	26.2069
ENSG00000058804.12	NDC1	protein_coding	3649	1868	1781	43.8421	10.8724	11.7555
ENSG00000058866.15	DGKG	protein_coding	40	23	17	0.2067	0.0513	0.0554
ENSG00000059122.17	FLYWCH1	protein_coding	1735	842	899	11.6786	2.8962	3.1314
ENSG00000059145.19	UNKL	protein_coding	859	783	744	6.5004	1.6120	1.7430
ENSG00000059377.18	TBXAS1	protein_coding	1217	589	628	11.0056	2.7293	2.9510
ENSG00000059378.13	PARP12	protein_coding	3731	1907	1824	38.4002	9.5229	10.2964
ENSG00000059573.9	ALDH18A1	protein_coding	9269	4569	4701	139.8363	34.6780	37.4948
ENSG00000059588.10	TARBP1	protein_coding	2936	1459	1477	21.2943	5.2808	5.7097
ENSG00000059691.12	GATB	protein_coding	994	507	497	4.8011	1.1906	1.2873
ENSG00000059728.11	MXD1	protein_coding	3834	1925	1909	34.2349	8.4899	9.1795
ENSG00000059758.8	CDK17	protein_coding	5121	2555	2566	44.9067	11.1364	12.0410
ENSG00000059769.20	DNAJC25	protein_coding	956	480	476	20.8198	5.1631	5.5825
ENSG00000059804.16	SLC2A3	protein_coding	3900	1909	1992	36.4304	9.0344	9.7682
ENSG00000059915.17	PSD	protein_coding	182	162	176	1.7262	0.4281	0.4629
ENSG00000060069.17	CTDP1	protein_coding	1154	603	551	12.3478	3.0621	3.3109
ENSG00000060138.13	YBX3	protein_coding	8656	4360	4296	56.9402	14.1206	15.2676
ENSG00000060140.9	STYK1	protein_coding	28	14	14	0.4616	0.1145	0.1238
ENSG00000060237.18	WNK1	protein_coding	15224	7556	7672	49.9625	12.3902	13.3966
ENSG00000060303.5	RPS17P5	processed_pseudogene	0	0	0	0.0000	0.0000	0.0000
ENSG00000060339.14	CCAR1	protein_coding	6194	3050	3144	57.9735	14.3768	15.5446
ENSG00000060491.16	OGFR	protein_coding	3263	1668	1595	39.3545	9.7595	10.5522
ENSG00000060558.4	GNA15	protein_coding	696	407	410	14.3371	3.5555	3.8443
ENSG00000060566.14	CREB3L3	protein_coding	2	1	1	0.0428	0.0106	0.0115
ENSG00000060642.11	PIGV	protein_coding	2024	1054	970	19.5472	4.8475	5.2412
ENSG00000060656.20	PTPRU	protein_coding	8826	4418	4409	74.9060	18.5759	20.0848
ENSG00000060688.13	SNRNP40	protein_coding	3614	1889	1725	52.7270	13.0758	14.1379
ENSG00000060709.15	RIMBP2	protein_coding	155	76	82	0.9104	0.2258	0.2441
ENSG00000060718.22	COL11A1	protein_coding	98378	49574	48804	613.6854	152.1878	164.5495
ENSG00000060749.16	QSER1	protein_coding	4422	2241	2181	22.9897	5.7012	6.1643
ENSG00000060762.19	MPC1	protein_coding	1287	653	634	47.2094	11.7075	12.6584
ENSG00000060971.19	ACAA1	protein_coding	2204	1693	1605	17.5892	4.3619	4.7162
ENSG00000060982.15	BCAT1	protein_coding	4769	2514	2331	23.6925	5.8755	6.3527
ENSG00000061273.18	HDAC7	protein_coding	4420	2529	2528	25.2476	6.2611	6.7697
ENSG00000061337.15	LZTS1	protein_coding	1373	695	678	13.6458	3.3840	3.6589
ENSG00000061455.11	PRDM6	protein_coding	451	232	230	2.7710	0.6872	0.7430
ENSG00000061492.12	WNT8A	protein_coding	0	1	0	0.0000	0.0000	0.0000
ENSG00000061656.10	SPAG4	protein_coding	434	229	208	10.4822	2.5995	2.8106
ENSG00000061676.15	NCKAP1	protein_coding	15803	7718	8085	39.7952	9.8688	10.6704
ENSG00000061794.13	MRPS35	protein_coding	7528	3832	3701	221.1983	54.8549	59.3106
ENSG00000061918.14	GUCY1B1	protein_coding	1658	803	855	23.8400	5.9121	6.3923
ENSG00000061936.10	SFSWAP	protein_coding	2583	1241	1342	14.4203	3.5761	3.8666
ENSG00000061938.20	TNK2	protein_coding	4465	2246	2287	20.6786	5.1281	5.5446
ENSG00000061987.16	MON2	protein_coding	3919	2010	1909	13.8783	3.4417	3.7212
ENSG00000062038.14	CDH3	protein_coding	1707	863	916	15.9322	3.9510	4.2719
ENSG00000062096.15	ARSF	protein_coding	2	1	1	0.0514	0.0128	0.0138
ENSG00000062194.16	GPBP1	protein_coding	14334	7235	7099	125.5996	31.1474	33.6774
ENSG00000062282.15	DGAT2	protein_coding	644	432	458	4.6206	1.1459	1.2389
ENSG00000062370.17	ZNF112	protein_coding	334	160	174	4.9223	1.2207	1.3198
ENSG00000062485.19	CS	protein_coding	9420	4718	4702	83.4570	20.6965	22.3776
ENSG00000062524.16	LTK	protein_coding	5	4	1	0.0812	0.0201	0.0218
ENSG00000062582.14	MRPS24	protein_coding	21	8	13	0.4568	0.1133	0.1225
ENSG00000062598.18	ELMO2	protein_coding	6791	4017	3990	58.3777	14.4771	15.6530
ENSG00000062650.19	WAPL	protein_coding	7491	3683	3808	58.9611	14.6217	15.8094
ENSG00000062716.13	VMP1	protein_coding	25924	13219	12724	214.4951	53.1926	57.5133
ENSG00000062725.10	APPBP2	protein_coding	6632	3364	3268	38.0284	9.4307	10.1967
ENSG00000062822.15	POLD1	protein_coding	902	414	488	10.3673	2.5710	2.7798
ENSG00000063015.20	SEZ6	protein_coding	6	3	3	0.0686	0.0170	0.0184
ENSG00000063046.18	EIF4B	protein_coding	25792	16581	16491	242.6449	60.1735	65.0612
ENSG00000063127.16	SLC6A16	protein_coding	30	17	14	0.4740	0.1176	0.1271
ENSG00000063169.11	BICRA	protein_coding	682	364	322	5.0307	1.2476	1.3489
ENSG00000063176.16	SPHK2	protein_coding	667	513	507	6.2948	1.5611	1.6879
ENSG00000063177.13	RPL18	protein_coding	25038	12581	12463	368.1370	91.2943	98.7098
ENSG00000063180.9	CA11	protein_coding	291	168	174	8.4803	2.1030	2.2738
ENSG00000063241.8	ISOC2	protein_coding	1727	877	851	22.2183	5.5099	5.9575
ENSG00000063244.13	U2AF2	protein_coding	8548	4450	4477	117.7738	29.2067	31.5791
ENSG00000063245.15	EPN1	protein_coding	4855	2405	2459	15.6294	3.8759	4.1908
ENSG00000063322.15	MED29	protein_coding	7714	3712	4003	113.9517	28.2589	30.5543
ENSG00000063438.19	AHRR	protein_coding	2	2	0	0.0120	0.0030	0.0032
ENSG00000063515.3	GSC2	protein_coding	0	0	0	0.0000	0.0000	0.0000
ENSG00000063587.15	ZNF275	protein_coding	1941	946	995	13.5110	3.3506	3.6227
ENSG00000063601.17	MTMR1	protein_coding	2463	1260	1203	22.0728	5.4738	5.9185
ENSG00000063660.9	GPC1	protein_coding	6596	3310	3286	57.3534	14.2231	15.3784
ENSG00000063761.16	ADCK1	protein_coding	378	195	185	4.0499	1.0043	1.0859
ENSG00000063854.13	HAGH	protein_coding	2764	1311	1463	26.8447	6.6572	7.1980
ENSG00000063978.16	RNF4	protein_coding	5223	2616	2607	41.4783	10.2862	11.1217
ENSG00000064012.22	CASP8	protein_coding	1739	848	891	13.6157	3.3766	3.6508
ENSG00000064042.18	LIMCH1	protein_coding	3025	1533	1494	15.7934	3.9166	4.2347
ENSG00000064102.15	INTS13	protein_coding	2922	1470	1453	54.1702	13.4337	14.5248
ENSG00000064115.11	TM7SF3	protein_coding	5017	2969	2908	51.6922	12.8191	13.8604
ENSG00000064195.7	DLX3	protein_coding	565	299	266	11.8015	2.9267	3.1644
ENSG00000064199.7	SPA17	protein_coding	331	381	404	3.6385	0.9023	0.9756
ENSG00000064201.16	TSPAN32	protein_coding	16	6	14	0.2390	0.0593	0.0641
ENSG00000064205.10	CCN5	protein_coding	2951	1489	1462	33.5979	8.3319	9.0087
ENSG00000064218.5	DMRT3	protein_coding	25	11	14	0.5257	0.1304	0.1410
ENSG00000064225.12	ST3GAL6	protein_coding	463	271	267	4.1757	1.0355	1.1196
ENSG00000064270.13	ATP2C2	protein_coding	1572	1107	1075	12.1257	3.0070	3.2513
ENSG00000064300.9	NGFR	protein_coding	125	60	68	1.7118	0.4245	0.4590
ENSG00000064309.14	CDON	protein_coding	582	376	383	3.1137	0.7722	0.8349
ENSG00000064313.12	TAF2	protein_coding	3940	2010	1930	34.2380	8.4907	9.1804
ENSG00000064393.16	HIPK2	protein_coding	8357	4208	4149	30.3370	7.5233	8.1344
ENSG00000064419.13	TNPO3	protein_coding	3431	1777	1654	41.6108	10.3190	11.1572
ENSG00000064489.23	BORCS8-MEF2B	protein_coding	0	0	0	0.0000	0.0000	0.0000
ENSG00000064490.14	RFXANK	protein_coding	1544	1214	1320	34.9821	8.6752	9.3799
ENSG00000064545.15	TMEM161A	protein_coding	1396	739	658	24.1290	5.9837	6.4698
ENSG00000064547.14	LPAR2	protein_coding	879	461	418	16.7557	4.1552	4.4927
ENSG00000064601.20	CTSA	protein_coding	8466	7427	7463	56.4300	13.9941	15.1308
ENSG00000064607.17	SUGP2	protein_coding	6976	3530	3565	46.7181	11.5856	12.5267
ENSG00000064651.14	SLC12A2	protein_coding	23079	11558	11522	122.8583	30.4676	32.9424
ENSG00000064652.11	SNX24	protein_coding	1574	1202	1190	25.6942	6.3719	6.8895
ENSG00000064655.19	EYA2	protein_coding	688	346	343	10.7840	2.6743	2.8915
ENSG00000064666.15	CNN2	protein_coding	11977	7342	7235	186.5976	46.2743	50.0330
ENSG00000064687.13	ABCA7	protein_coding	1226	627	599	7.2491	1.7977	1.9437
ENSG00000064692.20	SNCAIP	protein_coding	201	121	109	1.5688	0.3890	0.4206
ENSG00000064703.12	DDX20	protein_coding	1592	793	806	16.1651	4.0088	4.3344
ENSG00000064726.10	BTBD1	protein_coding	4891	2675	2690	68.2165	16.9170	18.2911
ENSG00000064763.11	FAR2	protein_coding	757	922	897	7.9337	1.9675	2.1273
ENSG00000064787.13	BCAS1	protein_coding	151	88	64	1.0461	0.2594	0.2805
ENSG00000064835.11	POU1F1	protein_coding	5	2	3	0.1811	0.0449	0.0485
ENSG00000064886.14	CHI3L2	protein_coding	610	302	308	10.4987	2.6036	2.8150
ENSG00000064932.16	SBNO2	protein_coding	5935	2990	2946	50.9189	12.6274	13.6530
ENSG00000064933.18	PMS1	protein_coding	983	554	533	10.2211	2.5347	2.7406
ENSG00000064961.19	HMG20B	protein_coding	3402	1829	1767	50.0200	12.4045	13.4120
ENSG00000064989.13	CALCRL	protein_coding	1645	802	843	12.7634	3.1652	3.4223
ENSG00000064995.18	TAF11	protein_coding	1231	887	801	35.0980	8.7040	9.4110
ENSG00000064999.15	ANKS1A	protein_coding	2871	1426	1446	19.1591	4.7513	5.1372
ENSG00000065000.19	AP3D1	protein_coding	10695	5287	5408	70.4183	17.4630	18.8815
ENSG00000065029.15	ZNF76	protein_coding	1716	865	851	14.3489	3.5584	3.8474
ENSG00000065054.14	SLC9A3R2	protein_coding	2348	1132	1216	37.8712	9.3917	10.1545
ENSG00000065057.9	NTHL1	protein_coding	593	302	291	13.8391	3.4320	3.7107
ENSG00000065060.17	UHRF1BP1	protein_coding	2631	1490	1598	15.0589	3.7345	4.0378
ENSG00000065135.12	GNAI3	protein_coding	9841	4882	4959	61.7075	15.3028	16.5458
ENSG00000065150.21	IPO5	protein_coding	8711	4347	4364	51.1176	12.6767	13.7063
ENSG00000065154.12	OAT	protein_coding	4434	2215	2219	74.2184	18.4054	19.9004
ENSG00000065183.16	WDR3	protein_coding	2913	1547	1583	16.0759	3.9867	4.3105
ENSG00000065243.20	PKN2	protein_coding	3950	2010	1940	32.4785	8.0543	8.7086
ENSG00000065268.11	WDR18	protein_coding	1118	577	542	27.7712	6.8870	7.4464
ENSG00000065308.5	TRAM2	protein_coding	6153	3232	3193	49.5156	12.2794	13.2768
ENSG00000065320.9	NTN1	protein_coding	2505	1235	1271	22.1447	5.4917	5.9377
ENSG00000065325.13	GLP2R	protein_coding	1	0	1	0.0100	0.0025	0.0027
ENSG00000065328.17	MCM10	protein_coding	622	320	302	6.4651	1.6033	1.7335
ENSG00000065357.20	DGKA	protein_coding	1037	533	547	5.8238	1.4442	1.5615
ENSG00000065361.16	ERBB3	protein_coding	29105	14654	14454	186.7765	46.3187	50.0810
ENSG00000065371.17	ROPN1	protein_coding	1	1	0	0.0126	0.0031	0.0034
ENSG00000065413.20	ANKRD44	protein_coding	868	425	444	3.8378	0.9517	1.0291
ENSG00000065427.15	KARS1	protein_coding	6278	3215	3403	87.8858	21.7948	23.5651
ENSG00000065457.10	ADAT1	protein_coding	1704	847	857	21.5412	5.3420	5.7759
ENSG00000065485.20	PDIA5	protein_coding	1664	803	861	23.2027	5.7540	6.2214
ENSG00000065491.8	TBC1D22B	protein_coding	972	522	519	15.9220	3.9485	4.2692
ENSG00000065518.8	NDUFB4	protein_coding	6469	3216	3253	195.4485	48.4693	52.4063
ENSG00000065526.12	SPEN	protein_coding	8252	4099	4194	32.6430	8.0951	8.7527
ENSG00000065534.19	MYLK	protein_coding	15101	8616	8586	38.6330	9.5806	10.3588
ENSG00000065548.18	ZC3H15	protein_coding	5213	2637	2576	97.6963	24.2277	26.1956
ENSG00000065559.15	MAP2K4	protein_coding	4129	2087	2042	41.0151	10.1713	10.9975
ENSG00000065600.13	PACC1	protein_coding	696	333	363	13.5311	3.3556	3.6281
ENSG00000065609.14	SNAP91	protein_coding	10	5	5	0.0853	0.0211	0.0229
ENSG00000065613.15	SLK	protein_coding	9882	5019	4863	69.1264	17.1427	18.5351
ENSG00000065615.14	CYB5R4	protein_coding	1776	871	905	10.4684	2.5961	2.8069
ENSG00000065618.21	COL17A1	protein_coding	901	425	476	7.3109	1.8130	1.9603
ENSG00000065621.15	GSTO2	protein_coding	2278	1130	1148	13.0148	3.2275	3.4897
ENSG00000065665.21	SEC61A2	protein_coding	838	744	756	12.1356	3.0095	3.2540
ENSG00000065675.15	PRKCQ	protein_coding	76	40	36	1.3080	0.3244	0.3507
ENSG00000065717.15	TLE2	protein_coding	1720	818	902	23.5039	5.8287	6.3022
ENSG00000065802.12	ASB1	protein_coding	1058	557	521	8.1003	2.0088	2.1720
ENSG00000065809.13	FAM107B	protein_coding	9218	4539	4679	74.4768	18.4695	19.9697
ENSG00000065833.9	ME1	protein_coding	2147	1088	1059	36.4758	9.0456	9.7804
ENSG00000065882.16	TBC1D1	protein_coding	5458	2767	2691	34.2582	8.4957	9.1858
ENSG00000065883.16	CDK13	protein_coding	5968	2986	2982	13.7479	3.4093	3.6863
ENSG00000065911.13	MTHFD2	protein_coding	3986	2941	2950	19.7541	4.8988	5.2967
ENSG00000065923.10	SLC9A7	protein_coding	3821	1932	1891	21.7123	5.3844	5.8218
ENSG00000065970.9	FOXJ2	protein_coding	3686	1863	1823	33.1956	8.2322	8.9009
ENSG00000065978.19	YBX1	protein_coding	13300	6716	6584	222.1628	55.0941	59.5693
ENSG00000065989.16	PDE4A	protein_coding	1220	610	610	10.2316	2.5373	2.7434
ENSG00000066027.12	PPP2R5A	protein_coding	3929	1958	1971	56.5230	14.0171	15.1557
ENSG00000066032.18	CTNNA2	protein_coding	15	8	7	0.1129	0.0280	0.0303
ENSG00000066044.15	ELAVL1	protein_coding	5492	2769	2835	44.7359	11.0940	11.9952
ENSG00000066056.14	TIE1	protein_coding	1057	516	541	8.9400	2.2170	2.3971
ENSG00000066084.13	DIP2B	protein_coding	10643	5317	5328	58.3098	14.4602	15.6348
ENSG00000066117.15	SMARCD1	protein_coding	3517	1783	1734	40.6790	10.0880	10.9074
ENSG00000066135.13	KDM4A	protein_coding	1457	1017	982	15.9387	3.9526	4.2737
ENSG00000066136.20	NFYC	protein_coding	2085	1121	1121	19.7396	4.8952	5.2928
ENSG00000066185.13	ZMYND12	protein_coding	208	107	103	5.4084	1.3412	1.4502
ENSG00000066230.12	SLC9A3	protein_coding	44	163	139	0.4337	0.1075	0.1163
ENSG00000066248.15	NGEF	protein_coding	321	162	159	3.9173	0.9715	1.0504
ENSG00000066279.18	ASPM	protein_coding	1175	592	583	6.1200	1.5177	1.6410
ENSG00000066294.15	CD84	protein_coding	1963	948	1015	12.0283	2.9829	3.2252
ENSG00000066322.15	ELOVL1	protein_coding	4302	2155	2149	97.3529	24.1425	26.1036
ENSG00000066336.12	SPI1	protein_coding	1687	843	844	46.8969	11.6300	12.5746
ENSG00000066379.15	POLR1H	protein_coding	463	462	472	7.1505	1.7733	1.9173
ENSG00000066382.16	MPPED2	protein_coding	278	143	137	1.9233	0.4770	0.5157
ENSG00000066405.13	CLDN18	protein_coding	17	8	10	0.2595	0.0644	0.0696
ENSG00000066422.5	ZBTB11	protein_coding	3221	1753	1678	25.8986	6.4226	6.9443
ENSG00000066427.24	ATXN3	protein_coding	1721	875	846	10.1023	2.5053	2.7088
ENSG00000066455.13	GOLGA5	protein_coding	4986	2417	2569	88.2234	21.8785	23.6556
ENSG00000066468.23	FGFR2	protein_coding	2411	1234	1177	18.0380	4.4732	4.8366
ENSG00000066557.6	LRRC40	protein_coding	920	480	441	18.3515	4.5510	4.9206
ENSG00000066583.12	ISOC1	protein_coding	8128	3956	4172	237.3526	58.8610	63.6421
ENSG00000066629.18	EML1	protein_coding	1468	724	744	9.3225	2.3119	2.4997
ENSG00000066651.20	TRMT11	protein_coding	729	366	363	7.2250	1.7917	1.9373
ENSG00000066654.14	THUMPD1	protein_coding	5463	2677	2787	47.6552	11.8180	12.7780
ENSG00000066697.15	MSANTD3	protein_coding	1170	575	595	20.1735	5.0028	5.4092
ENSG00000066735.14	KIF26A	protein_coding	104	51	54	0.8730	0.2165	0.2341
ENSG00000066739.12	ATG2B	protein_coding	4765	2385	2380	18.9550	4.7007	5.0825
ENSG00000066777.9	ARFGEF1	protein_coding	17273	8891	8759	88.5750	21.9657	23.7499
ENSG00000066813.14	ACSM2B	protein_coding	0	0	0	0.0000	0.0000	0.0000
ENSG00000066827.16	ZFAT	protein_coding	793	468	461	5.0529	1.2531	1.3549
ENSG00000066855.16	MTFR1	protein_coding	2690	1541	1560	32.9552	8.1726	8.8364
ENSG00000066923.17	STAG3	protein_coding	265	532	488	1.7509	0.4342	0.4695
ENSG00000066926.12	FECH	protein_coding	2251	1145	1106	14.5326	3.6039	3.8967
ENSG00000066933.16	MYO9A	protein_coding	3706	2082	2066	10.3429	2.5649	2.7733
ENSG00000067048.17	DDX3Y	protein_coding	0	0	0	0.0000	0.0000	0.0000
ENSG00000067057.18	PFKP	protein_coding	1520	753	771	11.1541	2.7661	2.9908
ENSG00000067064.11	IDI1	protein_coding	3445	1934	2005	44.9634	11.1505	12.0562
ENSG00000067066.17	SP100	protein_coding	9555	4757	4800	38.3376	9.5073	10.2796
ENSG00000067082.15	KLF6	protein_coding	15827	8063	7765	146.2044	36.2572	39.2023
ENSG00000067113.17	PLPP1	protein_coding	1487	1598	1570	43.5802	10.8075	11.6853
ENSG00000067141.17	NEO1	protein_coding	4406	2195	2211	30.7072	7.6151	8.2336
ENSG00000067167.8	TRAM1	protein_coding	34003	17166	16837	466.7899	115.7592	125.1620
ENSG00000067177.15	PHKA1	protein_coding	2119	1059	1060	18.9242	4.6930	5.0742
ENSG00000067182.8	TNFRSF1A	protein_coding	12120	6005	6118	171.6167	42.5592	46.0162
ENSG00000067191.16	CACNB1	protein_coding	548	328	305	4.3789	1.0859	1.1741
ENSG00000067208.14	EVI5	protein_coding	2045	976	1069	14.0130	3.4751	3.7574
ENSG00000067221.14	STOML1	protein_coding	832	429	405	4.5116	1.1188	1.2097
ENSG00000067225.18	PKM	protein_coding	81284	40868	40420	537.8151	133.3727	144.2062
ENSG00000067248.10	DHX29	protein_coding	6397	3282	3332	74.0959	18.3750	19.8676
ENSG00000067334.14	DNTTIP2	protein_coding	4818	2352	2466	36.3433	9.0128	9.7448
ENSG00000067365.15	METTL22	protein_coding	550	294	256	3.7788	0.9371	1.0132
ENSG00000067369.14	TP53BP1	protein_coding	3407	2992	3065	14.8899	3.6925	3.9925
ENSG00000067445.21	TRO	protein_coding	1474	719	755	12.4465	3.0866	3.3373
ENSG00000067533.6	RRP15	protein_coding	2578	1330	1248	18.5602	4.6027	4.9766
ENSG00000067560.13	RHOA	protein_coding	57005	28987	28898	672.7892	166.8449	180.3972
ENSG00000067596.12	DHX8	protein_coding	7036	3547	3546	38.2231	9.4790	10.2489
ENSG00000067601.8	PMS2P4	transcribed_unprocessed_pseudogene	128	64	64	8.6006	2.1329	2.3061
ENSG00000067606.17	PRKCZ	protein_coding	444	423	448	3.2722	0.8115	0.8774
ENSG00000067646.12	ZFY	protein_coding	0	0	0	0.0000	0.0000	0.0000
ENSG00000067704.10	IARS2	protein_coding	11899	5946	5954	163.1903	40.4696	43.7568
ENSG00000067715.14	SYT1	protein_coding	894	449	445	7.9353	1.9679	2.1277
ENSG00000067798.16	NAV3	protein_coding	2646	1349	1297	11.3010	2.8025	3.0302
ENSG00000067829.19	IDH3G	protein_coding	2606	1386	1408	54.3932	13.4890	14.5846
ENSG00000067836.13	ROGDI	protein_coding	503	244	260	7.8951	1.9579	2.1169
ENSG00000067840.12	PDZD4	protein_coding	79	42	39	1.0320	0.2559	0.2767
ENSG00000067842.17	ATP2B3	protein_coding	0	0	0	0.0000	0.0000	0.0000
ENSG00000067900.8	ROCK1	protein_coding	5345	2772	2573	27.3693	6.7873	7.3386
ENSG00000067955.15	CBFB	protein_coding	4101	2140	1961	49.9930	12.3978	13.4048
ENSG00000067992.16	PDK3	protein_coding	7409	3682	3727	31.1094	7.7148	8.3415
ENSG00000068001.14	HYAL2	protein_coding	1773	864	909	22.7430	5.6400	6.0982
ENSG00000068024.17	HDAC4	protein_coding	683	350	358	2.8955	0.7181	0.7764
ENSG00000068028.17	RASSF1	protein_coding	1489	773	753	22.9273	5.6857	6.1476
ENSG00000068078.20	FGFR3	protein_coding	598	287	312	6.9952	1.7347	1.8756
ENSG00000068079.8	IFI35	protein_coding	7940	3875	4068	229.9679	57.0297	61.6621
ENSG00000068097.15	HEATR6	protein_coding	3258	1626	1632	26.2258	6.5037	7.0320
ENSG00000068120.15	COASY	protein_coding	5460	2625	2835	76.7948	19.0443	20.5912
ENSG00000068137.15	PLEKHH3	protein_coding	1249	584	666	14.7472	3.6572	3.9542
ENSG00000068305.17	MEF2A	protein_coding	4996	3044	3033	40.9131	10.1460	10.9702
ENSG00000068308.14	OTUD5	protein_coding	4681	2406	2275	73.8207	18.3068	19.7938
ENSG00000068323.17	TFE3	protein_coding	6281	3176	3106	84.6673	20.9966	22.7021
ENSG00000068354.16	TBC1D25	protein_coding	1215	594	621	17.3733	4.3084	4.6584
ENSG00000068366.20	ACSL4	protein_coding	5297	2698	2599	45.8895	11.3801	12.3045
ENSG00000068383.19	INPP5A	protein_coding	1405	861	826	21.3098	5.2846	5.7139
ENSG00000068394.11	GPKOW	protein_coding	1925	988	937	65.8424	16.3283	17.6545
ENSG00000068400.13	GRIPAP1	protein_coding	3017	1528	1489	25.0101	6.2022	6.7060
ENSG00000068438.15	FTSJ1	protein_coding	2780	1365	1416	54.8934	13.6130	14.7187
ENSG00000068489.13	PRR11	protein_coding	698	397	446	5.8703	1.4558	1.5740
ENSG00000068615.19	REEP1	protein_coding	1062	539	525	10.3021	2.5548	2.7623
ENSG00000068650.18	ATP11A	protein_coding	1082	517	565	4.4681	1.1080	1.1980
ENSG00000068654.16	POLR1A	protein_coding	4150	2109	2042	17.4086	4.3171	4.6678
ENSG00000068697.7	LAPTM4A	protein_coding	37881	18956	18925	1389.5411	344.5922	372.5823
ENSG00000068724.17	TTC7A	protein_coding	2872	1550	1537	22.6840	5.6254	6.0823
ENSG00000068745.15	IP6K2	protein_coding	3847	1940	1907	38.7915	9.6199	10.4013
ENSG00000068781.21	STON1-GTF2A1L	protein_coding	2	1	1	0.0264	0.0066	0.0071
ENSG00000068784.13	SRBD1	protein_coding	1493	773	720	16.7826	4.1619	4.5000
ENSG00000068796.19	KIF2A	protein_coding	6212	4742	4555	26.9948	6.6944	7.2382
ENSG00000068831.19	RASGRP2	protein_coding	121	63	60	1.1279	0.2797	0.3024
ENSG00000068878.15	PSME4	protein_coding	6788	3351	3438	37.0427	9.1862	9.9324
ENSG00000068885.15	IFT80	protein_coding	894	432	493	7.1608	1.7758	1.9201
ENSG00000068903.20	SIRT2	protein_coding	3300	1606	1706	30.0679	7.4565	8.0622
ENSG00000068912.14	ERLEC1	protein_coding	7119	3494	3626	155.7555	38.6258	41.7633
ENSG00000068971.14	PPP2R5B	protein_coding	1111	542	569	18.7514	4.6502	5.0279
ENSG00000068976.14	PYGM	protein_coding	40	22	18	0.4870	0.1208	0.1306
ENSG00000068985.5	PAGE1	protein_coding	0	0	0	0.0000	0.0000	0.0000
ENSG00000069011.16	PITX1	protein_coding	726	365	365	11.9615	2.9663	3.2073
ENSG00000069018.19	TRPC7	protein_coding	1	1	0	0.0151	0.0037	0.0040
ENSG00000069020.18	MAST4	protein_coding	8130	4017	4113	31.4175	7.7912	8.4241
ENSG00000069122.19	ADGRF5	protein_coding	3161	1598	1563	27.1565	6.7345	7.2816
ENSG00000069188.17	SDK2	protein_coding	182	91	91	0.8628	0.2140	0.2313
ENSG00000069206.15	ADAM7	protein_coding	1	1	0	0.0127	0.0031	0.0034
ENSG00000069248.12	NUP133	protein_coding	4585	2289	2297	42.7586	10.6037	11.4650
ENSG00000069275.13	NUCKS1	protein_coding	29111	14846	14267	255.9907	63.4831	68.6396
ENSG00000069329.18	VPS35	protein_coding	9661	4929	4732	56.2905	13.9595	15.0934
ENSG00000069345.12	DNAJA2	protein_coding	4784	2310	2474	54.7971	13.5891	14.6929
ENSG00000069399.15	BCL3	protein_coding	3712	1814	1898	68.0373	16.8726	18.2431
ENSG00000069424.15	KCNAB2	protein_coding	1084	550	541	3.5474	0.8797	0.9512
ENSG00000069431.11	ABCC9	protein_coding	887	472	435	4.3304	1.0739	1.1611
ENSG00000069482.7	GAL	protein_coding	47	25	22	2.0503	0.5084	0.5497
ENSG00000069493.15	CLEC2D	protein_coding	806	415	391	6.5720	1.6298	1.7622
ENSG00000069509.6	FUNDC1	protein_coding	797	393	404	35.9569	8.9170	9.6412
ENSG00000069535.14	MAOB	protein_coding	66455	33386	33070	1301.7828	322.8290	349.0514
ENSG00000069667.16	RORA	protein_coding	2596	1389	1326	8.6482	2.1447	2.3189
ENSG00000069696.7	DRD4	protein_coding	28	13	15	1.0579	0.2623	0.2837
ENSG00000069702.11	TGFBR3	protein_coding	1793	907	886	11.8551	2.9399	3.1787
ENSG00000069764.10	PLA2G10	protein_coding	27	17	10	2.0361	0.5049	0.5460
ENSG00000069812.11	HES2	protein_coding	35	20	15	0.3671	0.0910	0.0984
ENSG00000069849.11	ATP1B3	protein_coding	7371	3747	3624	159.7284	39.6110	42.8285
ENSG00000069869.16	NEDD4	protein_coding	3020	1533	1487	18.7748	4.6560	5.0342
ENSG00000069943.10	PIGB	protein_coding	633	793	775	7.9034	1.9600	2.1192
ENSG00000069956.12	MAPK6	protein_coding	3348	1659	1690	29.7921	7.3881	7.9883
ENSG00000069966.19	GNB5	protein_coding	1842	1362	1374	7.8364	1.9434	2.1012
ENSG00000069974.16	RAB27A	protein_coding	2658	1359	1299	26.9026	6.6716	7.2135
ENSG00000069998.12	HDHD5	protein_coding	2124	1063	1071	24.4028	6.0516	6.5432
ENSG00000070010.19	UFD1	protein_coding	2825	2266	2113	18.3680	4.5551	4.9251
ENSG00000070018.9	LRP6	protein_coding	5295	2677	2621	28.9593	7.1816	7.7650
ENSG00000070019.5	GUCY2C	protein_coding	21	88	104	0.2842	0.0705	0.0762
ENSG00000070031.4	SCT	protein_coding	106	50	56	11.4282	2.8341	3.0643
ENSG00000070047.13	PHRF1	protein_coding	3122	1527	1597	30.6048	7.5897	8.2062
ENSG00000070061.16	ELP1	protein_coding	4061	2006	2055	9.4926	2.3541	2.5453
ENSG00000070081.17	NUCB2	protein_coding	7246	3716	3714	45.5314	11.2913	12.2085
ENSG00000070087.14	PFN2	protein_coding	8114	4008	4106	124.0617	30.7660	33.2651
ENSG00000070159.14	PTPN3	protein_coding	2918	1443	1475	16.5562	4.1058	4.4393
ENSG00000070182.21	SPTB	protein_coding	31	38	28	0.1188	0.0295	0.0319
ENSG00000070190.13	DAPP1	protein_coding	361	197	164	4.4602	1.1061	1.1959
ENSG00000070193.5	FGF10	protein_coding	4253	2259	2263	37.6914	9.3471	10.1063
ENSG00000070214.16	SLC44A1	protein_coding	18361	9214	9147	85.5448	21.2143	22.9374
ENSG00000070269.14	TMEM260	protein_coding	1136	707	714	7.9810	1.9792	2.1400
ENSG00000070366.14	SMG6	protein_coding	2071	1878	1864	11.1134	2.7560	2.9799
ENSG00000070367.16	EXOC5	protein_coding	5118	2545	2574	23.2715	5.7711	6.2399
ENSG00000070371.16	CLTCL1	protein_coding	401	221	230	2.2623	0.5610	0.6066
ENSG00000070388.11	FGF22	protein_coding	28	12	16	0.5716	0.1417	0.1533
ENSG00000070404.10	FSTL3	protein_coding	2120	1073	1048	39.6390	9.8301	10.6285
ENSG00000070413.20	DGCR2	protein_coding	10222	5143	5080	103.4236	25.6480	27.7313
ENSG00000070423.18	RNF126	protein_coding	924	442	483	15.1796	3.7644	4.0702
ENSG00000070444.15	MNT	protein_coding	1201	864	873	7.8277	1.9412	2.0989
ENSG00000070476.15	ZXDC	protein_coding	2459	1191	1268	19.0271	4.7185	5.1018
ENSG00000070495.15	JMJD6	protein_coding	1858	937	921	17.6524	4.3776	4.7332
ENSG00000070501.12	POLB	protein_coding	540	272	268	7.4582	1.8496	1.9998
ENSG00000070526.15	ST6GALNAC1	protein_coding	5	4	1	0.0835	0.0207	0.0224
ENSG00000070540.13	WIPI1	protein_coding	1819	1513	1603	30.3131	7.5173	8.1280
ENSG00000070601.10	FRMPD1	protein_coding	206	93	113	1.9757	0.4900	0.5297
ENSG00000070610.14	GBA2	protein_coding	2500	1340	1359	29.5180	7.3202	7.9148
ENSG00000070614.15	NDST1	protein_coding	8924	4410	4525	53.2155	13.1969	14.2689
ENSG00000070669.17	ASNS	protein_coding	41	20	21	0.4749	0.1178	0.1273
ENSG00000070718.12	AP3M2	protein_coding	1326	676	650	11.9817	2.9714	3.2127
ENSG00000070729.14	CNGB1	protein_coding	0	0	0	0.0000	0.0000	0.0000
ENSG00000070731.11	ST6GALNAC2	protein_coding	945	614	653	17.8517	4.4271	4.7866
ENSG00000070748.19	CHAT	protein_coding	1	0	1	0.0086	0.0021	0.0023
ENSG00000070756.17	PABPC1	protein_coding	81419	40185	41235	483.6863	119.9493	129.6924
ENSG00000070759.17	TESK2	protein_coding	612	334	318	10.4569	2.5932	2.8038
ENSG00000070761.8	CFAP20	protein_coding	982	592	585	24.1917	5.9993	6.4866
ENSG00000070770.10	CSNK2A2	protein_coding	1694	1769	1883	9.2702	2.2989	2.4856
ENSG00000070778.13	PTPN21	protein_coding	1507	812	826	11.1424	2.7632	2.9876
ENSG00000070785.17	EIF2B3	protein_coding	1618	824	794	26.9002	6.6710	7.2129
ENSG00000070808.16	CAMK2A	protein_coding	64	29	36	0.5874	0.1457	0.1575
ENSG00000070814.22	TCOF1	protein_coding	4560	2325	2504	22.6067	5.6062	6.0616
ENSG00000070831.17	CDC42	protein_coding	21673	10862	10812	75.5053	18.7246	20.2455
ENSG00000070882.13	OSBPL3	protein_coding	1720	855	865	12.0585	2.9904	3.2333
ENSG00000070886.12	EPHA8	protein_coding	1	0	2	0.0104	0.0026	0.0028
ENSG00000070915.10	SLC12A3	protein_coding	3	1	2	0.0275	0.0068	0.0074
ENSG00000070950.10	RAD18	protein_coding	1379	702	677	11.1975	2.7769	3.0024
ENSG00000070961.16	ATP2B1	protein_coding	10802	5465	5378	64.4822	15.9909	17.2898
ENSG00000070985.13	TRPM5	protein_coding	0	0	0	0.0000	0.0000	0.0000
ENSG00000071051.14	NCK2	protein_coding	2127	1431	1361	40.5452	10.0548	10.8715
ENSG00000071054.16	MAP4K4	protein_coding	9784	4890	4895	46.3883	11.5038	12.4382
ENSG00000071073.13	MGAT4A	protein_coding	18767	9420	9348	110.4479	27.3900	29.6148
ENSG00000071082.11	RPL31	protein_coding	26849	13212	13686	288.5363	71.5541	77.3662
ENSG00000071127.17	WDR1	protein_coding	20068	10392	9676	145.4013	36.0580	38.9869
ENSG00000071189.21	SNX13	protein_coding	3203	1610	1593	11.0636	2.7437	2.9665
ENSG00000071203.9	MS4A12	protein_coding	0	0	0	0.0000	0.0000	0.0000
ENSG00000071205.12	ARHGAP10	protein_coding	929	440	489	4.8985	1.2148	1.3135
ENSG00000071242.12	RPS6KA2	protein_coding	2496	1243	1253	17.1553	4.2543	4.5999
ENSG00000071243.16	ING3	protein_coding	441	246	195	4.8094	1.1927	1.2896
ENSG00000071246.11	VASH1	protein_coding	894	742	799	7.0191	1.7407	1.8820
ENSG00000071282.12	LMCD1	protein_coding	10967	5445	5608	68.9128	17.0897	18.4778
ENSG00000071462.12	BUD23	protein_coding	3141	1742	1644	22.4255	5.5613	6.0130
ENSG00000071537.14	SEL1L	protein_coding	13582	6907	6675	80.6275	19.9948	21.6189
ENSG00000071539.14	TRIP13	protein_coding	1009	512	497	17.2402	4.2754	4.6227
ENSG00000071553.18	ATP6AP1	protein_coding	16579	8145	8435	165.4398	41.0274	44.3599
ENSG00000071564.17	TCF3	protein_coding	3892	1971	1921	36.2422	8.9877	9.7178
ENSG00000071575.11	TRIB2	protein_coding	4101	2072	2029	50.6904	12.5707	13.5918
ENSG00000071626.17	DAZAP1	protein_coding	3834	1978	1857	23.6307	5.8602	6.3362
ENSG00000071655.18	MBD3	protein_coding	2155	1396	1427	15.4520	3.8319	4.1432
ENSG00000071677.1	PRLH	protein_coding	2	1	1	0.4296	0.1065	0.1152
ENSG00000071794.16	HLTF	protein_coding	3140	2839	2772	29.5600	7.3306	7.9260
ENSG00000071859.15	FAM50A	protein_coding	4333	2157	2176	96.2870	23.8782	25.8177
ENSG00000071889.17	FAM3A	protein_coding	1613	820	793	17.9430	4.4497	4.8111
ENSG00000071894.17	CPSF1	protein_coding	3555	1734	1827	33.2790	8.2528	8.9232
ENSG00000071909.19	MYO3B	protein_coding	22	14	8	0.1515	0.0376	0.0406
ENSG00000071967.12	CYBRD1	protein_coding	41786	21233	20553	458.1754	113.6229	122.8521
ENSG00000071991.9	CDH19	protein_coding	0	0	0	0.0000	0.0000	0.0000
ENSG00000071994.11	PDCD2	protein_coding	3204	1592	1612	28.0573	6.9579	7.5231
ENSG00000072041.17	SLC6A15	protein_coding	1	1	0	0.0065	0.0016	0.0017
ENSG00000072042.13	RDH11	protein_coding	4027	2037	1990	41.5371	10.3008	11.1375
ENSG00000072062.15	PRKACA	protein_coding	7135	3553	3585	52.1156	12.9241	13.9739
ENSG00000072071.16	ADGRL1	protein_coding	4468	2468	2477	29.8551	7.4038	8.0051
ENSG00000072080.11	SPP2	protein_coding	1	1	0	0.0448	0.0111	0.0120
ENSG00000072110.15	ACTN1	protein_coding	30760	15695	15066	163.9318	40.6534	43.9556
ENSG00000072121.17	ZFYVE26	protein_coding	3320	1632	1706	11.8533	2.9395	3.1783
ENSG00000072133.11	RPS6KA6	protein_coding	1231	635	596	7.9384	1.9686	2.1285
ENSG00000072134.15	EPN2	protein_coding	852	1054	1081	5.6730	1.4068	1.5211
ENSG00000072135.13	PTPN18	protein_coding	3602	1769	1833	35.6367	8.8375	9.5554
ENSG00000072163.20	LIMS2	protein_coding	1377	714	668	8.9440	2.2180	2.3982
ENSG00000072182.13	ASIC4	protein_coding	4	3	1	0.0432	0.0107	0.0116
ENSG00000072195.15	SPEG	protein_coding	329	169	161	1.0933	0.2711	0.2931
ENSG00000072201.14	LNX1	protein_coding	938	1031	1010	9.4584	2.3456	2.5361
ENSG00000072210.19	ALDH3A2	protein_coding	3567	1818	1749	13.1945	3.2721	3.5379
ENSG00000072274.13	TFRC	protein_coding	20491	10447	10051	149.0947	36.9740	39.9773
ENSG00000072310.17	SREBF1	protein_coding	15445	7945	7743	106.2581	26.3509	28.4913
ENSG00000072315.3	TRPC5	protein_coding	2	1	1	0.0194	0.0048	0.0052
ENSG00000072364.13	AFF4	protein_coding	22309	11200	11110	112.1481	27.8116	30.0706
ENSG00000072401.15	UBE2D1	protein_coding	1885	949	936	30.7179	7.6177	8.2365
ENSG00000072415.10	MPP5	protein_coding	1983	1076	1063	7.5856	1.8811	2.0339
ENSG00000072422.17	RHOBTB1	protein_coding	2555	1295	1260	30.3189	7.5188	8.1295
ENSG00000072501.19	SMC1A	protein_coding	13089	6522	6572	68.5390	16.9970	18.3776
ENSG00000072506.13	HSD17B10	protein_coding	4063	2055	2011	207.2056	51.3849	55.5587
ENSG00000072518.21	MARK2	protein_coding	2862	1446	1416	13.5152	3.3516	3.6239
ENSG00000072571.20	HMMR	protein_coding	751	423	430	10.8314	2.6861	2.9043
ENSG00000072609.18	CHFR	protein_coding	1443	744	699	4.7819	1.1859	1.2822
ENSG00000072657.9	TRHDE	protein_coding	0	1	0	0.0000	0.0000	0.0000
ENSG00000072682.19	P4HA2	protein_coding	8162	4711	4580	46.4353	11.5155	12.4508
ENSG00000072694.21	FCGR2B	protein_coding	1258	687	633	10.7264	2.6600	2.8761
ENSG00000072736.19	NFATC3	protein_coding	1507	1343	1350	9.7050	2.4067	2.6022
ENSG00000072756.17	TRNT1	protein_coding	1463	1189	1250	14.2997	3.5462	3.8342
ENSG00000072778.20	ACADVL	protein_coding	6666	3460	3272	78.4292	19.4496	21.0295
ENSG00000072786.13	STK10	protein_coding	3494	1736	1759	22.2260	5.5118	5.9595
ENSG00000072803.17	FBXW11	protein_coding	8254	4120	4135	83.9312	20.8141	22.5047
ENSG00000072818.12	ACAP1	protein_coding	340	177	163	2.5986	0.6444	0.6968
ENSG00000072832.15	CRMP1	protein_coding	896	517	591	8.6844	2.1536	2.3286
ENSG00000072840.13	EVC	protein_coding	4066	2084	2194	32.2764	8.0042	8.6544
ENSG00000072849.11	DERL2	protein_coding	2525	1293	1297	22.4334	5.5633	6.0152
ENSG00000072858.11	SIDT1	protein_coding	1833	939	909	13.3303	3.3058	3.5743
ENSG00000072864.16	NDE1	protein_coding	1832	1293	1382	12.6436	3.1355	3.3902
ENSG00000072952.19	IRAG1	protein_coding	2949	1559	1496	21.7192	5.3861	5.8236
ENSG00000072954.7	TMEM38A	protein_coding	1026	528	498	19.4792	4.8307	5.2230
ENSG00000072958.9	AP1M1	protein_coding	3356	1688	1669	13.5035	3.3487	3.6207
ENSG00000073008.15	PVR	protein_coding	746	368	378	6.9376	1.7205	1.8602
ENSG00000073050.12	XRCC1	protein_coding	1599	945	993	33.0343	8.1922	8.8576
ENSG00000073060.16	SCARB1	protein_coding	7085	4262	4294	51.9042	12.8717	13.9172
ENSG00000073067.14	CYP2W1	protein_coding	1	0	1	0.0203	0.0050	0.0054
ENSG00000073111.14	MCM2	protein_coding	1837	1687	1655	22.0946	5.4792	5.9243
ENSG00000073146.16	MOV10L1	protein_coding	41	24	17	0.3383	0.0839	0.0907
ENSG00000073150.14	PANX2	protein_coding	331	167	164	6.0493	1.5002	1.6220
ENSG00000073169.14	SELENOO	protein_coding	812	550	526	19.4873	4.8327	5.2252
ENSG00000073282.14	TP63	protein_coding	408	226	182	3.0937	0.7672	0.8295
ENSG00000073331.18	ALPK1	protein_coding	2478	1295	1323	11.4009	2.8273	3.0570
ENSG00000073350.14	LLGL2	protein_coding	6496	3248	3250	46.4023	11.5073	12.4420
ENSG00000073417.15	PDE8A	protein_coding	2024	1020	1004	14.3405	3.5563	3.8452
ENSG00000073464.13	CLCN4	protein_coding	181	82	99	1.3574	0.3366	0.3640
ENSG00000073536.18	NLE1	protein_coding	1503	822	811	15.5681	3.8607	4.1743
ENSG00000073578.17	SDHA	protein_coding	382	182	200	2.4716	0.6129	0.6627
ENSG00000073584.20	SMARCE1	protein_coding	1235	638	597	3.7919	0.9404	1.0167
ENSG00000073598.6	FNDC8	protein_coding	2	63	69	0.0839	0.0208	0.0225
ENSG00000073605.18	GSDMB	protein_coding	282	143	139	2.7082	0.6716	0.7262
ENSG00000073614.13	KDM5A	protein_coding	4380	2170	2233	20.6492	5.1208	5.5367
ENSG00000073670.14	ADAM11	protein_coding	43	23	20	0.5067	0.1256	0.1359
ENSG00000073711.11	PPP2R3A	protein_coding	1706	844	918	12.4274	3.0819	3.3322
ENSG00000073712.15	FERMT2	protein_coding	7401	3807	3597	49.5936	12.2987	13.2977
ENSG00000073734.10	ABCB11	protein_coding	17	6	11	0.1250	0.0310	0.0335
ENSG00000073737.17	DHRS9	protein_coding	50	27	23	0.7561	0.1875	0.2027
ENSG00000073754.6	CD5L	protein_coding	0	0	0	0.0000	0.0000	0.0000
ENSG00000073756.12	PTGS2	protein_coding	157	89	68	1.6911	0.4194	0.4534
ENSG00000073792.16	IGF2BP2	protein_coding	451	216	235	4.7985	1.1900	1.2866
ENSG00000073803.14	MAP3K13	protein_coding	2554	1281	1360	11.4914	2.8497	3.0812
ENSG00000073849.16	ST6GAL1	protein_coding	1420	714	707	7.2274	1.7923	1.9379
ENSG00000073861.3	TBX21	protein_coding	28	10	19	0.6049	0.1500	0.1622
ENSG00000073905.8	VDAC1P1	processed_pseudogene	5	2	3	0.3344	0.0829	0.0897
ENSG00000073910.22	FRY	protein_coding	5052	2562	2496	15.1973	3.7688	4.0749
ENSG00000073921.18	PICALM	protein_coding	20064	10078	9987	179.4117	44.4923	48.1063
ENSG00000073969.18	NSF	protein_coding	5289	2588	2701	59.9279	14.8615	16.0687
ENSG00000074047.22	GLI2	protein_coding	315	154	161	2.3139	0.5738	0.6204
ENSG00000074054.20	CLASP1	protein_coding	3856	1932	1977	19.9866	4.9565	5.3591
ENSG00000074071.15	MRPS34	protein_coding	2147	1179	1187	111.4985	27.6505	29.8965
ENSG00000074181.9	NOTCH3	protein_coding	14283	7167	7119	86.0957	21.3509	23.0851
ENSG00000074201.9	CLNS1A	protein_coding	6799	3417	3383	84.1675	20.8727	22.5681
ENSG00000074211.14	PPP2R2C	protein_coding	149	70	79	0.9022	0.2237	0.2419
ENSG00000074219.14	TEAD2	protein_coding	670	483	476	12.7502	3.1619	3.4188
ENSG00000074266.22	EED	protein_coding	1439	754	685	11.9885	2.9730	3.2145
ENSG00000074276.10	CDHR2	protein_coding	14	23	24	0.1485	0.0368	0.0398
ENSG00000074317.11	SNCB	protein_coding	3	1	2	0.0847	0.0210	0.0227
ENSG00000074319.13	TSG101	protein_coding	6690	3281	3415	106.6301	26.4432	28.5911
ENSG00000074356.17	NCBP3	protein_coding	2619	1316	1303	10.0899	2.5022	2.7054
ENSG00000074370.18	ATP2A3	protein_coding	8156	4094	4062	67.1009	16.6403	17.9920
ENSG00000074410.14	CA12	protein_coding	47197	23563	23637	382.4722	94.8493	102.5536
ENSG00000074416.14	MGLL	protein_coding	8517	4325	4193	40.7628	10.1088	10.9299
ENSG00000074527.13	NTN4	protein_coding	11085	5511	5579	144.0160	35.7145	38.6155
ENSG00000074582.15	BCS1L	protein_coding	859	500	464	14.4167	3.5752	3.8656
ENSG00000074590.13	NUAK1	protein_coding	3448	1727	1721	27.9018	6.9194	7.4814
ENSG00000074603.19	DPP8	protein_coding	4189	2100	2089	23.2649	5.7695	6.2381
ENSG00000074621.14	SLC24A1	protein_coding	1100	684	648	6.8671	1.7030	1.8413
ENSG00000074657.14	ZNF532	protein_coding	6177	2995	3182	29.8024	7.3907	7.9910
ENSG00000074660.16	SCARF1	protein_coding	569	306	263	6.5083	1.6140	1.7451
ENSG00000074695.6	LMAN1	protein_coding	13576	6862	6714	126.8360	31.4541	34.0090
ENSG00000074696.13	HACD3	protein_coding	17417	8600	8818	139.2328	34.5283	37.3330
ENSG00000074706.13	IPCEF1	protein_coding	106	53	53	0.7094	0.1759	0.1902
ENSG00000074755.15	ZZEF1	protein_coding	4066	2073	1993	14.5130	3.5991	3.8914
ENSG00000074771.4	NOX3	protein_coding	0	0	0	0.0000	0.0000	0.0000
ENSG00000074800.16	ENO1	protein_coding	59177	30096	29099	643.3907	159.5544	172.5145
ENSG00000074803.20	SLC12A1	protein_coding	8	5	3	0.0353	0.0088	0.0095
ENSG00000074842.8	MYDGF	protein_coding	4384	2238	2148	148.8722	36.9188	39.9176
ENSG00000074855.11	ANO8	protein_coding	801	397	445	9.0759	2.2507	2.4335
ENSG00000074935.14	TUBE1	protein_coding	505	240	265	4.0410	1.0021	1.0835
ENSG00000074964.17	ARHGEF10L	protein_coding	2379	1240	1139	16.9617	4.2063	4.5480
ENSG00000074966.11	TXK	protein_coding	16	12	4	0.2618	0.0649	0.0702
ENSG00000075035.10	WSCD2	protein_coding	376	197	179	3.1636	0.7846	0.8483
ENSG00000075043.19	KCNQ2	protein_coding	0	0	0	0.0000	0.0000	0.0000
ENSG00000075073.15	TACR2	protein_coding	120	58	62	2.3290	0.5776	0.6245
ENSG00000075089.9	ACTR6	protein_coding	2149	1109	1043	31.9616	7.9262	8.5700
ENSG00000075131.10	TIPIN	protein_coding	418	212	206	8.6545	2.1462	2.3206
ENSG00000075142.14	SRI	protein_coding	5652	3282	3294	75.8459	18.8090	20.3368
ENSG00000075151.21	EIF4G3	protein_coding	6848	3395	3453	40.4700	10.0361	10.8514
ENSG00000075188.9	NUP37	protein_coding	1028	644	629	16.7138	4.1449	4.4815
ENSG00000075213.11	SEMA3A	protein_coding	331	169	162	2.0273	0.5028	0.5436
ENSG00000075218.19	GTSE1	protein_coding	603	300	303	8.3142	2.0618	2.2293
ENSG00000075223.14	SEMA3C	protein_coding	13257	6517	6740	123.2466	30.5639	33.0465
ENSG00000075234.17	TTC38	protein_coding	1592	813	779	25.2326	6.2574	6.7657
ENSG00000075239.14	ACAT1	protein_coding	2065	1424	1341	19.9533	4.9482	5.3502
ENSG00000075240.17	GRAMD4	protein_coding	2304	1142	1162	26.6598	6.6114	7.1484
ENSG00000075275.18	CELSR1	protein_coding	25409	12757	12653	89.8064	22.2711	24.0801
ENSG00000075290.8	WNT8B	protein_coding	6	5	2	0.1587	0.0394	0.0426
ENSG00000075292.19	ZNF638	protein_coding	8411	4203	4216	38.2385	9.4828	10.2530
ENSG00000075303.13	SLC25A40	protein_coding	1527	784	790	17.0331	4.2240	4.5671
ENSG00000075336.12	TIMM21	protein_coding	715	371	344	7.8021	1.9348	2.0920
ENSG00000075340.23	ADD2	protein_coding	82	43	39	0.3669	0.0910	0.0984
ENSG00000075388.4	FGF4	protein_coding	0	0	0	0.0000	0.0000	0.0000
ENSG00000075391.17	RASAL2	protein_coding	3816	1849	1983	13.4572	3.3373	3.6083
ENSG00000075399.14	VPS9D1	protein_coding	446	331	318	7.5726	1.8779	2.0305
ENSG00000075407.18	ZNF37A	protein_coding	4977	2426	2551	21.3984	5.3066	5.7376
ENSG00000075413.19	MARK3	protein_coding	4075	1943	2132	10.7335	2.6618	2.8780
ENSG00000075415.13	SLC25A3	protein_coding	17855	9044	8811	113.8216	28.2266	30.5194
ENSG00000075420.13	FNDC3B	protein_coding	12189	6058	6131	51.8792	12.8655	13.9105
ENSG00000075426.12	FOSL2	protein_coding	17545	8948	8598	138.9244	34.4518	37.2503
ENSG00000075429.9	CACNG5	protein_coding	1	1	0	0.0054	0.0013	0.0014
ENSG00000075461.6	CACNG4	protein_coding	14194	8248	8438	224.6557	55.7123	60.2377
ENSG00000075539.15	FRYL	protein_coding	5694	2850	2844	17.7763	4.4083	4.7664
ENSG00000075568.17	TMEM131	protein_coding	7218	3580	3638	31.3857	7.7833	8.4156
ENSG00000075618.18	FSCN1	protein_coding	4901	2529	2375	75.1380	18.6335	20.1470
ENSG00000075624.17	ACTB	protein_coding	320110	161708	158413	4121.0964	1021.9903	1105.0034
ENSG00000075643.6	MOCOS	protein_coding	1418	723	697	12.7582	3.1639	3.4209
ENSG00000075651.16	PLD1	protein_coding	1265	616	649	5.5784	1.3834	1.4958
ENSG00000075673.12	ATP12A	protein_coding	0	0	0	0.0000	0.0000	0.0000
ENSG00000075702.18	WDR62	protein_coding	383	177	206	2.2132	0.5488	0.5934
ENSG00000075711.21	DLG1	protein_coding	5687	2874	2850	19.4846	4.8320	5.2245
ENSG00000075785.14	RAB7A	protein_coding	23957	11783	12174	188.8519	46.8334	50.6375
ENSG00000075790.12	BCAP29	protein_coding	39	19	20	0.3932	0.0975	0.1054
ENSG00000075826.17	SEC31B	protein_coding	262	138	124	1.8727	0.4644	0.5021
ENSG00000075856.12	SART3	protein_coding	3517	2306	2280	26.1161	6.4765	7.0026
ENSG00000075884.14	ARHGAP15	protein_coding	431	234	197	3.9892	0.9893	1.0696
ENSG00000075886.11	TUBA3D	protein_coding	345	186	159	12.4459	3.0865	3.3372
ENSG00000075891.22	PAX2	protein_coding	0	0	1	0.0000	0.0000	0.0000
ENSG00000075914.13	EXOSC7	protein_coding	1283	655	629	16.4278	4.0739	4.4049
ENSG00000075945.13	KIFAP3	protein_coding	5083	2762	2693	57.9061	14.3601	15.5266
ENSG00000075975.17	MKRN2	protein_coding	2792	3390	3491	16.1846	4.0136	4.3396
ENSG00000076003.5	MCM6	protein_coding	3643	1892	1751	49.9624	12.3902	13.3966
ENSG00000076043.11	REXO2	protein_coding	1275	639	636	19.8096	4.9126	5.3116
ENSG00000076053.12	RBM7	protein_coding	1150	679	646	8.2710	2.0511	2.2177
ENSG00000076067.13	RBMS2	protein_coding	3673	2057	2040	23.3673	5.7948	6.2655
ENSG00000076108.12	BAZ2A	protein_coding	11439	5860	6004	59.3183	14.7103	15.9052
ENSG00000076201.15	PTPN23	protein_coding	4709	2416	2293	44.6941	11.0837	11.9840
ENSG00000076242.16	MLH1	protein_coding	3898	1953	1947	27.7359	6.8782	7.4369
ENSG00000076248.11	UNG	protein_coding	2928	1491	1437	65.2700	16.1863	17.5011
ENSG00000076258.10	FMO4	protein_coding	352	187	165	7.8528	1.9474	2.1056
ENSG00000076321.11	KLHL20	protein_coding	1767	892	875	23.6113	5.8554	6.3310
ENSG00000076344.16	RGS11	protein_coding	413	351	343	4.8815	1.2106	1.3089
ENSG00000076351.13	SLC46A1	protein_coding	960	2499	2342	6.8446	1.6974	1.8353
ENSG00000076356.7	PLXNA2	protein_coding	2194	1127	1067	8.9868	2.2286	2.4096
ENSG00000076382.17	SPAG5	protein_coding	1135	601	595	12.3353	3.0590	3.3075
ENSG00000076513.17	ANKRD13A	protein_coding	3485	2088	2151	26.8890	6.6682	7.2098
ENSG00000076554.15	TPD52	protein_coding	29105	14541	14564	201.3595	49.9351	53.9912
ENSG00000076555.15	ACACB	protein_coding	1940	955	985	7.5848	1.8810	2.0337
ENSG00000076604.15	TRAF4	protein_coding	2367	1534	1495	29.3533	7.2793	7.8706
ENSG00000076641.4	PAG1	protein_coding	1165	566	599	5.9936	1.4863	1.6071
ENSG00000076650.7	GPATCH1	protein_coding	1188	596	592	15.0753	3.7385	4.0422
ENSG00000076662.10	ICAM3	protein_coding	28	384	384	0.5695	0.1412	0.1527
ENSG00000076685.19	NT5C2	protein_coding	1489	1917	1833	9.2417	2.2918	2.4780
ENSG00000076706.17	MCAM	protein_coding	9183	4531	4655	70.1654	17.4003	18.8137
ENSG00000076716.9	GPC4	protein_coding	9553	4819	4734	109.2459	27.0919	29.2925
ENSG00000076770.14	MBNL3	protein_coding	397	193	204	1.8455	0.4577	0.4949
ENSG00000076826.10	CAMSAP3	protein_coding	1822	882	940	21.1559	5.2465	5.6726
ENSG00000076864.19	RAP1GAP	protein_coding	1108	520	588	10.9183	2.7076	2.9276
ENSG00000076924.12	XAB2	protein_coding	3599	1803	1797	43.8640	10.8778	11.7614
ENSG00000076928.18	ARHGEF1	protein_coding	2922	1475	1447	19.2146	4.7650	5.1521
ENSG00000076944.16	STXBP2	protein_coding	1977	1027	977	18.5745	4.6063	4.9804
ENSG00000076984.18	MAP2K7	protein_coding	2276	1304	1367	25.0869	6.2213	6.7266
ENSG00000077009.13	NMRK2	protein_coding	0	0	0	0.0000	0.0000	0.0000
ENSG00000077044.11	DGKD	protein_coding	3836	1945	1891	22.2342	5.5139	5.9617
ENSG00000077063.11	CTTNBP2	protein_coding	1767	874	898	14.3789	3.5658	3.8555
ENSG00000077080.10	ACTL6B	protein_coding	1	0	1	0.0239	0.0059	0.0064
ENSG00000077092.19	RARB	protein_coding	425	214	214	6.5193	1.6167	1.7480
ENSG00000077097.15	TOP2B	protein_coding	16563	8237	8329	155.4082	38.5397	41.6701
ENSG00000077147.16	TM9SF3	protein_coding	29528	15111	14417	223.4497	55.4133	59.9143
ENSG00000077150.20	NFKB2	protein_coding	2879	1452	1427	34.6347	8.5891	9.2867
ENSG00000077152.11	UBE2T	protein_coding	630	328	302	21.6267	5.3632	5.7988
ENSG00000077157.22	PPP1R12B	protein_coding	3205	1552	1662	8.6267	2.1393	2.3131
ENSG00000077232.18	DNAJC10	protein_coding	11199	5733	5466	29.0356	7.2005	7.7854
ENSG00000077235.18	GTF3C1	protein_coding	11887	5900	5987	58.3041	14.4588	15.6333
ENSG00000077238.14	IL4R	protein_coding	4512	2269	2299	43.4866	10.7842	11.6602
ENSG00000077254.14	USP33	protein_coding	5305	2658	2648	43.4875	10.7845	11.6604
ENSG00000077264.15	PAK3	protein_coding	129	55	74	0.7003	0.1737	0.1878
ENSG00000077274.9	CAPN6	protein_coding	27	16	11	0.4335	0.1075	0.1162
ENSG00000077279.19	DCX	protein_coding	0	0	0	0.0000	0.0000	0.0000
ENSG00000077312.9	SNRPA	protein_coding	2275	1518	1549	54.8301	13.5973	14.7018
ENSG00000077327.16	SPAG6	protein_coding	6	2	4	0.0878	0.0218	0.0235
ENSG00000077348.9	EXOSC5	protein_coding	824	418	407	34.1586	8.4710	9.1591
ENSG00000077380.16	DYNC1I2	protein_coding	7022	3540	3483	61.9023	15.3511	16.5981
ENSG00000077420.16	APBB1IP	protein_coding	853	426	427	12.5875	3.1216	3.3751
ENSG00000077454.16	LRCH4	protein_coding	363	170	193	2.8925	0.7173	0.7756
ENSG00000077458.13	FAM76B	protein_coding	976	485	491	9.1774	2.2759	2.4608
ENSG00000077463.15	SIRT6	protein_coding	734	354	380	15.1419	3.7550	4.0601
ENSG00000077498.9	TYR	protein_coding	1	1	0	0.0219	0.0054	0.0059
ENSG00000077514.9	POLD3	protein_coding	3391	1693	1698	34.9579	8.6692	9.3734
ENSG00000077522.14	ACTN2	protein_coding	20	8	12	0.1871	0.0464	0.0502
ENSG00000077549.19	CAPZB	protein_coding	17929	9099	8845	53.2499	13.2054	14.2781
ENSG00000077585.14	GPR137B	protein_coding	1627	829	799	39.9944	9.9182	10.7238
ENSG00000077616.11	NAALAD2	protein_coding	111	51	60	0.8782	0.2178	0.2355
ENSG00000077684.16	JADE1	protein_coding	2088	1300	1263	13.0811	3.2440	3.5075
ENSG00000077713.19	SLC25A43	protein_coding	2200	1062	1138	43.9457	10.8981	11.7833
ENSG00000077721.16	UBE2A	protein_coding	5500	2999	2871	59.9011	14.8549	16.0615
ENSG00000077782.21	FGFR1	protein_coding	11383	6034	6038	44.0845	10.9325	11.8205
ENSG00000077800.13	FKBP6	protein_coding	3	2	1	0.0358	0.0089	0.0096
ENSG00000077935.17	SMC1B	protein_coding	15	10	5	0.2000	0.0496	0.0536
ENSG00000077942.19	FBLN1	protein_coding	38311	19154	19157	298.2314	73.9584	79.9658
ENSG00000077943.8	ITGA8	protein_coding	436	246	190	3.3778	0.8377	0.9057
ENSG00000077984.6	CST7	protein_coding	418	208	210	26.6047	6.5977	7.1336
ENSG00000078018.20	MAP2	protein_coding	334	172	162	1.6049	0.3980	0.4303
ENSG00000078043.16	PIAS2	protein_coding	1262	605	657	4.0814	1.0122	1.0944
ENSG00000078053.17	AMPH	protein_coding	1920	941	979	19.8366	4.9193	5.3189
ENSG00000078061.13	ARAF	protein_coding	3684	1864	1852	59.1003	14.6563	15.8468
ENSG00000078070.13	MCCC1	protein_coding	882	518	498	11.6025	2.8773	3.1110
ENSG00000078081.8	LAMP3	protein_coding	291	136	155	4.3600	1.0812	1.1691
ENSG00000078098.14	FAP	protein_coding	6534	4491	4665	53.1778	13.1876	14.2587
ENSG00000078114.19	NEBL	protein_coding	24027	12047	12022	76.5059	18.9727	20.5138
ENSG00000078124.12	ACER3	protein_coding	2629	1377	1305	17.6606	4.3796	4.7354
ENSG00000078140.14	UBE2K	protein_coding	8079	4021	4059	88.4479	21.9342	23.7158
ENSG00000078142.13	PIK3C3	protein_coding	2836	1446	1390	10.6018	2.6291	2.8427
ENSG00000078177.14	N4BP2	protein_coding	1939	992	952	11.2079	2.7794	3.0052
ENSG00000078237.7	TIGAR	protein_coding	281	146	135	1.6874	0.4185	0.4524
ENSG00000078246.17	TULP3	protein_coding	1466	727	739	26.1519	6.4854	7.0122
ENSG00000078269.15	SYNJ2	protein_coding	4207	2053	2155	19.0604	4.7268	5.1107
ENSG00000078295.17	ADCY2	protein_coding	456	247	223	1.4686	0.3642	0.3938
ENSG00000078304.19	PPP2R5C	protein_coding	7374	3591	3783	29.2658	7.2576	7.8471
ENSG00000078319.10	PMS2P1	transcribed_unprocessed_pseudogene	872	827	825	8.4474	2.0949	2.2650
ENSG00000078328.22	RBFOX1	protein_coding	0	0	0	0.0000	0.0000	0.0000
ENSG00000078369.18	GNB1	protein_coding	31231	15627	15606	276.0027	68.4459	74.0055
ENSG00000078399.19	HOXA9	protein_coding	141	72	75	2.6364	0.6538	0.7069
ENSG00000078401.7	EDN1	protein_coding	263	134	129	7.3291	1.8175	1.9652
ENSG00000078403.17	MLLT10	protein_coding	2349	1171	1178	14.5906	3.6183	3.9122
ENSG00000078487.17	ZCWPW1	protein_coding	430	242	252	7.3494	1.8226	1.9706
ENSG00000078549.15	ADCYAP1R1	protein_coding	178	84	94	1.4452	0.3584	0.3875
ENSG00000078579.9	FGF20	protein_coding	8	1	7	0.2466	0.0611	0.0661
ENSG00000078589.13	P2RY10	protein_coding	102	53	49	1.6176	0.4011	0.4337
ENSG00000078596.11	ITM2A	protein_coding	501	259	242	13.8526	3.4353	3.7143
ENSG00000078618.22	NRDC	protein_coding	9955	5730	5726	83.3527	20.6706	22.3496
ENSG00000078668.14	VDAC3	protein_coding	2569	1279	1290	45.7994	11.3578	12.2803
ENSG00000078674.18	PCM1	protein_coding	6394	3194	3201	29.0641	7.2076	7.7931
ENSG00000078687.17	TNRC6C	protein_coding	2689	1411	1397	13.7245	3.4035	3.6800
ENSG00000078699.22	CBFA2T2	protein_coding	4065	2039	2027	24.3762	6.0451	6.5361
ENSG00000078725.13	BRINP1	protein_coding	15	7	8	0.2196	0.0545	0.0589
ENSG00000078747.16	ITCH	protein_coding	7735	3875	3861	41.2305	10.2248	11.0553
ENSG00000078795.17	PKD2L2	protein_coding	34	459	478	0.4144	0.1028	0.1111
ENSG00000078804.13	TP53INP2	protein_coding	1861	909	954	25.2542	6.2628	6.7715
ENSG00000078808.19	SDF4	protein_coding	7859	3680	4182	93.9468	23.2979	25.1903
ENSG00000078814.17	MYH7B	protein_coding	68	104	73	0.4676	0.1160	0.1254
ENSG00000078898.7	BPIFB2	protein_coding	266	127	139	8.4367	2.0922	2.2622
ENSG00000078900.15	TP73	protein_coding	280	174	181	2.3465	0.5819	0.6292
ENSG00000078902.16	TOLLIP	protein_coding	4088	2007	2081	38.7482	9.6092	10.3897
ENSG00000078967.13	UBE2D4	protein_coding	981	764	850	11.7990	2.9260	3.1637
ENSG00000079101.16	CLUL1	protein_coding	88	102	74	1.2976	0.3218	0.3479
ENSG00000079102.16	RUNX1T1	protein_coding	661	341	340	2.7695	0.6868	0.7426
ENSG00000079112.10	CDH17	protein_coding	22	8	14	0.3217	0.0798	0.0863
ENSG00000079134.12	THOC1	protein_coding	1219	676	701	8.5324	2.1159	2.2878
ENSG00000079150.18	FKBP7	protein_coding	2208	1041	1167	40.6544	10.0819	10.9008
ENSG00000079156.17	OSBPL6	protein_coding	3678	1838	1840	18.1563	4.5026	4.8683
ENSG00000079215.14	SLC1A3	protein_coding	1380	687	693	12.4916	3.0978	3.3494
ENSG00000079246.16	XRCC5	protein_coding	25563	12941	12631	265.3628	65.8073	71.1526
ENSG00000079257.8	LXN	protein_coding	1276	774	742	49.5969	12.2995	13.2986
ENSG00000079263.19	SP140	protein_coding	300	147	158	3.0478	0.7558	0.8172
ENSG00000079277.22	MKNK1	protein_coding	1511	912	847	10.6169	2.6329	2.8467
ENSG00000079308.19	TNS1	protein_coding	11577	5830	5796	40.3250	10.0002	10.8125
ENSG00000079313.15	REXO1	protein_coding	972	567	578	9.8803	2.4502	2.6492
ENSG00000079332.15	SAR1A	protein_coding	12116	6005	6111	99.3778	24.6447	26.6465
ENSG00000079335.20	CDC14A	protein_coding	594	332	320	5.1745	1.2832	1.3874
ENSG00000079337.16	RAPGEF3	protein_coding	844	536	493	3.9537	0.9805	1.0601
ENSG00000079385.23	CEACAM1	protein_coding	504	285	297	5.1713	1.2824	1.3866
ENSG00000079387.14	SENP1	protein_coding	2091	1142	1054	19.3949	4.8097	5.2004
ENSG00000079393.20	DUSP13	protein_coding	23	9	14	0.5548	0.1376	0.1488
ENSG00000079432.7	CIC	protein_coding	6444	3219	3225	38.4916	9.5455	10.3209
ENSG00000079435.10	LIPE	protein_coding	256	204	208	2.8130	0.6976	0.7543
ENSG00000079459.13	FDFT1	protein_coding	4175	2137	2045	45.5578	11.2979	12.2156
ENSG00000079462.8	PAFAH1B3	protein_coding	2323	1700	1680	92.8381	23.0229	24.8930
ENSG00000079482.13	OPHN1	protein_coding	1670	858	812	11.7080	2.9035	3.1393
ENSG00000079557.5	AFM	protein_coding	1	0	1	0.0260	0.0064	0.0070
ENSG00000079616.13	KIF22	protein_coding	1959	1400	1403	25.7701	6.3907	6.9098
ENSG00000079689.14	SCGN	protein_coding	0	0	0	0.0000	0.0000	0.0000
ENSG00000079691.18	CARMIL1	protein_coding	1702	855	849	14.0844	3.4928	3.7765
ENSG00000079739.17	PGM1	protein_coding	4527	2500	2427	62.9694	15.6158	16.8842
ENSG00000079785.16	DDX1	protein_coding	9099	4509	4590	50.9634	12.6384	13.6650
ENSG00000079805.18	DNM2	protein_coding	7495	4451	4409	31.6180	7.8410	8.4779
ENSG00000079819.19	EPB41L2	protein_coding	5395	2641	2754	29.6463	7.3520	7.9492
ENSG00000079841.18	RIMS1	protein_coding	3	1	2	0.0133	0.0033	0.0036
ENSG00000079931.15	MOXD1	protein_coding	1574	751	823	17.0901	4.2382	4.5824
ENSG00000079950.14	STX7	protein_coding	5246	2660	2586	18.1547	4.5022	4.8679
ENSG00000079974.18	RABL2B	protein_coding	1512	769	803	14.6099	3.6231	3.9174
ENSG00000079999.14	KEAP1	protein_coding	5034	2595	2439	79.8987	19.8141	21.4235
ENSG00000080007.8	DDX43	protein_coding	23	11	16	0.4788	0.1187	0.1284
ENSG00000080031.10	PTPRH	protein_coding	25	9	16	0.3263	0.0809	0.0875
ENSG00000080166.16	DCT	protein_coding	21	14	7	0.1579	0.0392	0.0424
ENSG00000080189.15	SLC35C2	protein_coding	4244	2101	2143	31.2243	7.7433	8.3723
ENSG00000080200.10	CRYBG3	protein_coding	745	937	917	3.8482	0.9543	1.0318
ENSG00000080224.17	EPHA6	protein_coding	8	6	2	0.0721	0.0179	0.0193
ENSG00000080293.10	SCTR	protein_coding	14	5	9	0.2325	0.0577	0.0623
ENSG00000080298.15	RFX3	protein_coding	1043	496	547	5.2958	1.3133	1.4200
ENSG00000080345.18	RIF1	protein_coding	7431	3831	3624	23.1978	5.7528	6.2201
ENSG00000080371.6	RAB21	protein_coding	6883	3595	3379	24.3230	6.0318	6.5218
ENSG00000080493.18	SLC4A4	protein_coding	50	25	25	0.3098	0.0768	0.0831
ENSG00000080503.24	SMARCA2	protein_coding	11275	5627	5751	34.3859	8.5273	9.2200
ENSG00000080511.5	RDH8	protein_coding	7	3	4	0.1984	0.0492	0.0532
ENSG00000080546.13	SESN1	protein_coding	1877	1109	1140	20.7859	5.1547	5.5734
ENSG00000080561.14	MID2	protein_coding	3406	1646	1761	25.5698	6.3410	6.8561
ENSG00000080572.13	DNAAF6	protein_coding	3	2	1	0.0870	0.0216	0.0233
ENSG00000080573.7	COL5A3	protein_coding	9158	4853	4839	76.5664	18.9877	20.5300
ENSG00000080603.17	SRCAP	protein_coding	258	161	171	1.0724	0.2659	0.2875
ENSG00000080608.10	PUM3	protein_coding	1925	980	945	42.4278	10.5217	11.3763
ENSG00000080618.17	CPB2	protein_coding	6	3	3	0.0508	0.0126	0.0136
ENSG00000080644.16	CHRNA3	protein_coding	134	69	69	1.5961	0.3958	0.4280
ENSG00000080709.16	KCNN2	protein_coding	70	46	36	0.6499	0.1612	0.1743
ENSG00000080802.19	CNOT4	protein_coding	1858	906	952	15.0546	3.7334	4.0366
ENSG00000080815.19	PSEN1	protein_coding	8117	3992	4125	46.2768	11.4762	12.4083
ENSG00000080819.9	CPOX	protein_coding	958	475	483	17.2088	4.2676	4.6143
ENSG00000080822.17	CLDND1	protein_coding	3013	1535	1483	32.7960	8.1331	8.7937
ENSG00000080823.23	MOK	protein_coding	497	256	255	2.5655	0.6362	0.6879
ENSG00000080824.19	HSP90AA1	protein_coding	94608	47082	47538	1052.6225	261.0398	282.2432
ENSG00000080839.12	RBL1	protein_coding	2163	1120	1066	20.5950	5.1073	5.5222
ENSG00000080845.18	DLGAP4	protein_coding	5725	3704	3876	36.9567	9.1649	9.9093
ENSG00000080854.16	IGSF9B	protein_coding	569	279	290	1.8065	0.4480	0.4844
ENSG00000080910.13	CFHR2	protein_coding	0	0	0	0.0000	0.0000	0.0000
ENSG00000080947.15	CROCCP3	transcribed_unprocessed_pseudogene	315	206	196	2.5871	0.6416	0.6937
ENSG00000080986.13	NDC80	protein_coding	438	231	207	6.9890	1.7332	1.8740
ENSG00000081014.11	AP4E1	protein_coding	1663	876	787	12.8241	3.1803	3.4386
ENSG00000081019.13	RSBN1	protein_coding	2673	1322	1351	22.2299	5.5128	5.9606
ENSG00000081026.19	MAGI3	protein_coding	7651	3829	3822	51.5674	12.7882	13.8269
ENSG00000081041.9	CXCL2	protein_coding	26	13	13	1.0547	0.2616	0.2828
ENSG00000081051.8	AFP	protein_coding	6	3	3	0.1063	0.0264	0.0285
ENSG00000081052.13	COL4A4	protein_coding	23	16	7	0.1299	0.0322	0.0348
ENSG00000081059.20	TCF7	protein_coding	1698	853	875	9.5406	2.3660	2.5582
ENSG00000081087.15	OSTM1	protein_coding	3316	1698	1619	35.3146	8.7577	9.4690
ENSG00000081138.14	CDH7	protein_coding	1	0	1	0.0039	0.0010	0.0010
ENSG00000081148.12	IMPG2	protein_coding	21	10	11	0.1426	0.0354	0.0382
ENSG00000081154.12	PCNP	protein_coding	9872	4969	4904	183.8558	45.5944	49.2979
ENSG00000081177.18	EXD2	protein_coding	3526	1766	1784	31.9271	7.9176	8.5607
ENSG00000081181.8	ARG2	protein_coding	122	1316	1319	3.0292	0.7512	0.8122
ENSG00000081189.16	MEF2C	protein_coding	2343	1219	1329	11.3034	2.8031	3.0308
ENSG00000081237.20	PTPRC	protein_coding	3852	1976	1876	23.8271	5.9089	6.3888
ENSG00000081248.11	CACNA1S	protein_coding	0	0	0	0.0000	0.0000	0.0000
ENSG00000081277.13	PKP1	protein_coding	150	74	76	1.3696	0.3396	0.3672
ENSG00000081307.14	UBA5	protein_coding	3719	1828	1960	26.1279	6.4795	7.0058
ENSG00000081320.11	STK17B	protein_coding	4297	2115	2182	37.1128	9.2036	9.9512
ENSG00000081377.17	CDC14B	protein_coding	1360	963	963	7.3628	1.8259	1.9742
ENSG00000081386.12	ZNF510	protein_coding	1240	635	606	11.8764	2.9452	3.1845
ENSG00000081479.15	LRP2	protein_coding	2111	1102	1009	7.4315	1.8429	1.9926
ENSG00000081665.14	ZNF506	protein_coding	1580	861	869	9.3952	2.3299	2.5192
ENSG00000081692.12	JMJD4	protein_coding	409	1099	1051	5.3753	1.3330	1.4413
ENSG00000081721.12	DUSP12	protein_coding	926	467	459	29.8033	7.3909	7.9913
ENSG00000081760.17	AACS	protein_coding	2473	1264	1210	8.7439	2.1684	2.3445
ENSG00000081791.9	DELE1	protein_coding	4474	2245	2231	42.2867	10.4867	11.3385
ENSG00000081800.9	SLC13A1	protein_coding	0	0	0	0.0000	0.0000	0.0000
ENSG00000081803.16	CADPS2	protein_coding	3630	1869	1761	32.3421	8.0205	8.6720
ENSG00000081818.4	PCDHB4	protein_coding	395	198	197	5.8856	1.4596	1.5781
ENSG00000081842.18	PCDHA6	protein_coding	75	56	66	0.6932	0.1719	0.1859
ENSG00000081853.15	PCDHGA2	protein_coding	207	106	101	1.7469	0.4332	0.4684
ENSG00000081870.12	HSPB11	protein_coding	1295	641	654	24.4309	6.0586	6.5508
ENSG00000081913.14	PHLPP1	protein_coding	1444	729	715	9.0475	2.2437	2.4259
ENSG00000081923.15	ATP8B1	protein_coding	4189	2592	2548	33.8017	8.3825	9.0634
ENSG00000081985.13	IL12RB2	protein_coding	29	16	13	0.2711	0.0672	0.0727
ENSG00000082014.17	SMARCD3	protein_coding	2058	1354	1458	23.7262	5.8839	6.3618
ENSG00000082068.9	WDR70	protein_coding	2566	1262	1304	20.8897	5.1804	5.6012
ENSG00000082074.19	FYB1	protein_coding	2133	1075	1058	13.7099	3.3999	3.6761
ENSG00000082126.18	MPP4	protein_coding	9	10	9	0.1037	0.0257	0.0278
ENSG00000082146.13	STRADB	protein_coding	989	598	595	17.6538	4.3780	4.7336
ENSG00000082153.18	BZW1	protein_coding	15104	7976	8097	105.9428	26.2727	28.4068
ENSG00000082175.15	PGR	protein_coding	4537	2352	2234	17.5113	4.3426	4.6954
ENSG00000082196.21	C1QTNF3	protein_coding	4556	2319	2237	56.8222	14.0913	15.2359
ENSG00000082212.13	ME2	protein_coding	2137	1074	1063	7.6234	1.8905	2.0441
ENSG00000082213.18	C5orf22	protein_coding	4083	2098	1985	55.8482	13.8498	14.9748
ENSG00000082258.13	CCNT2	protein_coding	2502	1243	1273	15.6247	3.8748	4.1895
ENSG00000082269.17	FAM135A	protein_coding	739	385	357	4.0004	0.9921	1.0727
ENSG00000082293.13	COL19A1	protein_coding	0	0	0	0.0000	0.0000	0.0000
ENSG00000082397.17	EPB41L3	protein_coding	2289	1163	1126	10.6375	2.6380	2.8523
ENSG00000082438.17	COBLL1	protein_coding	3210	1586	1624	10.5972	2.6280	2.8415
ENSG00000082458.12	DLG3	protein_coding	3786	1920	1873	27.2813	6.7655	7.3150
ENSG00000082482.14	KCNK2	protein_coding	6041	2998	3043	79.7822	19.7852	21.3923
ENSG00000082497.12	SERTAD4	protein_coding	4863	2508	2379	50.4169	12.5029	13.5185
ENSG00000082512.15	TRAF5	protein_coding	2858	1412	1446	17.9647	4.4551	4.8169
ENSG00000082515.18	MRPL22	protein_coding	1933	947	986	20.8245	5.1643	5.5838
ENSG00000082516.9	GEMIN5	protein_coding	3649	1832	1817	36.6645	9.0924	9.8310
ENSG00000082556.14	OPRK1	protein_coding	2	1	1	0.0200	0.0050	0.0054
ENSG00000082641.16	NFE2L1	protein_coding	23910	13727	13690	230.4837	57.1576	61.8004
ENSG00000082684.16	SEMA5B	protein_coding	170	88	83	1.1319	0.2807	0.3035
ENSG00000082701.17	GSK3B	protein_coding	5966	2995	2971	18.9319	4.6949	5.0763
ENSG00000082781.12	ITGB5	protein_coding	34454	17495	16959	299.9057	74.3736	80.4147
ENSG00000082805.20	ERC1	protein_coding	3731	1888	1845	15.6916	3.8913	4.2074
ENSG00000082898.18	XPO1	protein_coding	12111	7380	7093	28.8057	7.1435	7.7238
ENSG00000082929.8	LINC01587	lncRNA	2	1	1	0.0974	0.0242	0.0261
ENSG00000082996.20	RNF13	protein_coding	5576	3070	3076	88.5012	21.9474	23.7301
ENSG00000083067.23	TRPM3	protein_coding	10	5	5	0.0283	0.0070	0.0076
ENSG00000083093.10	PALB2	protein_coding	1341	765	758	16.0202	3.9729	4.2956
ENSG00000083097.14	DOP1A	protein_coding	1969	1664	1663	11.1162	2.7567	2.9806
ENSG00000083099.11	LYRM2	protein_coding	3184	2109	2042	20.8144	5.1618	5.5810
ENSG00000083123.15	BCKDHB	protein_coding	1821	924	897	25.3670	6.2907	6.8017
ENSG00000083168.11	KAT6A	protein_coding	3873	1968	1905	9.0974	2.2561	2.4393
ENSG00000083223.18	TUT7	protein_coding	3355	1648	1707	28.3677	7.0349	7.6063
ENSG00000083290.20	ULK2	protein_coding	3168	1607	1561	18.2060	4.5149	4.8816
ENSG00000083307.12	GRHL2	protein_coding	5633	2884	2785	52.7750	13.0877	14.1507
ENSG00000083312.17	TNPO1	protein_coding	12584	6364	6221	59.5841	14.7762	15.9765
ENSG00000083444.17	PLOD1	protein_coding	17955	8966	8989	191.3962	47.4643	51.3197
ENSG00000083454.22	P2RX5	protein_coding	4	1	3	0.0563	0.0140	0.0151
ENSG00000083457.12	ITGAE	protein_coding	686	345	371	5.8926	1.4613	1.5800
ENSG00000083520.15	DIS3	protein_coding	3062	1657	1677	16.0264	3.9744	4.2972
ENSG00000083535.16	PIBF1	protein_coding	1178	551	628	15.9857	3.9643	4.2863
ENSG00000083544.16	TDRD3	protein_coding	1436	719	717	10.4098	2.5815	2.7912
ENSG00000083622.8	AC000061.1	lncRNA	0	0	0	0.0000	0.0000	0.0000
ENSG00000083635.8	NUFIP1	protein_coding	570	298	273	9.2887	2.3035	2.4906
ENSG00000083642.19	PDS5B	protein_coding	3975	1976	1999	17.0943	4.2392	4.5835
ENSG00000083720.13	OXCT1	protein_coding	2113	1071	1132	29.2264	7.2478	7.8366
ENSG00000083750.13	RRAGB	protein_coding	1213	605	608	25.3367	6.2833	6.7936
ENSG00000083782.8	EPYC	protein_coding	54	27	27	1.6994	0.4214	0.4557
ENSG00000083799.18	CYLD	protein_coding	3267	1702	1618	14.3045	3.5474	3.8355
ENSG00000083807.10	SLC27A5	protein_coding	600	681	610	4.2400	1.0515	1.1369
ENSG00000083812.12	ZNF324	protein_coding	753	396	357	7.5393	1.8697	2.0215
ENSG00000083814.13	ZNF671	protein_coding	527	291	236	8.4615	2.0984	2.2688
ENSG00000083817.9	ZNF416	protein_coding	319	149	178	7.1082	1.7628	1.9060
ENSG00000083828.16	ZNF586	protein_coding	896	453	460	9.2723	2.2994	2.4862
ENSG00000083838.16	ZNF446	protein_coding	402	499	566	4.7813	1.1857	1.2820
ENSG00000083844.10	ZNF264	protein_coding	3453	1776	1677	15.6256	3.8750	4.1897
ENSG00000083845.9	RPS5	protein_coding	31448	15546	15906	493.0648	122.2751	132.2071
ENSG00000083857.14	FAT1	protein_coding	10478	5262	5216	36.7543	9.1147	9.8551
ENSG00000083896.13	YTHDC1	protein_coding	6879	3470	3409	55.4682	13.7556	14.8729
ENSG00000083937.10	CHMP2B	protein_coding	5117	2512	2605	35.2038	8.7302	9.4393
ENSG00000084070.12	SMAP2	protein_coding	3738	1866	1874	58.8675	14.5985	15.7843
ENSG00000084072.17	PPIE	protein_coding	1368	715	724	6.9740	1.7295	1.8700
ENSG00000084073.10	ZMPSTE24	protein_coding	8523	4296	4245	120.1738	29.8019	32.2226
ENSG00000084090.13	STARD7	protein_coding	8626	4338	4354	110.8247	27.4834	29.7158
ENSG00000084092.7	NOA1	protein_coding	1358	879	785	34.7214	8.6106	9.3100
ENSG00000084093.19	REST	protein_coding	4340	2335	2310	26.1609	6.4876	7.0146
ENSG00000084110.11	HAL	protein_coding	148	72	77	1.6310	0.4045	0.4373
ENSG00000084112.15	SSH1	protein_coding	4748	2343	2419	18.5210	4.5930	4.9661
ENSG00000084207.18	GSTP1	protein_coding	4902	2456	2446	157.5920	39.0812	42.2557
ENSG00000084234.18	APLP2	protein_coding	38611	19310	19301	293.3979	72.7597	78.6698
ENSG00000084444.14	FAM234B	protein_coding	14977	7627	7358	126.5790	31.3903	33.9401
ENSG00000084453.16	SLCO1A2	protein_coding	4	2	3	0.0197	0.0049	0.0053
ENSG00000084463.8	WBP11	protein_coding	9895	4829	5066	106.7222	26.4660	28.6158
ENSG00000084623.12	EIF3I	protein_coding	11363	5888	5731	66.0512	16.3800	17.7105
ENSG00000084628.10	NKAIN1	protein_coding	6785	3346	3439	115.8967	28.7412	31.0758
ENSG00000084636.18	COL16A1	protein_coding	10151	5278	5254	62.2137	15.4284	16.6816
ENSG00000084652.16	TXLNA	protein_coding	8017	4009	4009	88.9018	22.0468	23.8375
ENSG00000084674.15	APOB	protein_coding	29	17	15	0.1109	0.0275	0.0297
ENSG00000084676.15	NCOA1	protein_coding	6266	3124	3142	41.1612	10.2076	11.0367
ENSG00000084693.16	AGBL5	protein_coding	1994	2407	2502	21.4044	5.3081	5.7392
ENSG00000084710.14	EFR3B	protein_coding	492	250	242	2.6216	0.6501	0.7029
ENSG00000084731.15	KIF3C	protein_coding	2120	1107	1013	18.7822	4.6578	5.0361
ENSG00000084733.11	RAB10	protein_coding	12987	6570	6417	201.5579	49.9843	54.0444
ENSG00000084734.9	GCKR	protein_coding	8	2	6	0.1441	0.0357	0.0386
ENSG00000084754.12	HADHA	protein_coding	12682	6531	6152	166.0577	41.1806	44.5256
ENSG00000084764.12	MAPRE3	protein_coding	1075	529	546	16.8035	4.1671	4.5056
ENSG00000084774.14	CAD	protein_coding	3342	1642	1700	22.4476	5.5668	6.0189
ENSG00000085063.17	CD59	protein_coding	38712	19614	19098	207.9527	51.5702	55.7591
ENSG00000085117.12	CD82	protein_coding	1389	853	849	19.5024	4.8364	5.2292
ENSG00000085185.15	BCORL1	protein_coding	1914	908	1006	13.5746	3.3664	3.6398
ENSG00000085224.23	ATRX	protein_coding	8997	4526	4471	22.4371	5.5642	6.0161
ENSG00000085231.14	AK6	protein_coding	1630	828	803	43.1950	10.7119	11.5820
ENSG00000085265.11	FCN1	protein_coding	76	39	37	0.5680	0.1409	0.1523
ENSG00000085274.16	MYNN	protein_coding	1225	961	891	13.4501	3.3355	3.6064
ENSG00000085276.19	MECOM	protein_coding	945	480	466	5.7874	1.4352	1.5518
ENSG00000085365.18	SCAMP1	protein_coding	11520	5675	5845	96.8424	24.0159	25.9667
ENSG00000085377.15	PREP	protein_coding	3124	1636	1617	19.8679	4.9270	5.3272
ENSG00000085382.12	HACE1	protein_coding	1085	535	550	6.6613	1.6519	1.7861
ENSG00000085415.16	SEH1L	protein_coding	1795	1169	1034	9.7123	2.4085	2.6042
ENSG00000085433.16	WDR47	protein_coding	2085	1057	1028	26.7331	6.6295	7.1680
ENSG00000085449.15	WDFY1	protein_coding	4880	2519	2361	50.4548	12.5123	13.5286
ENSG00000085465.13	OVGP1	protein_coding	215	111	104	4.8384	1.1999	1.2973
ENSG00000085491.17	SLC25A24	protein_coding	6066	3240	3071	51.1452	12.6835	13.7137
ENSG00000085511.20	MAP3K4	protein_coding	2750	1385	1391	20.7328	5.1415	5.5592
ENSG00000085514.16	PILRA	protein_coding	851	393	462	24.2514	6.0141	6.5026
ENSG00000085552.17	IGSF9	protein_coding	911	448	463	7.7841	1.9304	2.0872
ENSG00000085563.15	ABCB1	protein_coding	115	50	65	1.0155	0.2518	0.2723
ENSG00000085644.14	ZNF213	protein_coding	1696	858	865	14.9302	3.7025	4.0033
ENSG00000085662.14	AKR1B1	protein_coding	2855	1421	1434	44.3095	10.9883	11.8809
ENSG00000085719.13	CPNE3	protein_coding	25495	12861	12634	214.6090	53.2209	57.5438
ENSG00000085721.13	RRN3	protein_coding	5306	2772	2534	72.6995	18.0287	19.4932
ENSG00000085733.16	CTTN	protein_coding	11683	6010	5675	95.3436	23.6442	25.5648
ENSG00000085741.13	WNT11	protein_coding	140	85	78	3.3485	0.8304	0.8979
ENSG00000085760.15	MTIF2	protein_coding	2247	1127	1120	37.7674	9.3659	10.1267
ENSG00000085788.14	DDHD2	protein_coding	4719	2607	2595	25.3711	6.2918	6.8028
ENSG00000085831.15	TTC39A	protein_coding	4964	2505	2539	30.0692	7.4569	8.0626
ENSG00000085832.17	EPS15	protein_coding	7739	3877	3863	59.4847	14.7516	15.9498
ENSG00000085840.13	ORC1	protein_coding	228	123	105	4.1429	1.0274	1.1108
ENSG00000085871.9	MGST2	protein_coding	1327	677	684	23.7245	5.8834	6.3613
ENSG00000085872.15	CHERP	protein_coding	1885	1845	1931	17.7720	4.4073	4.7653
ENSG00000085978.22	ATG16L1	protein_coding	3921	1940	1981	36.7719	9.1191	9.8598
ENSG00000085982.14	USP40	protein_coding	2838	1401	1437	17.2039	4.2664	4.6130
ENSG00000085998.14	POMGNT1	protein_coding	5064	2566	2581	46.4016	11.5071	12.4418
ENSG00000085999.13	RAD54L	protein_coding	187	282	271	2.6005	0.6449	0.6973
ENSG00000086015.22	MAST2	protein_coding	4102	1991	2111	28.8544	7.1556	7.7368
ENSG00000086061.16	DNAJA1	protein_coding	20608	10133	10475	438.0357	108.6284	117.4520
ENSG00000086062.13	B4GALT1	protein_coding	21311	10955	10397	246.8436	61.2147	66.1870
ENSG00000086065.14	CHMP5	protein_coding	6651	3389	3263	157.7491	39.1202	42.2978
ENSG00000086102.19	NFX1	protein_coding	3778	1868	1910	29.9818	7.4352	8.0391
ENSG00000086159.13	AQP6	protein_coding	2	1	4	0.0221	0.0055	0.0059
ENSG00000086189.10	DIMT1	protein_coding	662	1890	1943	6.0935	1.5111	1.6339
ENSG00000086200.17	IPO11	protein_coding	3768	1874	1895	28.3399	7.0280	7.5989
ENSG00000086205.18	FOLH1	protein_coding	618	318	301	6.5692	1.6291	1.7614
ENSG00000086232.13	EIF2AK1	protein_coding	18221	9941	10084	188.1487	46.6590	50.4489
ENSG00000086288.12	NME8	protein_coding	26	17	9	0.6055	0.1502	0.1624
ENSG00000086289.12	EPDR1	protein_coding	888	455	434	18.1146	4.4922	4.8571
ENSG00000086300.16	SNX10	protein_coding	1206	810	738	18.9715	4.7047	5.0869
ENSG00000086475.15	SEPHS1	protein_coding	3885	1904	1981	56.7246	14.0671	15.2098
ENSG00000086504.17	MRPL28	protein_coding	2607	1287	1320	48.4255	12.0090	12.9845
ENSG00000086506.3	HBQ1	protein_coding	0	0	0	0.0000	0.0000	0.0000
ENSG00000086544.3	ITPKC	protein_coding	2333	1294	1267	39.1897	9.7186	10.5081
ENSG00000086548.9	CEACAM6	protein_coding	10416	5069	5350	199.8278	49.5553	53.5805
ENSG00000086570.12	FAT2	protein_coding	287	163	147	1.1196	0.2777	0.3002
ENSG00000086589.12	RBM22	protein_coding	6068	3071	2997	95.9342	23.7907	25.7232
ENSG00000086598.11	TMED2	protein_coding	28492	15765	15445	421.5446	104.5388	113.0302
ENSG00000086619.14	ERO1B	protein_coding	345	178	168	3.3803	0.8383	0.9064
ENSG00000086666.19	ZFAND6	protein_coding	8878	4467	4411	97.7045	24.2297	26.1978
ENSG00000086696.11	HSD17B2	protein_coding	19	8	16	0.1131	0.0280	0.0303
ENSG00000086712.13	TXLNG	protein_coding	2434	1374	1198	30.9836	7.6836	8.3077
ENSG00000086717.18	PPEF1	protein_coding	282	154	128	4.5523	1.1289	1.2206
ENSG00000086730.17	LAT2	protein_coding	1328	645	685	16.5700	4.1092	4.4430
ENSG00000086758.16	HUWE1	protein_coding	24821	12492	12329	80.9942	20.0857	21.7172
ENSG00000086827.9	ZW10	protein_coding	1113	562	551	21.6455	5.3679	5.8039
ENSG00000086848.15	ALG9	protein_coding	282	143	139	1.9817	0.4914	0.5314
ENSG00000086967.10	MYBPC2	protein_coding	3	1	2	0.0457	0.0113	0.0123
ENSG00000086991.13	NOX4	protein_coding	2134	1077	1057	19.8424	4.9207	5.3204
ENSG00000087008.16	ACOX3	protein_coding	742	387	355	10.9409	2.7132	2.9336
ENSG00000087053.20	MTMR2	protein_coding	2516	1531	1539	10.2267	2.5361	2.7421
ENSG00000087074.8	PPP1R15A	protein_coding	2838	1450	1388	52.5099	13.0219	14.0797
ENSG00000087076.9	HSD17B14	protein_coding	730	378	354	37.2287	9.2323	9.9822
ENSG00000087077.14	TRIP6	protein_coding	2717	1413	1304	60.3529	14.9669	16.1826
ENSG00000087085.16	ACHE	protein_coding	15	6	9	0.2088	0.0518	0.0560
ENSG00000087086.15	FTL	protein_coding	169710	87277	82448	11049.6550	2740.2029	2962.7812
ENSG00000087087.20	SRRT	protein_coding	6093	2907	3192	71.1268	17.6387	19.0715
ENSG00000087088.20	BAX	protein_coding	2682	1321	1361	58.7925	14.5799	15.7642
ENSG00000087095.13	NLK	protein_coding	3414	1712	1702	40.5972	10.0677	10.8855
ENSG00000087111.21	PIGS	protein_coding	6228	3072	3156	59.8322	14.8378	16.0430
ENSG00000087116.16	ADAMTS2	protein_coding	10634	5319	5316	68.8811	17.0818	18.4693
ENSG00000087128.10	TMPRSS11E	protein_coding	5	3	2	0.1335	0.0331	0.0358
ENSG00000087152.15	ATXN7L3	protein_coding	5988	3068	2991	64.0595	15.8861	17.1765
ENSG00000087157.19	PGS1	protein_coding	1751	1039	918	19.6321	4.8686	5.2640
ENSG00000087191.13	PSMC5	protein_coding	8806	6203	5946	116.7067	28.9421	31.2930
ENSG00000087206.17	UIMC1	protein_coding	2330	1219	1111	27.7185	6.8739	7.4323
ENSG00000087237.12	CETP	protein_coding	104	49	55	1.7393	0.4313	0.4664
ENSG00000087245.13	MMP2	protein_coding	92524	45837	46689	1114.9668	276.5005	298.9598
ENSG00000087250.9	MT3	protein_coding	15	6	9	0.5066	0.1256	0.1358
ENSG00000087253.13	LPCAT2	protein_coding	2151	1099	1052	16.5715	4.1096	4.4434
ENSG00000087258.16	GNAO1	protein_coding	18	10	9	0.0701	0.0174	0.0188
ENSG00000087263.17	OGFOD1	protein_coding	2511	1664	1627	24.6407	6.1107	6.6070
ENSG00000087266.17	SH3BP2	protein_coding	2063	1010	1055	8.4059	2.0846	2.2539
ENSG00000087269.16	NOP14	protein_coding	2152	1935	1956	34.2905	8.5037	9.1944
ENSG00000087274.17	ADD1	protein_coding	16051	7976	8075	68.8177	17.0661	18.4523
ENSG00000087299.12	L2HGDH	protein_coding	781	406	375	6.7516	1.6743	1.8103
ENSG00000087301.9	TXNDC16	protein_coding	1805	882	923	21.6272	5.3633	5.7990
ENSG00000087302.9	RTRAF	protein_coding	7362	5590	5537	50.3800	12.4937	13.5086
ENSG00000087303.18	NID2	protein_coding	6617	5169	5214	58.7062	14.5585	15.7411
ENSG00000087338.5	GMCL1	protein_coding	2548	1278	1270	29.5374	7.3250	7.9200
ENSG00000087365.16	SF3B2	protein_coding	27605	13686	13964	159.8243	39.6348	42.8542
ENSG00000087448.11	KLHL42	protein_coding	5089	2809	2812	38.0033	9.4244	10.1900
ENSG00000087460.27	GNAS	protein_coding	70742	35195	35563	283.6180	70.3344	76.0475
ENSG00000087470.18	DNM1L	protein_coding	11579	6304	6067	90.1737	22.3622	24.1786
ENSG00000087494.16	PTHLH	protein_coding	336	241	231	5.5961	1.3878	1.5005
ENSG00000087495.17	PHACTR3	protein_coding	22	11	11	0.2044	0.0507	0.0548
ENSG00000087502.18	ERGIC2	protein_coding	4883	2917	2893	47.5309	11.7872	12.7446
ENSG00000087510.7	TFAP2C	protein_coding	6357	3262	3095	120.1284	29.7906	32.2104
ENSG00000087586.18	AURKA	protein_coding	1164	567	597	22.5445	5.5908	6.0449
ENSG00000087589.16	CASS4	protein_coding	100	64	61	1.1188	0.2774	0.3000
ENSG00000087842.11	PIR	protein_coding	457	232	225	10.3171	2.5585	2.7663
ENSG00000087884.14	AAMDC	protein_coding	555	820	765	16.1987	4.0171	4.3434
ENSG00000087903.13	RFX2	protein_coding	918	447	495	5.7246	1.4196	1.5350
ENSG00000087995.16	METTL2A	protein_coding	1957	950	1007	17.3463	4.3017	4.6511
ENSG00000088002.12	SULT2B1	protein_coding	1441	959	1057	29.9886	7.4369	8.0410
ENSG00000088035.18	ALG6	protein_coding	1233	619	614	12.7435	3.1603	3.4169
ENSG00000088038.19	CNOT3	protein_coding	2524	1404	1430	20.9846	5.2040	5.6267
ENSG00000088053.11	GP6	protein_coding	12	6	6	0.2518	0.0624	0.0675
ENSG00000088179.9	PTPN4	protein_coding	1393	698	695	5.9504	1.4756	1.5955
ENSG00000088205.13	DDX18	protein_coding	6388	3108	3280	46.3964	11.5058	12.4404
ENSG00000088247.17	KHSRP	protein_coding	8649	4335	4314	107.4917	26.6569	28.8221
ENSG00000088256.9	GNA11	protein_coding	2933	2301	2352	26.4647	6.5630	7.0961
ENSG00000088280.19	ASAP3	protein_coding	3441	1696	1745	39.1217	9.7018	10.4898
ENSG00000088298.13	EDEM2	protein_coding	2052	1012	1040	61.7669	15.3176	16.5618
ENSG00000088305.18	DNMT3B	protein_coding	300	154	146	3.6745	0.9112	0.9853
ENSG00000088320.4	REM1	protein_coding	86	57	55	2.9380	0.7286	0.7878
ENSG00000088325.16	TPX2	protein_coding	3527	1712	1815	55.4830	13.7592	14.8768
ENSG00000088340.17	FER1L4	transcribed_unitary_pseudogene	603	322	283	3.3434	0.8291	0.8965
ENSG00000088356.6	PDRG1	protein_coding	1581	775	833	45.8142	11.3615	12.2843
ENSG00000088367.23	EPB41L1	protein_coding	9449	4592	4861	55.3796	13.7336	14.8491
ENSG00000088386.17	SLC15A1	protein_coding	35	17	18	0.4715	0.1169	0.1264
ENSG00000088387.19	DOCK9	protein_coding	3247	1620	1627	12.4283	3.0821	3.3324
ENSG00000088448.14	ANKRD10	protein_coding	3254	1647	1607	40.4414	10.0291	10.8437
ENSG00000088451.11	TGDS	protein_coding	573	283	290	12.6390	3.1343	3.3889
ENSG00000088538.13	DOCK3	protein_coding	46	24	22	0.2876	0.0713	0.0771
ENSG00000088543.15	C3orf18	protein_coding	1514	921	834	26.4670	6.5635	7.0967
ENSG00000088682.14	COQ9	protein_coding	1308	659	649	17.1745	4.2591	4.6051
ENSG00000088726.16	TMEM40	protein_coding	184	94	90	3.1649	0.7849	0.8486
ENSG00000088727.13	KIF9	protein_coding	816	496	536	8.4429	2.0937	2.2638
ENSG00000088756.13	ARHGAP28	protein_coding	1841	943	989	8.7645	2.1735	2.3501
ENSG00000088766.12	CRLS1	protein_coding	41	19	22	0.4332	0.1074	0.1162
ENSG00000088782.5	DEFB127	protein_coding	0	0	0	0.0000	0.0000	0.0000
ENSG00000088808.18	PPP1R13B	protein_coding	1923	1382	1506	11.3918	2.8250	3.0545
ENSG00000088812.18	ATRN	protein_coding	12365	6239	6127	79.9474	19.8262	21.4366
ENSG00000088826.18	SMOX	protein_coding	858	428	430	16.5163	4.0959	4.4286
ENSG00000088827.12	SIGLEC1	protein_coding	4090	2102	1989	29.4121	7.2939	7.8864
ENSG00000088832.18	FKBP1A	protein_coding	10504	5354	5246	99.7290	24.7318	26.7407
ENSG00000088833.17	NSFL1C	protein_coding	8117	3971	4147	70.4815	17.4787	18.8984
ENSG00000088836.14	SLC4A11	protein_coding	574	283	293	7.5368	1.8691	2.0209
ENSG00000088854.12	C20orf194	protein_coding	1759	867	893	11.6793	2.8963	3.1316
ENSG00000088876.13	ZNF343	protein_coding	1230	586	644	15.0233	3.7256	4.0283
ENSG00000088881.21	EBF4	protein_coding	3130	1545	1586	50.1277	12.4312	13.4409
ENSG00000088882.8	CPXM1	protein_coding	3537	1810	1727	84.4205	20.9354	22.6360
ENSG00000088888.18	MAVS	protein_coding	10252	5165	5091	49.3918	12.2487	13.2436
ENSG00000088899.15	LZTS3	protein_coding	965	473	492	10.1437	2.5155	2.7199
ENSG00000088926.14	F11	protein_coding	2	2	1	0.0284	0.0070	0.0076
ENSG00000088930.8	XRN2	protein_coding	13691	7089	7172	227.8217	56.4975	61.0866
ENSG00000088970.16	KIZ	protein_coding	1494	811	847	16.2713	4.0351	4.3629
ENSG00000088986.11	DYNLL1	protein_coding	11531	5823	5813	223.1057	55.3280	59.8221
ENSG00000088992.18	TESC	protein_coding	42	21	21	1.2367	0.3067	0.3316
ENSG00000089006.17	SNX5	protein_coding	7348	3717	3693	52.3959	12.9937	14.0491
ENSG00000089009.15	RPL6	protein_coding	28002	14002	14002	357.0930	88.5555	95.7486
ENSG00000089012.14	SIRPG	protein_coding	48	23	27	1.2141	0.3011	0.3255
ENSG00000089022.14	MAPKAPK5	protein_coding	2287	1202	1161	9.4393	2.3408	2.5310
ENSG00000089041.17	P2RX7	protein_coding	514	479	458	5.2558	1.3034	1.4093
ENSG00000089048.14	ESF1	protein_coding	3050	1493	1558	53.7828	13.3376	14.4210
ENSG00000089050.16	RBBP9	protein_coding	4115	2063	2053	60.7238	15.0589	16.2821
ENSG00000089053.13	ANAPC5	protein_coding	6796	3332	3479	31.4382	7.7964	8.4296
ENSG00000089057.15	SLC23A2	protein_coding	1812	929	883	13.6538	3.3860	3.6610
ENSG00000089060.11	SLC8B1	protein_coding	2919	1497	1422	24.4587	6.0655	6.5582
ENSG00000089063.15	TMEM230	protein_coding	11994	6069	5926	222.9366	55.2860	59.7767
ENSG00000089091.16	DZANK1	protein_coding	846	401	445	7.2483	1.7975	1.9435
ENSG00000089094.19	KDM2B	protein_coding	1917	1350	1262	7.9748	1.9777	2.1383
ENSG00000089101.19	CFAP61	protein_coding	190	103	95	1.3613	0.3376	0.3650
ENSG00000089116.4	LHX5	protein_coding	2	2	0	0.0370	0.0092	0.0099
ENSG00000089123.16	TASP1	protein_coding	1168	600	568	22.8641	5.6701	6.1306
ENSG00000089127.14	OAS1	protein_coding	17289	10457	10093	197.5138	48.9814	52.9601
ENSG00000089154.11	GCN1	protein_coding	10664	5357	5307	62.6041	15.5252	16.7862
ENSG00000089157.16	RPLP0	protein_coding	71439	35867	35572	1015.8736	251.9264	272.3896
ENSG00000089159.16	PXN	protein_coding	1764	2984	2972	13.4097	3.3255	3.5956
ENSG00000089163.4	SIRT4	protein_coding	51	20	34	2.3668	0.5869	0.6346
ENSG00000089169.15	RPH3A	protein_coding	11	4	7	0.0607	0.0151	0.0163
ENSG00000089177.19	KIF16B	protein_coding	8734	4374	4360	64.0342	15.8798	17.1697
ENSG00000089195.15	TRMT6	protein_coding	2012	1007	1005	30.1614	7.4797	8.0873
ENSG00000089199.10	CHGB	protein_coding	5	3	2	0.0638	0.0158	0.0171
ENSG00000089220.5	PEBP1	protein_coding	20872	10309	10563	781.8035	193.8794	209.6276
ENSG00000089225.20	TBX5	protein_coding	868	429	458	11.0791	2.7475	2.9707
ENSG00000089234.16	BRAP	protein_coding	2843	1432	1412	34.6277	8.5873	9.2848
ENSG00000089248.7	ERP29	protein_coding	7411	3783	3680	137.8411	34.1832	36.9598
ENSG00000089250.19	NOS1	protein_coding	0	0	0	0.0000	0.0000	0.0000
ENSG00000089280.19	FUS	protein_coding	12958	8180	8230	105.1435	26.0745	28.1925
ENSG00000089289.16	IGBP1	protein_coding	3666	2334	2474	111.5337	27.6592	29.9059
ENSG00000089327.15	FXYD5	protein_coding	4949	2375	2574	93.8341	23.2699	25.1600
ENSG00000089335.21	ZNF302	protein_coding	2939	1441	1501	33.1221	8.2140	8.8812
ENSG00000089351.14	GRAMD1A	protein_coding	5842	2869	2985	55.7556	13.8268	14.9499
ENSG00000089356.18	FXYD3	protein_coding	291	146	145	4.9498	1.2275	1.3272
ENSG00000089472.16	HEPH	protein_coding	5187	2591	2596	41.3545	10.2555	11.0885
ENSG00000089486.17	CDIP1	protein_coding	1475	732	745	19.5712	4.8535	5.2477
ENSG00000089505.18	CMTM1	protein_coding	60	32	28	2.3226	0.5760	0.6228
ENSG00000089558.9	KCNH4	protein_coding	15	8	7	0.2246	0.0557	0.0602
ENSG00000089597.18	GANAB	protein_coding	24194	12041	12153	272.7716	67.6446	73.1392
ENSG00000089639.11	GMIP	protein_coding	1078	552	526	16.3896	4.0645	4.3946
ENSG00000089682.16	RBM41	protein_coding	784	396	388	7.2874	1.8072	1.9540
ENSG00000089685.15	BIRC5	protein_coding	1767	922	845	26.2665	6.5138	7.0429
ENSG00000089692.9	LAG3	protein_coding	374	216	158	6.9403	1.7211	1.8609
ENSG00000089693.11	MLF2	protein_coding	10499	5244	5257	176.8334	43.8529	47.4149
ENSG00000089723.10	OTUB2	protein_coding	132	91	94	1.7651	0.4377	0.4733
ENSG00000089737.17	DDX24	protein_coding	12349	6174	6228	81.3653	20.1778	21.8168
ENSG00000089775.12	ZBTB25	protein_coding	1028	783	716	4.7699	1.1829	1.2790
ENSG00000089818.18	NECAP1	protein_coding	2515	1278	1248	16.2351	4.0261	4.3532
ENSG00000089820.16	ARHGAP4	protein_coding	695	347	348	7.0633	1.7516	1.8939
ENSG00000089847.12	ANKRD24	protein_coding	117	55	63	1.4830	0.3678	0.3976
ENSG00000089876.12	DHX32	protein_coding	3941	2828	2801	56.9411	14.1208	15.2678
ENSG00000089902.10	RCOR1	protein_coding	2833	1417	1416	25.9170	6.4271	6.9492
ENSG00000089916.18	GPATCH2L	protein_coding	2899	1517	1387	7.4772	1.8543	2.0049
ENSG00000090006.18	LTBP4	protein_coding	3021	1558	1463	21.1246	5.2387	5.6642
ENSG00000090013.11	BLVRB	protein_coding	7968	3914	4055	280.1395	69.4718	75.1148
ENSG00000090020.11	SLC9A1	protein_coding	7710	3842	3868	70.5785	17.5028	18.9245
ENSG00000090054.15	SPTLC1	protein_coding	6034	3032	3002	52.5392	13.0292	14.0875
ENSG00000090060.18	PAPOLA	protein_coding	14382	7168	7223	59.9399	14.8645	16.0719
ENSG00000090061.17	CCNK	protein_coding	496	1607	1591	3.4219	0.8486	0.9175
ENSG00000090097.22	PCBP4	protein_coding	1308	658	660	19.8439	4.9211	5.3208
ENSG00000090104.12	RGS1	protein_coding	6436	3188	3248	89.5890	22.2172	24.0218
ENSG00000090238.12	YPEL3	protein_coding	4205	2049	2251	74.9656	18.5907	20.1008
ENSG00000090263.16	MRPS33	protein_coding	2487	1271	1217	26.8899	6.6684	7.2101
ENSG00000090266.13	NDUFB2	protein_coding	2170	2092	2047	27.6727	6.8626	7.4200
ENSG00000090273.14	NUDC	protein_coding	7416	3685	3820	147.6689	36.6204	39.5950
ENSG00000090316.16	MAEA	protein_coding	2692	1322	1371	15.5446	3.8549	4.1680
ENSG00000090339.9	ICAM1	protein_coding	2887	2534	2672	47.4831	11.7753	12.7318
ENSG00000090372.15	STRN4	protein_coding	3924	2185	2334	29.1384	7.2260	7.8130
ENSG00000090376.11	IRAK3	protein_coding	197	107	111	1.1532	0.2860	0.3092
ENSG00000090382.7	LYZ	protein_coding	2376	2200	2277	78.1571	19.3822	20.9565
ENSG00000090402.8	SI	protein_coding	0	0	0	0.0000	0.0000	0.0000
ENSG00000090432.7	MUL1	protein_coding	2608	1292	1316	60.9142	15.1061	16.3331
ENSG00000090447.12	TFAP4	protein_coding	747	384	363	5.3848	1.3354	1.4438
ENSG00000090470.15	PDCD7	protein_coding	1280	605	675	22.4386	5.5645	6.0165
ENSG00000090487.11	SPG21	protein_coding	5600	2847	2777	79.7328	19.7729	21.3790
ENSG00000090512.12	FETUB	protein_coding	0	0	0	0.0000	0.0000	0.0000
ENSG00000090520.11	DNAJB11	protein_coding	1699	865	868	16.8121	4.1692	4.5079
ENSG00000090530.10	P3H2	protein_coding	490	248	242	4.9862	1.2365	1.3370
ENSG00000090534.20	THPO	protein_coding	58	52	49	1.2160	0.3015	0.3260
ENSG00000090539.15	CHRD	protein_coding	783	413	413	6.7075	1.6634	1.7985
ENSG00000090554.13	FLT3LG	protein_coding	5	1	4	0.0996	0.0247	0.0267
ENSG00000090565.17	RAB11FIP3	protein_coding	4150	2054	2098	37.4338	9.2832	10.0373
ENSG00000090581.10	GNPTG	protein_coding	2981	1868	1836	41.2927	10.2402	11.0720
ENSG00000090612.22	ZNF268	protein_coding	1471	732	740	5.9180	1.4676	1.5868
ENSG00000090615.15	GOLGA3	protein_coding	6462	3233	3230	34.5228	8.5613	9.2567
ENSG00000090621.15	PABPC4	protein_coding	5585	3485	3622	30.8278	7.6450	8.2660
ENSG00000090659.18	CD209	protein_coding	344	175	169	4.4196	1.0960	1.1850
ENSG00000090661.12	CERS4	protein_coding	10466	5313	5155	146.2248	36.2623	39.2078
ENSG00000090674.16	MCOLN1	protein_coding	1571	769	802	22.5092	5.5821	6.0355
ENSG00000090686.16	USP48	protein_coding	4543	2299	2244	27.1279	6.7274	7.2739
ENSG00000090776.6	EFNB1	protein_coding	1475	706	769	25.3246	6.2802	6.7904
ENSG00000090857.14	PDPR	protein_coding	2024	1898	1867	11.8588	2.9409	3.1797
ENSG00000090861.17	AARS1	protein_coding	9662	4760	4903	53.4672	13.2593	14.3363
ENSG00000090863.12	GLG1	protein_coding	15397	7783	7616	61.8782	15.3452	16.5916
ENSG00000090889.12	KIF4A	protein_coding	931	488	461	11.5454	2.8631	3.0957
ENSG00000090905.19	TNRC6A	protein_coding	4684	2354	2332	20.4835	5.0797	5.4923
ENSG00000090924.15	PLEKHG2	protein_coding	2471	1209	1264	15.3719	3.8121	4.1217
ENSG00000090932.11	DLL3	protein_coding	1	1	0	0.0217	0.0054	0.0058
ENSG00000090971.5	NAT14	protein_coding	568	259	309	16.2765	4.0364	4.3643
ENSG00000090975.13	PITPNM2	protein_coding	430	229	201	2.6619	0.6601	0.7137
ENSG00000090989.18	EXOC1	protein_coding	2346	1681	1585	24.7888	6.1474	6.6467
ENSG00000091009.8	RBM27	protein_coding	3127	1563	1564	26.6105	6.5991	7.1352
ENSG00000091010.6	POU4F3	protein_coding	12	8	4	0.2643	0.0655	0.0709
ENSG00000091039.17	OSBPL8	protein_coding	9076	4540	4536	55.9578	13.8770	15.0041
ENSG00000091073.19	DTX2	protein_coding	557	275	284	6.2649	1.5536	1.6798
ENSG00000091106.19	NLRC4	protein_coding	214	101	120	3.2038	0.7945	0.8590
ENSG00000091127.14	PUS7	protein_coding	1728	862	866	22.1058	5.4820	5.9273
ENSG00000091128.13	LAMB4	protein_coding	26	12	14	0.2100	0.0521	0.0563
ENSG00000091129.21	NRCAM	protein_coding	4551	2309	2242	31.3517	7.7749	8.4064
ENSG00000091136.15	LAMB1	protein_coding	20274	10897	10913	61.8405	15.3358	16.5815
ENSG00000091137.14	SLC26A4	protein_coding	110	56	56	1.1126	0.2759	0.2983
ENSG00000091138.13	SLC26A3	protein_coding	151	71	80	2.5320	0.6279	0.6789
ENSG00000091140.14	DLD	protein_coding	3346	2400	2471	37.1916	9.2231	9.9723
ENSG00000091157.14	WDR7	protein_coding	1761	910	876	11.2222	2.7830	3.0090
ENSG00000091164.13	TXNL1	protein_coding	4772	2346	2451	23.9550	5.9406	6.4231
ENSG00000091181.20	IL5RA	protein_coding	11	5	6	0.0945	0.0234	0.0253
ENSG00000091262.16	ABCC6	protein_coding	389	183	206	3.1824	0.7892	0.8533
ENSG00000091317.8	CMTM6	protein_coding	7938	4812	4910	116.7134	28.9438	31.2948
ENSG00000091409.15	ITGA6	protein_coding	5183	2789	2771	43.8044	10.8631	11.7454
ENSG00000091428.18	RAPGEF4	protein_coding	525	271	254	4.1786	1.0363	1.1204
ENSG00000091436.17	MAP3K20	protein_coding	2255	1184	1255	9.2641	2.2974	2.4840
ENSG00000091482.8	SMPX	protein_coding	5	3	2	0.2142	0.0531	0.0574
ENSG00000091483.7	FH	protein_coding	3968	2044	1924	105.3489	26.1255	28.2475
ENSG00000091490.11	SEL1L3	protein_coding	806	427	379	6.1083	1.5148	1.6378
ENSG00000091513.16	TF	protein_coding	38	25	13	0.0828	0.0205	0.0222
ENSG00000091527.16	CDV3	protein_coding	33744	17063	16682	433.8294	107.5853	116.3241
ENSG00000091536.19	MYO15A	protein_coding	95	52	45	0.2694	0.0668	0.0722
ENSG00000091542.9	ALKBH5	protein_coding	6857	3668	3625	107.9867	26.7796	28.9549
ENSG00000091583.11	APOH	protein_coding	0	0	0	0.0000	0.0000	0.0000
ENSG00000091592.16	NLRP1	protein_coding	942	483	459	4.5729	1.1340	1.2262
ENSG00000091622.16	PITPNM3	protein_coding	123	73	60	0.6537	0.1621	0.1753
ENSG00000091640.8	SPAG7	protein_coding	1854	913	941	37.8747	9.3926	10.1555
ENSG00000091651.9	ORC6	protein_coding	178	89	89	2.3426	0.5809	0.6281
ENSG00000091656.19	ZFHX4	protein_coding	2161	1058	1103	7.7314	1.9173	2.0730
ENSG00000091664.9	SLC17A6	protein_coding	0	0	0	0.0000	0.0000	0.0000
ENSG00000091704.10	CPA1	protein_coding	0	0	0	0.0000	0.0000	0.0000
ENSG00000091732.17	ZC3HC1	protein_coding	650	360	358	12.2463	3.0370	3.2837
ENSG00000091831.24	ESR1	protein_coding	23258	11720	11540	96.0921	23.8299	25.7655
ENSG00000091844.8	RGS17	protein_coding	191	98	93	1.3656	0.3386	0.3662
ENSG00000091879.14	ANGPT2	protein_coding	3299	1708	1691	27.5370	6.8289	7.3836
ENSG00000091947.10	TMEM101	protein_coding	2600	1328	1272	48.6781	12.0717	13.0522
ENSG00000091972.18	CD200	protein_coding	780	377	403	14.7890	3.6675	3.9654
ENSG00000091986.16	CCDC80	protein_coding	35892	17440	18453	155.7571	38.6262	41.7637
ENSG00000092009.10	CMA1	protein_coding	39	26	23	2.3604	0.5854	0.6329
ENSG00000092010.15	PSME1	protein_coding	13338	6662	6735	425.8996	105.6188	114.1979
ENSG00000092020.10	PPP2R3C	protein_coding	945	852	801	13.8729	3.4403	3.7198
ENSG00000092036.18	HAUS4	protein_coding	739	432	491	16.5060	4.0933	4.4258
ENSG00000092051.17	JPH4	protein_coding	52	20	33	0.5567	0.1381	0.1493
ENSG00000092054.13	MYH7	protein_coding	0	0	0	0.0000	0.0000	0.0000
ENSG00000092067.6	CEBPE	protein_coding	10	5	5	0.4762	0.1181	0.1277
ENSG00000092068.20	SLC7A8	protein_coding	18050	8774	9277	170.8588	42.3713	45.8129
ENSG00000092094.11	OSGEP	protein_coding	1124	586	583	12.6698	3.1420	3.3972
ENSG00000092096.18	SLC22A17	protein_coding	1636	808	828	21.6871	5.3782	5.8150
ENSG00000092098.17	RNF31	protein_coding	16	36	36	0.1795	0.0445	0.0481
ENSG00000092108.22	SCFD1	protein_coding	3855	1932	1924	7.4948	1.8586	2.0096
ENSG00000092140.16	G2E3	protein_coding	1705	864	841	10.3756	2.5731	2.7821
ENSG00000092148.13	HECTD1	protein_coding	10899	5845	5726	49.2221	12.2066	13.1981
ENSG00000092199.18	HNRNPC	protein_coding	26921	13350	13571	208.8780	51.7996	56.0072
ENSG00000092200.12	RPGRIP1	protein_coding	140	80	66	1.4514	0.3599	0.3892
ENSG00000092201.10	SUPT16H	protein_coding	11435	5703	5738	93.9824	23.3067	25.1998
ENSG00000092203.15	TOX4	protein_coding	5585	3333	3235	44.6658	11.0767	11.9764
ENSG00000092208.17	GEMIN2	protein_coding	546	262	284	11.2309	2.7852	3.0114
ENSG00000092295.12	TGM1	protein_coding	37	18	19	0.5618	0.1393	0.1506
ENSG00000092330.18	TINF2	protein_coding	4537	2294	2246	94.8721	23.5273	25.4384
ENSG00000092345.14	DAZL	protein_coding	0	0	0	0.0000	0.0000	0.0000
ENSG00000092377.15	TBL1Y	protein_coding	0	0	0	0.0000	0.0000	0.0000
ENSG00000092421.17	SEMA6A	protein_coding	1280	687	699	6.6559	1.6506	1.7847
ENSG00000092439.16	TRPM7	protein_coding	3477	1897	1874	15.9273	3.9498	4.2707
ENSG00000092445.12	TYRO3	protein_coding	426	206	220	2.2431	0.5563	0.6015
ENSG00000092470.12	WDR76	protein_coding	1150	585	565	16.0869	3.9894	4.3134
ENSG00000092529.25	CAPN3	protein_coding	86	92	110	0.3818	0.0947	0.1024
ENSG00000092531.10	SNAP23	protein_coding	833	2304	2238	8.0724	2.0019	2.1645
ENSG00000092607.15	TBX15	protein_coding	707	368	339	9.2297	2.2889	2.4748
ENSG00000092621.13	PHGDH	protein_coding	1370	686	684	8.4568	2.0972	2.2676
ENSG00000092758.18	COL9A3	protein_coding	63	78	93	0.7380	0.1830	0.1979
ENSG00000092820.18	EZR	protein_coding	51675	26884	26837	888.5651	220.3552	238.2540
ENSG00000092841.19	MYL6	protein_coding	23992	13016	13080	307.5465	76.2684	82.4635
ENSG00000092847.13	AGO1	protein_coding	3799	1955	1862	15.5105	3.8465	4.1589
ENSG00000092850.12	TEKT2	protein_coding	181	94	87	5.2397	1.2994	1.4049
ENSG00000092853.14	CLSPN	protein_coding	578	323	330	3.4176	0.8475	0.9164
ENSG00000092871.17	RFFL	protein_coding	1355	1864	1979	9.1839	2.2775	2.4625
ENSG00000092929.12	UNC13D	protein_coding	1061	514	547	8.0386	1.9935	2.1554
ENSG00000092931.11	MFSD11	protein_coding	1740	2632	2457	14.9803	3.7150	4.0167
ENSG00000092964.18	DPYSL2	protein_coding	8243	4101	4142	64.0708	15.8889	17.1795
ENSG00000092969.12	TGFB2	protein_coding	504	262	253	4.7243	1.1716	1.2667
ENSG00000092978.11	GPATCH2	protein_coding	2885	1452	1433	18.5056	4.5892	4.9620
ENSG00000093000.19	NUP50	protein_coding	5336	2626	2710	36.7417	9.1116	9.8517
ENSG00000093009.11	CDC45	protein_coding	482	224	259	9.1787	2.2762	2.4611
ENSG00000093010.15	COMT	protein_coding	5821	2838	3027	44.7544	11.0986	12.0002
ENSG00000093072.18	ADA2	protein_coding	5847	2900	2948	38.0955	9.4473	10.2147
ENSG00000093100.13	AC016026.1	lncRNA	2	1	1	0.0262	0.0065	0.0070
ENSG00000093134.15	VNN3	protein_coding	1	1	0	0.0094	0.0023	0.0025
ENSG00000093144.19	ECHDC1	protein_coding	2738	1347	1392	27.3559	6.7840	7.3350
ENSG00000093167.18	LRRFIP2	protein_coding	3601	1792	1809	19.1318	4.7445	5.1299
ENSG00000093183.14	SEC22C	protein_coding	4576	2422	2363	31.8060	7.8876	8.5282
ENSG00000093217.11	XYLB	protein_coding	652	329	324	5.8440	1.4492	1.5670
ENSG00000094631.21	HDAC6	protein_coding	3418	1714	1704	18.2828	4.5340	4.9022
ENSG00000094661.3	OR1I1	protein_coding	1	0	1	0.0094	0.0023	0.0025
ENSG00000094755.17	GABRP	protein_coding	321	167	179	3.9394	0.9769	1.0563
ENSG00000094796.5	KRT31	protein_coding	116	54	62	4.0733	1.0101	1.0922
ENSG00000094804.12	CDC6	protein_coding	1485	757	728	15.8566	3.9323	4.2517
ENSG00000094841.14	UPRT	protein_coding	1032	534	498	15.8646	3.9343	4.2538
ENSG00000094880.11	CDC23	protein_coding	3437	1770	1752	42.2253	10.4715	11.3220
ENSG00000094914.14	AAAS	protein_coding	2289	1109	1180	27.4612	6.8101	7.3633
ENSG00000094916.16	CBX5	protein_coding	8613	4316	4299	32.4806	8.0549	8.7091
ENSG00000094963.14	FMO2	protein_coding	166	83	103	1.5181	0.3765	0.4071
ENSG00000094975.14	SUCO	protein_coding	5227	2561	2666	37.5504	9.3121	10.0685
ENSG00000095002.15	MSH2	protein_coding	2221	1103	1130	9.2111	2.2843	2.4698
ENSG00000095015.6	MAP3K1	protein_coding	23448	11963	12263	171.7783	42.5993	46.0595
ENSG00000095059.16	DHPS	protein_coding	106	89	99	2.0145	0.4996	0.5402
ENSG00000095066.12	HOOK2	protein_coding	2102	1270	1346	20.0343	4.9683	5.3719
ENSG00000095110.8	NXPE1	protein_coding	2	0	2	0.0259	0.0064	0.0069
ENSG00000095139.14	ARCN1	protein_coding	13672	6859	6813	185.6210	46.0321	49.7712
ENSG00000095203.14	EPB41L4B	protein_coding	138	65	73	0.9933	0.2463	0.2663
ENSG00000095209.12	TMEM38B	protein_coding	547	271	276	6.8462	1.6978	1.8357
ENSG00000095261.14	PSMD5	protein_coding	2419	1212	1215	31.1847	7.7335	8.3617
ENSG00000095303.17	PTGS1	protein_coding	2281	1142	1139	22.3644	5.5461	5.9966
ENSG00000095319.14	NUP188	protein_coding	3917	1912	2028	27.6250	6.8507	7.4072
ENSG00000095321.17	CRAT	protein_coding	2990	1517	1664	44.5281	11.0425	11.9395
ENSG00000095370.20	SH2D3C	protein_coding	641	309	334	7.8546	1.9479	2.1061
ENSG00000095380.11	NANS	protein_coding	1586	1248	1238	18.2401	4.5234	4.8908
ENSG00000095383.20	TBC1D2	protein_coding	1685	839	846	26.5656	6.5880	7.1231
ENSG00000095397.16	WHRN	protein_coding	357	181	177	3.5493	0.8802	0.9517
ENSG00000095464.10	PDE6C	protein_coding	50	22	28	0.8436	0.2092	0.2262
ENSG00000095485.18	CWF19L1	protein_coding	1773	996	1071	25.2313	6.2571	6.7654
ENSG00000095539.15	SEMA4G	protein_coding	468	459	461	5.0524	1.2529	1.3547
ENSG00000095564.14	BTAF1	protein_coding	4887	2409	2478	36.5574	9.0659	9.8023
ENSG00000095574.12	IKZF5	protein_coding	2445	1253	1342	28.1363	6.9775	7.5443
ENSG00000095585.17	BLNK	protein_coding	2662	1688	1610	24.4038	6.0519	6.5435
ENSG00000095587.9	TLL2	protein_coding	556	288	268	3.8655	0.9586	1.0365
ENSG00000095596.12	CYP26A1	protein_coding	38	16	22	0.7271	0.1803	0.1949
ENSG00000095627.9	TDRD1	protein_coding	2	0	2	0.0216	0.0054	0.0058
ENSG00000095637.22	SORBS1	protein_coding	3654	1840	1814	18.9223	4.6925	5.0737
ENSG00000095713.14	CRTAC1	protein_coding	4	6	3	0.0638	0.0158	0.0171
ENSG00000095739.11	BAMBI	protein_coding	138	66	72	3.6587	0.9073	0.9810
ENSG00000095752.7	IL11	protein_coding	238	127	111	5.0399	1.2499	1.3514
ENSG00000095777.17	MYO3A	protein_coding	49	26	23	0.3294	0.0817	0.0883
ENSG00000095787.23	WAC	protein_coding	12472	6280	6285	57.1176	14.1646	15.3151
ENSG00000095794.19	CREM	protein_coding	2320	1176	1149	23.0860	5.7251	6.1901
ENSG00000095906.17	NUBP2	protein_coding	2020	1030	991	23.1563	5.7425	6.2090
ENSG00000095917.14	TPSD1	protein_coding	183	103	83	6.5559	1.6258	1.7578
ENSG00000095932.7	SMIM24	protein_coding	16	9	7	0.6127	0.1519	0.1643
ENSG00000095951.17	HIVEP1	protein_coding	3034	1468	1566	15.6345	3.8772	4.1921
ENSG00000095970.17	TREM2	protein_coding	1496	787	709	77.4777	19.2137	20.7744
ENSG00000095981.11	KCNK16	protein_coding	0	0	0	0.0000	0.0000	0.0000
ENSG00000096006.12	CRISP3	protein_coding	68	27	41	1.7101	0.4241	0.4585
ENSG00000096060.15	FKBP5	protein_coding	3546	1841	1705	18.9211	4.6922	5.0734
ENSG00000096063.16	SRPK1	protein_coding	2195	2193	2164	18.6011	4.6129	4.9876
ENSG00000096070.19	BRPF3	protein_coding	4225	2093	2132	36.2316	8.9851	9.7149
ENSG00000096080.12	MRPS18A	protein_coding	567	848	783	23.2163	5.7574	6.2251
ENSG00000096088.16	PGC	protein_coding	4	1	3	0.1120	0.0278	0.0300
ENSG00000096092.6	TMEM14A	protein_coding	2070	1013	1057	118.8154	29.4650	31.8584
ENSG00000096093.16	EFHC1	protein_coding	1581	914	864	3.9421	0.9776	1.0570
ENSG00000096264.14	NCR2	protein_coding	0	0	0	0.0000	0.0000	0.0000
ENSG00000096384.20	HSP90AB1	protein_coding	93744	46715	47030	1783.9663	442.4056	478.3409
ENSG00000096395.11	MLN	protein_coding	0	0	0	0.0000	0.0000	0.0000
ENSG00000096401.8	CDC5L	protein_coding	4768	2330	2438	43.3253	10.7442	11.6170
ENSG00000096433.11	ITPR3	protein_coding	5720	3533	3502	32.8654	8.1503	8.8123
ENSG00000096654.15	ZNF184	protein_coding	794	455	449	14.4227	3.5767	3.8672
ENSG00000096696.14	DSP	protein_coding	55283	27604	27682	312.0121	77.3758	83.6609
ENSG00000096717.12	SIRT1	protein_coding	3117	1494	1623	38.7303	9.6047	10.3849
ENSG00000096746.17	HNRNPH3	protein_coding	7627	4557	4529	80.5001	19.9632	21.5848
ENSG00000096872.17	IFT74	protein_coding	1563	796	796	12.1805	3.0206	3.2660
ENSG00000096968.14	JAK2	protein_coding	1467	754	713	10.5202	2.6089	2.8208
ENSG00000096996.16	IL12RB1	protein_coding	165	88	77	2.1806	0.5408	0.5847
ENSG00000097007.19	ABL1	protein_coding	7321	3716	3605	59.1584	14.6707	15.8623
ENSG00000097021.20	ACOT7	protein_coding	1749	847	903	28.3388	7.0277	7.5986
ENSG00000097033.14	SH3GLB1	protein_coding	10925	5311	5614	90.0387	22.3287	24.1424
ENSG00000097046.13	CDC7	protein_coding	706	358	348	11.1245	2.7588	2.9829
ENSG00000097096.9	SYDE2	protein_coding	1360	666	694	12.0415	2.9862	3.2287
ENSG00000099139.14	PCSK5	protein_coding	1078	537	541	4.5824	1.1364	1.2287
ENSG00000099194.6	SCD	protein_coding	28146	14005	14141	304.3201	75.4683	81.5984
ENSG00000099203.7	TMED1	protein_coding	490	943	911	14.7494	3.6577	3.9548
ENSG00000099204.20	ABLIM1	protein_coding	6104	3042	3062	33.8342	8.3905	9.0721
ENSG00000099219.14	ERMP1	protein_coding	11641	5931	6026	101.1276	25.0786	27.1157
ENSG00000099246.17	RAB18	protein_coding	8275	4170	4105	75.3855	18.6949	20.2134
ENSG00000099250.18	NRP1	protein_coding	9173	5120	5055	45.1485	11.1964	12.1058
ENSG00000099251.14	HSD17B7P2	transcribed_unprocessed_pseudogene	136	72	64	5.1212	1.2700	1.3732
ENSG00000099256.19	PRTFDC1	protein_coding	503	285	227	12.2741	3.0439	3.2911
ENSG00000099260.11	PALMD	protein_coding	714	344	370	5.0150	1.2437	1.3447
ENSG00000099282.10	TSPAN15	protein_coding	4588	2318	2270	98.1461	24.3392	26.3162
ENSG00000099284.15	MACROH2A2	protein_coding	653	342	356	2.4708	0.6127	0.6625
ENSG00000099290.17	WASHC2A	protein_coding	3035	1550	1489	33.3427	8.2686	8.9403
ENSG00000099308.10	MAST3	protein_coding	673	414	393	5.6358	1.3976	1.5112
ENSG00000099326.9	MZF1	protein_coding	1072	769	747	9.1363	2.2657	2.4498
ENSG00000099330.9	OCEL1	protein_coding	1477	713	764	45.0811	11.1797	12.0877
ENSG00000099331.13	MYO9B	protein_coding	6609	3752	3860	37.6755	9.3432	10.1021
ENSG00000099337.5	KCNK6	protein_coding	1616	796	820	14.8579	3.6846	3.9839
ENSG00000099338.23	CATSPERG	protein_coding	456	232	231	2.8139	0.6978	0.7545
ENSG00000099341.11	PSMD8	protein_coding	10791	5131	5660	197.0877	48.8758	52.8458
ENSG00000099364.18	FBXL19	protein_coding	841	442	425	9.8033	2.4311	2.6286
ENSG00000099365.11	STX1B	protein_coding	170	93	78	1.8518	0.4592	0.4965
ENSG00000099377.14	HSD3B7	protein_coding	532	704	678	12.1163	3.0047	3.2488
ENSG00000099381.18	SETD1A	protein_coding	2467	1213	1255	21.9560	5.4449	5.8871
ENSG00000099385.12	BCL7C	protein_coding	824	821	922	12.4944	3.0985	3.3502
ENSG00000099399.6	MAGEB2	protein_coding	3	1	2	0.1059	0.0263	0.0284
ENSG00000099617.4	EFNA2	protein_coding	7	2	5	0.1638	0.0406	0.0439
ENSG00000099622.14	CIRBP	protein_coding	18034	9257	8798	160.6011	39.8274	43.0625
ENSG00000099624.8	ATP5F1D	protein_coding	1866	904	962	47.0524	11.6685	12.6163
ENSG00000099625.13	CBARP	protein_coding	88	83	87	1.0870	0.2696	0.2915
ENSG00000099715.14	PCDH11Y	protein_coding	0	0	0	0.0000	0.0000	0.0000
ENSG00000099721.14	AMELY	protein_coding	0	0	0	0.0000	0.0000	0.0000
ENSG00000099725.14	PRKY	protein_coding	1	0	1	0.0074	0.0018	0.0020
ENSG00000099769.6	IGFALS	protein_coding	55	29	27	1.3375	0.3317	0.3586
ENSG00000099783.12	HNRNPM	protein_coding	15689	8279	8020	158.4829	39.3021	42.4945
ENSG00000099785.10	MARCHF2	protein_coding	2276	1115	1161	58.2454	14.4443	15.6175
ENSG00000099795.7	NDUFB7	protein_coding	3444	1422	2022	365.0638	90.5321	97.8858
ENSG00000099797.15	TECR	protein_coding	7937	4371	4397	76.3023	18.9222	20.4592
ENSG00000099800.8	TIMM13	protein_coding	2352	1203	1240	80.1574	19.8782	21.4929
ENSG00000099804.9	CDC34	protein_coding	1707	869	838	51.1108	12.6750	13.7045
ENSG00000099810.21	MTAP	protein_coding	2001	1122	1145	7.8114	1.9372	2.0945
ENSG00000099812.9	MISP	protein_coding	6302	3189	3114	119.9283	29.7410	32.1568
ENSG00000099814.16	CEP170B	protein_coding	2742	1349	1393	21.5641	5.3477	5.7821
ENSG00000099817.12	POLR2E	protein_coding	7014	3570	3627	81.6763	20.2549	21.9002
ENSG00000099821.14	POLRMT	protein_coding	2385	1165	1221	26.7299	6.6287	7.1672
ENSG00000099822.3	HCN2	protein_coding	163	85	94	2.7028	0.6703	0.7247
ENSG00000099834.19	CDHR5	protein_coding	13	2	11	0.1909	0.0474	0.0512
ENSG00000099840.14	IZUMO4	protein_coding	139	60	84	2.8457	0.7057	0.7630
ENSG00000099849.15	RASSF7	protein_coding	806	394	412	18.1815	4.5088	4.8751
ENSG00000099860.9	GADD45B	protein_coding	6198	2971	3227	164.4006	40.7697	44.0813
ENSG00000099864.18	PALM	protein_coding	1952	960	993	22.5362	5.5888	6.0427
ENSG00000099866.15	MADCAM1	protein_coding	26	18	9	0.5564	0.1380	0.1492
ENSG00000099869.8	IGF2-AS	lncRNA	63	34	48	1.2453	0.3088	0.3339
ENSG00000099875.15	MKNK2	protein_coding	4625	2310	2315	50.2363	12.4581	13.4700
ENSG00000099889.14	ARVCF	protein_coding	835	453	426	8.4019	2.0836	2.2528
ENSG00000099899.15	TRMT2A	protein_coding	1169	702	751	16.7663	4.1579	4.4956
ENSG00000099901.17	RANBP1	protein_coding	3664	2001	1947	44.9752	11.1534	12.0593
ENSG00000099904.16	ZDHHC8	protein_coding	1951	969	982	19.9533	4.9482	5.3502
ENSG00000099910.17	KLHL22	protein_coding	1900	958	942	23.3881	5.8000	6.2711
ENSG00000099917.17	MED15	protein_coding	4624	2275	2481	25.2773	6.2685	6.7777
ENSG00000099937.11	SERPIND1	protein_coding	4	3	1	0.0978	0.0243	0.0262
ENSG00000099940.12	SNAP29	protein_coding	4643	2706	2758	53.4628	13.2582	14.3352
ENSG00000099942.13	CRKL	protein_coding	8274	4123	4151	87.8357	21.7824	23.5517
ENSG00000099949.21	LZTR1	protein_coding	728	382	346	4.7602	1.1805	1.2764
ENSG00000099953.10	MMP11	protein_coding	123442	61959	61486	1359.5635	337.1580	364.5443
ENSG00000099954.18	CECR2	protein_coding	1449	739	742	7.6376	1.8940	2.0479
ENSG00000099956.20	SMARCB1	protein_coding	4987	3026	3088	17.1132	4.2439	4.5886
ENSG00000099957.16	P2RX6	protein_coding	20	32	46	0.2398	0.0595	0.0643
ENSG00000099958.15	DERL3	protein_coding	248	676	698	3.7050	0.9188	0.9934
ENSG00000099960.13	SLC7A4	protein_coding	1091	670	680	25.2533	6.2626	6.7713
ENSG00000099968.18	BCL2L13	protein_coding	6780	3442	3338	50.1819	12.4446	13.4554
ENSG00000099974.8	DDTL	protein_coding	38	803	766	1.3622	0.3378	0.3652
ENSG00000099977.14	DDT	protein_coding	0	0	0	0.0000	0.0000	0.0000
ENSG00000099984.11	GSTT2	polymorphic_pseudogene	2	2	0	0.0958	0.0238	0.0257
ENSG00000099985.4	OSM	protein_coding	288	152	136	7.6859	1.9060	2.0608
ENSG00000099991.18	CABIN1	protein_coding	5829	2908	2922	35.2112	8.7320	9.4413
ENSG00000099992.16	TBC1D10A	protein_coding	816	381	436	6.6602	1.6517	1.7858
ENSG00000099994.11	SUSD2	protein_coding	10548	5253	5296	118.5213	29.3921	31.7795
ENSG00000099995.19	SF3A1	protein_coding	11551	5732	5935	103.9608	25.7812	27.8754
ENSG00000099998.18	GGT5	protein_coding	3771	1900	1875	35.3243	8.7601	9.4716
ENSG00000099999.15	RNF215	protein_coding	1118	735	704	5.9571	1.4773	1.5973
ENSG00000100003.18	SEC14L2	protein_coding	1239	615	625	11.9354	2.9599	3.2003
ENSG00000100012.12	SEC14L3	protein_coding	1	0	1	0.0156	0.0039	0.0042
ENSG00000100014.20	SPECC1L	protein_coding	2558	1349	1209	19.4430	4.8217	5.2133
ENSG00000100023.19	PPIL2	protein_coding	3021	1879	1914	22.3394	5.5399	5.9899
ENSG00000100024.15	UPB1	protein_coding	8	3	5	0.0668	0.0166	0.0179
ENSG00000100027.17	YPEL1	protein_coding	175	467	479	2.1201	0.5258	0.5685
ENSG00000100028.12	SNRPD3	protein_coding	4262	2128	2143	61.7521	15.3139	16.5578
ENSG00000100029.18	PES1	protein_coding	5778	2930	2863	72.3813	17.9498	19.4078
ENSG00000100030.15	MAPK1	protein_coding	12907	6525	6382	118.4586	29.3765	31.7627
ENSG00000100031.19	GGT1	protein_coding	3	1	2	0.0389	0.0096	0.0104
ENSG00000100033.16	PRODH	protein_coding	20	10	14	0.1292	0.0320	0.0347
ENSG00000100034.14	PPM1F	protein_coding	1444	814	847	8.1167	2.0129	2.1764
ENSG00000100036.13	SLC35E4	protein_coding	410	388	343	4.3042	1.0674	1.1541
ENSG00000100038.20	TOP3B	protein_coding	3	361	376	0.0256	0.0064	0.0069
ENSG00000100053.10	CRYBB3	protein_coding	28	16	12	1.8572	0.4606	0.4980
ENSG00000100055.21	CYTH4	protein_coding	1795	925	872	16.6903	4.1390	4.4752
ENSG00000100056.12	ESS2	protein_coding	1113	551	607	10.5144	2.6075	2.8193
ENSG00000100058.12	CRYBB2P1	transcribed_unprocessed_pseudogene	686	340	346	6.0455	1.4992	1.6210
ENSG00000100060.18	MFNG	protein_coding	320	165	155	5.9813	1.4833	1.6038
ENSG00000100065.15	CARD10	protein_coding	796	431	366	7.8452	1.9455	2.1036
ENSG00000100068.13	LRP5L	protein_coding	172	87	85	2.0811	0.5161	0.5580
ENSG00000100075.10	SLC25A1	protein_coding	3207	1564	1643	90.9799	22.5621	24.3948
ENSG00000100077.15	GRK3	protein_coding	2072	1046	1026	12.3988	3.0748	3.3245
ENSG00000100078.4	PLA2G3	protein_coding	1	0	1	0.0218	0.0054	0.0058
ENSG00000100079.7	LGALS2	protein_coding	29	10	19	1.9743	0.4896	0.5294
ENSG00000100083.19	GGA1	protein_coding	4139	2020	2119	25.7399	6.3832	6.9017
ENSG00000100084.14	HIRA	protein_coding	437	216	221	5.7647	1.4296	1.5457
ENSG00000100092.24	SH3BP1	protein_coding	219	114	105	2.5398	0.6298	0.6810
ENSG00000100095.19	SEZ6L	protein_coding	44	23	21	0.3484	0.0864	0.0934
ENSG00000100097.12	LGALS1	protein_coding	37482	18631	18852	1992.1305	494.0282	534.1566
ENSG00000100099.21	HPS4	protein_coding	3015	1699	1607	15.0247	3.7260	4.0286
ENSG00000100100.13	PIK3IP1	protein_coding	5017	2543	2483	74.7934	18.5480	20.0546
ENSG00000100101.15	Z83844.1	protein_coding	0	0	0	0.0000	0.0000	0.0000
ENSG00000100104.13	SRRD	protein_coding	1248	1672	1702	16.3867	4.0637	4.3938
ENSG00000100105.18	PATZ1	protein_coding	5123	2576	2553	50.0302	12.4070	13.4148
ENSG00000100106.22	TRIOBP	protein_coding	3365	1689	1676	15.6558	3.8825	4.1979
ENSG00000100109.17	TFIP11	protein_coding	2818	2512	2432	29.3982	7.2905	7.8826
ENSG00000100116.17	GCAT	protein_coding	908	428	480	24.4970	6.0750	6.5685
ENSG00000100121.13	GGTLC2	protein_coding	0	0	0	0.0000	0.0000	0.0000
ENSG00000100122.7	CRYBB1	protein_coding	55	36	39	2.7075	0.6714	0.7260
ENSG00000100124.15	ANKRD54	protein_coding	1775	925	959	22.9294	5.6863	6.1481
ENSG00000100129.18	EIF3L	protein_coding	7652	3857	3904	101.0113	25.0498	27.0845
ENSG00000100138.15	SNU13	protein_coding	8657	4412	4311	167.7274	41.5947	44.9733
ENSG00000100139.13	MICALL1	protein_coding	1818	905	914	17.2753	4.2841	4.6321
ENSG00000100142.16	POLR2F	protein_coding	1915	985	935	15.4965	3.8430	4.1551
ENSG00000100146.18	SOX10	protein_coding	70	37	38	0.9713	0.2409	0.2604
ENSG00000100147.14	CCDC134	protein_coding	925	553	543	7.3520	1.8232	1.9713
ENSG00000100150.20	DEPDC5	protein_coding	824	412	412	2.6066	0.6464	0.6989
ENSG00000100151.16	PICK1	protein_coding	1144	607	641	14.8424	3.6808	3.9797
ENSG00000100154.14	TTC28	protein_coding	2437	1382	1408	10.9294	2.7104	2.9305
ENSG00000100156.10	SLC16A8	protein_coding	15	7	8	0.3861	0.0958	0.1035
ENSG00000100162.15	CENPM	protein_coding	349	203	146	11.3096	2.8047	3.0325
ENSG00000100167.20	SEPTIN3	protein_coding	2723	1402	1429	21.5883	5.3537	5.7885
ENSG00000100170.10	SLC5A1	protein_coding	18	9	9	0.2009	0.0498	0.0539
ENSG00000100181.22	TPTEP1	transcribed_unprocessed_pseudogene	1637	859	835	9.6171	2.3850	2.5787
ENSG00000100191.6	SLC5A4	protein_coding	8	7	6	0.2215	0.0549	0.0594
ENSG00000100196.11	KDELR3	protein_coding	2773	1419	1407	82.2043	20.3858	22.0417
ENSG00000100197.22	CYP2D6	protein_coding	11	5	10	0.2580	0.0640	0.0692
ENSG00000100201.23	DDX17	protein_coding	40228	20181	20103	228.2013	56.5916	61.1884
ENSG00000100206.10	DMC1	protein_coding	66	40	26	1.0871	0.2696	0.2915
ENSG00000100207.20	TCF20	protein_coding	5139	2550	2589	35.5059	8.8051	9.5203
ENSG00000100209.11	HSCB	protein_coding	663	456	454	25.8588	6.4127	6.9336
ENSG00000100211.10	CBY1	protein_coding	859	813	829	20.7470	5.1450	5.5630
ENSG00000100216.6	TOMM22	protein_coding	4838	2546	2294	125.7392	31.1820	33.7149
ENSG00000100218.12	RSPH14	protein_coding	6	176	196	0.1458	0.0362	0.0391
ENSG00000100219.16	XBP1	protein_coding	165957	82736	83229	3108.1298	770.7848	833.3933
ENSG00000100220.12	RTCB	protein_coding	8250	4139	4112	159.0810	39.4505	42.6549
ENSG00000100221.10	JOSD1	protein_coding	5385	2693	2695	70.5925	17.5062	18.9282
ENSG00000100225.18	FBXO7	protein_coding	7721	3872	3849	51.3857	12.7431	13.7782
ENSG00000100226.16	GTPBP1	protein_coding	4862	3062	3111	34.3753	8.5247	9.2172
ENSG00000100227.18	POLDIP3	protein_coding	7382	3653	3729	114.6940	28.4429	30.7533
ENSG00000100228.12	RAB36	protein_coding	2443	1220	1223	33.7333	8.3655	9.0450
ENSG00000100234.12	TIMP3	protein_coding	141084	70487	70600	1740.4546	431.6152	466.6740
ENSG00000100239.16	PPP6R2	protein_coding	3360	1744	1700	35.6226	8.8341	9.5516
ENSG00000100241.21	SBF1	protein_coding	2977	1562	1499	17.8614	4.4294	4.7892
ENSG00000100242.15	SUN2	protein_coding	4038	3930	4036	35.2897	8.7515	9.4623
ENSG00000100243.21	CYB5R3	protein_coding	12882	6465	6417	126.0200	31.2517	33.7902
ENSG00000100246.13	DNAL4	protein_coding	1831	903	928	42.7308	10.5968	11.4576
ENSG00000100249.4	C22orf31	protein_coding	5	0	5	0.2850	0.0707	0.0764
ENSG00000100253.13	MIOX	protein_coding	2	1	1	0.0632	0.0157	0.0169
ENSG00000100258.18	LMF2	protein_coding	4293	2102	2191	79.4310	19.6981	21.2981
ENSG00000100263.14	RHBDD3	protein_coding	1168	616	574	22.1012	5.4809	5.9261
ENSG00000100266.19	PACSIN2	protein_coding	4813	2442	2371	59.8826	14.8503	16.0565
ENSG00000100271.17	TTLL1	protein_coding	643	382	422	19.5206	4.8409	5.2341
ENSG00000100276.10	RASL10A	protein_coding	36	20	17	0.9361	0.2321	0.2510
ENSG00000100280.16	AP1B1	protein_coding	9597	4678	4919	80.9769	20.0814	21.7126
ENSG00000100281.14	HMGXB4	protein_coding	2741	1347	1394	25.8811	6.4183	6.9396
ENSG00000100284.21	TOM1	protein_coding	6074	3072	3002	58.6908	14.5547	15.7370
ENSG00000100285.10	NEFH	protein_coding	219	101	120	3.2726	0.8116	0.8775
ENSG00000100288.20	CHKB	protein_coding	13	7	6	0.2572	0.0638	0.0690
ENSG00000100290.3	BIK	protein_coding	318	161	157	18.9630	4.7026	5.0846
ENSG00000100292.18	HMOX1	protein_coding	13268	6610	6659	326.2914	80.9170	87.4896
ENSG00000100294.13	MCAT	protein_coding	990	514	476	23.5006	5.8279	6.3013
ENSG00000100296.14	THOC5	protein_coding	1542	785	757	11.1001	2.7527	2.9763
ENSG00000100297.16	MCM5	protein_coding	2415	1225	1190	18.8435	4.6730	5.0526
ENSG00000100298.16	APOBEC3H	protein_coding	37	21	16	1.6773	0.4159	0.4497
ENSG00000100299.18	ARSA	protein_coding	2783	1384	1400	35.0642	8.6956	9.4019
ENSG00000100300.18	TSPO	protein_coding	2508	1285	1223	100.0201	24.8040	26.8187
ENSG00000100302.7	RASD2	protein_coding	329	143	186	5.4127	1.3423	1.4513
ENSG00000100304.13	TTLL12	protein_coding	6552	3346	3206	80.3729	19.9317	21.5506
ENSG00000100307.13	CBX7	protein_coding	1907	1325	1281	14.4832	3.5917	3.8834
ENSG00000100311.17	PDGFB	protein_coding	5176	2539	2637	73.5298	18.2346	19.7158
ENSG00000100312.11	ACR	protein_coding	8	5	3	0.2198	0.0545	0.0589
ENSG00000100314.4	CABP7	protein_coding	7	279	235	0.1191	0.0295	0.0319
ENSG00000100316.16	RPL3	protein_coding	122426	61803	60626	1474.0499	365.5495	395.2420
ENSG00000100319.13	ZMAT5	protein_coding	699	574	632	12.3876	3.0720	3.3215
ENSG00000100320.23	RBFOX2	protein_coding	7728	3839	3890	42.0873	10.4372	11.2850
ENSG00000100321.15	SYNGR1	protein_coding	3734	1857	1877	30.5123	7.5667	8.1814
ENSG00000100324.14	TAB1	protein_coding	2565	1282	1284	32.9172	8.1631	8.8262
ENSG00000100325.15	ASCC2	protein_coding	4460	2188	2272	46.7085	11.5832	12.5241
ENSG00000100330.16	MTMR3	protein_coding	645	2852	2823	3.6981	0.9171	0.9916
ENSG00000100335.15	MIEF1	protein_coding	3834	1962	1873	28.7791	7.1369	7.7166
ENSG00000100336.17	APOL4	protein_coding	424	217	207	5.4935	1.3623	1.4730
ENSG00000100341.12	PNPLA5	protein_coding	0	0	0	0.0000	0.0000	0.0000
ENSG00000100342.21	APOL1	protein_coding	9860	4877	5004	161.7005	40.1001	43.3573
ENSG00000100344.11	PNPLA3	protein_coding	285	140	145	5.0618	1.2553	1.3572
ENSG00000100345.22	MYH9	protein_coding	116236	58172	58073	739.8968	183.4869	198.3910
ENSG00000100346.18	CACNA1I	protein_coding	16	10	6	0.0841	0.0209	0.0225
ENSG00000100347.15	SAMM50	protein_coding	3109	1569	1540	27.5057	6.8211	7.3752
ENSG00000100348.10	TXN2	protein_coding	3510	1756	1754	120.6376	29.9169	32.3470
ENSG00000100350.15	FOXRED2	protein_coding	4247	2066	2186	43.6397	10.8222	11.7012
ENSG00000100351.17	GRAP2	protein_coding	207	104	103	1.8971	0.4705	0.5087
ENSG00000100353.18	EIF3D	protein_coding	13402	6394	7008	199.3252	49.4306	53.4457
ENSG00000100354.21	TNRC6B	protein_coding	2596	1287	1310	7.3617	1.8256	1.9739
ENSG00000100359.21	SGSM3	protein_coding	17	9	13	0.2021	0.0501	0.0542
ENSG00000100360.15	IFT27	protein_coding	1001	827	864	7.0879	1.7577	1.9005
ENSG00000100362.13	PVALB	protein_coding	10	5	5	0.5401	0.1339	0.1448
ENSG00000100364.19	KIAA0930	protein_coding	8230	4143	4088	56.6549	14.0498	15.1911
ENSG00000100365.16	NCF4	protein_coding	673	376	365	17.0459	4.2272	4.5706
ENSG00000100368.14	CSF2RB	protein_coding	763	393	370	8.6713	2.1504	2.3251
ENSG00000100372.15	SLC25A17	protein_coding	2801	1408	1393	39.8207	9.8751	10.6772
ENSG00000100373.10	UPK3A	protein_coding	10	5	5	0.5232	0.1297	0.1403
ENSG00000100376.12	FAM118A	protein_coding	2031	1030	1001	17.9265	4.4456	4.8067
ENSG00000100379.17	KCTD17	protein_coding	1821	929	893	37.0671	9.1923	9.9389
ENSG00000100380.14	ST13	protein_coding	30660	15477	15183	461.9362	114.5555	123.8605
ENSG00000100385.14	IL2RB	protein_coding	640	329	311	7.8542	1.9478	2.1060
ENSG00000100387.9	RBX1	protein_coding	4745	2477	2268	87.0274	21.5819	23.3350
ENSG00000100393.14	EP300	protein_coding	15004	7467	7910	72.7742	18.0473	19.5132
ENSG00000100395.15	L3MBTL2	protein_coding	2289	1707	1709	20.3654	5.0504	5.4606
ENSG00000100399.16	CHADL	protein_coding	89	198	190	1.9442	0.4821	0.5213
ENSG00000100401.20	RANGAP1	protein_coding	6136	3088	3048	56.8954	14.1095	15.2556
ENSG00000100403.12	ZC3H7B	protein_coding	8172	4038	4134	44.0443	10.9225	11.8097
ENSG00000100410.8	PHF5A	protein_coding	1745	924	821	82.3285	20.4166	22.0750
ENSG00000100412.17	ACO2	protein_coding	5119	5426	5208	24.5766	6.0947	6.5898
ENSG00000100413.17	POLR3H	protein_coding	1488	3487	3517	12.7875	3.1712	3.4287
ENSG00000100416.15	TRMU	protein_coding	1119	560	559	6.8834	1.7070	1.8457
ENSG00000100417.12	PMM1	protein_coding	1211	869	929	13.5803	3.3678	3.6413
ENSG00000100418.8	DESI1	protein_coding	3410	1693	1717	39.3131	9.7492	10.5411
ENSG00000100422.14	CERK	protein_coding	2854	1448	1407	32.8297	8.1414	8.8027
ENSG00000100425.18	BRD1	protein_coding	2600	1255	1345	25.2044	6.2504	6.7581
ENSG00000100426.7	ZBED4	protein_coding	1681	854	827	13.8299	3.4297	3.7083
ENSG00000100427.16	MLC1	protein_coding	7	5	2	0.1039	0.0258	0.0279
ENSG00000100429.18	HDAC10	protein_coding	24	14	10	0.2749	0.0682	0.0737
ENSG00000100433.16	KCNK10	protein_coding	2	1	1	0.0137	0.0034	0.0037
ENSG00000100439.10	ABHD4	protein_coding	4063	2048	2109	56.6124	14.0393	15.1797
ENSG00000100441.10	KHNYN	protein_coding	3653	3285	3333	25.8177	6.4025	6.9226
ENSG00000100442.11	FKBP3	protein_coding	2840	2456	2461	71.1694	17.6493	19.0829
ENSG00000100445.17	SDR39U1	protein_coding	148	1454	1437	2.7083	0.6716	0.7262
ENSG00000100448.4	CTSG	protein_coding	87	36	51	3.6066	0.8944	0.9670
ENSG00000100450.13	GZMH	protein_coding	57	23	34	3.3990	0.8429	0.9114
ENSG00000100453.13	GZMB	protein_coding	41	20	21	1.6478	0.4086	0.4418
ENSG00000100461.18	RBM23	protein_coding	5375	2907	2817	21.7384	5.3909	5.8288
ENSG00000100462.16	PRMT5	protein_coding	1323	1994	1925	22.9021	5.6795	6.1408
ENSG00000100473.18	COCH	protein_coding	637	1027	1064	8.9616	2.2224	2.4029
ENSG00000100478.15	AP4S1	protein_coding	476	577	571	2.8917	0.7171	0.7754
ENSG00000100479.13	POLE2	protein_coding	384	210	174	7.3694	1.8275	1.9760
ENSG00000100483.14	VCPKMT	protein_coding	445	247	198	12.2803	3.0454	3.2927
ENSG00000100485.12	SOS2	protein_coding	3164	1613	1552	25.8247	6.4043	6.9245
ENSG00000100490.9	CDKL1	protein_coding	419	234	221	3.8643	0.9583	1.0361
ENSG00000100503.26	NIN	protein_coding	5164	2665	2584	21.1903	5.2550	5.6818
ENSG00000100504.17	PYGL	protein_coding	5895	3474	3410	73.5383	18.2368	19.7181
ENSG00000100505.13	TRIM9	protein_coding	564	315	290	3.5757	0.8867	0.9588
ENSG00000100519.12	PSMC6	protein_coding	4354	2244	2110	33.0145	8.1873	8.8523
ENSG00000100522.10	GNPNAT1	protein_coding	1878	2443	2309	26.5589	6.5863	7.1213
ENSG00000100523.16	DDHD1	protein_coding	1911	993	963	5.8972	1.4624	1.5812
ENSG00000100526.20	CDKN3	protein_coding	294	128	166	9.0810	2.2520	2.4349
ENSG00000100528.12	CNIH1	protein_coding	6062	2997	3065	68.4949	16.9860	18.3658
ENSG00000100532.12	CGRRF1	protein_coding	1184	622	562	14.7668	3.6620	3.9595
ENSG00000100554.12	ATP6V1D	protein_coding	4704	2391	2323	62.8123	15.5768	16.8421
ENSG00000100557.10	CCDC198	protein_coding	1	0	1	0.0138	0.0034	0.0037
ENSG00000100558.9	PLEK2	protein_coding	430	217	213	15.5419	3.8542	4.1673
ENSG00000100564.9	PIGH	protein_coding	1251	849	830	24.4046	6.0521	6.5437
ENSG00000100565.15	LRRC74A	protein_coding	0	2	0	0.0000	0.0000	0.0000
ENSG00000100567.13	PSMA3	protein_coding	4930	2535	2415	89.9840	22.3151	24.1277
ENSG00000100568.11	VTI1B	protein_coding	2867	2652	2714	28.1878	6.9903	7.5581
ENSG00000100575.14	TIMM9	protein_coding	1298	976	874	51.9841	12.8915	13.9387
ENSG00000100577.19	GSTZ1	protein_coding	799	406	394	5.4168	1.3433	1.4524
ENSG00000100578.18	KIAA0586	protein_coding	1665	851	824	5.3247	1.3205	1.4277
ENSG00000100580.8	TMED8	protein_coding	3629	1819	1811	26.5173	6.5760	7.1102
ENSG00000100583.4	SAMD15	protein_coding	216	116	100	4.6825	1.1612	1.2555
ENSG00000100591.8	AHSA1	protein_coding	4905	2405	2509	94.4845	23.4312	25.3345
ENSG00000100592.16	DAAM1	protein_coding	3466	1735	1733	18.3492	4.5504	4.9200
ENSG00000100593.18	ISM2	protein_coding	16	9	8	0.2215	0.0549	0.0594
ENSG00000100596.7	SPTLC2	protein_coding	10236	5201	5036	64.4480	15.9825	17.2807
ENSG00000100599.16	RIN3	protein_coding	1194	595	599	7.8045	1.9354	2.0926
ENSG00000100600.15	LGMN	protein_coding	12220	6029	6192	178.7915	44.3385	47.9400
ENSG00000100601.10	ALKBH1	protein_coding	795	391	404	15.8358	3.9271	4.2461
ENSG00000100603.14	SNW1	protein_coding	3982	2518	2486	92.8533	23.0267	24.8971
ENSG00000100604.13	CHGA	protein_coding	1	2	1	0.0188	0.0047	0.0050
ENSG00000100605.17	ITPK1	protein_coding	5787	2804	2985	48.3329	11.9861	12.9597
ENSG00000100612.14	DHRS7	protein_coding	5215	3350	3128	91.0257	22.5735	24.4070
ENSG00000100614.18	PPM1A	protein_coding	7809	3895	3914	37.1923	9.2233	9.9725
ENSG00000100625.9	SIX4	protein_coding	2257	1152	1110	18.9033	4.6878	5.0686
ENSG00000100626.17	GALNT16	protein_coding	1892	990	961	9.3610	2.3214	2.5100
ENSG00000100628.12	ASB2	protein_coding	26	17	12	0.2964	0.0735	0.0795
ENSG00000100629.17	CEP128	protein_coding	335	181	154	2.0312	0.5037	0.5446
ENSG00000100632.11	ERH	protein_coding	5904	3706	3523	300.8227	74.6010	80.6606
ENSG00000100644.17	HIF1A	protein_coding	9508	4918	4860	104.6784	25.9592	28.0678
ENSG00000100647.8	SUSD6	protein_coding	7481	3742	3739	72.7447	18.0400	19.5053
ENSG00000100650.16	SRSF5	protein_coding	8959	4494	4465	94.8413	23.5197	25.4301
ENSG00000100652.5	SLC10A1	protein_coding	1	0	1	0.0283	0.0070	0.0076
ENSG00000100664.11	EIF5	protein_coding	16108	8141	7967	109.8202	27.2343	29.4465
ENSG00000100665.12	SERPINA4	protein_coding	5	3	2	0.1427	0.0354	0.0383
ENSG00000100678.19	SLC8A3	protein_coding	21	8	13	0.1410	0.0350	0.0378
ENSG00000100697.15	DICER1	protein_coding	5590	2729	2878	25.0007	6.1999	6.7035
ENSG00000100711.14	ZFYVE21	protein_coding	1105	1081	993	7.4690	1.8522	2.0027
ENSG00000100714.17	MTHFD1	protein_coding	3885	2689	2749	18.0470	4.4755	4.8390
ENSG00000100721.11	TCL1A	protein_coding	1	0	1	0.0251	0.0062	0.0067
ENSG00000100722.20	ZC3H14	protein_coding	4229	2850	3025	11.4214	2.8324	3.0625
ENSG00000100726.15	TELO2	protein_coding	1534	781	792	20.5221	5.0893	5.5027
ENSG00000100731.16	PCNX1	protein_coding	5620	2869	2853	19.0673	4.7285	5.1126
ENSG00000100739.11	BDKRB1	protein_coding	42	19	25	1.0041	0.2490	0.2692
ENSG00000100744.15	GSKIP	protein_coding	2423	1208	1215	30.0872	7.4613	8.0674
ENSG00000100749.8	VRK1	protein_coding	826	411	415	17.5967	4.3638	4.7183
ENSG00000100764.14	PSMC1	protein_coding	1398	1557	1488	12.9353	3.2078	3.4684
ENSG00000100767.17	PAPLN	protein_coding	842	601	583	6.2021	1.5381	1.6630
ENSG00000100784.12	RPS6KA5	protein_coding	952	472	490	1.9294	0.4785	0.5173
ENSG00000100796.17	PPP4R3A	protein_coding	6479	3281	3198	62.1488	15.4123	16.6642
ENSG00000100802.15	C14orf93	protein_coding	493	328	341	6.5675	1.6287	1.7610
ENSG00000100804.19	PSMB5	protein_coding	4898	2504	2394	179.3192	44.4694	48.0815
ENSG00000100811.14	YY1	protein_coding	8086	4109	4184	53.5885	13.2894	14.3689
ENSG00000100813.14	ACIN1	protein_coding	7741	4004	4201	48.1879	11.9501	12.9208
ENSG00000100814.18	CCNB1IP1	protein_coding	1023	531	501	15.7648	3.9095	4.2271
ENSG00000100815.12	TRIP11	protein_coding	5612	2763	2849	30.6842	7.6094	8.2275
ENSG00000100823.12	APEX1	protein_coding	6068	3081	3230	182.4582	45.2478	48.9231
ENSG00000100836.10	PABPN1	protein_coding	341	178	163	4.9892	1.2373	1.3378
ENSG00000100842.13	EFS	protein_coding	569	418	390	9.9716	2.4728	2.6737
ENSG00000100852.13	ARHGAP5	protein_coding	3413	3420	3476	17.7766	4.4084	4.7665
ENSG00000100865.15	CINP	protein_coding	1342	949	894	14.2412	3.5317	3.8185
ENSG00000100867.15	DHRS2	protein_coding	3751	1947	1804	28.2608	7.0084	7.5777
ENSG00000100883.13	SRP54	protein_coding	6072	3092	2984	40.6209	10.0736	10.8918
ENSG00000100884.9	CPNE6	protein_coding	0	0	0	0.0000	0.0000	0.0000
ENSG00000100888.15	CHD8	protein_coding	7597	3760	3839	20.5615	5.0991	5.5132
ENSG00000100889.12	PCK2	protein_coding	3237	1635	1603	43.9479	10.8986	11.7839
ENSG00000100890.16	PRORP	protein_coding	321	224	221	2.6043	0.6458	0.6983
ENSG00000100897.18	DCAF11	protein_coding	4850	2432	2497	43.3139	10.7414	11.6139
ENSG00000100902.11	PSMA6	protein_coding	252	112	140	2.1966	0.5447	0.5890
ENSG00000100906.11	NFKBIA	protein_coding	6577	3230	3347	157.3098	39.0112	42.1800
ENSG00000100908.14	EMC9	protein_coding	403	335	289	14.3646	3.5623	3.8516
ENSG00000100911.16	PSME2	protein_coding	7577	3709	3929	119.9585	29.7485	32.1649
ENSG00000100916.14	BRMS1L	protein_coding	551	290	322	8.0596	1.9987	2.1611
ENSG00000100918.13	REC8	protein_coding	263	151	126	3.8800	0.9622	1.0404
ENSG00000100926.15	TM9SF1	protein_coding	347	169	178	5.5746	1.3824	1.4947
ENSG00000100934.15	SEC23A	protein_coding	9527	4793	4858	62.3875	15.4715	16.7282
ENSG00000100938.18	GMPR2	protein_coding	4280	2143	2145	67.0679	16.6322	17.9831
ENSG00000100941.9	PNN	protein_coding	5383	2678	2802	72.6314	18.0119	19.4749
ENSG00000100949.14	RABGGTA	protein_coding	1243	656	624	19.8845	4.9312	5.3317
ENSG00000100968.14	NFATC4	protein_coding	3169	1579	1590	21.3007	5.2824	5.7114
ENSG00000100979.15	PLTP	protein_coding	6771	4473	4584	151.1150	37.4750	40.5190
ENSG00000100982.12	PCIF1	protein_coding	3501	1794	1851	62.7502	15.5614	16.8254
ENSG00000100983.12	GSS	protein_coding	4243	2166	2080	39.0237	9.6775	10.4636
ENSG00000100985.7	MMP9	protein_coding	6478	4396	4398	157.2634	38.9997	42.1676
ENSG00000100987.15	VSX1	protein_coding	52	29	23	0.8196	0.2033	0.2198
ENSG00000100991.12	TRPC4AP	protein_coding	10482	5242	5345	187.9930	46.6204	50.4072
ENSG00000100994.12	PYGB	protein_coding	11477	5793	5684	146.0638	36.2224	39.1646
ENSG00000100997.20	ABHD12	protein_coding	6035	3122	2913	76.4110	18.9491	20.4883
ENSG00000101000.6	PROCR	protein_coding	448	311	287	14.9712	3.7127	4.0143
ENSG00000101003.10	GINS1	protein_coding	1270	655	615	17.4387	4.3246	4.6759
ENSG00000101004.15	NINL	protein_coding	1305	642	663	12.2731	3.0436	3.2908
ENSG00000101017.14	CD40	protein_coding	783	404	379	17.6136	4.3680	4.7228
ENSG00000101019.22	UQCC1	protein_coding	3828	1836	1994	32.5368	8.0688	8.7242
ENSG00000101040.19	ZMYND8	protein_coding	5842	2869	2981	43.4491	10.7749	11.6502
ENSG00000101049.17	SGK2	protein_coding	63	31	32	0.6951	0.1724	0.1864
ENSG00000101052.13	IFT52	protein_coding	3483	1732	1751	77.7947	19.2923	20.8594
ENSG00000101057.16	MYBL2	protein_coding	1313	656	657	26.8228	6.6518	7.1921
ENSG00000101074.5	R3HDML	protein_coding	3	1	3	0.1286	0.0319	0.0345
ENSG00000101076.17	HNF4A	protein_coding	0	0	0	0.0000	0.0000	0.0000
ENSG00000101079.21	NDRG3	protein_coding	8856	4495	4361	154.0563	38.2044	41.3076
ENSG00000101082.14	SLA2	protein_coding	86	801	839	1.7819	0.4419	0.4778
ENSG00000101084.18	RAB5IF	protein_coding	24	20	20	0.9049	0.2244	0.2426
ENSG00000101096.20	NFATC2	protein_coding	1657	785	872	11.3406	2.8124	3.0408
ENSG00000101098.13	RIMS4	protein_coding	4350	2577	2492	45.5649	11.2996	12.2175
ENSG00000101104.13	PABPC1L	protein_coding	1159	569	590	13.0152	3.2276	3.4898
ENSG00000101109.12	STK4	protein_coding	5428	2743	2687	33.7080	8.3593	9.0382
ENSG00000101115.13	SALL4	protein_coding	582	296	286	5.7172	1.4178	1.5330
ENSG00000101126.18	ADNP	protein_coding	16614	8319	8303	111.0799	27.5467	29.7842
ENSG00000101132.10	PFDN4	protein_coding	1301	673	628	42.3291	10.4972	11.3499
ENSG00000101134.12	DOK5	protein_coding	361	166	195	7.8558	1.9482	2.1064
ENSG00000101138.12	CSTF1	protein_coding	3054	1505	1549	36.1344	8.9610	9.6888
ENSG00000101144.13	BMP7	protein_coding	281	144	137	2.9374	0.7285	0.7876
ENSG00000101146.13	RAE1	protein_coding	3364	1708	1656	33.8129	8.3853	9.0664
ENSG00000101150.18	TPD52L2	protein_coding	7444	3676	3770	89.9338	22.3027	24.1142
ENSG00000101152.11	DNAJC5	protein_coding	7390	3804	3587	78.4366	19.4515	21.0315
ENSG00000101158.15	NELFCD	protein_coding	6168	3140	3033	55.5394	13.7732	14.8920
ENSG00000101160.14	CTSZ	protein_coding	15200	7685	7521	421.5118	104.5307	113.0214
ENSG00000101161.8	PRPF6	protein_coding	16130	7988	8142	300.2074	74.4484	80.4956
ENSG00000101162.4	TUBB1	protein_coding	20	56	54	0.3415	0.0847	0.0916
ENSG00000101166.16	PRELID3B	protein_coding	7561	3852	3710	149.0386	36.9601	39.9622
ENSG00000101180.16	HRH3	protein_coding	1	0	1	0.0211	0.0052	0.0056
ENSG00000101181.17	MTG2	protein_coding	2666	1321	1345	29.0245	7.1978	7.7824
ENSG00000101182.15	PSMA7	protein_coding	10132	5120	5012	327.9597	81.3307	87.9369
ENSG00000101187.16	SLCO4A1	protein_coding	229	121	168	3.2540	0.8070	0.8725
ENSG00000101188.5	NTSR1	protein_coding	2	1	1	0.0268	0.0066	0.0072
ENSG00000101189.7	MRGBP	protein_coding	1325	665	677	27.3040	6.7711	7.3211
ENSG00000101190.13	TCFL5	protein_coding	2018	1109	1065	31.7450	7.8724	8.5119
ENSG00000101191.17	DIDO1	protein_coding	7436	3719	3719	31.7470	7.8729	8.5124
ENSG00000101193.8	GID8	protein_coding	9555	4798	4758	117.9503	29.2505	31.6264
ENSG00000101194.18	SLC17A9	protein_coding	371	178	193	3.8527	0.9554	1.0330
ENSG00000101197.13	BIRC7	protein_coding	21	11	10	0.7683	0.1905	0.2060
ENSG00000101198.15	NKAIN4	protein_coding	17	7	11	0.3721	0.0923	0.0998
ENSG00000101199.13	ARFGAP1	protein_coding	5711	2766	2945	48.9971	12.1508	13.1378
ENSG00000101200.5	AVP	protein_coding	0	0	0	0.0000	0.0000	0.0000
ENSG00000101203.16	COL20A1	protein_coding	1	1	0	0.0052	0.0013	0.0014
ENSG00000101204.18	CHRNA4	protein_coding	1	1	0	0.0048	0.0012	0.0013
ENSG00000101210.13	EEF1A2	protein_coding	4554	2296	2258	53.5137	13.2709	14.3488
ENSG00000101213.7	PTK6	protein_coding	1072	518	560	20.5869	5.1053	5.5200
ENSG00000101216.11	GMEB2	protein_coding	1470	696	775	17.4877	4.3368	4.6890
ENSG00000101220.18	C20orf27	protein_coding	1659	809	850	52.0077	12.8974	13.9450
ENSG00000101222.12	SPEF1	protein_coding	139	70	69	4.0949	1.0155	1.0980
ENSG00000101224.17	CDC25B	protein_coding	7670	3846	3824	100.8265	25.0040	27.0349
ENSG00000101230.6	ISM1	protein_coding	3762	1874	1888	69.0430	17.1220	18.5127
ENSG00000101236.17	RNF24	protein_coding	6884	4019	3879	51.0716	12.6652	13.6940
ENSG00000101246.20	ARFRP1	protein_coding	2511	1275	1241	18.6703	4.6301	5.0061
ENSG00000101247.18	NDUFAF5	protein_coding	958	501	458	7.5899	1.8822	2.0351
ENSG00000101251.13	SEL1L2	protein_coding	1	0	1	0.0146	0.0036	0.0039
ENSG00000101255.11	TRIB3	protein_coding	9093	4628	4465	170.1861	42.2044	45.6326
ENSG00000101265.16	RASSF2	protein_coding	2187	1087	1100	21.6751	5.3752	5.8118
ENSG00000101266.19	CSNK2A1	protein_coding	10202	5170	5032	19.5968	4.8598	5.2545
ENSG00000101276.18	SLC52A3	protein_coding	640	313	327	6.0652	1.5041	1.6263
ENSG00000101278.6	RPS10P5	processed_pseudogene	33	25	25	3.5243	0.8740	0.9450
ENSG00000101280.8	ANGPT4	protein_coding	24	11	13	0.2901	0.0719	0.0778
ENSG00000101282.9	RSPO4	protein_coding	6	5	2	0.1234	0.0306	0.0331
ENSG00000101290.14	CDS2	protein_coding	7143	3643	3500	34.3288	8.5132	9.2047
ENSG00000101292.8	PROKR2	protein_coding	1	0	1	0.0125	0.0031	0.0034
ENSG00000101294.18	HM13	protein_coding	13819	6961	6904	89.3994	22.1701	23.9710
ENSG00000101298.15	SNPH	protein_coding	160	79	81	1.5893	0.3941	0.4262
ENSG00000101306.11	MYLK2	protein_coding	32	14	18	0.6098	0.1512	0.1635
ENSG00000101307.16	SIRPB1	protein_coding	345	168	179	2.3781	0.5898	0.6377
ENSG00000101310.17	SEC23B	protein_coding	9301	4724	4577	121.3387	30.0908	32.5350
ENSG00000101311.16	FERMT1	protein_coding	103	53	50	1.2056	0.2990	0.3233
ENSG00000101323.5	HAO1	protein_coding	0	0	0	0.0000	0.0000	0.0000
ENSG00000101327.9	PDYN	protein_coding	0	0	0	0.0000	0.0000	0.0000
ENSG00000101331.17	CCM2L	protein_coding	49	55	42	1.0692	0.2651	0.2867
ENSG00000101333.17	PLCB4	protein_coding	65	27	38	0.5368	0.1331	0.1439
ENSG00000101335.10	MYL9	protein_coding	22022	10956	11068	444.7532	110.2943	119.2532
ENSG00000101336.17	HCK	protein_coding	1473	783	690	27.0950	6.7193	7.2651
ENSG00000101337.16	TM9SF4	protein_coding	10488	5259	5231	114.2259	28.3269	30.6278
ENSG00000101342.10	TLDC2	protein_coding	17	587	622	0.3776	0.0936	0.1013
ENSG00000101343.15	CRNKL1	protein_coding	6904	3458	3456	85.7293	21.2600	22.9869
ENSG00000101346.14	POFUT1	protein_coding	11930	5948	5982	105.4309	26.1458	28.2695
ENSG00000101347.10	SAMHD1	protein_coding	9269	5398	5064	48.9108	12.1294	13.1146
ENSG00000101349.17	PAK5	protein_coding	6	3	6	0.0683	0.0169	0.0183
ENSG00000101350.8	KIF3B	protein_coding	14238	7112	7126	132.0204	32.7397	35.3991
ENSG00000101353.15	MROH8	protein_coding	161	829	798	2.3550	0.5840	0.6315
ENSG00000101361.17	NOP56	protein_coding	7933	3906	4027	90.8849	22.5385	24.3693
ENSG00000101363.12	MANBAL	protein_coding	3961	1961	2000	109.8426	27.2399	29.4525
ENSG00000101365.21	IDH3B	protein_coding	4721	2363	2358	104.2960	25.8644	27.9652
ENSG00000101367.9	MAPRE1	protein_coding	16720	8451	8270	370.0979	91.7805	99.2356
ENSG00000101384.12	JAG1	protein_coding	6153	3176	3144	37.5281	9.3066	10.0625
ENSG00000101391.21	CDK5RAP1	protein_coding	2150	1087	1063	26.6973	6.6207	7.1584
ENSG00000101400.6	SNTA1	protein_coding	1031	506	526	26.4441	6.5579	7.0906
ENSG00000101405.3	OXT	protein_coding	2	0	2	0.2211	0.0548	0.0593
ENSG00000101407.13	TTI1	protein_coding	3347	1651	1696	42.4437	10.5256	11.3806
ENSG00000101412.13	E2F1	protein_coding	1292	654	638	27.2377	6.7547	7.3033
ENSG00000101413.12	RPRD1B	protein_coding	5629	2851	2800	59.8913	14.8524	16.0588
ENSG00000101417.12	PXMP4	protein_coding	5936	2983	2956	58.8618	14.5971	15.7828
ENSG00000101421.4	CHMP4B	protein_coding	15804	7990	7814	559.4534	138.7388	150.0081
ENSG00000101425.14	BPI	protein_coding	5	1	7	0.1142	0.0283	0.0306
ENSG00000101435.5	CST9L	protein_coding	6	4	2	0.4903	0.1216	0.1315
ENSG00000101438.4	SLC32A1	protein_coding	0	0	0	0.0000	0.0000	0.0000
ENSG00000101439.9	CST3	protein_coding	25274	12754	12521	396.4835	98.3239	106.3105
ENSG00000101440.9	ASIP	protein_coding	11	7	4	0.8018	0.1988	0.2150
ENSG00000101441.4	CST4	protein_coding	2	1	1	0.1510	0.0375	0.0405
ENSG00000101442.10	ACTR5	protein_coding	1127	566	561	25.0931	6.2228	6.7283
ENSG00000101443.18	WFDC2	protein_coding	84	40	44	3.5683	0.8849	0.9568
ENSG00000101444.13	AHCY	protein_coding	11478	5775	5703	167.1590	41.4537	44.8209
ENSG00000101445.10	PPP1R16B	protein_coding	96	55	41	0.8496	0.2107	0.2278
ENSG00000101446.8	SPINT3	protein_coding	0	0	0	0.0000	0.0000	0.0000
ENSG00000101447.15	FAM83D	protein_coding	1461	729	732	33.4761	8.3017	8.9761
ENSG00000101448.14	EPPIN	protein_coding	0	0	0	0.0000	0.0000	0.0000
ENSG00000101452.15	DHX35	protein_coding	1139	547	593	12.9237	3.2049	3.4653
ENSG00000101457.13	DNTTIP1	protein_coding	1899	947	952	57.7129	14.3122	15.4747
ENSG00000101460.13	MAP1LC3A	protein_coding	1194	605	589	58.7775	14.5762	15.7602
ENSG00000101463.6	SYNDIG1	protein_coding	1559	809	750	36.5788	9.0712	9.8080
ENSG00000101464.11	PIGU	protein_coding	2917	1419	1498	61.1093	15.1545	16.3855
ENSG00000101470.10	TNNC2	protein_coding	20	11	9	1.3391	0.3321	0.3591
ENSG00000101473.17	ACOT8	protein_coding	916	996	858	11.9307	2.9587	3.1990
ENSG00000101474.12	APMAP	protein_coding	13813	7320	7042	351.9025	87.2683	94.3568
ENSG00000101489.20	CELF4	protein_coding	15	15	13	0.1344	0.0333	0.0360
ENSG00000101493.11	ZNF516	protein_coding	2144	1065	1080	13.8528	3.4354	3.7144
ENSG00000101542.10	CDH20	protein_coding	5	3	3	0.0663	0.0164	0.0178
ENSG00000101544.9	ADNP2	protein_coding	2291	1130	1161	22.9667	5.6955	6.1581
ENSG00000101546.13	RBFA	protein_coding	351	180	171	2.5054	0.6213	0.6718
ENSG00000101557.15	USP14	protein_coding	7008	3575	3591	66.3811	16.4618	17.7990
ENSG00000101558.14	VAPA	protein_coding	11689	5889	5800	55.8641	13.8537	14.9790
ENSG00000101574.15	METTL4	protein_coding	680	331	349	6.7370	1.6707	1.8064
ENSG00000101577.10	LPIN2	protein_coding	3159	1804	1840	27.0247	6.7019	7.2462
ENSG00000101596.16	SMCHD1	protein_coding	4137	2012	2167	18.8487	4.6743	5.0540
ENSG00000101605.13	MYOM1	protein_coding	82	50	38	0.7228	0.1792	0.1938
ENSG00000101608.13	MYL12A	protein_coding	13186	10278	10014	246.6285	61.1614	66.1293
ENSG00000101624.11	CEP76	protein_coding	385	212	239	3.5415	0.8783	0.9496
ENSG00000101638.14	ST8SIA5	protein_coding	6	4	3	0.0217	0.0054	0.0058
ENSG00000101639.18	CEP192	protein_coding	1771	888	883	10.1438	2.5155	2.7199
ENSG00000101654.18	RNMT	protein_coding	3712	1804	1908	30.1587	7.4790	8.0865
ENSG00000101665.9	SMAD7	protein_coding	3072	1598	1474	34.6142	8.5840	9.2812
ENSG00000101670.12	LIPG	protein_coding	35	14	21	0.1516	0.0376	0.0407
ENSG00000101680.15	LAMA1	protein_coding	564	291	326	2.0171	0.5002	0.5408
ENSG00000101695.9	RNF125	protein_coding	318	170	148	2.9754	0.7379	0.7978
ENSG00000101745.17	ANKRD12	protein_coding	4454	2201	2262	20.6227	5.1142	5.5296
ENSG00000101746.15	NOL4	protein_coding	3	1	2	0.0299	0.0074	0.0080
ENSG00000101751.10	POLI	protein_coding	2093	1129	1027	12.5324	3.1079	3.3603
ENSG00000101752.12	MIB1	protein_coding	6838	3453	3385	36.7323	9.1092	9.8492
ENSG00000101773.19	RBBP8	protein_coding	2017	1000	1020	22.5254	5.5861	6.0398
ENSG00000101782.15	RIOK3	protein_coding	4183	2128	2055	48.8505	12.1144	13.0984
ENSG00000101811.14	CSTF2	protein_coding	1310	646	664	26.7712	6.6390	7.1783
ENSG00000101812.14	H2BW2	protein_coding	0	0	0	0.0000	0.0000	0.0000
ENSG00000101825.8	MXRA5	protein_coding	71387	35517	35870	412.9289	102.4022	110.7200
ENSG00000101842.14	VSIG1	protein_coding	17	8	9	0.2558	0.0634	0.0686
ENSG00000101843.19	PSMD10	protein_coding	3602	1874	1728	85.4683	21.1953	22.9169
ENSG00000101844.18	ATG4A	protein_coding	936	461	475	18.1348	4.4972	4.8625
ENSG00000101846.8	STS	protein_coding	923	460	490	4.2411	1.0517	1.1372
ENSG00000101849.17	TBL1X	protein_coding	2821	1437	1385	17.6987	4.3891	4.7456
ENSG00000101850.13	GPR143	protein_coding	383	193	191	9.1684	2.2737	2.4584
ENSG00000101856.10	PGRMC1	protein_coding	10408	5125	5283	307.5755	76.2756	82.4713
ENSG00000101868.13	POLA1	protein_coding	2165	1070	1095	7.8972	1.9584	2.1175
ENSG00000101871.16	MID1	protein_coding	391	183	209	2.3464	0.5819	0.6292
ENSG00000101882.10	NKAP	protein_coding	1953	1121	1166	14.0676	3.4886	3.7720
ENSG00000101883.5	RHOXF1	protein_coding	7	1	6	0.5314	0.1318	0.1425
ENSG00000101888.12	NXT2	protein_coding	1430	725	705	26.1261	6.4790	7.0053
ENSG00000101890.5	GUCY2F	protein_coding	2	1	1	0.0304	0.0075	0.0082
ENSG00000101892.12	ATP1B4	protein_coding	0	0	1	0.0000	0.0000	0.0000
ENSG00000101898.6	MCTS2P	protein_coding	0	0	0	0.0000	0.0000	0.0000
ENSG00000101901.12	ALG13	protein_coding	1479	750	729	10.2435	2.5403	2.7466
ENSG00000101911.13	PRPS2	protein_coding	3248	1549	1699	66.7853	16.5621	17.9074
ENSG00000101916.12	TLR8	protein_coding	202	104	98	2.6316	0.6526	0.7056
ENSG00000101928.13	MOSPD1	protein_coding	1207	592	615	25.7424	6.3838	6.9024
ENSG00000101935.10	AMMECR1	protein_coding	954	481	473	8.5038	2.1089	2.2802
ENSG00000101938.15	CHRDL1	protein_coding	19	10	9	0.2749	0.0682	0.0737
ENSG00000101940.18	WDR13	protein_coding	2575	1265	1310	18.5503	4.6003	4.9740
ENSG00000101945.17	SUV39H1	protein_coding	491	350	289	8.6126	2.1358	2.3093
ENSG00000101951.17	PAGE4	protein_coding	0	0	0	0.0000	0.0000	0.0000
ENSG00000101955.15	SRPX	protein_coding	1657	811	846	47.2916	11.7278	12.6805
ENSG00000101958.14	GLRA2	protein_coding	0	0	0	0.0000	0.0000	0.0000
ENSG00000101966.13	XIAP	protein_coding	7434	3784	3650	46.8633	11.6216	12.5656
ENSG00000101972.19	STAG2	protein_coding	9621	4858	4769	66.5455	16.5026	17.8431
ENSG00000101974.14	ATP11C	protein_coding	1502	790	712	11.4997	2.8518	3.0835
ENSG00000101977.21	MCF2	protein_coding	1	1	0	0.0112	0.0028	0.0030
ENSG00000101981.12	F9	protein_coding	0	0	0	0.0000	0.0000	0.0000
ENSG00000101986.12	ABCD1	protein_coding	920	452	469	12.3108	3.0530	3.3009
ENSG00000101997.13	CCDC22	protein_coding	1726	880	923	39.0432	9.6823	10.4688
ENSG00000102001.13	CACNA1F	protein_coding	112	47	65	0.9168	0.2274	0.2458
ENSG00000102003.11	SYP	protein_coding	277	159	140	3.0538	0.7573	0.8188
ENSG00000102007.11	PLP2	protein_coding	5650	4941	4975	245.9028	60.9814	65.9347
ENSG00000102010.15	BMX	protein_coding	4	2	2	0.0802	0.0199	0.0215
ENSG00000102021.11	LUZP4	protein_coding	0	0	0	0.0000	0.0000	0.0000
ENSG00000102024.18	PLS3	protein_coding	16916	8546	8370	234.0341	58.0381	62.7524
ENSG00000102030.16	NAA10	protein_coding	655	323	332	8.0470	1.9956	2.1577
ENSG00000102032.13	RENBP	protein_coding	583	295	288	16.1514	4.0054	4.3307
ENSG00000102034.17	ELF4	protein_coding	3586	1775	1812	38.8318	9.6299	10.4121
ENSG00000102038.16	SMARCA1	protein_coding	5675	2914	2761	73.7633	18.2925	19.7784
ENSG00000102043.16	MTMR8	protein_coding	16	6	10	0.3237	0.0803	0.0868
ENSG00000102048.16	ASB9	protein_coding	60	33	27	1.4616	0.3625	0.3919
ENSG00000102053.12	ZC3H12B	protein_coding	143	77	73	1.0358	0.2569	0.2777
ENSG00000102054.18	RBBP7	protein_coding	10813	5399	5552	83.5429	20.7178	22.4006
ENSG00000102055.7	PPP1R2C	protein_coding	0	0	0	0.0000	0.0000	0.0000
ENSG00000102057.10	KCND1	protein_coding	194	83	111	1.8089	0.4486	0.4850
ENSG00000102076.10	OPN1LW	protein_coding	0	0	0	0.0000	0.0000	0.0000
ENSG00000102078.16	SLC25A14	protein_coding	529	252	277	9.9699	2.4724	2.6733
ENSG00000102081.15	FMR1	protein_coding	5987	3024	2964	37.9312	9.4066	10.1706
ENSG00000102096.9	PIM2	protein_coding	1077	544	533	22.1212	5.4858	5.9314
ENSG00000102098.19	SCML2	protein_coding	64	30	34	0.8388	0.2080	0.2249
ENSG00000102100.16	SLC35A2	protein_coding	2648	1356	1300	40.0983	9.9440	10.7517
ENSG00000102103.17	PQBP1	protein_coding	2791	1697	1649	55.8298	13.8452	14.9698
ENSG00000102104.9	RS1	protein_coding	0	6	8	0.0000	0.0000	0.0000
ENSG00000102109.9	PCSK1N	protein_coding	375	167	208	15.8941	3.9416	4.2617
ENSG00000102119.11	EMD	protein_coding	4161	2109	2054	121.3838	30.1020	32.5471
ENSG00000102125.16	TAZ	protein_coding	876	485	481	8.3115	2.0612	2.2286
ENSG00000102128.8	RAB40AL	protein_coding	1	2	1	0.0551	0.0137	0.0148
ENSG00000102144.15	PGK1	protein_coding	41032	20524	20509	427.9793	106.1346	114.7555
ENSG00000102145.15	GATA1	protein_coding	22	10	12	0.8362	0.2074	0.2242
ENSG00000102158.20	MAGT1	protein_coding	9568	4829	4739	99.0329	24.5591	26.5540
ENSG00000102172.16	SMS	protein_coding	9675	4917	4758	270.8139	67.1591	72.6142
ENSG00000102174.9	PHEX	protein_coding	317	171	172	2.7657	0.6859	0.7416
ENSG00000102178.13	UBL4A	protein_coding	3286	1595	1691	72.3685	17.9467	19.4044
ENSG00000102181.21	CD99L2	protein_coding	3482	1729	1753	34.2641	8.4972	9.1874
ENSG00000102189.17	EEA1	protein_coding	4695	2362	2339	26.2319	6.5052	7.0336
ENSG00000102195.10	GPR50	protein_coding	0	0	0	0.0000	0.0000	0.0000
ENSG00000102218.6	RP2	protein_coding	1612	823	789	24.7072	6.1271	6.6248
ENSG00000102221.14	JADE3	protein_coding	2275	1112	1163	25.0564	6.2137	6.7184
ENSG00000102225.16	CDK16	protein_coding	4497	2265	2232	39.0483	9.6836	10.4702
ENSG00000102226.10	USP11	protein_coding	7306	3706	3600	81.3515	20.1743	21.8130
ENSG00000102230.14	PCYT1B	protein_coding	88	39	49	0.8808	0.2184	0.2362
ENSG00000102239.5	BRS3	protein_coding	0	0	0	0.0000	0.0000	0.0000
ENSG00000102241.12	HTATSF1	protein_coding	8061	4030	4032	149.6364	37.1083	40.1225
ENSG00000102243.13	VGLL1	protein_coding	5	2	3	0.1918	0.0476	0.0514
ENSG00000102245.8	CD40LG	protein_coding	17	12	5	0.5206	0.1291	0.1396
ENSG00000102265.12	TIMP1	protein_coding	13971	6975	6996	547.9219	135.8791	146.9161
ENSG00000102271.14	KLHL4	protein_coding	100	42	58	0.9209	0.2284	0.2469
ENSG00000102287.19	GABRE	protein_coding	85	43	42	0.5015	0.1244	0.1345
ENSG00000102290.22	PCDH11X	protein_coding	1	1	0	0.0049	0.0012	0.0013
ENSG00000102302.8	FGD1	protein_coding	1091	1138	1219	14.2460	3.5329	3.8198
ENSG00000102309.15	PIN4	protein_coding	1342	675	673	17.4672	4.3317	4.6836
ENSG00000102312.23	PORCN	protein_coding	800	399	401	15.0674	3.7366	4.0401
ENSG00000102313.9	ITIH6	protein_coding	572	267	307	5.9054	1.4645	1.5834
ENSG00000102316.17	MAGED2	protein_coding	98751	49482	49272	1902.8768	471.8943	510.2248
ENSG00000102317.18	RBM3	protein_coding	27036	15808	15624	263.1218	65.2516	70.5517
ENSG00000102349.18	KLF8	protein_coding	447	209	238	1.9915	0.4939	0.5340
ENSG00000102359.8	SRPX2	protein_coding	3345	2453	2424	25.1752	6.2432	6.7503
ENSG00000102362.15	SYTL4	protein_coding	1381	1447	1466	10.5434	2.6147	2.8270
ENSG00000102383.14	ZDHHC15	protein_coding	208	93	115	1.7296	0.4289	0.4638
ENSG00000102384.13	CENPI	protein_coding	301	156	145	3.9504	0.9797	1.0592
ENSG00000102385.12	DRP2	protein_coding	35	18	17	0.2424	0.0601	0.0650
ENSG00000102387.16	TAF7L	protein_coding	9	7	2	0.1882	0.0467	0.0505
ENSG00000102390.11	PBDC1	protein_coding	1213	601	612	56.9919	14.1334	15.2814
ENSG00000102393.14	GLA	protein_coding	1675	860	856	15.3332	3.8025	4.1113
ENSG00000102401.20	ARMCX3	protein_coding	5829	3135	3064	77.9812	19.3386	20.9094
ENSG00000102409.10	BEX4	protein_coding	3357	1706	1651	145.1032	35.9841	38.9070
ENSG00000102445.20	RUBCNL	protein_coding	1182	600	582	4.2097	1.0440	1.1288
ENSG00000102452.18	NALCN	protein_coding	267	157	149	0.7787	0.1931	0.2088
ENSG00000102466.16	FGF14	protein_coding	288	4168	4200	1.1617	0.2881	0.3115
ENSG00000102468.11	HTR2A	protein_coding	23	8	15	0.2318	0.0575	0.0621
ENSG00000102471.14	NDFIP2	protein_coding	1758	899	859	19.9632	4.9507	5.3528
ENSG00000102524.11	TNFSF13B	protein_coding	1831	893	938	33.9444	8.4179	9.1016
ENSG00000102531.16	FNDC3A	protein_coding	5442	2757	2724	40.0904	9.9420	10.7496
ENSG00000102539.5	MLNR	protein_coding	2	2	0	0.0915	0.0227	0.0245
ENSG00000102543.14	CDADC1	protein_coding	487	235	252	7.1493	1.7730	1.9170
ENSG00000102547.19	CAB39L	protein_coding	1711	862	849	19.6260	4.8670	5.2624
ENSG00000102554.14	KLF5	protein_coding	1290	629	661	19.8847	4.9312	5.3318
ENSG00000102572.15	STK24	protein_coding	3677	5042	4896	17.2661	4.2818	4.6296
ENSG00000102575.13	ACP5	protein_coding	4096	2161	2200	79.5766	19.7342	21.3371
ENSG00000102580.15	DNAJC3	protein_coding	8281	4231	4050	84.0099	20.8336	22.5259
ENSG00000102595.20	UGGT2	protein_coding	1863	946	917	13.0352	3.2326	3.4952
ENSG00000102606.18	ARHGEF7	protein_coding	2978	1484	1506	14.3510	3.5589	3.8480
ENSG00000102678.7	FGF9	protein_coding	4	1	3	0.0468	0.0116	0.0125
ENSG00000102683.8	SGCG	protein_coding	10	6	4	0.3558	0.0882	0.0954
ENSG00000102699.6	PARP4	protein_coding	4482	2208	2274	42.0609	10.4307	11.2779
ENSG00000102710.20	SUPT20H	protein_coding	1932	1051	1083	10.0214	2.4852	2.6871
ENSG00000102738.8	MRPS31	protein_coding	711	376	337	18.7713	4.6551	5.0332
ENSG00000102743.15	SLC25A15	protein_coding	723	371	387	9.7949	2.4290	2.6263
ENSG00000102753.10	KPNA3	protein_coding	4114	2019	2095	55.2593	13.7038	14.8169
ENSG00000102755.12	FLT1	protein_coding	5021	2590	2431	22.6614	5.6198	6.0763
ENSG00000102760.13	RGCC	protein_coding	2832	1426	1406	155.9249	38.6678	41.8087
ENSG00000102763.18	VWA8	protein_coding	1839	983	935	13.6594	3.3874	3.6625
ENSG00000102780.17	DGKH	protein_coding	1110	531	579	3.1885	0.7907	0.8550
ENSG00000102781.14	KATNAL1	protein_coding	4420	2201	2219	30.6728	7.6065	8.2244
ENSG00000102786.15	INTS6	protein_coding	2207	1156	1267	4.9065	1.2168	1.3156
ENSG00000102794.10	ACOD1	protein_coding	2	2	0	0.0525	0.0130	0.0141
ENSG00000102796.11	DHRS12	protein_coding	243	119	124	3.9038	0.9681	1.0467
ENSG00000102802.10	MEDAG	protein_coding	648	343	306	16.0192	3.9726	4.2953
ENSG00000102804.15	TSC22D1	protein_coding	18788	9529	9437	124.0935	30.7739	33.2736
ENSG00000102805.16	CLN5	protein_coding	708	1794	1843	1.7599	0.4364	0.4719
ENSG00000102837.7	OLFM4	protein_coding	6	2	4	0.1197	0.0297	0.0321
ENSG00000102854.16	MSLN	protein_coding	13	5	8	0.2849	0.0706	0.0764
ENSG00000102858.13	MGRN1	protein_coding	4596	2243	2356	25.5905	6.3462	6.8617
ENSG00000102870.6	ZNF629	protein_coding	3548	1744	1808	33.0769	8.2027	8.8690
ENSG00000102871.16	TRADD	protein_coding	599	296	304	15.6324	3.8767	4.1916
ENSG00000102878.17	HSF4	protein_coding	262	124	138	4.3998	1.0911	1.1797
ENSG00000102879.16	CORO1A	protein_coding	1701	1019	984	20.1849	5.0057	5.4122
ENSG00000102882.12	MAPK3	protein_coding	8541	4152	4390	132.0141	32.7382	35.3974
ENSG00000102886.15	GDPD3	protein_coding	342	288	309	12.3377	3.0596	3.3081
ENSG00000102890.16	ELMO3	protein_coding	955	479	477	21.0322	5.2158	5.6394
ENSG00000102891.4	MT4	protein_coding	0	0	0	0.0000	0.0000	0.0000
ENSG00000102893.16	PHKB	protein_coding	3859	1936	1991	18.5116	4.5907	4.9636
ENSG00000102897.10	LYRM1	protein_coding	1783	896	916	28.1419	6.9789	7.5458
ENSG00000102898.12	NUTF2	protein_coding	3800	1953	1886	58.1798	14.4280	15.5999
ENSG00000102900.13	NUP93	protein_coding	2093	1071	1023	10.6710	2.6463	2.8613
ENSG00000102901.13	CENPT	protein_coding	572	588	612	5.7311	1.4213	1.5367
ENSG00000102904.15	TSNAXIP1	protein_coding	110	188	165	1.6194	0.4016	0.4342
ENSG00000102908.22	NFAT5	protein_coding	4333	2227	2108	14.9823	3.7155	4.0172
ENSG00000102910.14	LONP2	protein_coding	7284	4522	4400	41.5026	10.2922	11.1282
ENSG00000102921.8	N4BP1	protein_coding	4218	2088	2130	30.6277	7.5954	8.2123
ENSG00000102924.12	CBLN1	protein_coding	34	18	16	0.7413	0.1838	0.1988
ENSG00000102931.8	ARL2BP	protein_coding	3	2438	2461	0.0853	0.0212	0.0229
ENSG00000102934.10	PLLP	protein_coding	437	2493	2501	2.8469	0.7060	0.7633
ENSG00000102935.12	ZNF423	protein_coding	577	273	304	3.6463	0.9042	0.9777
ENSG00000102962.5	CCL22	protein_coding	103	53	50	2.0024	0.4966	0.5369
ENSG00000102967.12	DHODH	protein_coding	434	232	202	3.5562	0.8819	0.9535
ENSG00000102970.11	CCL17	protein_coding	5	4	1	0.4566	0.1132	0.1224
ENSG00000102974.16	CTCF	protein_coding	4837	2445	2401	27.1429	6.7312	7.2779
ENSG00000102977.17	ACD	protein_coding	785	395	399	13.8124	3.4253	3.7036
ENSG00000102978.13	POLR2C	protein_coding	3113	1669	1563	48.1555	11.9421	12.9121
ENSG00000102981.10	PARD6A	protein_coding	301	164	137	11.5025	2.8525	3.0842
ENSG00000102984.15	ZNF821	protein_coding	205	298	259	3.4173	0.8474	0.9163
ENSG00000102996.5	MMP15	protein_coding	680	352	328	9.1143	2.2603	2.4439
ENSG00000103005.12	USB1	protein_coding	2112	1069	1074	14.5477	3.6077	3.9007
ENSG00000103018.17	CYB5B	protein_coding	4009	2039	1970	33.3995	8.2827	8.9555
ENSG00000103021.9	CCDC113	protein_coding	949	592	535	9.0801	2.2518	2.4347
ENSG00000103023.12	PRSS54	protein_coding	1	80	99	0.0269	0.0067	0.0072
ENSG00000103024.7	NME3	protein_coding	1322	661	719	51.8828	12.8664	13.9115
ENSG00000103034.14	NDRG4	protein_coding	254	139	115	1.4931	0.3703	0.4004
ENSG00000103035.11	PSMD7	protein_coding	1545	2288	2533	32.4387	8.0445	8.6979
ENSG00000103037.12	SETD6	protein_coding	731	1183	1241	5.3566	1.3284	1.4363
ENSG00000103042.9	SLC38A7	protein_coding	1703	821	882	14.5076	3.5977	3.8900
ENSG00000103043.15	VAC14	protein_coding	2301	1280	1380	15.7691	3.9106	4.2282
ENSG00000103044.11	HAS3	protein_coding	140	1023	986	1.5268	0.3786	0.4094
ENSG00000103047.8	TANGO6	protein_coding	920	523	507	7.5460	1.8713	2.0233
ENSG00000103051.20	COG4	protein_coding	2344	1195	1149	27.8034	6.8950	7.4550
ENSG00000103056.12	SMPD3	protein_coding	697	403	383	5.6596	1.4035	1.5175
ENSG00000103061.13	SLC7A6OS	protein_coding	212	1215	1175	2.2988	0.5701	0.6164
ENSG00000103064.15	SLC7A6	protein_coding	512	1422	1465	3.8265	0.9489	1.0260
ENSG00000103066.13	PLA2G15	protein_coding	1791	1156	1247	22.7730	5.6475	6.1062
ENSG00000103067.14	ESRP2	protein_coding	2016	1017	1063	22.0326	5.4639	5.9077
ENSG00000103089.9	FA2H	protein_coding	18	12	6	0.3113	0.0772	0.0835
ENSG00000103091.15	WDR59	protein_coding	1274	745	693	7.6844	1.9056	2.0604
ENSG00000103111.15	MON1B	protein_coding	1755	1017	1049	14.3513	3.5590	3.8481
ENSG00000103121.9	CMC2	protein_coding	427	214	213	1.9273	0.4780	0.5168
ENSG00000103126.15	AXIN1	protein_coding	2127	1057	1070	16.0040	3.9688	4.2912
ENSG00000103145.11	HCFC1R1	protein_coding	3822	1938	2096	151.7826	37.6405	40.6980
ENSG00000103148.17	NPRL3	protein_coding	2706	1862	1880	23.8807	5.9222	6.4032
ENSG00000103150.7	MLYCD	protein_coding	488	249	239	1.6481	0.4087	0.4419
ENSG00000103152.12	MPG	protein_coding	802	920	910	30.3817	7.5344	8.1463
ENSG00000103154.9	NECAB2	protein_coding	6	1	6	0.1350	0.0335	0.0362
ENSG00000103160.12	HSDL1	protein_coding	2884	1442	1442	36.2481	8.9892	9.7193
ENSG00000103168.17	TAF1C	protein_coding	818	539	510	8.3179	2.0627	2.2303
ENSG00000103174.13	NAGPA	protein_coding	633	318	325	6.5458	1.6233	1.7552
ENSG00000103175.11	WFDC1	protein_coding	189	90	99	1.2495	0.3099	0.3350
ENSG00000103184.12	SEC14L5	protein_coding	13	4	9	0.1141	0.0283	0.0306
ENSG00000103187.8	COTL1	protein_coding	5163	2648	2515	43.3063	10.7395	11.6119
ENSG00000103194.16	USP10	protein_coding	4368	2194	2174	48.8097	12.1043	13.0875
ENSG00000103196.12	CRISPLD2	protein_coding	15727	8228	8039	112.0168	27.7790	30.0354
ENSG00000103197.18	TSC2	protein_coding	4286	2541	2529	12.7070	3.1512	3.4072
ENSG00000103199.14	ZNF500	protein_coding	1087	588	527	9.5379	2.3653	2.5574
ENSG00000103200.6	AC069335.1	processed_pseudogene	0	0	0	0.0000	0.0000	0.0000
ENSG00000103202.13	NME4	protein_coding	4249	2068	2181	65.7464	16.3045	17.6288
ENSG00000103222.20	ABCC1	protein_coding	6902	3424	3479	44.8045	11.1111	12.0136
ENSG00000103226.19	NOMO3	protein_coding	699	352	348	3.3028	0.8191	0.8856
ENSG00000103227.19	LMF1	protein_coding	1190	639	653	8.2118	2.0365	2.2019
ENSG00000103241.7	FOXF1	protein_coding	80	33	47	1.2889	0.3196	0.3456
ENSG00000103245.14	CIAO3	protein_coding	1194	795	785	8.3657	2.0746	2.2431
ENSG00000103248.19	MTHFSD	protein_coding	636	292	344	5.2569	1.3037	1.4095
ENSG00000103249.18	CLCN7	protein_coding	4049	2744	2839	30.1218	7.4699	8.0767
ENSG00000103253.19	HAGHL	protein_coding	357	370	374	3.7793	0.9372	1.0133
ENSG00000103254.10	ANTKMT	protein_coding	433	217	233	12.8428	3.1849	3.4436
ENSG00000103257.9	SLC7A5	protein_coding	2831	1603	1510	33.6998	8.3572	9.0360
ENSG00000103260.9	METRN	protein_coding	1529	740	789	23.5049	5.8290	6.3024
ENSG00000103264.18	FBXO31	protein_coding	1649	867	844	13.5332	3.3561	3.6287
ENSG00000103266.11	STUB1	protein_coding	780	3482	3453	19.0827	4.7323	5.1167
ENSG00000103269.14	RHBDL1	protein_coding	68	33	35	2.0523	0.5090	0.5503
ENSG00000103274.11	NUBP1	protein_coding	602	751	758	17.4626	4.3306	4.6823
ENSG00000103275.21	UBE2I	protein_coding	3327	3218	3290	15.5968	3.8678	4.1820
ENSG00000103310.11	ZP2	protein_coding	1	1	0	0.0164	0.0041	0.0044
ENSG00000103313.13	MEFV	protein_coding	76	42	34	0.8931	0.2215	0.2395
ENSG00000103316.12	CRYM	protein_coding	53	20	33	0.8365	0.2074	0.2243
ENSG00000103319.12	EEF2K	protein_coding	5152	2742	2660	36.3848	9.0231	9.7560
ENSG00000103326.12	CAPN15	protein_coding	1037	598	597	7.3584	1.8248	1.9730
ENSG00000103335.22	PIEZO1	protein_coding	2356	1577	1603	11.8322	2.9343	3.1726
ENSG00000103342.13	GSPT1	protein_coding	16804	8470	8335	118.3206	29.3423	31.7257
ENSG00000103343.13	ZNF174	protein_coding	832	411	421	16.3262	4.0487	4.3776
ENSG00000103351.13	CLUAP1	protein_coding	1493	773	753	10.9305	2.7107	2.9308
ENSG00000103353.16	UBFD1	protein_coding	6492	3349	3156	44.5716	11.0533	11.9511
ENSG00000103355.13	PRSS33	protein_coding	0	0	0	0.0000	0.0000	0.0000
ENSG00000103356.18	EARS2	protein_coding	2659	1345	1327	21.5725	5.3498	5.7843
ENSG00000103363.15	ELOB	protein_coding	6844	3486	3524	349.3457	86.6342	93.6712
ENSG00000103365.15	GGA2	protein_coding	6405	3262	3143	44.1292	10.9436	11.8325
ENSG00000103375.11	AQP8	protein_coding	8	4	4	0.3271	0.0811	0.0877
ENSG00000103381.12	CPPED1	protein_coding	2573	1306	1268	22.9642	5.6949	6.1575
ENSG00000103404.14	USP31	protein_coding	1594	793	801	7.5223	1.8655	2.0170
ENSG00000103415.12	HMOX2	protein_coding	3117	1545	1587	52.3438	12.9807	14.0351
ENSG00000103423.14	DNAJA3	protein_coding	4036	2007	2031	32.3690	8.0272	8.6792
ENSG00000103426.12	CORO7-PAM16	protein_coding	0	0	0	0.0000	0.0000	0.0000
ENSG00000103429.11	BFAR	protein_coding	5054	2521	2533	66.8873	16.5874	17.9347
ENSG00000103449.12	SALL1	protein_coding	328	160	168	3.2864	0.8150	0.8812
ENSG00000103460.17	TOX3	protein_coding	1750	872	878	14.6939	3.6439	3.9399
ENSG00000103472.10	RRN3P2	lncRNA	2	2	0	0.0499	0.0124	0.0134
ENSG00000103479.16	RBL2	protein_coding	4523	3052	3253	35.2916	8.7520	9.4629
ENSG00000103485.19	QPRT	protein_coding	832	409	423	12.8214	3.1796	3.4378
ENSG00000103489.12	XYLT1	protein_coding	2511	1260	1364	12.8484	3.1863	3.4451
ENSG00000103490.14	PYCARD	protein_coding	699	450	455	23.8797	5.9219	6.4029
ENSG00000103494.15	RPGRIP1L	protein_coding	1359	681	678	6.2218	1.5429	1.6683
ENSG00000103495.14	MAZ	protein_coding	823	4025	4091	13.2894	3.2956	3.5633
ENSG00000103496.15	STX4	protein_coding	2361	1157	1204	33.0190	8.1884	8.8535
ENSG00000103502.14	CDIPT	protein_coding	5205	2858	2895	98.2935	24.3758	26.3558
ENSG00000103507.14	BCKDK	protein_coding	2833	1428	1405	41.4819	10.2871	11.1227
ENSG00000103510.20	KAT8	protein_coding	1994	994	1000	19.7485	4.8974	5.2952
ENSG00000103512.15	NOMO1	protein_coding	3904	1947	1957	38.3303	9.5055	10.2776
ENSG00000103522.16	IL21R	protein_coding	178	147	135	1.8505	0.4589	0.4962
ENSG00000103528.17	SYT17	protein_coding	425	300	323	3.1944	0.7922	0.8565
ENSG00000103534.17	TMC5	protein_coding	1646	925	940	15.0410	3.7300	4.0330
ENSG00000103540.16	CCP110	protein_coding	3301	1679	1622	18.4579	4.5774	4.9492
ENSG00000103544.15	VPS35L	protein_coding	4645	2372	2473	26.9702	6.6883	7.2316
ENSG00000103546.18	SLC6A2	protein_coding	1	0	1	0.0104	0.0026	0.0028
ENSG00000103549.22	RNF40	protein_coding	5551	4605	4594	50.0791	12.4191	13.4279
ENSG00000103550.14	KNOP1	protein_coding	1408	1384	1431	10.2923	2.5524	2.7597
ENSG00000103569.10	AQP9	protein_coding	89	43	65	1.5602	0.3869	0.4183
ENSG00000103591.13	AAGAB	protein_coding	6924	3490	3434	94.8912	23.5321	25.4435
ENSG00000103599.20	IQCH	protein_coding	264	177	160	2.1021	0.5213	0.5637
ENSG00000103642.12	LACTB	protein_coding	2399	1208	1191	34.5385	8.5652	9.2609
ENSG00000103647.13	CORO2B	protein_coding	351	182	169	5.0076	1.2418	1.3427
ENSG00000103653.16	CSK	protein_coding	2651	1316	1336	32.8967	8.1581	8.8207
ENSG00000103657.14	HERC1	protein_coding	8343	4456	4292	27.7350	6.8780	7.4367
ENSG00000103671.10	TRIP4	protein_coding	1994	998	996	36.4421	9.0373	9.7713
ENSG00000103707.10	MTFMT	protein_coding	696	343	354	11.5006	2.8520	3.0837
ENSG00000103710.11	RASL12	protein_coding	596	305	303	12.6069	3.1264	3.3803
ENSG00000103723.16	AP3B2	protein_coding	629	313	316	3.2211	0.7988	0.8637
ENSG00000103740.10	ACSBG1	protein_coding	17	1260	1243	0.1183	0.0293	0.0317
ENSG00000103742.12	IGDCC4	protein_coding	652	326	326	4.8530	1.2035	1.3012
ENSG00000103769.10	RAB11A	protein_coding	11647	5824	5824	116.2854	28.8376	31.1800
ENSG00000103811.18	CTSH	protein_coding	5451	2719	2732	22.4705	5.5724	6.0251
ENSG00000103832.10	GOLGA8UP	unprocessed_pseudogene	6	4	2	0.1939	0.0481	0.0520
ENSG00000103852.13	TTC23	protein_coding	1043	564	553	9.6208	2.3859	2.5796
ENSG00000103855.18	CD276	protein_coding	11988	5959	6029	124.0130	30.7540	33.2520
ENSG00000103876.13	FAH	protein_coding	5672	2870	2803	44.6562	11.0743	11.9738
ENSG00000103888.17	CEMIP	protein_coding	5226	2791	2793	38.8881	9.6439	10.4272
ENSG00000103932.12	RPAP1	protein_coding	1676	858	818	13.4893	3.3452	3.6169
ENSG00000103942.13	HOMER2	protein_coding	1341	673	669	5.1786	1.2842	1.3886
ENSG00000103966.11	EHD4	protein_coding	4732	3059	3123	34.1241	8.4624	9.1498
ENSG00000103978.16	TMEM87A	protein_coding	9588	6860	6875	97.1997	24.1045	26.0625
ENSG00000103994.18	ZNF106	protein_coding	5013	2586	2543	23.2527	5.7664	6.2348
ENSG00000103995.14	CEP152	protein_coding	243	147	119	1.6878	0.4185	0.4525
ENSG00000104043.15	ATP8B4	protein_coding	540	342	347	2.7683	0.6865	0.7423
ENSG00000104044.16	OCA2	protein_coding	2	2	0	0.0348	0.0086	0.0093
ENSG00000104047.15	DTWD1	protein_coding	1961	970	991	7.4159	1.8391	1.9884
ENSG00000104055.16	TGM5	protein_coding	19	8	11	0.2907	0.0721	0.0779
ENSG00000104059.4	FAM189A1	protein_coding	157	87	70	1.6057	0.3982	0.4305
ENSG00000104064.18	GABPB1	protein_coding	1790	945	929	17.8716	4.4320	4.7920
ENSG00000104067.17	TJP1	protein_coding	7116	3516	3600	35.6649	8.8445	9.5629
ENSG00000104081.14	BMF	protein_coding	2059	1210	1271	21.4367	5.3161	5.7479
ENSG00000104093.14	DMXL2	protein_coding	1531	989	1019	6.2883	1.5594	1.6861
ENSG00000104112.9	SCG3	protein_coding	1	1	0	0.0179	0.0044	0.0048
ENSG00000104129.10	DNAJC17	protein_coding	624	563	575	6.2877	1.5593	1.6859
ENSG00000104131.13	EIF3J	protein_coding	5408	2965	2986	98.0772	24.3222	26.2978
ENSG00000104133.15	SPG11	protein_coding	7188	3843	3889	34.3906	8.5285	9.2213
ENSG00000104140.7	RHOV	protein_coding	166	86	80	5.7054	1.4149	1.5298
ENSG00000104142.11	VPS18	protein_coding	2686	1371	1317	37.8066	9.3757	10.1372
ENSG00000104147.9	OIP5	protein_coding	42	91	102	1.9832	0.4918	0.5318
ENSG00000104154.7	SLC30A4	protein_coding	1274	710	667	9.0018	2.2324	2.4137
ENSG00000104164.12	BLOC1S6	protein_coding	4773	2382	2391	39.9641	9.9107	10.7157
ENSG00000104177.18	MYEF2	protein_coding	1363	924	891	5.5600	1.3788	1.4908
ENSG00000104205.16	SGK3	protein_coding	1705	837	869	16.9901	4.2134	4.5556
ENSG00000104213.13	PDGFRL	protein_coding	5037	2791	2786	118.0364	29.2718	31.6495
ENSG00000104218.16	CSPP1	protein_coding	2773	1540	1666	4.9581	1.2296	1.3294
ENSG00000104219.13	ZDHHC2	protein_coding	1503	759	745	13.5681	3.3648	3.6381
ENSG00000104221.13	BRF2	protein_coding	606	1507	1466	12.6486	3.1367	3.3915
ENSG00000104228.13	TRIM35	protein_coding	855	413	442	11.4817	2.8473	3.0786
ENSG00000104231.11	ZFAND1	protein_coding	3299	1869	1849	44.3963	11.0098	11.9041
ENSG00000104237.11	RP1	protein_coding	212	104	108	0.7656	0.1899	0.2053
ENSG00000104267.10	CA2	protein_coding	9624	4857	4768	271.9366	67.4375	72.9153
ENSG00000104290.11	FZD3	protein_coding	1123	579	544	4.6196	1.1456	1.2387
ENSG00000104299.15	INTS9	protein_coding	696	352	344	8.0469	1.9956	2.1576
ENSG00000104312.8	RIPK2	protein_coding	1864	936	935	34.5562	8.5696	9.2657
ENSG00000104313.20	EYA1	protein_coding	19	9	11	0.1156	0.0287	0.0310
ENSG00000104320.14	NBN	protein_coding	7830	3898	3932	72.0726	17.8733	19.3251
ENSG00000104321.11	TRPA1	protein_coding	96	245	240	0.8580	0.2128	0.2301
ENSG00000104324.16	CPQ	protein_coding	4390	2233	2157	72.3291	17.9369	19.3938
ENSG00000104325.7	DECR1	protein_coding	4245	2069	2176	47.6890	11.8264	12.7870
ENSG00000104327.7	CALB1	protein_coding	21	11	10	0.1668	0.0414	0.0447
ENSG00000104331.9	BPNT2	protein_coding	19149	9662	9487	142.5304	35.3461	38.2172
ENSG00000104332.12	SFRP1	protein_coding	583	309	274	6.9854	1.7323	1.8730
ENSG00000104341.17	LAPTM4B	protein_coding	9586	4802	4784	170.0412	42.1685	45.5937
ENSG00000104343.21	UBE2W	protein_coding	5075	2597	2478	31.6580	7.8509	8.4886
ENSG00000104356.11	POP1	protein_coding	643	324	319	7.5076	1.8618	2.0130
ENSG00000104361.10	NIPAL2	protein_coding	2827	1413	1414	28.5978	7.0920	7.6680
ENSG00000104365.16	IKBKB	protein_coding	1565	809	756	8.0332	1.9922	2.1540
ENSG00000104368.19	PLAT	protein_coding	6930	3417	3513	50.5792	12.5431	13.5620
ENSG00000104369.5	JPH1	protein_coding	86	50	37	1.0625	0.2635	0.2849
ENSG00000104371.5	DKK4	protein_coding	0	0	0	0.0000	0.0000	0.0000
ENSG00000104375.17	STK3	protein_coding	5776	2935	2853	25.9883	6.4448	6.9683
ENSG00000104381.14	GDAP1	protein_coding	714	371	344	1.6693	0.4140	0.4476
ENSG00000104388.15	RAB2A	protein_coding	20166	10127	10039	204.5088	50.7161	54.8356
ENSG00000104408.11	EIF3E	protein_coding	29150	14567	14583	43.7779	10.8565	11.7383
ENSG00000104412.8	EMC2	protein_coding	4642	2385	2257	43.4474	10.7745	11.6497
ENSG00000104413.18	ESRP1	protein_coding	11721	5879	5842	136.3482	33.8130	36.5595
ENSG00000104415.14	CCN4	protein_coding	7456	3755	3701	81.4700	20.2038	21.8448
ENSG00000104419.17	NDRG1	protein_coding	55048	27638	27410	260.1042	64.5032	69.7426
ENSG00000104427.12	ZC2HC1A	protein_coding	1193	833	829	16.3457	4.0536	4.3828
ENSG00000104432.14	IL7	protein_coding	64	283	260	1.0700	0.2653	0.2869
ENSG00000104435.14	STMN2	protein_coding	63	31	32	1.7496	0.4339	0.4691
ENSG00000104442.10	ARMC1	protein_coding	5566	2830	2737	92.3216	22.8948	24.7545
ENSG00000104447.13	TRPS1	protein_coding	46365	23504	22861	238.0371	59.0308	63.8257
ENSG00000104450.13	SPAG1	protein_coding	3693	2341	2352	41.4221	10.2723	11.1066
ENSG00000104472.10	CHRAC1	protein_coding	2400	1184	1216	41.1812	10.2125	11.0421
ENSG00000104490.18	NCALD	protein_coding	1363	736	830	9.6103	2.3833	2.5768
ENSG00000104497.14	SNX16	protein_coding	1306	659	732	16.0727	3.9859	4.3096
ENSG00000104499.7	GML	protein_coding	0	0	0	0.0000	0.0000	0.0000
ENSG00000104517.13	UBR5	protein_coding	18739	10747	10569	77.3314	19.1774	20.7351
ENSG00000104518.11	GSDMD	protein_coding	6193	3155	3040	69.0668	17.1279	18.5191
ENSG00000104522.16	GFUS	protein_coding	3620	1789	1831	56.8986	14.1103	15.2564
ENSG00000104524.14	PYCR3	protein_coding	2639	1296	1347	37.9168	9.4030	10.1668
ENSG00000104529.17	EEF1D	protein_coding	7836	20784	21992	47.3247	11.7361	12.6893
ENSG00000104537.17	ANXA13	protein_coding	29	20	9	0.4327	0.1073	0.1160
ENSG00000104549.12	SQLE	protein_coding	5503	2726	2777	72.4913	17.9771	19.4373
ENSG00000104611.12	SH2D4A	protein_coding	152	62	91	2.1169	0.5250	0.5676
ENSG00000104613.12	INTS10	protein_coding	1431	755	676	12.2623	3.0409	3.2879
ENSG00000104626.15	ERI1	protein_coding	927	454	476	8.2373	2.0428	2.2087
ENSG00000104635.15	SLC39A14	protein_coding	6653	3368	3285	54.6166	13.5444	14.6445
ENSG00000104643.10	MTMR9	protein_coding	1173	700	699	7.9154	1.9629	2.1224
ENSG00000104660.19	LEPROTL1	protein_coding	2240	1167	1076	23.4763	5.8219	6.2948
ENSG00000104671.8	DCTN6	protein_coding	696	345	353	20.1276	4.9914	5.3969
ENSG00000104679.12	R3HCC1	protein_coding	1352	652	703	29.1528	7.2296	7.8168
ENSG00000104687.14	GSR	protein_coding	1534	788	747	24.1513	5.9893	6.4758
ENSG00000104689.10	TNFRSF10A	protein_coding	538	295	334	10.4236	2.5850	2.7949
ENSG00000104691.16	UBXN8	protein_coding	243	130	113	3.3198	0.8233	0.8902
ENSG00000104695.13	PPP2CB	protein_coding	3906	1996	1910	49.1151	12.1801	13.1694
ENSG00000104714.14	ERICH1	protein_coding	413	217	196	2.4118	0.5981	0.6467
ENSG00000104722.14	NEFM	protein_coding	63	34	54	0.9829	0.2437	0.2635
ENSG00000104723.21	TUSC3	protein_coding	2162	1103	1059	23.6237	5.8584	6.3343
ENSG00000104728.16	ARHGEF10	protein_coding	22	10	12	0.1151	0.0285	0.0309
ENSG00000104731.14	KLHDC4	protein_coding	817	441	390	4.1453	1.0280	1.1115
ENSG00000104738.18	MCM4	protein_coding	10426	5262	5164	84.7925	21.0277	22.7357
ENSG00000104755.15	ADAM2	protein_coding	0	0	0	0.0000	0.0000	0.0000
ENSG00000104756.16	KCTD9	protein_coding	1447	733	714	18.7222	4.6429	5.0200
ENSG00000104760.17	FGL1	protein_coding	1	1	1	0.0172	0.0043	0.0046
ENSG00000104763.20	ASAH1	protein_coding	13528	6725	6841	49.8877	12.3716	13.3765
ENSG00000104765.16	BNIP3L	protein_coding	10000	5172	5040	136.6835	33.8961	36.6494
ENSG00000104774.13	MAN2B1	protein_coding	3991	2032	1959	42.1156	10.4443	11.2926
ENSG00000104783.14	KCNN4	protein_coding	731	380	351	12.1783	3.0201	3.2654
ENSG00000104804.8	TULP2	protein_coding	6	2	4	0.1513	0.0375	0.0406
ENSG00000104805.16	NUCB1	protein_coding	13664	8299	8328	210.8531	52.2894	56.5367
ENSG00000104808.8	DHDH	protein_coding	41	22	19	2.1853	0.5419	0.5859
ENSG00000104812.15	GYS1	protein_coding	2995	1512	1483	40.0487	9.9317	10.7384
ENSG00000104814.13	MAP4K1	protein_coding	173	127	115	2.5034	0.6208	0.6712
ENSG00000104818.15	CGB2	protein_coding	0	0	0	0.0000	0.0000	0.0000
ENSG00000104823.9	ECH1	protein_coding	2565	1295	1270	63.1616	15.6634	16.9357
ENSG00000104824.17	HNRNPL	protein_coding	11442	5922	5524	95.1291	23.5911	25.5073
ENSG00000104825.17	NFKBIB	protein_coding	851	458	404	20.7660	5.1498	5.5681
ENSG00000104826.15	LHB	protein_coding	6	4	2	0.5401	0.1339	0.1448
ENSG00000104827.12	CGB3	protein_coding	0	0	0	0.0000	0.0000	0.0000
ENSG00000104833.12	TUBB4A	protein_coding	4	8	2	0.0704	0.0175	0.0189
ENSG00000104835.15	SARS2	protein_coding	76	35	42	1.3912	0.3450	0.3730
ENSG00000104848.1	KCNA7	protein_coding	3	2	1	0.0389	0.0097	0.0104
ENSG00000104852.15	SNRNP70	protein_coding	5692	2823	2869	68.9140	17.0900	18.4781
ENSG00000104853.16	CLPTM1	protein_coding	9826	4971	4855	109.3684	27.1223	29.3253
ENSG00000104856.14	RELB	protein_coding	1258	606	652	23.6542	5.8660	6.3425
ENSG00000104859.15	CLASRP	protein_coding	1209	602	607	13.9185	3.4516	3.7320
ENSG00000104863.12	LIN7B	protein_coding	121	74	81	3.9144	0.9707	1.0496
ENSG00000104866.11	PPP1R37	protein_coding	3561	1744	1843	26.2231	6.5031	7.0313
ENSG00000104870.13	FCGRT	protein_coding	8307	4055	4254	116.2610	28.8316	31.1735
ENSG00000104872.11	PIH1D1	protein_coding	3028	1643	1506	51.5514	12.7842	13.8227
ENSG00000104879.5	CKM	protein_coding	7	3	4	0.2551	0.0633	0.0684
ENSG00000104880.18	ARHGEF18	protein_coding	1356	686	671	12.3196	3.0551	3.3033
ENSG00000104881.16	PPP1R13L	protein_coding	1960	979	983	22.1065	5.4822	5.9275
ENSG00000104883.8	PEX11G	protein_coding	326	171	156	12.4747	3.0936	3.3449
ENSG00000104884.16	ERCC2	protein_coding	1057	845	775	9.2934	2.3047	2.4919
ENSG00000104885.18	DOT1L	protein_coding	1153	717	686	5.6917	1.4115	1.5261
ENSG00000104886.12	PLEKHJ1	protein_coding	1547	982	979	18.8465	4.6737	5.0534
ENSG00000104888.10	SLC17A7	protein_coding	25	16	12	0.2367	0.0587	0.0635
ENSG00000104889.7	RNASEH2A	protein_coding	0	0	0	0.0000	0.0000	0.0000
ENSG00000104892.17	KLC3	protein_coding	333	419	477	5.1682	1.2816	1.3858
ENSG00000104894.12	CD37	protein_coding	900	677	612	12.2660	3.0419	3.2889
ENSG00000104897.10	SF3A2	protein_coding	2760	1474	1578	56.1002	13.9123	15.0423
ENSG00000104899.8	AMH	protein_coding	16	7	9	0.3507	0.0870	0.0940
ENSG00000104901.7	DKKL1	protein_coding	14	8	6	0.5992	0.1486	0.1607
ENSG00000104903.5	LYL1	protein_coding	171	79	92	3.1091	0.7710	0.8337
ENSG00000104904.12	OAZ1	protein_coding	21252	10462	10792	350.7568	86.9841	94.0496
ENSG00000104907.12	TRMT1	protein_coding	1354	670	698	22.8256	5.6605	6.1203
ENSG00000104915.15	STX10	protein_coding	1948	978	972	61.5095	15.2537	16.4927
ENSG00000104918.8	RETN	protein_coding	1	1	0	0.1099	0.0273	0.0295
ENSG00000104921.15	FCER2	protein_coding	1	1	1	0.0231	0.0057	0.0062
ENSG00000104936.19	DMPK	protein_coding	807	566	524	7.8702	1.9517	2.1103
ENSG00000104938.18	CLEC4M	protein_coding	4	2	2	0.0570	0.0141	0.0153
ENSG00000104941.8	RSPH6A	protein_coding	1	1	0	0.0224	0.0056	0.0060
ENSG00000104946.13	TBC1D17	protein_coding	2318	1341	1343	27.6978	6.8688	7.4267
ENSG00000104951.16	IL4I1	protein_coding	923	462	461	20.9793	5.2026	5.6252
ENSG00000104953.20	TLE6	protein_coding	1120	543	578	17.8664	4.4307	4.7906
ENSG00000104957.14	CCDC130	protein_coding	1095	556	539	19.2729	4.7795	5.1677
ENSG00000104960.15	PTOV1	protein_coding	1558	3733	3865	14.8195	3.6751	3.9736
ENSG00000104964.15	TLE5	protein_coding	8028	7799	8139	86.9495	21.5626	23.3141
ENSG00000104967.8	NOVA2	protein_coding	170	81	89	1.0500	0.2604	0.2815
ENSG00000104969.11	SGTA	protein_coding	5488	2688	2801	37.7333	9.3575	10.1176
ENSG00000104970.11	KIR3DX1	transcribed_unprocessed_pseudogene	1	0	1	0.0111	0.0027	0.0030
ENSG00000104972.15	LILRB1	protein_coding	527	261	276	5.9677	1.4799	1.6001
ENSG00000104973.19	MED25	protein_coding	2837	1756	1773	20.9405	5.1930	5.6149
ENSG00000104974.12	LILRA1	protein_coding	97	53	44	1.4185	0.3518	0.3803
ENSG00000104976.12	SNAPC2	protein_coding	1632	818	814	46.7900	11.6035	12.5460
ENSG00000104979.9	C19orf53	protein_coding	4479	2181	2298	212.2005	52.6236	56.8980
ENSG00000104980.8	TIMM44	protein_coding	1477	760	767	18.0713	4.4815	4.8455
ENSG00000104983.8	CCDC61	protein_coding	489	251	239	10.7153	2.6573	2.8731
ENSG00000104998.4	IL27RA	protein_coding	800	403	397	15.3790	3.8138	4.1236
ENSG00000105011.9	ASF1B	protein_coding	1292	637	659	37.4205	9.2799	10.0337
ENSG00000105048.17	TNNT1	protein_coding	4230	2074	2156	113.2058	28.0739	30.3543
ENSG00000105053.11	VRK3	protein_coding	2193	1076	1120	12.6968	3.1487	3.4044
ENSG00000105058.12	FAM32A	protein_coding	4802	2393	2417	141.7602	35.1551	38.0106
ENSG00000105063.19	PPP6R1	protein_coding	5339	2651	2690	45.8333	11.3662	12.2894
ENSG00000105072.9	C19orf44	protein_coding	540	1297	1263	7.0593	1.7506	1.8928
ENSG00000105085.11	MED26	protein_coding	317	247	284	3.3741	0.8367	0.9047
ENSG00000105088.8	OLFM2	protein_coding	1236	622	614	28.0374	6.9530	7.5178
ENSG00000105122.13	RASAL3	protein_coding	496	257	239	6.0439	1.4988	1.6206
ENSG00000105127.9	AKAP8	protein_coding	2431	1249	1222	32.0908	7.9582	8.6046
ENSG00000105131.8	EPHX3	protein_coding	51	27	24	1.4108	0.3499	0.3783
ENSG00000105135.16	ILVBL	protein_coding	9678	4971	4728	97.7278	24.2355	26.2041
ENSG00000105136.21	ZNF419	protein_coding	291	146	145	2.0605	0.5110	0.5525
ENSG00000105137.13	SYDE1	protein_coding	1443	712	749	20.6439	5.1195	5.5353
ENSG00000105141.6	CASP14	protein_coding	103289	50896	52396	1722.2924	427.1111	461.8041
ENSG00000105143.12	SLC1A6	protein_coding	6	3	3	0.0445	0.0110	0.0119
ENSG00000105146.13	AURKC	protein_coding	74	31	43	2.1543	0.5342	0.5776
ENSG00000105171.10	POP4	protein_coding	1840	884	956	24.2215	6.0067	6.4946
ENSG00000105173.14	CCNE1	protein_coding	104	48	56	2.3965	0.5943	0.6426
ENSG00000105176.18	URI1	protein_coding	4712	2350	2362	49.0487	12.1636	13.1516
ENSG00000105185.12	PDCD5	protein_coding	2310	1222	1088	61.4447	15.2377	16.4754
ENSG00000105186.16	ANKRD27	protein_coding	1340	707	633	9.6817	2.4010	2.5960
ENSG00000105193.9	RPS16	protein_coding	34143	17271	16872	724.1019	179.5700	194.1559
ENSG00000105197.11	TIMM50	protein_coding	3105	1565	1541	24.4834	6.0716	6.5648
ENSG00000105198.11	LGALS13	protein_coding	0	0	0	0.0000	0.0000	0.0000
ENSG00000105202.9	FBL	protein_coding	8443	4198	4246	223.9487	55.5370	60.0481
ENSG00000105204.14	DYRK1B	protein_coding	1548	760	788	27.5022	6.8203	7.3743
ENSG00000105205.7	CLC	protein_coding	1	0	1	0.0899	0.0223	0.0241
ENSG00000105219.10	CCNP	protein_coding	725	348	377	20.0952	4.9834	5.3882
ENSG00000105220.17	GPI	protein_coding	13127	6543	6586	69.7034	17.2857	18.6898
ENSG00000105221.18	AKT2	protein_coding	8109	3999	4113	28.9184	7.1715	7.7540
ENSG00000105223.20	PLD3	protein_coding	14170	7051	7121	154.9519	38.4265	41.5478
ENSG00000105227.16	PRX	protein_coding	503	255	248	3.8537	0.9557	1.0333
ENSG00000105229.7	PIAS4	protein_coding	1221	634	589	19.4721	4.8289	5.2211
ENSG00000105245.9	NUMBL	protein_coding	1907	991	917	18.5722	4.6057	4.9798
ENSG00000105246.6	EBI3	protein_coding	122	64	58	5.5085	1.3660	1.4770
ENSG00000105248.16	YJU2	protein_coding	949	518	561	32.2648	8.0014	8.6513
ENSG00000105251.11	SHD	protein_coding	0	0	0	0.0000	0.0000	0.0000
ENSG00000105254.12	TBCB	protein_coding	3259	1704	1636	54.7933	13.5882	14.6919
ENSG00000105255.11	FSD1	protein_coding	4	2	2	0.0729	0.0181	0.0195
ENSG00000105258.9	POLR2I	protein_coding	167	816	851	8.3294	2.0656	2.2334
ENSG00000105261.7	OVOL3	protein_coding	1	1	3	0.0759	0.0188	0.0204
ENSG00000105270.15	CLIP3	protein_coding	1691	945	1013	25.4705	6.3164	6.8295
ENSG00000105278.12	ZFR2	protein_coding	3	2	2	0.0279	0.0069	0.0075
ENSG00000105281.12	SLC1A5	protein_coding	14118	9831	9701	240.2855	59.5884	64.4286
ENSG00000105287.13	PRKD2	protein_coding	3605	1784	1822	36.0945	8.9511	9.6781
ENSG00000105289.15	TJP3	protein_coding	2553	1278	1319	36.5239	9.0575	9.7933
ENSG00000105290.13	APLP1	protein_coding	81	37	44	1.2980	0.3219	0.3480
ENSG00000105298.14	CACTIN	protein_coding	716	631	604	6.8266	1.6929	1.8304
ENSG00000105321.14	CCDC9	protein_coding	1931	953	998	28.9624	7.1824	7.7658
ENSG00000105323.17	HNRNPUL1	protein_coding	13007	8068	8239	110.2416	27.3388	29.5595
ENSG00000105325.15	FZR1	protein_coding	2912	1458	1474	25.4963	6.3228	6.8364
ENSG00000105327.18	BBC3	protein_coding	527	265	264	9.3834	2.3270	2.5160
ENSG00000105329.11	TGFB1	protein_coding	4738	3574	3478	82.3198	20.4145	22.0727
ENSG00000105339.11	DENND3	protein_coding	1271	636	635	4.9056	1.2165	1.3154
ENSG00000105341.19	DMAC2	protein_coding	3062	1520	1542	39.6361	9.8294	10.6278
ENSG00000105352.10	CEACAM4	protein_coding	13	7	6	0.5405	0.1340	0.1449
ENSG00000105355.9	PLIN3	protein_coding	5805	4238	4489	120.1904	29.8060	32.2270
ENSG00000105357.19	MYH14	protein_coding	5275	3236	3273	28.7750	7.1359	7.7155
ENSG00000105364.14	MRPL4	protein_coding	996	822	859	13.8439	3.4331	3.7120
ENSG00000105366.15	SIGLEC8	protein_coding	788	403	385	14.0925	3.4948	3.7787
ENSG00000105369.10	CD79A	protein_coding	43	20	23	1.8144	0.4499	0.4865
ENSG00000105370.8	LIM2	protein_coding	0	0	0	0.0000	0.0000	0.0000
ENSG00000105371.10	ICAM4	protein_coding	0	8	4	0.0000	0.0000	0.0000
ENSG00000105372.8	RPS19	protein_coding	28542	14552	13990	467.6729	115.9782	125.3987
ENSG00000105373.19	NOP53	protein_coding	12601	6286	6492	134.3995	33.3297	36.0370
ENSG00000105374.10	NKG7	protein_coding	116	61	55	7.1426	1.7713	1.9152
ENSG00000105376.5	ICAM5	protein_coding	68	27	42	0.9800	0.2430	0.2628
ENSG00000105379.10	ETFB	protein_coding	366	245	246	3.1952	0.7924	0.8567
ENSG00000105383.15	CD33	protein_coding	302	150	152	2.8663	0.7108	0.7686
ENSG00000105388.16	CEACAM5	protein_coding	2159	1077	1084	30.7167	7.6174	8.2362
ENSG00000105392.16	CRX	protein_coding	2	1	1	0.0189	0.0047	0.0051
ENSG00000105393.16	BABAM1	protein_coding	1025	531	496	22.5214	5.5851	6.0387
ENSG00000105397.14	TYK2	protein_coding	3038	1530	1508	25.8337	6.4065	6.9269
ENSG00000105398.4	SULT2A1	protein_coding	0	0	0	0.0000	0.0000	0.0000
ENSG00000105401.9	CDC37	protein_coding	5745	2815	2932	107.1002	26.5598	28.7171
ENSG00000105402.8	NAPA	protein_coding	3886	2938	2752	38.7302	9.6047	10.3849
ENSG00000105404.11	RABAC1	protein_coding	381	238	143	11.1951	2.7763	3.0018
ENSG00000105409.19	ATP1A3	protein_coding	4	3	1	0.0379	0.0094	0.0102
ENSG00000105419.18	MEIS3	protein_coding	3172	1592	1581	35.0925	8.7026	9.4095
ENSG00000105426.17	PTPRS	protein_coding	4070	2009	2061	26.9480	6.6828	7.2257
ENSG00000105427.10	CNFN	protein_coding	252	128	127	23.3131	5.7814	6.2510
ENSG00000105428.6	ZNRF4	protein_coding	0	0	1	0.0000	0.0000	0.0000
ENSG00000105429.13	MEGF8	protein_coding	4262	2119	2143	21.2538	5.2707	5.6988
ENSG00000105438.9	KDELR1	protein_coding	13132	6674	6459	331.8696	82.3003	88.9853
ENSG00000105443.15	CYTH2	protein_coding	4834	2445	2402	29.3728	7.2841	7.8758
ENSG00000105447.13	GRWD1	protein_coding	3041	1483	1558	30.6478	7.6003	8.2177
ENSG00000105464.3	GRIN2D	protein_coding	273	137	137	3.0398	0.7538	0.8151
ENSG00000105467.9	SYNGR4	protein_coding	5	2	3	0.2234	0.0554	0.0599
ENSG00000105472.13	CLEC11A	protein_coding	1639	802	837	64.8170	16.0740	17.3796
ENSG00000105479.16	CCDC114	protein_coding	49	30	32	0.5401	0.1339	0.1448
ENSG00000105483.18	CARD8	protein_coding	1293	740	755	5.5470	1.3756	1.4873
ENSG00000105486.14	LIG1	protein_coding	2494	1452	1539	21.5077	5.3337	5.7669
ENSG00000105492.16	SIGLEC6	protein_coding	206	152	111	2.7301	0.6770	0.7320
ENSG00000105497.8	ZNF175	protein_coding	917	448	469	7.0151	1.7397	1.8810
ENSG00000105499.14	PLA2G4C	protein_coding	708	440	398	6.0715	1.5057	1.6280
ENSG00000105501.12	SIGLEC5	protein_coding	21	10	11	0.5046	0.1251	0.1353
ENSG00000105507.3	CABP5	protein_coding	1	1	0	0.0270	0.0067	0.0073
ENSG00000105509.11	HAS1	protein_coding	12	6	6	0.3041	0.0754	0.0815
ENSG00000105514.8	RAB3D	protein_coding	3050	2578	2473	39.4538	9.7841	10.5789
ENSG00000105516.11	DBP	protein_coding	810	530	506	7.0833	1.7566	1.8993
ENSG00000105518.14	TMEM205	protein_coding	2038	2971	3059	71.9645	17.8465	19.2961
ENSG00000105519.18	CAPS	protein_coding	543	346	311	12.0712	2.9935	3.2367
ENSG00000105520.10	PLPPR2	protein_coding	2810	1390	1420	48.6878	12.0741	13.0548
ENSG00000105523.3	FAM83E	protein_coding	4	3	3	0.0897	0.0222	0.0241
ENSG00000105538.10	RASIP1	protein_coding	286	142	146	4.0146	0.9956	1.0765
ENSG00000105549.11	THEG	protein_coding	4	1	3	0.1087	0.0270	0.0292
ENSG00000105550.10	FGF21	protein_coding	0	0	0	0.0000	0.0000	0.0000
ENSG00000105552.15	BCAT2	protein_coding	1485	766	747	18.4964	4.5869	4.9595
ENSG00000105556.11	MIER2	protein_coding	1001	530	595	7.1504	1.7732	1.9172
ENSG00000105559.12	PLEKHA4	protein_coding	2073	992	1087	30.6464	7.6000	8.2173
ENSG00000105568.18	PPP2R1A	protein_coding	14047	7646	7788	107.4605	26.6491	28.8138
ENSG00000105576.15	TNPO2	protein_coding	5741	2854	2887	46.3184	11.4865	12.4195
ENSG00000105583.11	WDR83OS	protein_coding	0	0	0	0.0000	0.0000	0.0000
ENSG00000105605.7	CACNG7	protein_coding	2	1	1	0.0405	0.0100	0.0109
ENSG00000105607.13	GCDH	protein_coding	1062	548	560	15.0490	3.7320	4.0351
ENSG00000105609.17	LILRB5	protein_coding	438	198	241	3.5348	0.8766	0.9478
ENSG00000105610.6	KLF1	protein_coding	1	1	0	0.0352	0.0087	0.0094
ENSG00000105612.9	DNASE2	protein_coding	5175	2985	3133	122.8439	30.4641	32.9386
ENSG00000105613.10	MAST1	protein_coding	110	62	51	0.9547	0.2368	0.2560
ENSG00000105617.4	LENG1	protein_coding	783	545	548	32.1534	7.9737	8.6214
ENSG00000105618.14	PRPF31	protein_coding	1571	1638	1636	33.3301	8.2655	8.9369
ENSG00000105619.13	TFPT	protein_coding	574	434	435	26.2512	6.5100	7.0388
ENSG00000105639.20	JAK3	protein_coding	475	233	242	3.9538	0.9805	1.0601
ENSG00000105640.13	RPL18A	protein_coding	14092	7225	6871	228.7881	56.7371	61.3457
ENSG00000105641.4	SLC5A5	protein_coding	13	6	7	0.2003	0.0497	0.0537
ENSG00000105642.15	KCNN1	protein_coding	21	9	12	0.2991	0.0742	0.0802
ENSG00000105643.10	ARRDC2	protein_coding	1236	674	700	15.1161	3.7486	4.0531
ENSG00000105647.19	PIK3R2	protein_coding	4	3	1	0.0439	0.0109	0.0118
ENSG00000105649.10	RAB3A	protein_coding	327	169	168	10.3831	2.5749	2.7840
ENSG00000105650.22	PDE4C	protein_coding	1	0	1	0.0087	0.0021	0.0023
ENSG00000105655.19	ISYNA1	protein_coding	2242	1254	1224	40.3631	10.0096	10.8227
ENSG00000105656.13	ELL	protein_coding	974	589	576	11.2313	2.7852	3.0115
ENSG00000105662.16	CRTC1	protein_coding	815	403	412	6.6368	1.6459	1.7795
ENSG00000105664.11	COMP	protein_coding	9988	5168	4820	183.1886	45.4289	49.1190
ENSG00000105668.7	UPK1A	protein_coding	6	3	3	0.2491	0.0618	0.0668
ENSG00000105669.14	COPE	protein_coding	2782	1406	1376	54.8755	13.6086	14.7140
ENSG00000105671.12	DDX49	protein_coding	2181	1076	1107	37.4121	9.2778	10.0314
ENSG00000105672.14	ETV2	protein_coding	44	21	23	1.1595	0.2875	0.3109
ENSG00000105675.9	ATP4A	protein_coding	1	1	1	0.0145	0.0036	0.0039
ENSG00000105676.14	ARMC6	protein_coding	1881	978	1021	26.3256	6.5285	7.0588
ENSG00000105677.12	TMEM147	protein_coding	3475	2121	2196	102.2663	25.3610	27.4210
ENSG00000105679.9	GAPDHS	protein_coding	0	77	89	0.0000	0.0000	0.0000
ENSG00000105694.3	ELOCP28	processed_pseudogene	0	0	0	0.0000	0.0000	0.0000
ENSG00000105695.15	MAG	protein_coding	29	17	12	0.5556	0.1378	0.1490
ENSG00000105696.9	TMEM59L	protein_coding	45	19	27	0.9718	0.2410	0.2606
ENSG00000105697.9	HAMP	protein_coding	67	42	25	1.3276	0.3292	0.3560
ENSG00000105698.16	USF2	protein_coding	6153	3178	2975	70.2368	17.4180	18.8328
ENSG00000105699.16	LSR	protein_coding	5671	2808	2863	110.2888	27.3505	29.5721
ENSG00000105700.11	KXD1	protein_coding	1594	1769	1815	21.9834	5.4517	5.8945
ENSG00000105701.16	FKBP8	protein_coding	6862	3370	3502	138.0432	34.2333	37.0140
ENSG00000105705.16	SUGP1	protein_coding	1631	843	788	18.4214	4.5683	4.9394
ENSG00000105707.14	HPN	protein_coding	1397	792	795	23.4390	5.8126	6.2848
ENSG00000105708.9	ZNF14	protein_coding	810	391	420	15.5029	3.8446	4.1568
ENSG00000105711.13	SCN1B	protein_coding	1260	616	644	8.7140	2.1610	2.3365
ENSG00000105717.14	PBX4	protein_coding	30	15	15	0.7299	0.1810	0.1957
ENSG00000105722.10	ERF	protein_coding	2292	1122	1170	39.7612	9.8604	10.6613
ENSG00000105723.13	GSK3A	protein_coding	2433	1321	1264	23.8629	5.9178	6.3984
ENSG00000105726.17	ATP13A1	protein_coding	4768	2391	2378	32.3475	8.0219	8.6735
ENSG00000105732.13	ZNF574	protein_coding	1273	630	645	15.4619	3.8344	4.1459
ENSG00000105737.9	GRIK5	protein_coding	423	210	213	4.7843	1.1865	1.2828
ENSG00000105738.11	SIPA1L3	protein_coding	4927	2458	2470	26.9909	6.6935	7.2372
ENSG00000105750.15	ZNF85	protein_coding	521	286	235	6.3295	1.5696	1.6971
ENSG00000105755.8	ETHE1	protein_coding	1079	856	912	38.4843	9.5437	10.3189
ENSG00000105767.3	CADM4	protein_coding	1006	501	505	25.2770	6.2684	6.7776
ENSG00000105771.14	SMG9	protein_coding	1901	939	962	13.6325	3.3807	3.6553
ENSG00000105778.19	AVL9	protein_coding	7180	3856	3754	27.5828	6.8403	7.3959
ENSG00000105784.15	RUNDC3B	protein_coding	33	16	17	0.3973	0.0985	0.1065
ENSG00000105792.19	CFAP69	protein_coding	295	144	151	1.8306	0.4540	0.4908
ENSG00000105793.16	GTPBP10	protein_coding	1428	696	732	7.7613	1.9247	2.0811
ENSG00000105808.18	RASA4	protein_coding	49	25	24	0.3441	0.0853	0.0923
ENSG00000105810.10	CDK6	protein_coding	1688	826	863	7.8214	1.9396	2.0972
ENSG00000105819.14	PMPCB	protein_coding	3971	2443	2458	35.8991	8.9026	9.6258
ENSG00000105821.15	DNAJC2	protein_coding	2053	1491	1492	17.3614	4.3055	4.6552
ENSG00000105825.14	TFPI2	protein_coding	16	5	21	0.3713	0.0921	0.0995
ENSG00000105829.13	BET1	protein_coding	1375	706	671	14.8696	3.6875	3.9870
ENSG00000105835.12	NAMPT	protein_coding	4892	2486	2434	31.4292	7.7941	8.4272
ENSG00000105849.6	POLR1F	protein_coding	2287	1120	1167	32.8510	8.1467	8.8084
ENSG00000105851.11	PIK3CG	protein_coding	811	371	440	5.9230	1.4688	1.5881
ENSG00000105852.11	PON3	protein_coding	1059	520	539	14.5802	3.6157	3.9094
ENSG00000105854.13	PON2	protein_coding	2870	1591	1644	42.3407	10.5001	11.3530
ENSG00000105855.10	ITGB8	protein_coding	1294	631	678	4.8418	1.2007	1.2983
ENSG00000105856.14	HBP1	protein_coding	3603	3503	3335	32.2078	7.9872	8.6360
ENSG00000105865.11	DUS4L	protein_coding	214	102	112	2.2073	0.5474	0.5919
ENSG00000105866.15	SP4	protein_coding	1398	703	695	12.7358	3.1584	3.4149
ENSG00000105875.14	WDR91	protein_coding	1045	555	608	9.8246	2.4364	2.6343
ENSG00000105877.18	DNAH11	protein_coding	382	522	445	1.3394	0.3322	0.3591
ENSG00000105879.12	CBLL1	protein_coding	2152	1071	1114	23.3390	5.7878	6.2580
ENSG00000105880.7	DLX5	protein_coding	162	82	80	5.2678	1.3064	1.4125
ENSG00000105887.11	MTPN	protein_coding	15316	7611	7705	229.6589	56.9531	61.5792
ENSG00000105889.16	STEAP1B	protein_coding	30	16	23	0.2626	0.0651	0.0704
ENSG00000105894.12	PTN	protein_coding	2215	1093	1122	77.4430	19.2051	20.7651
ENSG00000105926.16	MPP6	protein_coding	524	261	263	3.1717	0.7866	0.8504
ENSG00000105928.16	GSDME	protein_coding	772	403	369	5.0919	1.2627	1.3653
ENSG00000105929.16	ATP6V0A4	protein_coding	326	175	151	4.4829	1.1117	1.2020
ENSG00000105939.13	ZC3HAV1	protein_coding	4109	2047	2062	28.2758	7.0121	7.5817
ENSG00000105948.13	TTC26	protein_coding	1097	547	551	12.4447	3.0861	3.3368
ENSG00000105953.15	OGDH	protein_coding	9625	4836	4789	104.7665	25.9810	28.0914
ENSG00000105954.2	NPVF	protein_coding	0	0	0	0.0000	0.0000	0.0000
ENSG00000105963.15	ADAP1	protein_coding	109	52	57	1.2209	0.3028	0.3274
ENSG00000105967.16	TFEC	protein_coding	937	438	499	6.1473	1.5245	1.6483
ENSG00000105968.19	H2AZ2	protein_coding	17352	8796	8557	140.5157	34.8465	37.6769
ENSG00000105971.15	CAV2	protein_coding	2659	1328	1331	22.9237	5.6848	6.1466
ENSG00000105974.13	CAV1	protein_coding	8119	4044	4075	119.0352	29.5195	31.9173
ENSG00000105976.16	MET	protein_coding	363	186	177	2.8496	0.7067	0.7641
ENSG00000105982.17	RNF32	protein_coding	86	141	120	1.1158	0.2767	0.2992
ENSG00000105983.22	LMBR1	protein_coding	5051	2636	2526	24.2645	6.0173	6.5061
ENSG00000105988.6	NHP2P1	processed_pseudogene	7	5	2	0.8592	0.2131	0.2304
ENSG00000105989.10	WNT2	protein_coding	2004	1009	999	26.0658	6.4640	6.9891
ENSG00000105991.10	HOXA1	protein_coding	54	22	35	1.2042	0.2986	0.3229
ENSG00000105993.15	DNAJB6	protein_coding	6909	3487	3423	26.1537	6.4859	7.0127
ENSG00000105996.7	HOXA2	protein_coding	16	11	5	0.3889	0.0964	0.1043
ENSG00000105997.22	HOXA3	protein_coding	91	84	85	1.1985	0.2972	0.3213
ENSG00000106003.13	LFNG	protein_coding	1690	862	829	27.4928	6.8179	7.3717
ENSG00000106004.5	HOXA5	protein_coding	206	96	110	6.7920	1.6843	1.8212
ENSG00000106006.6	HOXA6	protein_coding	14	13	10	0.6179	0.1532	0.1657
ENSG00000106009.16	BRAT1	protein_coding	2172	1107	1066	18.4586	4.5775	4.9494
ENSG00000106012.18	IQCE	protein_coding	3226	1588	1638	19.8015	4.9106	5.3095
ENSG00000106013.15	ANKRD7	protein_coding	8	4	4	0.1496	0.0371	0.0401
ENSG00000106018.14	VIPR2	protein_coding	8	3	5	0.0884	0.0219	0.0237
ENSG00000106025.9	TSPAN12	protein_coding	300	141	159	5.1414	1.2750	1.3786
ENSG00000106028.11	SSBP1	protein_coding	3517	1792	1743	40.0902	9.9420	10.7495
ENSG00000106031.9	HOXA13	protein_coding	8	4	4	0.0895	0.0222	0.0240
ENSG00000106034.18	CPED1	protein_coding	936	471	465	6.9088	1.7133	1.8525
ENSG00000106038.13	EVX1	protein_coding	0	0	0	0.0000	0.0000	0.0000
ENSG00000106049.9	HIBADH	protein_coding	2838	1453	1385	72.7919	18.0517	19.5179
ENSG00000106052.13	TAX1BP1	protein_coding	15026	8052	8057	92.9759	23.0571	24.9299
ENSG00000106066.15	CPVL	protein_coding	1343	657	750	22.8302	5.6617	6.1215
ENSG00000106069.23	CHN2	protein_coding	17	8	9	0.1143	0.0283	0.0306
ENSG00000106070.20	GRB10	protein_coding	2354	1159	1195	13.6289	3.3798	3.6544
ENSG00000106077.18	ABHD11	protein_coding	3015	1661	1677	74.6966	18.5240	20.0287
ENSG00000106078.19	COBL	protein_coding	616	313	351	2.4345	0.6037	0.6528
ENSG00000106080.11	FKBP14	protein_coding	2713	1549	1559	28.7901	7.1396	7.7196
ENSG00000106086.20	PLEKHA8	protein_coding	1211	626	660	6.3086	1.5645	1.6916
ENSG00000106089.12	STX1A	protein_coding	257	185	171	3.9465	0.9787	1.0582
ENSG00000106100.11	NOD1	protein_coding	532	382	389	4.4237	1.0970	1.1861
ENSG00000106105.15	GARS1	protein_coding	8760	4460	4483	28.6064	7.0941	7.6703
ENSG00000106113.19	CRHR2	protein_coding	16	9	7	0.2380	0.0590	0.0638
ENSG00000106123.12	EPHB6	protein_coding	183	91	92	1.9489	0.4833	0.5226
ENSG00000106125.14	MINDY4	protein_coding	4	2	2	0.0309	0.0077	0.0083
ENSG00000106128.19	GHRHR	protein_coding	1	0	1	0.0181	0.0045	0.0049
ENSG00000106133.18	NSUN5P2	transcribed_unprocessed_pseudogene	15	309	281	0.3302	0.0819	0.0885
ENSG00000106144.20	CASP2	protein_coding	3499	1739	1760	24.7417	6.1357	6.6341
ENSG00000106153.13	CHCHD2	protein_coding	10314	5175	5139	568.9754	141.1001	152.5613
ENSG00000106178.7	CCL24	protein_coding	2	2	0	0.0778	0.0193	0.0209
ENSG00000106211.10	HSPB1	protein_coding	27394	13764	13630	957.1861	237.3725	256.6535
ENSG00000106236.4	NPTX2	protein_coding	274	133	141	5.1299	1.2722	1.3755
ENSG00000106244.13	PDAP1	protein_coding	6407	3973	3959	124.7736	30.9426	33.4560
ENSG00000106245.11	BUD31	protein_coding	1859	1834	1856	44.4077	11.0127	11.9072
ENSG00000106246.18	PTCD1	protein_coding	161	977	993	1.6055	0.3981	0.4305
ENSG00000106258.15	CYP3A5	protein_coding	288	151	149	1.6637	0.4126	0.4461
ENSG00000106261.17	ZKSCAN1	protein_coding	10549	5273	5276	57.9740	14.3770	15.5448
ENSG00000106263.18	EIF3B	protein_coding	12798	6620	6178	80.3114	19.9164	21.5342
ENSG00000106266.11	SNX8	protein_coding	1838	947	891	18.1275	4.4954	4.8606
ENSG00000106268.15	NUDT1	protein_coding	958	472	486	25.9571	6.4371	6.9600
ENSG00000106278.12	PTPRZ1	protein_coding	20	7	13	0.1119	0.0277	0.0300
ENSG00000106290.15	TAF6	protein_coding	1567	1748	1752	21.8878	5.4280	5.8689
ENSG00000106299.8	WASL	protein_coding	8039	4067	3976	104.4904	25.9126	28.0174
ENSG00000106302.10	HYAL4	protein_coding	3	3	0	0.0621	0.0154	0.0166
ENSG00000106304.15	SPAM1	protein_coding	0	0	0	0.0000	0.0000	0.0000
ENSG00000106305.10	AIMP2	protein_coding	957	1428	1333	29.6890	7.3626	7.9606
ENSG00000106327.13	TFR2	protein_coding	44	18	26	0.4926	0.1222	0.1321
ENSG00000106328.10	FSCN3	protein_coding	2	0	3	0.0363	0.0090	0.0097
ENSG00000106330.12	MOSPD3	protein_coding	771	391	380	25.7803	6.3933	6.9126
ENSG00000106331.17	PAX4	protein_coding	0	0	0	0.0000	0.0000	0.0000
ENSG00000106333.13	PCOLCE	protein_coding	12214	8578	8858	207.0100	51.3364	55.5063
ENSG00000106336.13	FBXO24	protein_coding	18	41	47	0.3066	0.0760	0.0822
ENSG00000106341.11	PPP1R17	protein_coding	0	0	0	0.0000	0.0000	0.0000
ENSG00000106344.8	RBM28	protein_coding	1581	841	890	5.6510	1.4014	1.5152
ENSG00000106346.11	USP42	protein_coding	1849	955	895	14.8270	3.6770	3.9756
ENSG00000106348.18	IMPDH1	protein_coding	2763	1413	1350	42.7880	10.6110	11.4729
ENSG00000106351.13	AGFG2	protein_coding	772	381	391	7.9789	1.9787	2.1394
ENSG00000106355.10	LSM5	protein_coding	2677	1360	1318	32.3350	8.0187	8.6701
ENSG00000106366.9	SERPINE1	protein_coding	8741	4362	4379	157.0665	38.9509	42.1148
ENSG00000106367.15	AP1S1	protein_coding	2252	1202	1050	75.1683	18.6410	20.1551
ENSG00000106384.12	MOGAT3	protein_coding	0	0	0	0.0000	0.0000	0.0000
ENSG00000106392.11	C1GALT1	protein_coding	2163	1090	1073	15.7807	3.9135	4.2313
ENSG00000106397.12	PLOD3	protein_coding	3606	1904	1731	36.0600	8.9425	9.6689
ENSG00000106399.11	RPA3	protein_coding	1636	862	836	28.7059	7.1188	7.6970
ENSG00000106400.12	ZNHIT1	protein_coding	2849	1422	1456	32.2295	7.9926	8.6418
ENSG00000106404.14	CLDN15	protein_coding	202	94	108	3.9597	0.9820	1.0617
ENSG00000106410.15	NOBOX	protein_coding	0	0	0	0.0000	0.0000	0.0000
ENSG00000106415.13	GLCCI1	protein_coding	1800	902	902	14.8304	3.6778	3.9765
ENSG00000106436.7	MYL10	protein_coding	1	0	1	0.0540	0.0134	0.0145
ENSG00000106443.17	PHF14	protein_coding	3549	1755	1794	14.3309	3.5539	3.8426
ENSG00000106459.15	NRF1	protein_coding	1175	595	580	16.1773	4.0118	4.3377
ENSG00000106460.19	TMEM106B	protein_coding	7401	3718	3683	30.3303	7.5216	8.1326
ENSG00000106462.11	EZH2	protein_coding	569	287	282	7.1358	1.7696	1.9133
ENSG00000106477.20	CEP41	protein_coding	1446	728	718	5.8179	1.4428	1.5600
ENSG00000106479.11	ZNF862	protein_coding	964	625	666	6.4911	1.6097	1.7405
ENSG00000106483.12	SFRP4	protein_coding	23568	11738	11833	380.9979	94.4836	102.1583
ENSG00000106484.16	MEST	protein_coding	1617	1341	1303	19.2364	4.7704	5.1579
ENSG00000106511.6	MEOX2	protein_coding	31	11	20	0.7415	0.1839	0.1988
ENSG00000106524.9	ANKMY2	protein_coding	1268	683	747	25.2221	6.2548	6.7629
ENSG00000106526.10	ACTR3C	protein_coding	206	216	214	1.8084	0.4485	0.4849
ENSG00000106536.21	POU6F2	protein_coding	0	0	0	0.0000	0.0000	0.0000
ENSG00000106537.8	TSPAN13	protein_coding	17335	8729	8606	490.5526	121.6521	131.5335
ENSG00000106538.10	RARRES2	protein_coding	10250	5128	5122	304.4930	75.5112	81.6447
ENSG00000106540.4	AC004837.1	processed_pseudogene	0	0	0	0.0000	0.0000	0.0000
ENSG00000106541.12	AGR2	protein_coding	25826	12700	13126	529.8812	131.4052	142.0788
ENSG00000106546.14	AHR	protein_coding	4672	2330	2344	32.9088	8.1611	8.8240
ENSG00000106554.13	CHCHD3	protein_coding	3170	1543	1627	52.4418	13.0050	14.0614
ENSG00000106560.11	GIMAP2	protein_coding	428	224	204	11.5746	2.8704	3.1035
ENSG00000106565.18	TMEM176B	protein_coding	4081	2074	2009	116.9446	29.0011	31.3568
ENSG00000106571.15	GLI3	protein_coding	43810	21977	21833	180.0467	44.6498	48.2765
ENSG00000106588.12	PSMA2	protein_coding	59	44	49	0.3994	0.0990	0.1071
ENSG00000106591.4	MRPL32	protein_coding	4944	2496	2448	83.4944	20.7058	22.3876
ENSG00000106603.19	COA1	protein_coding	2622	1362	1359	12.5798	3.1197	3.3731
ENSG00000106605.11	BLVRA	protein_coding	6639	3385	3254	206.7532	51.2727	55.4374
ENSG00000106608.17	URGCP	protein_coding	1972	1004	970	15.1370	3.7538	4.0587
ENSG00000106609.16	TMEM248	protein_coding	11668	5870	5798	130.1007	32.2637	34.8843
ENSG00000106610.15	STAG3L4	transcribed_unprocessed_pseudogene	486	244	242	8.6344	2.1412	2.3152
ENSG00000106615.10	RHEB	protein_coding	5987	3099	2888	96.1004	23.8319	25.7677
ENSG00000106617.15	PRKAG2	protein_coding	2389	1203	1215	8.2474	2.0453	2.2114
ENSG00000106624.11	AEBP1	protein_coding	206738	103068	103682	2358.5006	584.8843	632.3927
ENSG00000106628.11	POLD2	protein_coding	2706	1309	1397	41.5310	10.2993	11.1359
ENSG00000106631.8	MYL7	protein_coding	21	9	12	0.8168	0.2026	0.2190
ENSG00000106633.17	GCK	protein_coding	7	5	3	0.0758	0.0188	0.0203
ENSG00000106635.8	BCL7B	protein_coding	2381	1183	1199	41.8039	10.3669	11.2090
ENSG00000106636.9	YKT6	protein_coding	5860	2950	2910	43.2540	10.7266	11.5978
ENSG00000106638.17	TBL2	protein_coding	3286	1649	1637	29.1352	7.2252	7.8121
ENSG00000106648.14	GALNTL5	protein_coding	0	0	0	0.0000	0.0000	0.0000
ENSG00000106665.16	CLIP2	protein_coding	2802	1378	1424	21.5459	5.3432	5.7772
ENSG00000106682.15	EIF4H	protein_coding	13395	6578	6817	130.8128	32.4403	35.0753
ENSG00000106683.15	LIMK1	protein_coding	3344	1624	1720	26.9449	6.6821	7.2248
ENSG00000106686.16	SPATA6L	protein_coding	48	121	100	0.3698	0.0917	0.0992
ENSG00000106688.12	SLC1A1	protein_coding	332	171	161	4.7377	1.1749	1.2703
ENSG00000106689.11	LHX2	protein_coding	23	11	16	0.5224	0.1295	0.1401
ENSG00000106692.15	FKTN	protein_coding	1716	870	857	4.7839	1.1864	1.2827
ENSG00000106701.13	FSD1L	protein_coding	800	407	393	4.5933	1.1391	1.2316
ENSG00000106714.17	CNTNAP3	protein_coding	4	1	3	0.0238	0.0059	0.0064
ENSG00000106723.17	SPIN1	protein_coding	10557	5343	5217	122.1063	30.2811	32.7408
ENSG00000106733.21	NMRK1	protein_coding	1212	616	596	17.7833	4.4101	4.7683
ENSG00000106771.13	TMEM245	protein_coding	6549	3340	3209	39.0817	9.6919	10.4791
ENSG00000106772.18	PRUNE2	protein_coding	651	395	356	2.5143	0.6235	0.6742
ENSG00000106780.9	MEGF9	protein_coding	3293	1632	1662	29.6422	7.3510	7.9481
ENSG00000106785.15	TRIM14	protein_coding	3390	2100	2190	35.0751	8.6983	9.4048
ENSG00000106789.13	CORO2A	protein_coding	1214	623	591	12.0486	2.9879	3.2306
ENSG00000106799.13	TGFBR1	protein_coding	7297	3659	3638	60.6586	15.0427	16.2646
ENSG00000106803.10	SEC61B	protein_coding	3874	1993	1881	181.7158	45.0637	48.7241
ENSG00000106804.8	C5	protein_coding	782	390	394	6.7892	1.6837	1.8204
ENSG00000106809.11	OGN	protein_coding	4833	2418	2415	68.1789	16.9077	18.2810
ENSG00000106819.13	ASPN	protein_coding	26757	13135	13622	614.3274	152.3470	164.7217
ENSG00000106823.12	ECM2	protein_coding	6148	3048	3100	70.9221	17.5880	19.0166
ENSG00000106829.20	TLE4	protein_coding	2991	1456	1535	20.7182	5.1379	5.5552
ENSG00000106852.15	LHX6	protein_coding	108	49	59	1.0655	0.2642	0.2857
ENSG00000106853.20	PTGR1	protein_coding	7257	3618	3660	109.1629	27.0713	29.2702
ENSG00000106868.17	SUSD1	protein_coding	980	492	488	13.6416	3.3830	3.6578
ENSG00000106927.12	AMBP	protein_coding	62	26	36	1.8535	0.4596	0.4970
ENSG00000106948.17	AKNA	protein_coding	1284	622	662	6.8687	1.7034	1.8417
ENSG00000106952.7	TNFSF8	protein_coding	686	359	328	13.3871	3.3199	3.5895
ENSG00000106976.21	DNM1	protein_coding	1549	773	785	8.1730	2.0268	2.1915
ENSG00000106991.14	ENG	protein_coding	7598	4885	4683	112.3260	27.8557	30.1183
ENSG00000106992.19	AK1	protein_coding	280	135	145	6.1237	1.5186	1.6420
ENSG00000106993.12	CDC37L1	protein_coding	1803	916	887	25.8856	6.4194	6.9408
ENSG00000107014.9	RLN2	protein_coding	68	33	35	3.7476	0.9294	1.0049
ENSG00000107018.8	RLN1	protein_coding	23	10	13	1.1401	0.2827	0.3057
ENSG00000107020.10	PLGRKT	protein_coding	1392	743	649	51.1934	12.6955	13.7267
ENSG00000107021.16	TBC1D13	protein_coding	1947	960	987	28.0881	6.9656	7.5314
ENSG00000107036.12	RIC1	protein_coding	2934	1628	1697	19.3676	4.8030	5.1931
ENSG00000107077.19	KDM4C	protein_coding	1800	908	892	9.8884	2.4522	2.6514
ENSG00000107099.16	DOCK8	protein_coding	2132	1107	1034	8.7714	2.1752	2.3519
ENSG00000107104.20	KANK1	protein_coding	2759	1388	1372	13.1393	3.2584	3.5231
ENSG00000107105.15	ELAVL2	protein_coding	102	48	54	1.1254	0.2791	0.3018
ENSG00000107130.10	NCS1	protein_coding	1425	707	719	14.7953	3.6691	3.9671
ENSG00000107140.16	TESK1	protein_coding	2444	1210	1280	41.4843	10.2877	11.1233
ENSG00000107147.14	KCNT1	protein_coding	4	3	1	0.0145	0.0036	0.0039
ENSG00000107159.13	CA9	protein_coding	422	309	273	14.8828	3.6908	3.9906
ENSG00000107164.16	FUBP3	protein_coding	4365	2176	2189	37.4889	9.2969	10.0520
ENSG00000107165.13	TYRP1	protein_coding	17	9	9	0.2580	0.0640	0.0692
ENSG00000107175.12	CREB3	protein_coding	3491	1793	1897	121.0853	30.0279	32.4670
ENSG00000107185.10	RGP1	protein_coding	2112	1546	1469	16.8077	4.1681	4.5067
ENSG00000107186.17	MPDZ	protein_coding	4775	2366	2409	23.8099	5.9046	6.3842
ENSG00000107187.17	LHX3	protein_coding	0	0	0	0.0000	0.0000	0.0000
ENSG00000107201.10	DDX58	protein_coding	11471	5717	5763	140.1983	34.7678	37.5918
ENSG00000107223.13	EDF1	protein_coding	8529	4423	4111	395.8096	98.1568	106.1298
ENSG00000107242.20	PIP5K1B	protein_coding	24	16	9	0.2673	0.0663	0.0717
ENSG00000107249.23	GLIS3	protein_coding	1964	1019	1017	9.2986	2.3060	2.4933
ENSG00000107262.26	BAG1	protein_coding	4305	2171	2135	34.5167	8.5598	9.2551
ENSG00000107263.18	RAPGEF1	protein_coding	5972	2935	3037	48.3679	11.9947	12.9690
ENSG00000107281.10	NPDC1	protein_coding	1329	670	659	27.7087	6.8715	7.4296
ENSG00000107282.8	APBA1	protein_coding	207	110	97	1.0255	0.2543	0.2750
ENSG00000107290.14	SETX	protein_coding	8781	4412	4369	41.0156	10.1715	10.9976
ENSG00000107295.10	SH3GL2	protein_coding	3	2	1	0.0632	0.0157	0.0169
ENSG00000107317.13	PTGDS	protein_coding	23	10	13	0.4809	0.1193	0.1290
ENSG00000107331.17	ABCA2	protein_coding	4671	2318	2354	23.0201	5.7088	6.1725
ENSG00000107338.10	SHB	protein_coding	1055	519	536	9.9137	2.4585	2.6582
ENSG00000107341.5	UBE2R2	protein_coding	6414	3098	3317	81.2459	20.1482	21.7847
ENSG00000107362.14	ABHD17B	protein_coding	1132	569	563	19.9304	4.9425	5.3440
ENSG00000107371.14	EXOSC3	protein_coding	769	503	489	5.6932	1.4119	1.5265
ENSG00000107372.13	ZFAND5	protein_coding	9126	5307	5423	73.2534	18.1661	19.6417
ENSG00000107404.20	DVL1	protein_coding	1468	737	739	21.4452	5.3182	5.7502
ENSG00000107438.9	PDLIM1	protein_coding	4152	2089	2063	105.7296	26.2199	28.3496
ENSG00000107443.16	CCNJ	protein_coding	836	449	387	11.4295	2.8344	3.0646
ENSG00000107447.8	DNTT	protein_coding	0	0	0	0.0000	0.0000	0.0000
ENSG00000107485.18	GATA3	protein_coding	31182	15282	15910	520.7098	129.1308	139.6197
ENSG00000107518.18	ATRNL1	protein_coding	301	170	178	1.7143	0.4251	0.4597
ENSG00000107521.19	HPS1	protein_coding	3733	1826	1911	39.9355	9.9036	10.7081
ENSG00000107537.14	PHYH	protein_coding	3288	1617	1671	55.2154	13.6929	14.8051
ENSG00000107551.21	RASSF4	protein_coding	1296	681	660	7.7519	1.9224	2.0786
ENSG00000107554.17	DNMBP	protein_coding	3443	1987	1976	23.0006	5.7039	6.1672
ENSG00000107560.12	RAB11FIP2	protein_coding	2084	1163	1072	18.1625	4.5041	4.8700
ENSG00000107562.16	CXCL12	protein_coding	16958	8408	8553	158.2504	39.2445	42.4322
ENSG00000107566.14	ERLIN1	protein_coding	4059	1979	2080	65.9369	16.3517	17.6799
ENSG00000107581.13	EIF3A	protein_coding	22130	10951	11196	176.7345	43.8284	47.3884
ENSG00000107593.17	PKD2L1	protein_coding	40	20	20	0.7965	0.1975	0.2136
ENSG00000107611.16	CUBN	protein_coding	123	68	55	0.5259	0.1304	0.1410
ENSG00000107614.22	TRDMT1	protein_coding	550	289	261	2.0184	0.5005	0.5412
ENSG00000107625.13	DDX50	protein_coding	3893	2027	1866	82.2548	20.3984	22.0553
ENSG00000107643.16	MAPK8	protein_coding	2149	1094	1057	12.5977	3.1241	3.3779
ENSG00000107651.13	SEC23IP	protein_coding	6421	3186	3235	46.4043	11.5078	12.4425
ENSG00000107669.18	ATE1	protein_coding	3260	1630	1637	34.3314	8.5138	9.2054
ENSG00000107672.15	NSMCE4A	protein_coding	1572	925	980	25.1617	6.2399	6.7467
ENSG00000107679.14	PLEKHA1	protein_coding	3699	1848	1854	8.7455	2.1688	2.3450
ENSG00000107719.9	PALD1	protein_coding	882	453	429	10.8499	2.6907	2.9092
ENSG00000107731.12	UNC5B	protein_coding	10284	5312	4972	85.2515	21.1415	22.8588
ENSG00000107736.21	CDH23	protein_coding	415	204	241	1.2652	0.3138	0.3393
ENSG00000107738.20	VSIR	protein_coding	1973	971	1002	21.7133	5.3847	5.8221
ENSG00000107742.13	SPOCK2	protein_coding	693	352	341	6.1301	1.5202	1.6437
ENSG00000107745.19	MICU1	protein_coding	5576	2795	2781	82.0911	20.3578	22.0114
ENSG00000107758.16	PPP3CB	protein_coding	6703	3448	3334	74.6958	18.5238	20.0284
ENSG00000107771.17	CCSER2	protein_coding	5106	2555	2552	34.3734	8.5242	9.2166
ENSG00000107779.14	BMPR1A	protein_coding	4064	2048	2017	24.2141	6.0048	6.4926
ENSG00000107789.16	MINPP1	protein_coding	2850	1461	1389	53.5709	13.2850	14.3641
ENSG00000107796.13	ACTA2	protein_coding	15193	19561	19913	289.5143	71.7966	77.6284
ENSG00000107798.18	LIPA	protein_coding	7883	3975	3952	91.4015	22.6666	24.5078
ENSG00000107807.13	TLX1	protein_coding	0	0	0	0.0000	0.0000	0.0000
ENSG00000107815.10	TWNK	protein_coding	1325	809	776	18.1719	4.5064	4.8725
ENSG00000107816.17	LZTS2	protein_coding	3250	1719	1778	28.1514	6.9813	7.5483
ENSG00000107819.13	SFXN3	protein_coding	4126	2031	2097	50.5259	12.5299	13.5477
ENSG00000107821.15	KAZALD1	protein_coding	210	106	104	2.8552	0.7081	0.7656
ENSG00000107829.15	FBXW4	protein_coding	3577	1767	1925	40.2643	9.9851	10.7962
ENSG00000107831.13	FGF8	protein_coding	0	0	0	0.0000	0.0000	0.0000
ENSG00000107833.10	NPM3	protein_coding	713	363	350	43.5713	10.8053	11.6829
ENSG00000107854.6	TNKS2	protein_coding	8475	4098	4377	76.9973	19.0945	20.6455
ENSG00000107859.10	PITX3	protein_coding	3	2	1	0.1191	0.0295	0.0319
ENSG00000107862.6	GBF1	protein_coding	8137	4028	4110	20.1497	4.9969	5.4028
ENSG00000107863.18	ARHGAP21	protein_coding	5522	2709	2813	28.0703	6.9612	7.5266
ENSG00000107864.15	CPEB3	protein_coding	616	289	327	4.4113	1.0940	1.1828
ENSG00000107872.13	FBXL15	protein_coding	349	263	242	7.6328	1.8929	2.0466
ENSG00000107874.11	CUEDC2	protein_coding	3457	1730	1727	146.8512	36.4176	39.3757
ENSG00000107882.12	SUFU	protein_coding	2552	1256	1296	21.0354	5.2166	5.6403
ENSG00000107890.17	ANKRD26	protein_coding	697	333	364	2.9141	0.7227	0.7814
ENSG00000107897.20	ACBD5	protein_coding	3155	1667	1681	15.1704	3.7621	4.0677
ENSG00000107902.14	LHPP	protein_coding	1250	643	612	17.3957	4.3140	4.6644
ENSG00000107929.15	LARP4B	protein_coding	4892	2502	2390	23.8954	5.9258	6.4071
ENSG00000107937.19	GTPBP4	protein_coding	5045	2631	2686	46.7410	11.5913	12.5328
ENSG00000107938.18	EDRF1	protein_coding	945	668	699	6.9230	1.7168	1.8563
ENSG00000107949.17	BCCIP	protein_coding	5855	3701	3842	73.8516	18.3145	19.8021
ENSG00000107951.15	MTPAP	protein_coding	1823	1011	960	12.3945	3.0737	3.3234
ENSG00000107954.10	NEURL1	protein_coding	816	420	397	9.3278	2.3132	2.5011
ENSG00000107957.16	SH3PXD2A	protein_coding	8329	4147	4183	40.1784	9.9638	10.7732
ENSG00000107959.17	PITRM1	protein_coding	4516	2864	2828	20.2693	5.0266	5.4349
ENSG00000107960.11	STN1	protein_coding	1685	826	859	14.5466	3.6074	3.9004
ENSG00000107968.10	MAP3K8	protein_coding	785	393	392	12.6578	3.1390	3.3940
ENSG00000107984.10	DKK1	protein_coding	10	6	5	0.2553	0.0633	0.0685
ENSG00000108001.15	EBF3	protein_coding	68	45	42	0.7076	0.1755	0.1897
ENSG00000108010.12	GLRX3	protein_coding	3568	1772	1796	38.9943	9.6702	10.4557
ENSG00000108018.15	SORCS1	protein_coding	4781	2373	2408	27.2110	6.7481	7.2962
ENSG00000108021.20	TASOR2	protein_coding	8207	4149	4186	42.4652	10.5309	11.3863
ENSG00000108039.18	XPNPEP1	protein_coding	2451	1297	1348	20.7736	5.1516	5.5701
ENSG00000108055.10	SMC3	protein_coding	8047	4108	3939	80.3000	19.9136	21.5311
ENSG00000108061.12	SHOC2	protein_coding	6181	3028	3154	79.9919	19.8372	21.4485
ENSG00000108064.11	TFAM	protein_coding	3609	1843	1766	38.7479	9.6091	10.3896
ENSG00000108091.11	CCDC6	protein_coding	11498	5638	5860	89.8019	22.2700	24.0789
ENSG00000108094.16	CUL2	protein_coding	3715	1836	1879	39.9844	9.9157	10.7211
ENSG00000108100.18	CCNY	protein_coding	6992	3526	3466	64.9175	16.0989	17.4065
ENSG00000108106.14	UBE2S	protein_coding	689	327	362	13.9597	3.4619	3.7431
ENSG00000108107.15	RPL28	protein_coding	31935	15577	16359	285.3818	70.7718	76.5204
ENSG00000108175.17	ZMIZ1	protein_coding	17471	8676	8796	89.1230	22.1016	23.8968
ENSG00000108176.15	DNAJC12	protein_coding	5448	2691	2757	144.4394	35.8195	38.7290
ENSG00000108179.14	PPIF	protein_coding	2912	1465	1447	61.8268	15.3324	16.5778
ENSG00000108187.16	PBLD	protein_coding	706	336	373	7.7412	1.9197	2.0757
ENSG00000108219.15	TSPAN14	protein_coding	7765	3826	3944	24.6158	6.1045	6.6003
ENSG00000108231.14	LGI1	protein_coding	104	51	54	0.3818	0.0947	0.1024
ENSG00000108239.9	TBC1D12	protein_coding	1435	742	693	11.1692	2.7698	2.9948
ENSG00000108242.13	CYP2C18	protein_coding	1	1	0	0.0245	0.0061	0.0066
ENSG00000108244.17	KRT23	protein_coding	3657	2688	2852	71.2675	17.6736	19.1092
ENSG00000108255.8	CRYBA1	protein_coding	5	2	3	0.3553	0.0881	0.0953
ENSG00000108256.9	NUFIP2	protein_coding	14869	7538	7331	77.5233	19.2250	20.7866
ENSG00000108262.16	GIT1	protein_coding	5932	2916	3016	59.5405	14.7654	15.9648
ENSG00000108298.12	RPL19	protein_coding	74946	37070	37880	1183.5660	293.5124	317.3535
ENSG00000108306.13	FBXL20	protein_coding	2993	1521	1474	15.3563	3.8082	4.1175
ENSG00000108309.14	RUNDC3A	protein_coding	16	9	11	0.1850	0.0459	0.0496
ENSG00000108312.15	UBTF	protein_coding	11663	6257	6139	94.5815	23.4553	25.3605
ENSG00000108342.13	CSF3	protein_coding	0	0	0	0.0000	0.0000	0.0000
ENSG00000108344.15	PSMD3	protein_coding	9443	4627	4820	108.1188	26.8124	28.9903
ENSG00000108349.17	CASC3	protein_coding	11021	5574	5448	98.1471	24.3395	26.3165
ENSG00000108352.13	RAPGEFL1	protein_coding	550	291	260	5.4377	1.3485	1.4580
ENSG00000108370.17	RGS9	protein_coding	659	317	343	5.3002	1.3144	1.4212
ENSG00000108375.13	RNF43	protein_coding	902	469	440	8.0822	2.0043	2.1671
ENSG00000108379.10	WNT3	protein_coding	1047	527	520	13.9183	3.4516	3.7320
ENSG00000108381.11	ASPA	protein_coding	60	30	30	0.5821	0.1444	0.1561
ENSG00000108384.15	RAD51C	protein_coding	1649	827	822	15.4111	3.8218	4.1322
ENSG00000108387.15	SEPTIN4	protein_coding	858	553	542	4.8009	1.1906	1.2873
ENSG00000108389.9	MTMR4	protein_coding	3828	1971	1857	29.0416	7.2020	7.7870
ENSG00000108395.14	TRIM37	protein_coding	3994	2082	2005	41.3170	10.2462	11.0785
ENSG00000108405.4	P2RX1	protein_coding	52	23	29	0.7473	0.1853	0.2004
ENSG00000108406.10	DHX40	protein_coding	6442	3207	3237	61.8567	15.3398	16.5858
ENSG00000108417.4	KRT37	protein_coding	111	64	52	3.6115	0.8956	0.9684
ENSG00000108423.15	TUBD1	protein_coding	993	510	483	16.8956	4.1899	4.5303
ENSG00000108424.11	KPNB1	protein_coding	22012	12720	12583	121.1354	30.0403	32.4804
ENSG00000108433.17	GOSR2	protein_coding	4335	2195	2140	17.1125	4.2437	4.5884
ENSG00000108439.11	PNPO	protein_coding	2066	1638	1432	22.4192	5.5597	6.0113
ENSG00000108442.2	TVP23BP2	processed_pseudogene	0	0	0	0.0000	0.0000	0.0000
ENSG00000108443.14	RPS6KB1	protein_coding	4335	2164	2171	31.9394	7.9207	8.5640
ENSG00000108448.21	TRIM16L	protein_coding	696	371	325	9.1176	2.2611	2.4447
ENSG00000108452.1	ZNF29P	unprocessed_pseudogene	0	0	0	0.0000	0.0000	0.0000
ENSG00000108465.15	CDK5RAP3	protein_coding	290	162	129	2.7063	0.6711	0.7256
ENSG00000108468.15	CBX1	protein_coding	7982	4058	3928	148.7053	36.8774	39.8729
ENSG00000108469.15	RECQL5	protein_coding	2008	1011	1017	12.9904	3.2215	3.4832
ENSG00000108474.17	PIGL	protein_coding	400	353	351	3.6813	0.9129	0.9871
ENSG00000108479.12	GALK1	protein_coding	1504	745	761	35.3029	8.7548	9.4659
ENSG00000108506.13	INTS2	protein_coding	2316	1179	1137	15.2243	3.7755	4.0822
ENSG00000108509.21	CAMTA2	protein_coding	1462	1089	1099	13.7678	3.4143	3.6916
ENSG00000108510.10	MED13	protein_coding	11826	6014	5812	52.9198	13.1236	14.1896
ENSG00000108511.10	HOXB6	protein_coding	51	89	74	1.1107	0.2754	0.2978
ENSG00000108515.18	ENO3	protein_coding	192	3741	3633	2.5369	0.6291	0.6802
ENSG00000108516.5	AC003958.1	unprocessed_pseudogene	1	0	1	0.1347	0.0334	0.0361
ENSG00000108518.8	PFN1	protein_coding	15748	11210	11722	558.5170	138.5066	149.7570
ENSG00000108523.16	RNF167	protein_coding	5647	2805	2847	116.7060	28.9419	31.2928
ENSG00000108528.14	SLC25A11	protein_coding	2842	1400	1448	65.2245	16.1750	17.4889
ENSG00000108551.5	RASD1	protein_coding	217	117	100	7.0401	1.7459	1.8877
ENSG00000108556.10	CHRNE	protein_coding	34	265	256	0.5476	0.1358	0.1468
ENSG00000108557.19	RAI1	protein_coding	2896	1570	1567	16.9172	4.1953	4.5361
ENSG00000108559.12	NUP88	protein_coding	2314	2999	3148	21.8602	5.4211	5.8615
ENSG00000108561.8	C1QBP	protein_coding	3863	1967	1896	93.8204	23.2665	25.1564
ENSG00000108576.10	SLC6A4	protein_coding	6191	3090	3103	50.2780	12.4684	13.4812
ENSG00000108578.15	BLMH	protein_coding	6672	3438	3236	73.9146	18.3301	19.8190
ENSG00000108582.12	CPD	protein_coding	24877	12578	12299	112.7717	27.9662	30.2379
ENSG00000108587.16	GOSR1	protein_coding	6894	3397	3497	39.6711	9.8380	10.6371
ENSG00000108588.14	CCDC47	protein_coding	14303	7183	7125	186.2937	46.1990	49.9516
ENSG00000108590.11	MED31	protein_coding	201	372	371	5.4099	1.3416	1.4506
ENSG00000108591.10	DRG2	protein_coding	1224	831	835	9.3751	2.3249	2.5138
ENSG00000108592.17	FTSJ3	protein_coding	6212	4719	4851	67.6945	16.7876	18.1512
ENSG00000108599.15	AKAP10	protein_coding	2079	1026	1053	24.3645	6.0422	6.5329
ENSG00000108602.18	ALDH3A1	protein_coding	5	0	6	0.0731	0.0181	0.0196
ENSG00000108604.16	SMARCD2	protein_coding	8012	4020	3992	124.0744	30.7692	33.2685
ENSG00000108622.11	ICAM2	protein_coding	137	214	227	2.3957	0.5941	0.6424
ENSG00000108639.8	SYNGR2	protein_coding	10063	5178	4885	140.8720	34.9348	37.7725
ENSG00000108641.19	B9D1	protein_coding	683	987	991	4.5633	1.1316	1.2236
ENSG00000108651.10	UTP6	protein_coding	3962	2041	1932	35.1730	8.7225	9.4310
ENSG00000108654.16	DDX5	protein_coding	52896	26816	26191	322.1706	79.8951	86.3847
ENSG00000108666.10	C17orf75	protein_coding	2106	1092	1073	20.7996	5.1581	5.5771
ENSG00000108669.16	CYTH1	protein_coding	3532	1711	1821	25.8318	6.4060	6.9264
ENSG00000108671.11	PSMD11	protein_coding	10302	5498	5342	82.4829	20.4549	22.1164
ENSG00000108679.13	LGALS3BP	protein_coding	61688	30195	31496	1022.3042	253.5211	274.1139
ENSG00000108684.15	ASIC2	protein_coding	5	1	4	0.0480	0.0119	0.0129
ENSG00000108688.11	CCL7	protein_coding	27	10	17	1.7742	0.4400	0.4757
ENSG00000108691.9	CCL2	protein_coding	2557	1239	1318	73.0148	18.1069	19.5777
ENSG00000108700.5	CCL8	protein_coding	792	408	384	52.1048	12.9215	13.9710
ENSG00000108702.4	CCL1	protein_coding	2	2	0	0.1909	0.0474	0.0512
ENSG00000108733.11	PEX12	protein_coding	1309	787	727	26.5593	6.5864	7.1214
ENSG00000108759.4	KRT32	protein_coding	283	137	146	8.0045	1.9850	2.1463
ENSG00000108771.13	DHX58	protein_coding	3402	1691	1712	50.4517	12.5115	13.5278
ENSG00000108773.11	KAT2A	protein_coding	2742	1323	1419	41.1917	10.2151	11.0449
ENSG00000108774.15	RAB5C	protein_coding	3696	1887	1812	75.9696	18.8397	20.3700
ENSG00000108784.10	NAGLU	protein_coding	2781	1408	1373	53.7344	13.3256	14.4080
ENSG00000108785.7	HSD17B1P1	unprocessed_pseudogene	27	15	12	1.6033	0.3976	0.4299
ENSG00000108786.11	HSD17B1	protein_coding	49	551	546	1.4243	0.3532	0.3819
ENSG00000108788.12	MLX	protein_coding	2984	2020	2055	39.7703	9.8626	10.6637
ENSG00000108797.12	CNTNAP1	protein_coding	801	480	501	7.2034	1.7864	1.9315
ENSG00000108798.9	ABI3	protein_coding	578	308	304	14.4271	3.5778	3.8684
ENSG00000108799.13	EZH1	protein_coding	4316	2168	2149	35.0258	8.6860	9.3916
ENSG00000108813.11	DLX4	protein_coding	273	145	130	4.2673	1.0583	1.1442
ENSG00000108819.11	PPP1R9B	protein_coding	4628	2932	2734	60.4314	14.9864	16.2037
ENSG00000108821.14	COL1A1	protein_coding	1458646	748020	764243	9183.9431	2277.5252	2462.5216
ENSG00000108823.16	SGCA	protein_coding	14	17	19	0.3242	0.0804	0.0869
ENSG00000108825.18	PTGES3L-AARSD1	protein_coding	0	0	0	0.0000	0.0000	0.0000
ENSG00000108826.16	MRPL27	protein_coding	2699	1262	1437	50.6822	12.5687	13.5896
ENSG00000108828.16	VAT1	protein_coding	25337	12656	12683	414.5587	102.8064	111.1570
ENSG00000108829.10	LRRC59	protein_coding	12890	7588	7894	161.0114	39.9292	43.1725
ENSG00000108830.10	RND2	protein_coding	1941	970	972	25.2001	6.2494	6.7570
ENSG00000108839.12	ALOX12	protein_coding	47	47	58	1.0058	0.2494	0.2697
ENSG00000108840.15	HDAC5	protein_coding	4819	2370	2462	35.8736	8.8963	9.6189
ENSG00000108846.16	ABCC3	protein_coding	10934	5387	5558	64.4895	15.9928	17.2918
ENSG00000108848.16	LUC7L3	protein_coding	12370	6076	6310	86.2220	21.3822	23.1190
ENSG00000108849.8	PPY	protein_coding	1	1	0	0.0570	0.0141	0.0153
ENSG00000108852.15	MPP2	protein_coding	768	406	363	7.1235	1.7666	1.9101
ENSG00000108854.16	SMURF2	protein_coding	2920	1505	1438	22.9576	5.6933	6.1557
ENSG00000108861.9	DUSP3	protein_coding	8875	4394	4482	100.7206	24.9777	27.0066
ENSG00000108878.5	CACNG1	protein_coding	485	226	259	21.1247	5.2387	5.6642
ENSG00000108883.13	EFTUD2	protein_coding	9094	4691	4713	50.7949	12.5966	13.6198
ENSG00000108924.14	HLF	protein_coding	115	58	57	0.9625	0.2387	0.2581
ENSG00000108932.12	SLC16A6	protein_coding	2469	1281	1400	34.4784	8.5503	9.2448
ENSG00000108946.15	PRKAR1A	protein_coding	24714	12351	12365	205.4728	50.9552	55.0941
ENSG00000108947.5	EFNB3	protein_coding	285	145	140	5.0256	1.2463	1.3475
ENSG00000108950.12	FAM20A	protein_coding	1297	656	642	11.8998	2.9510	3.1907
ENSG00000108953.17	YWHAE	protein_coding	25276	13091	12187	388.6663	96.3853	104.2144
ENSG00000108958.4	AC130689.1	processed_pseudogene	19	8	11	2.6409	0.6549	0.7081
ENSG00000108960.9	MMD	protein_coding	2440	1239	1201	43.3362	10.7469	11.6199
ENSG00000108961.14	RANGRF	protein_coding	25	540	515	0.9984	0.2476	0.2677
ENSG00000108963.19	DPH1	protein_coding	674	419	436	6.1669	1.5293	1.6536
ENSG00000108984.15	MAP2K6	protein_coding	196	93	103	0.6672	0.1655	0.1789
ENSG00000109016.17	DHRS7B	protein_coding	1022	521	501	10.4541	2.5925	2.8031
ENSG00000109046.15	WSB1	protein_coding	7945	3998	3947	52.3786	12.9894	14.0445
ENSG00000109047.8	RCVRN	protein_coding	5	2	3	0.1103	0.0274	0.0296
ENSG00000109061.10	MYH1	protein_coding	58	31	29	0.5461	0.1354	0.1464
ENSG00000109062.12	SLC9A3R1	protein_coding	14474	7303	7376	350.9278	87.0266	94.0955
ENSG00000109063.15	MYH3	protein_coding	187	89	100	1.5866	0.3935	0.4254
ENSG00000109065.12	NAT9	protein_coding	2743	1348	1395	38.2482	9.4852	10.2556
ENSG00000109066.14	TMEM104	protein_coding	2056	1051	1006	23.5976	5.8520	6.3273
ENSG00000109072.14	VTN	protein_coding	28	19	11	0.8340	0.2068	0.2236
ENSG00000109079.10	TNFAIP1	protein_coding	5755	3526	3477	83.9203	20.8114	22.5018
ENSG00000109083.14	IFT20	protein_coding	1137	1066	1095	19.9812	4.9551	5.3576
ENSG00000109084.14	TMEM97	protein_coding	3388	2253	2159	65.5969	16.2674	17.5887
ENSG00000109089.7	CDR2L	protein_coding	1628	782	847	26.1097	6.4749	7.0009
ENSG00000109099.16	PMP22	protein_coding	12488	7119	7005	68.1087	16.8903	18.2622
ENSG00000109101.8	FOXN1	protein_coding	23	11	12	0.3582	0.0888	0.0961
ENSG00000109103.12	UNC119	protein_coding	1768	914	854	19.6981	4.8849	5.2817
ENSG00000109107.14	ALDOC	protein_coding	948	746	755	20.5823	5.1042	5.5188
ENSG00000109111.15	SUPT6H	protein_coding	14400	7209	7213	77.7145	19.2724	20.8378
ENSG00000109113.20	RAB34	protein_coding	5185	2586	2599	89.0225	22.0767	23.8699
ENSG00000109118.14	PHF12	protein_coding	5808	2896	2942	26.9380	6.6804	7.2230
ENSG00000109132.7	PHOX2B	protein_coding	0	0	0	0.0000	0.0000	0.0000
ENSG00000109133.13	TMEM33	protein_coding	5787	2864	2923	38.7829	9.6178	10.3990
ENSG00000109158.11	GABRA4	protein_coding	0	0	0	0.0000	0.0000	0.0000
ENSG00000109163.7	GNRHR	protein_coding	10	5	5	0.1288	0.0319	0.0345
ENSG00000109171.15	SLAIN2	protein_coding	4941	2468	2473	44.4345	11.0193	11.9144
ENSG00000109180.15	OCIAD1	protein_coding	6769	3413	3410	81.4319	20.1943	21.8346
ENSG00000109181.12	UGT2B10	protein_coding	0	0	0	0.0000	0.0000	0.0000
ENSG00000109182.12	CWH43	protein_coding	0	0	0	0.0000	0.0000	0.0000
ENSG00000109184.15	DCUN1D4	protein_coding	2751	1358	1393	20.4602	5.0739	5.4861
ENSG00000109189.13	USP46	protein_coding	1497	763	734	9.5441	2.3668	2.5591
ENSG00000109193.12	SULT1E1	protein_coding	0	0	0	0.0000	0.0000	0.0000
ENSG00000109205.16	ODAM	protein_coding	0	0	0	0.0000	0.0000	0.0000
ENSG00000109208.5	SMR3A	protein_coding	0	0	0	0.0000	0.0000	0.0000
ENSG00000109220.11	CHIC2	protein_coding	749	371	378	34.4491	8.5430	9.2370
ENSG00000109255.11	NMU	protein_coding	0	0	0	0.0000	0.0000	0.0000
ENSG00000109265.14	CRACD	protein_coding	575	291	284	4.8344	1.1989	1.2963
ENSG00000109270.13	LAMTOR3	protein_coding	3386	1695	1691	46.1143	11.4359	12.3648
ENSG00000109272.4	PF4V1	protein_coding	0	0	0	0.0000	0.0000	0.0000
ENSG00000109320.13	NFKB1	protein_coding	4434	2188	2253	39.5427	9.8062	10.6027
ENSG00000109321.11	AREG	protein_coding	442	208	234	15.2654	3.7857	4.0932
ENSG00000109323.11	MANBA	protein_coding	3942	1960	1984	19.0369	4.7210	5.1044
ENSG00000109332.20	UBE2D3	protein_coding	21417	10641	10811	120.9237	29.9879	32.4237
ENSG00000109339.24	MAPK10	protein_coding	320	455	477	0.4258	0.1056	0.1142
ENSG00000109381.20	ELF2	protein_coding	2878	1397	1482	19.0667	4.7284	5.1124
ENSG00000109390.13	NDUFC1	protein_coding	1893	1023	983	35.8557	8.8919	9.6141
ENSG00000109424.4	UCP1	protein_coding	0	0	0	0.0000	0.0000	0.0000
ENSG00000109436.8	TBC1D9	protein_coding	55641	28157	27487	539.2924	133.7391	144.6023
ENSG00000109445.11	ZNF330	protein_coding	1831	942	889	40.9448	10.1539	10.9787
ENSG00000109452.12	INPP4B	protein_coding	12947	6536	6414	51.8776	12.8651	13.9101
ENSG00000109458.8	GAB1	protein_coding	2892	1449	1443	16.2077	4.0193	4.3458
ENSG00000109466.14	KLHL2	protein_coding	1108	566	542	15.9925	3.9660	4.2881
ENSG00000109471.5	IL2	protein_coding	3	2	1	0.1520	0.0377	0.0408
ENSG00000109472.14	CPE	protein_coding	17109	8623	8487	311.0776	77.1441	83.4103
ENSG00000109475.16	RPL34	protein_coding	18463	9204	9260	308.5872	76.5265	82.7425
ENSG00000109501.14	WFS1	protein_coding	6903	4018	4032	86.7425	21.5113	23.2586
ENSG00000109511.12	ANXA10	protein_coding	8	5	3	0.2471	0.0613	0.0663
ENSG00000109519.13	GRPEL1	protein_coding	2311	1146	1165	32.3198	8.0150	8.6660
ENSG00000109534.17	GAR1	protein_coding	1127	563	564	32.5418	8.0700	8.7255
ENSG00000109536.12	FRG1	protein_coding	1870	880	990	65.3405	16.2038	17.5200
ENSG00000109572.14	CLCN3	protein_coding	7269	3662	3607	50.7791	12.5927	13.6156
ENSG00000109576.14	AADAT	protein_coding	326	155	171	6.2247	1.5437	1.6691
ENSG00000109586.12	GALNT7	protein_coding	4593	2839	2814	38.2649	9.4893	10.2601
ENSG00000109606.13	DHX15	protein_coding	10639	5347	5292	73.8841	18.3225	19.8108
ENSG00000109610.6	SOD3	protein_coding	235	116	119	6.6040	1.6377	1.7707
ENSG00000109618.12	SEPSECS	protein_coding	1045	514	532	9.4986	2.3556	2.5469
ENSG00000109625.19	CPZ	protein_coding	15	5	10	0.2468	0.0612	0.0662
ENSG00000109654.16	TRIM2	protein_coding	1953	985	968	6.8354	1.6951	1.8328
ENSG00000109667.12	SLC2A9	protein_coding	298	156	142	2.5497	0.6323	0.6837
ENSG00000109670.16	FBXW7	protein_coding	1197	647	654	6.1829	1.5333	1.6578
ENSG00000109674.4	NEIL3	protein_coding	97	45	52	1.8877	0.4681	0.5062
ENSG00000109680.11	TBC1D19	protein_coding	470	252	218	6.4412	1.5974	1.7271
ENSG00000109684.15	CLNK	protein_coding	10	7	3	0.0928	0.0230	0.0249
ENSG00000109685.19	NSD2	protein_coding	4373	2239	2135	12.1852	3.0218	3.2673
ENSG00000109686.19	SH3D19	protein_coding	5489	7582	7695	40.1032	9.9452	10.7530
ENSG00000109689.18	STIM2	protein_coding	2104	1056	1048	14.2282	3.5285	3.8151
ENSG00000109705.8	NKX3-2	protein_coding	106	58	48	2.6610	0.6599	0.7135
ENSG00000109736.15	MFSD10	protein_coding	3034	1558	1476	54.9005	13.6148	14.7206
ENSG00000109738.11	GLRB	protein_coding	533	286	247	8.9137	2.2105	2.3901
ENSG00000109743.11	BST1	protein_coding	502	249	253	9.9366	2.4642	2.6643
ENSG00000109756.9	RAPGEF2	protein_coding	3691	1845	1846	15.7677	3.9102	4.2279
ENSG00000109758.9	HGFAC	protein_coding	1	0	1	0.0206	0.0051	0.0055
ENSG00000109762.16	SNX25	protein_coding	1615	813	821	18.0680	4.4807	4.8446
ENSG00000109771.15	LRP2BP	protein_coding	209	115	128	1.6104	0.3994	0.4318
ENSG00000109775.11	UFSP2	protein_coding	1707	1270	1249	34.8466	8.6416	9.3435
ENSG00000109787.13	KLF3	protein_coding	5715	2897	2892	47.8655	11.8702	12.8343
ENSG00000109790.16	KLHL5	protein_coding	2660	1600	1640	29.3251	7.2723	7.8630
ENSG00000109794.13	FAM149A	protein_coding	143	72	71	1.5541	0.3854	0.4167
ENSG00000109805.10	NCAPG	protein_coding	854	630	608	9.9918	2.4779	2.6791
ENSG00000109814.12	UGDH	protein_coding	31170	15951	15375	439.1677	108.9091	117.7555
ENSG00000109819.9	PPARGC1A	protein_coding	59	31	28	0.3078	0.0763	0.0825
ENSG00000109832.14	DDX25	protein_coding	5	3	2	0.0257	0.0064	0.0069
ENSG00000109846.9	CRYAB	protein_coding	1201	736	742	15.5216	3.8492	4.1619
ENSG00000109851.7	DBX1	protein_coding	0	0	0	0.0000	0.0000	0.0000
ENSG00000109854.14	HTATIP2	protein_coding	1862	929	933	37.7661	9.3656	10.1263
ENSG00000109861.17	CTSC	protein_coding	10922	5477	5445	24.9260	6.1814	6.6835
ENSG00000109881.17	CCDC34	protein_coding	874	441	433	15.9834	3.9637	4.2857
ENSG00000109906.14	ZBTB16	protein_coding	265	132	133	1.2175	0.3019	0.3265
ENSG00000109911.19	ELP4	protein_coding	835	649	602	1.7379	0.4310	0.4660
ENSG00000109917.11	ZPR1	protein_coding	2128	1053	1087	17.0982	4.2402	4.5846
ENSG00000109919.10	MTCH2	protein_coding	7773	3941	3832	153.0047	37.9436	41.0257
ENSG00000109920.13	FNBP4	protein_coding	4706	2350	2357	35.0278	8.6866	9.3921
ENSG00000109927.11	TECTA	protein_coding	84	45	39	0.5732	0.1422	0.1537
ENSG00000109929.10	SC5D	protein_coding	1982	941	1041	11.1795	2.7724	2.9976
ENSG00000109943.9	CRTAM	protein_coding	71	44	28	1.5030	0.3727	0.4030
ENSG00000109944.11	JHY	protein_coding	367	181	186	2.4232	0.6009	0.6497
ENSG00000109956.13	B3GAT1	protein_coding	3	0	3	0.0145	0.0036	0.0039
ENSG00000109971.14	HSPA8	protein_coding	102340	50752	51605	1196.8857	296.8156	320.9250
ENSG00000109991.9	P2RX3	protein_coding	1	0	1	0.0128	0.0032	0.0034
ENSG00000110002.16	VWA5A	protein_coding	3640	1824	1816	32.4515	8.0477	8.7013
ENSG00000110011.13	DNAJC4	protein_coding	757	407	377	15.2937	3.7927	4.1008
ENSG00000110013.13	SIAE	protein_coding	2581	2081	2127	18.1171	4.4929	4.8578
ENSG00000110025.13	SNX15	protein_coding	17	12	5	0.1974	0.0490	0.0529
ENSG00000110031.13	LPXN	protein_coding	1001	477	524	23.0104	5.7063	6.1699
ENSG00000110042.8	DTX4	protein_coding	988	526	525	8.7097	2.1599	2.3354
ENSG00000110046.13	ATG2A	protein_coding	1268	642	626	9.1802	2.2766	2.4615
ENSG00000110047.18	EHD1	protein_coding	3005	1489	1516	24.0561	5.9657	6.4502
ENSG00000110048.12	OSBP	protein_coding	5307	2868	2932	58.7583	14.5715	15.7551
ENSG00000110057.8	UNC93B1	protein_coding	3353	1667	1687	53.7750	13.3357	14.4189
ENSG00000110060.9	PUS3	protein_coding	603	313	291	17.0130	4.2191	4.5618
ENSG00000110063.10	DCPS	protein_coding	874	492	477	6.2907	1.5600	1.6867
ENSG00000110066.15	KMT5B	protein_coding	5017	2546	2472	32.9604	8.1738	8.8378
ENSG00000110074.11	FOXRED1	protein_coding	937	471	475	9.3932	2.3294	2.5186
ENSG00000110075.15	PPP6R3	protein_coding	6217	3270	3262	42.4522	10.5277	11.3829
ENSG00000110076.19	NRXN2	protein_coding	53	20	33	0.2838	0.0704	0.0761
ENSG00000110077.14	MS4A6A	protein_coding	3355	1697	1660	32.8548	8.1477	8.8095
ENSG00000110079.18	MS4A4A	protein_coding	1136	568	570	21.8678	5.4230	5.8635
ENSG00000110080.20	ST3GAL4	protein_coding	2153	1068	1085	20.4791	5.0786	5.4911
ENSG00000110090.13	CPT1A	protein_coding	6125	3082	3043	52.8608	13.1090	14.1738
ENSG00000110092.4	CCND1	protein_coding	75441	46232	46116	898.6047	222.8449	240.9459
ENSG00000110104.13	CCDC86	protein_coding	939	957	1043	15.9338	3.9514	4.2724
ENSG00000110107.9	PRPF19	protein_coding	10364	5155	5209	201.3505	49.9329	53.9888
ENSG00000110108.10	TMEM109	protein_coding	10011	5153	4926	265.6638	65.8819	71.2333
ENSG00000110148.10	CCKBR	protein_coding	0	0	0	0.0000	0.0000	0.0000
ENSG00000110169.11	HPX	protein_coding	2126	1072	1054	33.2045	8.2344	8.9032
ENSG00000110171.20	TRIM3	protein_coding	2187	1082	1105	18.3713	4.5559	4.9260
ENSG00000110172.12	CHORDC1	protein_coding	2824	1435	1389	14.4291	3.5783	3.8689
ENSG00000110195.14	FOLR1	protein_coding	33	18	15	1.1689	0.2899	0.3134
ENSG00000110200.8	ANAPC15	protein_coding	127	496	501	2.4982	0.6195	0.6698
ENSG00000110203.9	FOLR3	protein_coding	2	1	1	0.0812	0.0201	0.0218
ENSG00000110218.9	PANX1	protein_coding	2658	1354	1304	52.8524	13.1069	14.1715
ENSG00000110237.5	ARHGEF17	protein_coding	7819	3887	3992	44.6946	11.0838	11.9841
ENSG00000110243.12	APOA5	protein_coding	1	1	0	0.0281	0.0070	0.0075
ENSG00000110244.7	APOA4	protein_coding	0	0	0	0.0000	0.0000	0.0000
ENSG00000110245.12	APOC3	protein_coding	0	0	0	0.0000	0.0000	0.0000
ENSG00000110274.16	CEP164	protein_coding	1486	760	727	6.5347	1.6205	1.7522
ENSG00000110315.7	RNF141	protein_coding	10851	5497	5356	78.6402	19.5020	21.0861
ENSG00000110318.15	CEP126	protein_coding	195	99	96	1.3486	0.3344	0.3616
ENSG00000110321.19	EIF4G2	protein_coding	83249	41349	41903	556.3994	137.9814	149.1892
ENSG00000110324.11	IL10RA	protein_coding	1502	732	770	10.5419	2.6143	2.8266
ENSG00000110328.6	GALNT18	protein_coding	1549	789	760	24.2261	6.0078	6.4958
ENSG00000110330.8	BIRC2	protein_coding	5184	2572	2612	64.8686	16.0868	17.3934
ENSG00000110344.10	UBE4A	protein_coding	2310	2157	1981	19.9665	4.9515	5.3537
ENSG00000110367.13	DDX6	protein_coding	12566	6559	6367	62.1722	15.4181	16.6704
ENSG00000110375.3	UPK2	protein_coding	3	66	47	0.1514	0.0375	0.0406
ENSG00000110395.7	CBL	protein_coding	2164	1107	1060	10.4728	2.5972	2.8081
ENSG00000110400.11	NECTIN1	protein_coding	1242	624	618	9.0103	2.2345	2.4160
ENSG00000110422.12	HIPK3	protein_coding	12144	6105	6039	84.3564	20.9195	22.6188
ENSG00000110427.17	KIAA1549L	protein_coding	2221	1171	1182	9.3312	2.3140	2.5020
ENSG00000110429.14	FBXO3	protein_coding	4471	2203	2268	20.3720	5.0521	5.4624
ENSG00000110435.12	PDHX	protein_coding	2720	1429	1480	41.4654	10.2830	11.1182
ENSG00000110436.13	SLC1A2	protein_coding	1620	817	803	4.0294	0.9992	1.0804
ENSG00000110442.12	COMMD9	protein_coding	2206	1082	1126	18.9779	4.7063	5.0886
ENSG00000110446.11	SLC15A3	protein_coding	3075	1701	1682	26.7911	6.6439	7.1836
ENSG00000110448.11	CD5	protein_coding	211	101	110	3.8266	0.9490	1.0260
ENSG00000110455.14	ACCS	protein_coding	259	140	119	2.5146	0.6236	0.6743
ENSG00000110484.7	SCGB2A2	protein_coding	24831	12430	12402	933.1778	231.4187	250.2161
ENSG00000110492.15	MDK	protein_coding	8846	4307	4542	228.4410	56.6511	61.2527
ENSG00000110497.14	AMBRA1	protein_coding	3668	1795	1873	27.1096	6.7229	7.2690
ENSG00000110514.19	MADD	protein_coding	6148	3098	3053	41.6750	10.3350	11.1745
ENSG00000110536.14	PTPMT1	protein_coding	188	1241	1292	3.8910	0.9649	1.0433
ENSG00000110583.13	NAA40	protein_coding	1221	603	618	13.0352	3.2326	3.4952
ENSG00000110619.18	CARS1	protein_coding	3304	2064	2112	18.6679	4.6295	5.0055
ENSG00000110628.16	SLC22A18	protein_coding	1013	560	602	10.9821	2.7234	2.9447
ENSG00000110651.12	CD81	protein_coding	30305	15735	15587	233.6318	57.9383	62.6445
ENSG00000110660.15	SLC35F2	protein_coding	1179	610	569	19.1964	4.7605	5.1472
ENSG00000110665.12	C11orf21	protein_coding	22	10	16	0.3062	0.0759	0.0821
ENSG00000110675.13	ELMOD1	protein_coding	85	37	48	0.8231	0.2041	0.2207
ENSG00000110680.13	CALCA	protein_coding	0	0	0	0.0000	0.0000	0.0000
ENSG00000110693.18	SOX6	protein_coding	41	55	50	0.1184	0.0294	0.0317
ENSG00000110696.10	C11orf58	protein_coding	14428	7370	7123	79.1154	19.6198	21.2135
ENSG00000110697.13	PITPNM1	protein_coding	1125	576	553	9.9036	2.4560	2.6555
ENSG00000110700.7	RPS13	protein_coding	27390	13722	13668	734.4143	182.1273	196.9210
ENSG00000110711.10	AIP	protein_coding	2566	1306	1260	87.9262	21.8048	23.5759
ENSG00000110713.17	NUP98	protein_coding	11388	5733	5655	65.2073	16.1708	17.4843
ENSG00000110717.13	NDUFS8	protein_coding	3719	1862	1857	46.6293	11.5636	12.5029
ENSG00000110719.10	TCIRG1	protein_coding	2963	1464	1499	38.4072	9.5246	10.2983
ENSG00000110721.12	CHKA	protein_coding	1148	932	938	16.7921	4.1643	4.5025
ENSG00000110723.12	EXPH5	protein_coding	716	341	375	3.7102	0.9201	0.9948
ENSG00000110756.18	HPS5	protein_coding	2745	1377	1370	24.1985	6.0010	6.4884
ENSG00000110768.12	GTF2H1	protein_coding	3368	1640	1730	27.5215	6.8251	7.3794
ENSG00000110777.12	POU2AF1	protein_coding	73	34	39	0.5917	0.1467	0.1587
ENSG00000110786.18	PTPN5	protein_coding	0	1	0	0.0000	0.0000	0.0000
ENSG00000110799.14	VWF	protein_coding	11982	5922	6063	65.4182	16.2231	17.5408
ENSG00000110801.14	PSMD9	protein_coding	226	108	118	1.4609	0.3623	0.3917
ENSG00000110811.20	P3H3	protein_coding	5475	2636	2840	67.4972	16.7386	18.0983
ENSG00000110841.14	PPFIBP1	protein_coding	7754	3909	3845	37.6158	9.3283	10.0861
ENSG00000110844.14	PRPF40B	protein_coding	480	936	952	2.8823	0.7148	0.7729
ENSG00000110848.8	CD69	protein_coding	329	169	160	6.5881	1.6338	1.7665
ENSG00000110851.12	PRDM4	protein_coding	3095	1660	1734	36.7807	9.1212	9.8621
ENSG00000110852.4	CLEC2B	protein_coding	1585	869	844	34.0733	8.4498	9.1362
ENSG00000110871.15	COQ5	protein_coding	2466	1256	1219	55.9164	13.8667	14.9930
ENSG00000110876.10	SELPLG	protein_coding	1991	932	1059	40.1670	9.9610	10.7701
ENSG00000110880.11	CORO1C	protein_coding	10281	5164	5117	90.2252	22.3749	24.1924
ENSG00000110881.12	ASIC1	protein_coding	205	96	110	2.0236	0.5018	0.5426
ENSG00000110887.8	DAO	protein_coding	1	0	1	0.0146	0.0036	0.0039
ENSG00000110888.17	CAPRIN2	protein_coding	2252	1135	1117	15.2182	3.7740	4.0805
ENSG00000110900.16	TSPAN11	protein_coding	230	129	129	1.8330	0.4546	0.4915
ENSG00000110906.13	KCTD10	protein_coding	6631	3321	3310	38.8435	9.6328	10.4152
ENSG00000110911.16	SLC11A2	protein_coding	8196	4083	4113	47.0060	11.6570	12.6039
ENSG00000110917.8	MLEC	protein_coding	13516	8918	8743	119.0575	29.5251	31.9233
ENSG00000110921.14	MVK	protein_coding	893	519	543	7.8055	1.9357	2.0929
ENSG00000110925.7	CSRNP2	protein_coding	6936	3442	3495	75.2085	18.6509	20.1659
ENSG00000110931.19	CAMKK2	protein_coding	4595	2284	2313	36.3282	9.0090	9.7408
ENSG00000110934.13	BIN2	protein_coding	558	265	293	7.9388	1.9687	2.1287
ENSG00000110944.9	IL23A	protein_coding	42	21	21	2.0219	0.5014	0.5421
ENSG00000110955.9	ATP5F1B	protein_coding	28707	14369	14339	727.4232	180.3936	195.0464
ENSG00000110958.16	PTGES3	protein_coding	27309	13938	13373	455.6318	112.9921	122.1701
ENSG00000110975.8	SYT10	protein_coding	193	103	90	2.1537	0.5341	0.5775
ENSG00000110987.9	BCL7A	protein_coding	1517	795	783	13.1042	3.2497	3.5137
ENSG00000111011.18	RSRC2	protein_coding	6187	3029	3158	40.1217	9.9498	10.7580
ENSG00000111012.10	CYP27B1	protein_coding	148	69	79	2.5557	0.6338	0.6853
ENSG00000111046.4	MYF6	protein_coding	0	0	0	0.0000	0.0000	0.0000
ENSG00000111049.4	MYF5	protein_coding	0	0	0	0.0000	0.0000	0.0000
ENSG00000111052.7	LIN7A	protein_coding	2337	1210	1197	19.5042	4.8369	5.2297
ENSG00000111057.11	KRT18	protein_coding	69709	48516	48201	1288.1054	319.4371	345.3840
ENSG00000111058.8	ACSS3	protein_coding	2611	1374	1424	8.0189	1.9886	2.1501
ENSG00000111077.18	TNS2	protein_coding	3250	1931	1877	23.1426	5.7391	6.2053
ENSG00000111087.10	GLI1	protein_coding	10	4	6	0.1244	0.0308	0.0333
ENSG00000111110.12	PPM1H	protein_coding	2508	1260	1248	19.8532	4.9234	5.3233
ENSG00000111142.14	METAP2	protein_coding	6049	3081	2968	76.3836	18.9424	20.4810
ENSG00000111144.10	LTA4H	protein_coding	6650	3748	3780	50.9279	12.6296	13.6555
ENSG00000111145.8	ELK3	protein_coding	5296	2878	2873	64.6718	16.0380	17.3407
ENSG00000111181.12	SLC6A12	protein_coding	95	48	52	1.0203	0.2530	0.2736
ENSG00000111186.13	WNT5B	protein_coding	619	307	312	8.2791	2.0531	2.2199
ENSG00000111196.10	MAGOHB	protein_coding	1188	595	593	13.9226	3.4527	3.7331
ENSG00000111199.12	TRPV4	protein_coding	819	434	388	11.9828	2.9716	3.2130
ENSG00000111203.13	ITFG2	protein_coding	756	551	583	6.8542	1.6998	1.8378
ENSG00000111206.13	FOXM1	protein_coding	521	403	387	6.0065	1.4895	1.6105
ENSG00000111215.12	PRR4	protein_coding	16	8	8	0.6926	0.1718	0.1857
ENSG00000111218.12	PRMT8	protein_coding	3	3	0	0.0255	0.0063	0.0068
ENSG00000111224.14	PARP11	protein_coding	977	487	495	8.9364	2.2161	2.3961
ENSG00000111229.16	ARPC3	protein_coding	9460	4663	4797	177.2304	43.9513	47.5214
ENSG00000111231.9	GPN3	protein_coding	1754	904	908	38.3607	9.5131	10.2858
ENSG00000111237.19	VPS29	protein_coding	4345	2470	2489	76.5470	18.9829	20.5248
ENSG00000111241.2	FGF6	protein_coding	0	0	0	0.0000	0.0000	0.0000
ENSG00000111245.17	MYL2	protein_coding	1	1	0	0.0400	0.0099	0.0107
ENSG00000111247.15	RAD51AP1	protein_coding	311	155	156	6.8975	1.7105	1.8494
ENSG00000111249.14	CUX2	protein_coding	5	2	3	0.0378	0.0094	0.0101
ENSG00000111252.11	SH2B3	protein_coding	2621	1470	1549	26.0447	6.4588	6.9834
ENSG00000111254.8	AKAP3	protein_coding	48	25	23	0.7413	0.1838	0.1988
ENSG00000111261.14	MANSC1	protein_coding	1816	915	905	18.0170	4.4680	4.8310
ENSG00000111262.6	KCNA1	protein_coding	41	15	26	0.2912	0.0722	0.0781
ENSG00000111266.9	DUSP16	protein_coding	8520	4225	4296	67.7466	16.8005	18.1651
ENSG00000111269.3	CREBL2	protein_coding	8622	4260	4363	124.6694	30.9168	33.4280
ENSG00000111271.15	ACAD10	protein_coding	1869	948	921	11.8638	2.9421	3.1811
ENSG00000111275.13	ALDH2	protein_coding	1229	635	595	7.1682	1.7776	1.9220
ENSG00000111276.11	CDKN1B	protein_coding	11251	5601	5650	248.7501	61.6875	66.6982
ENSG00000111291.8	GPRC5D	protein_coding	18	6	12	0.9082	0.2252	0.2435
ENSG00000111300.10	NAA25	protein_coding	2290	1126	1165	13.1151	3.2524	3.5166
ENSG00000111305.19	GSG1	protein_coding	10	9	9	0.1870	0.0464	0.0501
ENSG00000111319.13	SCNN1A	protein_coding	5274	2724	2758	50.9000	12.6227	13.6480
ENSG00000111321.11	LTBR	protein_coding	6977	3669	3517	64.3254	15.9520	17.2478
ENSG00000111325.16	OGFOD2	protein_coding	41	42	40	0.5046	0.1251	0.1353
ENSG00000111328.7	CDK2AP1	protein_coding	7294	3866	3764	68.6316	17.0199	18.4024
ENSG00000111331.13	OAS3	protein_coding	32775	16173	16602	227.7502	56.4798	61.0674
ENSG00000111335.13	OAS2	protein_coding	18755	9307	9448	169.7949	42.1074	45.5277
ENSG00000111339.12	ART4	protein_coding	8	4	4	0.0865	0.0215	0.0232
ENSG00000111341.10	MGP	protein_coding	13991	11622	11490	274.8283	68.1546	73.6906
ENSG00000111344.11	RASAL1	protein_coding	48	22	26	0.5656	0.1403	0.1516
ENSG00000111348.9	ARHGDIB	protein_coding	16715	8242	8473	464.2053	115.1182	124.4689
ENSG00000111358.14	GTF2H3	protein_coding	2582	1331	1252	36.6613	9.0916	9.8301
ENSG00000111361.13	EIF2B1	protein_coding	3413	1781	1861	53.3640	13.2337	14.3087
ENSG00000111364.16	DDX55	protein_coding	1469	849	849	14.5743	3.6143	3.9079
ENSG00000111371.16	SLC38A1	protein_coding	56107	27690	28417	317.7061	78.7879	85.1876
ENSG00000111404.7	RERGL	protein_coding	2	2	0	0.0732	0.0182	0.0196
ENSG00000111405.9	ENDOU	protein_coding	6	6	6	0.1270	0.0315	0.0341
ENSG00000111412.6	SPRING1	protein_coding	3065	1516	1549	20.0295	4.9671	5.3706
ENSG00000111424.12	VDR	protein_coding	3143	1584	1586	31.4134	7.7902	8.4230
ENSG00000111432.4	FZD10	protein_coding	60	36	24	1.0367	0.2571	0.2780
ENSG00000111445.14	RFC5	protein_coding	1168	961	966	20.3870	5.0558	5.4664
ENSG00000111450.14	STX2	protein_coding	1290	667	629	19.6497	4.8729	5.2687
ENSG00000111452.13	ADGRD1	protein_coding	264	145	140	1.0172	0.2523	0.2728
ENSG00000111481.10	COPZ1	protein_coding	13634	6757	6877	198.3540	49.1898	53.1853
ENSG00000111490.15	TBC1D30	protein_coding	438	219	219	2.5148	0.6237	0.6743
ENSG00000111530.13	CAND1	protein_coding	14709	7341	7368	61.4247	15.2327	16.4700
ENSG00000111536.5	IL26	protein_coding	0	0	0	0.0000	0.0000	0.0000
ENSG00000111537.5	IFNG	protein_coding	3	1	2	0.1405	0.0348	0.0377
ENSG00000111540.16	RAB5B	protein_coding	17637	8841	8806	153.2864	38.0135	41.1012
ENSG00000111554.14	MDM1	protein_coding	916	437	479	7.9319	1.9670	2.1268
ENSG00000111581.10	NUP107	protein_coding	3667	1889	1897	25.6640	6.3644	6.8814
ENSG00000111596.14	CNOT2	protein_coding	4978	2573	2522	20.1861	5.0059	5.4126
ENSG00000111602.12	TIMELESS	protein_coding	3799	1935	1864	36.8213	9.1313	9.8730
ENSG00000111605.18	CPSF6	protein_coding	5623	2890	2819	39.6124	9.8235	10.6214
ENSG00000111615.14	KRR1	protein_coding	3264	3652	3557	17.2235	4.2713	4.6182
ENSG00000111639.8	MRPL51	protein_coding	4272	2409	2250	174.5425	43.2848	46.8007
ENSG00000111640.15	GAPDH	protein_coding	75402	69729	71390	1784.6600	442.5777	478.5269
ENSG00000111641.12	NOP2	protein_coding	12	9	3	0.1452	0.0360	0.0389
ENSG00000111642.16	CHD4	protein_coding	1695	854	855	7.5610	1.8751	2.0274
ENSG00000111644.8	ACRBP	protein_coding	83	42	41	1.6715	0.4145	0.4482
ENSG00000111647.13	UHRF1BP1L	protein_coding	3189	1610	1581	27.2116	6.7482	7.2963
ENSG00000111652.10	COPS7A	protein_coding	5976	2937	3039	119.3306	29.5928	31.9965
ENSG00000111653.20	ING4	protein_coding	2445	1240	1205	51.1834	12.6930	13.7240
ENSG00000111664.11	GNB3	protein_coding	105	83	101	1.7325	0.4296	0.4645
ENSG00000111665.12	CDCA3	protein_coding	444	273	250	5.1607	1.2798	1.3838
ENSG00000111666.11	CHPT1	protein_coding	7617	4536	4356	72.1015	17.8804	19.3328
ENSG00000111667.14	USP5	protein_coding	6656	3261	3395	101.5227	25.1766	27.2216
ENSG00000111669.15	TPI1	protein_coding	31610	15152	16461	663.9268	164.6471	178.0209
ENSG00000111670.16	GNPTAB	protein_coding	6868	3482	3391	39.8490	9.8821	10.6848
ENSG00000111671.10	SPSB2	protein_coding	476	287	272	11.0090	2.7301	2.9519
ENSG00000111674.9	ENO2	protein_coding	10756	5471	5285	142.4836	35.3345	38.2046
ENSG00000111676.15	ATN1	protein_coding	10555	5193	5364	117.0003	29.0149	31.3717
ENSG00000111678.11	C12orf57	protein_coding	864	2265	2300	27.1304	6.7281	7.2746
ENSG00000111679.17	PTPN6	protein_coding	3203	1632	1571	36.2631	8.9929	9.7234
ENSG00000111684.11	LPCAT3	protein_coding	1031	2360	2244	12.4586	3.0896	3.3406
ENSG00000111696.12	NT5DC3	protein_coding	899	447	452	5.8206	1.4434	1.5607
ENSG00000111700.13	SLCO1B3	protein_coding	0	0	0	0.0000	0.0000	0.0000
ENSG00000111701.7	APOBEC1	protein_coding	1	1	0	0.0634	0.0157	0.0170
ENSG00000111704.11	NANOG	protein_coding	3	0	3	0.0316	0.0078	0.0085
ENSG00000111707.12	SUDS3	protein_coding	6111	3106	3005	62.3524	15.4628	16.7188
ENSG00000111711.10	GOLT1B	protein_coding	6282	3113	3169	94.0227	23.3167	25.2106
ENSG00000111713.3	GYS2	protein_coding	0	0	0	0.0000	0.0000	0.0000
ENSG00000111716.14	LDHB	protein_coding	151	80	71	2.8707	0.7119	0.7697
ENSG00000111725.11	PRKAB1	protein_coding	2340	1247	1175	21.9631	5.4466	5.8891
ENSG00000111726.13	CMAS	protein_coding	3795	1940	1855	109.0245	27.0370	29.2331
ENSG00000111727.12	HCFC2	protein_coding	2135	1060	1075	18.0737	4.4821	4.8462
ENSG00000111728.10	ST8SIA1	protein_coding	512	259	253	2.0048	0.4972	0.5376
ENSG00000111729.14	CLEC4A	protein_coding	9	5	4	0.3984	0.0988	0.1068
ENSG00000111731.12	C2CD5	protein_coding	2228	1105	1123	18.6936	4.6358	5.0124
ENSG00000111732.11	AICDA	protein_coding	8	4	4	0.1460	0.0362	0.0392
ENSG00000111737.12	RAB35	protein_coding	4211	2160	2093	59.4340	14.7390	15.9362
ENSG00000111752.11	PHC1	protein_coding	782	1380	1279	7.2297	1.7929	1.9385
ENSG00000111775.3	COX6A1	protein_coding	1568	788	780	66.4087	16.4687	17.8064
ENSG00000111780.8	AL021546.1	protein_coding	0	0	0	0.0000	0.0000	0.0000
ENSG00000111783.13	RFX4	protein_coding	0	1	0	0.0000	0.0000	0.0000
ENSG00000111785.21	RIC8B	protein_coding	1356	686	741	9.8981	2.4546	2.6540
ENSG00000111786.9	SRSF9	protein_coding	2522	4224	4392	38.7071	9.5990	10.3787
ENSG00000111788.10	AC009533.1	unprocessed_pseudogene	60	30	30	1.0775	0.2672	0.2889
ENSG00000111790.14	FGFR1OP2	protein_coding	5550	2780	2772	53.4909	13.2652	14.3427
ENSG00000111796.4	KLRB1	protein_coding	30	30	21	1.1511	0.2855	0.3086
ENSG00000111799.21	COL12A1	protein_coding	152903	76641	76263	694.6347	172.2624	186.2547
ENSG00000111801.16	BTN3A3	protein_coding	1878	936	942	18.8231	4.6679	5.0471
ENSG00000111802.14	TDP2	protein_coding	3059	1489	1570	58.2720	14.4509	15.6247
ENSG00000111816.8	FRK	protein_coding	1609	863	746	6.8283	1.6933	1.8309
ENSG00000111817.19	DSE	protein_coding	6098	3748	3646	18.0170	4.4680	4.8309
ENSG00000111832.13	RWDD1	protein_coding	4352	2147	2205	42.0661	10.4320	11.2793
ENSG00000111834.13	RSPH4A	protein_coding	86	40	46	1.7173	0.4259	0.4605
ENSG00000111837.12	MAK	protein_coding	179	132	135	2.3102	0.5729	0.6194
ENSG00000111843.14	TMEM14C	protein_coding	5940	2963	2977	255.0017	63.2378	68.3745
ENSG00000111845.5	PAK1IP1	protein_coding	1256	698	558	46.7680	11.5980	12.5401
ENSG00000111846.19	GCNT2	protein_coding	706	357	349	4.3377	1.0757	1.1631
ENSG00000111850.11	SMIM8	protein_coding	450	247	235	2.9165	0.7233	0.7820
ENSG00000111859.17	NEDD9	protein_coding	2007	1090	1022	10.9872	2.7247	2.9460
ENSG00000111860.14	CEP85L	protein_coding	382	200	196	2.2978	0.5698	0.6161
ENSG00000111863.13	ADTRP	protein_coding	49	36	35	0.7040	0.1746	0.1888
ENSG00000111875.8	ASF1A	protein_coding	1195	634	611	26.1755	6.4913	7.0185
ENSG00000111877.17	MCM9	protein_coding	1416	749	745	6.4262	1.5936	1.7231
ENSG00000111879.20	FAM184A	protein_coding	486	266	265	3.5738	0.8863	0.9583
ENSG00000111880.16	RNGTT	protein_coding	1584	764	820	17.3147	4.2939	4.6426
ENSG00000111885.7	MAN1A1	protein_coding	13983	7405	7488	158.0262	39.1889	42.3721
ENSG00000111886.11	GABRR2	protein_coding	41	15	26	0.4675	0.1159	0.1253
ENSG00000111897.7	SERINC1	protein_coding	24880	12665	12216	451.5021	111.9680	121.0628
ENSG00000111906.18	HDDC2	protein_coding	1676	957	948	16.1423	4.0031	4.3283
ENSG00000111907.21	TPD52L1	protein_coding	999	631	597	7.4593	1.8498	2.0001
ENSG00000111911.7	HINT3	protein_coding	3763	2050	2157	64.1803	15.9161	17.2089
ENSG00000111912.20	NCOA7	protein_coding	2552	1286	1266	18.9256	4.6934	5.0746
ENSG00000111913.20	RIPOR2	protein_coding	1268	631	643	7.6214	1.8900	2.0436
ENSG00000111961.18	SASH1	protein_coding	1886	984	902	9.8160	2.4343	2.6320
ENSG00000111962.8	UST	protein_coding	641	352	307	7.4781	1.8545	2.0051
ENSG00000111981.5	ULBP1	protein_coding	34	19	15	0.6005	0.1489	0.1610
ENSG00000112029.10	FBXO5	protein_coding	605	332	301	8.8977	2.2065	2.3858
ENSG00000112031.16	MTRF1L	protein_coding	400	390	402	5.2790	1.3091	1.4155
ENSG00000112033.14	PPARD	protein_coding	2521	1237	1285	32.0767	7.9547	8.6008
ENSG00000112038.18	OPRM1	protein_coding	1	4	4	0.0027	0.0007	0.0007
ENSG00000112039.5	FANCE	protein_coding	470	219	251	9.8389	2.4400	2.6381
ENSG00000112041.13	TULP1	protein_coding	8	4	4	0.1556	0.0386	0.0417
ENSG00000112053.14	SLC26A8	protein_coding	35	11	25	0.3289	0.0816	0.0882
ENSG00000112062.11	MAPK14	protein_coding	5178	2668	2510	42.8053	10.6153	11.4775
ENSG00000112077.17	RHAG	protein_coding	0	0	0	0.0000	0.0000	0.0000
ENSG00000112078.14	KCTD20	protein_coding	7724	3853	3871	70.2080	17.4109	18.8251
ENSG00000112079.9	STK38	protein_coding	4183	2106	2078	66.1695	16.4094	17.7423
ENSG00000112081.17	SRSF3	protein_coding	16320	8308	8013	130.0234	32.2445	34.8636
ENSG00000112096.19	SOD2	protein_coding	44986	23157	22707	140.6060	34.8689	37.7012
ENSG00000112110.10	MRPL18	protein_coding	2860	1432	1428	118.0426	29.2734	31.6512
ENSG00000112115.7	IL17A	protein_coding	0	0	0	0.0000	0.0000	0.0000
ENSG00000112116.10	IL17F	protein_coding	0	0	0	0.0000	0.0000	0.0000
ENSG00000112118.20	MCM3	protein_coding	6520	3267	3253	101.4401	25.1561	27.1995
ENSG00000112130.17	RNF8	protein_coding	1340	704	636	11.5770	2.8710	3.1042
ENSG00000112137.18	PHACTR1	protein_coding	178	100	110	0.8686	0.2154	0.2329
ENSG00000112139.16	MDGA1	protein_coding	1075	559	516	4.3298	1.0737	1.1610
ENSG00000112144.16	CILK1	protein_coding	3318	1632	1686	29.8578	7.4044	8.0059
ENSG00000112146.17	FBXO9	protein_coding	4162	2087	2075	28.7557	7.1311	7.7104
ENSG00000112149.10	CD83	protein_coding	1414	716	698	33.6359	8.3414	9.0189
ENSG00000112159.12	MDN1	protein_coding	4607	2319	2338	13.9907	3.4696	3.7514
ENSG00000112164.6	GLP1R	protein_coding	38	23	15	0.3225	0.0800	0.0865
ENSG00000112167.10	SAYSD1	protein_coding	1278	670	611	24.7948	6.1489	6.6483
ENSG00000112175.8	BMP5	protein_coding	13	8	5	0.1857	0.0461	0.0498
ENSG00000112182.15	BACH2	protein_coding	545	292	289	3.1580	0.7831	0.8468
ENSG00000112183.15	RBM24	protein_coding	2008	1005	1013	33.2478	8.2451	8.9148
ENSG00000112186.12	CAP2	protein_coding	2531	1274	1258	42.8969	10.6380	11.5021
ENSG00000112195.9	TREML2	protein_coding	8	3	5	0.1199	0.0297	0.0321
ENSG00000112200.17	ZNF451	protein_coding	2438	1520	1507	8.4232	2.0889	2.2585
ENSG00000112208.11	BAG2	protein_coding	1070	1300	1380	9.1234	2.2625	2.4463
ENSG00000112210.12	RAB23	protein_coding	1816	1708	1713	20.9362	5.1920	5.6137
ENSG00000112212.12	TSPO2	protein_coding	4	2	2	0.2110	0.0523	0.0566
ENSG00000112214.10	FHL5	protein_coding	37	16	21	0.9828	0.2437	0.2635
ENSG00000112218.9	GPR63	protein_coding	60	40	26	0.5702	0.1414	0.1529
ENSG00000112232.10	KHDRBS2	protein_coding	0	0	0	0.0000	0.0000	0.0000
ENSG00000112234.9	FBXL4	protein_coding	2937	1486	1451	20.5170	5.0880	5.5013
ENSG00000112237.13	CCNC	protein_coding	3046	2018	1944	30.7912	7.6359	8.2561
ENSG00000112238.12	PRDM13	protein_coding	0	0	0	0.0000	0.0000	0.0000
ENSG00000112242.15	E2F3	protein_coding	926	467	459	10.1182	2.5092	2.7130
ENSG00000112245.12	PTP4A1	protein_coding	4	13	7	0.0411	0.0102	0.0110
ENSG00000112246.10	SIM1	protein_coding	110	57	53	0.6728	0.1668	0.1804
ENSG00000112249.14	ASCC3	protein_coding	5128	2628	2500	24.7898	6.1476	6.6470
ENSG00000112273.7	HDGFL1	protein_coding	0	0	0	0.0000	0.0000	0.0000
ENSG00000112276.14	BVES	protein_coding	740	369	371	7.2467	1.7971	1.9431
ENSG00000112280.17	COL9A1	protein_coding	0	0	0	0.0000	0.0000	0.0000
ENSG00000112282.18	MED23	protein_coding	3402	1702	1700	25.9800	6.4428	6.9661
ENSG00000112290.13	WASF1	protein_coding	979	474	506	17.0304	4.2234	4.5664
ENSG00000112293.15	GPLD1	protein_coding	81	157	176	0.6361	0.1578	0.1706
ENSG00000112294.14	ALDH5A1	protein_coding	2713	1369	1345	20.3430	5.0449	5.4546
ENSG00000112297.18	CRYBG1	protein_coding	11872	6022	5977	61.3114	15.2046	16.4396
ENSG00000112299.8	VNN1	protein_coding	55	24	31	0.8095	0.2008	0.2171
ENSG00000112303.14	VNN2	protein_coding	68	43	34	1.4860	0.3685	0.3985
ENSG00000112304.11	ACOT13	protein_coding	1235	1405	1377	15.9392	3.9528	4.2738
ENSG00000112305.15	SMAP1	protein_coding	717	1575	1554	9.7813	2.4257	2.6227
ENSG00000112306.8	RPS12	protein_coding	46356	23671	22685	4114.0024	1020.2311	1103.1013
ENSG00000112308.13	C6orf62	protein_coding	11731	6436	6270	256.7598	63.6738	68.8459
ENSG00000112309.11	B3GAT2	protein_coding	20	1208	1225	0.1722	0.0427	0.0462
ENSG00000112312.10	GMNN	protein_coding	575	288	287	13.1697	3.2660	3.5312
ENSG00000112319.19	EYA4	protein_coding	111	58	55	0.7013	0.1739	0.1880
ENSG00000112320.12	SOBP	protein_coding	264	144	121	1.8963	0.4703	0.5085
ENSG00000112333.12	NR2E1	protein_coding	0	0	0	0.0000	0.0000	0.0000
ENSG00000112335.15	SNX3	protein_coding	8248	4077	4173	255.8774	63.4550	68.6093
ENSG00000112337.10	SLC17A2	protein_coding	0	0	0	0.0000	0.0000	0.0000
ENSG00000112339.15	HBS1L	protein_coding	3753	1892	1861	19.2000	4.7614	5.1482
ENSG00000112343.11	TRIM38	protein_coding	2514	1396	1382	15.1379	3.7540	4.0590
ENSG00000112357.14	PEX7	protein_coding	1003	477	526	16.6853	4.1378	4.4739
ENSG00000112365.5	ZBTB24	protein_coding	1574	797	777	16.2264	4.0240	4.3508
ENSG00000112367.12	FIG4	protein_coding	3940	1989	1960	7.7156	1.9134	2.0688
ENSG00000112378.12	PERP	protein_coding	17411	8812	8599	235.2018	58.3277	63.0655
ENSG00000112379.9	ARFGEF3	protein_coding	12802	6438	6365	48.8593	12.1166	13.1008
ENSG00000112394.17	SLC16A10	protein_coding	252	120	135	1.2718	0.3154	0.3410
ENSG00000112406.5	HECA	protein_coding	4147	2351	2314	41.6536	10.3297	11.1687
ENSG00000112414.15	ADGRG6	protein_coding	558	300	258	3.7347	0.9262	1.0014
ENSG00000112419.14	PHACTR2	protein_coding	3177	1585	1592	16.0520	3.9807	4.3041
ENSG00000112425.16	EPM2A	protein_coding	549	270	284	1.7030	0.4223	0.4566
ENSG00000112462.8	OR12D3	protein_coding	0	0	0	0.0000	0.0000	0.0000
ENSG00000112473.18	SLC39A7	protein_coding	11053	5635	5506	220.3217	54.6376	59.0756
ENSG00000112486.17	CCR6	protein_coding	2	1	1	0.0261	0.0065	0.0070
ENSG00000112494.10	UNC93A	protein_coding	0	0	0	0.0000	0.0000	0.0000
ENSG00000112499.13	SLC22A2	protein_coding	3	1	2	0.0284	0.0071	0.0076
ENSG00000112511.18	PHF1	protein_coding	3764	1920	1845	59.3594	14.7205	15.9162
ENSG00000112514.18	CUTA	protein_coding	9383	4721	4663	283.6406	70.3400	76.0535
ENSG00000112530.11	PACRG	protein_coding	34	19	15	0.7382	0.1831	0.1979
ENSG00000112531.17	QKI	protein_coding	9272	4630	4642	30.2819	7.5096	8.1196
ENSG00000112539.15	C6orf118	protein_coding	0	0	0	0.0000	0.0000	0.0000
ENSG00000112541.17	PDE10A	protein_coding	662	345	317	1.5146	0.3756	0.4061
ENSG00000112559.15	MDFI	protein_coding	547	283	264	12.2368	3.0346	3.2811
ENSG00000112561.19	TFEB	protein_coding	855	418	439	7.2132	1.7888	1.9341
ENSG00000112562.19	SMOC2	protein_coding	14268	7194	7074	200.6790	49.7664	53.8087
ENSG00000112576.13	CCND3	protein_coding	3621	1778	1843	35.6443	8.8394	9.5574
ENSG00000112578.10	BYSL	protein_coding	1145	574	571	33.5224	8.3132	8.9885
ENSG00000112584.14	FAM120B	protein_coding	2672	1345	1331	25.1334	6.2328	6.7391
ENSG00000112592.14	TBP	protein_coding	894	436	458	21.8717	5.4240	5.8645
ENSG00000112599.9	GUCA1B	protein_coding	108	48	60	2.6981	0.6691	0.7234
ENSG00000112619.8	PRPH2	protein_coding	60	34	26	1.1338	0.2812	0.3040
ENSG00000112624.12	BICRAL	protein_coding	2703	1361	1342	22.4006	5.5551	6.0063
ENSG00000112640.16	PPP2R5D	protein_coding	2131	2284	2387	31.9115	7.9137	8.5565
ENSG00000112651.12	MRPL2	protein_coding	29	18	21	0.7575	0.1879	0.2031
ENSG00000112655.16	PTK7	protein_coding	16025	8003	8023	101.1438	25.0826	27.1200
ENSG00000112658.8	SRF	protein_coding	2406	1210	1196	32.2487	7.9973	8.6469
ENSG00000112659.14	CUL9	protein_coding	1728	966	955	8.0048	1.9851	2.1464
ENSG00000112667.13	DNPH1	protein_coding	617	302	315	28.0594	6.9584	7.5237
ENSG00000112679.14	DUSP22	protein_coding	1620	842	782	16.1573	4.0068	4.3323
ENSG00000112685.14	EXOC2	protein_coding	3620	1816	1805	41.1403	10.2024	11.0311
ENSG00000112695.11	COX7A2	protein_coding	5751	2899	2852	169.6873	42.0807	45.4988
ENSG00000112697.17	TMEM30A	protein_coding	18323	9149	9174	188.8580	46.8349	50.6391
ENSG00000112699.11	GMDS	protein_coding	729	367	362	9.8035	2.4312	2.6287
ENSG00000112701.18	SENP6	protein_coding	7290	3673	3617	36.2105	8.9798	9.7093
ENSG00000112706.12	IMPG1	protein_coding	298	140	159	4.4449	1.1023	1.1918
ENSG00000112715.25	VEGFA	protein_coding	9572	5243	5313	37.6154	9.3282	10.0859
ENSG00000112739.17	PRPF4B	protein_coding	6544	3180	3366	44.0278	10.9184	11.8053
ENSG00000112742.10	TTK	protein_coding	631	326	305	7.8148	1.9380	2.0954
ENSG00000112759.19	SLC29A1	protein_coding	4996	2596	2400	65.9197	16.3474	17.6753
ENSG00000112761.21	CCN6	protein_coding	2	2	0	0.0592	0.0147	0.0159
ENSG00000112763.17	BTN2A1	protein_coding	1988	991	997	29.7701	7.3827	7.9824
ENSG00000112769.20	LAMA4	protein_coding	14785	7652	7953	69.9705	17.3520	18.7614
ENSG00000112773.16	TENT5A	protein_coding	3326	1647	1679	31.1610	7.7276	8.3553
ENSG00000112782.19	CLIC5	protein_coding	98	52	46	0.5327	0.1321	0.1428
ENSG00000112787.13	FBRSL1	protein_coding	1467	724	744	8.8711	2.2000	2.3786
ENSG00000112796.10	ENPP5	protein_coding	368	171	197	4.8817	1.2106	1.3089
ENSG00000112799.9	LY86	protein_coding	579	303	278	27.2943	6.7687	7.3185
ENSG00000112812.16	PRSS16	protein_coding	29	17	12	0.3109	0.0771	0.0834
ENSG00000112818.10	MEP1A	protein_coding	0	0	0	0.0000	0.0000	0.0000
ENSG00000112837.17	TBX18	protein_coding	841	415	426	5.5111	1.3667	1.4777
ENSG00000112851.15	ERBIN	protein_coding	15278	7829	7449	85.5127	21.2063	22.9288
ENSG00000112852.7	PCDHB2	protein_coding	54	75	97	0.7473	0.1853	0.2004
ENSG00000112855.17	HARS2	protein_coding	3640	1906	1827	55.5053	13.7648	14.8828
ENSG00000112874.10	NUDT12	protein_coding	2751	1333	1418	36.2728	8.9953	9.7259
ENSG00000112877.8	CEP72	protein_coding	331	182	184	5.2287	1.2967	1.4020
ENSG00000112893.9	MAN2A1	protein_coding	8908	4569	4341	42.7569	10.6033	11.4645
ENSG00000112902.12	SEMA5A	protein_coding	4675	2553	2508	21.5404	5.3418	5.7757
ENSG00000112936.19	C7	protein_coding	2	3	0	0.0170	0.0042	0.0046
ENSG00000112941.14	TENT4A	protein_coding	3162	1566	1596	28.2122	6.9963	7.5646
ENSG00000112964.14	GHR	protein_coding	2725	1379	1346	22.2416	5.5157	5.9637
ENSG00000112972.15	HMGCS1	protein_coding	4182	2929	3025	35.7871	8.8748	9.5957
ENSG00000112977.16	DAP	protein_coding	16817	8483	8522	286.9972	71.1724	76.9535
ENSG00000112981.5	NME5	protein_coding	711	336	377	16.8777	4.1855	4.5255
ENSG00000112983.18	BRD8	protein_coding	8021	4014	4030	64.8981	16.0941	17.4013
ENSG00000112984.12	KIF20A	protein_coding	1378	736	749	20.2872	5.0310	5.4397
ENSG00000112992.18	NNT	protein_coding	7013	3700	3527	33.0926	8.2066	8.8732
ENSG00000112996.11	MRPS30	protein_coding	23677	11937	11743	217.2689	53.8805	58.2571
ENSG00000113013.16	HSPA9	protein_coding	37577	18994	18583	217.8482	54.0241	58.4124
ENSG00000113048.17	MRPS27	protein_coding	8612	4342	4320	74.9404	18.5845	20.0940
ENSG00000113068.10	PFDN1	protein_coding	4081	2619	2457	107.5434	26.6697	28.8360
ENSG00000113070.8	HBEGF	protein_coding	957	463	494	18.1510	4.5013	4.8669
ENSG00000113073.15	SLC4A9	protein_coding	3	2	3	0.0467	0.0116	0.0125
ENSG00000113083.15	LOX	protein_coding	15618	8751	8609	158.2731	39.2501	42.4383
ENSG00000113088.6	GZMK	protein_coding	31	50	50	1.1219	0.2782	0.3008
ENSG00000113100.10	CDH9	protein_coding	0	0	0	0.0000	0.0000	0.0000
ENSG00000113108.19	APBB3	protein_coding	1099	570	584	17.0285	4.2229	4.5659
ENSG00000113119.13	TMCO6	protein_coding	1046	580	587	16.9773	4.2102	4.5522
ENSG00000113140.11	SPARC	protein_coding	521426	269106	272520	6371.4834	1580.0636	1708.4073
ENSG00000113141.18	IK	protein_coding	13194	8021	8094	185.3434	45.9633	49.6968
ENSG00000113161.16	HMGCR	protein_coding	5921	3262	3092	54.5097	13.5179	14.6159
ENSG00000113163.18	CERT1	protein_coding	6361	3423	3399	24.8918	6.1729	6.6743
ENSG00000113194.13	FAF2	protein_coding	8930	4439	4491	85.4862	21.1997	22.9217
ENSG00000113196.3	HAND1	protein_coding	0	0	0	0.0000	0.0000	0.0000
ENSG00000113205.5	PCDHB3	protein_coding	195	108	138	3.2961	0.8174	0.8838
ENSG00000113209.9	PCDHB5	protein_coding	243	143	150	4.0412	1.0022	1.0836
ENSG00000113211.5	PCDHB6	protein_coding	51	34	19	0.8856	0.2196	0.2374
ENSG00000113212.7	PCDHB7	protein_coding	171	109	112	2.5929	0.6430	0.6952
ENSG00000113231.14	PDE8B	protein_coding	121	59	62	1.2267	0.3042	0.3289
ENSG00000113240.13	CLK4	protein_coding	2260	1133	1127	16.1783	4.0121	4.3379
ENSG00000113248.6	PCDHB15	protein_coding	101	43	58	1.4424	0.3577	0.3868
ENSG00000113249.13	HAVCR1	protein_coding	3	2	1	0.0791	0.0196	0.0212
ENSG00000113262.16	GRM6	protein_coding	12	7	5	0.0822	0.0204	0.0220
ENSG00000113263.13	ITK	protein_coding	187	92	96	1.2350	0.3063	0.3311
ENSG00000113269.14	RNF130	protein_coding	4136	2679	2742	18.3001	4.5382	4.9069
ENSG00000113272.14	THG1L	protein_coding	1132	580	553	21.4128	5.3102	5.7415
ENSG00000113273.17	ARSB	protein_coding	2816	1461	1355	17.9453	4.4503	4.8117
ENSG00000113282.14	CLINT1	protein_coding	10099	5082	5017	90.3619	22.4089	24.2291
ENSG00000113296.14	THBS4	protein_coding	242	207	187	2.9802	0.7391	0.7991
ENSG00000113300.13	CNOT6	protein_coding	7001	3569	3433	60.4118	14.9815	16.1984
ENSG00000113302.5	IL12B	protein_coding	0	0	0	0.0000	0.0000	0.0000
ENSG00000113303.12	BTNL8	protein_coding	2	1	1	0.0289	0.0072	0.0078
ENSG00000113312.11	TTC1	protein_coding	3999	1988	2011	117.0192	29.0196	31.3767
ENSG00000113318.11	MSH3	protein_coding	2599	1318	1340	27.6580	6.8589	7.4160
ENSG00000113319.13	RASGRF2	protein_coding	2722	1546	1476	13.9924	3.4700	3.7518
ENSG00000113327.17	GABRG2	protein_coding	0	0	0	0.0000	0.0000	0.0000
ENSG00000113328.19	CCNG1	protein_coding	6224	3108	3116	114.0061	28.2724	30.5688
ENSG00000113356.13	POLR3G	protein_coding	201	135	130	2.8327	0.7025	0.7595
ENSG00000113360.16	DROSHA	protein_coding	7529	3700	3829	54.8804	13.6098	14.7153
ENSG00000113361.13	CDH6	protein_coding	403	206	215	1.8367	0.4555	0.4925
ENSG00000113368.12	LMNB1	protein_coding	3294	1658	1636	51.4183	12.7512	13.7870
ENSG00000113369.9	ARRDC3	protein_coding	14476	7349	7149	164.6808	40.8392	44.1564
ENSG00000113384.14	GOLPH3	protein_coding	12877	6414	6463	266.3218	66.0451	71.4098
ENSG00000113387.12	SUB1	protein_coding	9347	4764	4584	57.2057	14.1864	15.3388
ENSG00000113389.16	NPR3	protein_coding	182	98	84	1.0343	0.2565	0.2773
ENSG00000113391.19	FAM172A	protein_coding	2578	1307	1273	26.9988	6.6954	7.2393
ENSG00000113396.13	SLC27A6	protein_coding	145	74	72	2.6246	0.6509	0.7037
ENSG00000113407.14	TARS1	protein_coding	9991	4954	5039	133.0959	33.0064	35.6875
ENSG00000113430.10	IRX4	protein_coding	53	27	26	1.0106	0.2506	0.2710
ENSG00000113441.16	LNPEP	protein_coding	10466	5320	5214	39.6583	9.8349	10.6337
ENSG00000113448.19	PDE4D	protein_coding	655	311	345	2.2878	0.5674	0.6134
ENSG00000113456.19	RAD1	protein_coding	4481	2522	2435	37.5358	9.3085	10.0646
ENSG00000113460.13	BRIX1	protein_coding	2649	1539	1585	31.8948	7.9096	8.5521
ENSG00000113492.14	AGXT2	protein_coding	63	33	30	0.9040	0.2242	0.2424
ENSG00000113494.17	PRLR	protein_coding	40145	19982	20163	175.0440	43.4091	46.9351
ENSG00000113504.21	SLC12A7	protein_coding	6840	3474	3367	64.6063	16.0217	17.3231
ENSG00000113520.11	IL4	protein_coding	3	1	2	0.2075	0.0515	0.0556
ENSG00000113522.14	RAD50	protein_coding	340	177	163	1.8250	0.4526	0.4894
ENSG00000113525.10	IL5	protein_coding	2	1	2	0.0715	0.0177	0.0192
ENSG00000113532.13	ST8SIA4	protein_coding	1761	863	898	12.7837	3.1702	3.4277
ENSG00000113552.16	GNPDA1	protein_coding	6253	3226	3027	89.5700	22.2124	24.0167
ENSG00000113555.6	PCDH12	protein_coding	1719	900	824	15.9445	3.9541	4.2752
ENSG00000113558.19	SKP1	protein_coding	26241	13005	13265	117.2030	29.0652	31.4260
ENSG00000113569.16	NUP155	protein_coding	5754	2955	2799	35.6311	8.8361	9.5539
ENSG00000113575.10	PPP2CA	protein_coding	16193	8234	7960	164.1588	40.7097	44.0165
ENSG00000113578.18	FGF1	protein_coding	2017	1062	955	22.9687	5.6960	6.1587
ENSG00000113580.15	NR3C1	protein_coding	7069	3439	3630	43.7597	10.8520	11.7334
ENSG00000113583.8	C5orf15	protein_coding	9293	4743	4550	229.0334	56.7980	61.4115
ENSG00000113593.12	PPWD1	protein_coding	1991	1017	974	29.8940	7.4134	8.0156
ENSG00000113594.10	LIFR	protein_coding	1107	541	590	5.1631	1.2804	1.3844
ENSG00000113595.15	TRIM23	protein_coding	2760	1366	1395	33.6312	8.3402	9.0176
ENSG00000113597.18	TRAPPC13	protein_coding	2492	1354	1335	20.9024	5.1836	5.6046
ENSG00000113600.11	C9	protein_coding	0	0	0	0.0000	0.0000	0.0000
ENSG00000113615.13	SEC24A	protein_coding	6199	3157	3235	48.2163	11.9572	12.9284
ENSG00000113621.15	TXNDC15	protein_coding	6924	3432	3492	81.6850	20.2571	21.9025
ENSG00000113638.14	TTC33	protein_coding	2266	1117	1149	13.2370	3.2826	3.5493
ENSG00000113643.9	RARS1	protein_coding	8501	4291	4210	141.0862	34.9879	37.8299
ENSG00000113645.15	WWC1	protein_coding	7506	3717	3789	42.2203	10.4702	11.3207
ENSG00000113648.16	MACROH2A1	protein_coding	17020	11611	11665	54.4390	13.5003	14.5969
ENSG00000113649.11	TCERG1	protein_coding	4227	2165	2062	27.5090	6.8219	7.3761
ENSG00000113657.13	DPYSL3	protein_coding	31021	15416	15606	245.0481	60.7694	65.7056
ENSG00000113658.18	SMAD5	protein_coding	12031	5988	6050	75.4732	18.7166	20.2369
ENSG00000113712.19	CSNK1A1	protein_coding	18680	9350	9330	124.5552	30.8884	33.3974
ENSG00000113716.13	HMGXB3	protein_coding	5975	3030	3041	54.1022	13.4168	14.5066
ENSG00000113719.16	ERGIC1	protein_coding	35871	17766	18106	143.6511	35.6240	38.5177
ENSG00000113721.14	PDGFRB	protein_coding	30885	15199	15689	245.4783	60.8761	65.8209
ENSG00000113722.17	CDX1	protein_coding	23	14	10	0.7348	0.1822	0.1970
ENSG00000113732.9	ATP6V0E1	protein_coding	19651	9711	9941	692.6089	171.7600	185.7115
ENSG00000113734.18	BNIP1	protein_coding	634	372	320	14.7353	3.6542	3.9510
ENSG00000113739.10	STC2	protein_coding	110796	55824	54974	1025.3326	254.2721	274.9259
ENSG00000113742.14	CPEB4	protein_coding	14524	7445	7079	78.8640	19.5575	21.1461
ENSG00000113749.7	HRH2	protein_coding	381	179	202	3.8046	0.9435	1.0201
ENSG00000113758.13	DBN1	protein_coding	4670	2325	2345	51.7358	12.8300	13.8721
ENSG00000113761.12	ZNF346	protein_coding	1568	789	779	13.2996	3.2982	3.5661
ENSG00000113763.12	UNC5A	protein_coding	54	22	32	0.7094	0.1759	0.1902
ENSG00000113790.11	EHHADH	protein_coding	228	138	110	2.7800	0.6894	0.7454
ENSG00000113805.8	CNTN3	protein_coding	873	456	417	9.6903	2.4031	2.5983
ENSG00000113810.16	SMC4	protein_coding	4000	3069	3044	27.7854	6.8905	7.4502
ENSG00000113811.11	SELENOK	protein_coding	3172	1557	1615	84.3734	20.9237	22.6233
ENSG00000113812.14	ACTR8	protein_coding	1545	810	751	21.8170	5.4104	5.8499
ENSG00000113838.13	TBCCD1	protein_coding	983	495	498	16.4055	4.0684	4.3989
ENSG00000113845.10	TIMMDC1	protein_coding	3455	1773	1849	72.1668	17.8966	19.3503
ENSG00000113851.14	CRBN	protein_coding	2570	1881	1861	18.0645	4.4798	4.8437
ENSG00000113889.14	KNG1	protein_coding	0	0	0	0.0000	0.0000	0.0000
ENSG00000113905.5	HRG	protein_coding	0	0	0	0.0000	0.0000	0.0000
ENSG00000113916.18	BCL6	protein_coding	6001	3305	3335	57.3310	14.2175	15.3723
ENSG00000113924.12	HGD	protein_coding	1748	892	856	36.9609	9.1659	9.9104
ENSG00000113946.4	CLDN16	protein_coding	9	6	3	0.1533	0.0380	0.0411
ENSG00000113966.10	ARL6	protein_coding	548	302	307	6.8137	1.6897	1.8270
ENSG00000113971.20	NPHP3	protein_coding	396	206	193	2.3216	0.5757	0.6225
ENSG00000114013.16	CD86	protein_coding	2202	1117	1085	36.3327	9.0101	9.7420
ENSG00000114019.15	AMOTL2	protein_coding	9403	4634	4770	82.3034	20.4104	22.0683
ENSG00000114021.12	NIT2	protein_coding	3860	1930	1947	23.7265	5.8839	6.3619
ENSG00000114023.15	FAM162A	protein_coding	4737	2456	2527	70.8239	17.5636	18.9903
ENSG00000114026.21	OGG1	protein_coding	1070	1016	1016	6.9483	1.7231	1.8631
ENSG00000114030.13	KPNA1	protein_coding	5552	4876	4931	37.0503	9.1881	9.9344
ENSG00000114054.14	PCCB	protein_coding	2547	2285	2203	19.2638	4.7772	5.1653
ENSG00000114062.22	UBE3A	protein_coding	5979	3359	3347	17.8148	4.4179	4.7767
ENSG00000114098.18	ARMC8	protein_coding	3226	1627	1599	18.5864	4.6093	4.9836
ENSG00000114107.9	CEP70	protein_coding	1395	712	683	17.9429	4.4497	4.8111
ENSG00000114113.6	RBP2	protein_coding	12	8	4	0.8053	0.1997	0.2159
ENSG00000114115.10	RBP1	protein_coding	753	384	370	10.9354	2.7119	2.9321
ENSG00000114120.14	SLC25A36	protein_coding	4279	2100	2179	23.4705	5.8205	6.2932
ENSG00000114124.2	GRK7	protein_coding	2	1	1	0.0350	0.0087	0.0094
ENSG00000114125.14	RNF7	protein_coding	3253	1608	1645	59.4705	14.7481	15.9460
ENSG00000114126.18	TFDP2	protein_coding	3289	1632	1657	15.6778	3.8879	4.2037
ENSG00000114127.11	XRN1	protein_coding	5316	2645	2671	25.1603	6.2395	6.7463
ENSG00000114166.8	KAT2B	protein_coding	1645	857	788	17.9021	4.4395	4.8002
ENSG00000114200.10	BCHE	protein_coding	103	46	57	1.9014	0.4715	0.5098
ENSG00000114204.15	SERPINI2	protein_coding	1	0	1	0.0200	0.0050	0.0054
ENSG00000114209.15	PDCD10	protein_coding	2796	1403	1393	48.4156	12.0066	12.9818
ENSG00000114248.10	LRRC31	protein_coding	0	0	0	0.0000	0.0000	0.0000
ENSG00000114251.15	WNT5A	protein_coding	2367	1166	1201	18.7659	4.6538	5.0318
ENSG00000114268.12	PFKFB4	protein_coding	894	449	446	8.3017	2.0587	2.2260
ENSG00000114270.17	COL7A1	protein_coding	1531	774	757	7.8424	1.9448	2.1028
ENSG00000114279.13	FGF12	protein_coding	591	295	296	4.5568	1.1301	1.2218
ENSG00000114302.16	PRKAR2A	protein_coding	7888	3955	3965	67.1160	16.6441	17.9960
ENSG00000114315.4	HES1	protein_coding	2203	1104	1099	60.6761	15.0471	16.2693
ENSG00000114316.13	USP4	protein_coding	5541	2792	2751	42.8807	10.6340	11.4978
ENSG00000114331.15	ACAP2	protein_coding	6229	3073	3156	31.8355	7.8949	8.5362
ENSG00000114346.14	ECT2	protein_coding	2777	1405	1372	28.6386	7.1021	7.6790
ENSG00000114349.10	GNAT1	protein_coding	3	1	3	0.0432	0.0107	0.0116
ENSG00000114353.17	GNAI2	protein_coding	22496	11082	11416	172.2819	42.7242	46.1945
ENSG00000114354.15	TFG	protein_coding	7877	4032	3845	35.1487	8.7165	9.4245
ENSG00000114374.13	USP9Y	protein_coding	1	1	0	0.0031	0.0008	0.0008
ENSG00000114378.17	HYAL1	protein_coding	53	25	28	0.9743	0.2416	0.2612
ENSG00000114383.10	TUSC2	protein_coding	2130	1104	1026	50.2464	12.4606	13.4727
ENSG00000114388.14	NPRL2	protein_coding	1673	779	895	27.8065	6.8957	7.4559
ENSG00000114391.13	RPL24	protein_coding	27842	13993	13862	603.1012	149.5630	161.7116
ENSG00000114395.11	CYB561D2	protein_coding	1136	1103	1034	33.4489	8.2950	8.9688
ENSG00000114405.11	C3orf14	protein_coding	1270	632	638	16.4133	4.0703	4.4010
ENSG00000114416.18	FXR1	protein_coding	9415	4713	4704	44.9658	11.1511	12.0568
ENSG00000114423.23	CBLB	protein_coding	3411	1716	1695	15.7664	3.9099	4.2275
ENSG00000114439.19	BBX	protein_coding	6384	3223	3161	30.4437	7.5497	8.1630
ENSG00000114446.5	IFT57	protein_coding	2830	1377	1453	44.1997	10.9611	11.8514
ENSG00000114450.11	GNB4	protein_coding	6189	5157	5111	44.0098	10.9140	11.8005
ENSG00000114455.13	HHLA2	protein_coding	0	0	0	0.0000	0.0000	0.0000
ENSG00000114473.14	IQCG	protein_coding	1438	720	725	10.9198	2.7080	2.9280
ENSG00000114480.13	GBE1	protein_coding	3001	1518	1483	36.5914	9.0743	9.8114
ENSG00000114487.10	MORC1	protein_coding	0	0	0	0.0000	0.0000	0.0000
ENSG00000114491.14	UMPS	protein_coding	1930	983	947	14.5701	3.6132	3.9067
ENSG00000114503.11	NCBP2	protein_coding	7482	4046	3885	83.0178	20.5876	22.2598
ENSG00000114520.11	SNX4	protein_coding	4061	2088	1973	85.0440	21.0901	22.8031
ENSG00000114529.13	C3orf52	protein_coding	517	275	251	4.8695	1.2076	1.3057
ENSG00000114541.15	FRMD4B	protein_coding	977	481	496	4.9465	1.2267	1.3263
ENSG00000114544.17	SLC41A3	protein_coding	2622	1273	1349	22.5635	5.5955	6.0500
ENSG00000114547.10	ROPN1B	protein_coding	5	3	2	0.0703	0.0174	0.0189
ENSG00000114554.11	PLXNA1	protein_coding	4182	2111	2071	21.6704	5.3740	5.8106
ENSG00000114573.10	ATP6V1A	protein_coding	10079	5205	5019	111.7240	27.7064	29.9569
ENSG00000114626.18	ABTB1	protein_coding	2031	986	1045	18.7129	4.6406	5.0176
ENSG00000114631.11	PODXL2	protein_coding	1400	696	704	36.5030	9.0524	9.7877
ENSG00000114638.8	UPK1B	protein_coding	1	1	0	0.0251	0.0062	0.0067
ENSG00000114646.10	CSPG5	protein_coding	91	46	45	1.1817	0.2931	0.3169
ENSG00000114648.12	KLHL18	protein_coding	1985	1049	1012	15.9356	3.9519	4.2729
ENSG00000114650.20	SCAP	protein_coding	5284	2661	2623	47.6551	11.8180	12.7779
ENSG00000114654.7	EFCC1	protein_coding	88	44	45	1.6946	0.4202	0.4544
ENSG00000114656.12	CFAP92	protein_coding	178	353	317	0.8389	0.2080	0.2249
ENSG00000114670.14	NEK11	protein_coding	1158	612	552	12.2633	3.0412	3.2882
ENSG00000114686.9	MRPL3	protein_coding	5880	3229	3248	122.8194	30.4580	32.9320
ENSG00000114698.15	PLSCR4	protein_coding	3232	1675	1557	43.3199	10.7429	11.6155
ENSG00000114735.10	HEMK1	protein_coding	2735	1474	1502	8.0694	2.0011	2.1637
ENSG00000114737.16	CISH	protein_coding	1811	935	959	20.3128	5.0374	5.4466
ENSG00000114738.11	MAPKAPK3	protein_coding	3331	1716	1698	48.2506	11.9657	12.9376
ENSG00000114739.14	ACVR2B	protein_coding	1845	938	908	6.6622	1.6522	1.7864
ENSG00000114742.14	WDR48	protein_coding	4400	2329	2171	33.3901	8.2804	8.9530
ENSG00000114744.9	COMMD2	protein_coding	2915	1420	1495	33.7711	8.3749	9.0552
ENSG00000114745.13	GORASP1	protein_coding	3542	1783	1813	32.1079	7.9624	8.6092
ENSG00000114757.19	PEX5L	protein_coding	13	9	5	0.0720	0.0179	0.0193
ENSG00000114767.7	RRP9	protein_coding	1295	671	624	47.6261	11.8108	12.7701
ENSG00000114770.17	ABCC5	protein_coding	3083	1549	1534	15.3838	3.8150	4.1249
ENSG00000114771.14	AADAC	protein_coding	0	0	0	0.0000	0.0000	0.0000
ENSG00000114779.19	ABHD14B	protein_coding	5131	2491	2661	92.0528	22.8282	24.6824
ENSG00000114784.4	EIF1B	protein_coding	3335	1705	1634	100.1206	24.8289	26.8457
ENSG00000114786.16	ABHD14A-ACY1	protein_coding	2	1	1	0.0238	0.0059	0.0064
ENSG00000114790.13	ARHGEF26	protein_coding	2021	1030	1001	20.9948	5.2065	5.6294
ENSG00000114796.16	KLHL24	protein_coding	4221	2131	2090	27.6732	6.8627	7.4201
ENSG00000114805.18	PLCH1	protein_coding	14	5	9	0.1106	0.0274	0.0297
ENSG00000114812.13	VIPR1	protein_coding	960	608	604	7.3729	1.8284	1.9769
ENSG00000114841.17	DNAH1	protein_coding	547	285	263	2.2362	0.5546	0.5996
ENSG00000114850.7	SSR3	protein_coding	17337	9186	9157	189.8399	47.0784	50.9024
ENSG00000114853.14	ZBTB47	protein_coding	1908	1255	1336	19.6947	4.8841	5.2808
ENSG00000114854.8	TNNC1	protein_coding	35	15	20	1.7396	0.4314	0.4664
ENSG00000114857.18	NKTR	protein_coding	4697	2410	2465	15.3889	3.8163	4.1263
ENSG00000114859.16	CLCN2	protein_coding	335	243	258	2.2293	0.5528	0.5977
ENSG00000114861.23	FOXP1	protein_coding	9143	4546	4623	14.8913	3.6929	3.9928
ENSG00000114867.22	EIF4G1	protein_coding	23340	11675	11665	151.2352	37.5048	40.5512
ENSG00000114902.14	SPCS1	protein_coding	8157	4470	4355	90.3306	22.4011	24.2207
ENSG00000114904.13	NEK4	protein_coding	2226	1484	1398	19.7460	4.8968	5.2946
ENSG00000114923.17	SLC4A3	protein_coding	394	204	191	4.5121	1.1189	1.2098
ENSG00000114933.16	INO80D	protein_coding	1867	1040	1008	7.3664	1.8268	1.9752
ENSG00000114942.14	EEF1B2	protein_coding	8023	3954	4069	237.5896	58.9198	63.7057
ENSG00000114948.13	ADAM23	protein_coding	174	79	95	1.5358	0.3809	0.4118
ENSG00000114956.20	DGUOK	protein_coding	1085	844	860	42.2889	10.4872	11.3391
ENSG00000114978.18	MOB1A	protein_coding	13457	6732	6725	118.5009	29.3870	31.7741
ENSG00000114982.19	KANSL3	protein_coding	6442	3258	3184	40.4928	10.0418	10.8575
ENSG00000114988.12	LMAN2L	protein_coding	1752	899	853	36.6762	9.0953	9.8341
ENSG00000114993.17	RTKN	protein_coding	1707	905	809	18.6484	4.6246	5.0003
ENSG00000114999.8	TTL	protein_coding	3321	1656	1665	11.9729	2.9692	3.2103
ENSG00000115008.6	IL1A	protein_coding	20	9	11	0.5623	0.1394	0.1508
ENSG00000115009.13	CCL20	protein_coding	26	15	11	0.9250	0.2294	0.2480
ENSG00000115020.17	PIKFYVE	protein_coding	2852	1390	1462	14.9217	3.7004	4.0010
ENSG00000115041.13	KCNIP3	protein_coding	244	121	123	1.7647	0.4376	0.4732
ENSG00000115042.10	FAHD2A	protein_coding	685	318	381	6.8416	1.6966	1.8344
ENSG00000115053.17	NCL	protein_coding	44106	22166	21945	280.4406	69.5464	75.1955
ENSG00000115073.8	ACTR1B	protein_coding	2453	1232	1221	48.7590	12.0918	13.0739
ENSG00000115084.15	SLC35F5	protein_coding	7027	3594	3433	29.7433	7.3760	7.9752
ENSG00000115085.14	ZAP70	protein_coding	69	38	31	0.7680	0.1905	0.2059
ENSG00000115091.12	ACTR3	protein_coding	16104	8150	7954	76.4488	18.9585	20.4985
ENSG00000115107.20	STEAP3	protein_coding	2210	1308	1234	27.4724	6.8129	7.3663
ENSG00000115109.14	EPB41L5	protein_coding	2969	1540	1546	18.2834	4.5341	4.9024
ENSG00000115112.8	TFCP2L1	protein_coding	641	315	326	3.8808	0.9624	1.0406
ENSG00000115128.7	SF3B6	protein_coding	3177	1549	1628	160.1490	39.7153	42.9413
ENSG00000115129.14	TP53I3	protein_coding	579	401	382	14.2020	3.5220	3.8080
ENSG00000115137.12	DNAJC27	protein_coding	598	290	315	6.0300	1.4954	1.6168
ENSG00000115138.11	POMC	protein_coding	6	3	3	0.2212	0.0549	0.0593
ENSG00000115145.10	STAM2	protein_coding	5272	2685	2587	44.1226	10.9420	11.8308
ENSG00000115155.19	OTOF	protein_coding	146	64	82	1.0317	0.2559	0.2766
ENSG00000115159.16	GPD2	protein_coding	14204	7204	7000	112.4227	27.8797	30.1443
ENSG00000115163.15	CENPA	protein_coding	295	136	159	8.5836	2.1286	2.3016
ENSG00000115165.10	CYTIP	protein_coding	674	368	306	11.2951	2.8011	3.0286
ENSG00000115170.15	ACVR1	protein_coding	4347	2145	2202	55.0264	13.6460	14.7544
ENSG00000115183.15	TANC1	protein_coding	2927	1464	1463	11.1291	2.7599	2.9841
ENSG00000115194.11	SLC30A3	protein_coding	2	1	1	0.0197	0.0049	0.0053
ENSG00000115204.15	MPV17	protein_coding	3115	1505	1610	31.4047	7.7881	8.4207
ENSG00000115207.13	GTF3C2	protein_coding	2299	1615	1659	22.3285	5.5372	5.9870
ENSG00000115211.16	EIF2B4	protein_coding	1774	1103	1088	18.9389	4.6967	5.0782
ENSG00000115216.14	NRBP1	protein_coding	8691	4170	4522	92.4876	22.9360	24.7990
ENSG00000115221.12	ITGB6	protein_coding	2488	1256	1232	24.3897	6.0484	6.5397
ENSG00000115226.10	FNDC4	protein_coding	406	202	205	11.8866	2.9477	3.1872
ENSG00000115232.14	ITGA4	protein_coding	2215	1559	1557	11.7902	2.9238	3.1613
ENSG00000115233.12	PSMD14	protein_coding	4457	2253	2205	34.5721	8.5735	9.2699
ENSG00000115234.11	SNX17	protein_coding	7109	3618	3634	107.0218	26.5403	28.6961
ENSG00000115239.24	ASB3	protein_coding	834	400	435	7.0224	1.7415	1.8829
ENSG00000115241.11	PPM1G	protein_coding	7069	3572	3497	100.3461	24.8848	26.9061
ENSG00000115252.18	PDE1A	protein_coding	249	119	130	2.2336	0.5539	0.5989
ENSG00000115255.12	REEP6	protein_coding	575	273	302	16.0632	3.9835	4.3071
ENSG00000115257.15	PCSK4	protein_coding	199	98	102	2.9761	0.7380	0.7980
ENSG00000115263.15	GCG	protein_coding	0	0	0	0.0000	0.0000	0.0000
ENSG00000115266.12	APC2	protein_coding	248	211	212	1.1131	0.2760	0.2985
ENSG00000115267.8	IFIH1	protein_coding	4672	2303	2369	52.0120	12.8984	13.9461
ENSG00000115268.10	RPS15	protein_coding	11552	5906	5653	306.4142	75.9876	82.1599
ENSG00000115271.11	GCA	protein_coding	1376	686	692	14.6596	3.6354	3.9307
ENSG00000115274.15	INO80B	protein_coding	8	4	4	0.3146	0.0780	0.0844
ENSG00000115275.14	MOGS	protein_coding	3032	1496	1555	47.9756	11.8975	12.8639
ENSG00000115282.21	TTC31	protein_coding	1297	677	704	15.4296	3.8264	4.1372
ENSG00000115286.20	NDUFS7	protein_coding	225	1011	1082	1.7113	0.4244	0.4589
ENSG00000115289.14	PCGF1	protein_coding	939	441	498	30.5336	7.5720	8.1871
ENSG00000115290.10	GRB14	protein_coding	8	4	4	0.1519	0.0377	0.0407
ENSG00000115295.20	CLIP4	protein_coding	786	403	383	5.7286	1.4206	1.5360
ENSG00000115297.11	TLX2	protein_coding	0	0	0	0.0000	0.0000	0.0000
ENSG00000115306.16	SPTBN1	protein_coding	15213	8017	8042	46.7022	11.5817	12.5224
ENSG00000115307.17	AUP1	protein_coding	5884	2915	2972	135.9191	33.7066	36.4445
ENSG00000115310.18	RTN4	protein_coding	21877	11003	10876	186.7315	46.3075	50.0689
ENSG00000115317.12	HTRA2	protein_coding	919	857	837	19.9146	4.9386	5.3398
ENSG00000115318.12	LOXL3	protein_coding	725	844	835	9.0982	2.2563	2.4395
ENSG00000115325.13	DOK1	protein_coding	1194	670	706	22.2078	5.5073	5.9547
ENSG00000115339.14	GALNT3	protein_coding	310	168	142	3.8309	0.9500	1.0272
ENSG00000115350.12	POLE4	protein_coding	952	493	459	26.9939	6.6942	7.2380
ENSG00000115353.11	TACR1	protein_coding	8	3	5	0.0885	0.0219	0.0237
ENSG00000115355.17	CCDC88A	protein_coding	2164	1196	1224	3.6156	0.8966	0.9695
ENSG00000115361.8	ACADL	protein_coding	4	3	1	0.0440	0.0109	0.0118
ENSG00000115363.14	EVA1A	protein_coding	644	307	337	13.3046	3.2994	3.5674
ENSG00000115364.14	MRPL19	protein_coding	2823	1583	1516	17.8934	4.4374	4.7978
ENSG00000115365.12	LANCL1	protein_coding	6188	3120	3069	66.7913	16.5636	17.9090
ENSG00000115368.10	WDR75	protein_coding	3275	1616	1659	36.8502	9.1385	9.8808
ENSG00000115380.20	EFEMP1	protein_coding	19029	9399	9630	272.3710	67.5453	73.0318
ENSG00000115386.6	REG1A	protein_coding	0	0	0	0.0000	0.0000	0.0000
ENSG00000115392.12	FANCL	protein_coding	725	814	814	17.0459	4.2272	4.5706
ENSG00000115414.21	FN1	protein_coding	1792563	888192	904390	5904.7514	1464.3187	1583.2609
ENSG00000115415.20	STAT1	protein_coding	63148	31768	31631	366.5426	90.8989	98.2823
ENSG00000115419.13	GLS	protein_coding	6947	3774	3600	40.0655	9.9358	10.7429
ENSG00000115421.13	PAPOLG	protein_coding	1808	930	878	12.0924	2.9988	3.2424
ENSG00000115423.19	DNAH6	protein_coding	45	21	24	0.1888	0.0468	0.0506
ENSG00000115425.14	PECR	protein_coding	525	251	275	9.3156	2.3102	2.4978
ENSG00000115446.12	UNC50	protein_coding	2486	1283	1203	63.2202	15.6780	16.9514
ENSG00000115457.10	IGFBP2	protein_coding	18158	9214	8945	217.1530	53.8518	58.2260
ENSG00000115459.18	ELMOD3	protein_coding	1186	789	830	9.2655	2.2977	2.4844
ENSG00000115461.5	IGFBP5	protein_coding	55354	28221	28619	485.4816	120.3945	130.1738
ENSG00000115464.15	USP34	protein_coding	6899	5249	5111	21.2136	5.2608	5.6881
ENSG00000115468.12	EFHD1	protein_coding	49228	24627	24601	1043.6331	258.8105	279.8329
ENSG00000115474.7	KCNJ13	protein_coding	5	7	7	0.0780	0.0193	0.0209
ENSG00000115484.15	CCT4	protein_coding	6353	4837	4815	133.3871	33.0786	35.7655
ENSG00000115486.12	GGCX	protein_coding	3922	3455	3397	24.4387	6.0605	6.5528
ENSG00000115488.3	NEU2	protein_coding	0	0	0	0.0000	0.0000	0.0000
ENSG00000115504.15	EHBP1	protein_coding	1921	1235	1202	13.2466	3.2850	3.5518
ENSG00000115507.10	OTX1	protein_coding	61	33	28	0.7158	0.1775	0.1919
ENSG00000115514.12	TXNDC9	protein_coding	2177	1372	1349	43.8415	10.8722	11.7554
ENSG00000115520.8	COQ10B	protein_coding	2496	1334	1163	52.0015	12.8958	13.9433
ENSG00000115523.17	GNLY	protein_coding	227	114	113	4.2249	1.0477	1.1328
ENSG00000115524.17	SF3B1	protein_coding	25238	12663	12577	137.3425	34.0596	36.8261
ENSG00000115525.18	ST3GAL5	protein_coding	972	516	456	3.3817	0.8386	0.9068
ENSG00000115526.11	CHST10	protein_coding	1151	572	579	14.5084	3.5979	3.8902
ENSG00000115539.14	PDCL3	protein_coding	1855	966	889	68.6664	17.0286	18.4118
ENSG00000115540.15	MOB4	protein_coding	1929	979	950	26.8056	6.6475	7.1875
ENSG00000115541.11	HSPE1	protein_coding	919	474	481	28.5883	7.0896	7.6655
ENSG00000115548.17	KDM3A	protein_coding	5286	2658	2628	22.5407	5.5899	6.0439
ENSG00000115556.14	PLCD4	protein_coding	137	356	353	1.3449	0.3335	0.3606
ENSG00000115561.16	CHMP3	protein_coding	5658	2817	2855	45.7138	11.3366	12.2574
ENSG00000115568.16	ZNF142	protein_coding	2158	1447	1386	10.5865	2.6253	2.8386
ENSG00000115590.14	IL1R2	protein_coding	28	11	17	0.5370	0.1332	0.1440
ENSG00000115592.11	PRKAG3	protein_coding	1	1	0	0.0170	0.0042	0.0046
ENSG00000115593.15	SMYD1	protein_coding	7	2	5	0.0872	0.0216	0.0234
ENSG00000115594.12	IL1R1	protein_coding	6995	3546	3585	55.6909	13.8108	14.9326
ENSG00000115596.4	WNT6	protein_coding	6	3	3	0.1979	0.0491	0.0531
ENSG00000115598.10	IL1RL2	protein_coding	33	13	20	0.7167	0.1777	0.1922
ENSG00000115602.17	IL1RL1	protein_coding	201	110	91	1.9838	0.4920	0.5319
ENSG00000115604.11	IL18R1	protein_coding	159	94	65	2.0038	0.4969	0.5373
ENSG00000115607.9	IL18RAP	protein_coding	22	12	10	0.4206	0.1043	0.1128
ENSG00000115616.3	SLC9A2	protein_coding	3	2	3	0.0276	0.0068	0.0074
ENSG00000115641.19	FHL2	protein_coding	7519	3854	3681	64.3529	15.9589	17.2552
ENSG00000115648.14	MLPH	protein_coding	15167	7541	7627	115.6853	28.6888	31.0191
ENSG00000115649.16	CNPPD1	protein_coding	3929	2248	2156	81.9468	20.3220	21.9727
ENSG00000115652.15	UXS1	protein_coding	2771	1400	1371	22.5134	5.5831	6.0366
ENSG00000115657.14	ABCB6	protein_coding	32	16	16	0.3486	0.0865	0.0935
ENSG00000115661.14	STK16	protein_coding	1606	818	840	20.8508	5.1708	5.5908
ENSG00000115665.9	SLC5A7	protein_coding	1	1	0	0.0110	0.0027	0.0029
ENSG00000115677.17	HDLBP	protein_coding	44767	22153	22944	208.7776	51.7747	55.9802
ENSG00000115685.15	PPP1R7	protein_coding	3020	1564	1485	45.2960	11.2329	12.1454
ENSG00000115687.14	PASK	protein_coding	845	454	419	4.4932	1.1143	1.2048
ENSG00000115694.15	STK25	protein_coding	3410	1867	1866	25.4851	6.3200	6.8334
ENSG00000115705.22	TPO	protein_coding	260	146	118	1.7443	0.4326	0.4677
ENSG00000115718.18	PROC	protein_coding	71	25	46	1.6164	0.4008	0.4334
ENSG00000115738.10	ID2	protein_coding	3007	1511	1496	77.0569	19.1093	20.6615
ENSG00000115750.17	TAF1B	protein_coding	801	399	402	11.4276	2.8339	3.0641
ENSG00000115756.13	HPCAL1	protein_coding	981	491	490	8.9198	2.2120	2.3917
ENSG00000115758.13	ODC1	protein_coding	1019	506	513	20.7049	5.1346	5.5517
ENSG00000115760.14	BIRC6	protein_coding	9646	4815	4856	30.6319	7.5964	8.2134
ENSG00000115761.16	NOL10	protein_coding	1538	1046	1039	22.7372	5.6386	6.0966
ENSG00000115762.16	PLEKHB2	protein_coding	10362	5165	5197	87.3408	21.6596	23.4190
ENSG00000115806.13	GORASP2	protein_coding	7284	3697	3587	87.7950	21.7723	23.5408
ENSG00000115808.12	STRN	protein_coding	3924	1893	2031	15.5062	3.8454	4.1577
ENSG00000115816.15	CEBPZ	protein_coding	3105	2974	2876	50.1379	12.4337	13.4437
ENSG00000115825.11	PRKD3	protein_coding	3638	1983	2027	20.0906	4.9823	5.3870
ENSG00000115827.14	DCAF17	protein_coding	1425	711	723	10.5540	2.6173	2.8299
ENSG00000115828.17	QPCT	protein_coding	1035	518	517	21.9338	5.4394	5.8812
ENSG00000115839.18	RAB3GAP1	protein_coding	5577	2955	3028	47.8764	11.8729	12.8373
ENSG00000115840.14	SLC25A12	protein_coding	1303	653	650	12.0622	2.9913	3.2343
ENSG00000115841.21	RMDN2	protein_coding	318	152	170	2.9902	0.7415	0.8018
ENSG00000115844.11	DLX2	protein_coding	96	47	49	1.8324	0.4544	0.4913
ENSG00000115850.10	LCT	protein_coding	5	3	4	0.0431	0.0107	0.0116
ENSG00000115866.11	DARS1	protein_coding	4891	2585	2694	58.3688	14.4749	15.6506
ENSG00000115875.19	SRSF7	protein_coding	7070	3469	3602	99.1198	24.5807	26.5773
ENSG00000115884.11	SDC1	protein_coding	42704	21672	21035	670.2858	166.2241	179.7260
ENSG00000115896.16	PLCL1	protein_coding	860	419	441	6.0047	1.4891	1.6101
ENSG00000115902.11	SLC1A4	protein_coding	8690	4268	4423	70.9998	17.6072	19.0374
ENSG00000115904.14	SOS1	protein_coding	4670	2360	2310	27.4469	6.8066	7.3594
ENSG00000115919.15	KYNU	protein_coding	4594	2238	2362	14.9367	3.7041	4.0050
ENSG00000115934.11	AC087235.1	lncRNA	0	0	0	0.0000	0.0000	0.0000
ENSG00000115935.18	WIPF1	protein_coding	7138	3642	3764	44.3806	11.0059	11.8999
ENSG00000115942.9	ORC2	protein_coding	1530	789	796	14.8802	3.6901	3.9899
ENSG00000115944.15	COX7A2L	protein_coding	7985	4024	3961	80.7902	20.0352	21.6626
ENSG00000115946.8	PNO1	protein_coding	1924	1099	1210	41.4867	10.2883	11.1240
ENSG00000115947.14	ORC4	protein_coding	2588	1407	1474	16.4609	4.0821	4.4137
ENSG00000115956.10	PLEK	protein_coding	2381	1194	1187	42.1299	10.4478	11.2964
ENSG00000115963.13	RND3	protein_coding	2230	1132	1098	35.1873	8.7261	9.4349
ENSG00000115966.17	ATF2	protein_coding	4014	2089	2075	39.5816	9.8158	10.6131
ENSG00000115970.18	THADA	protein_coding	3295	1789	1738	13.1406	3.2587	3.5234
ENSG00000115977.20	AAK1	protein_coding	4037	2051	1986	9.2154	2.2853	2.4710
ENSG00000115993.13	TRAK2	protein_coding	4446	2298	2351	33.5461	8.3191	8.9948
ENSG00000115998.8	C2orf42	protein_coding	814	393	421	12.9197	3.2039	3.4642
ENSG00000116001.17	TIA1	protein_coding	3551	1825	1727	30.4794	7.5586	8.1725
ENSG00000116005.12	PCYOX1	protein_coding	13552	6939	6619	131.0596	32.5015	35.1415
ENSG00000116014.10	KISS1R	protein_coding	423	192	231	14.3643	3.5622	3.8515
ENSG00000116016.14	EPAS1	protein_coding	20321	10184	10137	158.0583	39.1969	42.3807
ENSG00000116017.11	ARID3A	protein_coding	807	375	434	6.3413	1.5726	1.7003
ENSG00000116030.17	SUMO1	protein_coding	7100	3643	3457	187.0138	46.3775	50.1447
ENSG00000116031.9	CD207	protein_coding	28	13	15	0.8510	0.2110	0.2282
ENSG00000116032.5	GRIN3B	protein_coding	13	96	84	0.2247	0.0557	0.0602
ENSG00000116035.4	VAX2	protein_coding	67	25	42	1.2772	0.3167	0.3425
ENSG00000116039.13	ATP6V1B1	protein_coding	5	3	2	0.1068	0.0265	0.0286
ENSG00000116044.16	NFE2L2	protein_coding	9338	4674	4868	93.3800	23.1573	25.0383
ENSG00000116062.17	MSH6	protein_coding	5660	4339	4191	29.2997	7.2660	7.8562
ENSG00000116095.11	PLEKHA3	protein_coding	2063	1021	1042	8.2360	2.0425	2.2084
ENSG00000116096.6	SPR	protein_coding	3551	1771	1780	138.1187	34.2521	37.0342
ENSG00000116106.12	EPHA4	protein_coding	358	164	195	2.6876	0.6665	0.7206
ENSG00000116117.18	PARD3B	protein_coding	2377	1218	1159	12.5981	3.1242	3.3780
ENSG00000116120.11	FARSB	protein_coding	3360	1695	1665	28.1830	6.9891	7.5568
ENSG00000116127.19	ALMS1	protein_coding	3457	1688	1770	13.2652	3.2896	3.5568
ENSG00000116128.11	BCL9	protein_coding	2089	1009	1081	18.7122	4.6404	5.0174
ENSG00000116132.12	PRRX1	protein_coding	16116	8162	7954	110.8072	27.4791	29.7111
ENSG00000116133.13	DHCR24	protein_coding	139776	77348	77448	1275.6185	316.3405	342.0359
ENSG00000116138.13	DNAJC16	protein_coding	2832	1492	1487	18.7554	4.6512	5.0290
ENSG00000116141.17	MARK1	protein_coding	180	88	92	0.6691	0.1659	0.1794
ENSG00000116147.17	TNR	protein_coding	12	8	6	0.0531	0.0132	0.0142
ENSG00000116151.14	MORN1	protein_coding	624	343	350	3.1214	0.7741	0.8369
ENSG00000116157.6	GPX7	protein_coding	1798	907	891	60.2627	14.9445	16.1584
ENSG00000116161.18	CACYBP	protein_coding	5342	2796	2725	65.7004	16.2930	17.6165
ENSG00000116171.19	SCP2	protein_coding	8140	4058	4105	55.9335	13.8709	14.9976
ENSG00000116176.6	TPSG1	protein_coding	6	11	6	0.2711	0.0672	0.0727
ENSG00000116183.11	PAPPA2	protein_coding	26	14	12	0.1349	0.0335	0.0362
ENSG00000116191.17	RALGPS2	protein_coding	5115	2617	2552	31.6051	7.8377	8.4744
ENSG00000116194.13	ANGPTL1	protein_coding	288	147	141	4.5393	1.1257	1.2171
ENSG00000116198.14	CEP104	protein_coding	2499	1190	1312	11.9241	2.9571	3.1973
ENSG00000116199.12	FAM20B	protein_coding	5863	2917	2946	54.9935	13.6378	14.7456
ENSG00000116205.14	TCEANC2	protein_coding	793	402	411	3.6958	0.9165	0.9910
ENSG00000116209.12	TMEM59	protein_coding	22662	11550	11113	140.4702	34.8352	37.6647
ENSG00000116212.15	LRRC42	protein_coding	2241	1127	1114	58.7278	14.5639	15.7469
ENSG00000116213.16	WRAP73	protein_coding	1112	569	543	8.2606	2.0485	2.2149
ENSG00000116218.13	NPHS2	protein_coding	0	0	0	0.0000	0.0000	0.0000
ENSG00000116221.15	MRPL37	protein_coding	3323	1610	1780	73.9299	18.3339	19.8231
ENSG00000116237.16	ICMT	protein_coding	7701	4088	4066	88.9457	22.0576	23.8493
ENSG00000116251.11	RPL22	protein_coding	9240	4643	4616	112.3259	27.8557	30.1183
ENSG00000116254.18	CHD5	protein_coding	6	3	3	0.0337	0.0084	0.0090
ENSG00000116260.17	QSOX1	protein_coding	7876	3954	3922	48.1509	11.9409	12.9109
ENSG00000116266.11	STXBP3	protein_coding	4442	2266	2176	42.7539	10.6025	11.4637
ENSG00000116273.6	PHF13	protein_coding	3054	1536	1518	47.6851	11.8254	12.7860
ENSG00000116285.13	ERRFI1	protein_coding	5237	2619	2626	71.0673	17.6240	19.0555
ENSG00000116288.13	PARK7	protein_coding	11034	5582	5452	261.0504	64.7379	69.9963
ENSG00000116299.17	ELAPOR1	protein_coding	11785	5832	5960	72.6917	18.0268	19.4911
ENSG00000116329.11	OPRD1	protein_coding	504	303	293	3.0585	0.7585	0.8201
ENSG00000116337.19	AMPD2	protein_coding	1983	1286	1266	12.5818	3.1202	3.3736
ENSG00000116350.17	SRSF4	protein_coding	5582	2718	2864	35.9477	8.9147	9.6388
ENSG00000116353.16	MECR	protein_coding	1078	572	506	14.7736	3.6637	3.9613
ENSG00000116396.15	KCNC4	protein_coding	318	168	150	0.6917	0.1715	0.1855
ENSG00000116406.19	EDEM3	protein_coding	6053	3023	3030	44.0536	10.9248	11.8122
ENSG00000116455.14	WDR77	protein_coding	1099	534	599	23.2120	5.7563	6.2239
ENSG00000116459.11	ATP5PB	protein_coding	6873	3437	3470	124.2089	30.8026	33.3046
ENSG00000116473.14	RAP1A	protein_coding	5595	2763	2832	57.3558	14.2237	15.3790
ENSG00000116478.12	HDAC1	protein_coding	7974	3988	3987	114.0205	28.2759	30.5727
ENSG00000116489.13	CAPZA1	protein_coding	11112	5619	5516	180.3036	44.7135	48.3454
ENSG00000116497.18	S100PBP	protein_coding	2247	1123	1180	13.8659	3.4386	3.7179
ENSG00000116514.17	RNF19B	protein_coding	2779	1444	1343	57.6434	14.2950	15.4561
ENSG00000116521.11	SCAMP3	protein_coding	4224	2092	2134	98.0929	24.3261	26.3020
ENSG00000116525.14	TRIM62	protein_coding	939	495	495	13.3930	3.3213	3.5911
ENSG00000116539.14	ASH1L	protein_coding	8736	4361	4424	35.9442	8.9138	9.6378
ENSG00000116544.12	DLGAP3	protein_coding	26	10	16	0.3648	0.0905	0.0978
ENSG00000116560.11	SFPQ	protein_coding	19276	9727	9549	147.3435	36.5397	39.5077
ENSG00000116574.6	RHOU	protein_coding	325	165	160	4.6484	1.1527	1.2464
ENSG00000116580.18	GON4L	protein_coding	4089	2029	2104	19.3772	4.8054	5.1957
ENSG00000116584.20	ARHGEF2	protein_coding	4435	2264	2177	27.4723	6.8128	7.3662
ENSG00000116586.12	LAMTOR2	protein_coding	2369	1216	1153	95.6880	23.7297	25.6571
ENSG00000116604.18	MEF2D	protein_coding	5653	2874	2780	50.4773	12.5179	13.5347
ENSG00000116641.18	DOCK7	protein_coding	3783	1932	1851	8.6193	2.1375	2.3111
ENSG00000116649.10	SRM	protein_coding	1991	976	1015	59.6143	14.7838	15.9846
ENSG00000116652.6	DLEU2L	lncRNA	24	16	16	0.3829	0.0949	0.1027
ENSG00000116661.11	FBXO2	protein_coding	799	411	415	14.3254	3.5526	3.8411
ENSG00000116663.11	FBXO6	protein_coding	1274	634	641	41.6418	10.3267	11.1656
ENSG00000116667.15	C1orf21	protein_coding	9127	4556	4571	44.6431	11.0710	11.9703
ENSG00000116668.13	SWT1	protein_coding	785	369	418	10.9433	2.7138	2.9343
ENSG00000116670.15	MAD2L2	protein_coding	1401	707	698	23.9021	5.9275	6.4090
ENSG00000116675.16	DNAJC6	protein_coding	1224	613	611	9.9760	2.4739	2.6749
ENSG00000116678.20	LEPR	protein_coding	1196	595	601	5.9653	1.4793	1.5995
ENSG00000116679.16	IVNS1ABP	protein_coding	7572	3813	3759	54.5418	13.5258	14.6245
ENSG00000116685.16	KIAA2013	protein_coding	3197	1611	1587	55.2581	13.7034	14.8165
ENSG00000116688.18	MFN2	protein_coding	7634	3782	3852	42.3025	10.4906	11.3427
ENSG00000116690.13	PRG4	protein_coding	13	354	358	0.1460	0.0362	0.0392
ENSG00000116691.11	MIIP	protein_coding	780	374	406	15.6802	3.8885	4.2044
ENSG00000116698.21	SMG7	protein_coding	8549	4265	4291	58.2919	14.4558	15.6300
ENSG00000116701.15	NCF2	protein_coding	1361	682	681	26.3511	6.5348	7.0656
ENSG00000116703.14	PDC	protein_coding	2	1	1	0.0852	0.0211	0.0228
ENSG00000116704.8	SLC35D1	protein_coding	2853	1468	1385	26.1252	6.4788	7.0050
ENSG00000116711.10	PLA2G4A	protein_coding	331	170	161	6.5200	1.6169	1.7482
ENSG00000116717.13	GADD45A	protein_coding	2025	1013	1012	59.6559	14.7941	15.9957
ENSG00000116721.9	PRAMEF1	protein_coding	0	0	0	0.0000	0.0000	0.0000
ENSG00000116726.5	PRAMEF12	protein_coding	0	0	0	0.0000	0.0000	0.0000
ENSG00000116729.14	WLS	protein_coding	2898	1518	1505	36.8570	9.1402	9.8826
ENSG00000116731.22	PRDM2	protein_coding	5400	2623	2777	28.0357	6.9526	7.5173
ENSG00000116741.8	RGS2	protein_coding	3122	1565	1557	84.7934	21.0279	22.7359
ENSG00000116745.7	RPE65	protein_coding	4	1	3	0.0871	0.0216	0.0233
ENSG00000116747.13	RO60	protein_coding	4469	2810	2804	27.9423	6.9294	7.4923
ENSG00000116748.21	AMPD1	protein_coding	4	3	1	0.0736	0.0183	0.0197
ENSG00000116750.14	UCHL5	protein_coding	3183	1668	1630	27.0992	6.7203	7.2662
ENSG00000116752.6	BCAS2	protein_coding	2340	1148	1192	102.9491	25.5303	27.6041
ENSG00000116754.13	SRSF11	protein_coding	8053	4038	4016	53.8989	13.3664	14.4521
ENSG00000116761.12	CTH	protein_coding	131	59	72	3.0775	0.7632	0.8252
ENSG00000116771.6	AGMAT	protein_coding	96	58	66	1.7590	0.4362	0.4717
ENSG00000116774.12	OLFML3	protein_coding	8713	4347	4366	175.1556	43.4368	46.9651
ENSG00000116783.15	TNNI3K	protein_coding	1	1	0	0.0120	0.0030	0.0032
ENSG00000116785.14	CFHR3	protein_coding	7	5	2	0.0932	0.0231	0.0250
ENSG00000116786.13	PLEKHM2	protein_coding	4079	2280	2321	55.9555	13.8764	15.0035
ENSG00000116791.14	CRYZ	protein_coding	3267	1757	1661	45.3541	11.2474	12.1609
ENSG00000116793.16	PHTF1	protein_coding	1118	581	537	8.8426	2.1929	2.3710
ENSG00000116809.12	ZBTB17	protein_coding	987	471	516	13.2011	3.2737	3.5397
ENSG00000116815.16	CD58	protein_coding	877	417	460	27.8782	6.9135	7.4751
ENSG00000116819.8	TFAP2E	protein_coding	26	13	16	0.6490	0.1609	0.1740
ENSG00000116824.5	CD2	protein_coding	468	244	224	16.2326	4.0255	4.3525
ENSG00000116830.12	TTF2	protein_coding	1381	696	685	7.7098	1.9120	2.0673
ENSG00000116833.14	NR5A2	protein_coding	217	96	121	1.6315	0.4046	0.4374
ENSG00000116852.15	KIF21B	protein_coding	157	82	75	0.7320	0.1815	0.1963
ENSG00000116857.17	TMEM9	protein_coding	4973	2556	2417	71.9619	17.8458	19.2954
ENSG00000116863.11	ADPRS	protein_coding	2135	1106	1029	73.3348	18.1863	19.6635
ENSG00000116871.15	MAP7D1	protein_coding	6363	3115	3249	68.4587	16.9771	18.3560
ENSG00000116874.12	WARS2	protein_coding	774	421	423	11.4604	2.8421	3.0729
ENSG00000116882.15	HAO2	protein_coding	1	0	1	0.0302	0.0075	0.0081
ENSG00000116885.18	OSCP1	protein_coding	1036	535	501	21.0730	5.2259	5.6504
ENSG00000116898.12	MRPS15	protein_coding	3022	1463	1559	59.8594	14.8445	16.0503
ENSG00000116903.7	EXOC8	protein_coding	1487	817	783	16.5348	4.1005	4.4335
ENSG00000116906.13	GNPAT	protein_coding	3524	1710	1814	61.2836	15.1977	16.4322
ENSG00000116918.15	TSNAX	protein_coding	3537	1807	1749	31.5730	7.8298	8.4658
ENSG00000116922.14	C1orf109	protein_coding	1437	747	691	18.3789	4.5578	4.9280
ENSG00000116954.8	RRAGC	protein_coding	2082	1034	1048	23.0786	5.7233	6.1881
ENSG00000116962.15	NID1	protein_coding	19954	9938	10016	194.7325	48.2917	52.2143
ENSG00000116977.19	LGALS8	protein_coding	3963	3772	3901	23.7520	5.8903	6.3687
ENSG00000116981.3	NT5C1A	protein_coding	1	1	0	0.0512	0.0127	0.0137
ENSG00000116983.13	HPCAL4	protein_coding	2	1	1	0.0238	0.0059	0.0064
ENSG00000116984.14	MTR	protein_coding	4846	2430	2416	22.2397	5.5152	5.9632
ENSG00000116985.12	BMP8B	protein_coding	580	339	309	6.8155	1.6902	1.8275
ENSG00000116990.11	MYCL	protein_coding	65	40	34	0.7281	0.1806	0.1952
ENSG00000116991.11	SIPA1L2	protein_coding	6436	3192	3245	42.6784	10.5838	11.4435
ENSG00000116996.9	ZP4	protein_coding	0	0	1	0.0000	0.0000	0.0000
ENSG00000117000.9	RLF	protein_coding	2749	1336	1413	25.0154	6.2036	6.7075
ENSG00000117009.12	KMO	protein_coding	143	927	935	1.3639	0.3382	0.3657
ENSG00000117010.17	ZNF684	protein_coding	184	94	90	3.3649	0.8345	0.9022
ENSG00000117013.17	KCNQ4	protein_coding	7	5	3	0.0901	0.0223	0.0241
ENSG00000117016.10	RIMS3	protein_coding	96	46	52	0.7500	0.1860	0.2011
ENSG00000117020.18	AKT3	protein_coding	3039	1765	1627	13.4948	3.3466	3.6184
ENSG00000117036.12	ETV3	protein_coding	4250	2153	2097	35.9352	8.9116	9.6354
ENSG00000117054.14	ACADM	protein_coding	3168	1572	1597	37.5616	9.3149	10.0715
ENSG00000117069.15	ST6GALNAC5	protein_coding	1855	920	935	17.3621	4.3056	4.6554
ENSG00000117090.15	SLAMF1	protein_coding	48	21	27	0.6385	0.1584	0.1712
ENSG00000117091.10	CD48	protein_coding	230	346	348	4.0084	0.9940	1.0748
ENSG00000117114.20	ADGRL2	protein_coding	2229	1093	1136	5.5811	1.3841	1.4965
ENSG00000117115.13	PADI2	protein_coding	965	476	489	9.1209	2.2619	2.4456
ENSG00000117118.10	SDHB	protein_coding	4037	1940	2097	98.5104	24.4296	26.4139
ENSG00000117122.14	MFAP2	protein_coding	4594	3557	3746	96.0640	23.8229	25.7580
ENSG00000117133.11	RPF1	protein_coding	2576	1378	1373	63.7925	15.8199	17.1049
ENSG00000117139.18	KDM5B	protein_coding	9833	4893	4941	22.3956	5.5539	6.0050
ENSG00000117143.13	UAP1	protein_coding	8095	4163	3932	133.5663	33.1231	35.8136
ENSG00000117148.8	ACTL8	protein_coding	0	0	0	0.0000	0.0000	0.0000
ENSG00000117151.13	CTBS	protein_coding	742	1075	1071	6.0685	1.5049	1.6272
ENSG00000117152.14	RGS4	protein_coding	1479	755	724	17.7361	4.3984	4.7556
ENSG00000117153.16	KLHL12	protein_coding	4198	2113	2085	67.8644	16.8297	18.1967
ENSG00000117154.12	IGSF21	protein_coding	456	214	242	8.5261	2.1144	2.2861
ENSG00000117155.17	SSX2IP	protein_coding	2102	1063	1039	13.9209	3.4522	3.7326
ENSG00000117174.11	ZNHIT6	protein_coding	1862	931	931	17.0230	4.2215	4.5644
ENSG00000117215.15	PLA2G2D	protein_coding	4	2	2	0.0846	0.0210	0.0227
ENSG00000117222.14	RBBP5	protein_coding	2957	1436	1521	38.0771	9.4427	10.2097
ENSG00000117226.12	GBP3	protein_coding	5901	2884	3019	78.1152	19.3718	20.9453
ENSG00000117228.10	GBP1	protein_coding	6689	3208	3490	78.0200	19.3482	20.9198
ENSG00000117242.7	PINK1-AS	lncRNA	185	2566	2606	2.3613	0.5856	0.6331
ENSG00000117245.13	KIF17	protein_coding	60	32	28	0.7612	0.1888	0.2041
ENSG00000117262.19	GPR89A	protein_coding	469	223	247	4.7828	1.1861	1.2824
ENSG00000117266.16	CDK18	protein_coding	925	472	454	7.6803	1.9046	2.0594
ENSG00000117280.13	RAB29	protein_coding	1448	706	742	21.0338	5.2162	5.6399
ENSG00000117281.16	CD160	protein_coding	46	45	38	0.6569	0.1629	0.1761
ENSG00000117298.16	ECE1	protein_coding	20201	10073	10136	156.7595	38.8748	42.0324
ENSG00000117305.15	HMGCL	protein_coding	2273	1137	1136	22.9037	5.6799	6.1412
ENSG00000117308.15	GALE	protein_coding	2576	1298	1278	36.9368	9.1599	9.9040
ENSG00000117318.9	ID3	protein_coding	2898	1444	1454	109.8566	27.2433	29.4562
ENSG00000117322.18	CR2	protein_coding	1	0	1	0.0116	0.0029	0.0031
ENSG00000117335.20	CD46	protein_coding	23211	11578	11634	151.1072	37.4731	40.5169
ENSG00000117360.13	PRPF3	protein_coding	3478	1747	1731	36.4714	9.0445	9.7792
ENSG00000117362.13	APH1A	protein_coding	13110	7279	7239	214.0708	53.0874	57.3995
ENSG00000117385.16	P3H1	protein_coding	5376	2747	2629	45.0595	11.1743	12.0820
ENSG00000117394.24	SLC2A1	protein_coding	7517	3701	3818	64.4525	15.9836	17.2819
ENSG00000117395.13	EBNA1BP2	protein_coding	4308	2223	2158	68.6062	17.0136	18.3956
ENSG00000117399.14	CDC20	protein_coding	831	411	420	23.4225	5.8085	6.2803
ENSG00000117400.18	MPL	protein_coding	48	19	30	0.6914	0.1715	0.1854
ENSG00000117407.17	ARTN	protein_coding	178	78	100	3.7992	0.9422	1.0187
ENSG00000117408.11	IPO13	protein_coding	2731	1407	1324	30.5353	7.5724	8.1875
ENSG00000117410.14	ATP6V0B	protein_coding	6786	3437	3356	118.8126	29.4643	31.8576
ENSG00000117411.17	B4GALT2	protein_coding	3944	2049	1895	40.8743	10.1364	10.9598
ENSG00000117419.16	ERI3	protein_coding	2941	1555	1386	59.8865	14.8513	16.0576
ENSG00000117425.14	PTCH2	protein_coding	129	72	57	1.3715	0.3401	0.3677
ENSG00000117448.14	AKR1A1	protein_coding	5807	2930	2877	105.5158	26.1669	28.2923
ENSG00000117450.15	PRDX1	protein_coding	20409	17033	17296	688.1057	170.6433	184.5041
ENSG00000117461.15	PIK3R3	protein_coding	7658	3900	3760	58.7110	14.5597	15.7424
ENSG00000117472.10	TSPAN1	protein_coding	1410	727	683	33.7388	8.3669	9.0465
ENSG00000117475.14	BLZF1	protein_coding	2736	1325	1413	40.6174	10.0727	10.8909
ENSG00000117477.12	CCDC181	protein_coding	51	18	34	0.7302	0.1811	0.1958
ENSG00000117479.15	SLC19A2	protein_coding	2863	1478	1385	37.2045	9.2264	9.9758
ENSG00000117480.16	FAAH	protein_coding	1359	699	660	28.2925	7.0163	7.5862
ENSG00000117481.10	NSUN4	protein_coding	1675	851	824	11.2174	2.7818	3.0078
ENSG00000117500.13	TMED5	protein_coding	5036	2772	2679	31.0055	7.6890	8.3136
ENSG00000117501.14	MROH9	protein_coding	3	1	2	0.0444	0.0110	0.0119
ENSG00000117505.13	DR1	protein_coding	6315	3170	3179	32.7802	8.1292	8.7895
ENSG00000117507.6	FMO6P	transcribed_unitary_pseudogene	1	0	1	0.0221	0.0055	0.0059
ENSG00000117519.16	CNN3	protein_coding	19976	10049	9927	407.0566	100.9459	109.1454
ENSG00000117523.16	PRRC2C	protein_coding	17264	8493	8772	69.0779	17.1306	18.5221
ENSG00000117525.14	F3	protein_coding	968	491	477	19.0212	4.7171	5.1002
ENSG00000117528.14	ABCD3	protein_coding	7498	3812	3686	55.5469	13.7751	14.8940
ENSG00000117533.15	VAMP4	protein_coding	2011	1028	984	22.8728	5.6722	6.1330
ENSG00000117543.21	DPH5	protein_coding	1443	721	755	27.5530	6.8329	7.3879
ENSG00000117560.8	FASLG	protein_coding	52	34	18	1.6337	0.4052	0.4381
ENSG00000117569.19	PTBP2	protein_coding	795	413	382	3.0709	0.7616	0.8234
ENSG00000117586.11	TNFSF4	protein_coding	1075	544	531	15.3831	3.8149	4.1247
ENSG00000117592.9	PRDX6	protein_coding	11910	6013	5898	292.2613	72.4778	78.3650
ENSG00000117593.12	DARS2	protein_coding	2067	1127	1051	15.9417	3.9534	4.2745
ENSG00000117594.10	HSD11B1	protein_coding	23	8	15	0.8627	0.2139	0.2313
ENSG00000117595.12	IRF6	protein_coding	3430	1719	1711	39.1300	9.7038	10.4921
ENSG00000117597.18	UTP25	protein_coding	2660	1283	1377	14.4893	3.5932	3.8851
ENSG00000117598.13	PLPPR5	protein_coding	11	5	7	0.1328	0.0329	0.0356
ENSG00000117600.12	PLPPR4	protein_coding	343	174	169	3.5111	0.8707	0.9414
ENSG00000117601.14	SERPINC1	protein_coding	3	2	1	0.0965	0.0239	0.0259
ENSG00000117602.13	RCAN3	protein_coding	1144	739	745	9.0888	2.2539	2.4370
ENSG00000117614.10	SYF2	protein_coding	4005	1990	2015	60.1970	14.9283	16.1408
ENSG00000117616.18	RSRP1	protein_coding	1804	902	910	15.2013	3.7698	4.0760
ENSG00000117620.15	SLC35A3	protein_coding	3314	1700	1677	10.3064	2.5559	2.7635
ENSG00000117625.14	RCOR3	protein_coding	4360	2145	2215	27.1948	6.7440	7.2918
ENSG00000117632.23	STMN1	protein_coding	5665	2793	2872	51.4266	12.7533	13.7892
ENSG00000117640.18	MTFR1L	protein_coding	1393	1092	1100	13.6272	3.3794	3.6539
ENSG00000117643.14	MAN1C1	protein_coding	1670	833	838	10.4925	2.6020	2.8134
ENSG00000117650.13	NEK2	protein_coding	728	346	382	13.3392	3.3080	3.5767
ENSG00000117676.14	RPS6KA1	protein_coding	1383	681	702	13.3293	3.3055	3.5740
ENSG00000117682.17	DHDDS	protein_coding	2557	1281	1287	25.8572	6.4123	6.9332
ENSG00000117691.10	NENF	protein_coding	3819	1851	1968	171.3413	42.4909	45.9423
ENSG00000117697.15	NSL1	protein_coding	2222	1104	1118	9.0870	2.2535	2.4365
ENSG00000117707.16	PROX1	protein_coding	55	25	31	0.3490	0.0866	0.0936
ENSG00000117713.20	ARID1A	protein_coding	9522	4697	4866	33.8787	8.4016	9.0840
ENSG00000117724.13	CENPF	protein_coding	3783	1912	1871	18.3786	4.5577	4.9279
ENSG00000117748.10	RPA2	protein_coding	2964	1466	1498	84.8503	21.0420	22.7512
ENSG00000117751.18	PPP1R8	protein_coding	3094	1657	1597	62.3306	15.4574	16.7129
ENSG00000117758.14	STX12	protein_coding	5879	2996	2883	87.7132	21.7520	23.5188
ENSG00000117791.16	MTARC2	protein_coding	338	160	178	7.3808	1.8304	1.9790
ENSG00000117834.13	SLC5A9	protein_coding	16	11	10	0.2001	0.0496	0.0536
ENSG00000117859.19	OSBPL9	protein_coding	9402	4770	4691	51.9018	12.8711	13.9166
ENSG00000117862.13	TXNDC12	protein_coding	175	89	86	3.4652	0.8593	0.9291
ENSG00000117868.17	ESYT2	protein_coding	15955	7827	8128	127.4736	31.6122	34.1799
ENSG00000117877.11	POLR1G	protein_coding	332	1414	1480	5.8892	1.4605	1.5791
ENSG00000117899.11	MESD	protein_coding	4295	2243	2196	32.6719	8.1023	8.7604
ENSG00000117906.14	RCN2	protein_coding	4563	2280	2283	26.1355	6.4813	7.0078
ENSG00000117971.12	CHRNB4	protein_coding	2	2	0	0.0228	0.0056	0.0061
ENSG00000117983.17	MUC5B	protein_coding	12	6	7	0.0366	0.0091	0.0098
ENSG00000117984.15	CTSD	protein_coding	13658	6905	6780	135.9566	33.7159	36.4545
ENSG00000118004.18	COLEC11	protein_coding	5	1	4	0.1021	0.0253	0.0274
ENSG00000118007.13	STAG1	protein_coding	4024	2963	3002	29.0961	7.2155	7.8016
ENSG00000118017.4	A4GNT	protein_coding	1	1	0	0.0319	0.0079	0.0085
ENSG00000118046.16	STK11	protein_coding	2683	1450	1313	17.2685	4.2824	4.6303
ENSG00000118058.23	KMT2A	protein_coding	4736	2468	2500	8.5865	2.1294	2.3023
ENSG00000118094.12	TREH	protein_coding	8	660	703	0.1426	0.0354	0.0382
ENSG00000118096.10	IFT46	protein_coding	1368	665	704	20.5617	5.0991	5.5133
ENSG00000118113.12	MMP8	protein_coding	7	4	3	0.1155	0.0286	0.0310
ENSG00000118137.10	APOA1	protein_coding	2	1	1	0.1035	0.0257	0.0277
ENSG00000118156.12	ZNF541	protein_coding	11	6	5	0.1340	0.0332	0.0359
ENSG00000118160.14	SLC8A2	protein_coding	9	6	5	0.0968	0.0240	0.0260
ENSG00000118162.14	KPTN	protein_coding	260	220	231	6.9714	1.7288	1.8693
ENSG00000118181.11	RPS25	protein_coding	22041	11420	11221	846.2725	209.8670	226.9139
ENSG00000118193.12	KIF14	protein_coding	420	216	204	3.2654	0.8098	0.8756
ENSG00000118194.20	TNNT2	protein_coding	0	0	0	0.0000	0.0000	0.0000
ENSG00000118197.14	DDX59	protein_coding	1343	667	680	17.2702	4.2828	4.6307
ENSG00000118200.14	CAMSAP2	protein_coding	5562	2749	2813	40.5582	10.0580	10.8750
ENSG00000118217.6	ATF6	protein_coding	8161	4004	4160	58.8517	14.5946	15.7801
ENSG00000118231.5	CRYGD	protein_coding	1	0	1	0.0883	0.0219	0.0237
ENSG00000118242.16	MREG	protein_coding	1755	853	902	27.3573	6.7843	7.3354
ENSG00000118245.2	TNP1	protein_coding	0	0	0	0.0000	0.0000	0.0000
ENSG00000118246.14	FASTKD2	protein_coding	2390	1223	1168	13.8884	3.4442	3.7239
ENSG00000118257.17	NRP2	protein_coding	8557	4415	4414	34.9214	8.6601	9.3636
ENSG00000118260.15	CREB1	protein_coding	4699	2369	2333	21.9651	5.4471	5.8896
ENSG00000118263.15	KLF7	protein_coding	3202	1535	1667	19.6054	4.8619	5.2569
ENSG00000118271.12	TTR	protein_coding	1	1	0	0.0261	0.0065	0.0070
ENSG00000118276.11	B4GALT6	protein_coding	506	282	234	5.4081	1.3411	1.4501
ENSG00000118292.9	C1orf54	protein_coding	476	964	919	21.2551	5.2710	5.6992
ENSG00000118298.12	CA14	protein_coding	81	42	39	1.3937	0.3456	0.3737
ENSG00000118307.20	CFAP94	protein_coding	308	162	147	5.5875	1.3857	1.4982
ENSG00000118308.15	IRAG2	protein_coding	220	140	141	1.8875	0.4681	0.5061
ENSG00000118322.14	ATP10B	protein_coding	5	3	2	0.0251	0.0062	0.0067
ENSG00000118363.12	SPCS2	protein_coding	2425	1196	1229	46.0864	11.4290	12.3573
ENSG00000118369.13	USP35	protein_coding	904	453	457	8.9096	2.2095	2.3890
ENSG00000118402.6	ELOVL4	protein_coding	1019	516	503	19.1794	4.7563	5.1426
ENSG00000118407.15	FILIP1	protein_coding	167	208	185	1.0565	0.2620	0.2833
ENSG00000118412.13	CASP8AP2	protein_coding	2023	962	1061	14.0818	3.4921	3.7758
ENSG00000118418.14	HMGN3	protein_coding	1462	959	987	81.7653	20.2770	21.9240
ENSG00000118420.17	UBE3D	protein_coding	193	95	98	1.7096	0.4240	0.4584
ENSG00000118432.12	CNR1	protein_coding	6	3	3	0.0535	0.0133	0.0144
ENSG00000118434.9	SPACA1	protein_coding	0	0	0	0.0000	0.0000	0.0000
ENSG00000118454.13	ANKRD13C	protein_coding	2314	1198	1117	21.2204	5.2624	5.6899
ENSG00000118473.22	SGIP1	protein_coding	1171	623	585	4.9855	1.2364	1.3368
ENSG00000118482.12	PHF3	protein_coding	8409	4219	4264	22.7886	5.6513	6.1104
ENSG00000118491.10	ZC2HC1B	protein_coding	0	0	0	0.0000	0.0000	0.0000
ENSG00000118492.17	ADGB	protein_coding	0	0	0	0.0000	0.0000	0.0000
ENSG00000118495.20	PLAGL1	protein_coding	1149	560	589	7.4613	1.8503	2.0006
ENSG00000118496.5	FBXO30	protein_coding	2150	1140	1166	13.4710	3.3407	3.6120
ENSG00000118503.15	TNFAIP3	protein_coding	1503	781	724	16.9622	4.2065	4.5481
ENSG00000118507.17	AKAP7	protein_coding	432	221	213	5.3339	1.3228	1.4302
ENSG00000118508.5	RAB32	protein_coding	1691	814	877	90.0437	22.3299	24.1437
ENSG00000118513.19	MYB	protein_coding	4713	2588	2560	48.5953	12.0511	13.0300
ENSG00000118514.14	ALDH8A1	protein_coding	53	21	32	1.0517	0.2608	0.2820
ENSG00000118515.11	SGK1	protein_coding	3911	1958	1953	22.1970	5.5046	5.9518
ENSG00000118518.16	RNF146	protein_coding	2690	1363	1328	44.6052	11.0616	11.9601
ENSG00000118520.15	ARG1	protein_coding	9	2	7	0.2300	0.0570	0.0617
ENSG00000118523.6	CCN2	protein_coding	34198	16997	17205	829.4986	205.7073	222.4162
ENSG00000118526.7	TCF21	protein_coding	1	1	1	0.0154	0.0038	0.0041
ENSG00000118557.16	PMFBP1	protein_coding	15	157	143	0.1521	0.0377	0.0408
ENSG00000118564.15	FBXL5	protein_coding	7867	3921	3952	94.9026	23.5349	25.4466
ENSG00000118579.13	MED28	protein_coding	4043	2415	2455	20.8967	5.1822	5.6031
ENSG00000118596.12	SLC16A7	protein_coding	1143	598	545	4.7303	1.1731	1.2684
ENSG00000118600.12	RXYLT1	protein_coding	839	780	745	6.1243	1.5188	1.6421
ENSG00000118620.13	ZNF430	protein_coding	867	427	440	7.1977	1.7850	1.9299
ENSG00000118640.11	VAMP8	protein_coding	6986	3428	3559	442.6546	109.7739	118.6905
ENSG00000118655.7	DCLRE1B	protein_coding	786	393	394	11.5238	2.8578	3.0899
ENSG00000118680.14	MYL12B	protein_coding	19605	9790	9817	639.7002	158.6392	171.5250
ENSG00000118689.15	FOXO3	protein_coding	8355	4204	4152	61.7747	15.3195	16.5639
ENSG00000118690.13	ARMC2	protein_coding	341	159	184	4.5459	1.1273	1.2189
ENSG00000118702.9	GHRH	protein_coding	0	0	0	0.0000	0.0000	0.0000
ENSG00000118705.17	RPN2	protein_coding	33196	17165	17498	697.2386	172.9081	186.9529
ENSG00000118707.11	TGIF2	protein_coding	3267	1642	1625	46.6326	11.5644	12.5038
ENSG00000118729.12	CASQ2	protein_coding	5	4	1	0.1055	0.0262	0.0283
ENSG00000118733.17	OLFM3	protein_coding	0	0	0	0.0000	0.0000	0.0000
ENSG00000118762.8	PKD2	protein_coding	4370	2180	2190	44.8061	11.1115	12.0140
ENSG00000118777.12	ABCG2	protein_coding	220	111	109	2.2271	0.5523	0.5972
ENSG00000118785.14	SPP1	protein_coding	51433	29168	29116	1256.6842	311.6450	336.9590
ENSG00000118804.8	STBD1	protein_coding	82	48	34	1.3597	0.3372	0.3646
ENSG00000118816.11	CCNI	protein_coding	32795	16427	16370	459.4376	113.9359	123.1906
ENSG00000118849.10	RARRES1	protein_coding	600	298	311	16.7698	4.1587	4.4966
ENSG00000118855.21	MFSD1	protein_coding	8197	4216	3984	88.9328	22.0544	23.8458
ENSG00000118873.16	RAB3GAP2	protein_coding	4841	2393	2449	26.5429	6.5824	7.1170
ENSG00000118894.15	EEF2KMT	protein_coding	455	896	927	8.2306	2.0411	2.2069
ENSG00000118898.16	PPL	protein_coding	3165	1626	1539	23.3130	5.7814	6.2510
ENSG00000118900.15	UBN1	protein_coding	5984	3103	3038	39.4963	9.7947	10.5903
ENSG00000118903.6	BTF3P11	processed_pseudogene	0	0	0	0.0000	0.0000	0.0000
ENSG00000118922.17	KLF12	protein_coding	1433	696	737	7.4398	1.8450	1.9949
ENSG00000118939.18	UCHL3	protein_coding	28	44	44	0.8335	0.2067	0.2235
ENSG00000118946.12	PCDH17	protein_coding	881	472	457	5.9535	1.4764	1.5963
ENSG00000118960.13	HS1BP3	protein_coding	2970	1477	1493	11.5165	2.8560	3.0880
ENSG00000118961.15	LDAH	protein_coding	916	470	446	11.7181	2.9060	3.1420
ENSG00000118965.16	WDR35	protein_coding	2971	1447	1524	21.5813	5.3519	5.7867
ENSG00000118971.9	CCND2	protein_coding	4760	2415	2345	33.7931	8.3804	9.0611
ENSG00000118972.3	FGF23	protein_coding	0	0	0	0.0000	0.0000	0.0000
ENSG00000118976.5	OTUD4P1	processed_pseudogene	3	1	2	0.0555	0.0138	0.0149
ENSG00000118985.16	ELL2	protein_coding	6100	3053	3048	48.6678	12.0691	13.0495
ENSG00000118990.5	GLRXP3	processed_pseudogene	2	1	1	0.3533	0.0876	0.0947
ENSG00000118997.14	DNAH7	protein_coding	452	224	229	1.2007	0.2978	0.3219
ENSG00000119004.16	CYP20A1	protein_coding	2273	1082	1192	12.1388	3.0103	3.2548
ENSG00000119013.9	NDUFB3	protein_coding	2453	1274	1202	165.4097	41.0199	44.3519
ENSG00000119041.11	GTF3C3	protein_coding	2442	1201	1249	18.8930	4.6853	5.0658
ENSG00000119042.17	SATB2	protein_coding	979	551	530	5.0665	1.2564	1.3585
ENSG00000119048.8	UBE2B	protein_coding	7855	3937	3919	142.9120	35.4407	38.3195
ENSG00000119121.22	TRPM6	protein_coding	12	5	7	0.0740	0.0184	0.0198
ENSG00000119125.17	GDA	protein_coding	1	1	0	0.0072	0.0018	0.0019
ENSG00000119138.4	KLF9	protein_coding	2919	1453	1466	31.9877	7.9326	8.5770
ENSG00000119139.21	TJP2	protein_coding	61	34	27	0.2269	0.0563	0.0609
ENSG00000119147.10	ECRG4	protein_coding	45	27	18	1.4967	0.3712	0.4013
ENSG00000119185.13	ITGB1BP1	protein_coding	1965	1653	1638	16.7345	4.1500	4.4871
ENSG00000119203.14	CPSF3	protein_coding	2674	1330	1344	41.1401	10.2023	11.0310
ENSG00000119227.8	PIGZ	protein_coding	424	212	212	7.5188	1.8646	2.0160
ENSG00000119231.11	SENP5	protein_coding	2792	1417	1378	22.5066	5.5814	6.0348
ENSG00000119242.9	CCDC92	protein_coding	3535	1871	1740	24.3910	6.0487	6.5400
ENSG00000119280.17	C1orf198	protein_coding	10319	5200	5291	113.3870	28.1188	30.4028
ENSG00000119283.15	TRIM67	protein_coding	6	1	5	0.0365	0.0090	0.0098
ENSG00000119285.11	HEATR1	protein_coding	3513	3328	3253	21.9868	5.4525	5.8954
ENSG00000119314.16	PTBP3	protein_coding	17527	8943	8585	120.6843	29.9285	32.3595
ENSG00000119318.13	RAD23B	protein_coding	18768	9367	9401	230.7246	57.2174	61.8650
ENSG00000119321.9	FKBP15	protein_coding	4377	2774	2923	22.5306	5.5874	6.0412
ENSG00000119326.15	CTNNAL1	protein_coding	1351	682	669	24.5247	6.0819	6.5759
ENSG00000119328.12	ABITRAM	protein_coding	962	465	497	21.6059	5.3581	5.7933
ENSG00000119333.11	DYNC2I2	protein_coding	4400	2176	2237	95.8233	23.7632	25.6934
ENSG00000119335.17	SET	protein_coding	22725	11472	11256	295.6490	73.3180	79.2734
ENSG00000119383.20	PTPA	protein_coding	11296	5730	5578	113.9040	28.2470	30.5415
ENSG00000119392.15	GLE1	protein_coding	3441	2083	1932	55.6269	13.7949	14.9154
ENSG00000119396.11	RAB14	protein_coding	11536	5694	5842	151.8585	37.6594	40.7183
ENSG00000119397.17	CNTRL	protein_coding	1392	683	711	8.2860	2.0548	2.2217
ENSG00000119401.11	TRIM32	protein_coding	1746	879	867	26.2154	6.5012	7.0292
ENSG00000119402.17	FBXW2	protein_coding	5720	2955	2848	28.7904	7.1397	7.7197
ENSG00000119403.15	PHF19	protein_coding	1136	550	586	9.7699	2.4228	2.6196
ENSG00000119408.17	NEK6	protein_coding	4115	1988	2161	52.6419	13.0547	14.1150
ENSG00000119411.11	BSPRY	protein_coding	3064	1549	1515	74.2879	18.4226	19.9191
ENSG00000119414.12	PPP6C	protein_coding	6986	3522	3466	89.1686	22.1129	23.9091
ENSG00000119421.7	NDUFA8	protein_coding	2195	1087	1108	154.8239	38.3948	41.5134
ENSG00000119431.9	HDHD3	protein_coding	1631	862	769	43.9401	10.8967	11.7818
ENSG00000119440.8	LCN1P1	unprocessed_pseudogene	0	0	0	0.0000	0.0000	0.0000
ENSG00000119446.14	RBM18	protein_coding	3823	2050	1969	41.7248	10.3473	11.1878
ENSG00000119457.8	SLC46A2	protein_coding	10	9	8	0.2301	0.0571	0.0617
ENSG00000119471.15	HSDL2	protein_coding	3960	1954	2008	67.9079	16.8405	18.2084
ENSG00000119487.17	MAPKAP1	protein_coding	3633	2274	2268	30.5633	7.5794	8.1950
ENSG00000119508.18	NR4A3	protein_coding	375	188	187	3.3681	0.8353	0.9031
ENSG00000119509.13	INVS	protein_coding	1098	580	570	8.7320	2.1654	2.3413
ENSG00000119514.7	GALNT12	protein_coding	130	138	119	2.3286	0.5775	0.6244
ENSG00000119522.16	DENND1A	protein_coding	1670	980	945	9.2342	2.2900	2.4760
ENSG00000119523.10	ALG2	protein_coding	2652	1294	1358	50.6380	12.5577	13.5777
ENSG00000119535.18	CSF3R	protein_coding	9461	4683	4778	63.6532	15.7854	17.0676
ENSG00000119537.18	KDSR	protein_coding	8041	4085	3956	50.4933	12.5218	13.5389
ENSG00000119541.10	VPS4B	protein_coding	3984	1998	1986	52.3598	12.9847	14.0394
ENSG00000119547.6	ONECUT2	protein_coding	17	8	9	0.0583	0.0144	0.0156
ENSG00000119559.17	C19orf25	protein_coding	1449	772	731	17.2126	4.2685	4.6153
ENSG00000119574.13	ZBTB45	protein_coding	874	427	447	16.4885	4.0890	4.4211
ENSG00000119596.18	YLPM1	protein_coding	6772	3424	3447	25.7141	6.3768	6.8948
ENSG00000119599.17	DCAF4	protein_coding	1077	560	517	11.0326	2.7360	2.9582
ENSG00000119608.14	PROX2	protein_coding	38	59	77	0.4465	0.1107	0.1197
ENSG00000119614.3	VSX2	protein_coding	1	0	1	0.0188	0.0047	0.0050
ENSG00000119616.11	FCF1	protein_coding	3043	1516	1529	36.3532	9.0152	9.7475
ENSG00000119630.14	PGF	protein_coding	642	307	336	6.2729	1.5556	1.6820
ENSG00000119632.4	IFI27L2	protein_coding	733	350	386	25.9478	6.4348	6.9575
ENSG00000119636.16	BBOF1	protein_coding	938	880	896	11.5039	2.8528	3.0846
ENSG00000119638.14	NEK9	protein_coding	7545	4024	4128	32.1060	7.9620	8.6087
ENSG00000119640.9	ACYP1	protein_coding	374	199	179	11.7635	2.9172	3.1542
ENSG00000119650.13	IFT43	protein_coding	1261	626	635	17.1531	4.2538	4.5993
ENSG00000119655.11	NPC2	protein_coding	5524	2858	2768	121.2329	30.0645	32.5066
ENSG00000119660.4	DPPA5P4	processed_pseudogene	0	0	0	0.0000	0.0000	0.0000
ENSG00000119661.15	DNAL1	protein_coding	2356	1294	1363	15.0392	3.7296	4.0325
ENSG00000119669.5	IRF2BPL	protein_coding	5395	2832	2859	73.4398	18.2123	19.6917
ENSG00000119673.14	ACOT2	protein_coding	810	425	388	19.1956	4.7603	5.1470
ENSG00000119681.12	LTBP2	protein_coding	10374	5327	5284	64.8060	16.0712	17.3767
ENSG00000119682.17	AREL1	protein_coding	2994	1498	1496	23.2684	5.7703	6.2390
ENSG00000119684.16	MLH3	protein_coding	1940	959	981	13.1631	3.2643	3.5295
ENSG00000119685.20	TTLL5	protein_coding	1766	869	898	8.1642	2.0246	2.1891
ENSG00000119686.10	FLVCR2	protein_coding	564	327	348	6.5141	1.6154	1.7467
ENSG00000119688.21	ABCD4	protein_coding	1288	644	645	8.1868	2.0302	2.1951
ENSG00000119689.15	DLST	protein_coding	5967	3001	2966	74.4038	18.4514	19.9501
ENSG00000119698.12	PPP4R4	protein_coding	25	8	17	0.2851	0.0707	0.0764
ENSG00000119699.8	TGFB3	protein_coding	7717	4381	4230	83.7892	20.7789	22.4667
ENSG00000119703.15	ZC2HC1C	protein_coding	288	475	419	1.8691	0.4635	0.5012
ENSG00000119705.10	SLIRP	protein_coding	1900	1460	1308	40.9536	10.1561	10.9810
ENSG00000119707.14	RBM25	protein_coding	7357	3835	3710	35.4654	8.7951	9.5095
ENSG00000119711.13	ALDH6A1	protein_coding	2086	1453	1466	17.7038	4.3904	4.7470
ENSG00000119714.11	GPR68	protein_coding	1526	854	818	24.9106	6.1776	6.6794
ENSG00000119715.15	ESRRB	protein_coding	13	8	5	0.1243	0.0308	0.0333
ENSG00000119718.11	EIF2B2	protein_coding	1483	1057	1056	15.4711	3.8367	4.1483
ENSG00000119720.18	NRDE2	protein_coding	963	1310	1351	3.1399	0.7787	0.8419
ENSG00000119723.17	COQ6	protein_coding	343	823	770	2.9093	0.7215	0.7801
ENSG00000119725.20	ZNF410	protein_coding	19	24	14	0.1659	0.0411	0.0445
ENSG00000119729.12	RHOQ	protein_coding	5362	3949	3889	47.3348	11.7386	12.6920
ENSG00000119737.6	GPR75	protein_coding	62	26	36	1.6791	0.4164	0.4502
ENSG00000119760.16	SUPT7L	protein_coding	2169	1300	1212	23.1559	5.7424	6.2089
ENSG00000119771.15	KLHL29	protein_coding	158	91	68	0.8066	0.2000	0.2163
ENSG00000119772.17	DNMT3A	protein_coding	1539	793	746	7.2369	1.7947	1.9404
ENSG00000119777.20	TMEM214	protein_coding	7341	3686	3655	84.8050	21.0308	22.7391
ENSG00000119778.15	ATAD2B	protein_coding	1249	633	617	6.7451	1.6727	1.8086
ENSG00000119782.14	FKBP1B	protein_coding	102	47	55	3.4493	0.8554	0.9249
ENSG00000119787.14	ATL2	protein_coding	3500	1762	1738	34.1626	8.4720	9.1601
ENSG00000119801.13	YPEL5	protein_coding	6904	3496	3408	114.4477	28.3819	30.6873
ENSG00000119812.19	FAM98A	protein_coding	3153	1549	1604	36.3502	9.0145	9.7467
ENSG00000119820.11	YIPF4	protein_coding	3988	1983	2006	18.4786	4.5825	4.9547
ENSG00000119844.15	AFTPH	protein_coding	6597	3262	3335	64.8718	16.0876	17.3943
ENSG00000119862.13	LGALSL	protein_coding	1067	535	533	15.3851	3.8153	4.1253
ENSG00000119865.9	CNRIP1	protein_coding	776	392	384	12.4033	3.0759	3.3257
ENSG00000119866.22	BCL11A	protein_coding	16	10	6	0.0370	0.0092	0.0099
ENSG00000119878.6	CRIPT	protein_coding	2005	1045	1073	16.4051	4.0683	4.3987
ENSG00000119888.11	EPCAM	protein_coding	5969	3022	2947	139.3012	34.5453	37.3513
ENSG00000119899.13	SLC17A5	protein_coding	2897	1418	1479	47.7445	11.8402	12.8019
ENSG00000119900.9	OGFRL1	protein_coding	2811	1802	1796	17.3727	4.3082	4.6582
ENSG00000119906.13	SLF2	protein_coding	3792	1926	1871	24.4036	6.0518	6.5434
ENSG00000119912.18	IDE	protein_coding	6326	3195	3131	21.3400	5.2921	5.7220
ENSG00000119913.6	TECTB	protein_coding	0	0	0	0.0000	0.0000	0.0000
ENSG00000119915.5	ELOVL3	protein_coding	58	30	28	2.3494	0.5826	0.6300
ENSG00000119917.14	IFIT3	protein_coding	23994	11884	12113	536.3418	133.0073	143.8111
ENSG00000119919.11	NKX2-3	protein_coding	2	2	0	0.0543	0.0135	0.0146
ENSG00000119922.10	IFIT2	protein_coding	13859	6953	6906	192.9169	47.8414	51.7275
ENSG00000119927.14	GPAM	protein_coding	1014	493	521	5.8624	1.4538	1.5719
ENSG00000119929.13	CUTC	protein_coding	968	510	458	30.6335	7.5968	8.2139
ENSG00000119938.9	PPP1R3C	protein_coding	1710	839	871	38.1637	9.4642	10.2330
ENSG00000119943.13	PYROXD2	protein_coding	624	334	290	9.1558	2.2705	2.4550
ENSG00000119946.11	CNNM1	protein_coding	17	8	10	0.1566	0.0388	0.0420
ENSG00000119950.21	MXI1	protein_coding	3437	1762	1697	32.9968	8.1829	8.8475
ENSG00000119953.14	SMNDC1	protein_coding	2796	1410	1386	29.3414	7.2764	7.8674
ENSG00000119965.13	C10orf88	protein_coding	841	413	430	15.4697	3.8363	4.1479
ENSG00000119969.15	HELLS	protein_coding	1015	522	493	5.6710	1.4064	1.5206
ENSG00000119973.6	PRLHR	protein_coding	3	2	1	0.0309	0.0077	0.0083
ENSG00000119977.21	TCTN3	protein_coding	6601	3292	3309	116.1472	28.8033	31.1429
ENSG00000119979.18	DENND10	protein_coding	1239	620	620	11.1689	2.7698	2.9948
ENSG00000119986.7	AVPI1	protein_coding	506	246	262	20.8693	5.1754	5.5957
ENSG00000120008.16	WDR11	protein_coding	4586	2391	2272	24.2899	6.0236	6.5129
ENSG00000120029.13	ARMH3	protein_coding	3307	1680	1628	39.5070	9.7973	10.5932
ENSG00000120049.20	KCNIP2	protein_coding	52	36	29	0.8681	0.2153	0.2328
ENSG00000120051.15	CFAP58	protein_coding	26	10	16	0.4224	0.1047	0.1132
ENSG00000120053.12	GOT1	protein_coding	2219	1090	1129	51.9140	12.8741	13.9199
ENSG00000120054.12	CPN1	protein_coding	0	0	0	0.0000	0.0000	0.0000
ENSG00000120055.7	C10orf95	protein_coding	0	109	115	0.0000	0.0000	0.0000
ENSG00000120057.5	SFRP5	protein_coding	0	0	0	0.0000	0.0000	0.0000
ENSG00000120063.10	GNA13	protein_coding	14692	7357	7335	129.5573	32.1289	34.7386
ENSG00000120068.7	HOXB8	protein_coding	62	31	31	1.4626	0.3627	0.3922
ENSG00000120071.15	KANSL1	protein_coding	6910	3430	3506	16.4249	4.0732	4.4041
ENSG00000120075.5	HOXB5	protein_coding	62	40	28	1.7227	0.4272	0.4619
ENSG00000120088.15	CRHR1	protein_coding	0	0	1	0.0000	0.0000	0.0000
ENSG00000120093.11	HOXB3	protein_coding	417	332	312	3.1717	0.7865	0.8504
ENSG00000120094.9	HOXB1	protein_coding	0	0	0	0.0000	0.0000	0.0000
ENSG00000120129.6	DUSP1	protein_coding	12242	6048	6194	344.8800	85.5268	92.4738
ENSG00000120137.7	PANK3	protein_coding	22506	11490	11016	123.3393	30.5869	33.0714
ENSG00000120149.9	MSX2	protein_coding	456	237	219	11.6276	2.8835	3.1177
ENSG00000120156.22	TEK	protein_coding	371	182	189	4.3796	1.0861	1.1743
ENSG00000120158.12	RCL1	protein_coding	922	434	488	12.6296	3.1320	3.3864
ENSG00000120159.13	CAAP1	protein_coding	1209	599	610	21.6969	5.3806	5.8177
ENSG00000120160.11	EQTN	protein_coding	2	0	2	0.0803	0.0199	0.0215
ENSG00000120162.10	MOB3B	protein_coding	1268	634	661	10.0995	2.5046	2.7080
ENSG00000120210.8	INSL6	protein_coding	2	1	1	0.0654	0.0162	0.0175
ENSG00000120211.4	INSL4	protein_coding	0	0	0	0.0000	0.0000	0.0000
ENSG00000120215.10	MLANA	protein_coding	41	21	23	0.7761	0.1925	0.2081
ENSG00000120217.14	CD274	protein_coding	668	310	359	9.2216	2.2869	2.4726
ENSG00000120235.4	IFNA6	protein_coding	0	0	0	0.0000	0.0000	0.0000
ENSG00000120242.4	IFNA8	protein_coding	0	0	0	0.0000	0.0000	0.0000
ENSG00000120251.21	GRIA2	protein_coding	3	2	1	0.0190	0.0047	0.0051
ENSG00000120253.14	NUP43	protein_coding	3220	1610	1613	41.3136	10.2454	11.0776
ENSG00000120254.16	MTHFD1L	protein_coding	1601	776	825	18.5632	4.6035	4.9774
ENSG00000120256.11	LRP11	protein_coding	144	78	69	1.3552	0.3361	0.3634
ENSG00000120262.10	CCDC170	protein_coding	1994	983	1029	20.8173	5.1625	5.5818
ENSG00000120265.18	PCMT1	protein_coding	4524	2883	2833	90.5918	22.4658	24.2907
ENSG00000120278.16	PLEKHG1	protein_coding	1678	836	850	9.2442	2.2925	2.4787
ENSG00000120279.6	MYCT1	protein_coding	487	238	249	9.1148	2.2604	2.4440
ENSG00000120280.6	CXorf21	protein_coding	379	201	178	11.9939	2.9744	3.2160
ENSG00000120289.12	MAGEB4	protein_coding	0	0	0	0.0000	0.0000	0.0000
ENSG00000120306.11	CYSTM1	protein_coding	4017	2446	2566	122.6731	30.4217	32.8928
ENSG00000120314.18	WDR55	protein_coding	3271	2417	2386	24.1692	5.9937	6.4806
ENSG00000120318.16	ARAP3	protein_coding	616	315	301	5.6390	1.3984	1.5120
ENSG00000120322.4	PCDHB8	protein_coding	29	10	19	0.5980	0.1483	0.1604
ENSG00000120324.9	PCDHB10	protein_coding	265	131	137	4.5609	1.1311	1.2229
ENSG00000120327.6	PCDHB14	protein_coding	571	291	280	6.7070	1.6633	1.7984
ENSG00000120328.6	PCDHB12	protein_coding	197	88	109	2.8831	0.7150	0.7730
ENSG00000120329.7	SLC25A2	protein_coding	3	2	1	0.1202	0.0298	0.0322
ENSG00000120332.16	TNN	protein_coding	747	382	365	8.4019	2.0836	2.2528
ENSG00000120333.4	MRPS14	protein_coding	2416	1280	1262	52.8185	13.0985	14.1624
ENSG00000120334.15	CENPL	protein_coding	559	294	325	6.4511	1.5998	1.7298
ENSG00000120337.8	TNFSF18	protein_coding	45	23	22	1.2709	0.3152	0.3408
ENSG00000120341.18	SEC16B	protein_coding	11	5	6	0.0846	0.0210	0.0227
ENSG00000120370.13	GORAB	protein_coding	1011	510	501	13.7855	3.4187	3.6963
ENSG00000120436.4	GPR31	protein_coding	13	4	9	0.2697	0.0669	0.0723
ENSG00000120437.9	ACAT2	protein_coding	1301	1656	1691	27.9574	6.9332	7.4963
ENSG00000120438.12	TCP1	protein_coding	10787	6298	6351	125.2776	31.0676	33.5911
ENSG00000120440.15	TTLL2	protein_coding	4	2	2	0.0592	0.0147	0.0159
ENSG00000120451.11	SNX19	protein_coding	6578	3238	3340	21.5529	5.3449	5.7791
ENSG00000120457.12	KCNJ5	protein_coding	677	360	317	6.1556	1.5265	1.6505
ENSG00000120458.13	MSANTD2	protein_coding	492	249	246	6.1538	1.5261	1.6500
ENSG00000120471.15	TP53AIP1	protein_coding	6	2	4	0.0988	0.0245	0.0265
ENSG00000120498.14	TEX11	protein_coding	43	20	23	0.7277	0.1805	0.1951
ENSG00000120500.18	ARR3	protein_coding	34	20	14	1.1152	0.2766	0.2990
ENSG00000120509.11	PDZD11	protein_coding	2282	1155	1149	95.2260	23.6151	25.5333
ENSG00000120519.15	SLC10A7	protein_coding	571	281	290	4.8424	1.2009	1.2984
ENSG00000120526.12	NUDCD1	protein_coding	2556	1300	1256	13.7969	3.4215	3.6994
ENSG00000120533.13	ENY2	protein_coding	4467	2267	2200	37.3413	9.2603	10.0125
ENSG00000120539.15	MASTL	protein_coding	1089	708	732	13.2526	3.2865	3.5535
ENSG00000120549.18	KIAA1217	protein_coding	19447	9664	9783	102.0486	25.3070	27.3626
ENSG00000120555.13	SEPTIN7P9	transcribed_unprocessed_pseudogene	18	10	8	0.8478	0.2103	0.2273
ENSG00000120563.10	LYZL1	protein_coding	0	0	0	0.0000	0.0000	0.0000
ENSG00000120594.17	PLXDC2	protein_coding	22331	11104	11268	100.7711	24.9902	27.0201
ENSG00000120616.16	EPC1	protein_coding	2002	1322	1281	10.0597	2.4947	2.6973
ENSG00000120645.12	IQSEC3	protein_coding	86	72	65	0.6351	0.1575	0.1703
ENSG00000120647.10	CCDC77	protein_coding	436	222	237	6.9649	1.7272	1.8675
ENSG00000120656.12	TAF12	protein_coding	2011	987	1024	48.7992	12.1017	13.0847
ENSG00000120658.13	ENOX1	protein_coding	587	291	297	10.7348	2.6621	2.8784
ENSG00000120659.15	TNFSF11	protein_coding	47	30	17	0.9749	0.2418	0.2614
ENSG00000120662.16	MTRF1	protein_coding	235	108	127	3.4696	0.8604	0.9303
ENSG00000120664.11	SPART-AS1	lncRNA	21	7	16	0.2368	0.0587	0.0635
ENSG00000120669.16	SOHLH2	protein_coding	16	9	7	0.2698	0.0669	0.0723
ENSG00000120675.6	DNAJC15	protein_coding	3389	1720	1669	23.9310	5.9347	6.4167
ENSG00000120685.20	PROSER1	protein_coding	1910	958	952	14.7791	3.6651	3.9628
ENSG00000120686.12	UFM1	protein_coding	5647	2985	2963	73.0811	18.1234	19.5955
ENSG00000120688.9	WBP4	protein_coding	1159	544	621	27.5238	6.8256	7.3801
ENSG00000120690.16	ELF1	protein_coding	5575	2819	2762	71.1907	17.6546	19.0886
ENSG00000120693.14	SMAD9	protein_coding	338	172	166	3.2856	0.8148	0.8810
ENSG00000120694.20	HSPH1	protein_coding	26980	13393	13587	182.3424	45.2191	48.8921
ENSG00000120696.9	KBTBD7	protein_coding	700	417	364	8.3820	2.0786	2.2475
ENSG00000120697.9	ALG5	protein_coding	1909	945	964	48.5250	12.0337	13.0112
ENSG00000120699.13	EXOSC8	protein_coding	774	526	450	12.9518	3.2119	3.4728
ENSG00000120705.13	ETF1	protein_coding	16188	8229	7960	202.3410	50.1785	54.2544
ENSG00000120708.17	TGFBI	protein_coding	35109	17530	17579	258.0058	63.9828	69.1800
ENSG00000120709.11	FAM53C	protein_coding	3611	2233	2335	29.0426	7.2023	7.7873
ENSG00000120725.13	SIL1	protein_coding	2697	2023	2070	38.4578	9.5372	10.3118
ENSG00000120727.13	PAIP2	protein_coding	4948	6003	5801	88.8540	22.0349	23.8247
ENSG00000120729.10	MYOT	protein_coding	23	39	36	0.4615	0.1145	0.1238
ENSG00000120733.14	KDM3B	protein_coding	13935	6851	7085	100.3879	24.8952	26.9173
ENSG00000120738.8	EGR1	protein_coding	14179	7201	6978	256.3247	63.5659	68.7292
ENSG00000120742.11	SERP1	protein_coding	14935	7565	7818	147.4775	36.5729	39.5436
ENSG00000120756.13	PLS1	protein_coding	1505	860	824	16.1400	4.0026	4.3277
ENSG00000120784.16	ZFP30	protein_coding	1398	723	695	10.2895	2.5517	2.7590
ENSG00000120798.17	NR2C1	protein_coding	1682	840	842	14.7794	3.6651	3.9628
ENSG00000120800.5	UTP20	protein_coding	3023	1484	1539	17.0921	4.2387	4.5830
ENSG00000120802.14	TMPO	protein_coding	7023	3697	3581	46.8668	11.6225	12.5666
ENSG00000120805.14	ARL1	protein_coding	8869	4445	4424	101.9171	25.2744	27.3274
ENSG00000120820.12	GLT8D2	protein_coding	3973	1985	1992	68.8807	17.0817	18.4692
ENSG00000120832.10	MTERF2	protein_coding	813	662	630	12.6872	3.1463	3.4019
ENSG00000120833.14	SOCS2	protein_coding	318	173	146	2.7843	0.6905	0.7466
ENSG00000120837.8	NFYB	protein_coding	3272	1659	1614	37.8761	9.3929	10.1558
ENSG00000120860.11	WASHC3	protein_coding	1971	983	988	42.1158	10.4443	11.2927
ENSG00000120868.14	APAF1	protein_coding	1787	1123	1114	13.0611	3.2390	3.5021
ENSG00000120875.9	DUSP4	protein_coding	1340	675	665	10.4484	2.5911	2.8016
ENSG00000120885.22	CLU	protein_coding	38877	19272	19605	350.7898	86.9923	94.0584
ENSG00000120889.13	TNFRSF10B	protein_coding	1673	839	862	18.9373	4.6963	5.0777
ENSG00000120896.13	SORBS3	protein_coding	3399	1977	2157	31.6151	7.8402	8.4771
ENSG00000120899.18	PTK2B	protein_coding	1070	530	540	7.7201	1.9145	2.0700
ENSG00000120903.13	CHRNA2	protein_coding	0	0	0	0.0000	0.0000	0.0000
ENSG00000120907.18	ADRA1A	protein_coding	7	3	4	0.0588	0.0146	0.0158
ENSG00000120910.15	PPP3CC	protein_coding	852	481	505	16.6667	4.1332	4.4689
ENSG00000120913.23	PDLIM2	protein_coding	972	497	475	4.4496	1.1035	1.1931
ENSG00000120915.14	EPHX2	protein_coding	384	180	204	5.2035	1.2904	1.3952
ENSG00000120925.16	RNF170	protein_coding	3562	1772	1790	33.3610	8.2732	8.9452
ENSG00000120937.9	NPPB	protein_coding	1	1	0	0.0801	0.0199	0.0215
ENSG00000120942.14	UBIAD1	protein_coding	2197	1116	1081	24.4778	6.0702	6.5633
ENSG00000120948.18	TARDBP	protein_coding	5446	2760	2686	58.0859	14.4047	15.5748
ENSG00000120949.15	TNFRSF8	protein_coding	52	26	27	0.7736	0.1918	0.2074
ENSG00000120952.4	PRAMEF2	protein_coding	0	0	0	0.0000	0.0000	0.0000
ENSG00000120963.12	ZNF706	protein_coding	5798	2864	2934	44.4751	11.0294	11.9253
ENSG00000120992.18	LYPLA1	protein_coding	8944	4315	4629	108.0558	26.7968	28.9734
ENSG00000121005.9	CRISPLD1	protein_coding	1542	878	867	19.2064	4.7630	5.1499
ENSG00000121022.14	COPS5	protein_coding	3796	1978	1873	27.6734	6.8627	7.4202
ENSG00000121039.10	RDH10	protein_coding	3459	1815	1655	36.7961	9.1251	9.8663
ENSG00000121053.6	EPX	protein_coding	16	13	9	0.3337	0.0828	0.0895
ENSG00000121057.13	AKAP1	protein_coding	9168	4557	4617	97.3627	24.1450	26.1062
ENSG00000121058.5	COIL	protein_coding	2239	1153	1088	42.1279	10.4473	11.2959
ENSG00000121060.18	TRIM25	protein_coding	2617	1484	1526	15.6205	3.8737	4.1884
ENSG00000121064.13	SCPEP1	protein_coding	6194	3117	3077	91.7372	22.7499	24.5978
ENSG00000121067.19	SPOP	protein_coding	5811	2909	2902	50.6520	12.5612	13.5815
ENSG00000121068.14	TBX2	protein_coding	1014	542	481	9.4548	2.3447	2.5351
ENSG00000121073.15	SLC35B1	protein_coding	3837	1917	1920	36.8932	9.1491	9.8923
ENSG00000121075.11	TBX4	protein_coding	3	1	2	0.0426	0.0106	0.0114
ENSG00000121089.4	NACA3P	processed_pseudogene	29	15	14	2.5379	0.6294	0.6805
ENSG00000121101.16	TEX14	protein_coding	137	100	79	1.4590	0.3618	0.3912
ENSG00000121104.8	FAM117A	protein_coding	620	420	388	9.2527	2.2946	2.4810
ENSG00000121152.10	NCAPH	protein_coding	657	317	340	5.6927	1.4117	1.5264
ENSG00000121207.12	LRAT	protein_coding	4	2	3	0.0301	0.0075	0.0081
ENSG00000121210.16	TMEM131L	protein_coding	2135	1155	1129	18.9388	4.6966	5.0781
ENSG00000121211.8	MND1	protein_coding	0	0	0	0.0000	0.0000	0.0000
ENSG00000121236.21	TRIM6	protein_coding	762	389	373	10.9014	2.7034	2.9230
ENSG00000121270.16	ABCC11	protein_coding	1231	666	698	8.2430	2.0442	2.2102
ENSG00000121274.14	TENT4B	protein_coding	2411	1190	1221	15.9134	3.9464	4.2669
ENSG00000121281.13	ADCY7	protein_coding	1010	1882	1828	6.6640	1.6526	1.7868
ENSG00000121289.18	CEP89	protein_coding	2860	1441	1419	17.5664	4.3563	4.7101
ENSG00000121297.8	TSHZ3	protein_coding	2930	1469	1461	20.0677	4.9766	5.3808
ENSG00000121310.17	ECHDC2	protein_coding	1756	921	835	8.6055	2.1341	2.3074
ENSG00000121314.3	TAS2R8	protein_coding	0	0	0	0.0000	0.0000	0.0000
ENSG00000121316.11	PLBD1	protein_coding	2406	1598	1564	57.4502	14.2471	15.4043
ENSG00000121318.2	TAS2R10	protein_coding	5	3	2	0.2721	0.0675	0.0730
ENSG00000121335.12	PRB2	protein_coding	0	2	0	0.0000	0.0000	0.0000
ENSG00000121350.16	PYROXD1	protein_coding	1458	2617	2673	14.4475	3.5828	3.8739
ENSG00000121351.8	IAPP	protein_coding	2	1	1	0.0527	0.0131	0.0141
ENSG00000121361.5	KCNJ8	protein_coding	409	277	263	9.2371	2.2907	2.4768
ENSG00000121377.2	TAS2R7	protein_coding	0	0	0	0.0000	0.0000	0.0000
ENSG00000121380.12	BCL2L14	protein_coding	36	17	22	0.3994	0.0990	0.1071
ENSG00000121381.4	TAS2R9	protein_coding	2	2	0	0.1055	0.0262	0.0283
ENSG00000121388.6	AL139327.1	transcribed_unprocessed_pseudogene	0	0	0	0.0000	0.0000	0.0000
ENSG00000121390.19	PSPC1	protein_coding	2461	1321	1224	28.9731	7.1850	7.7686
ENSG00000121406.9	ZNF549	protein_coding	415	255	234	2.5363	0.6290	0.6801
ENSG00000121410.12	A1BG	protein_coding	22	31	27	0.3120	0.0774	0.0837
ENSG00000121413.13	ZSCAN18	protein_coding	1521	1532	1483	10.5512	2.6166	2.8291
ENSG00000121417.14	ZNF211	protein_coding	598	296	303	7.4337	1.8435	1.9932
ENSG00000121440.15	PDZRN3	protein_coding	1573	767	808	14.5308	3.6035	3.8962
ENSG00000121446.20	RGSL1	protein_coding	1	1	1	0.0063	0.0016	0.0017
ENSG00000121454.6	LHX4	protein_coding	171	183	179	1.5937	0.3952	0.4273
ENSG00000121481.11	RNF2	protein_coding	3047	1506	1541	44.2384	10.9707	11.8618
ENSG00000121486.12	TRMT1L	protein_coding	2664	1339	1327	30.7439	7.6242	8.2435
ENSG00000121542.12	SEC22A	protein_coding	874	432	442	10.5367	2.6130	2.8252
ENSG00000121552.4	CSTA	protein_coding	18309	9231	9080	760.1046	188.4983	203.8094
ENSG00000121570.12	DPPA4	protein_coding	3	1	2	0.0341	0.0084	0.0091
ENSG00000121577.14	POPDC2	protein_coding	235	124	111	6.0357	1.4968	1.6184
ENSG00000121578.13	B4GALT4	protein_coding	1988	1093	1160	16.1333	4.0009	4.3259
ENSG00000121579.13	NAA50	protein_coding	13546	6933	6613	119.3217	29.5906	31.9941
ENSG00000121594.12	CD80	protein_coding	403	286	284	7.1130	1.7640	1.9072
ENSG00000121621.7	KIF18A	protein_coding	642	300	342	8.0602	1.9988	2.1612
ENSG00000121634.6	GJA8	protein_coding	0	0	0	0.0000	0.0000	0.0000
ENSG00000121644.19	DESI2	protein_coding	4428	2241	2188	50.8735	12.6161	13.6409
ENSG00000121653.11	MAPK8IP1	protein_coding	1128	685	700	18.2873	4.5351	4.9034
ENSG00000121671.12	CRY2	protein_coding	3081	1477	1604	28.1812	6.9887	7.5563
ENSG00000121680.16	PEX16	protein_coding	1445	711	734	27.1434	6.7313	7.2780
ENSG00000121690.11	DEPDC7	protein_coding	267	126	141	4.5690	1.1331	1.2251
ENSG00000121691.7	CAT	protein_coding	3613	1797	1816	57.2487	14.1971	15.3503
ENSG00000121716.20	PILRB	protein_coding	360	185	175	3.5419	0.8784	0.9497
ENSG00000121741.16	ZMYM2	protein_coding	2249	1103	1146	9.3656	2.3226	2.5112
ENSG00000121742.19	GJB6	protein_coding	7	4	3	0.1214	0.0301	0.0326
ENSG00000121743.4	GJA3	protein_coding	103	51	52	1.1203	0.2778	0.3004
ENSG00000121749.15	TBC1D15	protein_coding	4172	2076	2097	28.7582	7.1318	7.7110
ENSG00000121753.12	ADGRB2	protein_coding	2716	1331	1385	19.8587	4.9248	5.3248
ENSG00000121764.11	HCRTR1	protein_coding	8	228	219	0.1774	0.0440	0.0476
ENSG00000121766.16	ZCCHC17	protein_coding	2045	1385	1419	60.3706	14.9713	16.1874
ENSG00000121769.8	FABP3	protein_coding	465	240	229	18.8628	4.6778	5.0577
ENSG00000121774.18	KHDRBS1	protein_coding	14089	7137	6952	225.4477	55.9088	60.4501
ENSG00000121775.18	TMEM39B	protein_coding	655	319	336	13.3280	3.3052	3.5737
ENSG00000121797.10	CCRL2	protein_coding	248	135	113	4.7021	1.1661	1.2608
ENSG00000121807.6	CCR2	protein_coding	142	66	76	2.0167	0.5001	0.5408
ENSG00000121851.13	POLR3GL	protein_coding	717	362	355	22.4523	5.5679	6.0202
ENSG00000121853.4	GHSR	protein_coding	1	1	0	0.0184	0.0046	0.0049
ENSG00000121858.11	TNFSF10	protein_coding	12705	6243	6462	209.3869	51.9258	56.1436
ENSG00000121864.10	ZNF639	protein_coding	2648	1306	1342	22.0220	5.4612	5.9048
ENSG00000121871.4	SLITRK3	protein_coding	15	6	9	0.1613	0.0400	0.0432
ENSG00000121879.6	PIK3CA	protein_coding	3779	2459	2433	12.4677	3.0919	3.3430
ENSG00000121892.15	PDS5A	protein_coding	12294	6092	6202	57.1282	14.1672	15.3180
ENSG00000121895.8	TMEM156	protein_coding	29	15	14	0.6419	0.1592	0.1721
ENSG00000121897.15	LIAS	protein_coding	571	299	274	2.8611	0.7095	0.7671
ENSG00000121898.13	CPXM2	protein_coding	6479	3266	3216	75.6639	18.7639	20.2880
ENSG00000121900.19	TMEM54	protein_coding	1312	1012	1036	52.5078	13.0214	14.0791
ENSG00000121903.14	ZSCAN20	protein_coding	402	198	204	4.2949	1.0651	1.1516
ENSG00000121904.17	CSMD2	protein_coding	894	478	416	2.7922	0.6924	0.7487
ENSG00000121905.10	HPCA	protein_coding	65	401	400	1.8769	0.4654	0.5032
ENSG00000121931.16	LRIF1	protein_coding	1008	624	646	16.3231	4.0480	4.3768
ENSG00000121933.19	TMIGD3	protein_coding	401	202	199	9.3660	2.3227	2.5113
ENSG00000121940.16	CLCC1	protein_coding	1373	1524	1613	7.1218	1.7661	1.9096
ENSG00000121957.15	GPSM2	protein_coding	1108	1482	1388	3.2095	0.7959	0.8606
ENSG00000121964.14	GTDC1	protein_coding	1128	583	550	4.5169	1.1202	1.2111
ENSG00000121966.7	CXCR4	protein_coding	4822	2391	2431	123.8476	30.7130	33.2077
ENSG00000121988.18	ZRANB3	protein_coding	527	481	452	3.2853	0.8147	0.8809
ENSG00000121989.15	ACVR2A	protein_coding	1563	968	907	13.7465	3.4090	3.6859
ENSG00000122008.15	POLK	protein_coding	2759	1674	1779	17.1843	4.2615	4.6077
ENSG00000122012.14	SV2C	protein_coding	11	4	7	0.0528	0.0131	0.0142
ENSG00000122025.15	FLT3	protein_coding	175	99	76	2.3862	0.5918	0.6398
ENSG00000122026.10	RPL21	protein_coding	11158	5834	5324	281.3561	69.7735	75.4410
ENSG00000122033.14	MTIF3	protein_coding	1315	1032	1041	46.5213	11.5368	12.4739
ENSG00000122034.17	GTF3A	protein_coding	5509	3028	3239	106.7721	26.4784	28.6292
ENSG00000122035.7	RASL11A	protein_coding	198	91	107	4.2808	1.0616	1.1478
ENSG00000122042.10	UBL3	protein_coding	8574	4322	4252	112.6318	27.9315	30.2003
ENSG00000122043.11	LINC00544	lncRNA	2	1	1	0.0573	0.0142	0.0154
ENSG00000122068.13	FYTTD1	protein_coding	7880	3923	3970	56.5879	14.0332	15.1731
ENSG00000122085.17	MTERF4	protein_coding	1009	1165	1123	5.7577	1.4279	1.5438
ENSG00000122121.11	XPNPEP2	protein_coding	20	8	12	0.3242	0.0804	0.0869
ENSG00000122122.10	SASH3	protein_coding	825	423	402	17.0689	4.2329	4.5767
ENSG00000122126.17	OCRL	protein_coding	5587	2812	2775	52.1116	12.9232	13.9729
ENSG00000122133.17	PAEP	protein_coding	6	2	4	0.2340	0.0580	0.0627
ENSG00000122136.14	OBP2A	protein_coding	21	7	14	1.1506	0.2853	0.3085
ENSG00000122140.11	MRPS2	protein_coding	785	805	776	18.0671	4.4805	4.8444
ENSG00000122145.15	TBX22	protein_coding	1	0	1	0.0213	0.0053	0.0057
ENSG00000122176.12	FMOD	protein_coding	12243	6109	6134	228.8399	56.7500	61.3596
ENSG00000122180.5	MYOG	protein_coding	0	0	0	0.0000	0.0000	0.0000
ENSG00000122188.13	LAX1	protein_coding	112	49	63	1.9039	0.4722	0.5105
ENSG00000122194.19	PLG	protein_coding	1	1	1	0.0079	0.0020	0.0021
ENSG00000122203.15	KIAA1191	protein_coding	10689	5951	6037	159.0588	39.4450	42.6490
ENSG00000122218.16	COPA	protein_coding	21399	10680	10724	157.8482	39.1448	42.3244
ENSG00000122223.13	CD244	protein_coding	23	12	11	0.4515	0.1120	0.1211
ENSG00000122224.18	LY9	protein_coding	64	39	26	0.3981	0.0987	0.1067
ENSG00000122254.7	HS3ST2	protein_coding	138	76	62	2.9870	0.7407	0.8009
ENSG00000122257.20	RBBP6	protein_coding	4707	2353	2354	25.4829	6.3195	6.8328
ENSG00000122299.12	ZC3H7A	protein_coding	3663	1854	1809	29.3942	7.2895	7.8816
ENSG00000122304.11	PRM2	protein_coding	0	0	0	0.0000	0.0000	0.0000
ENSG00000122335.17	SERAC1	protein_coding	1147	552	596	5.9117	1.4660	1.5851
ENSG00000122359.18	ANXA11	protein_coding	11236	5493	5746	74.8494	18.5619	20.0696
ENSG00000122367.20	LDB3	protein_coding	96	45	51	0.8221	0.2039	0.2204
ENSG00000122375.12	OPN4	protein_coding	8	4	4	0.1836	0.0455	0.0492
ENSG00000122376.12	SHLD2	protein_coding	3769	2249	2303	50.4222	12.5042	13.5199
ENSG00000122378.14	PRXL2A	protein_coding	10476	5295	5184	91.1187	22.5965	24.4320
ENSG00000122386.11	ZNF205	protein_coding	339	348	378	8.2509	2.0461	2.2124
ENSG00000122390.19	NAA60	protein_coding	3635	1933	1899	28.0502	6.9562	7.5212
ENSG00000122406.14	RPL5	protein_coding	34985	17373	17659	538.1064	133.4450	144.2843
ENSG00000122417.15	ODF2L	protein_coding	1586	790	796	8.2531	2.0467	2.2129
ENSG00000122420.10	PTGFR	protein_coding	149	72	77	1.4660	0.3635	0.3931
ENSG00000122432.18	SPATA1	protein_coding	24	851	879	0.3180	0.0789	0.0853
ENSG00000122435.10	TRMT13	protein_coding	645	414	450	8.8481	2.1942	2.3725
ENSG00000122477.13	LRRC39	protein_coding	31	116	134	0.8825	0.2189	0.2366
ENSG00000122481.17	RWDD3	protein_coding	97	53	44	2.8546	0.7079	0.7654
ENSG00000122482.21	ZNF644	protein_coding	3176	1576	1600	23.6863	5.8740	6.3511
ENSG00000122483.17	CCDC18	protein_coding	202	313	353	2.0336	0.5043	0.5453
ENSG00000122484.9	RPAP2	protein_coding	2688	1325	1363	8.9416	2.2174	2.3975
ENSG00000122490.19	SLC66A2	protein_coding	1721	848	873	18.7041	4.6384	5.0152
ENSG00000122507.21	BBS9	protein_coding	1489	749	740	9.4022	2.3317	2.5210
ENSG00000122512.16	PMS2	protein_coding	1204	600	606	10.9579	2.7175	2.9382
ENSG00000122515.15	ZMIZ2	protein_coding	6845	3338	3507	52.7848	13.0901	14.1534
ENSG00000122543.11	OCM	protein_coding	10	5	5	0.6808	0.1688	0.1825
ENSG00000122545.20	SEPTIN7	protein_coding	14640	7305	7335	48.4440	12.0136	12.9895
ENSG00000122547.11	EEPD1	protein_coding	618	295	323	7.3985	1.8348	1.9838
ENSG00000122548.5	KIAA0087	lncRNA	9	7	11	0.1192	0.0296	0.0320
ENSG00000122550.18	KLHL7	protein_coding	2918	1470	1449	23.4191	5.8077	6.2795
ENSG00000122557.11	HERPUD2	protein_coding	2264	1204	1294	35.8535	8.8913	9.6135
ENSG00000122565.19	CBX3	protein_coding	19074	9794	9410	223.4888	55.4230	59.9248
ENSG00000122566.22	HNRNPA2B1	protein_coding	52575	26959	26668	236.3852	58.6211	63.3828
ENSG00000122574.11	WIPF3	protein_coding	75	44	31	0.7013	0.1739	0.1880
ENSG00000122584.13	NXPH1	protein_coding	0	0	0	0.0000	0.0000	0.0000
ENSG00000122585.8	NPY	protein_coding	0	0	0	0.0000	0.0000	0.0000
ENSG00000122591.12	FAM126A	protein_coding	1885	962	923	7.3728	1.8284	1.9769
ENSG00000122592.8	HOXA7	protein_coding	25	87	110	0.5880	0.1458	0.1577
ENSG00000122641.11	INHBA	protein_coding	17319	8760	8561	118.5611	29.4020	31.7902
ENSG00000122642.11	FKBP9	protein_coding	20546	10431	10116	225.4136	55.9003	60.4409
ENSG00000122643.22	NT5C3A	protein_coding	2812	1391	1421	45.6407	11.3184	12.2378
ENSG00000122644.13	ARL4A	protein_coding	539	272	267	8.5263	2.1144	2.2862
ENSG00000122674.12	CCZ1	protein_coding	658	469	487	5.8024	1.4389	1.5558
ENSG00000122678.17	POLM	protein_coding	1135	566	570	13.8065	3.4239	3.7020
ENSG00000122679.8	RAMP3	protein_coding	816	438	379	32.4284	8.0419	8.6951
ENSG00000122687.19	MRM2	protein_coding	2	2	0	0.0393	0.0097	0.0105
ENSG00000122691.13	TWIST1	protein_coding	1091	603	512	30.9818	7.6832	8.3072
ENSG00000122692.9	SMU1	protein_coding	5951	2946	3006	47.2927	11.7281	12.6808
ENSG00000122694.16	GLIPR2	protein_coding	2605	1352	1253	48.3566	11.9920	12.9660
ENSG00000122696.14	SLC25A51	protein_coding	525	278	269	8.7644	2.1735	2.3500
ENSG00000122705.17	CLTA	protein_coding	7207	3645	3564	162.5085	40.3005	43.5739
ENSG00000122707.12	RECK	protein_coding	4570	2230	2341	46.5370	11.5407	12.4781
ENSG00000122711.9	SPINK4	protein_coding	0	0	0	0.0000	0.0000	0.0000
ENSG00000122728.6	TAF1L	protein_coding	5	4	3	0.0456	0.0113	0.0122
ENSG00000122729.19	ACO1	protein_coding	3583	1833	1759	26.8950	6.6697	7.2115
ENSG00000122733.12	PHF24	protein_coding	10	4	6	0.0976	0.0242	0.0262
ENSG00000122735.16	DNAI1	protein_coding	122	58	64	1.9144	0.4748	0.5133
ENSG00000122741.16	DCAF10	protein_coding	6523	3363	3248	44.6170	11.0646	11.9633
ENSG00000122756.15	CNTFR	protein_coding	456	219	237	12.3259	3.0567	3.3050
ENSG00000122778.10	KIAA1549	protein_coding	1513	788	811	6.8653	1.7025	1.8408
ENSG00000122779.18	TRIM24	protein_coding	3817	1877	1940	23.2730	5.7715	6.2403
ENSG00000122783.17	CYREN	protein_coding	1025	1506	1499	10.9242	2.7091	2.9291
ENSG00000122786.20	CALD1	protein_coding	45162	22274	22889	260.1723	64.5201	69.7609
ENSG00000122787.15	AKR1D1	protein_coding	6	3	3	0.0997	0.0247	0.0267
ENSG00000122824.11	NUDT10	protein_coding	246	110	136	6.7656	1.6778	1.8141
ENSG00000122852.15	SFTPA1	protein_coding	4	2	2	0.0925	0.0230	0.0248
ENSG00000122859.5	NEUROG3	protein_coding	3	0	3	0.1091	0.0270	0.0292
ENSG00000122861.16	PLAU	protein_coding	9934	6834	6766	191.0332	47.3743	51.2224
ENSG00000122862.5	SRGN	protein_coding	6156	3102	3054	286.8583	71.1380	76.9163
ENSG00000122863.6	CHST3	protein_coding	1717	850	868	14.0425	3.4824	3.7653
ENSG00000122870.12	BICC1	protein_coding	3530	1750	1780	29.2884	7.2632	7.8532
ENSG00000122872.8	ARL4AP1	processed_pseudogene	0	0	0	0.0000	0.0000	0.0000
ENSG00000122873.12	CISD1	protein_coding	1964	934	1031	40.4571	10.0330	10.8479
ENSG00000122877.16	EGR2	protein_coding	1067	521	546	16.4027	4.0677	4.3981
ENSG00000122882.11	ECD	protein_coding	3272	1569	1709	50.4912	12.5213	13.5384
ENSG00000122884.12	P4HA1	protein_coding	14895	8035	7788	273.0989	67.7258	73.2269
ENSG00000122912.15	SLC25A16	protein_coding	1473	740	733	10.6210	2.6339	2.8478
ENSG00000122952.17	ZWINT	protein_coding	2064	1045	1019	49.2425	12.2116	13.2036
ENSG00000122958.15	VPS26A	protein_coding	6663	3329	3334	73.8582	18.3161	19.8038
ENSG00000122965.11	RBM19	protein_coding	1989	1109	1106	19.2288	4.7685	5.1559
ENSG00000122966.17	CIT	protein_coding	851	423	460	1.6871	0.4184	0.4524
ENSG00000122970.16	IFT81	protein_coding	1890	923	967	15.3095	3.7966	4.1050
ENSG00000122971.9	ACADS	protein_coding	643	341	302	13.9764	3.4660	3.7475
ENSG00000122986.14	HVCN1	protein_coding	180	260	269	2.7997	0.6943	0.7507
ENSG00000123009.4	NME2P1	processed_pseudogene	9	3	6	1.2328	0.3057	0.3306
ENSG00000123064.13	DDX54	protein_coding	3315	2017	2054	37.1162	9.2044	9.9521
ENSG00000123066.9	MED13L	protein_coding	16849	8999	8833	29.0763	7.2106	7.7963
ENSG00000123080.12	CDKN2C	protein_coding	769	384	386	14.4500	3.5834	3.8745
ENSG00000123091.5	RNF11	protein_coding	7930	3978	3953	144.5084	35.8366	38.7475
ENSG00000123094.15	RASSF8	protein_coding	2147	1104	1044	15.9806	3.9630	4.2849
ENSG00000123095.6	BHLHE41	protein_coding	2357	1248	1237	34.6823	8.6008	9.2995
ENSG00000123096.12	SSPN	protein_coding	4694	3122	3114	39.2620	9.7366	10.5275
ENSG00000123104.12	ITPR2	protein_coding	3088	1563	1525	12.5904	3.1223	3.3759
ENSG00000123106.10	CCDC91	protein_coding	4955	2609	2509	37.2924	9.2481	9.9993
ENSG00000123119.12	NECAB1	protein_coding	89	84	91	0.8138	0.2018	0.2182
ENSG00000123124.14	WWP1	protein_coding	50850	25732	25310	441.8113	109.5647	118.4643
ENSG00000123130.17	ACOT9	protein_coding	2409	1197	1212	21.8793	5.4258	5.8666
ENSG00000123131.13	PRDX4	protein_coding	5471	2682	2789	167.2562	41.4779	44.8470
ENSG00000123136.15	DDX39A	protein_coding	4151	2074	2078	60.9695	15.1198	16.3479
ENSG00000123143.13	PKN1	protein_coding	8959	4405	4555	109.8993	27.2539	29.4677
ENSG00000123144.11	TRIR	protein_coding	3964	1620	2344	171.4709	42.5230	45.9771
ENSG00000123146.20	ADGRE5	protein_coding	1907	1148	1112	20.0940	4.9831	5.3879
ENSG00000123154.12	WDR83	protein_coding	167	2095	1934	4.0164	0.9960	1.0769
ENSG00000123159.16	GIPC1	protein_coding	5028	2557	2471	64.2202	15.9260	17.2196
ENSG00000123165.8	ACTRT1	protein_coding	0	0	0	0.0000	0.0000	0.0000
ENSG00000123171.7	CCDC70	protein_coding	1	1	0	0.0493	0.0122	0.0132
ENSG00000123178.15	SPRYD7	protein_coding	896	448	448	15.1950	3.7682	4.0743
ENSG00000123179.14	EBPL	protein_coding	1119	541	578	40.6785	10.0879	10.9073
ENSG00000123191.16	ATP7B	protein_coding	4446	2250	2196	13.4056	3.3245	3.5945
ENSG00000123200.17	ZC3H13	protein_coding	6198	3106	3123	34.2414	8.4915	9.1813
ENSG00000123201.14	GUCY1B2	transcribed_unitary_pseudogene	4	2	2	0.0559	0.0139	0.0150
ENSG00000123213.23	NLN	protein_coding	4147	2139	2008	21.4989	5.3315	5.7646
ENSG00000123219.13	CENPK	protein_coding	517	269	248	6.8041	1.6874	1.8244
ENSG00000123240.17	OPTN	protein_coding	9988	5019	4972	110.2412	27.3387	29.5593
ENSG00000123243.15	ITIH5	protein_coding	2288	1156	1132	8.8701	2.1997	2.3784
ENSG00000123268.9	ATF1	protein_coding	2054	1003	1051	41.1598	10.2072	11.0363
ENSG00000123297.20	TSFM	protein_coding	44	40	38	0.7773	0.1928	0.2084
ENSG00000123307.4	NEUROD4	protein_coding	0	0	0	0.0000	0.0000	0.0000
ENSG00000123329.20	ARHGAP9	protein_coding	309	167	183	3.4239	0.8491	0.9181
ENSG00000123338.13	NCKAP1L	protein_coding	2324	1232	1160	12.4805	3.0950	3.3464
ENSG00000123342.16	MMP19	protein_coding	1708	1041	1081	20.7322	5.1414	5.5590
ENSG00000123349.15	PFDN5	protein_coding	70	53	48	0.9734	0.2414	0.2610
ENSG00000123352.18	SPATS2	protein_coding	2508	1260	1249	20.7906	5.1559	5.5747
ENSG00000123353.10	ORMDL2	protein_coding	1013	2355	2386	21.3717	5.3000	5.7305
ENSG00000123358.20	NR4A1	protein_coding	1480	1025	1077	11.5052	2.8532	3.0849
ENSG00000123360.12	PDE1B	protein_coding	324	225	216	2.4941	0.6185	0.6688
ENSG00000123364.5	HOXC13	protein_coding	441	253	239	10.6106	2.6313	2.8450
ENSG00000123374.11	CDK2	protein_coding	1582	1199	1099	23.0808	5.7238	6.1887
ENSG00000123384.14	LRP1	protein_coding	53815	27110	27376	146.3084	36.2830	39.2302
ENSG00000123388.4	HOXC11	protein_coding	7	4	3	0.1216	0.0302	0.0326
ENSG00000123395.14	ATG101	protein_coding	938	1272	1304	16.6283	4.1237	4.4586
ENSG00000123405.14	NFE2	protein_coding	156	66	90	3.7439	0.9284	1.0039
ENSG00000123407.4	HOXC12	protein_coding	25	10	15	0.4341	0.1077	0.1164
ENSG00000123411.15	IKZF4	protein_coding	1030	543	487	8.5735	2.1261	2.2988
ENSG00000123415.15	SMUG1	protein_coding	1675	858	817	15.7606	3.9085	4.2259
ENSG00000123416.15	TUBA1B	protein_coding	8146	22838	22336	129.2556	32.0541	34.6577
ENSG00000123427.17	EEF1AKMT3	protein_coding	1031	494	547	18.5142	4.5913	4.9643
ENSG00000123444.14	KBTBD4	protein_coding	688	1797	1671	11.9572	2.9653	3.2061
ENSG00000123447.6	TYRL	unprocessed_pseudogene	0	0	0	0.0000	0.0000	0.0000
ENSG00000123453.18	SARDH	protein_coding	441	212	229	4.8865	1.2118	1.3102
ENSG00000123454.12	DBH	protein_coding	7	5	6	0.1446	0.0359	0.0388
ENSG00000123472.12	ATPAF1	protein_coding	3870	1918	1952	38.6591	9.5871	10.3658
ENSG00000123473.16	STIL	protein_coding	779	410	369	6.0591	1.5026	1.6247
ENSG00000123485.12	HJURP	protein_coding	460	232	228	6.8272	1.6931	1.8306
ENSG00000123496.8	IL13RA2	protein_coding	57	27	30	1.9880	0.4930	0.5330
ENSG00000123500.10	COL10A1	protein_coding	53228	26477	26751	788.1354	195.4496	211.3254
ENSG00000123505.19	AMD1	protein_coding	5826	2890	2937	32.4136	8.0383	8.6912
ENSG00000123545.6	NDUFAF4	protein_coding	1055	524	531	23.4808	5.8230	6.2960
ENSG00000123552.18	USP45	protein_coding	820	439	420	5.7375	1.4228	1.5384
ENSG00000123560.14	PLP1	protein_coding	9	7	9	0.0838	0.0208	0.0225
ENSG00000123561.15	SERPINA7	protein_coding	1	1	0	0.0207	0.0051	0.0055
ENSG00000123562.18	MORF4L2	protein_coding	51765	25363	26801	1108.6072	274.9234	297.2546
ENSG00000123569.8	H2BW1	protein_coding	0	0	0	0.0000	0.0000	0.0000
ENSG00000123570.4	RAB9B	protein_coding	136	63	73	2.0447	0.5071	0.5482
ENSG00000123572.17	NRK	protein_coding	4631	2336	2295	27.4224	6.8005	7.3528
ENSG00000123575.9	FAM199X	protein_coding	6914	3494	3420	51.4287	12.7538	13.7898
ENSG00000123576.5	ESX1	protein_coding	0	0	0	0.0000	0.0000	0.0000
ENSG00000123584.7	MAGEA9	protein_coding	0	0	0	0.0000	0.0000	0.0000
ENSG00000123594.5	ATXN3L	protein_coding	0	0	0	0.0000	0.0000	0.0000
ENSG00000123595.8	RAB9A	protein_coding	2060	1010	1051	55.2875	13.7107	14.8244
ENSG00000123600.20	METTL8	protein_coding	1146	593	562	6.4512	1.5998	1.7298
ENSG00000123607.15	TTC21B	protein_coding	1145	597	632	7.4842	1.8560	2.0068
ENSG00000123609.11	NMI	protein_coding	2334	1149	1185	39.9641	9.9107	10.7157
ENSG00000123610.5	TNFAIP6	protein_coding	2482	1249	1233	89.2544	22.1342	23.9321
ENSG00000123612.16	ACVR1C	protein_coding	42	19	23	0.2631	0.0652	0.0705
ENSG00000123636.18	BAZ2B	protein_coding	2280	1327	1245	6.3861	1.5837	1.7123
ENSG00000123643.13	SLC36A1	protein_coding	1244	616	630	10.1201	2.5097	2.7135
ENSG00000123684.13	LPGAT1	protein_coding	6331	3149	3182	40.8454	10.1292	10.9520
ENSG00000123685.9	BATF3	protein_coding	156	82	74	3.4437	0.8540	0.9234
ENSG00000123689.6	G0S2	protein_coding	153	69	84	9.9048	2.4563	2.6558
ENSG00000123700.5	KCNJ2	protein_coding	792	399	398	8.0549	1.9975	2.1598
ENSG00000123728.10	RAP2C	protein_coding	3334	1889	1801	45.9133	11.3860	12.3109
ENSG00000123737.13	EXOSC9	protein_coding	1698	1078	1065	20.4445	5.0700	5.4818
ENSG00000123739.11	PLA2G12A	protein_coding	2495	1296	1199	27.1004	6.7206	7.2665
ENSG00000123810.9	B9D2	protein_coding	226	144	134	8.6656	2.1490	2.3235
ENSG00000123815.13	COQ8B	protein_coding	2057	1138	1148	9.5009	2.3561	2.5475
ENSG00000123836.15	PFKFB2	protein_coding	1854	1041	919	10.3322	2.5623	2.7704
ENSG00000123838.11	C4BPA	protein_coding	2	1	1	0.0459	0.0114	0.0123
ENSG00000123843.13	C4BPB	protein_coding	0	0	0	0.0000	0.0000	0.0000
ENSG00000123870.10	ZNF137P	transcribed_unprocessed_pseudogene	269	146	125	7.5185	1.8645	2.0160
ENSG00000123892.12	RAB38	protein_coding	1824	946	878	72.2339	17.9133	19.3683
ENSG00000123901.9	GPR83	protein_coding	28	12	16	0.3713	0.0921	0.0995
ENSG00000123908.12	AGO2	protein_coding	4091	2087	2004	14.6400	3.6306	3.9255
ENSG00000123933.17	MXD4	protein_coding	3142	1588	1560	25.9250	6.4291	6.9514
ENSG00000123965.13	PMS2P5	unprocessed_pseudogene	98	50	48	10.7705	2.6710	2.8879
ENSG00000123975.5	CKS2	protein_coding	1154	592	562	106.2391	26.3462	28.4863
ENSG00000123977.10	DAW1	protein_coding	0	0	0	0.0000	0.0000	0.0000
ENSG00000123983.14	ACSL3	protein_coding	12326	6200	6127	96.6547	23.9694	25.9164
ENSG00000123989.14	CHPF	protein_coding	12132	6049	6096	203.8534	50.5536	54.6599
ENSG00000123992.20	DNPEP	protein_coding	5006	2407	2608	46.1310	11.4400	12.3693
ENSG00000123999.5	INHA	protein_coding	202	100	102	7.0021	1.7364	1.8775
ENSG00000124003.13	MOGAT1	protein_coding	0	0	0	0.0000	0.0000	0.0000
ENSG00000124006.15	OBSL1	protein_coding	4059	2217	2012	23.6914	5.8752	6.3525
ENSG00000124019.10	FAM124B	protein_coding	68	40	28	1.0823	0.2684	0.2902
ENSG00000124067.17	SLC12A4	protein_coding	3551	1722	1829	24.2682	6.0183	6.5071
ENSG00000124074.12	ENKD1	protein_coding	554	307	272	11.7889	2.9235	3.1610
ENSG00000124089.4	MC3R	protein_coding	0	0	0	0.0000	0.0000	0.0000
ENSG00000124091.9	GCNT7	protein_coding	17	8	11	0.4671	0.1158	0.1252
ENSG00000124092.12	CTCFL	protein_coding	1	0	1	0.0064	0.0016	0.0017
ENSG00000124097.7	HMGB1P1	processed_pseudogene	11	2	9	0.9808	0.2432	0.2630
ENSG00000124098.10	FAM210B	protein_coding	10668	5246	5422	171.9676	42.6462	46.1102
ENSG00000124102.5	PI3	protein_coding	5	4	1	0.5146	0.1276	0.1380
ENSG00000124103.10	FAM209A	protein_coding	2	2	1	0.1276	0.0316	0.0342
ENSG00000124104.19	SNX21	protein_coding	1212	1069	1081	16.8545	4.1797	4.5192
ENSG00000124107.5	SLPI	protein_coding	156	76	80	14.8435	3.6811	3.9801
ENSG00000124116.19	WFDC3	protein_coding	16	10	6	0.3773	0.0936	0.1012
ENSG00000124120.11	TTPAL	protein_coding	2400	1221	1179	19.2891	4.7835	5.1721
ENSG00000124126.14	PREX1	protein_coding	23057	12337	12358	174.1326	43.1831	46.6908
ENSG00000124134.9	KCNS1	protein_coding	11	8	5	0.1104	0.0274	0.0296
ENSG00000124140.14	SLC12A5	protein_coding	172	142	134	1.0951	0.2716	0.2936
ENSG00000124143.10	ARHGAP40	protein_coding	281	141	140	4.9876	1.2369	1.3374
ENSG00000124145.6	SDC4	protein_coding	22516	11769	10748	488.6650	121.1840	131.0274
ENSG00000124151.19	NCOA3	protein_coding	9963	5363	5304	67.1262	16.6466	17.9988
ENSG00000124155.18	PIGT	protein_coding	15257	7713	7569	44.0250	10.9178	11.8046
ENSG00000124157.7	SEMG2	protein_coding	0	1	0	0.0000	0.0000	0.0000
ENSG00000124159.15	MATN4	protein_coding	3	3	0	0.0690	0.0171	0.0185
ENSG00000124160.12	NCOA5	protein_coding	5014	2480	2534	88.1960	21.8717	23.6483
ENSG00000124164.16	VAPB	protein_coding	6537	3229	3308	35.3801	8.7739	9.4866
ENSG00000124171.9	PARD6B	protein_coding	3927	2082	1845	47.4840	11.7756	12.7321
ENSG00000124172.10	ATP5F1E	protein_coding	15631	8127	7594	174.4605	43.2644	46.7787
ENSG00000124177.15	CHD6	protein_coding	11247	5609	5638	45.4480	11.2706	12.1861
ENSG00000124181.14	PLCG1	protein_coding	6008	3052	3223	35.3144	8.7576	9.4690
ENSG00000124191.18	TOX2	protein_coding	50	28	22	0.8765	0.2174	0.2350
ENSG00000124193.16	SRSF6	protein_coding	10014	5058	4956	116.0388	28.7764	31.1139
ENSG00000124194.17	GDAP1L1	protein_coding	10	7	3	0.1666	0.0413	0.0447
ENSG00000124196.6	GTSF1L	protein_coding	1	1	0	0.0676	0.0168	0.0181
ENSG00000124198.9	ARFGEF2	protein_coding	12303	6151	6152	76.4690	18.9635	20.5039
ENSG00000124201.15	ZNFX1	protein_coding	18592	9808	10020	112.8856	27.9945	30.2684
ENSG00000124203.6	ZNF831	protein_coding	28	16	13	0.1368	0.0339	0.0367
ENSG00000124205.18	EDN3	protein_coding	0	0	0	0.0000	0.0000	0.0000
ENSG00000124207.17	CSE1L	protein_coding	12907	6458	6449	192.6199	47.7678	51.6478
ENSG00000124208.16	PEDS1-UBE2V1	protein_coding	0	0	0	0.0000	0.0000	0.0000
ENSG00000124209.4	RAB22A	protein_coding	6230	3156	3074	38.1290	9.4556	10.2237
ENSG00000124212.6	PTGIS	protein_coding	3472	1690	1782	35.3496	8.7663	9.4784
ENSG00000124214.20	STAU1	protein_coding	16595	8228	8368	229.8735	57.0063	61.6367
ENSG00000124215.17	CDH26	protein_coding	37	21	16	0.3648	0.0905	0.0978
ENSG00000124216.4	SNAI1	protein_coding	342	157	185	11.3753	2.8209	3.0501
ENSG00000124217.5	MOCS3	protein_coding	1197	612	585	13.2789	3.2930	3.5605
ENSG00000124222.22	STX16	protein_coding	3096	1570	1526	34.4330	8.5390	9.2326
ENSG00000124224.17	PPP4R1L	transcribed_unprocessed_pseudogene	791	391	400	4.8427	1.2009	1.2985
ENSG00000124225.16	PMEPA1	protein_coding	9124	4613	4714	90.2690	22.3858	24.2041
ENSG00000124226.11	RNF114	protein_coding	7761	3903	3858	101.4817	25.1664	27.2106
ENSG00000124227.5	ANKRD60	protein_coding	0	0	0	0.0000	0.0000	0.0000
ENSG00000124228.14	DDX27	protein_coding	3745	2472	2501	38.9186	9.6514	10.4354
ENSG00000124232.11	RBPJL	protein_coding	3	1	3	0.0613	0.0152	0.0164
ENSG00000124233.12	SEMG1	protein_coding	0	0	0	0.0000	0.0000	0.0000
ENSG00000124237.6	C20orf85	protein_coding	0	0	0	0.0000	0.0000	0.0000
ENSG00000124243.17	BCAS4	protein_coding	3323	1728	1611	24.8513	6.1629	6.6635
ENSG00000124249.7	KCNK15	protein_coding	669	728	718	15.0911	3.7424	4.0464
ENSG00000124251.11	TP53TG5	protein_coding	66	66	79	1.2568	0.3117	0.3370
ENSG00000124253.11	PCK1	protein_coding	1	0	1	0.0083	0.0021	0.0022
ENSG00000124256.15	ZBP1	protein_coding	239	120	119	2.5076	0.6219	0.6724
ENSG00000124257.6	NEURL2	protein_coding	26	53	68	1.1333	0.2811	0.3039
ENSG00000124260.12	MAGEA10	protein_coding	0	0	0	0.0000	0.0000	0.0000
ENSG00000124275.15	MTRR	protein_coding	5815	2992	3022	50.7492	12.5853	13.6076
ENSG00000124279.12	FASTKD3	protein_coding	1382	770	759	27.4320	6.8029	7.3554
ENSG00000124299.15	PEPD	protein_coding	2008	1010	999	25.4353	6.3077	6.8200
ENSG00000124302.13	CHST8	protein_coding	5	3	2	0.0928	0.0230	0.0249
ENSG00000124313.18	IQSEC2	protein_coding	1751	883	868	6.6523	1.6497	1.7837
ENSG00000124333.16	VAMP7	protein_coding	3700	1820	1880	80.2397	19.8986	21.5149
ENSG00000124333.16_PAR_Y	VAMP7	protein_coding	0	0	0	0.0000	0.0000	0.0000
ENSG00000124334.17	IL9R	protein_coding	23	10	13	0.5209	0.1292	0.1397
ENSG00000124334.17_PAR_Y	IL9R	protein_coding	0	0	0	0.0000	0.0000	0.0000
ENSG00000124343.14	XG	protein_coding	278	132	146	4.6963	1.1646	1.2592
ENSG00000124356.16	STAMBP	protein_coding	2799	1440	1359	20.6305	5.1162	5.5317
ENSG00000124357.13	NAGK	protein_coding	5657	2840	2824	36.0580	8.9420	9.6684
ENSG00000124370.11	MCEE	protein_coding	685	351	336	23.9202	5.9320	6.4138
ENSG00000124374.9	PAIP2B	protein_coding	501	242	259	4.5098	1.1184	1.2092
ENSG00000124380.11	SNRNP27	protein_coding	1348	643	705	40.2979	9.9935	10.8052
ENSG00000124383.9	MPHOSPH10	protein_coding	2777	1401	1377	36.1616	8.9677	9.6961
ENSG00000124391.5	IL17C	protein_coding	2	2	0	0.0814	0.0202	0.0218
ENSG00000124399.4	NDUFB4P12	processed_pseudogene	2	2	0	0.2908	0.0721	0.0780
ENSG00000124406.16	ATP8A1	protein_coding	219	112	107	1.1090	0.2750	0.2974
ENSG00000124422.12	USP22	protein_coding	6926	4919	4868	57.9568	14.3727	15.5402
ENSG00000124429.18	POF1B	protein_coding	5	4	1	0.0708	0.0176	0.0190
ENSG00000124440.16	HIF3A	protein_coding	11	5	6	0.0745	0.0185	0.0200
ENSG00000124444.16	ZNF576	protein_coding	621	315	306	10.1169	2.5089	2.7127
ENSG00000124449.7	IRGC	protein_coding	0	0	0	0.0000	0.0000	0.0000
ENSG00000124459.12	ZNF45	protein_coding	1169	597	574	15.0600	3.7347	4.0381
ENSG00000124466.9	LYPD3	protein_coding	5587	2780	2807	128.4307	31.8495	34.4366
ENSG00000124467.19	PSG8	protein_coding	0	0	0	0.0000	0.0000	0.0000
ENSG00000124469.12	CEACAM8	protein_coding	1	1	0	0.0222	0.0055	0.0060
ENSG00000124479.11	NDP	protein_coding	148	85	104	4.6141	1.1443	1.2372
ENSG00000124486.13	USP9X	protein_coding	19367	9709	9658	77.6075	19.2459	20.8092
ENSG00000124490.14	CRISP2	protein_coding	0	0	0	0.0000	0.0000	0.0000
ENSG00000124491.16	F13A1	protein_coding	15964	8002	7963	198.7962	49.2995	53.3039
ENSG00000124493.14	GRM4	protein_coding	368	204	165	1.2802	0.3175	0.3433
ENSG00000124496.12	TRERF1	protein_coding	3276	1613	1663	24.0277	5.9586	6.4426
ENSG00000124507.11	PACSIN1	protein_coding	161	69	92	1.9002	0.4712	0.5095
ENSG00000124508.17	BTN2A2	protein_coding	843	436	407	7.4721	1.8530	2.0035
ENSG00000124523.16	SIRT5	protein_coding	1217	646	683	10.5772	2.6230	2.8361
ENSG00000124532.15	MRS2	protein_coding	1868	1067	1052	20.6379	5.1180	5.5337
ENSG00000124535.16	WRNIP1	protein_coding	2754	1365	1389	40.0665	9.9361	10.7432
ENSG00000124541.7	RRP36	protein_coding	2475	1260	1265	62.7715	15.5667	16.8311
ENSG00000124549.14	BTN2A3P	transcribed_unprocessed_pseudogene	160	82	78	2.1723	0.5387	0.5825
ENSG00000124557.12	BTN1A1	protein_coding	5	2	3	0.0979	0.0243	0.0263
ENSG00000124562.10	SNRPC	protein_coding	2927	1511	1416	133.7551	33.1699	35.8642
ENSG00000124564.17	SLC17A3	protein_coding	0	0	0	0.0000	0.0000	0.0000
ENSG00000124568.12	SLC17A1	protein_coding	0	0	0	0.0000	0.0000	0.0000
ENSG00000124570.21	SERPINB6	protein_coding	6774	3419	3355	29.1003	7.2166	7.8028
ENSG00000124571.18	XPO5	protein_coding	4097	2404	2259	27.3954	6.7938	7.3456
ENSG00000124574.15	ABCC10	protein_coding	1162	600	582	8.1485	2.0207	2.1849
ENSG00000124575.7	H1-3	protein_coding	14	10	4	1.0231	0.2537	0.2743
ENSG00000124587.14	PEX6	protein_coding	2016	1027	991	32.9949	8.1824	8.8470
ENSG00000124588.21	NQO2	protein_coding	1616	810	807	20.1902	5.0070	5.4137
ENSG00000124593.16	AL365205.1	protein_coding	19	24	34	0.2406	0.0597	0.0645
ENSG00000124596.17	OARD1	protein_coding	1899	1081	1049	16.4944	4.0905	4.4227
ENSG00000124602.10	UNC5CL	protein_coding	130	75	55	2.3360	0.5793	0.6263
ENSG00000124608.5	AARS2	protein_coding	937	533	485	10.1368	2.5138	2.7180
ENSG00000124610.5	H1-1	protein_coding	0	0	0	0.0000	0.0000	0.0000
ENSG00000124613.8	ZNF391	protein_coding	328	169	160	3.8479	0.9542	1.0318
ENSG00000124614.16	RPS10	protein_coding	45	23	23	1.1086	0.2749	0.2972
ENSG00000124615.20	MOCS1	protein_coding	1084	820	778	11.8813	2.9464	3.1858
ENSG00000124635.9	H2BC11	protein_coding	22	11	12	1.1928	0.2958	0.3198
ENSG00000124641.16	MED20	protein_coding	1268	622	646	21.9366	5.4401	5.8819
ENSG00000124657.1	OR2B6	protein_coding	3	2	1	0.1806	0.0448	0.0484
ENSG00000124659.7	TBCC	protein_coding	992	482	510	35.0288	8.6868	9.3924
ENSG00000124664.11	SPDEF	protein_coding	7680	3802	3879	227.5510	56.4303	61.0140
ENSG00000124678.20	TCP11	protein_coding	8	6	2	0.1478	0.0367	0.0396
ENSG00000124688.14	MAD2L1BP	protein_coding	1321	647	674	40.5378	10.0530	10.8695
ENSG00000124701.5	APOBEC2	protein_coding	6	1	5	0.2956	0.0733	0.0793
ENSG00000124702.18	KLHDC3	protein_coding	3421	1755	1699	96.0896	23.8292	25.7648
ENSG00000124713.6	GNMT	protein_coding	41	20	22	2.1609	0.5359	0.5794
ENSG00000124721.18	DNAH8	protein_coding	2	1	1	0.0074	0.0018	0.0020
ENSG00000124731.13	TREM1	protein_coding	1083	511	572	10.4255	2.5854	2.7954
ENSG00000124733.5	MEA1	protein_coding	2876	2723	2726	54.0596	13.4062	14.4952
ENSG00000124743.6	KLHL31	protein_coding	64	35	29	0.6284	0.1558	0.1685
ENSG00000124749.17	COL21A1	protein_coding	301	136	165	2.4696	0.6124	0.6622
ENSG00000124762.14	CDKN1A	protein_coding	6884	3410	3475	130.3042	32.3141	34.9389
ENSG00000124766.7	SOX4	protein_coding	9645	4834	4813	112.3368	27.8584	30.1212
ENSG00000124767.7	GLO1	protein_coding	14095	7037	7058	339.2729	84.1363	90.9704
ENSG00000124772.12	CPNE5	protein_coding	84	42	42	0.8253	0.2047	0.2213
ENSG00000124780.14	KCNK17	protein_coding	12	8	4	0.3272	0.0811	0.0877
ENSG00000124782.20	RREB1	protein_coding	3061	1568	1493	10.0608	2.4950	2.6976
ENSG00000124783.14	SSR1	protein_coding	16168	8734	8655	80.7901	20.0351	21.6625
ENSG00000124784.9	RIOK1	protein_coding	1543	751	793	29.7631	7.3809	7.9805
ENSG00000124785.9	NRN1	protein_coding	1639	826	813	40.6595	10.0831	10.9022
ENSG00000124786.12	SLC35B3	protein_coding	1836	909	927	26.0951	6.4713	6.9970
ENSG00000124787.14	RPP40	protein_coding	291	184	175	8.3473	2.0700	2.2382
ENSG00000124788.19	ATXN1	protein_coding	6280	3088	3194	18.4738	4.5813	4.9535
ENSG00000124789.12	NUP153	protein_coding	5139	2583	2633	47.6119	11.8073	12.7663
ENSG00000124795.17	DEK	protein_coding	8245	4111	4135	64.5018	15.9958	17.2951
ENSG00000124802.12	EEF1E1	protein_coding	328	177	151	8.9085	2.2092	2.3887
ENSG00000124812.15	CRISP1	protein_coding	2	1	1	0.0565	0.0140	0.0152
ENSG00000124813.23	RUNX2	protein_coding	3993	1952	2041	27.6420	6.8549	7.4117
ENSG00000124818.15	OPN5	protein_coding	1	1	0	0.0112	0.0028	0.0030
ENSG00000124827.7	GCM2	protein_coding	0	0	0	0.0000	0.0000	0.0000
ENSG00000124831.19	LRRFIP1	protein_coding	15388	7771	7618	66.0201	16.3723	17.7022
ENSG00000124835.2	AC105760.1	lncRNA	1	0	1	0.0254	0.0063	0.0068
ENSG00000124839.13	RAB17	protein_coding	1439	740	746	17.1404	4.2507	4.5959
ENSG00000124875.10	CXCL6	protein_coding	2	0	2	0.0556	0.0138	0.0149
ENSG00000124882.4	EREG	protein_coding	4	4	0	0.0397	0.0098	0.0106
ENSG00000124900.12	TRIM51	protein_coding	0	0	0	0.0000	0.0000	0.0000
ENSG00000124915.10	MYRF-AS1	lncRNA	0	53	37	0.0000	0.0000	0.0000
ENSG00000124920.14	MYRF	protein_coding	46	22	25	0.2421	0.0601	0.0649
ENSG00000124935.4	SCGB1D2	protein_coding	8762	4315	4448	1092.0721	270.8228	292.8210
ENSG00000124939.6	SCGB2A1	protein_coding	727	367	361	79.2849	19.6619	21.2589
ENSG00000124942.14	AHNAK	protein_coding	192799	96598	96202	561.6781	139.2905	150.6046
ENSG00000125037.12	EMC3	protein_coding	7993	4013	4034	106.1552	26.3254	28.4638
ENSG00000125046.15	SSUH2	protein_coding	61	38	24	0.5509	0.1366	0.1477
ENSG00000125084.12	WNT1	protein_coding	5	2	3	0.1171	0.0290	0.0314
ENSG00000125089.17	SH3TC1	protein_coding	692	323	369	3.7018	0.9180	0.9926
ENSG00000125107.18	CNOT1	protein_coding	9290	5907	6029	48.5518	12.0404	13.0184
ENSG00000125122.15	LRRC29	protein_coding	205	101	104	4.1416	1.0271	1.1105
ENSG00000125124.13	BBS2	protein_coding	2240	1515	1393	15.6038	3.8696	4.1839
ENSG00000125144.14	MT1G	protein_coding	57	29	31	4.3042	1.0674	1.1541
ENSG00000125148.7	MT2A	protein_coding	4878	2450	2430	302.6600	75.0566	81.1532
ENSG00000125149.12	C16orf70	protein_coding	1416	1162	1173	13.4126	3.3262	3.5964
ENSG00000125166.13	GOT2	protein_coding	6630	3340	3387	100.2365	24.8576	26.8768
ENSG00000125170.11	DOK4	protein_coding	753	428	444	8.9224	2.2127	2.3924
ENSG00000125207.7	PIWIL1	protein_coding	5	3	2	0.0537	0.0133	0.0144
ENSG00000125245.13	GPR18	protein_coding	25	12	13	0.7026	0.1742	0.1884
ENSG00000125246.15	CLYBL	protein_coding	115	104	84	0.9024	0.2238	0.2420
ENSG00000125247.16	TMTC4	protein_coding	1363	670	693	11.7578	2.9158	3.1527
ENSG00000125249.7	RAP2A	protein_coding	2924	1489	1436	29.4896	7.3131	7.9071
ENSG00000125255.7	SLC10A2	protein_coding	0	0	0	0.0000	0.0000	0.0000
ENSG00000125257.16	ABCC4	protein_coding	1050	501	549	6.9006	1.7113	1.8503
ENSG00000125266.8	EFNB2	protein_coding	846	959	953	9.5857	2.3772	2.5703
ENSG00000125285.6	SOX21	protein_coding	2	1	1	0.0388	0.0096	0.0104
ENSG00000125304.10	TM9SF2	protein_coding	16305	8306	8015	166.1258	41.1975	44.5439
ENSG00000125319.15	HROB	protein_coding	287	148	139	5.4162	1.3432	1.4523
ENSG00000125337.19	KIF25	protein_coding	26	13	14	0.2748	0.0682	0.0737
ENSG00000125347.14	IRF1	protein_coding	3055	2649	2652	22.2742	5.5238	5.9725
ENSG00000125351.12	UPF3B	protein_coding	714	364	351	13.1421	3.2591	3.5238
ENSG00000125352.6	RNF113A	protein_coding	771	375	397	34.7287	8.6124	9.3119
ENSG00000125354.24	SEPTIN6	protein_coding	2636	1397	1239	23.9371	5.9362	6.4183
ENSG00000125355.16	TMEM255A	protein_coding	368	180	188	5.4093	1.3415	1.4504
ENSG00000125356.7	NDUFA1	protein_coding	4241	2264	1978	571.2755	141.6706	153.1780
ENSG00000125363.14	AMELX	protein_coding	0	0	0	0.0000	0.0000	0.0000
ENSG00000125375.16	DMAC2L	protein_coding	1145	764	779	14.2272	3.5282	3.8148
ENSG00000125378.16	BMP4	protein_coding	510	241	277	9.3418	2.3167	2.5048
ENSG00000125384.7	PTGER2	protein_coding	325	174	151	7.4770	1.8542	2.0048
ENSG00000125385.9	AL161781.1	processed_pseudogene	0	0	0	0.0000	0.0000	0.0000
ENSG00000125386.16	FAM193A	protein_coding	2477	1185	1292	20.2087	5.0116	5.4186
ENSG00000125388.20	GRK4	protein_coding	302	136	167	3.6162	0.8968	0.9696
ENSG00000125398.8	SOX9	protein_coding	1501	763	738	21.6539	5.3700	5.8061
ENSG00000125409.13	TEKT3	protein_coding	40	20	20	0.8725	0.2164	0.2339
ENSG00000125414.19	MYH2	protein_coding	18	11	8	0.1603	0.0398	0.0430
ENSG00000125430.9	HS3ST3B1	protein_coding	2114	1062	1052	22.3291	5.5374	5.9872
ENSG00000125434.11	SLC25A35	protein_coding	1028	989	1069	14.7515	3.6582	3.9554
ENSG00000125445.11	MRPS7	protein_coding	4743	2951	2602	80.8462	20.0490	21.6776
ENSG00000125447.18	GGA3	protein_coding	2998	1517	1513	26.2899	6.5196	7.0492
ENSG00000125449.7	ARMC7	protein_coding	2193	1165	1105	43.9452	10.8980	11.7832
ENSG00000125450.11	NUP85	protein_coding	3323	1615	1712	36.2887	8.9992	9.7302
ENSG00000125454.12	SLC25A19	protein_coding	478	485	481	8.1747	2.0272	2.1919
ENSG00000125457.15	MIF4GD	protein_coding	2531	1631	1682	39.0566	9.6856	10.4724
ENSG00000125458.7	NT5C	protein_coding	492	449	495	18.2005	4.5135	4.8802
ENSG00000125459.17	MSTO1	protein_coding	560	322	336	7.5758	1.8787	2.0313
ENSG00000125462.19	MIR9-1HG	lncRNA	68	36	32	0.2806	0.0696	0.0752
ENSG00000125482.13	TTF1	protein_coding	961	448	514	16.9513	4.2037	4.5452
ENSG00000125484.12	GTF3C4	protein_coding	4077	2119	1970	25.5731	6.3419	6.8570
ENSG00000125485.17	DDX31	protein_coding	1128	579	561	11.5342	2.8604	3.0927
ENSG00000125492.10	BARHL1	protein_coding	0	0	0	0.0000	0.0000	0.0000
ENSG00000125498.20	KIR2DL1	protein_coding	1	0	1	0.0335	0.0083	0.0090
ENSG00000125503.13	PPP1R12C	protein_coding	2159	1060	1100	15.6910	3.8912	4.2073
ENSG00000125505.17	MBOAT7	protein_coding	6952	3458	3497	74.4988	18.4750	19.9756
ENSG00000125508.3	SRMS	protein_coding	208	114	108	7.7808	1.9296	2.0863
ENSG00000125510.18	OPRL1	protein_coding	24	129	133	0.3739	0.0927	0.1003
ENSG00000125514.9	LINC00029	lncRNA	0	0	0	0.0000	0.0000	0.0000
ENSG00000125520.14	SLC2A4RG	protein_coding	2953	1617	1582	58.2688	14.4501	15.6238
ENSG00000125522.3	NPBWR2	protein_coding	0	0	0	0.0000	0.0000	0.0000
ENSG00000125531.7	FNDC11	protein_coding	59	27	32	0.9263	0.2297	0.2484
ENSG00000125533.6	BHLHE23	protein_coding	0	0	0	0.0000	0.0000	0.0000
ENSG00000125534.10	PPDPF	protein_coding	13271	6234	7044	714.7180	177.2428	191.6397
ENSG00000125538.12	IL1B	protein_coding	630	301	329	11.8735	2.9445	3.1837
ENSG00000125551.19	PLGLB2	protein_coding	11	3	8	0.1546	0.0383	0.0414
ENSG00000125571.9	IL37	protein_coding	0	0	0	0.0000	0.0000	0.0000
ENSG00000125611.15	CHCHD5	protein_coding	1033	539	494	15.5843	3.8648	4.1787
ENSG00000125618.17	PAX8	protein_coding	368	260	255	2.8313	0.7021	0.7592
ENSG00000125629.15	INSIG2	protein_coding	2756	1372	1384	39.5678	9.8124	10.6094
ENSG00000125630.16	POLR1B	protein_coding	2506	1253	1280	15.7958	3.9172	4.2354
ENSG00000125631.7	HTR5BP	transcribed_unprocessed_pseudogene	6	69	61	0.1494	0.0370	0.0401
ENSG00000125633.11	CCDC93	protein_coding	2272	1236	1252	15.9758	3.9618	4.2837
ENSG00000125637.16	PSD4	protein_coding	4895	2455	2452	20.6513	5.1213	5.5373
ENSG00000125648.15	SLC25A23	protein_coding	3495	1698	1797	40.6067	10.0701	10.8880
ENSG00000125650.4	PSPN	protein_coding	316	161	171	4.5820	1.1363	1.2286
ENSG00000125651.14	GTF2F1	protein_coding	6003	2933	3071	118.3693	29.3544	31.7387
ENSG00000125652.8	ALKBH7	protein_coding	1592	802	806	82.6004	20.4841	22.1479
ENSG00000125656.11	CLPP	protein_coding	1919	986	951	30.8203	7.6431	8.2639
ENSG00000125657.5	TNFSF9	protein_coding	79	38	41	2.7418	0.6799	0.7352
ENSG00000125675.18	GRIA3	protein_coding	203	107	96	1.7755	0.4403	0.4761
ENSG00000125676.20	THOC2	protein_coding	6015	3315	3271	33.1916	8.2312	8.8998
ENSG00000125686.12	MED1	protein_coding	7650	4637	4607	50.3986	12.4983	13.5136
ENSG00000125691.14	RPL23	protein_coding	49482	24940	24542	475.2113	117.8476	127.4200
ENSG00000125695.12	AC046185.1	protein_coding	0	0	0	0.0000	0.0000	0.0000
ENSG00000125703.15	ATG4C	protein_coding	995	517	478	18.1086	4.4908	4.8555
ENSG00000125726.11	CD70	protein_coding	12	5	7	0.4448	0.1103	0.1193
ENSG00000125730.17	C3	protein_coding	21546	10746	10801	147.2846	36.5251	39.4919
ENSG00000125731.13	SH2D3A	protein_coding	1002	499	504	10.1634	2.5204	2.7251
ENSG00000125733.18	TRIP10	protein_coding	2427	1285	1321	34.5296	8.5630	9.2585
ENSG00000125734.15	GPR108	protein_coding	5461	2613	2851	96.3875	23.9031	25.8447
ENSG00000125735.11	TNFSF14	protein_coding	68	36	32	0.8068	0.2001	0.2163
ENSG00000125740.14	FOSB	protein_coding	963	461	502	9.8346	2.4389	2.6370
ENSG00000125741.5	OPA3	protein_coding	1593	797	796	9.0348	2.2405	2.4225
ENSG00000125743.10	SNRPD2	protein_coding	7979	3985	3996	281.3986	69.7840	75.4523
ENSG00000125744.12	RTN2	protein_coding	522	360	377	9.1734	2.2749	2.4597
ENSG00000125746.18	EML2	protein_coding	3291	1643	1702	22.8353	5.6629	6.1229
ENSG00000125753.14	VASP	protein_coding	4949	2502	2448	79.3266	19.6722	21.2701
ENSG00000125755.19	SYMPK	protein_coding	5218	2705	2698	28.0965	6.9677	7.5336
ENSG00000125772.14	GPCPD1	protein_coding	2093	1079	1014	15.8852	3.9394	4.2593
ENSG00000125775.15	SDCBP2	protein_coding	73	34	40	1.6216	0.4021	0.4348
ENSG00000125779.22	PANK2	protein_coding	3011	2281	2293	25.2296	6.2567	6.7649
ENSG00000125780.12	TGM3	protein_coding	0	0	0	0.0000	0.0000	0.0000
ENSG00000125787.11	GNRH2	protein_coding	3	2	1	0.2067	0.0513	0.0554
ENSG00000125788.6	DEFB126	protein_coding	0	0	0	0.0000	0.0000	0.0000
ENSG00000125798.15	FOXA2	protein_coding	0	0	0	0.0000	0.0000	0.0000
ENSG00000125804.14	FAM182A	lncRNA	0	0	0	0.0000	0.0000	0.0000
ENSG00000125810.10	CD93	protein_coding	8443	4310	4133	71.6663	17.7725	19.2161
ENSG00000125812.16	GZF1	protein_coding	2771	1369	1403	28.7703	7.1347	7.7143
ENSG00000125813.13	PAX1	protein_coding	97	56	41	0.9395	0.2330	0.2519
ENSG00000125814.17	NAPB	protein_coding	1911	985	926	20.7055	5.1348	5.5518
ENSG00000125815.9	CST8	protein_coding	35	19	16	2.1812	0.5409	0.5848
ENSG00000125816.5	NKX2-4	protein_coding	0	0	0	0.0000	0.0000	0.0000
ENSG00000125817.8	CENPB	protein_coding	8621	4323	4299	169.1684	41.9521	45.3597
ENSG00000125818.18	PSMF1	protein_coding	12536	6229	6324	68.6146	17.0157	18.3979
ENSG00000125820.6	NKX2-2	protein_coding	0	0	0	0.0000	0.0000	0.0000
ENSG00000125821.13	DTD1	protein_coding	768	385	383	6.7882	1.6834	1.8201
ENSG00000125823.12	CSTL1	protein_coding	6	3	3	0.3171	0.0786	0.0850
ENSG00000125826.21	RBCK1	protein_coding	8481	4180	4301	92.5452	22.9503	24.8144
ENSG00000125827.9	TMX4	protein_coding	7293	3747	3655	63.0755	15.6421	16.9126
ENSG00000125831.10	CST11	protein_coding	3	3	13	0.2908	0.0721	0.0780
ENSG00000125834.13	STK35	protein_coding	5043	2555	2489	41.8173	10.3703	11.2126
ENSG00000125835.19	SNRPB	protein_coding	6652	3278	3374	295.1759	73.2006	79.1465
ENSG00000125841.13	NRSN2	protein_coding	5212	2581	2661	100.7748	24.9911	27.0211
ENSG00000125843.11	AP5S1	protein_coding	1391	696	695	14.3660	3.5626	3.8520
ENSG00000125844.16	RRBP1	protein_coding	24040	11631	12409	195.3163	48.4365	52.3708
ENSG00000125845.7	BMP2	protein_coding	177	99	78	2.8315	0.7022	0.7592
ENSG00000125846.15	ZNF133	protein_coding	1219	655	658	12.7404	3.1595	3.4161
ENSG00000125848.10	FLRT3	protein_coding	198	91	107	2.1631	0.5364	0.5800
ENSG00000125850.11	OVOL2	protein_coding	1015	482	537	26.1283	6.4796	7.0059
ENSG00000125851.10	PCSK2	protein_coding	0	0	0	0.0000	0.0000	0.0000
ENSG00000125861.16	GFRA4	protein_coding	1	1	0	0.0363	0.0090	0.0097
ENSG00000125863.20	MKKS	protein_coding	2747	1317	1430	22.1282	5.4876	5.9333
ENSG00000125864.14	BFSP1	protein_coding	365	193	173	6.1404	1.5227	1.6464
ENSG00000125868.16	DSTN	protein_coding	77657	38710	38948	1210.2024	300.1180	324.4956
ENSG00000125869.10	LAMP5	protein_coding	1015	561	589	28.1884	6.9904	7.5582
ENSG00000125870.11	SNRPB2	protein_coding	4662	2326	2336	101.3734	25.1396	27.1816
ENSG00000125871.14	MGME1	protein_coding	2755	1423	1398	70.0296	17.3666	18.7773
ENSG00000125872.8	LRRN4	protein_coding	10	6	4	0.1932	0.0479	0.0518
ENSG00000125875.14	TBC1D20	protein_coding	8538	4220	4318	83.1798	20.6278	22.3033
ENSG00000125877.13	ITPA	protein_coding	2635	1383	1253	76.9468	19.0820	20.6320
ENSG00000125878.6	TCF15	protein_coding	7	4	3	0.2553	0.0633	0.0685
ENSG00000125879.5	OTOR	protein_coding	3	1	2	0.0774	0.0192	0.0208
ENSG00000125885.13	MCM8	protein_coding	603	299	304	4.4463	1.1026	1.1922
ENSG00000125888.15	BANF2	protein_coding	0	0	0	0.0000	0.0000	0.0000
ENSG00000125895.5	TMEM74B	protein_coding	13	16	14	0.3336	0.0827	0.0894
ENSG00000125898.13	FAM110A	protein_coding	1161	609	569	24.1882	5.9984	6.4857
ENSG00000125899.8	LINC02871	lncRNA	1	1	0	0.0311	0.0077	0.0083
ENSG00000125900.13	SIRPD	protein_coding	1	0	1	0.0689	0.0171	0.0185
ENSG00000125901.6	MRPS26	protein_coding	2275	1130	1145	126.9835	31.4906	34.0485
ENSG00000125903.4	DEFB129	protein_coding	0	0	0	0.0000	0.0000	0.0000
ENSG00000125910.6	S1PR4	protein_coding	30	20	10	1.0230	0.2537	0.2743
ENSG00000125912.11	NCLN	protein_coding	3503	1800	1704	47.5820	11.7999	12.7583
ENSG00000125931.11	CITED1	protein_coding	1	1	0	0.0322	0.0080	0.0086
ENSG00000125944.21	HNRNPR	protein_coding	13874	6946	6928	90.3946	22.4169	24.2378
ENSG00000125945.15	ZNF436	protein_coding	2786	1447	1456	33.0117	8.1866	8.8515
ENSG00000125952.20	MAX	protein_coding	3672	2624	2604	33.2810	8.2533	8.9237
ENSG00000125954.12	CHURC1-FNTB	protein_coding	0	0	0	0.0000	0.0000	0.0000
ENSG00000125962.14	ARMCX5	protein_coding	578	283	295	6.6745	1.6552	1.7897
ENSG00000125965.9	GDF5	protein_coding	10	9	8	0.2155	0.0535	0.0578
ENSG00000125966.10	MMP24	protein_coding	90	641	692	1.1663	0.2892	0.3127
ENSG00000125967.17	NECAB3	protein_coding	2670	1339	1392	34.8723	8.6480	9.3504
ENSG00000125968.9	ID1	protein_coding	302	169	133	13.8900	3.4446	3.7244
ENSG00000125970.12	RALY	protein_coding	9157	4594	4564	69.1193	17.1409	18.5332
ENSG00000125971.17	DYNLRB1	protein_coding	541	251	290	12.4970	3.0991	3.3509
ENSG00000125975.14	C20orf173	protein_coding	0	0	0	0.0000	0.0000	0.0000
ENSG00000125977.7	EIF2S2	protein_coding	6485	3269	3216	143.8827	35.6815	38.5798
ENSG00000125991.20	ERGIC3	protein_coding	19049	9596	9475	180.1949	44.6865	48.3163
ENSG00000125995.16	ROMO1	protein_coding	2968	1469	1510	239.7652	59.4594	64.2891
ENSG00000125997.5	BPIFB9P	transcribed_unitary_pseudogene	10	5	5	0.3520	0.0873	0.0944
ENSG00000125998.8	FAM83C	protein_coding	0	0	0	0.0000	0.0000	0.0000
ENSG00000125999.11	BPIFB1	protein_coding	71	42	29	1.3355	0.3312	0.3581
ENSG00000126001.16	CEP250	protein_coding	4883	2562	2545	17.0777	4.2351	4.5791
ENSG00000126003.7	PLAGL2	protein_coding	1805	901	904	18.0979	4.4881	4.8526
ENSG00000126005.17	MMP24OS	protein_coding	2770	2046	1921	28.4577	7.0572	7.6305
ENSG00000126010.6	GRPR	protein_coding	438	314	339	10.2768	2.5485	2.7555
ENSG00000126012.12	KDM5C	protein_coding	9096	4572	4524	59.1078	14.6581	15.8488
ENSG00000126016.16	AMOT	protein_coding	3158	1562	1596	20.8827	5.1787	5.5994
ENSG00000126062.4	TMEM115	protein_coding	3155	2075	2085	84.9169	21.0585	22.7691
ENSG00000126067.12	PSMB2	protein_coding	5362	2766	2597	67.1552	16.6538	18.0066
ENSG00000126070.20	AGO3	protein_coding	1939	992	985	5.1983	1.2891	1.3939
ENSG00000126088.14	UROD	protein_coding	3591	1769	1823	50.5449	12.5346	13.5528
ENSG00000126091.21	ST3GAL3	protein_coding	70	33	39	0.2041	0.0506	0.0547
ENSG00000126106.14	TMEM53	protein_coding	392	788	748	6.2427	1.5481	1.6739
ENSG00000126107.15	HECTD3	protein_coding	3223	1568	1656	36.0363	8.9366	9.6625
ENSG00000126214.21	KLC1	protein_coding	682	473	476	2.0090	0.4982	0.5387
ENSG00000126215.14	XRCC3	protein_coding	352	357	381	2.6591	0.6594	0.7130
ENSG00000126216.15	TUBGCP3	protein_coding	1127	575	552	8.8179	2.1868	2.3644
ENSG00000126217.21	MCF2L	protein_coding	1802	906	899	4.4128	1.0943	1.1832
ENSG00000126218.12	F10	protein_coding	139	75	74	3.3246	0.8245	0.8914
ENSG00000126226.22	PCID2	protein_coding	1410	737	763	12.8020	3.1748	3.4326
ENSG00000126231.15	PROZ	protein_coding	10	4	6	0.3386	0.0840	0.0908
ENSG00000126233.2	SLURP1	protein_coding	2	1	1	0.2152	0.0534	0.0577
ENSG00000126243.9	LRFN3	protein_coding	1470	725	745	16.2979	4.0417	4.3700
ENSG00000126246.10	IGFLR1	protein_coding	92	79	81	2.3683	0.5873	0.6350
ENSG00000126247.11	CAPNS1	protein_coding	16834	8443	8392	307.9534	76.3693	82.5726
ENSG00000126249.8	PDCD2L	protein_coding	186	100	109	7.4492	1.8473	1.9974
ENSG00000126251.6	GPR42	protein_coding	1	1	0	0.0304	0.0075	0.0082
ENSG00000126254.12	RBM42	protein_coding	2858	1441	1417	73.4710	18.2201	19.7000
ENSG00000126259.20	KIRREL2	protein_coding	3	4	0	0.0499	0.0124	0.0134
ENSG00000126261.13	UBA2	protein_coding	8188	3998	4190	96.4364	23.9153	25.8578
ENSG00000126262.5	FFAR2	protein_coding	278	143	135	7.1890	1.7828	1.9276
ENSG00000126264.10	HCST	protein_coding	24	163	134	2.4132	0.5984	0.6471
ENSG00000126266.3	FFAR1	protein_coding	0	0	0	0.0000	0.0000	0.0000
ENSG00000126267.11	COX6B1	protein_coding	7105	3541	3565	294.3202	72.9884	78.9171
ENSG00000126337.13	KRT36	protein_coding	6	0	6	0.1824	0.0452	0.0489
ENSG00000126351.13	THRA	protein_coding	3292	2044	2075	25.4553	6.3127	6.8254
ENSG00000126353.3	CCR7	protein_coding	69	37	32	1.5602	0.3869	0.4183
ENSG00000126368.6	NR1D1	protein_coding	1861	1328	1360	40.1282	9.9514	10.7597
ENSG00000126391.14	FRMD8	protein_coding	2043	1070	975	28.4735	7.0611	7.6347
ENSG00000126432.14	PRDX5	protein_coding	5861	2979	2882	386.4851	95.8444	103.6295
ENSG00000126453.9	BCL2L12	protein_coding	657	445	492	16.8134	4.1695	4.5082
ENSG00000126456.16	IRF3	protein_coding	2136	1201	1215	31.9274	7.9177	8.5608
ENSG00000126457.22	PRMT1	protein_coding	4702	2359	2343	55.5985	13.7879	14.9078
ENSG00000126458.4	RRAS	protein_coding	1511	745	766	77.7575	19.2831	20.8494
ENSG00000126460.11	PRRG2	protein_coding	710	369	342	23.6848	5.8736	6.3507
ENSG00000126461.15	SCAF1	protein_coding	3802	1933	1872	48.3000	11.9779	12.9508
ENSG00000126464.14	PRR12	protein_coding	2621	1394	1337	19.6766	4.8796	5.2759
ENSG00000126467.11	TSKS	protein_coding	9	2	7	0.2156	0.0535	0.0578
ENSG00000126500.3	FLRT1	protein_coding	6	6	8	0.0862	0.0214	0.0231
ENSG00000126522.17	ASL	protein_coding	551	281	270	5.1811	1.2849	1.3892
ENSG00000126524.10	SBDS	protein_coding	6127	3503	3480	202.6018	50.2432	54.3243
ENSG00000126545.14	CSN1S1	protein_coding	1	0	1	0.0568	0.0141	0.0152
ENSG00000126549.11	STATH	protein_coding	0	0	0	0.0000	0.0000	0.0000
ENSG00000126550.10	HTN1	protein_coding	0	0	0	0.0000	0.0000	0.0000
ENSG00000126561.17	STAT5A	protein_coding	3257	1627	1632	28.0962	6.9676	7.5335
ENSG00000126562.17	WNK4	protein_coding	314	250	255	3.3681	0.8352	0.9031
ENSG00000126581.13	BECN1	protein_coding	4767	4160	4148	42.1479	10.4522	11.3013
ENSG00000126583.11	PRKCG	protein_coding	4	1	3	0.0668	0.0166	0.0179
ENSG00000126602.11	TRAP1	protein_coding	2238	2317	2409	24.4872	6.0726	6.5658
ENSG00000126603.9	GLIS2	protein_coding	4256	3027	3035	51.8269	12.8525	13.8965
ENSG00000126653.18	NSRP1	protein_coding	4631	2325	2309	54.6450	13.5514	14.6521
ENSG00000126698.11	DNAJC8	protein_coding	6946	3442	3510	136.2059	33.7777	36.5213
ENSG00000126705.15	AHDC1	protein_coding	1657	831	830	11.3256	2.8086	3.0368
ENSG00000126709.15	IFI6	protein_coding	56675	28893	27803	3817.1469	946.6139	1023.5045
ENSG00000126733.21	DACH2	protein_coding	7	4	3	0.0563	0.0140	0.0151
ENSG00000126746.17	ZNF384	protein_coding	1563	1850	1819	17.1082	4.2427	4.5873
ENSG00000126749.16	EMG1	protein_coding	2172	2892	2855	19.7299	4.8928	5.2903
ENSG00000126752.8	SSX1	protein_coding	0	0	0	0.0000	0.0000	0.0000
ENSG00000126756.12	UXT	protein_coding	1633	1244	1275	73.2653	18.1691	19.6449
ENSG00000126759.14	CFP	protein_coding	2	1	1	0.0202	0.0050	0.0054
ENSG00000126767.18	ELK1	protein_coding	2153	1082	1071	35.9319	8.9107	9.6345
ENSG00000126768.12	TIMM17B	protein_coding	1707	1112	1141	37.7845	9.3702	10.1313
ENSG00000126773.13	PCNX4	protein_coding	4623	2930	2956	11.8941	2.9496	3.1892
ENSG00000126775.9	ATG14	protein_coding	2167	1100	1068	24.4558	6.0648	6.5574
ENSG00000126777.18	KTN1	protein_coding	30110	14954	15217	97.1406	24.0899	26.0466
ENSG00000126778.12	SIX1	protein_coding	1708	871	837	17.8085	4.4163	4.7751
ENSG00000126785.13	RHOJ	protein_coding	653	344	309	9.0719	2.2497	2.4325
ENSG00000126787.13	DLGAP5	protein_coding	632	309	323	9.9641	2.4710	2.6717
ENSG00000126790.12	L3HYPDH	protein_coding	433	225	210	7.0299	1.7433	1.8849
ENSG00000126803.9	HSPA2	protein_coding	8878	4297	4581	87.1510	21.6126	23.3681
ENSG00000126804.13	ZBTB1	protein_coding	2741	1415	1418	29.4231	7.2966	7.8893
ENSG00000126814.7	TRMT5	protein_coding	1637	840	871	16.8361	4.1752	4.5143
ENSG00000126821.8	SGPP1	protein_coding	1371	711	660	23.3062	5.7797	6.2492
ENSG00000126822.17	PLEKHG3	protein_coding	1785	925	895	8.4894	2.1053	2.2763
ENSG00000126838.10	PZP	protein_coding	7	4	3	0.0635	0.0157	0.0170
ENSG00000126856.15	PRDM7	protein_coding	0	0	0	0.0000	0.0000	0.0000
ENSG00000126858.18	RHOT1	protein_coding	3270	1680	1654	28.4594	7.0577	7.6309
ENSG00000126860.12	EVI2A	protein_coding	828	401	427	15.2158	3.7734	4.0799
ENSG00000126861.5	OMG	protein_coding	24	12	12	0.3547	0.0880	0.0951
ENSG00000126870.16	DYNC2I1	protein_coding	2672	1361	1311	22.6602	5.6195	6.0760
ENSG00000126878.13	AIF1L	protein_coding	940	475	465	10.0599	2.4948	2.6974
ENSG00000126882.13	FAM78A	protein_coding	468	236	232	4.8591	1.2050	1.3029
ENSG00000126883.17	NUP214	protein_coding	3968	2231	2400	17.0306	4.2234	4.5665
ENSG00000126890.13	CTAG2	protein_coding	0	0	0	0.0000	0.0000	0.0000
ENSG00000126895.15	AVPR2	protein_coding	4	3	1	0.1007	0.0250	0.0270
ENSG00000126903.16	SLC10A3	protein_coding	1678	831	847	42.3495	10.5022	11.3553
ENSG00000126934.14	MAP2K2	protein_coding	5611	2818	2793	60.8529	15.0909	16.3167
ENSG00000126945.9	HNRNPH2	protein_coding	9036	4633	4403	223.1844	55.3475	59.8432
ENSG00000126947.13	ARMCX1	protein_coding	1518	803	715	40.5109	10.0463	10.8623
ENSG00000126950.8	TMEM35A	protein_coding	46	24	22	1.0802	0.2679	0.2896
ENSG00000126952.17	NXF5	protein_coding	9	3	6	0.2365	0.0587	0.0634
ENSG00000126953.8	TIMM8A	protein_coding	433	227	206	7.9674	1.9758	2.1363
ENSG00000126970.16	ZC4H2	protein_coding	236	111	125	2.5872	0.6416	0.6937
ENSG00000127022.15	CANX	protein_coding	103701	52555	51159	846.0482	209.8114	226.8537
ENSG00000127054.21	INTS11	protein_coding	3081	1537	1698	21.2662	5.2738	5.7022
ENSG00000127074.15	RGS13	protein_coding	112	52	60	1.0714	0.2657	0.2873
ENSG00000127080.10	IPPK	protein_coding	344	820	790	3.8761	0.9612	1.0393
ENSG00000127081.14	ZNF484	protein_coding	628	316	313	7.2979	1.8098	1.9568
ENSG00000127083.7	OMD	protein_coding	3102	1557	1545	71.8311	17.8134	19.2603
ENSG00000127084.19	FGD3	protein_coding	6949	3501	3449	67.7342	16.7974	18.1618
ENSG00000127124.16	HIVEP3	protein_coding	2318	1139	1187	8.9883	2.2290	2.4101
ENSG00000127125.9	PPCS	protein_coding	4395	2206	2191	73.0482	18.1152	19.5866
ENSG00000127129.10	EDN2	protein_coding	406	206	200	13.9626	3.4626	3.7438
ENSG00000127152.18	BCL11B	protein_coding	88	46	42	0.5852	0.1451	0.1569
ENSG00000127184.13	COX7C	protein_coding	17859	9122	8737	514.3644	127.5572	137.9182
ENSG00000127191.18	TRAF2	protein_coding	1349	651	699	20.8736	5.1764	5.5969
ENSG00000127220.6	ABHD8	protein_coding	627	431	405	16.4464	4.0785	4.4098
ENSG00000127241.18	MASP1	protein_coding	13	5	8	0.0562	0.0139	0.0151
ENSG00000127249.15	ATP13A4	protein_coding	12	8	5	0.0757	0.0188	0.0203
ENSG00000127252.7	PLAAT1	protein_coding	7	5	2	0.3405	0.0844	0.0913
ENSG00000127311.10	HELB	protein_coding	142	80	62	1.7495	0.4339	0.4691
ENSG00000127314.18	RAP1B	protein_coding	4491	2304	2187	15.0469	3.7315	4.0346
ENSG00000127318.11	IL22	protein_coding	0	0	0	0.0000	0.0000	0.0000
ENSG00000127324.9	TSPAN8	protein_coding	3	1	2	0.0703	0.0174	0.0189
ENSG00000127325.19	BEST3	protein_coding	1	0	1	0.0083	0.0020	0.0022
ENSG00000127328.22	RAB3IP	protein_coding	2696	1364	1332	12.2971	3.0496	3.2973
ENSG00000127329.16	PTPRB	protein_coding	1005	668	615	3.9203	0.9722	1.0512
ENSG00000127334.11	DYRK2	protein_coding	4364	2451	2374	26.1333	6.4808	7.0072
ENSG00000127337.7	YEATS4	protein_coding	1388	670	718	44.1962	10.9602	11.8505
ENSG00000127362.2	TAS2R3	protein_coding	6	4	2	0.3090	0.0766	0.0829
ENSG00000127364.4	TAS2R4	protein_coding	76	38	38	0.8589	0.2130	0.2303
ENSG00000127366.5	TAS2R5	protein_coding	37	19	18	1.8230	0.4521	0.4888
ENSG00000127377.10	CRYGN	protein_coding	53	24	29	0.9449	0.2343	0.2534
ENSG00000127399.15	LRRC61	protein_coding	1013	515	498	29.1907	7.2390	7.8270
ENSG00000127412.7	TRPV5	protein_coding	2	2	0	0.0313	0.0078	0.0084
ENSG00000127415.13	IDUA	protein_coding	707	430	416	9.8802	2.4502	2.6492
ENSG00000127418.15	FGFRL1	protein_coding	1409	721	688	18.4027	4.5637	4.9344
ENSG00000127419.17	TMEM175	protein_coding	1139	576	564	17.8285	4.4213	4.7804
ENSG00000127423.11	AUNIP	protein_coding	959	473	508	22.5851	5.6009	6.0558
ENSG00000127445.14	PIN1	protein_coding	1710	861	849	21.1873	5.2542	5.6810
ENSG00000127452.9	FBXL12	protein_coding	835	436	399	16.2557	4.0312	4.3587
ENSG00000127463.15	EMC1	protein_coding	5197	2785	2689	30.6938	7.6117	8.2300
ENSG00000127472.11	PLA2G5	protein_coding	133	70	63	2.2569	0.5597	0.6051
ENSG00000127481.15	UBR4	protein_coding	13303	6656	6648	30.5913	7.5863	8.2026
ENSG00000127483.19	HP1BP3	protein_coding	14841	7448	7393	85.7496	21.2650	22.9923
ENSG00000127507.18	ADGRE2	protein_coding	1029	666	713	6.7524	1.6745	1.8106
ENSG00000127511.10	SIN3B	protein_coding	3366	1654	1713	21.7435	5.3922	5.8301
ENSG00000127515.3	OR7A10	protein_coding	0	0	0	0.0000	0.0000	0.0000
ENSG00000127526.15	SLC35E1	protein_coding	6229	3959	3868	48.4563	12.0167	12.9928
ENSG00000127527.14	EPS15L1	protein_coding	3814	1931	1883	25.6544	6.3620	6.8788
ENSG00000127528.6	KLF2	protein_coding	999	525	474	20.0898	4.9821	5.3867
ENSG00000127529.7	OR7C2	protein_coding	0	0	0	0.0000	0.0000	0.0000
ENSG00000127530.4	OR7C1	protein_coding	28	38	23	0.1301	0.0323	0.0349
ENSG00000127533.4	F2RL3	protein_coding	102	52	51	1.7350	0.4303	0.4652
ENSG00000127540.12	UQCR11	protein_coding	706	328	378	18.7353	4.6462	5.0235
ENSG00000127554.13	GFER	protein_coding	299	789	747	6.2778	1.5568	1.6833
ENSG00000127561.15	SYNGR3	protein_coding	347	172	176	5.7963	1.4374	1.5542
ENSG00000127564.17	PKMYT1	protein_coding	449	696	672	5.1192	1.2695	1.3726
ENSG00000127578.7	WFIKKN1	protein_coding	51	27	24	0.5928	0.1470	0.1589
ENSG00000127580.17	WDR24	protein_coding	617	556	519	9.5837	2.3767	2.5697
ENSG00000127585.12	FBXL16	protein_coding	1485	777	782	21.2234	5.2632	5.6907
ENSG00000127586.17	CHTF18	protein_coding	484	245	260	4.6396	1.1506	1.2440
ENSG00000127588.5	GNG13	protein_coding	4	4	6	0.2303	0.0571	0.0617
ENSG00000127589.4	TUBBP1	transcribed_processed_pseudogene	46	20	26	1.5848	0.3930	0.4250
ENSG00000127603.30	MACF1	protein_coding	23310	11619	11748	30.9305	7.6705	8.2935
ENSG00000127616.19	SMARCA4	protein_coding	10328	5078	5253	37.3748	9.2686	10.0214
ENSG00000127663.15	KDM4B	protein_coding	13531	6784	6748	52.1328	12.9284	13.9785
ENSG00000127666.10	TICAM1	protein_coding	1246	625	621	26.3266	6.5287	7.0590
ENSG00000127720.8	METTL25	protein_coding	335	195	192	5.2135	1.2929	1.3979
ENSG00000127743.6	IL17B	protein_coding	6	3	6	0.2773	0.0688	0.0744
ENSG00000127774.7	EMC6	protein_coding	17	304	293	1.2488	0.3097	0.3348
ENSG00000127780.3	OR1E2	protein_coding	0	0	0	0.0000	0.0000	0.0000
ENSG00000127804.13	METTL16	protein_coding	2867	1454	1413	18.1987	4.5131	4.8797
ENSG00000127824.14	TUBA4A	protein_coding	256	155	156	3.6606	0.9078	0.9815
ENSG00000127831.11	VIL1	protein_coding	8	757	776	0.0658	0.0163	0.0177
ENSG00000127837.10	AAMP	protein_coding	6399	3169	3231	118.7847	29.4574	31.8501
ENSG00000127838.14	PNKD	protein_coding	4482	2273	2211	49.0305	12.1591	13.1467
ENSG00000127863.16	TNFRSF19	protein_coding	3316	1645	1671	36.7789	9.1208	9.8616
ENSG00000127870.17	RNF6	protein_coding	2183	1082	1124	27.8698	6.9114	7.4728
ENSG00000127884.5	ECHS1	protein_coding	5353	2689	2664	237.7200	58.9522	63.7407
ENSG00000127903.14	ZNF835	protein_coding	237	134	126	3.8688	0.9594	1.0374
ENSG00000127914.18	AKAP9	protein_coding	11587	5845	5743	35.9522	8.9158	9.6400
ENSG00000127920.6	GNG11	protein_coding	1600	815	785	30.0550	7.4533	8.0587
ENSG00000127922.9	SEM1	protein_coding	4039	2190	1849	19.9349	4.9436	5.3452
ENSG00000127928.13	GNGT1	protein_coding	0	5	2	0.0000	0.0000	0.0000
ENSG00000127946.17	HIP1	protein_coding	7307	3643	3665	46.2736	11.4754	12.4075
ENSG00000127947.16	PTPN12	protein_coding	9606	4852	4754	98.5984	24.4514	26.4375
ENSG00000127948.16	POR	protein_coding	5464	2706	2767	51.2849	12.7181	13.7512
ENSG00000127951.8	FGL2	protein_coding	3888	1872	2018	34.0260	8.4381	9.1235
ENSG00000127952.17	STYXL1	protein_coding	1638	810	828	45.8042	11.3590	12.2816
ENSG00000127954.13	STEAP4	protein_coding	1219	834	859	6.1459	1.5241	1.6479
ENSG00000127955.17	GNAI1	protein_coding	644	302	342	1.5096	0.3744	0.4048
ENSG00000127957.18	PMS2P3	transcribed_unprocessed_pseudogene	102	62	40	3.5357	0.8768	0.9480
ENSG00000127980.16	PEX1	protein_coding	2156	1602	1501	15.5992	3.8684	4.1827
ENSG00000127989.14	MTERF1	protein_coding	748	371	377	8.7067	2.1592	2.3346
ENSG00000127990.19	SGCE	protein_coding	2843	1432	1509	7.7231	1.9152	2.0708
ENSG00000127993.16	RBM48	protein_coding	849	427	424	7.0503	1.7484	1.8904
ENSG00000127995.17	CASD1	protein_coding	2074	1089	985	22.3605	5.5452	5.9956
ENSG00000128000.17	ZNF780B	protein_coding	1100	557	544	6.7519	1.6744	1.8104
ENSG00000128011.5	LRFN1	protein_coding	378	204	174	5.9895	1.4853	1.6060
ENSG00000128016.7	ZFP36	protein_coding	5536	2727	2810	158.8798	39.4006	42.6010
ENSG00000128039.12	SRD5A3	protein_coding	2325	1691	1553	17.1837	4.2614	4.6075
ENSG00000128040.11	SPINK2	protein_coding	4	2	2	0.2938	0.0729	0.0788
ENSG00000128045.7	RASL11B	protein_coding	8	6	2	0.1856	0.0460	0.0498
ENSG00000128050.9	PAICS	protein_coding	9850	5008	4842	74.3205	18.4307	19.9278
ENSG00000128052.10	KDR	protein_coding	3272	1702	1570	29.2627	7.2569	7.8463
ENSG00000128059.8	PPAT	protein_coding	1420	781	779	14.8057	3.6717	3.9699
ENSG00000128159.12	TUBGCP6	protein_coding	2383	1180	1203	17.5052	4.3411	4.6937
ENSG00000128165.9	ADM2	protein_coding	779	367	412	10.3001	2.5543	2.7618
ENSG00000128185.10	DGCR6L	protein_coding	2055	1006	1051	97.7676	24.2454	26.2148
ENSG00000128191.16	DGCR8	protein_coding	2156	1356	1374	16.7145	4.1450	4.4817
ENSG00000128203.7	ASPHD2	protein_coding	488	387	392	8.2120	2.0365	2.2019
ENSG00000128218.8	VPREB3	protein_coding	9	1	8	0.9002	0.2232	0.2414
ENSG00000128228.5	SDF2L1	protein_coding	811	381	431	43.4295	10.7701	11.6449
ENSG00000128242.13	GAL3ST1	protein_coding	8	2	6	0.1466	0.0364	0.0393
ENSG00000128245.15	YWHAH	protein_coding	15324	7786	7541	363.3042	90.0958	97.4140
ENSG00000128250.5	RFPL1	protein_coding	0	9	12	0.0000	0.0000	0.0000
ENSG00000128253.15	RFPL2	protein_coding	3	1	2	0.0580	0.0144	0.0155
ENSG00000128254.16	C22orf24	lncRNA	23	12	17	0.1832	0.0454	0.0491
ENSG00000128262.8	POM121L9P	transcribed_unprocessed_pseudogene	16	11	9	0.1766	0.0438	0.0474
ENSG00000128266.9	GNAZ	protein_coding	1287	835	818	19.8493	4.9224	5.3222
ENSG00000128268.12	MGAT3	protein_coding	86	35	53	0.8425	0.2089	0.2259
ENSG00000128271.22	ADORA2A	protein_coding	5	5	2	0.0677	0.0168	0.0181
ENSG00000128272.15	ATF4	protein_coding	16096	8021	8075	313.5705	77.7623	84.0787
ENSG00000128274.17	A4GALT	protein_coding	3779	1932	1847	63.8198	15.8267	17.1122
ENSG00000128276.10	RFPL3	protein_coding	1	1	5	0.0378	0.0094	0.0101
ENSG00000128283.7	CDC42EP1	protein_coding	4165	2110	2055	92.9910	23.0608	24.9340
ENSG00000128284.19	APOL3	protein_coding	3506	1730	1780	33.6935	8.3556	9.0343
ENSG00000128285.4	MCHR1	protein_coding	162	79	83	3.1027	0.7694	0.8319
ENSG00000128294.16	TPST2	protein_coding	4794	2446	2348	39.3270	9.7527	10.5449
ENSG00000128298.17	BAIAP2L2	protein_coding	17	8	9	0.4486	0.1113	0.1203
ENSG00000128309.16	MPST	protein_coding	2181	1088	1094	18.2965	4.5374	4.9059
ENSG00000128310.3	GALR3	protein_coding	0	0	0	0.0000	0.0000	0.0000
ENSG00000128311.14	TST	protein_coding	2712	1429	1283	81.9379	20.3198	21.9703
ENSG00000128313.2	APOL5	protein_coding	1	0	1	0.0394	0.0098	0.0106
ENSG00000128322.7	IGLL1	protein_coding	0	0	1	0.0000	0.0000	0.0000
ENSG00000128335.14	APOL2	protein_coding	7187	3617	3589	119.2785	29.5799	31.9825
ENSG00000128340.15	RAC2	protein_coding	1237	643	594	27.8043	6.8952	7.4553
ENSG00000128342.5	LIF	protein_coding	578	302	303	8.4677	2.0999	2.2705
ENSG00000128346.11	C22orf23	protein_coding	105	199	221	2.6082	0.6468	0.6993
ENSG00000128383.13	APOBEC3A	protein_coding	209	103	106	5.0243	1.2460	1.3472
ENSG00000128394.17	APOBEC3F	protein_coding	547	259	288	5.9483	1.4751	1.5949
ENSG00000128408.9	RIBC2	protein_coding	316	142	174	9.8140	2.4338	2.6315
ENSG00000128422.17	KRT17	protein_coding	1769	896	873	33.4846	8.3038	8.9783
ENSG00000128438.10	TBC1D27P	transcribed_unprocessed_pseudogene	2	0	2	0.0216	0.0054	0.0058
ENSG00000128463.13	EMC4	protein_coding	2086	2123	2169	26.6135	6.5999	7.1360
ENSG00000128482.16	RNF112	protein_coding	12	5	7	0.1863	0.0462	0.0500
ENSG00000128487.17	SPECC1	protein_coding	3872	1926	1949	11.3832	2.8229	3.0522
ENSG00000128510.12	CPA4	protein_coding	54	24	30	0.7737	0.1919	0.2075
ENSG00000128512.23	DOCK4	protein_coding	2021	1051	1072	9.6094	2.3830	2.5766
ENSG00000128513.16	POT1	protein_coding	1579	778	809	10.2725	2.5475	2.7544
ENSG00000128519.3	TAS2R16	protein_coding	0	0	0	0.0000	0.0000	0.0000
ENSG00000128524.5	ATP6V1F	protein_coding	1938	1633	1757	144.2309	35.7678	38.6731
ENSG00000128534.8	LSM8	protein_coding	2079	1059	1020	6.8115	1.6892	1.8264
ENSG00000128536.16	CDHR3	protein_coding	111	57	54	0.6472	0.1605	0.1735
ENSG00000128563.13	PRKRIP1	protein_coding	1502	745	757	23.0461	5.7152	6.1794
ENSG00000128564.7	VGF	protein_coding	30	12	18	0.6348	0.1574	0.1702
ENSG00000128567.17	PODXL	protein_coding	5135	2562	2573	42.2466	10.4767	11.3277
ENSG00000128573.26	FOXP2	protein_coding	135	73	62	0.4687	0.1162	0.1257
ENSG00000128578.10	STRIP2	protein_coding	177	97	80	1.7080	0.4236	0.4580
ENSG00000128581.17	IFT22	protein_coding	2024	1327	1370	17.4307	4.3226	4.6737
ENSG00000128585.18	MKLN1	protein_coding	4049	3208	3229	17.8358	4.4231	4.7824
ENSG00000128590.5	DNAJB9	protein_coding	2654	1350	1304	59.3019	14.7063	15.9008
ENSG00000128591.16	FLNC	protein_coding	2278	1171	1215	13.9645	3.4630	3.7443
ENSG00000128594.8	LRRC4	protein_coding	234	118	118	3.0139	0.7474	0.8081
ENSG00000128595.17	CALU	protein_coding	33966	16967	17202	303.7229	75.3202	81.4383
ENSG00000128596.17	CCDC136	protein_coding	133	65	68	1.2091	0.2998	0.3242
ENSG00000128602.11	SMO	protein_coding	1098	615	589	13.1090	3.2509	3.5149
ENSG00000128604.20	IRF5	protein_coding	1064	518	546	13.2818	3.2938	3.5613
ENSG00000128606.13	LRRC17	protein_coding	4052	2202	2206	81.2836	20.1575	21.7949
ENSG00000128607.14	KLHDC10	protein_coding	3368	1677	1691	29.0140	7.1952	7.7796
ENSG00000128609.16	NDUFA5	protein_coding	3970	1960	2010	16.3880	4.0641	4.3942
ENSG00000128610.12	FEZF1	protein_coding	0	0	0	0.0000	0.0000	0.0000
ENSG00000128617.2	OPN1SW	protein_coding	3	99	106	0.1552	0.0385	0.0416
ENSG00000128626.12	MRPS12	protein_coding	1177	591	587	38.0545	9.4371	10.2037
ENSG00000128641.19	MYO1B	protein_coding	13377	6807	6571	79.5772	19.7343	21.3373
ENSG00000128645.15	HOXD1	protein_coding	2	18	21	0.0601	0.0149	0.0161
ENSG00000128652.11	HOXD3	protein_coding	76	81	75	1.2148	0.3012	0.3257
ENSG00000128654.14	MTX2	protein_coding	1579	780	799	52.1520	12.9332	13.9837
ENSG00000128655.18	PDE11A	protein_coding	111	53	58	0.5131	0.1273	0.1376
ENSG00000128656.15	CHN1	protein_coding	2020	952	1068	12.1840	3.0215	3.2669
ENSG00000128683.14	GAD1	protein_coding	110	58	56	0.7569	0.1877	0.2029
ENSG00000128692.8	EIF2S2P4	processed_pseudogene	14	8	6	0.8068	0.2001	0.2163
ENSG00000128694.12	OSGEPL1	protein_coding	622	383	365	9.8447	2.4414	2.6397
ENSG00000128699.14	ORMDL1	protein_coding	2265	1210	1159	32.0559	7.9495	8.5953
ENSG00000128708.13	HAT1	protein_coding	3508	1766	1742	29.2815	7.2615	7.8514
ENSG00000128709.13	HOXD9	protein_coding	290	150	141	8.7899	2.1798	2.3569
ENSG00000128710.6	HOXD10	protein_coding	100	48	52	2.2793	0.5653	0.6112
ENSG00000128713.14	HOXD11	protein_coding	26	15	11	0.6968	0.1728	0.1868
ENSG00000128714.6	HOXD13	protein_coding	64	33	31	1.5023	0.3725	0.4028
ENSG00000128731.18	HERC2	protein_coding	5353	2738	2620	15.0356	3.7287	4.0315
ENSG00000128739.23	SNRPN	protein_coding	53	32	21	0.8819	0.2187	0.2365
ENSG00000128789.21	PSMG2	protein_coding	2602	1330	1337	53.4829	13.2632	14.3406
ENSG00000128791.12	TWSG1	protein_coding	10364	5109	5255	132.5236	32.8645	35.5340
ENSG00000128805.15	ARHGAP22	protein_coding	382	202	182	3.1970	0.7928	0.8572
ENSG00000128815.19	WDFY4	protein_coding	457	247	265	1.8948	0.4699	0.5080
ENSG00000128829.12	EIF2AK4	protein_coding	5585	2756	2849	26.4202	6.5519	7.0841
ENSG00000128833.13	MYO5C	protein_coding	3642	2019	1997	20.5490	5.0959	5.5099
ENSG00000128849.11	CGNL1	protein_coding	2427	1289	1263	15.9061	3.9445	4.2649
ENSG00000128872.10	TMOD2	protein_coding	1968	1017	951	9.6253	2.3870	2.5809
ENSG00000128881.17	TTBK2	protein_coding	1209	925	943	5.3063	1.3159	1.4228
ENSG00000128886.12	ELL3	protein_coding	21	23	26	0.4764	0.1181	0.1277
ENSG00000128891.16	CCDC32	protein_coding	523	746	740	3.4296	0.8505	0.9196
ENSG00000128908.17	INO80	protein_coding	2694	1402	1459	22.0139	5.4592	5.9027
ENSG00000128915.12	ICE2	protein_coding	2612	1289	1323	9.2521	2.2944	2.4808
ENSG00000128917.8	DLL4	protein_coding	1047	523	524	12.4896	3.0973	3.3489
ENSG00000128918.15	ALDH1A2	protein_coding	92	54	59	0.6420	0.1592	0.1721
ENSG00000128923.11	MINDY2	protein_coding	5274	2749	2651	31.6362	7.8455	8.4827
ENSG00000128928.10	IVD	protein_coding	4821	2369	2452	39.8715	9.8877	10.6909
ENSG00000128944.13	KNSTRN	protein_coding	710	335	375	11.0192	2.7326	2.9546
ENSG00000128951.14	DUT	protein_coding	2771	1474	1443	42.7717	10.6070	11.4685
ENSG00000128965.13	CHAC1	protein_coding	39	22	17	1.0783	0.2674	0.2891
ENSG00000128973.13	CLN6	protein_coding	1100	531	569	8.4941	2.1065	2.2776
ENSG00000128989.11	ARPP19	protein_coding	15832	7825	8007	131.3388	32.5707	35.2163
ENSG00000129003.19	VPS13C	protein_coding	6795	3497	3460	19.5576	4.8501	5.2441
ENSG00000129007.14	CALML4	protein_coding	4	139	148	0.0450	0.0112	0.0121
ENSG00000129009.13	ISLR	protein_coding	26946	13127	13822	580.5877	143.9799	155.6749
ENSG00000129028.9	THAP10	protein_coding	202	100	104	5.5962	1.3878	1.5005
ENSG00000129038.16	LOXL1	protein_coding	5491	2898	2955	85.6185	21.2325	22.9572
ENSG00000129048.7	ACKR4	protein_coding	1060	618	574	22.5225	5.5854	6.0390
ENSG00000129055.13	ANAPC13	protein_coding	5037	2747	2733	121.2428	30.0670	32.5093
ENSG00000129071.10	MBD4	protein_coding	3181	1657	1537	53.8009	13.3421	14.4258
ENSG00000129083.13	COPB1	protein_coding	14595	7300	7295	162.3543	40.2622	43.5326
ENSG00000129084.18	PSMA1	protein_coding	698	350	348	12.9782	3.2185	3.4799
ENSG00000129103.19	SUMF2	protein_coding	8028	5347	5036	111.0138	27.5303	29.7665
ENSG00000129116.19	PALLD	protein_coding	30648	16170	16095	171.6081	42.5571	46.0139
ENSG00000129128.13	SPCS3	protein_coding	9242	4834	4751	76.7482	19.0328	20.5788
ENSG00000129151.9	BBOX1	protein_coding	40	22	18	0.9206	0.2283	0.2468
ENSG00000129152.4	MYOD1	protein_coding	0	0	0	0.0000	0.0000	0.0000
ENSG00000129158.11	SERGEF	protein_coding	928	449	479	15.5379	3.8532	4.1662
ENSG00000129159.9	KCNC1	protein_coding	29	15	14	0.1141	0.0283	0.0306
ENSG00000129167.9	TPH1	protein_coding	32	15	17	0.3226	0.0800	0.0865
ENSG00000129170.10	CSRP3	protein_coding	0	0	0	0.0000	0.0000	0.0000
ENSG00000129173.13	E2F8	protein_coding	322	173	162	4.4172	1.0954	1.1844
ENSG00000129187.14	DCTD	protein_coding	4954	2529	2425	81.0563	20.1011	21.7339
ENSG00000129194.8	SOX15	protein_coding	26	9	20	1.0065	0.2496	0.2699
ENSG00000129195.16	PIMREG	protein_coding	153	76	87	3.1021	0.7693	0.8318
ENSG00000129197.14	RPAIN	protein_coding	804	667	697	6.1366	1.5218	1.6454
ENSG00000129204.17	USP6	protein_coding	49	21	28	0.2380	0.0590	0.0638
ENSG00000129214.15	SHBG	protein_coding	6	4	3	0.1726	0.0428	0.0463
ENSG00000129219.14	PLD2	protein_coding	1521	766	755	17.8510	4.4269	4.7864
ENSG00000129221.16	AIPL1	protein_coding	0	0	0	0.0000	0.0000	0.0000
ENSG00000129226.14	CD68	protein_coding	1	19	24	0.0262	0.0065	0.0070
ENSG00000129235.11	TXNDC17	protein_coding	1784	1154	1172	28.4427	7.0535	7.6264
ENSG00000129244.9	ATP1B2	protein_coding	46	24	23	0.7531	0.1868	0.2019
ENSG00000129245.12	FXR2	protein_coding	2044	1127	1147	26.6044	6.5976	7.1335
ENSG00000129250.12	KIF1C	protein_coding	4555	2451	2491	30.1135	7.4679	8.0744
ENSG00000129255.16	MPDU1	protein_coding	2970	1788	1821	51.1941	12.6956	13.7268
ENSG00000129292.21	PHF20L1	protein_coding	6011	3426	3504	16.5711	4.1095	4.4433
ENSG00000129295.9	LRRC6	protein_coding	623	327	296	8.2355	2.0423	2.2082
ENSG00000129315.11	CCNT1	protein_coding	4110	2124	1986	31.5781	7.8311	8.4671
ENSG00000129317.15	PUS7L	protein_coding	2788	1464	1413	11.2821	2.7978	3.0251
ENSG00000129347.21	KRI1	protein_coding	1863	1108	1139	24.8356	6.1590	6.6593
ENSG00000129351.17	ILF3	protein_coding	14489	7124	7367	74.5482	18.4872	19.9889
ENSG00000129353.15	SLC44A2	protein_coding	17916	9035	8882	205.1728	50.8808	55.0137
ENSG00000129354.12	AP1M2	protein_coding	5864	2901	2964	150.2020	37.2486	40.2742
ENSG00000129355.7	CDKN2D	protein_coding	785	430	355	29.5796	7.3354	7.9313
ENSG00000129422.14	MTUS1	protein_coding	5351	2964	2927	25.2669	6.2659	6.7749
ENSG00000129437.11	KLK14	protein_coding	6	1	5	0.2859	0.0709	0.0767
ENSG00000129450.8	SIGLEC9	protein_coding	382	195	188	8.5322	2.1159	2.2878
ENSG00000129451.12	KLK10	protein_coding	12	16	17	0.1792	0.0444	0.0480
ENSG00000129455.15	KLK8	protein_coding	2	0	2	0.0608	0.0151	0.0163
ENSG00000129460.16	NGDN	protein_coding	1731	883	848	21.0971	5.2319	5.6568
ENSG00000129465.16	RIPK3	protein_coding	363	182	181	6.3753	1.5810	1.7094
ENSG00000129467.14	ADCY4	protein_coding	282	154	128	1.9824	0.4916	0.5316
ENSG00000129472.15	RAB2B	protein_coding	1562	854	772	24.6263	6.1071	6.6031
ENSG00000129473.11	BCL2L2	protein_coding	2582	1411	1342	30.2531	7.5025	8.1119
ENSG00000129474.16	AJUBA	protein_coding	2192	1148	1044	21.1229	5.2383	5.6638
ENSG00000129480.13	DTD2	protein_coding	331	541	481	6.3266	1.5689	1.6964
ENSG00000129484.14	PARP2	protein_coding	1193	686	656	16.6556	4.1304	4.4659
ENSG00000129493.15	HEATR5A	protein_coding	2582	1432	1454	14.3357	3.5551	3.8439
ENSG00000129514.8	FOXA1	protein_coding	15943	8006	7958	204.8317	50.7962	54.9222
ENSG00000129515.20	SNX6	protein_coding	5661	2764	2898	78.6273	19.4988	21.0826
ENSG00000129518.9	EAPP	protein_coding	3505	1783	1722	98.3515	24.3902	26.3713
ENSG00000129521.15	EGLN3	protein_coding	6406	3159	3247	49.3391	12.2356	13.2295
ENSG00000129534.14	MIS18BP1	protein_coding	1214	612	602	11.0153	2.7317	2.9536
ENSG00000129535.13	NRL	protein_coding	123	110	93	1.5317	0.3798	0.4107
ENSG00000129538.14	RNASE1	protein_coding	29987	15022	14967	1570.2327	389.4018	421.0318
ENSG00000129559.13	NEDD8	protein_coding	1464	703	761	21.9233	5.4367	5.8784
ENSG00000129562.11	DAD1	protein_coding	7766	3870	3896	578.7249	143.5179	155.1755
ENSG00000129566.13	TEP1	protein_coding	1879	963	917	9.3472	2.3180	2.5063
ENSG00000129595.14	EPB41L4A	protein_coding	656	1009	1046	4.3369	1.0755	1.1629
ENSG00000129596.5	CDO1	protein_coding	93	46	47	2.7846	0.6906	0.7466
ENSG00000129625.13	REEP5	protein_coding	46173	23292	23002	658.9002	163.4006	176.6731
ENSG00000129636.13	ITFG1	protein_coding	4392	2725	2642	32.2672	8.0019	8.6519
ENSG00000129646.14	QRICH2	protein_coding	270	133	137	2.6514	0.6575	0.7109
ENSG00000129654.8	FOXJ1	protein_coding	42	21	21	0.9207	0.2283	0.2469
ENSG00000129657.16	SEC14L1	protein_coding	6570	3261	3311	35.9776	8.9221	9.6468
ENSG00000129667.13	RHBDF2	protein_coding	1528	723	806	12.2825	3.0459	3.2933
ENSG00000129673.10	AANAT	protein_coding	4	1	4	0.1052	0.0261	0.0282
ENSG00000129675.16	ARHGEF6	protein_coding	9199	4495	4704	98.8395	24.5112	26.5022
ENSG00000129680.16	MAP7D3	protein_coding	614	324	290	5.0574	1.2542	1.3560
ENSG00000129682.16	FGF13	protein_coding	958	474	492	2.6199	0.6497	0.7025
ENSG00000129691.16	ASH2L	protein_coding	5815	2932	2893	58.2733	14.4512	15.6250
ENSG00000129696.13	TTI2	protein_coding	364	428	432	5.4237	1.3450	1.4543
ENSG00000129744.3	ART1	protein_coding	0	0	0	0.0000	0.0000	0.0000
ENSG00000129749.3	CHRNA10	protein_coding	35	14	21	0.7343	0.1821	0.1969
ENSG00000129757.14	CDKN1C	protein_coding	629	304	325	14.3833	3.5669	3.8566
ENSG00000129810.15	SGO1	protein_coding	154	111	136	2.3339	0.5788	0.6258
ENSG00000129816.5	TTTY1B	lncRNA	0	0	0	0.0000	0.0000	0.0000
ENSG00000129824.16	RPS4Y1	protein_coding	0	0	0	0.0000	0.0000	0.0000
ENSG00000129845.5	TTTY1	lncRNA	0	0	0	0.0000	0.0000	0.0000
ENSG00000129862.7	VCY1B	protein_coding	0	0	0	0.0000	0.0000	0.0000
ENSG00000129864.6	VCY	protein_coding	0	0	0	0.0000	0.0000	0.0000
ENSG00000129873.7	CDY2B	protein_coding	0	0	0	0.0000	0.0000	0.0000
ENSG00000129910.8	CDH15	protein_coding	9	3	6	0.1098	0.0272	0.0294
ENSG00000129911.9	KLF16	protein_coding	1004	714	656	19.1965	4.7605	5.1472
ENSG00000129925.11	PGAP6	protein_coding	3134	1555	1590	40.1375	9.9537	10.7622
ENSG00000129932.10	DOHH	protein_coding	361	183	178	9.6522	2.3936	2.5881
ENSG00000129933.21	MAU2	protein_coding	4386	2224	2162	22.6200	5.6095	6.0652
ENSG00000129946.10	SHC2	protein_coding	381	197	184	5.2303	1.2971	1.4024
ENSG00000129951.19	PLPPR3	protein_coding	1032	508	530	21.5243	5.3378	5.7714
ENSG00000129965.15	INS-IGF2	protein_coding	0	0	0	0.0000	0.0000	0.0000
ENSG00000129968.17	ABHD17A	protein_coding	1130	574	557	10.3979	2.5786	2.7880
ENSG00000129988.6	LBP	protein_coding	50	28	22	1.5537	0.3853	0.4166
ENSG00000129990.15	SYT5	protein_coding	3	2	2	0.0327	0.0081	0.0088
ENSG00000129991.13	TNNI3	protein_coding	103	49	54	2.8717	0.7122	0.7700
ENSG00000129993.15	CBFA2T3	protein_coding	44	23	27	0.4176	0.1036	0.1120
ENSG00000130005.13	GAMT	protein_coding	2070	1030	1040	48.8513	12.1146	13.0987
ENSG00000130021.15	PUDP	protein_coding	564	304	287	8.3707	2.0758	2.2445
ENSG00000130023.16	ERMARD	protein_coding	1398	688	710	18.5799	4.6076	4.9819
ENSG00000130024.15	PHF10	protein_coding	4979	2727	2658	47.2014	11.7055	12.6563
ENSG00000130032.17	PRRG3	protein_coding	54	22	32	0.4694	0.1164	0.1259
ENSG00000130035.9	GALNT8	protein_coding	28	15	13	0.3584	0.0889	0.0961
ENSG00000130037.5	KCNA5	protein_coding	16	11	5	0.3118	0.0773	0.0836
ENSG00000130038.10	CRACR2A	protein_coding	352	182	170	1.6013	0.3971	0.4294
ENSG00000130045.16	NXNL2	protein_coding	241	121	120	5.4712	1.3568	1.4670
ENSG00000130052.13	STARD8	protein_coding	611	328	283	6.2342	1.5460	1.6716
ENSG00000130054.5	FAM155B	protein_coding	1	1	0	0.0115	0.0029	0.0031
ENSG00000130055.14	GDPD2	protein_coding	18	8	10	0.3870	0.0960	0.1038
ENSG00000130066.16	SAT1	protein_coding	10852	5447	5405	246.3637	61.0957	66.0583
ENSG00000130119.17	GNL3L	protein_coding	3354	1640	1716	15.9181	3.9475	4.2682
ENSG00000130147.16	SH3BP4	protein_coding	5748	2819	2929	46.0083	11.4096	12.3364
ENSG00000130150.12	MOSPD2	protein_coding	1759	882	878	17.5745	4.3583	4.7123
ENSG00000130158.14	DOCK6	protein_coding	1724	899	1005	7.8352	1.9431	2.1009
ENSG00000130159.14	ECSIT	protein_coding	2258	1142	1116	54.3741	13.4842	14.5795
ENSG00000130164.14	LDLR	protein_coding	4039	2136	2191	30.0514	7.4524	8.0578
ENSG00000130165.10	ELOF1	protein_coding	3217	1632	1586	43.7182	10.8417	11.7223
ENSG00000130167.14	TSPAN16	protein_coding	0	0	0	0.0000	0.0000	0.0000
ENSG00000130173.13	ANGPTL8	protein_coding	2	70	65	0.0927	0.0230	0.0249
ENSG00000130175.10	PRKCSH	protein_coding	13454	7321	6924	147.5776	36.5977	39.5705
ENSG00000130176.8	CNN1	protein_coding	2217	1038	1180	44.3165	10.9901	11.8827
ENSG00000130177.16	CDC16	protein_coding	3128	1569	1559	44.8065	11.1116	12.0141
ENSG00000130182.8	ZSCAN10	protein_coding	0	0	0	0.0000	0.0000	0.0000
ENSG00000130193.8	THEM6	protein_coding	2592	1319	1301	48.4324	12.0107	12.9863
ENSG00000130202.10	NECTIN2	protein_coding	9892	5277	5202	149.9132	37.1770	40.1967
ENSG00000130203.10	APOE	protein_coding	7438	3868	3570	195.8258	48.5628	52.5074
ENSG00000130204.13	TOMM40	protein_coding	2744	1370	1374	43.1059	10.6898	11.5581
ENSG00000130208.9	APOC1	protein_coding	653	314	339	30.0825	7.4602	8.0661
ENSG00000130222.11	GADD45G	protein_coding	395	189	206	16.9315	4.1989	4.5399
ENSG00000130224.15	LRCH2	protein_coding	362	174	188	4.1448	1.0279	1.1113
ENSG00000130226.17	DPP6	protein_coding	7	5	2	0.0292	0.0072	0.0078
ENSG00000130227.17	XPO7	protein_coding	3349	1668	1681	27.4533	6.8081	7.3611
ENSG00000130234.12	ACE2	protein_coding	1	1	0	0.0058	0.0014	0.0016
ENSG00000130244.12	FAM98C	protein_coding	673	346	354	8.3005	2.0584	2.2256
ENSG00000130254.12	SAFB2	protein_coding	3233	1583	1654	30.4658	7.5552	8.1689
ENSG00000130255.13	RPL36	protein_coding	17951	9081	8930	448.2610	111.1642	120.1937
ENSG00000130270.16	ATP8B3	protein_coding	107	53	56	0.8651	0.2145	0.2320
ENSG00000130283.9	GDF1	protein_coding	0	0	0	0.0000	0.0000	0.0000
ENSG00000130287.14	NCAN	protein_coding	22	16	6	0.1803	0.0447	0.0483
ENSG00000130294.17	KIF1A	protein_coding	16	12	5	0.0508	0.0126	0.0136
ENSG00000130299.17	GTPBP3	protein_coding	968	487	482	12.1235	3.0065	3.2507
ENSG00000130300.9	PLVAP	protein_coding	6133	2931	3203	151.5478	37.5823	40.6350
ENSG00000130303.13	BST2	protein_coding	24539	12397	12155	1263.9473	313.4462	338.9065
ENSG00000130304.17	SLC27A1	protein_coding	1561	848	838	10.7904	2.6759	2.8933
ENSG00000130305.17	NSUN5	protein_coding	1163	551	612	19.5476	4.8476	5.2414
ENSG00000130307.12	USHBP1	protein_coding	69	37	33	0.7617	0.1889	0.2042
ENSG00000130309.11	COLGALT1	protein_coding	10355	5191	5165	121.2037	30.0573	32.4987
ENSG00000130311.11	DDA1	protein_coding	2035	1007	1068	25.1262	6.2311	6.7372
ENSG00000130312.7	MRPL34	protein_coding	1549	866	891	57.6781	14.3036	15.4654
ENSG00000130313.7	PGLS	protein_coding	2329	1139	1319	46.5062	11.5331	12.4699
ENSG00000130332.15	LSM7	protein_coding	1095	543	553	36.8312	9.1338	9.8757
ENSG00000130338.13	TULP4	protein_coding	3397	1708	1689	15.6812	3.8888	4.2047
ENSG00000130340.16	SNX9	protein_coding	8792	4670	4717	107.1094	26.5620	28.7196
ENSG00000130347.13	RTN4IP1	protein_coding	544	307	315	9.6861	2.4021	2.5972
ENSG00000130348.11	QRSL1	protein_coding	1851	965	887	19.2500	4.7738	5.1616
ENSG00000130349.10	MTRES1	protein_coding	858	436	422	21.2106	5.2600	5.6873
ENSG00000130363.12	RSPH3	protein_coding	1575	780	824	13.5825	3.3683	3.6419
ENSG00000130368.7	MAS1	protein_coding	0	0	0	0.0000	0.0000	0.0000
ENSG00000130377.13	ACSBG2	protein_coding	15	17	15	0.2468	0.0612	0.0662
ENSG00000130382.9	MLLT1	protein_coding	5673	2763	2910	67.5164	16.7434	18.1034
ENSG00000130383.7	FUT5	protein_coding	0	0	0	0.0000	0.0000	0.0000
ENSG00000130385.6	BMP15	protein_coding	0	0	0	0.0000	0.0000	0.0000
ENSG00000130396.20	AFDN	protein_coding	9349	4615	4735	38.6430	9.5831	10.3615
ENSG00000130402.13	ACTN4	protein_coding	27288	14946	15200	253.5226	62.8710	67.9779
ENSG00000130413.15	STK33	protein_coding	16	7	9	0.1194	0.0296	0.0320
ENSG00000130414.13	NDUFA10	protein_coding	3899	2027	1872	11.4217	2.8325	3.0625
ENSG00000130427.3	EPO	protein_coding	5	3	2	0.1706	0.0423	0.0457
ENSG00000130429.15	ARPC1B	protein_coding	41	45	58	0.5830	0.1446	0.1563
ENSG00000130433.7	CACNG6	protein_coding	1	0	1	0.0306	0.0076	0.0082
ENSG00000130449.6	ZSWIM6	protein_coding	1520	763	757	15.6214	3.8740	4.1886
ENSG00000130475.14	FCHO1	protein_coding	447	210	237	4.4519	1.1040	1.1937
ENSG00000130477.15	UNC13A	protein_coding	14	7	9	0.0710	0.0176	0.0190
ENSG00000130479.11	MAP1S	protein_coding	1438	963	900	16.5313	4.0996	4.4326
ENSG00000130487.9	KLHDC7B	protein_coding	454	221	233	5.0237	1.2458	1.3470
ENSG00000130508.11	PXDN	protein_coding	30217	15028	15189	152.1041	37.7203	40.7842
ENSG00000130511.16	SSBP4	protein_coding	831	525	542	15.8460	3.9296	4.2488
ENSG00000130513.6	GDF15	protein_coding	955	498	457	25.9502	6.4354	6.9581
ENSG00000130517.14	PGPEP1	protein_coding	1725	866	862	13.0277	3.2307	3.4932
ENSG00000130518.17	IQCN	protein_coding	331	164	168	2.0506	0.5085	0.5498
ENSG00000130520.11	LSM4	protein_coding	5147	2530	2617	102.0225	25.3005	27.3556
ENSG00000130522.6	JUND	protein_coding	7422	3747	3676	218.1967	54.1106	58.5058
ENSG00000130528.12	HRC	protein_coding	17	5	12	0.3628	0.0900	0.0973
ENSG00000130529.16	TRPM4	protein_coding	1839	901	938	15.7919	3.9162	4.2343
ENSG00000130538.6	OR11H1	protein_coding	0	0	0	0.0000	0.0000	0.0000
ENSG00000130540.14	SULT4A1	protein_coding	212	102	110	4.2051	1.0428	1.1275
ENSG00000130544.12	ZNF557	protein_coding	1089	533	556	10.7236	2.6593	2.8754
ENSG00000130545.16	CRB3	protein_coding	825	515	504	29.2411	7.2515	7.8405
ENSG00000130558.20	OLFM1	protein_coding	363	182	181	3.3609	0.8335	0.9012
ENSG00000130559.19	CAMSAP1	protein_coding	2596	1297	1300	16.4307	4.0746	4.4056
ENSG00000130560.9	UBAC1	protein_coding	1716	823	893	32.7437	8.1201	8.7797
ENSG00000130561.17	SAG	protein_coding	46	21	25	0.2195	0.0544	0.0589
ENSG00000130584.12	ZBTB46	protein_coding	678	578	615	5.4261	1.3456	1.4549
ENSG00000130589.16	HELZ2	protein_coding	8270	4173	4097	38.8688	9.6391	10.4220
ENSG00000130590.14	SAMD10	protein_coding	326	146	180	7.5459	1.8713	2.0233
ENSG00000130592.17	LSP1	protein_coding	2963	1904	1845	27.0104	6.6983	7.2424
ENSG00000130595.19	TNNT3	protein_coding	18	8	10	0.3757	0.0932	0.1007
ENSG00000130598.16	TNNI2	protein_coding	23	13	10	1.1966	0.2968	0.3209
ENSG00000130600.19	H19	lncRNA	2370	1349	1357	46.3937	11.5052	12.4397
ENSG00000130612.16	CYP2G1P	transcribed_unprocessed_pseudogene	10	2	8	0.1449	0.0359	0.0389
ENSG00000130635.16	COL5A1	protein_coding	82045	41165	42417	416.9149	103.3907	111.7888
ENSG00000130638.17	ATXN10	protein_coding	12612	6443	6171	139.5019	34.5951	37.4051
ENSG00000130640.13	TUBGCP2	protein_coding	5428	2936	2946	39.9924	9.9177	10.7233
ENSG00000130643.9	CALY	protein_coding	1	1	0	0.0188	0.0047	0.0051
ENSG00000130649.10	CYP2E1	protein_coding	92	72	69	0.5422	0.1345	0.1454
ENSG00000130653.16	PNPLA7	protein_coding	361	181	180	2.0795	0.5157	0.5576
ENSG00000130656.6	HBZ	protein_coding	1	1	0	0.0489	0.0121	0.0131
ENSG00000130669.17	PAK4	protein_coding	3651	1802	1849	29.1002	7.2166	7.8027
ENSG00000130675.15	MNX1	protein_coding	6	2	4	0.0807	0.0200	0.0217
ENSG00000130684.14	ZNF337	protein_coding	258	1458	1423	3.0136	0.7473	0.8081
ENSG00000130695.16	CEP85	protein_coding	2147	1064	1083	23.6650	5.8687	6.3454
ENSG00000130699.18	TAF4	protein_coding	2240	1116	1124	12.9517	3.2119	3.4728
ENSG00000130700.7	GATA5	protein_coding	1	1	0	0.0216	0.0054	0.0058
ENSG00000130701.4	RBBP8NL	protein_coding	161	76	85	3.2620	0.8089	0.8746
ENSG00000130702.15	LAMA5	protein_coding	6999	4367	4451	27.7736	6.8876	7.4470
ENSG00000130703.17	OSBPL2	protein_coding	5161	2619	2542	22.4328	5.5631	6.0150
ENSG00000130706.13	ADRM1	protein_coding	2322	2663	2640	61.4755	15.2453	16.4836
ENSG00000130707.18	ASS1	protein_coding	9018	4494	4524	169.4535	42.0227	45.4361
ENSG00000130711.5	PRDM12	protein_coding	8	2	6	0.1829	0.0453	0.0490
ENSG00000130713.16	EXOSC2	protein_coding	1343	642	701	17.9626	4.4545	4.8164
ENSG00000130714.18	POMT1	protein_coding	1783	972	995	12.0259	2.9823	3.2245
ENSG00000130717.13	UCK1	protein_coding	1866	962	904	39.4265	9.7774	10.5716
ENSG00000130720.13	FIBCD1	protein_coding	81	46	35	1.1325	0.2809	0.3037
ENSG00000130723.21	PRRC2B	protein_coding	10494	8077	8008	47.8811	11.8740	12.8385
ENSG00000130724.9	CHMP2A	protein_coding	8327	4181	4146	223.8028	55.5008	60.0090
ENSG00000130725.8	UBE2M	protein_coding	3504	1825	1679	114.0056	28.2722	30.5687
ENSG00000130726.12	TRIM28	protein_coding	18139	9095	9045	238.8904	59.2424	64.0545
ENSG00000130731.16	METTL26	protein_coding	1656	833	823	51.3179	12.7263	13.7600
ENSG00000130733.11	YIPF2	protein_coding	1911	1957	1900	43.0392	10.6733	11.5403
ENSG00000130734.10	ATG4D	protein_coding	693	564	512	17.2520	4.2783	4.6258
ENSG00000130741.11	EIF2S3	protein_coding	21410	10931	10479	297.5154	73.7808	79.7738
ENSG00000130748.7	TMEM160	protein_coding	154	86	68	13.3333	3.3065	3.5751
ENSG00000130749.10	ZC3H4	protein_coding	3342	1640	1702	29.0415	7.2020	7.7870
ENSG00000130751.10	NPAS1	protein_coding	64	28	36	1.4150	0.3509	0.3794
ENSG00000130755.13	GMFG	protein_coding	759	367	392	31.0107	7.6903	8.3150
ENSG00000130758.8	MAP3K10	protein_coding	878	456	422	10.1948	2.5282	2.7336
ENSG00000130762.15	ARHGEF16	protein_coding	875	436	439	9.3203	2.3113	2.4991
ENSG00000130764.10	LRRC47	protein_coding	3099	1681	1813	38.9763	9.6657	10.4509
ENSG00000130766.5	SESN2	protein_coding	2022	1023	999	33.1218	8.2139	8.8811
ENSG00000130768.15	SMPDL3B	protein_coding	147	118	107	3.1304	0.7763	0.8394
ENSG00000130770.18	ATP5IF1	protein_coding	6298	3110	3192	160.5211	39.8076	43.0411
ENSG00000130772.14	MED18	protein_coding	990	496	494	27.8348	6.9028	7.4634
ENSG00000130775.16	THEMIS2	protein_coding	1727	882	846	21.1941	5.2559	5.6829
ENSG00000130779.21	CLIP1	protein_coding	13492	6676	6833	41.2269	10.2239	11.0543
ENSG00000130783.14	CCDC62	protein_coding	27	11	16	0.3577	0.0887	0.0959
ENSG00000130787.14	HIP1R	protein_coding	1594	812	782	12.7822	3.1699	3.4273
ENSG00000130803.15	ZNF317	protein_coding	2760	1407	1354	31.0062	7.6892	8.3138
ENSG00000130810.20	PPAN	protein_coding	173	87	86	3.3971	0.8424	0.9109
ENSG00000130811.12	EIF3G	protein_coding	7014	4373	3994	114.0051	28.2721	30.5686
ENSG00000130812.10	ANGPTL6	protein_coding	18	460	463	0.4680	0.1161	0.1255
ENSG00000130813.18	SHFL	protein_coding	1436	1424	1465	18.7596	4.6522	5.0301
ENSG00000130816.17	DNMT1	protein_coding	7032	3417	3618	25.9305	6.4305	6.9528
ENSG00000130818.12	ZNF426	protein_coding	1535	765	770	11.5359	2.8608	3.0932
ENSG00000130821.17	SLC6A8	protein_coding	3521	1808	1835	35.0493	8.6919	9.3979
ENSG00000130822.16	PNCK	protein_coding	68	100	89	0.7596	0.1884	0.2037
ENSG00000130826.18	DKC1	protein_coding	4831	2395	2436	65.1834	16.1648	17.4778
ENSG00000130827.6	PLXNA3	protein_coding	4003	1979	2028	19.3860	4.8075	5.1980
ENSG00000130829.18	DUSP9	protein_coding	3	0	3	0.0614	0.0152	0.0165
ENSG00000130830.15	MPP1	protein_coding	1720	861	859	18.0766	4.4828	4.8469
ENSG00000130844.19	ZNF331	protein_coding	1673	809	864	10.9228	2.7088	2.9288
ENSG00000130856.17	ZNF236	protein_coding	1179	593	586	5.9965	1.4871	1.6079
ENSG00000130876.11	SLC7A10	protein_coding	3	14	18	0.0547	0.0136	0.0147
ENSG00000130881.14	LRP3	protein_coding	1399	702	726	14.8405	3.6803	3.9792
ENSG00000130921.8	C12orf65	protein_coding	929	611	655	8.0176	1.9883	2.1498
ENSG00000130935.10	NOL11	protein_coding	4736	2350	2386	58.1968	14.4322	15.6045
ENSG00000130939.20	UBE4B	protein_coding	3205	1582	1623	19.6769	4.8797	5.2760
ENSG00000130940.15	CASZ1	protein_coding	942	709	753	4.7125	1.1687	1.2636
ENSG00000130943.7	PKDREJ	protein_coding	26	10	17	0.1920	0.0476	0.0515
ENSG00000130948.10	HSD17B3	protein_coding	0	1	0	0.0000	0.0000	0.0000
ENSG00000130950.14	NUTM2F	protein_coding	2	1	1	0.0443	0.0110	0.0119
ENSG00000130956.14	HABP4	protein_coding	1272	895	943	17.6456	4.3759	4.7314
ENSG00000130957.5	FBP2	protein_coding	5	14	17	0.2122	0.0526	0.0569
ENSG00000130958.13	SLC35D2	protein_coding	183	93	90	2.7118	0.6725	0.7271
ENSG00000130962.18	PRRG1	protein_coding	402	213	189	3.7111	0.9203	0.9951
ENSG00000130985.17	UBA1	protein_coding	22882	11273	11612	201.5904	49.9924	54.0531
ENSG00000130988.13	RGN	protein_coding	155	78	77	3.1270	0.7755	0.8385
ENSG00000130997.16	POLN	protein_coding	39	20	19	0.2865	0.0710	0.0768
ENSG00000131002.12	TXLNGY	transcribed_unprocessed_pseudogene	0	0	0	0.0000	0.0000	0.0000
ENSG00000131007.9	TTTY9B	lncRNA	0	0	0	0.0000	0.0000	0.0000
ENSG00000131013.4	PPIL4	protein_coding	2495	1220	1275	48.9759	12.1455	13.1321
ENSG00000131015.5	ULBP2	protein_coding	33	14	19	1.4018	0.3476	0.3759
ENSG00000131016.17	AKAP12	protein_coding	3968	2029	1939	25.6439	6.3594	6.8760
ENSG00000131018.24	SYNE1	protein_coding	6493	3299	3216	7.8871	1.9559	2.1148
ENSG00000131019.11	ULBP3	protein_coding	44	19	25	0.8021	0.1989	0.2151
ENSG00000131023.13	LATS1	protein_coding	3931	1893	2057	26.2514	6.5101	7.0389
ENSG00000131037.15	EPS8L1	protein_coding	691	346	345	7.3369	1.8195	1.9673
ENSG00000131042.15	LILRB2	protein_coding	756	346	416	11.2262	2.7840	3.0101
ENSG00000131043.12	AAR2	protein_coding	5474	2727	2747	100.1065	24.8254	26.8419
ENSG00000131044.17	TTLL9	protein_coding	26	36	17	0.2388	0.0592	0.0640
ENSG00000131050.11	BPIFA2	protein_coding	1	0	1	0.0483	0.0120	0.0130
ENSG00000131051.24	RBM39	protein_coding	20394	10226	10168	96.5879	23.9528	25.8984
ENSG00000131055.5	COX4I2	protein_coding	103	56	47	8.7311	2.1652	2.3411
ENSG00000131059.12	BPIFA3	protein_coding	0	0	0	0.0000	0.0000	0.0000
ENSG00000131061.14	ZNF341	protein_coding	463	230	244	4.8116	1.1932	1.2901
ENSG00000131067.17	GGT7	protein_coding	1892	945	947	36.2239	8.9832	9.7128
ENSG00000131068.4	DEFB118	protein_coding	0	0	0	0.0000	0.0000	0.0000
ENSG00000131069.20	ACSS2	protein_coding	3011	1538	1473	32.5369	8.0688	8.7242
ENSG00000131080.15	EDA2R	protein_coding	803	394	409	12.5935	3.1231	3.3767
ENSG00000131089.17	ARHGEF9	protein_coding	1475	726	749	5.7517	1.4264	1.5422
ENSG00000131094.4	C1QL1	protein_coding	47	30	17	1.7455	0.4329	0.4680
ENSG00000131095.13	GFAP	protein_coding	11	255	303	0.0556	0.0138	0.0149
ENSG00000131096.10	PYY	protein_coding	27	16	12	1.2965	0.3215	0.3476
ENSG00000131097.7	HIGD1B	protein_coding	40	35	40	2.6014	0.6451	0.6975
ENSG00000131100.13	ATP6V1E1	protein_coding	9911	5027	4884	178.8268	44.3472	47.9494
ENSG00000131115.16	ZNF227	protein_coding	562	437	448	6.2874	1.5592	1.6859
ENSG00000131116.12	ZNF428	protein_coding	280	615	645	10.2246	2.5356	2.7416
ENSG00000131126.19	TEX101	protein_coding	2	0	2	0.0710	0.0176	0.0190
ENSG00000131127.14	ZNF141	protein_coding	1321	658	663	5.7875	1.4353	1.5518
ENSG00000131142.13	CCL25	protein_coding	1	1	0	0.0573	0.0142	0.0154
ENSG00000131143.10	COX4I1	protein_coding	7992	4032	4053	94.1084	23.3379	25.2336
ENSG00000131148.9	EMC8	protein_coding	1024	543	574	14.4419	3.5815	3.8724
ENSG00000131149.19	GSE1	protein_coding	6513	3138	3377	27.6130	6.8478	7.4040
ENSG00000131152.4	AC010531.1	protein_coding	0	0	0	0.0000	0.0000	0.0000
ENSG00000131153.9	GINS2	protein_coding	940	487	455	16.5602	4.1068	4.4403
ENSG00000131165.16	CHMP1A	protein_coding	4726	2436	2291	37.0796	9.1954	9.9423
ENSG00000131171.13	SH3BGRL	protein_coding	54851	27506	27359	1450.1626	359.6257	388.8370
ENSG00000131174.7	COX7B	protein_coding	5125	2577	2548	96.0789	23.8266	25.7620
ENSG00000131183.11	SLC34A1	protein_coding	2	0	2	0.0250	0.0062	0.0067
ENSG00000131187.10	F12	protein_coding	192	125	147	3.9508	0.9798	1.0593
ENSG00000131188.12	PRR7	protein_coding	121	66	56	3.9144	0.9707	1.0496
ENSG00000131196.18	NFATC1	protein_coding	1232	645	716	7.7048	1.9107	2.0659
ENSG00000131203.13	IDO1	protein_coding	181	105	111	2.9428	0.7298	0.7891
ENSG00000131233.10	GJA9	protein_coding	1	1	0	0.0233	0.0058	0.0062
ENSG00000131236.18	CAP1	protein_coding	27010	13390	13622	401.6089	99.5950	107.6847
ENSG00000131238.18	PPT1	protein_coding	65798	33132	32672	1106.5845	274.4218	296.7122
ENSG00000131242.18	RAB11FIP4	protein_coding	2100	1147	1107	7.7705	1.9270	2.0835
ENSG00000131263.13	RLIM	protein_coding	5231	2640	2591	27.9147	6.9226	7.4849
ENSG00000131264.3	CDX4	protein_coding	0	0	0	0.0000	0.0000	0.0000
ENSG00000131269.19	ABCB7	protein_coding	1794	932	862	18.9668	4.7036	5.0856
ENSG00000131323.16	TRAF3	protein_coding	1577	777	800	10.7879	2.6753	2.8926
ENSG00000131351.15	HAUS8	protein_coding	346	166	181	3.5463	0.8794	0.9509
ENSG00000131355.15	ADGRE3	protein_coding	1	0	2	0.0200	0.0050	0.0054
ENSG00000131368.8	MRPS25	protein_coding	1125	1244	1184	11.8784	2.9457	3.1850
ENSG00000131370.16	SH3BP5	protein_coding	885	3403	3338	10.8727	2.6963	2.9153
ENSG00000131373.15	HACL1	protein_coding	1261	731	736	23.3697	5.7954	6.2662
ENSG00000131374.14	TBC1D5	protein_coding	5193	2604	2590	26.1332	6.4808	7.0072
ENSG00000131375.10	CAPN7	protein_coding	3672	1822	1851	37.2121	9.2282	9.9778
ENSG00000131378.14	RFTN1	protein_coding	2340	1360	1347	27.8258	6.9005	7.4610
ENSG00000131379.10	C3orf20	protein_coding	4	1	3	0.0657	0.0163	0.0176
ENSG00000131381.12	RBSN	protein_coding	3543	1809	1735	25.3659	6.2905	6.8014
ENSG00000131386.19	GALNT15	protein_coding	1709	842	867	15.1410	3.7548	4.0598
ENSG00000131389.17	SLC6A6	protein_coding	11177	5839	5758	76.7928	19.0438	20.5907
ENSG00000131398.15	KCNC3	protein_coding	68	40	28	0.5676	0.1408	0.1522
ENSG00000131400.8	NAPSA	protein_coding	22	18	18	0.3484	0.0864	0.0934
ENSG00000131401.11	NAPSB	transcribed_unprocessed_pseudogene	448	227	221	13.2669	3.2901	3.5573
ENSG00000131408.15	NR1H2	protein_coding	3898	1959	1953	41.3884	10.2639	11.0976
ENSG00000131409.13	LRRC4B	protein_coding	15	7	8	0.2423	0.0601	0.0650
ENSG00000131435.13	PDLIM4	protein_coding	1722	837	885	30.8350	7.6468	8.2679
ENSG00000131437.16	KIF3A	protein_coding	3512	1840	1684	29.0329	7.1999	7.7847
ENSG00000131446.17	MGAT1	protein_coding	14527	7353	7215	71.6433	17.7668	19.2099
ENSG00000131459.13	GFPT2	protein_coding	3110	1582	1528	37.3582	9.2645	10.0170
ENSG00000131462.8	TUBG1	protein_coding	3360	1991	2039	79.1302	19.6235	21.2174
ENSG00000131467.11	PSME3	protein_coding	11436	5848	5594	125.8314	31.2049	33.7396
ENSG00000131469.15	RPL27	protein_coding	37683	18493	19192	1054.7887	261.5770	282.8240
ENSG00000131470.15	PSMC3IP	protein_coding	293	713	676	6.4453	1.5984	1.7282
ENSG00000131471.7	AOC3	protein_coding	1483	738	745	18.5899	4.6101	4.9846
ENSG00000131473.17	ACLY	protein_coding	14405	8055	7831	156.8562	38.8988	42.0584
ENSG00000131475.7	VPS25	protein_coding	4363	2161	2203	103.4821	25.6625	27.7470
ENSG00000131477.11	RAMP2	protein_coding	624	311	322	31.7372	7.8705	8.5098
ENSG00000131480.9	AOC2	protein_coding	34	15	19	0.7203	0.1786	0.1931
ENSG00000131482.10	G6PC	protein_coding	0	0	0	0.0000	0.0000	0.0000
ENSG00000131484.4	AC091132.1	lncRNA	5	4	1	0.5184	0.1286	0.1390
ENSG00000131495.9	NDUFA2	protein_coding	2195	2595	2643	84.4494	20.9426	22.6437
ENSG00000131503.21	ANKHD1	protein_coding	183	93	90	0.9329	0.2314	0.2501
ENSG00000131504.17	DIAPH1	protein_coding	12757	6296	6462	98.0948	24.3265	26.3025
ENSG00000131507.11	NDFIP1	protein_coding	21511	10852	10659	212.2652	52.6396	56.9154
ENSG00000131508.16	UBE2D2	protein_coding	9696	4825	4871	154.6288	38.3464	41.4611
ENSG00000131538.7	TTTY6	lncRNA	0	0	0	0.0000	0.0000	0.0000
ENSG00000131548.7	TTTY6B	lncRNA	0	0	0	0.0000	0.0000	0.0000
ENSG00000131558.15	EXOC4	protein_coding	5899	2957	2942	35.3329	8.7622	9.4739
ENSG00000131584.19	ACAP3	protein_coding	1554	836	838	10.1214	2.5100	2.7139
ENSG00000131591.18	C1orf159	protein_coding	490	256	235	4.3954	1.0900	1.1786
ENSG00000131620.17	ANO1	protein_coding	25802	16071	16264	243.0212	60.2668	65.1621
ENSG00000131626.19	PPFIA1	protein_coding	16471	10967	10980	79.7396	19.7746	21.3809
ENSG00000131634.14	TMEM204	protein_coding	960	454	506	27.8616	6.9094	7.4706
ENSG00000131650.14	KREMEN2	protein_coding	28	19	19	0.6780	0.1681	0.1818
ENSG00000131652.14	THOC6	protein_coding	1005	670	649	30.6417	7.5988	8.2161
ENSG00000131653.13	TRAF7	protein_coding	4694	2802	2894	59.2998	14.7057	15.9002
ENSG00000131668.14	BARX1	protein_coding	40	19	21	1.2925	0.3205	0.3466
ENSG00000131669.10	NINJ1	protein_coding	7223	3514	3709	157.3027	39.0095	42.1781
ENSG00000131686.15	CA6	protein_coding	0	0	0	0.0000	0.0000	0.0000
ENSG00000131697.18	NPHP4	protein_coding	763	402	367	3.2862	0.8150	0.8811
ENSG00000131711.15	MAP1B	protein_coding	3577	1757	1820	16.1764	4.0116	4.3374
ENSG00000131721.6	RHOXF2	protein_coding	0	0	0	0.0000	0.0000	0.0000
ENSG00000131724.11	IL13RA1	protein_coding	20396	10173	10223	248.7434	61.6858	66.6964
ENSG00000131725.14	WDR44	protein_coding	1921	888	1033	25.9257	6.4293	6.9515
ENSG00000131730.16	CKMT2	protein_coding	130	64	66	2.7285	0.6766	0.7316
ENSG00000131732.12	ZCCHC9	protein_coding	2102	1090	1012	23.2367	5.7625	6.2305
ENSG00000131737.5	KRT34	protein_coding	0	0	0	0.0000	0.0000	0.0000
ENSG00000131738.11	KRT33B	protein_coding	0	0	0	0.0000	0.0000	0.0000
ENSG00000131746.13	TNS4	protein_coding	3608	1751	1859	41.9884	10.4127	11.2585
ENSG00000131747.15	TOP2A	protein_coding	10589	5382	5207	94.2112	23.3634	25.2612
ENSG00000131748.16	STARD3	protein_coding	3069	1497	1573	29.7408	7.3754	7.9745
ENSG00000131759.18	RARA	protein_coding	4828	3269	3361	57.7263	14.3155	15.4783
ENSG00000131771.14	PPP1R1B	protein_coding	17	8	9	0.2122	0.0526	0.0569
ENSG00000131773.14	KHDRBS3	protein_coding	834	424	410	5.4703	1.3566	1.4668
ENSG00000131778.19	CHD1L	protein_coding	16	11	9	0.2110	0.0523	0.0566
ENSG00000131779.11	PEX11B	protein_coding	2350	1248	1102	77.5718	19.2370	20.7996
ENSG00000131781.13	FMO5	protein_coding	781	407	427	7.4015	1.8355	1.9846
ENSG00000131788.16	PIAS3	protein_coding	3220	1988	2031	37.9954	9.4225	10.1878
ENSG00000131791.8	PRKAB2	protein_coding	1985	1038	947	20.6171	5.1128	5.5281
ENSG00000131797.12	CLUHP3	transcribed_unprocessed_pseudogene	561	320	314	5.1025	1.2654	1.3682
ENSG00000131808.11	FSHB	protein_coding	0	0	0	0.0000	0.0000	0.0000
ENSG00000131828.14	PDHA1	protein_coding	2897	1726	1653	36.4600	9.0417	9.7761
ENSG00000131831.18	RAI2	protein_coding	1443	737	706	31.2100	7.7398	8.3684
ENSG00000131844.16	MCCC2	protein_coding	31227	15640	15587	293.3867	72.7569	78.6668
ENSG00000131845.15	ZNF304	protein_coding	1174	600	633	14.3332	3.5545	3.8432
ENSG00000131848.9	ZSCAN5A	protein_coding	243	141	154	1.7142	0.4251	0.4596
ENSG00000131849.12	ZNF132	protein_coding	309	159	150	5.0675	1.2567	1.3588
ENSG00000131864.10	USP29	protein_coding	0	0	0	0.0000	0.0000	0.0000
ENSG00000131871.15	SELENOS	protein_coding	4095	2034	2061	61.7955	15.3247	16.5694
ENSG00000131873.7	CHSY1	protein_coding	8533	4324	4211	85.3902	21.1759	22.8960
ENSG00000131876.17	SNRPA1	protein_coding	1076	548	528	16.6312	4.1244	4.4594
ENSG00000131885.17	KRT17P1	transcribed_unprocessed_pseudogene	0	0	0	0.0000	0.0000	0.0000
ENSG00000131899.11	LLGL1	protein_coding	2034	992	1072	17.5035	4.3407	4.6933
ENSG00000131910.5	NR0B2	protein_coding	4	1	3	0.1947	0.0483	0.0522
ENSG00000131914.11	LIN28A	protein_coding	0	0	0	0.0000	0.0000	0.0000
ENSG00000131931.8	THAP1	protein_coding	1131	648	674	26.0516	6.4605	6.9853
ENSG00000131941.8	RHPN2	protein_coding	5021	2460	2561	59.2593	14.6957	15.8894
ENSG00000131943.18	C19orf12	protein_coding	1032	516	516	10.8822	2.6987	2.9179
ENSG00000131944.10	FAAP24	protein_coding	285	140	145	6.7995	1.6862	1.8232
ENSG00000131951.11	LRRC9	protein_coding	23	15	9	0.2428	0.0602	0.0651
ENSG00000131966.14	ACTR10	protein_coding	4784	2310	2474	67.1702	16.6575	18.0106
ENSG00000131969.15	ABHD12B	protein_coding	618	293	325	7.7009	1.9097	2.0649
ENSG00000131979.20	GCH1	protein_coding	1772	930	842	34.3556	8.5198	9.2119
ENSG00000131981.16	LGALS3	protein_coding	11065	5581	5484	285.3551	70.7652	76.5132
ENSG00000131982.5	UBE2L2	processed_pseudogene	0	0	0	0.0000	0.0000	0.0000
ENSG00000132000.13	PODNL1	protein_coding	1673	825	853	22.7629	5.6450	6.1035
ENSG00000132002.9	DNAJB1	protein_coding	14292	7810	7768	98.9862	24.5476	26.5415
ENSG00000132003.9	ZSWIM4	protein_coding	425	652	655	5.1139	1.2682	1.3712
ENSG00000132004.13	FBXW9	protein_coding	637	403	413	17.1775	4.2598	4.6059
ENSG00000132005.9	RFX1	protein_coding	963	453	514	9.9784	2.4745	2.6755
ENSG00000132010.16	ZNF20	protein_coding	27	18	13	0.3738	0.0927	0.1002
ENSG00000132016.11	C19orf57	protein_coding	144	86	80	2.1266	0.5274	0.5702
ENSG00000132017.10	DCAF15	protein_coding	1155	566	592	22.1209	5.4858	5.9314
ENSG00000132024.17	CC2D1A	protein_coding	2596	1273	1345	29.2159	7.2453	7.8338
ENSG00000132026.14	RTBDN	protein_coding	188	125	146	3.9856	0.9884	1.0687
ENSG00000132031.13	MATN3	protein_coding	3210	2009	2118	57.7718	14.3268	15.4906
ENSG00000132109.10	TRIM21	protein_coding	2289	1168	1121	67.0848	16.6364	17.9877
ENSG00000132122.12	SPATA6	protein_coding	997	492	507	9.5217	2.3613	2.5531
ENSG00000132128.16	LRRC41	protein_coding	5224	2790	2800	34.4240	8.5368	9.2302
ENSG00000132141.14	CCT6B	protein_coding	287	149	143	3.7983	0.9419	1.0185
ENSG00000132153.15	DHX30	protein_coding	6307	3129	3181	46.1867	11.4538	12.3842
ENSG00000132155.13	RAF1	protein_coding	3712	3959	3842	27.1763	6.7394	7.2869
ENSG00000132164.10	SLC6A11	protein_coding	3	2	1	0.0255	0.0063	0.0068
ENSG00000132170.23	PPARG	protein_coding	140	53	87	1.7507	0.4342	0.4694
ENSG00000132182.12	NUP210	protein_coding	7810	3864	3946	54.0457	13.4028	14.4915
ENSG00000132185.18	FCRLA	protein_coding	22	12	11	0.3810	0.0945	0.1021
ENSG00000132196.15	HSD17B7	protein_coding	2301	1144	1157	27.3105	6.7727	7.3229
ENSG00000132199.20	ENOSF1	protein_coding	1097	1050	1084	5.4619	1.3545	1.4645
ENSG00000132204.14	LINC00470	lncRNA	0	0	0	0.0000	0.0000	0.0000
ENSG00000132205.11	EMILIN2	protein_coding	1648	806	842	14.4471	3.5827	3.8737
ENSG00000132207.18	SLX1A	protein_coding	0	0	0	0.0000	0.0000	0.0000
ENSG00000132254.13	ARFIP2	protein_coding	6674	3306	3373	71.2504	17.6694	19.1046
ENSG00000132256.19	TRIM5	protein_coding	1546	768	781	16.9713	4.2087	4.5506
ENSG00000132259.13	CNGA4	protein_coding	12	5	7	0.3065	0.0760	0.0822
ENSG00000132274.16	TRIM22	protein_coding	10188	5108	5083	97.2007	24.1048	26.0628
ENSG00000132275.11	RRP8	protein_coding	1596	812	789	13.0775	3.2431	3.5065
ENSG00000132286.12	TIMM10B	protein_coding	3116	1559	1558	59.1195	14.6610	15.8519
ENSG00000132294.15	EFR3A	protein_coding	12336	6169	6167	112.9803	28.0180	30.2938
ENSG00000132297.12	HHLA1	protein_coding	0	0	0	0.0000	0.0000	0.0000
ENSG00000132300.19	PTCD3	protein_coding	3134	1527	1607	17.5570	4.3539	4.7076
ENSG00000132305.21	IMMT	protein_coding	5793	2876	2917	89.0783	22.0905	23.8849
ENSG00000132313.15	MRPL35	protein_coding	2503	1353	1151	37.1098	9.2029	9.9504
ENSG00000132321.17	IQCA1	protein_coding	465	268	287	4.4186	1.0958	1.1848
ENSG00000132323.9	ILKAP	protein_coding	1402	744	658	16.7419	4.1518	4.4891
ENSG00000132326.12	PER2	protein_coding	3343	1769	1825	27.5875	6.8414	7.3971
ENSG00000132329.11	RAMP1	protein_coding	2453	1182	1271	121.2812	30.0765	32.5195
ENSG00000132330.18	SCLY	protein_coding	105	57	49	0.5090	0.1262	0.1365
ENSG00000132334.17	PTPRE	protein_coding	3120	1571	1550	15.8077	3.9201	4.2386
ENSG00000132341.12	RAN	protein_coding	16081	8200	7881	195.4046	48.4584	52.3945
ENSG00000132356.11	PRKAA1	protein_coding	4142	2105	2037	35.7904	8.8757	9.5966
ENSG00000132357.14	CARD6	protein_coding	680	338	342	9.0205	2.2370	2.4187
ENSG00000132359.15	RAP1GAP2	protein_coding	1042	550	527	7.8454	1.9456	2.1036
ENSG00000132361.18	CLUH	protein_coding	2526	1294	1250	20.7608	5.1485	5.5667
ENSG00000132376.20	INPP5K	protein_coding	2016	1024	992	22.1008	5.4808	5.9260
ENSG00000132382.15	MYBBP1A	protein_coding	2741	1445	1403	26.0896	6.4700	6.9955
ENSG00000132383.12	RPA1	protein_coding	5827	2904	2950	60.1692	14.9213	16.1334
ENSG00000132386.11	SERPINF1	protein_coding	27269	13488	13782	517.1987	128.2601	138.6782
ENSG00000132388.12	UBE2G1	protein_coding	3278	1671	1607	40.9551	10.1565	10.9814
ENSG00000132394.11	EEFSEC	protein_coding	1338	666	736	31.6950	7.8601	8.4985
ENSG00000132405.19	TBC1D14	protein_coding	1566	1970	1953	14.1866	3.5181	3.8039
ENSG00000132406.12	TMEM128	protein_coding	1355	689	667	43.9600	10.9016	11.7871
ENSG00000132423.12	COQ3	protein_coding	538	267	271	21.0704	5.2253	5.6497
ENSG00000132424.16	PNISR	protein_coding	4798	2531	2418	25.0294	6.2070	6.7112
ENSG00000132429.10	POPDC3	protein_coding	12	7	9	0.2985	0.0740	0.0800
ENSG00000132432.14	SEC61G	protein_coding	2490	1310	1180	76.6601	19.0109	20.5551
ENSG00000132434.9	LANCL2	protein_coding	873	440	433	9.4571	2.3453	2.5358
ENSG00000132436.11	FIGNL1	protein_coding	832	440	392	9.3728	2.3244	2.5132
ENSG00000132437.18	DDC	protein_coding	2	1	1	0.0368	0.0091	0.0099
ENSG00000132446.7	FTHL17	protein_coding	0	0	0	0.0000	0.0000	0.0000
ENSG00000132463.14	GRSF1	protein_coding	7642	3832	3810	56.0209	13.8926	15.0211
ENSG00000132464.13	ENAM	protein_coding	2	1	1	0.0195	0.0048	0.0052
ENSG00000132465.12	JCHAIN	protein_coding	3354	2177	2139	123.0306	30.5103	32.9886
ENSG00000132466.19	ANKRD17	protein_coding	8569	4374	4195	40.3544	10.0075	10.8204
ENSG00000132467.4	UTP3	protein_coding	2193	1092	1101	61.5668	15.2679	16.5081
ENSG00000132470.14	ITGB4	protein_coding	15916	7937	7983	133.5004	33.1067	35.7959
ENSG00000132471.12	WBP2	protein_coding	11423	5607	5818	119.9848	29.7550	32.1719
ENSG00000132475.10	H3-3B	protein_coding	63233	32117	31246	584.6009	144.9751	156.7510
ENSG00000132478.10	UNK	protein_coding	3051	1856	1806	31.2314	7.7451	8.3742
ENSG00000132481.7	TRIM47	protein_coding	3063	1821	1759	55.2314	13.6968	14.8094
ENSG00000132485.14	ZRANB2	protein_coding	5064	2972	2895	57.6087	14.2864	15.4468
ENSG00000132507.18	EIF5A	protein_coding	8656	7262	6883	182.8237	45.3384	49.0211
ENSG00000132510.10	KDM6B	protein_coding	2337	1171	1166	18.2600	4.5283	4.8961
ENSG00000132514.14	CLEC10A	protein_coding	18	10	8	0.4134	0.1025	0.1109
ENSG00000132517.15	SLC52A1	protein_coding	32	19	13	0.4613	0.1144	0.1237
ENSG00000132518.7	GUCY2D	protein_coding	43	32	31	0.6063	0.1504	0.1626
ENSG00000132522.16	GPS2	protein_coding	13	2718	2781	0.2387	0.0592	0.0640
ENSG00000132530.17	XAF1	protein_coding	1574	4076	4228	13.4938	3.3463	3.6181
ENSG00000132535.21	DLG4	protein_coding	1309	713	647	7.2197	1.7904	1.9359
ENSG00000132541.11	RIDA	protein_coding	1330	642	688	50.3836	12.4946	13.5095
ENSG00000132549.18	VPS13B	protein_coding	12219	6081	6185	41.4536	10.2801	11.1151
ENSG00000132554.20	RGS22	protein_coding	298	148	151	2.6559	0.6586	0.7121
ENSG00000132561.14	MATN2	protein_coding	229	112	117	1.8710	0.4640	0.5017
ENSG00000132563.16	REEP2	protein_coding	877	424	453	15.3313	3.8020	4.1108
ENSG00000132570.15	PCBD2	protein_coding	2296	1213	1084	15.6423	3.8791	4.1942
ENSG00000132581.10	SDF2	protein_coding	3284	1688	1619	57.9631	14.3743	15.5419
ENSG00000132589.16	FLOT2	protein_coding	10272	5129	5143	171.8362	42.6137	46.0750
ENSG00000132591.12	ERAL1	protein_coding	3184	1796	1806	80.6092	19.9903	21.6140
ENSG00000132600.17	PRMT7	protein_coding	1573	870	791	9.3369	2.3155	2.5035
ENSG00000132603.15	NIP7	protein_coding	1662	871	857	19.8676	4.9270	5.3272
ENSG00000132604.11	TERF2	protein_coding	1975	985	990	19.8797	4.9300	5.3304
ENSG00000132612.16	VPS4A	protein_coding	2050	1187	1196	20.4819	5.0793	5.4919
ENSG00000132613.15	MTSS2	protein_coding	1235	2055	2125	14.0467	3.4834	3.7664
ENSG00000132622.11	HSPA12B	protein_coding	687	327	360	12.4353	3.0838	3.3343
ENSG00000132623.16	ANKEF1	protein_coding	1790	940	921	17.2961	4.2893	4.6377
ENSG00000132631.6	SCP2D1	protein_coding	0	0	0	0.0000	0.0000	0.0000
ENSG00000132635.17	PCED1A	protein_coding	2376	1210	1166	58.0788	14.4030	15.5729
ENSG00000132639.13	SNAP25	protein_coding	93	44	49	1.5711	0.3896	0.4213
ENSG00000132640.15	BTBD3	protein_coding	2770	1568	1413	25.2226	6.2550	6.7630
ENSG00000132646.11	PCNA	protein_coding	10564	5336	5228	427.0022	105.8922	114.4936
ENSG00000132661.4	NXT1	protein_coding	1479	738	742	78.9774	19.5856	21.1765
ENSG00000132664.12	POLR3F	protein_coding	1408	713	695	29.9167	7.4190	8.0217
ENSG00000132669.13	RIN2	protein_coding	8945	4474	4487	61.3164	15.2059	16.4410
ENSG00000132670.20	PTPRA	protein_coding	11513	5657	5856	146.0958	36.2303	39.1731
ENSG00000132671.6	SSTR4	protein_coding	1	0	1	0.0144	0.0036	0.0039
ENSG00000132676.16	DAP3	protein_coding	6704	3495	3414	82.8648	20.5496	22.2188
ENSG00000132677.13	RHBG	protein_coding	131	62	69	2.1953	0.5444	0.5886
ENSG00000132680.11	KHDC4	protein_coding	2701	1351	1351	27.1296	6.7279	7.2743
ENSG00000132681.17	ATP1A4	protein_coding	290	153	139	2.6225	0.6504	0.7032
ENSG00000132688.11	NES	protein_coding	5148	2541	2608	52.4323	13.0027	14.0588
ENSG00000132692.19	BCAN	protein_coding	40	23	29	0.4761	0.1181	0.1276
ENSG00000132693.12	CRP	protein_coding	0	0	0	0.0000	0.0000	0.0000
ENSG00000132694.19	ARHGEF11	protein_coding	5392	2720	2672	32.8020	8.1346	8.7953
ENSG00000132698.15	RAB25	protein_coding	2681	1334	1347	90.0174	22.3234	24.1367
ENSG00000132702.13	HAPLN2	protein_coding	4	2	2	0.1029	0.0255	0.0276
ENSG00000132703.4	APCS	protein_coding	0	0	0	0.0000	0.0000	0.0000
ENSG00000132704.16	FCRL2	protein_coding	6	4	2	0.0673	0.0167	0.0180
ENSG00000132716.19	DCAF8	protein_coding	2797	1541	1463	20.8570	5.1723	5.5925
ENSG00000132718.9	SYT11	protein_coding	1832	930	902	20.0488	4.9719	5.3757
ENSG00000132740.10	IGHMBP2	protein_coding	622	284	338	3.6308	0.9004	0.9735
ENSG00000132744.8	ACY3	protein_coding	0	0	0	0.0000	0.0000	0.0000
ENSG00000132746.15	ALDH3B2	protein_coding	4365	2160	2209	67.5782	16.7587	18.1200
ENSG00000132749.11	TESMIN	protein_coding	868	451	417	8.5031	2.1087	2.2800
ENSG00000132763.15	MMACHC	protein_coding	831	7563	7188	9.3337	2.3147	2.5027
ENSG00000132768.14	DPH2	protein_coding	1058	619	593	20.4775	5.0782	5.4907
ENSG00000132773.12	TOE1	protein_coding	656	402	393	15.7768	3.9125	4.2303
ENSG00000132780.17	NASP	protein_coding	4156	2142	2014	28.3823	7.0385	7.6102
ENSG00000132781.19	MUTYH	protein_coding	46	62	67	0.4489	0.1113	0.1204
ENSG00000132792.19	CTNNBL1	protein_coding	5288	2733	2555	72.2956	17.9286	19.3849
ENSG00000132793.12	LPIN3	protein_coding	1356	858	837	16.4771	4.0862	4.4181
ENSG00000132801.7	ZSWIM3	protein_coding	362	192	170	7.3952	1.8339	1.9829
ENSG00000132819.17	RBM38	protein_coding	885	511	508	18.6089	4.6148	4.9897
ENSG00000132821.12	VSTM2L	protein_coding	59	26	33	1.7141	0.4251	0.4596
ENSG00000132823.11	OSER1	protein_coding	4825	2506	2320	121.6655	30.1718	32.6226
ENSG00000132824.14	SERINC3	protein_coding	20469	10387	10082	249.6873	61.9199	66.9495
ENSG00000132825.7	PPP1R3D	protein_coding	1479	818	872	23.0233	5.7096	6.1733
ENSG00000132832.10	AL139352.1	lncRNA	0	0	0	0.0000	0.0000	0.0000
ENSG00000132837.15	DMGDH	protein_coding	102	54	53	1.0922	0.2709	0.2929
ENSG00000132840.10	BHMT2	protein_coding	266	126	140	4.0388	1.0016	1.0829
ENSG00000132842.14	AP3B1	protein_coding	8484	4276	4208	88.2479	21.8846	23.6622
ENSG00000132846.6	ZBED3	protein_coding	1244	900	984	10.8936	2.7015	2.9209
ENSG00000132849.21	PATJ	protein_coding	15754	7835	7919	74.9567	18.5885	20.0984
ENSG00000132854.19	KANK4	protein_coding	1374	688	686	11.4352	2.8358	3.0662
ENSG00000132855.5	ANGPTL3	protein_coding	4	3	1	0.0673	0.0167	0.0180
ENSG00000132872.12	SYT4	protein_coding	0	0	0	0.0000	0.0000	0.0000
ENSG00000132874.15	SLC14A2	protein_coding	7	6	3	0.0838	0.0208	0.0225
ENSG00000132879.14	FBXO44	protein_coding	1722	875	876	27.6877	6.8663	7.4240
ENSG00000132881.12	CPLANE2	protein_coding	381	177	204	13.7271	3.4042	3.6807
ENSG00000132906.18	CASP9	protein_coding	761	417	354	8.1906	2.0312	2.1962
ENSG00000132911.5	NMUR2	protein_coding	2	1	1	0.0487	0.0121	0.0130
ENSG00000132912.13	DCTN4	protein_coding	8843	4473	4370	78.3205	19.4227	21.0003
ENSG00000132915.11	PDE6A	protein_coding	15	11	5	0.1147	0.0284	0.0308
ENSG00000132932.17	ATP8A2	protein_coding	61	38	24	0.3291	0.0816	0.0882
ENSG00000132938.21	MTUS2	protein_coding	13	9	4	0.0873	0.0216	0.0234
ENSG00000132950.19	ZMYM5	protein_coding	626	284	343	9.5278	2.3628	2.5547
ENSG00000132952.12	USPL1	protein_coding	3173	1545	1628	35.1104	8.7070	9.4143
ENSG00000132953.16	XPO4	protein_coding	2098	1001	1097	11.3312	2.8100	3.0383
ENSG00000132958.17	TPTE2	protein_coding	4	2	2	0.0992	0.0246	0.0266
ENSG00000132963.8	POMP	protein_coding	8580	4357	4223	332.8123	82.5341	89.2381
ENSG00000132964.12	CDK8	protein_coding	623	321	302	9.9860	2.4764	2.6776
ENSG00000132965.10	ALOX5AP	protein_coding	1934	947	987	65.2840	16.1898	17.5048
ENSG00000132967.9	HMGB1P5	transcribed_processed_pseudogene	1015	505	510	51.8097	12.8483	13.8919
ENSG00000132970.14	WASF3	protein_coding	329	314	308	3.6005	0.8929	0.9654
ENSG00000132972.19	RNF17	protein_coding	0	0	0	0.0000	0.0000	0.0000
ENSG00000132975.8	GPR12	protein_coding	7	3	4	0.0749	0.0186	0.0201
ENSG00000133019.12	CHRM3	protein_coding	88	37	51	0.3289	0.0816	0.0882
ENSG00000133020.4	MYH8	protein_coding	37	23	17	0.3473	0.0861	0.0931
ENSG00000133026.13	MYH10	protein_coding	12010	6289	6137	75.6007	18.7482	20.2711
ENSG00000133027.18	PEMT	protein_coding	289	339	348	9.5286	2.3630	2.5549
ENSG00000133028.12	SCO1	protein_coding	1874	1005	1073	10.3189	2.5590	2.7668
ENSG00000133030.22	MPRIP	protein_coding	8300	4271	4393	25.5756	6.3425	6.8577
ENSG00000133048.13	CHI3L1	protein_coding	301	163	138	5.0757	1.2587	1.3610
ENSG00000133055.9	MYBPH	protein_coding	4	2	2	0.1248	0.0309	0.0335
ENSG00000133056.13	PIK3C2B	protein_coding	2207	1101	1107	13.2950	3.2970	3.5648
ENSG00000133059.17	DSTYK	protein_coding	2916	1424	1492	19.5122	4.8388	5.2319
ENSG00000133063.16	CHIT1	protein_coding	26	11	15	0.1907	0.0473	0.0511
ENSG00000133065.11	SLC41A1	protein_coding	1976	984	993	17.5696	4.3571	4.7110
ENSG00000133067.17	LGR6	protein_coding	56	24	32	0.6929	0.1718	0.1858
ENSG00000133069.17	TMCC2	protein_coding	76	35	42	0.7403	0.1836	0.1985
ENSG00000133083.15	DCLK1	protein_coding	6202	3179	3023	24.3385	6.0357	6.5260
ENSG00000133101.10	CCNA1	protein_coding	129	68	61	3.2499	0.8059	0.8714
ENSG00000133103.17	COG6	protein_coding	1769	885	884	12.4668	3.0916	3.3428
ENSG00000133104.14	SPART	protein_coding	6133	3082	3053	53.2296	13.2004	14.2726
ENSG00000133105.8	RXFP2	protein_coding	0	0	0	0.0000	0.0000	0.0000
ENSG00000133106.15	EPSTI1	protein_coding	4884	2394	2490	56.2493	13.9493	15.0823
ENSG00000133107.15	TRPC4	protein_coding	68	29	39	0.4729	0.1173	0.1268
ENSG00000133110.15	POSTN	protein_coding	211645	106497	105150	2196.6293	544.7419	588.9896
ENSG00000133111.4	RFXAP	protein_coding	292	139	154	7.1747	1.7793	1.9238
ENSG00000133112.17	TPT1	protein_coding	47054	50830	49357	371.4926	92.1264	99.6096
ENSG00000133114.18	GPALPP1	protein_coding	1620	818	803	8.4735	2.1014	2.2720
ENSG00000133115.12	STOML3	protein_coding	0	0	0	0.0000	0.0000	0.0000
ENSG00000133116.8	KL	protein_coding	249	130	119	2.7885	0.6915	0.7477
ENSG00000133119.13	RFC3	protein_coding	875	440	435	17.3622	4.3057	4.6554
ENSG00000133121.21	STARD13	protein_coding	1624	816	810	10.9822	2.7235	2.9447
ENSG00000133124.11	IRS4	protein_coding	6	1	6	0.0866	0.0215	0.0232
ENSG00000133131.15	MORC4	protein_coding	2432	1198	1234	22.9139	5.6824	6.1440
ENSG00000133134.12	BEX2	protein_coding	386	183	203	19.2525	4.7744	5.1622
ENSG00000133135.14	RNF128	protein_coding	334	173	161	5.5416	1.3743	1.4859
ENSG00000133136.4	GNG5P2	processed_pseudogene	0	0	0	0.0000	0.0000	0.0000
ENSG00000133138.20	TBC1D8B	protein_coding	1112	572	540	6.6276	1.6436	1.7771
ENSG00000133142.18	TCEAL4	protein_coding	33479	16827	16654	756.1104	187.5077	202.7384
ENSG00000133169.6	BEX1	protein_coding	16	10	6	1.1413	0.2830	0.3060
ENSG00000133193.12	FAM104A	protein_coding	1480	1836	1828	26.5436	6.5825	7.1172
ENSG00000133195.11	SLC39A11	protein_coding	6632	3342	3290	67.3653	16.7059	18.0629
ENSG00000133216.17	EPHB2	protein_coding	1305	698	643	5.9130	1.4664	1.5855
ENSG00000133226.17	SRRM1	protein_coding	5623	2817	2807	40.2525	9.9822	10.7930
ENSG00000133243.10	BTBD2	protein_coding	3418	2150	2145	32.6651	8.1006	8.7586
ENSG00000133246.12	PRAM1	protein_coding	79	42	37	1.3613	0.3376	0.3650
ENSG00000133247.14	KMT5C	protein_coding	408	201	207	4.8446	1.2014	1.2990
ENSG00000133250.14	ZNF414	protein_coding	572	277	295	11.7487	2.9136	3.1502
ENSG00000133256.13	PDE6B	protein_coding	240	134	106	2.6703	0.6622	0.7160
ENSG00000133265.11	HSPBP1	protein_coding	1915	956	959	50.1152	12.4281	13.4376
ENSG00000133275.16	CSNK1G2	protein_coding	2494	1229	1265	37.4067	9.2765	10.0300
ENSG00000133302.13	SLF1	protein_coding	1249	630	620	10.3207	2.5594	2.7673
ENSG00000133313.15	CNDP2	protein_coding	8752	4356	4396	41.9832	10.4114	11.2571
ENSG00000133315.12	MACROD1	protein_coding	598	305	294	16.1797	4.0124	4.3383
ENSG00000133316.15	WDR74	protein_coding	532	502	472	7.1038	1.7617	1.9048
ENSG00000133317.16	LGALS12	protein_coding	8	3	5	0.1971	0.0489	0.0528
ENSG00000133318.14	RTN3	protein_coding	14102	7010	7093	138.0739	34.2409	37.0222
ENSG00000133321.11	PLAAT4	protein_coding	9202	4639	4564	401.4194	99.5480	107.6339
ENSG00000133328.4	PLAAT2	protein_coding	265	141	124	20.3633	5.0499	5.4601
ENSG00000133392.18	MYH11	protein_coding	1911	1615	1593	6.1127	1.5159	1.6390
ENSG00000133393.13	CEP20	protein_coding	3172	1613	1560	75.2024	18.6494	20.1643
ENSG00000133398.4	MED10	protein_coding	1405	706	699	42.7454	10.6004	11.4615
ENSG00000133401.16	PDZD2	protein_coding	715	367	348	2.5466	0.6315	0.6828
ENSG00000133422.14	MORC2	protein_coding	4302	2542	2563	22.5540	5.5932	6.0475
ENSG00000133424.22	LARGE1	protein_coding	2682	1310	1389	10.8015	2.6787	2.8962
ENSG00000133433.11	GSTT2B	protein_coding	100	44	57	5.1182	1.2693	1.3724
ENSG00000133454.16	MYO18B	protein_coding	16	5	11	0.0934	0.0232	0.0251
ENSG00000133460.19	SLC2A11	protein_coding	616	337	300	3.9295	0.9745	1.0536
ENSG00000133466.14	C1QTNF6	protein_coding	5351	3121	3078	42.4769	10.5338	11.3895
ENSG00000133475.17	GGT2	protein_coding	0	0	0	0.0000	0.0000	0.0000
ENSG00000133477.17	FAM83F	protein_coding	1519	778	747	5.2561	1.3035	1.4093
ENSG00000133488.15	SEC14L4	protein_coding	0	0	0	0.0000	0.0000	0.0000
ENSG00000133519.12	ZDHHC8P1	transcribed_unprocessed_pseudogene	61	39	37	1.0582	0.2624	0.2837
ENSG00000133561.15	GIMAP6	protein_coding	905	468	437	13.1159	3.2526	3.5168
ENSG00000133574.10	GIMAP4	protein_coding	1875	928	947	50.6580	12.5627	13.5831
ENSG00000133597.11	ADCK2	protein_coding	1981	1233	1203	36.1230	8.9581	9.6858
ENSG00000133606.11	MKRN1	protein_coding	9226	4727	4499	89.5441	22.2060	24.0098
ENSG00000133612.19	AGAP3	protein_coding	4143	2092	2051	20.7938	5.1567	5.5755
ENSG00000133619.17	KRBA1	protein_coding	792	388	404	8.4156	2.0870	2.2565
ENSG00000133624.13	ZNF767P	transcribed_unprocessed_pseudogene	713	345	368	10.0783	2.4993	2.7023
ENSG00000133627.18	ACTR3B	protein_coding	604	320	285	5.6861	1.4101	1.5246
ENSG00000133636.11	NTS	protein_coding	10	6	4	0.3647	0.0904	0.0978
ENSG00000133639.6	BTG1	protein_coding	21617	11346	11092	252.5025	62.6181	67.7043
ENSG00000133640.20	LRRIQ1	protein_coding	60	32	28	0.3870	0.0960	0.1038
ENSG00000133641.18	C12orf29	protein_coding	1269	879	827	11.2533	2.7907	3.0174
ENSG00000133657.16	ATP13A3	protein_coding	9202	4647	4555	39.3727	9.7640	10.5571
ENSG00000133661.17	SFTPD	protein_coding	31	15	19	0.4148	0.1029	0.1112
ENSG00000133665.13	DYDC2	protein_coding	17	11	9	0.3911	0.0970	0.1049
ENSG00000133678.14	TMEM254	protein_coding	2292	1855	1812	43.3843	10.7589	11.6328
ENSG00000133687.16	TMTC1	protein_coding	8979	4441	4538	34.6842	8.6013	9.3000
ENSG00000133703.13	KRAS	protein_coding	7787	4567	4420	64.5143	15.9989	17.2984
ENSG00000133704.10	IPO8	protein_coding	6874	3435	3440	57.2513	14.1978	15.3510
ENSG00000133706.19	LARS1	protein_coding	14995	7892	8052	41.2019	10.2177	11.0476
ENSG00000133710.16	SPINK5	protein_coding	8	4	5	0.1014	0.0251	0.0272
ENSG00000133731.10	IMPA1	protein_coding	1361	689	672	17.5215	4.3452	4.6981
ENSG00000133739.16	LRRCC1	protein_coding	3315	1636	1679	37.5912	9.3222	10.0795
ENSG00000133740.11	E2F5	protein_coding	1143	2341	2320	10.8051	2.6795	2.8972
ENSG00000133742.14	CA1	protein_coding	2	2	0	0.0279	0.0069	0.0075
ENSG00000133773.12	CCDC59	protein_coding	1194	596	650	19.2472	4.7731	5.1608
ENSG00000133789.15	SWAP70	protein_coding	10039	4982	5058	79.1590	19.6306	21.2252
ENSG00000133794.20	ARNTL	protein_coding	1115	584	531	9.1191	2.2614	2.4451
ENSG00000133800.9	LYVE1	protein_coding	120	56	64	1.9360	0.4801	0.5191
ENSG00000133805.15	AMPD3	protein_coding	1104	566	538	9.2165	2.2856	2.4713
ENSG00000133812.16	SBF2	protein_coding	3371	2472	2487	11.3683	2.8192	3.0482
ENSG00000133816.17	MICAL2	protein_coding	10336	6127	6270	29.0305	7.1993	7.7840
ENSG00000133818.14	RRAS2	protein_coding	1703	881	822	27.9448	6.9300	7.4929
ENSG00000133835.17	HSD17B4	protein_coding	11584	5833	5751	61.7937	15.3242	16.5689
ENSG00000133858.17	ZFC3H1	protein_coding	4072	1978	2094	24.4829	6.0715	6.5647
ENSG00000133863.9	TEX15	protein_coding	2	2	0	0.0096	0.0024	0.0026
ENSG00000133872.14	SARAF	protein_coding	12258	6412	6409	231.7942	57.4826	62.1518
ENSG00000133874.2	RNF122	protein_coding	650	351	299	19.6910	4.8832	5.2798
ENSG00000133878.9	DUSP26	protein_coding	0	0	0	0.0000	0.0000	0.0000
ENSG00000133884.10	DPF2	protein_coding	2530	1263	1267	16.6253	4.1229	4.4578
ENSG00000133895.17	MEN1	protein_coding	1587	785	802	18.2887	4.5354	4.9038
ENSG00000133935.7	ERG28	protein_coding	2320	1158	1163	56.7100	14.0635	15.2058
ENSG00000133937.5	GSC	protein_coding	24	15	9	1.1939	0.2961	0.3201
ENSG00000133943.21	DGLUCY	protein_coding	2248	1154	1103	17.6767	4.3836	4.7397
ENSG00000133958.13	UNC79	protein_coding	21	11	10	0.0952	0.0236	0.0255
ENSG00000133961.20	NUMB	protein_coding	4457	2182	2275	26.4777	6.5662	7.0996
ENSG00000133962.8	CATSPERB	protein_coding	152	81	71	1.5297	0.3794	0.4102
ENSG00000133980.5	VRTN	protein_coding	0	0	0	0.0000	0.0000	0.0000
ENSG00000133983.16	COX16	protein_coding	384	197	187	11.3597	2.8171	3.0459
ENSG00000133985.3	TTC9	protein_coding	2129	1074	1055	23.7015	5.8777	6.3552
ENSG00000133997.12	MED6	protein_coding	917	468	449	12.3259	3.0567	3.3050
ENSG00000134001.15	EIF2S1	protein_coding	6435	3194	3246	68.5956	17.0110	18.3928
ENSG00000134007.5	ADAM20	protein_coding	6	3	3	0.1217	0.0302	0.0326
ENSG00000134013.16	LOXL2	protein_coding	19070	10591	10590	180.6949	44.8105	48.4503
ENSG00000134014.17	ELP3	protein_coding	1389	710	679	15.2626	3.7850	4.0924
ENSG00000134020.8	PEBP4	protein_coding	25	18	14	1.0620	0.2634	0.2848
ENSG00000134028.14	ADAMDEC1	protein_coding	751	384	367	17.4689	4.3321	4.6840
ENSG00000134030.14	CTIF	protein_coding	2190	1114	1076	15.3044	3.7953	4.1036
ENSG00000134042.14	MRO	protein_coding	166	78	88	1.7039	0.4225	0.4569
ENSG00000134046.12	MBD2	protein_coding	5877	2956	2921	58.6149	14.5359	15.7166
ENSG00000134049.6	IER3IP1	protein_coding	2545	1290	1255	34.0956	8.4554	9.1422
ENSG00000134056.12	MRPS36	protein_coding	1903	940	963	69.2233	17.1667	18.5611
ENSG00000134057.15	CCNB1	protein_coding	3211	1597	1614	74.8441	18.5606	20.0682
ENSG00000134058.12	CDK7	protein_coding	3316	1622	1696	77.8354	19.3024	20.8703
ENSG00000134061.5	CD180	protein_coding	811	383	428	8.1143	2.0123	2.1757
ENSG00000134070.5	IRAK2	protein_coding	435	215	220	7.1900	1.7830	1.9279
ENSG00000134072.11	CAMK1	protein_coding	58	521	474	1.2115	0.3004	0.3248
ENSG00000134077.16	THUMPD3	protein_coding	3020	2167	2281	32.7090	8.1115	8.7704
ENSG00000134086.8	VHL	protein_coding	2615	2291	2414	30.3265	7.5207	8.1315
ENSG00000134107.5	BHLHE40	protein_coding	44925	25247	24590	724.6006	179.6936	194.2896
ENSG00000134108.14	ARL8B	protein_coding	15108	7595	7513	241.6171	59.9186	64.7856
ENSG00000134109.11	EDEM1	protein_coding	6441	3306	3241	54.2183	13.4456	14.5377
ENSG00000134115.13	CNTN6	protein_coding	25	18	7	0.2574	0.0638	0.0690
ENSG00000134121.10	CHL1	protein_coding	202	113	98	0.9796	0.2429	0.2627
ENSG00000134138.20	MEIS2	protein_coding	735	383	390	3.8534	0.9556	1.0332
ENSG00000134146.12	DPH6	protein_coding	866	433	445	5.2542	1.3030	1.4088
ENSG00000134152.11	KATNBL1	protein_coding	1518	767	752	11.7748	2.9200	3.1572
ENSG00000134153.10	EMC7	protein_coding	3880	1954	1926	151.5390	37.5802	40.6327
ENSG00000134160.14	TRPM1	protein_coding	1	0	1	0.0076	0.0019	0.0020
ENSG00000134183.12	GNAT2	protein_coding	47	41	44	1.8757	0.4652	0.5029
ENSG00000134184.13	GSTM1	protein_coding	4000	3203	3219	90.3025	22.3941	24.2131
ENSG00000134186.12	PRPF38B	protein_coding	3825	1879	1946	31.1884	7.7344	8.3627
ENSG00000134193.15	REG4	protein_coding	0	0	0	0.0000	0.0000	0.0000
ENSG00000134198.10	TSPAN2	protein_coding	514	256	258	8.5406	2.1180	2.2900
ENSG00000134200.4	TSHB	protein_coding	0	0	0	0.0000	0.0000	0.0000
ENSG00000134201.12	GSTM5	protein_coding	230	118	113	2.1499	0.5331	0.5765
ENSG00000134202.11	GSTM3	protein_coding	37380	24396	24820	446.2776	110.6724	119.6619
ENSG00000134207.17	SYT6	protein_coding	59	27	32	0.6606	0.1638	0.1771
ENSG00000134215.16	VAV3	protein_coding	24627	12369	12261	191.1575	47.4051	51.2557
ENSG00000134216.19	CHIA	protein_coding	0	0	0	0.0000	0.0000	0.0000
ENSG00000134222.16	PSRC1	protein_coding	425	187	238	8.4419	2.0935	2.2636
ENSG00000134240.12	HMGCS2	protein_coding	0	0	0	0.0000	0.0000	0.0000
ENSG00000134242.16	PTPN22	protein_coding	485	260	290	6.1162	1.5167	1.6399
ENSG00000134243.12	SORT1	protein_coding	13956	7126	6832	86.7146	21.5044	23.2511
ENSG00000134245.18	WNT2B	protein_coding	138	213	242	0.6325	0.1568	0.1696
ENSG00000134247.10	PTGFRN	protein_coding	13869	6984	6886	121.2254	30.0627	32.5046
ENSG00000134248.14	LAMTOR5	protein_coding	1960	1497	1495	46.5459	11.5429	12.4805
ENSG00000134249.7	ADAM30	protein_coding	0	0	0	0.0000	0.0000	0.0000
ENSG00000134250.20	NOTCH2	protein_coding	21422	10800	10625	60.9554	15.1163	16.3442
ENSG00000134253.10	TRIM45	protein_coding	915	465	451	11.8795	2.9460	3.1853
ENSG00000134255.14	CEPT1	protein_coding	1881	1529	1439	12.6718	3.1425	3.3977
ENSG00000134256.12	CD101	protein_coding	82	63	46	1.2148	0.3013	0.3257
ENSG00000134258.17	VTCN1	protein_coding	6105	3026	3079	114.3754	28.3639	30.6679
ENSG00000134259.5	NGF	protein_coding	18	5	13	0.8838	0.2192	0.2370
ENSG00000134262.13	AP4B1	protein_coding	512	431	389	4.9659	1.2315	1.3315
ENSG00000134265.13	NAPG	protein_coding	3153	1585	1568	31.9926	7.9338	8.5783
ENSG00000134278.15	SPIRE1	protein_coding	3018	2434	2460	26.2019	6.4978	7.0256
ENSG00000134283.18	PPHLN1	protein_coding	3170	1722	1698	14.7898	3.6677	3.9657
ENSG00000134285.11	FKBP11	protein_coding	692	347	346	7.9167	1.9633	2.1227
ENSG00000134287.10	ARF3	protein_coding	16673	8446	8228	191.4794	47.4850	51.3420
ENSG00000134291.12	TMEM106C	protein_coding	5381	2703	2679	87.8148	21.7772	23.5461
ENSG00000134294.14	SLC38A2	protein_coding	33348	17057	16291	290.5460	72.0525	77.9051
ENSG00000134297.6	PLEKHA8P1	transcribed_processed_pseudogene	166	83	91	4.0577	1.0063	1.0880
ENSG00000134308.14	YWHAQ	protein_coding	16625	8196	8429	349.0571	86.5626	93.5939
ENSG00000134313.16	KIDINS220	protein_coding	6796	3413	3383	25.0896	6.2220	6.7274
ENSG00000134317.18	GRHL1	protein_coding	41	25	19	0.2924	0.0725	0.0784
ENSG00000134318.14	ROCK2	protein_coding	5609	2804	2805	31.1910	7.7351	8.3634
ENSG00000134321.12	RSAD2	protein_coding	17935	8944	8993	215.3946	53.4157	57.7545
ENSG00000134323.12	MYCN	protein_coding	7	4	4	0.1517	0.0376	0.0407
ENSG00000134324.12	LPIN1	protein_coding	2141	1082	1059	10.2366	2.5386	2.7448
ENSG00000134326.11	CMPK2	protein_coding	4223	2142	2083	55.6686	13.8052	14.9266
ENSG00000134330.19	IAH1	protein_coding	1647	1646	1701	15.8281	3.9252	4.2440
ENSG00000134333.14	LDHA	protein_coding	97752	49466	48287	918.1042	227.6806	246.1744
ENSG00000134339.9	SAA2	protein_coding	9	6	3	0.2276	0.0565	0.0610
ENSG00000134343.14	ANO3	protein_coding	8	5	4	0.0582	0.0144	0.0156
ENSG00000134352.20	IL6ST	protein_coding	65531	37384	36895	367.3284	91.0937	98.4930
ENSG00000134363.12	FST	protein_coding	3773	1920	1854	77.7495	19.2811	20.8472
ENSG00000134365.13	CFHR4	protein_coding	12	3	9	0.2748	0.0682	0.0737
ENSG00000134369.15	NAV1	protein_coding	7472	4191	4237	18.8722	4.6801	5.0603
ENSG00000134371.14	CDC73	protein_coding	4235	2159	2078	22.8469	5.6658	6.1260
ENSG00000134375.11	TIMM17A	protein_coding	4274	2169	2105	69.1719	17.1539	18.5473
ENSG00000134376.16	CRB1	protein_coding	6	2	4	0.0267	0.0066	0.0072
ENSG00000134389.10	CFHR5	protein_coding	0	0	0	0.0000	0.0000	0.0000
ENSG00000134398.15	ERN2	protein_coding	1	8	6	0.0120	0.0030	0.0032
ENSG00000134419.15	RPS15A	protein_coding	3348	1633	1715	28.4272	7.0496	7.6223
ENSG00000134438.10	RAX	protein_coding	0	0	0	0.0000	0.0000	0.0000
ENSG00000134440.12	NARS1	protein_coding	10406	5172	5234	144.3199	35.7899	38.6970
ENSG00000134443.10	GRP	protein_coding	791	397	394	52.0994	12.9201	13.9696
ENSG00000134444.15	RELCH	protein_coding	1797	900	897	9.5046	2.3570	2.5485
ENSG00000134452.20	FBH1	protein_coding	4157	2564	2594	35.3121	8.7570	9.4683
ENSG00000134453.16	RBM17	protein_coding	5251	2611	2640	46.7332	11.5894	12.5307
ENSG00000134460.18	IL2RA	protein_coding	275	135	166	3.9362	0.9761	1.0554
ENSG00000134461.16	ANKRD16	protein_coding	586	271	315	10.8601	2.6932	2.9120
ENSG00000134463.15	ECHDC3	protein_coding	685	366	319	17.7786	4.4089	4.7670
ENSG00000134470.21	IL15RA	protein_coding	834	408	426	13.0185	3.2285	3.4907
ENSG00000134480.16	CCNH	protein_coding	2157	1963	2077	20.4520	5.0719	5.4839
ENSG00000134489.7	HRH4	protein_coding	8	7	2	0.1238	0.0307	0.0332
ENSG00000134490.14	TMEM241	protein_coding	1798	946	852	19.6350	4.8693	5.2648
ENSG00000134504.14	KCTD1	protein_coding	1256	639	617	8.0529	1.9970	2.1592
ENSG00000134508.12	CABLES1	protein_coding	2319	1399	1399	19.7641	4.9013	5.2994
ENSG00000134516.18	DOCK2	protein_coding	2051	977	1074	8.8189	2.1870	2.3646
ENSG00000134531.10	EMP1	protein_coding	33482	17037	16445	242.4056	60.1142	64.9970
ENSG00000134532.19	SOX5	protein_coding	662	325	337	3.3938	0.8416	0.9100
ENSG00000134533.6	RERG	protein_coding	4319	2217	2102	58.9200	14.6116	15.7984
ENSG00000134538.3	SLCO1B1	protein_coding	5	3	3	0.1017	0.0252	0.0273
ENSG00000134539.17	KLRD1	protein_coding	166	79	88	0.5407	0.1341	0.1450
ENSG00000134545.14	KLRC1	protein_coding	13	9	4	0.2703	0.0670	0.0725
ENSG00000134548.11	SPX	protein_coding	3	2	1	0.0235	0.0058	0.0063
ENSG00000134551.13	PRH2	protein_coding	13	3	10	0.2261	0.0561	0.0606
ENSG00000134569.10	LRP4	protein_coding	460	266	235	2.9820	0.7395	0.7996
ENSG00000134571.11	MYBPC3	protein_coding	3	1	2	0.0398	0.0099	0.0107
ENSG00000134574.12	DDB2	protein_coding	2248	1094	1167	26.3288	6.5293	7.0596
ENSG00000134575.13	ACP2	protein_coding	3308	1809	1780	53.8452	13.3531	14.4377
ENSG00000134588.12	USP26	protein_coding	2	0	2	0.0274	0.0068	0.0073
ENSG00000134590.14	RTL8C	protein_coding	4730	2322	2424	225.0320	55.8057	60.3386
ENSG00000134594.5	RAB33A	protein_coding	69	31	39	4.1407	1.0269	1.1103
ENSG00000134595.9	SOX3	protein_coding	10	3	7	0.2720	0.0675	0.0729
ENSG00000134597.16	RBMX2	protein_coding	1245	620	625	25.3424	6.2847	6.7951
ENSG00000134602.16	STK26	protein_coding	1776	878	898	30.3639	7.5299	8.1416
ENSG00000134612.12	FOLH1B	transcribed_unprocessed_pseudogene	5	0	5	0.1136	0.0282	0.0305
ENSG00000134627.12	PIWIL4	protein_coding	138	68	70	1.7399	0.4315	0.4665
ENSG00000134640.3	MTNR1B	protein_coding	0	0	0	0.0000	0.0000	0.0000
ENSG00000134644.16	PUM1	protein_coding	9269	4648	4621	79.3905	19.6881	21.2873
ENSG00000134668.12	SPOCD1	protein_coding	250	144	142	2.0011	0.4962	0.5366
ENSG00000134684.11	YARS1	protein_coding	5818	2944	2933	33.3372	8.2673	8.9388
ENSG00000134686.18	PHC2	protein_coding	7362	3641	3753	83.9194	20.8112	22.5016
ENSG00000134690.11	CDCA8	protein_coding	666	340	326	15.6978	3.8929	4.2091
ENSG00000134697.13	GNL2	protein_coding	5470	2699	2827	53.9766	13.3857	14.4729
ENSG00000134698.11	AGO4	protein_coding	1827	930	897	13.9579	3.4614	3.7426
ENSG00000134709.12	HOOK1	protein_coding	3246	1607	1639	27.8320	6.9020	7.4627
ENSG00000134716.11	CYP2J2	protein_coding	158	81	77	3.0138	0.7474	0.8081
ENSG00000134717.18	BTF3L4	protein_coding	4943	2469	2474	47.1280	11.6873	12.6366
ENSG00000134744.14	TUT4	protein_coding	1136	556	582	3.9769	0.9862	1.0664
ENSG00000134748.13	PRPF38A	protein_coding	3437	1719	1718	34.7004	8.6054	9.3043
ENSG00000134755.17	DSC2	protein_coding	2211	1100	1114	10.0301	2.4874	2.6894
ENSG00000134757.5	DSG3	protein_coding	221	111	110	2.2464	0.5571	0.6023
ENSG00000134758.14	RNF138	protein_coding	1227	602	646	18.4277	4.5699	4.9411
ENSG00000134759.14	ELP2	protein_coding	14949	7810	7422	76.6508	19.0086	20.5526
ENSG00000134760.6	DSG1	protein_coding	14	9	6	0.1073	0.0266	0.0288
ENSG00000134762.17	DSC3	protein_coding	531	254	277	3.9113	0.9700	1.0487
ENSG00000134765.10	DSC1	protein_coding	25	11	22	0.3319	0.0823	0.0890
ENSG00000134769.21	DTNA	protein_coding	874	466	440	3.9231	0.9729	1.0519
ENSG00000134775.15	FHOD3	protein_coding	1156	733	729	8.2306	2.0411	2.2069
ENSG00000134779.15	TPGS2	protein_coding	3150	1769	1694	16.9019	4.1915	4.5320
ENSG00000134780.10	DAGLA	protein_coding	619	349	361	6.0534	1.5012	1.6231
ENSG00000134802.18	SLC43A3	protein_coding	1087	546	541	13.6471	3.3843	3.6592
ENSG00000134809.9	TIMM10	protein_coding	935	448	487	68.3297	16.9451	18.3215
ENSG00000134812.8	CBLIF	protein_coding	0	0	0	0.0000	0.0000	0.0000
ENSG00000134815.19	DHX34	protein_coding	1442	740	703	14.4429	3.5817	3.8726
ENSG00000134817.11	APLNR	protein_coding	551	295	256	8.5398	2.1178	2.2898
ENSG00000134824.14	FADS2	protein_coding	3972	2166	2271	21.3448	5.2933	5.7233
ENSG00000134825.16	TMEM258	protein_coding	2048	1040	1009	37.6840	9.3452	10.1043
ENSG00000134827.8	TCN1	protein_coding	13	6	7	0.4915	0.1219	0.1318
ENSG00000134830.6	C5AR2	protein_coding	1644	826	819	13.7590	3.4121	3.6893
ENSG00000134851.13	TMEM165	protein_coding	6778	3467	3428	54.5375	13.5247	14.6233
ENSG00000134852.15	CLOCK	protein_coding	4138	2064	2191	20.3473	5.0459	5.4558
ENSG00000134853.12	PDGFRA	protein_coding	9028	4627	4401	53.6271	13.2990	14.3792
ENSG00000134864.10	GGACT	protein_coding	281	180	186	4.5831	1.1366	1.2289
ENSG00000134871.19	COL4A2	protein_coding	35682	18937	18768	105.0036	26.0398	28.1550
ENSG00000134873.10	CLDN10	protein_coding	1	3	6	0.0168	0.0042	0.0045
ENSG00000134874.18	DZIP1	protein_coding	1053	505	556	7.0478	1.7478	1.8897
ENSG00000134882.16	UBAC2	protein_coding	4476	2261	2216	54.3192	13.4706	14.5648
ENSG00000134884.15	ARGLU1	protein_coding	3457	1732	1725	33.9005	8.4070	9.0898
ENSG00000134897.14	BIVM	protein_coding	675	327	348	4.8138	1.1938	1.2907
ENSG00000134899.23	ERCC5	protein_coding	89	45	44	0.7768	0.1927	0.2083
ENSG00000134900.12	TPP2	protein_coding	3367	1661	1706	21.7153	5.3852	5.8226
ENSG00000134901.13	POGLUT2	protein_coding	1132	567	565	27.4810	6.8150	7.3686
ENSG00000134905.17	CARS2	protein_coding	1300	626	680	7.0643	1.7519	1.8942
ENSG00000134909.18	ARHGAP32	protein_coding	3733	1828	1905	16.4861	4.0884	4.4205
ENSG00000134910.14	STT3A	protein_coding	10333	5229	5106	79.5202	19.7202	21.3220
ENSG00000134917.10	ADAMTS8	protein_coding	6	2	4	0.0822	0.0204	0.0220
ENSG00000134940.14	ACRV1	protein_coding	1	1	0	0.0289	0.0072	0.0077
ENSG00000134954.14	ETS1	protein_coding	8054	3953	4101	63.8890	15.8438	17.1308
ENSG00000134955.12	SLC37A2	protein_coding	1981	983	998	17.7196	4.3943	4.7512
ENSG00000134962.7	KLB	protein_coding	23	9	16	0.2173	0.0539	0.0583
ENSG00000134970.14	TMED7	protein_coding	15806	7994	7812	221.0500	54.8182	59.2709
ENSG00000134982.17	APC	protein_coding	5925	2919	3006	27.0102	6.6983	7.2423
ENSG00000134986.14	NREP	protein_coding	404	3939	3739	2.4614	0.6104	0.6600
ENSG00000134987.11	WDR36	protein_coding	5116	2611	2505	37.8955	9.3977	10.1611
ENSG00000134996.12	OSTF1	protein_coding	2477	1240	1237	104.2067	25.8422	27.9413
ENSG00000135002.12	RFK	protein_coding	2974	1531	1445	43.6028	10.8130	11.6914
ENSG00000135018.14	UBQLN1	protein_coding	12074	6051	6153	99.7111	24.7273	26.7359
ENSG00000135040.16	NAA35	protein_coding	2661	1360	1302	22.1756	5.4993	5.9460
ENSG00000135045.7	C9orf40	protein_coding	358	171	187	8.6355	2.1415	2.3155
ENSG00000135046.14	ANXA1	protein_coding	14516	7211	7305	184.8646	45.8445	49.5684
ENSG00000135047.16	CTSL	protein_coding	13632	6886	6746	126.4633	31.3616	33.9090
ENSG00000135048.14	CEMIP2	protein_coding	8419	4145	4274	51.5930	12.7945	13.8338
ENSG00000135049.16	AGTPBP1	protein_coding	1216	625	591	13.9622	3.4625	3.7437
ENSG00000135052.16	GOLM1	protein_coding	24157	12116	12042	323.6340	80.2580	86.7771
ENSG00000135063.19	FAM189A2	protein_coding	57	32	25	0.3384	0.0839	0.0907
ENSG00000135069.14	PSAT1	protein_coding	813	402	411	20.8999	5.1830	5.6040
ENSG00000135070.15	ISCA1	protein_coding	3084	1530	1554	53.7968	13.3411	14.4247
ENSG00000135074.16	ADAM19	protein_coding	2113	1090	1036	15.5540	3.8572	4.1706
ENSG00000135077.9	HAVCR2	protein_coding	2458	1215	1243	43.3976	10.7622	11.6363
ENSG00000135083.16	CCNJL	protein_coding	154	80	74	0.9460	0.2346	0.2537
ENSG00000135090.14	TAOK3	protein_coding	5285	2733	2552	28.4573	7.0571	7.6303
ENSG00000135093.13	USP30	protein_coding	1605	818	827	17.7012	4.3897	4.7463
ENSG00000135094.11	SDS	protein_coding	2095	1018	1080	39.5366	9.8047	10.6011
ENSG00000135097.7	MSI1	protein_coding	101	47	54	1.8633	0.4621	0.4996
ENSG00000135100.18	HNF1A	protein_coding	1	50	52	0.0113	0.0028	0.0030
ENSG00000135108.15	FBXO21	protein_coding	4697	2355	2346	38.6824	9.5928	10.3720
ENSG00000135111.16	TBX3	protein_coding	6102	3114	3175	58.0611	14.3986	15.5681
ENSG00000135114.12	OASL	protein_coding	3357	1648	1709	54.1300	13.4237	14.5141
ENSG00000135116.9	HRK	protein_coding	311	147	165	2.5736	0.6382	0.6901
ENSG00000135119.15	RNFT2	protein_coding	562	306	257	4.1820	1.0371	1.1213
ENSG00000135124.15	P2RX4	protein_coding	2539	1266	1273	17.6562	4.3786	4.7342
ENSG00000135127.11	BICDL1	protein_coding	1991	1006	985	20.5889	5.1058	5.5206
ENSG00000135144.7	DTX1	protein_coding	168	80	89	2.1717	0.5386	0.5823
ENSG00000135148.12	TRAFD1	protein_coding	6625	3272	3357	96.3837	23.9022	25.8437
ENSG00000135164.19	DMTF1	protein_coding	2802	1528	1466	16.9603	4.2060	4.5476
ENSG00000135175.5	OCM2	protein_coding	0	0	0	0.0000	0.0000	0.0000
ENSG00000135185.12	TMEM243	protein_coding	606	428	369	10.5096	2.6063	2.8180
ENSG00000135205.15	CCDC146	protein_coding	324	151	182	4.1207	1.0219	1.1049
ENSG00000135211.6	TMEM60	protein_coding	1003	538	465	64.8576	16.0840	17.3905
ENSG00000135218.19	CD36	protein_coding	494	249	245	2.5749	0.6385	0.6904
ENSG00000135220.11	UGT2A3	protein_coding	0	0	0	0.0000	0.0000	0.0000
ENSG00000135222.6	CSN2	protein_coding	0	0	0	0.0000	0.0000	0.0000
ENSG00000135226.18	UGT2B28	protein_coding	1	0	1	0.0305	0.0076	0.0082
ENSG00000135241.17	PNPLA8	protein_coding	2626	1318	1308	26.2507	6.5099	7.0387
ENSG00000135245.10	HILPDA	protein_coding	1274	619	655	34.9027	8.6555	9.3586
ENSG00000135248.15	FAM71F1	protein_coding	8	4	4	0.1800	0.0446	0.0483
ENSG00000135249.8	RINT1	protein_coding	1177	855	850	18.6916	4.6353	5.0118
ENSG00000135250.17	SRPK2	protein_coding	5162	2864	2723	45.9844	11.4037	12.3300
ENSG00000135253.15	KCP	protein_coding	43	786	723	0.1947	0.0483	0.0522
ENSG00000135269.18	TES	protein_coding	3244	1726	1728	43.1139	10.6918	11.5603
ENSG00000135272.12	MDFIC	protein_coding	3664	1927	1737	41.1701	10.2098	11.0391
ENSG00000135297.16	MTO1	protein_coding	1267	687	753	5.9524	1.4761	1.5960
ENSG00000135298.14	ADGRB3	protein_coding	20	11	9	0.1726	0.0428	0.0463
ENSG00000135299.17	ANKRD6	protein_coding	918	967	965	6.2369	1.5467	1.6723
ENSG00000135312.7	HTR1B	protein_coding	39	20	19	0.8612	0.2136	0.2309
ENSG00000135314.12	KHDC1	protein_coding	29	19	17	0.4909	0.1217	0.1316
ENSG00000135315.12	CEP162	protein_coding	1055	512	543	10.9137	2.7065	2.9263
ENSG00000135316.19	SYNCRIP	protein_coding	12391	6306	6085	67.2305	16.6725	18.0267
ENSG00000135317.13	SNX14	protein_coding	3998	2004	1995	31.9108	7.9136	8.5564
ENSG00000135318.12	NT5E	protein_coding	4507	2296	2212	56.3847	13.9828	15.1186
ENSG00000135324.6	MRAP2	protein_coding	24	12	12	0.6369	0.1579	0.1708
ENSG00000135333.14	EPHA7	protein_coding	37	18	19	0.2810	0.0697	0.0753
ENSG00000135334.9	AKIRIN2	protein_coding	2809	1425	1386	71.2744	17.6753	19.1110
ENSG00000135336.15	ORC3	protein_coding	2926	1430	1498	44.9806	11.1547	12.0608
ENSG00000135338.14	LCA5	protein_coding	884	459	427	8.4057	2.0845	2.2538
ENSG00000135341.18	MAP3K7	protein_coding	4189	2072	2117	32.7486	8.1213	8.7810
ENSG00000135346.9	CGA	protein_coding	6342	3169	3173	181.2775	44.9550	48.6066
ENSG00000135355.4	GJA10	protein_coding	0	0	0	0.0000	0.0000	0.0000
ENSG00000135362.14	PRR5L	protein_coding	1237	605	632	10.6031	2.6295	2.8431
ENSG00000135363.12	LMO2	protein_coding	886	446	440	17.3498	4.3026	4.6521
ENSG00000135365.16	PHF21A	protein_coding	2968	1430	1538	14.6744	3.6391	3.9347
ENSG00000135372.9	NAT10	protein_coding	4491	2213	2278	48.7248	12.0833	13.0647
ENSG00000135373.13	EHF	protein_coding	86	40	46	0.7370	0.1828	0.1976
ENSG00000135374.11	ELF5	protein_coding	9	2	8	0.1039	0.0258	0.0279
ENSG00000135378.4	PRRG4	protein_coding	2196	1116	1080	22.4671	5.5716	6.0242
ENSG00000135387.21	CAPRIN1	protein_coding	28035	13925	14112	174.8064	43.3502	46.8714
ENSG00000135390.21	ATP5MC2	protein_coding	14503	7191	7315	210.6723	52.2446	56.4883
ENSG00000135392.18	DNAJC14	protein_coding	1781	1915	1880	24.1051	5.9778	6.4634
ENSG00000135404.12	CD63	protein_coding	39185	20296	19002	917.4981	227.5303	246.0118
ENSG00000135406.14	PRPH	protein_coding	22	30	28	0.3921	0.0972	0.1051
ENSG00000135407.10	AVIL	protein_coding	512	311	303	4.9305	1.2227	1.3220
ENSG00000135409.11	AMHR2	protein_coding	14	8	8	0.2172	0.0539	0.0582
ENSG00000135413.9	LACRT	protein_coding	0	0	0	0.0000	0.0000	0.0000
ENSG00000135414.10	GDF11	protein_coding	719	454	477	4.6329	1.1489	1.2422
ENSG00000135423.13	GLS2	protein_coding	13	237	263	0.1780	0.0442	0.0477
ENSG00000135424.18	ITGA7	protein_coding	242	136	118	2.1514	0.5335	0.5769
ENSG00000135426.16	TESPA1	protein_coding	176	88	88	1.9788	0.4907	0.5306
ENSG00000135436.8	FAM186B	protein_coding	31	41	43	0.3696	0.0917	0.0991
ENSG00000135437.10	RDH5	protein_coding	25	13	12	0.4753	0.1179	0.1274
ENSG00000135439.11	AGAP2	protein_coding	197	645	604	1.6605	0.4118	0.4452
ENSG00000135441.7	BLOC1S1	protein_coding	179	78	101	6.1299	1.5201	1.6436
ENSG00000135443.8	KRT85	protein_coding	0	0	0	0.0000	0.0000	0.0000
ENSG00000135446.17	CDK4	protein_coding	3292	4483	4318	60.3391	14.9635	16.1789
ENSG00000135447.17	PPP1R1A	protein_coding	4	59	60	0.0569	0.0141	0.0153
ENSG00000135451.13	TROAP	protein_coding	257	134	170	3.6860	0.9141	0.9883
ENSG00000135452.10	TSPAN31	protein_coding	5292	5375	5514	57.1528	14.1733	15.3246
ENSG00000135454.14	B4GALNT1	protein_coding	790	728	704	5.6796	1.4085	1.5229
ENSG00000135457.10	TFCP2	protein_coding	3592	1784	1809	51.2458	12.7085	13.7407
ENSG00000135469.14	COQ10A	protein_coding	423	225	284	7.4707	1.8527	2.0031
ENSG00000135472.9	FAIM2	protein_coding	74	40	34	0.6928	0.1718	0.1858
ENSG00000135473.15	PAN2	protein_coding	1422	913	940	11.0741	2.7463	2.9693
ENSG00000135476.12	ESPL1	protein_coding	900	445	455	5.7444	1.4246	1.5403
ENSG00000135477.11	KRT87P	transcribed_unprocessed_pseudogene	19	16	18	0.6060	0.1503	0.1625
ENSG00000135480.16	KRT7	protein_coding	13058	9115	9253	185.1760	45.9218	49.6519
ENSG00000135482.7	ZC3H10	protein_coding	801	662	640	5.4316	1.3470	1.4564
ENSG00000135486.19	HNRNPA1	protein_coding	34318	17263	17057	290.6037	72.0668	77.9205
ENSG00000135502.19	SLC26A10	transcribed_unitary_pseudogene	2	91	91	0.0265	0.0066	0.0071
ENSG00000135503.13	ACVR1B	protein_coding	7086	3584	3502	71.0228	17.6129	19.0436
ENSG00000135506.16	OS9	protein_coding	15903	11760	11704	174.4745	43.2679	46.7824
ENSG00000135517.9	MIP	protein_coding	1	83	88	0.0160	0.0040	0.0043
ENSG00000135519.8	KCNH3	protein_coding	206	126	153	2.5984	0.6444	0.6967
ENSG00000135521.9	LTV1	protein_coding	902	429	473	27.6052	6.8458	7.4019
ENSG00000135525.18	MAP7	protein_coding	3310	1655	1659	34.4612	8.5460	9.2402
ENSG00000135535.17	CD164	protein_coding	48238	24116	24123	398.7138	98.8770	106.9085
ENSG00000135537.17	AFG1L	protein_coding	349	184	166	2.3694	0.5876	0.6353
ENSG00000135540.11	NHSL1	protein_coding	589	322	301	3.8213	0.9476	1.0246
ENSG00000135541.21	AHI1	protein_coding	1428	721	750	9.3147	2.3099	2.4976
ENSG00000135547.9	HEY2	protein_coding	264	130	134	5.5677	1.3807	1.4929
ENSG00000135549.15	PKIB	protein_coding	3859	1929	1933	63.7657	15.8132	17.0977
ENSG00000135569.4	TAAR5	protein_coding	0	0	0	0.0000	0.0000	0.0000
ENSG00000135577.4	NMBR	protein_coding	2	1	1	0.0720	0.0178	0.0193
ENSG00000135587.9	SMPD2	protein_coding	847	466	465	23.3967	5.8021	6.2734
ENSG00000135596.18	MICAL1	protein_coding	1788	912	877	14.8220	3.6757	3.9743
ENSG00000135597.19	REPS1	protein_coding	2712	1375	1357	16.0172	3.9721	4.2948
ENSG00000135604.10	STX11	protein_coding	1025	521	504	10.5610	2.6190	2.8318
ENSG00000135605.13	TEC	protein_coding	102	51	51	1.4447	0.3583	0.3874
ENSG00000135617.4	PRADC1	protein_coding	614	312	302	24.8005	6.1503	6.6498
ENSG00000135622.13	SEMA4F	protein_coding	1093	522	571	9.9541	2.4685	2.6690
ENSG00000135624.16	CCT7	protein_coding	13923	6845	7083	219.8755	54.5269	58.9560
ENSG00000135625.8	EGR4	protein_coding	10	4	6	0.2390	0.0593	0.0641
ENSG00000135631.17	RAB11FIP5	protein_coding	5791	2966	2826	46.5298	11.5389	12.4762
ENSG00000135632.12	SMYD5	protein_coding	2153	1075	1078	36.2951	9.0008	9.7319
ENSG00000135636.14	DYSF	protein_coding	1983	983	1000	13.4052	3.3243	3.5944
ENSG00000135637.14	CCDC142	protein_coding	693	433	414	6.7923	1.6844	1.8212
ENSG00000135638.14	EMX1	protein_coding	82	61	48	0.8498	0.2107	0.2279
ENSG00000135643.5	KCNMB4	protein_coding	532	273	259	6.2078	1.5395	1.6645
ENSG00000135655.16	USP15	protein_coding	3929	1986	1943	11.4746	2.8456	3.0767
ENSG00000135677.11	GNS	protein_coding	32525	16418	16110	294.2712	72.9763	78.9039
ENSG00000135678.12	CPM	protein_coding	2250	1384	1407	16.9340	4.1995	4.5406
ENSG00000135679.25	MDM2	protein_coding	5305	3798	3542	22.3711	5.5478	5.9984
ENSG00000135686.13	KLHL36	protein_coding	1399	713	686	7.9266	1.9657	2.1254
ENSG00000135697.10	BCO1	protein_coding	19	9	12	0.4007	0.0994	0.1074
ENSG00000135698.10	MPHOSPH6	protein_coding	1165	607	558	30.1952	7.4881	8.0963
ENSG00000135702.14	CHST5	protein_coding	3	0	3	0.0512	0.0127	0.0137
ENSG00000135709.12	KIAA0513	protein_coding	2269	1197	1072	14.5609	3.6110	3.9043
ENSG00000135720.13	DYNC1LI2	protein_coding	5890	4304	4164	41.2933	10.2403	11.0721
ENSG00000135722.9	FBXL8	protein_coding	91	45	46	1.6493	0.4090	0.4422
ENSG00000135723.14	FHOD1	protein_coding	1426	805	838	15.4624	3.8345	4.1460
ENSG00000135736.6	CCDC102A	protein_coding	303	153	150	6.7358	1.6704	1.8061
ENSG00000135740.17	SLC9A5	protein_coding	37	125	129	0.3871	0.0960	0.1038
ENSG00000135744.8	AGT	protein_coding	421	212	209	11.2830	2.7981	3.0254
ENSG00000135747.11	ZNF670-ZNF695	protein_coding	7	4	3	0.1242	0.0308	0.0333
ENSG00000135749.19	PCNX2	protein_coding	949	525	533	3.8922	0.9652	1.0436
ENSG00000135750.15	KCNK1	protein_coding	434	218	216	6.9782	1.7305	1.8711
ENSG00000135763.10	URB2	protein_coding	1447	734	713	13.7017	3.3979	3.6739
ENSG00000135766.9	EGLN1	protein_coding	177	91	86	1.8654	0.4626	0.5002
ENSG00000135773.13	CAPN9	protein_coding	68	32	46	1.4872	0.3688	0.3988
ENSG00000135775.14	COG2	protein_coding	3210	2114	2148	16.6306	4.1242	4.4592
ENSG00000135776.5	ABCB10	protein_coding	1637	844	793	21.7512	5.3941	5.8322
ENSG00000135778.12	NTPCR	protein_coding	2756	1460	1405	9.8582	2.4447	2.6433
ENSG00000135801.10	TAF5L	protein_coding	1872	926	946	16.5825	4.1123	4.4463
ENSG00000135821.19	GLUL	protein_coding	118866	60095	58774	533.3825	132.2735	143.0176
ENSG00000135823.14	STX6	protein_coding	3248	1641	1607	28.4382	7.0524	7.6252
ENSG00000135824.12	RGS8	protein_coding	29	17	12	0.2460	0.0610	0.0660
ENSG00000135828.11	RNASEL	protein_coding	1337	683	654	12.3790	3.0699	3.3192
ENSG00000135829.17	DHX9	protein_coding	16505	8552	8428	158.6975	39.3554	42.5521
ENSG00000135835.12	KIAA1614	protein_coding	254	219	226	1.3781	0.3418	0.3695
ENSG00000135837.16	CEP350	protein_coding	7748	3879	3869	30.8105	7.6407	8.2613
ENSG00000135838.13	NPL	protein_coding	1408	718	690	16.0498	3.9802	4.3035
ENSG00000135842.17	NIBAN1	protein_coding	8512	4212	4300	57.9490	14.3708	15.5381
ENSG00000135845.10	PIGC	protein_coding	2209	1078	1134	23.9756	5.9457	6.4286
ENSG00000135862.6	LAMC1	protein_coding	21309	10660	10649	143.0775	35.4818	38.3639
ENSG00000135870.12	RC3H1	protein_coding	2635	1290	1345	12.7740	3.1678	3.4251
ENSG00000135898.10	GPR55	protein_coding	19	17	12	0.2599	0.0644	0.0697
ENSG00000135899.19	SP110	protein_coding	5231	2881	2980	33.5235	8.3135	8.9888
ENSG00000135900.4	MRPL44	protein_coding	1421	790	794	47.7116	11.8320	12.7931
ENSG00000135902.10	CHRND	protein_coding	0	0	0	0.0000	0.0000	0.0000
ENSG00000135903.20	PAX3	protein_coding	1	0	1	0.0071	0.0018	0.0019
ENSG00000135905.20	DOCK10	protein_coding	4060	2024	2036	20.3971	5.0583	5.4691
ENSG00000135912.11	TTLL4	protein_coding	985	484	501	7.2592	1.8002	1.9464
ENSG00000135913.11	USP37	protein_coding	1557	1531	1553	9.5148	2.3596	2.5512
ENSG00000135914.6	HTR2B	protein_coding	131	128	135	3.4235	0.8490	0.9180
ENSG00000135916.16	ITM2C	protein_coding	4124	2069	2055	91.0362	22.5761	24.4098
ENSG00000135917.16	SLC19A3	protein_coding	37	20	17	0.2701	0.0670	0.0724
ENSG00000135919.14	SERPINE2	protein_coding	2742	1391	1351	17.3606	4.3052	4.6550
ENSG00000135924.16	DNAJB2	protein_coding	5219	2573	2647	50.9501	12.6351	13.6614
ENSG00000135925.9	WNT10A	protein_coding	17	10	8	0.3302	0.0819	0.0885
ENSG00000135926.15	TMBIM1	protein_coding	13570	6935	6636	151.1004	37.4714	40.5151
ENSG00000135929.9	CYP27A1	protein_coding	1553	779	775	29.5242	7.3217	7.9164
ENSG00000135930.14	EIF4E2	protein_coding	3882	2520	2441	33.5848	8.3287	9.0052
ENSG00000135931.18	ARMC9	protein_coding	3587	1866	1722	17.4279	4.3219	4.6730
ENSG00000135932.11	CAB39	protein_coding	9341	4718	4623	98.7745	24.4951	26.4847
ENSG00000135940.7	COX5B	protein_coding	3337	1636	1701	133.3624	33.0725	35.7589
ENSG00000135945.10	REV1	protein_coding	2260	1338	1347	16.4969	4.0911	4.4234
ENSG00000135951.16	TSGA10	protein_coding	333	187	147	2.5606	0.6350	0.6866
ENSG00000135953.11	MFSD9	protein_coding	715	361	356	7.2705	1.8030	1.9495
ENSG00000135956.9	TMEM127	protein_coding	12547	6192	6355	111.6667	27.6922	29.9416
ENSG00000135960.10	EDAR	protein_coding	0	0	0	0.0000	0.0000	0.0000
ENSG00000135966.13	TGFBRAP1	protein_coding	3345	1643	1702	33.2448	8.2444	8.9140
ENSG00000135968.21	GCC2	protein_coding	4281	2230	2201	19.1887	4.7586	5.1451
ENSG00000135972.9	MRPS9	protein_coding	621	616	577	19.2547	4.7750	5.1628
ENSG00000135973.3	GPR45	protein_coding	6	3	3	0.1973	0.0489	0.0529
ENSG00000135974.10	C2orf49	protein_coding	1475	737	746	18.2040	4.5144	4.8811
ENSG00000135976.20	ANKRD36	protein_coding	432	222	211	2.1711	0.5384	0.5821
ENSG00000135999.12	EPC2	protein_coding	2597	1319	1278	25.3225	6.2797	6.7898
ENSG00000136002.20	ARHGEF4	protein_coding	261	135	126	1.3946	0.3459	0.3739
ENSG00000136003.16	ISCU	protein_coding	4639	2354	2285	59.4794	14.7503	15.9484
ENSG00000136010.14	ALDH1L2	protein_coding	3348	1637	1769	20.0005	4.9599	5.3628
ENSG00000136011.15	STAB2	protein_coding	15	14	8	0.0917	0.0227	0.0246
ENSG00000136014.12	USP44	protein_coding	31	14	17	0.3273	0.0812	0.0877
ENSG00000136021.19	SCYL2	protein_coding	6260	3130	3130	47.5113	11.7823	12.7394
ENSG00000136026.14	CKAP4	protein_coding	12994	6602	6420	201.0064	49.8476	53.8965
ENSG00000136040.9	PLXNC1	protein_coding	4675	2857	2739	26.4247	6.5531	7.0853
ENSG00000136044.12	APPL2	protein_coding	4853	2449	2404	54.0907	13.4139	14.5035
ENSG00000136045.12	PWP1	protein_coding	3927	1977	1957	79.4223	19.6959	21.2958
ENSG00000136048.14	DRAM1	protein_coding	4997	2640	2781	71.9238	17.8364	19.2852
ENSG00000136051.15	WASHC4	protein_coding	4927	2499	2430	36.3153	9.0058	9.7373
ENSG00000136052.9	SLC41A2	protein_coding	2133	1072	1061	23.4833	5.8236	6.2967
ENSG00000136059.14	VILL	protein_coding	265	142	123	2.3206	0.5755	0.6222
ENSG00000136068.15	FLNB	protein_coding	52898	28763	28660	215.0118	53.3207	57.6518
ENSG00000136098.17	NEK3	protein_coding	807	407	406	10.7128	2.6567	2.8725
ENSG00000136099.13	PCDH8	protein_coding	0	0	0	0.0000	0.0000	0.0000
ENSG00000136100.14	VPS36	protein_coding	4576	2281	2295	35.5535	8.8169	9.5331
ENSG00000136104.21	RNASEH2B	protein_coding	1698	830	877	3.6722	0.9107	0.9847
ENSG00000136108.15	CKAP2	protein_coding	3074	1565	1509	38.3388	9.5076	10.2799
ENSG00000136110.13	CNMD	protein_coding	2	2	0	0.0693	0.0172	0.0186
ENSG00000136111.14	TBC1D4	protein_coding	3411	1667	1744	24.0834	5.9724	6.4576
ENSG00000136114.17	THSD1	protein_coding	321	166	155	4.9133	1.2185	1.3174
ENSG00000136122.18	BORA	protein_coding	161	219	213	2.8631	0.7100	0.7677
ENSG00000136141.15	LRCH1	protein_coding	1791	899	892	11.7965	2.9254	3.1630
ENSG00000136143.16	SUCLA2	protein_coding	2208	1173	1148	14.1024	3.4973	3.7813
ENSG00000136144.12	RCBTB1	protein_coding	2755	1400	1355	34.6498	8.5928	9.2908
ENSG00000136146.15	MED4	protein_coding	1480	1235	1267	32.4057	8.0363	8.6890
ENSG00000136147.18	PHF11	protein_coding	2218	1111	1107	26.0150	6.4515	6.9755
ENSG00000136149.6	RPL13AP25	processed_pseudogene	84	47	37	7.7837	1.9303	2.0871
ENSG00000136152.15	COG3	protein_coding	1859	1012	1024	17.3195	4.2951	4.6439
ENSG00000136153.20	LMO7	protein_coding	4014	1969	2046	15.8442	3.9292	4.2484
ENSG00000136155.17	SCEL	protein_coding	0	0	0	0.0000	0.0000	0.0000
ENSG00000136156.15	ITM2B	protein_coding	39261	19567	19694	208.8444	51.7913	55.9982
ENSG00000136158.12	SPRY2	protein_coding	656	330	326	11.5785	2.8714	3.1046
ENSG00000136159.4	NUDT15	protein_coding	758	464	399	22.1807	5.5006	5.9474
ENSG00000136160.17	EDNRB	protein_coding	794	363	431	8.0292	1.9912	2.1529
ENSG00000136161.13	RCBTB2	protein_coding	966	465	501	15.4707	3.8366	4.1482
ENSG00000136167.15	LCP1	protein_coding	5855	3252	3241	65.4131	16.2218	17.5394
ENSG00000136169.16	SETDB2	protein_coding	1070	569	501	9.0865	2.2534	2.4364
ENSG00000136193.17	SCRN1	protein_coding	12127	6080	6047	113.7106	28.1991	30.4896
ENSG00000136197.13	C7orf25	protein_coding	54	26	28	0.9428	0.2338	0.2528
ENSG00000136205.17	TNS3	protein_coding	12715	6357	6358	61.2944	15.2004	16.4351
ENSG00000136206.4	SPDYE1	protein_coding	21	15	13	0.4119	0.1022	0.1105
ENSG00000136213.10	CHST12	protein_coding	962	447	515	3.3851	0.8395	0.9077
ENSG00000136231.14	IGF2BP3	protein_coding	13	22	26	0.0864	0.0214	0.0232
ENSG00000136235.17	GPNMB	protein_coding	30410	15131	15279	291.9997	72.4130	78.2949
ENSG00000136237.19	RAPGEF5	protein_coding	3597	1839	1758	19.8875	4.9319	5.3325
ENSG00000136238.18	RAC1	protein_coding	21572	10764	10810	394.6282	97.8638	105.8130
ENSG00000136240.10	KDELR2	protein_coding	21176	10601	10575	305.5701	75.7783	81.9335
ENSG00000136243.17	NUP42	protein_coding	940	859	793	12.2489	3.0376	3.2843
ENSG00000136244.12	IL6	protein_coding	128	92	84	3.5084	0.8700	0.9407
ENSG00000136247.15	ZDHHC4	protein_coding	1879	1482	1395	29.9573	7.4291	8.0325
ENSG00000136250.12	AOAH	protein_coding	511	247	264	8.2373	2.0428	2.2087
ENSG00000136261.15	BZW2	protein_coding	2151	1319	1357	33.3105	8.2607	8.9317
ENSG00000136267.14	DGKB	protein_coding	20	12	8	0.1195	0.0296	0.0320
ENSG00000136270.14	TBRG4	protein_coding	3214	1606	1608	31.4089	7.7891	8.4218
ENSG00000136271.10	DDX56	protein_coding	4803	2385	2418	66.9562	16.6045	17.9532
ENSG00000136273.13	HUS1	protein_coding	962	475	487	13.0984	3.2483	3.5121
ENSG00000136274.9	NACAD	protein_coding	384	185	200	4.3790	1.0859	1.1741
ENSG00000136275.10	C7orf69	lncRNA	0	0	0	0.0000	0.0000	0.0000
ENSG00000136279.21	DBNL	protein_coding	5785	2928	2901	26.0640	6.4636	6.9886
ENSG00000136280.17	CCM2	protein_coding	2984	1470	1514	20.6545	5.1221	5.5382
ENSG00000136286.16	MYO1G	protein_coding	909	471	439	5.9137	1.4665	1.5856
ENSG00000136295.15	TTYH3	protein_coding	4956	2481	2475	46.1199	11.4373	12.3663
ENSG00000136297.15	MMD2	protein_coding	0	0	0	0.0000	0.0000	0.0000
ENSG00000136305.11	CIDEB	protein_coding	0	1625	1548	0.0000	0.0000	0.0000
ENSG00000136315.4	AL355922.1	lncRNA	0	0	0	0.0000	0.0000	0.0000
ENSG00000136319.12	TTC5	protein_coding	898	463	520	5.2653	1.3057	1.4118
ENSG00000136327.7	NKX2-8	protein_coding	0	0	0	0.0000	0.0000	0.0000
ENSG00000136352.19	NKX2-1	protein_coding	0	0	0	0.0000	0.0000	0.0000
ENSG00000136367.14	ZFHX2	protein_coding	224	126	113	1.2403	0.3076	0.3326
ENSG00000136371.11	MTHFS	protein_coding	28	11	17	0.5246	0.1301	0.1407
ENSG00000136378.15	ADAMTS7	protein_coding	1636	795	842	11.9559	2.9649	3.2058
ENSG00000136379.12	ABHD17C	protein_coding	2202	1128	1074	34.4960	8.5546	9.2495
ENSG00000136381.13	IREB2	protein_coding	4222	2139	2083	22.1632	5.4963	5.9427
ENSG00000136383.7	ALPK3	protein_coding	558	269	289	3.0839	0.7648	0.8269
ENSG00000136404.16	TM6SF1	protein_coding	193	414	502	4.3850	1.0874	1.1758
ENSG00000136425.14	CIB2	protein_coding	354	222	239	9.3942	2.3297	2.5189
ENSG00000136436.15	CALCOCO2	protein_coding	12591	6102	6490	85.9973	21.3265	23.0587
ENSG00000136444.10	RSAD1	protein_coding	3242	1656	1592	44.4413	11.0210	11.9162
ENSG00000136448.13	NMT1	protein_coding	9166	4540	4663	60.6964	15.0521	16.2747
ENSG00000136449.15	MYCBPAP	protein_coding	254	159	136	2.2109	0.5483	0.5928
ENSG00000136450.13	SRSF1	protein_coding	4877	2484	2397	47.8420	11.8643	12.8280
ENSG00000136451.9	VEZF1	protein_coding	11346	5662	5721	130.9651	32.4780	35.1161
ENSG00000136457.10	CHAD	protein_coding	320	323	364	10.4174	2.5834	2.7933
ENSG00000136463.8	TACO1	protein_coding	1553	770	783	38.2085	9.4753	10.2450
ENSG00000136478.8	TEX2	protein_coding	9262	4489	4773	58.0192	14.3882	15.5569
ENSG00000136485.15	DCAF7	protein_coding	11504	5734	5770	99.2683	24.6175	26.6172
ENSG00000136487.18	GH2	protein_coding	0	0	0	0.0000	0.0000	0.0000
ENSG00000136488.15	CSH1	protein_coding	0	0	0	0.0000	0.0000	0.0000
ENSG00000136490.9	LIMD2	protein_coding	499	437	443	5.9563	1.4771	1.5971
ENSG00000136492.9	BRIP1	protein_coding	805	391	414	4.5088	1.1181	1.2090
ENSG00000136504.13	KAT7	protein_coding	5796	2853	3048	28.1197	6.9734	7.5398
ENSG00000136514.3	RTP4	protein_coding	653	310	343	24.6713	6.1182	6.6152
ENSG00000136518.17	ACTL6A	protein_coding	3361	2266	2099	51.9635	12.8864	13.9332
ENSG00000136521.13	NDUFB5	protein_coding	4349	2217	2136	42.0085	10.4177	11.2639
ENSG00000136522.14	MRPL47	protein_coding	2488	1340	1291	103.3659	25.6337	27.7158
ENSG00000136527.18	TRA2B	protein_coding	8438	4212	4226	36.5728	9.0697	9.8064
ENSG00000136531.18	SCN2A	protein_coding	274	148	126	0.6451	0.1600	0.1730
ENSG00000136535.15	TBR1	protein_coding	0	0	0	0.0000	0.0000	0.0000
ENSG00000136536.15	MARCHF7	protein_coding	5771	4157	4181	52.0473	12.9072	13.9556
ENSG00000136541.15	ERMN	protein_coding	676	341	335	8.8048	2.1835	2.3609
ENSG00000136542.9	GALNT5	protein_coding	4040	1964	2076	20.8451	5.1694	5.5893
ENSG00000136546.16	SCN7A	protein_coding	242	126	116	1.4100	0.3497	0.3781
ENSG00000136560.14	TANK	protein_coding	3445	1767	1679	34.9742	8.6732	9.3777
ENSG00000136573.14	BLK	protein_coding	1	1	0	0.0116	0.0029	0.0031
ENSG00000136574.18	GATA4	protein_coding	0	0	0	0.0000	0.0000	0.0000
ENSG00000136603.14	SKIL	protein_coding	6879	3466	3413	50.1295	12.4316	13.4414
ENSG00000136628.18	EPRS1	protein_coding	14525	7279	7246	154.7459	38.3754	41.4925
ENSG00000136630.13	HLX	protein_coding	157	86	95	1.5817	0.3922	0.4241
ENSG00000136631.15	VPS45	protein_coding	2923	1531	1455	24.9756	6.1937	6.6968
ENSG00000136634.7	IL10	protein_coding	90	67	63	1.4841	0.3680	0.3979
ENSG00000136636.13	KCTD3	protein_coding	13788	7024	6764	155.8535	38.6501	41.7895
ENSG00000136643.12	RPS6KC1	protein_coding	2554	1286	1268	23.3948	5.8017	6.2729
ENSG00000136682.15	CBWD2	protein_coding	714	359	355	4.8140	1.1938	1.2908
ENSG00000136688.11	IL36G	protein_coding	0	0	0	0.0000	0.0000	0.0000
ENSG00000136689.19	IL1RN	protein_coding	2032	1071	961	35.5553	8.8174	9.5336
ENSG00000136694.9	IL36A	protein_coding	0	0	0	0.0000	0.0000	0.0000
ENSG00000136695.15	IL36RN	protein_coding	2	0	2	0.0353	0.0088	0.0095
ENSG00000136696.11	IL36B	protein_coding	1	0	1	0.0303	0.0075	0.0081
ENSG00000136697.13	IL1F10	protein_coding	0	0	0	0.0000	0.0000	0.0000
ENSG00000136698.10	CFC1	protein_coding	0	0	0	0.0000	0.0000	0.0000
ENSG00000136699.19	SMPD4	protein_coding	3469	2520	2767	26.6748	6.6151	7.1524
ENSG00000136709.12	WDR33	protein_coding	3751	2399	2328	14.5948	3.6194	3.9134
ENSG00000136710.10	CCDC115	protein_coding	2725	1412	1314	34.8051	8.6313	9.3324
ENSG00000136715.19	SAP130	protein_coding	2288	1134	1154	29.6713	7.3582	7.9559
ENSG00000136717.15	BIN1	protein_coding	701	372	329	5.7933	1.4367	1.5534
ENSG00000136718.10	IMP4	protein_coding	2350	1158	1193	39.5925	9.8185	10.6161
ENSG00000136720.7	HS6ST1	protein_coding	3038	1492	1546	34.6371	8.5896	9.2874
ENSG00000136731.13	UGGT1	protein_coding	6938	3484	3454	34.6686	8.5975	9.2958
ENSG00000136732.16	GYPC	protein_coding	1270	607	663	19.9561	4.9489	5.3509
ENSG00000136738.15	STAM	protein_coding	2157	1165	1199	29.6183	7.3450	7.9416
ENSG00000136750.13	GAD2	protein_coding	7	3	4	0.0674	0.0167	0.0181
ENSG00000136754.18	ABI1	protein_coding	5466	2708	2826	73.4890	18.2245	19.7049
ENSG00000136758.19	YME1L1	protein_coding	15006	7654	7510	116.0019	28.7673	31.1040
ENSG00000136770.11	DNAJC1	protein_coding	11365	5573	5792	258.8389	64.1894	69.4033
ENSG00000136783.10	NIPSNAP3A	protein_coding	2007	1030	977	43.9787	10.9063	11.7922
ENSG00000136802.12	LRRC8A	protein_coding	3615	1809	1806	39.3562	9.7599	10.5527
ENSG00000136807.14	CDK9	protein_coding	3085	1552	1534	58.2197	14.4379	15.6107
ENSG00000136810.13	TXN	protein_coding	8352	4174	4178	468.9522	116.2954	125.7417
ENSG00000136811.16	ODF2	protein_coding	3258	1825	1891	28.9005	7.1670	7.7492
ENSG00000136813.14	ECPAS	protein_coding	11601	5809	5794	77.8663	19.3101	20.8786
ENSG00000136816.16	TOR1B	protein_coding	2793	1413	1380	54.4861	13.5120	14.6095
ENSG00000136819.15	C9orf78	protein_coding	3179	1847	1832	35.3561	8.7680	9.4802
ENSG00000136824.19	SMC2	protein_coding	2424	1232	1192	21.2465	5.2689	5.6969
ENSG00000136826.15	KLF4	protein_coding	1134	566	568	17.5612	4.3550	4.7087
ENSG00000136827.12	TOR1A	protein_coding	3256	1622	1634	46.1850	11.4534	12.3837
ENSG00000136828.19	RALGPS1	protein_coding	1352	685	749	7.2972	1.8096	1.9566
ENSG00000136830.12	NIBAN2	protein_coding	13587	6790	6798	166.8872	41.3864	44.7480
ENSG00000136834.3	OR1J1	protein_coding	0	0	0	0.0000	0.0000	0.0000
ENSG00000136839.1	OR13C9	protein_coding	0	0	0	0.0000	0.0000	0.0000
ENSG00000136840.19	ST6GALNAC4	protein_coding	967	451	516	20.8274	5.1650	5.5845
ENSG00000136842.14	TMOD1	protein_coding	70	688	701	1.0799	0.2678	0.2896
ENSG00000136848.17	DAB2IP	protein_coding	4219	2075	2144	26.2145	6.5009	7.0290
ENSG00000136854.24	STXBP1	protein_coding	1955	1023	1080	11.8474	2.9380	3.1767
ENSG00000136856.18	SLC2A8	protein_coding	916	462	454	13.2246	3.2796	3.5460
ENSG00000136859.10	ANGPTL2	protein_coding	12801	6227	6574	200.2605	49.6626	53.6965
ENSG00000136861.18	CDK5RAP2	protein_coding	4174	2067	2108	23.4829	5.8235	6.2965
ENSG00000136866.14	ZFP37	protein_coding	265	128	137	2.3640	0.5863	0.6339
ENSG00000136867.11	SLC31A2	protein_coding	13	700	633	0.2981	0.0739	0.0799
ENSG00000136868.11	SLC31A1	protein_coding	3750	1894	1856	41.3338	10.2504	11.0830
ENSG00000136869.16	TLR4	protein_coding	1873	933	940	8.0001	1.9840	2.1451
ENSG00000136870.10	ZNF189	protein_coding	1781	852	929	29.4205	7.2960	7.8886
ENSG00000136872.20	ALDOB	protein_coding	4	2	2	0.0581	0.0144	0.0156
ENSG00000136874.11	STX17	protein_coding	3137	1629	1614	19.9618	4.9503	5.3524
ENSG00000136875.13	PRPF4	protein_coding	3013	1525	1488	38.6752	9.5911	10.3701
ENSG00000136877.15	FPGS	protein_coding	2411	1278	1133	34.7819	8.6256	9.3262
ENSG00000136878.14	USP20	protein_coding	1881	1215	1165	19.3561	4.8001	5.1900
ENSG00000136881.12	BAAT	protein_coding	10	6	4	0.1198	0.0297	0.0321
ENSG00000136883.14	KIF12	protein_coding	1043	490	553	19.4824	4.8314	5.2239
ENSG00000136888.8	ATP6V1G1	protein_coding	7980	4043	3937	130.9828	32.4824	35.1209
ENSG00000136891.14	TEX10	protein_coding	1831	947	936	14.2946	3.5449	3.8329
ENSG00000136895.19	GARNL3	protein_coding	820	407	413	4.7965	1.1895	1.2861
ENSG00000136897.8	MRPL50	protein_coding	1640	835	805	27.8790	6.9137	7.4753
ENSG00000136908.18	DPM2	protein_coding	2347	1180	1172	53.1755	13.1870	14.2581
ENSG00000136918.8	WDR38	protein_coding	6	280	297	0.2453	0.0608	0.0658
ENSG00000136925.15	TSTD2	protein_coding	1204	1273	1249	12.0464	2.9874	3.2300
ENSG00000136928.7	GABBR2	protein_coding	2	1	1	0.0154	0.0038	0.0041
ENSG00000136929.13	HEMGN	protein_coding	0	0	0	0.0000	0.0000	0.0000
ENSG00000136930.13	PSMB7	protein_coding	6908	3661	3281	219.1009	54.3348	58.7483
ENSG00000136931.10	NR5A1	protein_coding	0	0	0	0.0000	0.0000	0.0000
ENSG00000136932.14	TRMO	protein_coding	745	389	356	10.1829	2.5253	2.7304
ENSG00000136933.17	RABEPK	protein_coding	1780	904	876	29.4382	7.3004	7.8934
ENSG00000136935.14	GOLGA1	protein_coding	3163	1561	1602	29.4780	7.3102	7.9040
ENSG00000136936.11	XPA	protein_coding	1100	553	548	34.3508	8.5186	9.2106
ENSG00000136937.13	NCBP1	protein_coding	4225	2107	2119	43.5161	10.7916	11.6681
ENSG00000136938.9	ANP32B	protein_coding	8187	4108	4079	248.2805	61.5711	66.5723
ENSG00000136939.1	OR1L4	protein_coding	0	0	0	0.0000	0.0000	0.0000
ENSG00000136940.14	PDCL	protein_coding	2082	1037	1045	35.2343	8.7378	9.4475
ENSG00000136942.15	RPL35	protein_coding	15761	7882	8453	582.2840	144.4005	156.1298
ENSG00000136943.11	CTSV	protein_coding	250	127	123	3.1269	0.7754	0.8384
ENSG00000136944.19	LMX1B	protein_coding	1781	863	918	15.9181	3.9475	4.2682
ENSG00000136950.13	ARPC5L	protein_coding	2166	1067	1101	34.0260	8.4381	9.1235
ENSG00000136960.13	ENPP2	protein_coding	485	243	242	4.0874	1.0136	1.0960
ENSG00000136982.6	DSCC1	protein_coding	692	345	351	15.7794	3.9131	4.2310
ENSG00000136986.10	DERL1	protein_coding	9914	5676	5660	80.8488	20.0497	21.6783
ENSG00000136997.21	MYC	protein_coding	2823	1712	1631	34.9241	8.6608	9.3643
ENSG00000136999.5	CCN3	protein_coding	754	401	404	16.3578	4.0566	4.3861
ENSG00000137033.11	IL33	protein_coding	7	4	3	0.1220	0.0303	0.0327
ENSG00000137038.8	DMAC1	protein_coding	1535	734	801	31.9098	7.9133	8.5561
ENSG00000137040.10	RANBP6	protein_coding	2440	1222	1218	30.0744	7.4581	8.0640
ENSG00000137054.16	POLR1E	protein_coding	1273	636	637	28.8883	7.1640	7.7459
ENSG00000137055.15	PLAA	protein_coding	3195	1589	1635	34.0900	8.4540	9.1407
ENSG00000137070.18	IL11RA	protein_coding	471	250	223	6.2393	1.5473	1.6730
ENSG00000137073.23	UBAP2	protein_coding	3198	1626	1572	17.0771	4.2349	4.5789
ENSG00000137074.20	APTX	protein_coding	1980	976	1026	7.1914	1.7834	1.9282
ENSG00000137075.18	RNF38	protein_coding	2948	1482	1466	27.2370	6.7545	7.3032
ENSG00000137076.21	TLN1	protein_coding	32553	16391	16163	186.9259	46.3557	50.1211
ENSG00000137077.8	CCL21	protein_coding	0	0	0	0.0000	0.0000	0.0000
ENSG00000137078.9	SIT1	protein_coding	45	24	21	1.9231	0.4769	0.5156
ENSG00000137080.4	IFNA21	protein_coding	2	0	2	0.1108	0.0275	0.0297
ENSG00000137090.12	DMRT1	protein_coding	0	0	0	0.0000	0.0000	0.0000
ENSG00000137094.15	DNAJB5	protein_coding	1065	552	513	10.2523	2.5425	2.7490
ENSG00000137098.14	SPAG8	protein_coding	132	153	126	2.7501	0.6820	0.7374
ENSG00000137100.16	DCTN3	protein_coding	2117	1073	1044	32.1003	7.9605	8.6072
ENSG00000137101.13	CD72	protein_coding	165	119	94	3.1827	0.7893	0.8534
ENSG00000137103.20	TMEM8B	protein_coding	2319	1219	1202	8.1074	2.0106	2.1739
ENSG00000137106.18	GRHPR	protein_coding	5024	2505	2520	39.4286	9.7779	10.5721
ENSG00000137124.8	ALDH1B1	protein_coding	6670	3351	3319	121.3524	30.0942	32.5386
ENSG00000137133.11	HINT2	protein_coding	12	14	13	0.2841	0.0705	0.0762
ENSG00000137135.18	ARHGEF39	protein_coding	153	557	664	1.3547	0.3359	0.3632
ENSG00000137142.5	IGFBPL1	protein_coding	225	109	116	3.5782	0.8873	0.9594
ENSG00000137145.20	DENND4C	protein_coding	5492	2830	2858	35.6148	8.8321	9.5495
ENSG00000137154.13	RPS6	protein_coding	62909	31461	31561	1323.2818	328.1605	354.8160
ENSG00000137161.17	CNPY3	protein_coding	3450	1834	1688	113.8158	28.2252	30.5178
ENSG00000137166.16	FOXP4	protein_coding	3027	1473	1554	26.8893	6.6683	7.2099
ENSG00000137168.8	PPIL1	protein_coding	2214	1154	1158	79.0157	19.5951	21.1867
ENSG00000137171.15	KLC4	protein_coding	1628	1126	1163	14.3874	3.5679	3.8577
ENSG00000137177.20	KIF13A	protein_coding	11929	5916	6013	60.7374	15.0623	16.2857
ENSG00000137185.13	ZSCAN9	protein_coding	772	379	393	11.8006	2.9264	3.1641
ENSG00000137193.14	PIM1	protein_coding	1260	606	655	23.5824	5.8482	6.3232
ENSG00000137198.10	GMPR	protein_coding	1633	815	818	41.6213	10.3217	11.1601
ENSG00000137200.13	CMTR1	protein_coding	4670	2318	2353	50.1963	12.4482	13.4593
ENSG00000137203.15	TFAP2A	protein_coding	6434	3903	4083	44.3883	11.0079	11.9020
ENSG00000137204.15	SLC22A7	protein_coding	3	2	2	0.0482	0.0120	0.0129
ENSG00000137207.12	YIPF3	protein_coding	6531	3737	3618	121.7131	30.1836	32.6353
ENSG00000137210.14	TMEM14B	protein_coding	1945	952	1054	22.9078	5.6809	6.1423
ENSG00000137216.19	TMEM63B	protein_coding	4049	1974	2075	51.8912	12.8685	13.9138
ENSG00000137218.10	FRS3	protein_coding	260	136	127	5.1591	1.2794	1.3833
ENSG00000137221.14	TJAP1	protein_coding	1437	715	722	12.0890	2.9980	3.2415
ENSG00000137225.13	CAPN11	protein_coding	22	9	13	0.3516	0.0872	0.0943
ENSG00000137251.16	TINAG	protein_coding	0	0	0	0.0000	0.0000	0.0000
ENSG00000137252.9	HCRTR2	protein_coding	0	0	0	0.0000	0.0000	0.0000
ENSG00000137261.14	KIAA0319	protein_coding	371	197	176	2.9189	0.7239	0.7827
ENSG00000137265.15	IRF4	protein_coding	102	56	46	0.9836	0.2439	0.2637
ENSG00000137266.15	SLC22A23	protein_coding	1392	1118	1086	8.8439	2.1932	2.3713
ENSG00000137267.6	TUBB2A	protein_coding	1042	524	520	33.8054	8.3834	9.0643
ENSG00000137269.15	LRRC1	protein_coding	3423	2090	2039	39.6079	9.8224	10.6202
ENSG00000137270.11	GCM1	protein_coding	31	17	14	0.6324	0.1568	0.1696
ENSG00000137273.6	FOXF2	protein_coding	473	247	252	10.9440	2.7140	2.9345
ENSG00000137274.13	BPHL	protein_coding	603	600	626	5.9163	1.4672	1.5864
ENSG00000137275.15	RIPK1	protein_coding	3486	1781	1726	19.4463	4.8225	5.2142
ENSG00000137285.10	TUBB2B	protein_coding	77	43	35	2.0833	0.5166	0.5586
ENSG00000137288.10	UQCC2	protein_coding	1567	1426	1471	18.9517	4.6998	5.0816
ENSG00000137309.20	HMGA1	protein_coding	3528	1747	1783	85.9789	21.3219	23.0538
ENSG00000137310.12	TCF19	protein_coding	1375	705	676	22.0708	5.4733	5.9179
ENSG00000137312.15	FLOT1	protein_coding	10815	5484	5338	192.5646	47.7541	51.6330
ENSG00000137331.12	IER3	protein_coding	876	1956	1808	36.7985	9.1256	9.8669
ENSG00000137337.15	MDC1	protein_coding	2895	1663	1799	21.5397	5.3416	5.7755
ENSG00000137338.5	PGBD1	protein_coding	780	396	384	14.2690	3.5386	3.8260
ENSG00000137343.18	ATAT1	protein_coding	717	376	341	10.0771	2.4990	2.7020
ENSG00000137364.5	TPMT	protein_coding	2748	1400	1348	48.9444	12.1377	13.1236
ENSG00000137392.10	CLPS	protein_coding	1	1	0	0.0944	0.0234	0.0253
ENSG00000137393.10	RNF144B	protein_coding	518	252	266	5.6809	1.4088	1.5232
ENSG00000137404.14	NRM	protein_coding	979	466	513	27.1487	6.7326	7.2795
ENSG00000137409.19	MTCH1	protein_coding	9710	4903	4807	176.1529	43.6841	47.2325
ENSG00000137411.19	VARS2	protein_coding	10	7	3	0.0877	0.0217	0.0235
ENSG00000137413.16	TAF8	protein_coding	1755	892	866	10.7202	2.6585	2.8744
ENSG00000137414.6	FAM8A1	protein_coding	5393	2737	2657	64.7137	16.0483	17.3519
ENSG00000137434.11	C6orf52	protein_coding	85	50	35	5.4529	1.3523	1.4621
ENSG00000137440.5	FGFBP1	protein_coding	2	1	1	0.0840	0.0208	0.0225
ENSG00000137441.8	FGFBP2	protein_coding	0	0	0	0.0000	0.0000	0.0000
ENSG00000137449.17	CPEB2	protein_coding	2765	1482	1461	21.2759	5.2762	5.7048
ENSG00000137460.9	FHDC1	protein_coding	1047	547	500	9.0195	2.2367	2.4184
ENSG00000137462.9	TLR2	protein_coding	3644	1823	1821	35.7837	8.8740	9.5948
ENSG00000137463.5	MGARP	protein_coding	49	26	23	2.2703	0.5630	0.6087
ENSG00000137473.18	TTC29	protein_coding	0	0	0	0.0000	0.0000	0.0000
ENSG00000137474.22	MYO7A	protein_coding	427	217	210	2.3168	0.5745	0.6212
ENSG00000137478.15	FCHSD2	protein_coding	4665	2943	2896	50.4389	12.5083	13.5244
ENSG00000137486.17	ARRB1	protein_coding	1998	1032	1062	11.4590	2.8417	3.0725
ENSG00000137491.15	SLCO2B1	protein_coding	4643	2507	2503	25.6207	6.3537	6.8698
ENSG00000137492.8	THAP12	protein_coding	3775	1902	1873	27.1400	6.7304	7.2771
ENSG00000137494.14	ANKRD42	protein_coding	1963	1068	1015	16.4897	4.0893	4.4214
ENSG00000137496.18	IL18BP	protein_coding	669	1532	1544	8.9247	2.2132	2.3930
ENSG00000137497.18	NUMA1	protein_coding	10851	10259	10460	40.4204	10.0238	10.8381
ENSG00000137500.9	CCDC90B	protein_coding	2662	1387	1405	23.0090	5.7060	6.1695
ENSG00000137501.17	SYTL2	protein_coding	22399	11188	11211	112.8306	27.9808	30.2536
ENSG00000137502.10	RAB30	protein_coding	13344	6631	6714	63.9569	15.8607	17.1490
ENSG00000137504.14	CREBZF	protein_coding	5984	3114	2870	46.2838	11.4779	12.4102
ENSG00000137507.11	LRRC32	protein_coding	4807	2480	2631	61.1359	15.1611	16.3926
ENSG00000137509.11	PRCP	protein_coding	9266	4551	4721	39.8177	9.8744	10.6765
ENSG00000137513.10	NARS2	protein_coding	1257	733	745	22.6588	5.6191	6.0756
ENSG00000137522.18	RNF121	protein_coding	1564	775	789	27.2906	6.7678	7.3175
ENSG00000137547.9	MRPL15	protein_coding	3386	1656	1730	108.3023	26.8579	29.0395
ENSG00000137558.9	PI15	protein_coding	142	69	74	1.1249	0.2790	0.3016
ENSG00000137561.5	TTPA	protein_coding	38	16	22	0.8029	0.1991	0.2153
ENSG00000137563.13	GGH	protein_coding	3011	1479	1532	16.0800	3.9877	4.3116
ENSG00000137571.11	SLCO5A1	protein_coding	32	15	17	0.1832	0.0454	0.0491
ENSG00000137573.14	SULF1	protein_coding	32447	16036	16411	196.3368	48.6895	52.6444
ENSG00000137574.11	TGS1	protein_coding	2976	1482	1494	36.9945	9.1743	9.9195
ENSG00000137575.12	SDCBP	protein_coding	11795	5818	5977	140.0239	34.7245	37.5451
ENSG00000137601.17	NEK1	protein_coding	1751	877	875	11.8864	2.9477	3.1871
ENSG00000137628.17	DDX60	protein_coding	11875	5948	5928	99.8267	24.7560	26.7669
ENSG00000137634.10	NXPE4	protein_coding	2	0	2	0.0519	0.0129	0.0139
ENSG00000137642.13	SORL1	protein_coding	4862	2450	2412	14.2067	3.5231	3.8093
ENSG00000137648.19	TMPRSS4	protein_coding	4	2	2	0.0228	0.0057	0.0061
ENSG00000137656.12	BUD13	protein_coding	1113	541	572	28.7554	7.1311	7.7103
ENSG00000137672.13	TRPC6	protein_coding	343	166	177	3.4636	0.8589	0.9287
ENSG00000137673.9	MMP7	protein_coding	1045	537	508	25.5439	6.3346	6.8492
ENSG00000137674.4	MMP20	protein_coding	2	2	3	0.0444	0.0110	0.0119
ENSG00000137675.5	MMP27	protein_coding	16	13	3	0.4837	0.1199	0.1297
ENSG00000137691.13	CFAP300	protein_coding	42	21	21	0.8998	0.2231	0.2413
ENSG00000137692.12	DCUN1D5	protein_coding	1240	654	586	5.3807	1.3344	1.4427
ENSG00000137693.14	YAP1	protein_coding	6949	4367	4321	62.4430	15.4852	16.7430
ENSG00000137699.17	TRIM29	protein_coding	442	198	244	2.4966	0.6191	0.6694
ENSG00000137700.18	SLC37A4	protein_coding	986	679	717	9.0391	2.2416	2.4237
ENSG00000137707.13	BTG4	protein_coding	1	0	1	0.0315	0.0078	0.0084
ENSG00000137709.10	POU2F3	protein_coding	263	137	126	2.2261	0.5520	0.5969
ENSG00000137710.17	RDX	protein_coding	4792	2392	2400	31.9035	7.9118	8.5544
ENSG00000137713.16	PPP2R1B	protein_coding	1346	730	678	11.4166	2.8312	3.0612
ENSG00000137714.3	FDX1	protein_coding	693	338	355	12.5000	3.0999	3.3517
ENSG00000137720.8	C11orf1	protein_coding	717	379	368	11.5712	2.8695	3.1026
ENSG00000137726.17	FXYD6	protein_coding	276	528	537	3.1392	0.7785	0.8417
ENSG00000137727.12	ARHGAP20	protein_coding	402	177	225	3.1996	0.7935	0.8579
ENSG00000137731.14	FXYD2	protein_coding	1	0	1	0.0101	0.0025	0.0027
ENSG00000137745.12	MMP13	protein_coding	13512	6796	6716	270.5739	67.0996	72.5499
ENSG00000137747.16	TMPRSS13	protein_coding	30	16	14	0.3169	0.0786	0.0850
ENSG00000137752.24	CASP1	protein_coding	1223	609	614	18.7551	4.6511	5.0289
ENSG00000137757.11	CASP5	protein_coding	35	22	13	1.2468	0.3092	0.3343
ENSG00000137760.15	ALKBH8	protein_coding	1142	565	577	14.3885	3.5682	3.8580
ENSG00000137764.20	MAP2K5	protein_coding	1036	544	492	11.6779	2.8960	3.1312
ENSG00000137766.17	UNC13C	protein_coding	4	3	1	0.0157	0.0039	0.0042
ENSG00000137767.14	SQOR	protein_coding	2763	1374	1389	53.2777	13.2123	14.2855
ENSG00000137770.14	CTDSPL2	protein_coding	3272	1689	1707	20.0016	4.9602	5.3631
ENSG00000137776.17	SLTM	protein_coding	7339	3802	3827	50.8920	12.6207	13.6458
ENSG00000137801.11	THBS1	protein_coding	126090	72110	71270	780.7994	193.6304	209.3584
ENSG00000137802.14	MAPKBP1	protein_coding	1030	630	697	5.6398	1.3986	1.5122
ENSG00000137804.14	NUSAP1	protein_coding	3	1	2	0.0472	0.0117	0.0126
ENSG00000137806.10	NDUFAF1	protein_coding	976	482	494	13.8684	3.4392	3.7186
ENSG00000137807.16	KIF23	protein_coding	1174	614	604	10.1243	2.5107	2.7147
ENSG00000137808.12	AC027088.1	lncRNA	0	0	0	0.0000	0.0000	0.0000
ENSG00000137809.17	ITGA11	protein_coding	32189	15952	16237	167.9953	41.6611	45.0452
ENSG00000137812.20	KNL1	protein_coding	767	393	374	4.2436	1.0524	1.1378
ENSG00000137814.12	HAUS2	protein_coding	1476	938	976	19.4434	4.8218	5.2134
ENSG00000137815.14	RTF1	protein_coding	6254	3055	3199	61.4669	15.2432	16.4813
ENSG00000137817.17	PARP6	protein_coding	2358	1189	1169	17.4892	4.3371	4.6894
ENSG00000137818.12	RPLP1	protein_coding	58735	29401	29337	1024.2498	254.0036	274.6355
ENSG00000137819.14	PAQR5	protein_coding	429	374	372	3.8870	0.9639	1.0422
ENSG00000137821.12	LRRC49	protein_coding	427	222	211	2.4235	0.6010	0.6498
ENSG00000137822.13	TUBGCP4	protein_coding	962	1868	1817	4.8836	1.2111	1.3095
ENSG00000137824.16	RMDN3	protein_coding	2724	1389	1335	30.2069	7.4910	8.0995
ENSG00000137825.11	ITPKA	protein_coding	86	43	43	2.3302	0.5779	0.6248
ENSG00000137831.15	UACA	protein_coding	8758	4357	4402	45.1679	11.2012	12.1110
ENSG00000137834.15	SMAD6	protein_coding	314	161	153	2.0812	0.5161	0.5580
ENSG00000137841.12	PLCB2	protein_coding	702	343	361	5.4171	1.3434	1.4525
ENSG00000137842.7	TMEM62	protein_coding	1616	1045	1062	19.3096	4.7886	5.1775
ENSG00000137843.12	PAK6	protein_coding	998	477	528	8.4510	2.0958	2.2660
ENSG00000137845.15	ADAM10	protein_coding	12185	6180	6020	43.2449	10.7243	11.5954
ENSG00000137857.17	DUOX1	protein_coding	275	143	147	1.7754	0.4403	0.4760
ENSG00000137860.12	SLC28A2	protein_coding	12	9	8	0.1311	0.0325	0.0352
ENSG00000137868.19	STRA6	protein_coding	419	213	222	3.0984	0.7684	0.8308
ENSG00000137869.15	CYP19A1	protein_coding	6	4	3	0.0404	0.0100	0.0108
ENSG00000137871.20	ZNF280D	protein_coding	1175	595	580	5.5010	1.3642	1.4750
ENSG00000137872.17	SEMA6D	protein_coding	645	301	344	4.2917	1.0643	1.1507
ENSG00000137875.4	BCL2L10	protein_coding	9	5	4	0.3870	0.0960	0.1038
ENSG00000137876.11	RSL24D1	protein_coding	5391	2763	2628	46.3217	11.4873	12.4204
ENSG00000137877.10	SPTBN5	protein_coding	118	60	64	0.5435	0.1348	0.1457
ENSG00000137878.17	GCOM1	protein_coding	44	21	23	0.2422	0.0601	0.0649
ENSG00000137880.6	GCHFR	protein_coding	5	176	173	0.1915	0.0475	0.0513
ENSG00000137936.18	BCAR3	protein_coding	3131	1688	1744	25.6625	6.3640	6.8810
ENSG00000137941.17	TTLL7	protein_coding	199	93	106	1.0700	0.2653	0.2869
ENSG00000137942.17	FNBP1L	protein_coding	9015	4453	4562	88.1753	21.8666	23.6427
ENSG00000137944.18	KYAT3	protein_coding	3111	1590	1521	80.3391	19.9233	21.5416
ENSG00000137947.12	GTF2B	protein_coding	1743	836	907	39.1622	9.7118	10.5007
ENSG00000137948.18	BRDT	protein_coding	166	70	96	2.1721	0.5387	0.5824
ENSG00000137955.16	RABGGTB	protein_coding	4096	2125	1971	39.2372	9.7304	10.5208
ENSG00000137959.16	IFI44L	protein_coding	10088	5078	5011	55.8682	13.8547	14.9801
ENSG00000137960.6	GIPC2	protein_coding	20	6	14	0.2905	0.0720	0.0779
ENSG00000137962.13	ARHGAP29	protein_coding	19293	9557	9737	59.5594	14.7701	15.9699
ENSG00000137965.11	IFI44	protein_coding	5495	2814	2681	152.9054	37.9190	40.9991
ENSG00000137968.16	SLC44A5	protein_coding	1151	587	564	10.3625	2.5698	2.7785
ENSG00000137970.7	RPL7P9	processed_pseudogene	185	101	84	14.0446	3.4829	3.7658
ENSG00000137975.8	CLCA2	protein_coding	54	28	26	0.6950	0.1724	0.1864
ENSG00000137976.7	DNASE2B	protein_coding	1	0	1	0.0384	0.0095	0.0103
ENSG00000137992.14	DBT	protein_coding	2250	1174	1119	11.2888	2.7995	3.0269
ENSG00000137996.13	RTCA	protein_coding	2040	1053	987	38.2062	9.4747	10.2444
ENSG00000138002.16	IFT172	protein_coding	2388	1275	1255	8.4809	2.1032	2.2740
ENSG00000138018.18	SELENOI	protein_coding	5230	2674	2643	34.6811	8.6006	9.2992
ENSG00000138028.16	CGREF1	protein_coding	948	681	728	13.2678	3.2903	3.5575
ENSG00000138029.14	HADHB	protein_coding	7161	3556	3606	94.9498	23.5466	25.4592
ENSG00000138030.13	KHK	protein_coding	503	505	459	9.3525	2.3193	2.5077
ENSG00000138031.14	ADCY3	protein_coding	1734	1691	1745	16.2323	4.0254	4.3524
ENSG00000138032.21	PPM1B	protein_coding	1738	855	885	13.8722	3.4402	3.7196
ENSG00000138035.15	PNPT1	protein_coding	3106	1573	1533	33.2907	8.2558	8.9264
ENSG00000138036.18	DYNC2LI1	protein_coding	1447	702	745	17.7695	4.4066	4.7646
ENSG00000138039.15	LHCGR	protein_coding	0	0	0	0.0000	0.0000	0.0000
ENSG00000138050.15	THUMPD2	protein_coding	1049	520	529	15.5608	3.8589	4.1724
ENSG00000138061.12	CYP1B1	protein_coding	13592	7278	7214	128.7890	31.9384	34.5326
ENSG00000138068.10	SULT6B1	protein_coding	0	30	45	0.0000	0.0000	0.0000
ENSG00000138069.18	RAB1A	protein_coding	12940	6766	6607	221.4993	54.9296	59.3913
ENSG00000138071.14	ACTR2	protein_coding	25669	13141	12528	337.5901	83.7189	90.5192
ENSG00000138073.14	PREB	protein_coding	3909	2032	2034	69.0160	17.1153	18.5055
ENSG00000138074.15	SLC5A6	protein_coding	2884	1688	1773	29.2684	7.2583	7.8478
ENSG00000138075.14	ABCG5	protein_coding	9	5	4	0.1372	0.0340	0.0368
ENSG00000138078.16	PREPL	protein_coding	4575	3360	3439	31.8107	7.8887	8.5295
ENSG00000138079.14	SLC3A1	protein_coding	1	933	901	0.0087	0.0022	0.0023
ENSG00000138080.14	EMILIN1	protein_coding	8650	4388	4262	125.6188	31.1522	33.6826
ENSG00000138081.21	FBXO11	protein_coding	2439	2672	2674	17.7806	4.4094	4.7676
ENSG00000138083.5	SIX3	protein_coding	5	3	2	0.1045	0.0259	0.0280
ENSG00000138085.17	ATRAID	protein_coding	5656	3159	3074	158.8666	39.3973	42.5974
ENSG00000138092.11	CENPO	protein_coding	468	1102	1080	4.8098	1.1928	1.2897
ENSG00000138095.19	LRPPRC	protein_coding	15049	7556	7493	85.1045	21.1051	22.8194
ENSG00000138100.14	TRIM54	protein_coding	0	2	2	0.0000	0.0000	0.0000
ENSG00000138101.19	DTNB	protein_coding	860	458	496	6.8249	1.6925	1.8300
ENSG00000138107.13	ACTR1A	protein_coding	8936	5140	4932	108.8637	26.9971	29.1900
ENSG00000138109.11	CYP2C9	protein_coding	0	0	0	0.0000	0.0000	0.0000
ENSG00000138111.14	MFSD13A	protein_coding	371	211	196	5.9669	1.4797	1.5999
ENSG00000138115.14	CYP2C8	protein_coding	5	3	3	0.1103	0.0274	0.0296
ENSG00000138119.17	MYOF	protein_coding	31049	15396	15653	207.3955	51.4320	55.6097
ENSG00000138131.4	LOXL4	protein_coding	321	155	171	5.0609	1.2550	1.3570
ENSG00000138134.12	STAMBPL1	protein_coding	215	106	109	1.9283	0.4782	0.5170
ENSG00000138135.7	CH25H	protein_coding	85	41	44	2.8540	0.7078	0.7652
ENSG00000138136.6	LBX1	protein_coding	0	0	1	0.0000	0.0000	0.0000
ENSG00000138138.13	ATAD1	protein_coding	5745	2937	2836	64.2982	15.9453	17.2405
ENSG00000138152.10	BTBD16	protein_coding	6	4	2	0.1410	0.0350	0.0378
ENSG00000138160.7	KIF11	protein_coding	2177	1109	1068	23.1976	5.7528	6.2200
ENSG00000138161.14	CUZD1	protein_coding	2	1	1	0.0400	0.0099	0.0107
ENSG00000138162.19	TACC2	protein_coding	4842	2384	2459	14.5632	3.6115	3.9049
ENSG00000138166.6	DUSP5	protein_coding	11745	5950	5795	262.7450	65.1581	70.4507
ENSG00000138172.11	CALHM2	protein_coding	2864	1690	1657	52.2578	12.9594	14.0121
ENSG00000138175.9	ARL3	protein_coding	4176	2088	2088	61.7686	15.3180	16.5622
ENSG00000138180.16	CEP55	protein_coding	995	497	498	17.1457	4.2520	4.5973
ENSG00000138182.15	KIF20B	protein_coding	1545	765	780	12.7517	3.1623	3.4192
ENSG00000138185.20	ENTPD1	protein_coding	3878	2858	2878	15.3319	3.8022	4.1110
ENSG00000138190.17	EXOC6	protein_coding	4204	2098	2106	36.7518	9.1141	9.8544
ENSG00000138193.16	PLCE1	protein_coding	783	373	432	3.2461	0.8050	0.8704
ENSG00000138207.14	RBP4	protein_coding	121	56	65	4.7064	1.1671	1.2619
ENSG00000138231.13	DBR1	protein_coding	1565	769	796	28.1214	6.9738	7.5403
ENSG00000138246.17	DNAJC13	protein_coding	6538	3211	3327	38.5015	9.5480	10.3235
ENSG00000138271.6	GPR87	protein_coding	0	13	9	0.0000	0.0000	0.0000
ENSG00000138279.16	ANXA7	protein_coding	10261	6736	6702	203.3197	50.4212	54.5168
ENSG00000138286.15	FAM149B1	protein_coding	1705	2165	2029	12.8578	3.1886	3.4476
ENSG00000138303.18	ASCC1	protein_coding	2288	1490	1463	21.9325	5.4390	5.8808
ENSG00000138308.6	PLA2G12B	protein_coding	3	2	1	0.1088	0.0270	0.0292
ENSG00000138311.18	ZNF365	protein_coding	387	197	190	4.4247	1.0973	1.1864
ENSG00000138315.13	OIT3	protein_coding	9	2	7	0.2158	0.0535	0.0579
ENSG00000138316.11	ADAMTS14	protein_coding	1069	543	526	10.8917	2.7010	2.9204
ENSG00000138326.21	RPS24	protein_coding	61834	30745	31090	447.8994	111.0745	120.0968
ENSG00000138336.9	TET1	protein_coding	195	107	88	1.1505	0.2853	0.3085
ENSG00000138346.15	DNA2	protein_coding	356	175	181	4.0992	1.0166	1.0991
ENSG00000138347.16	MYPN	protein_coding	18	5	13	0.1487	0.0369	0.0399
ENSG00000138356.14	AOX1	protein_coding	560	267	293	5.8702	1.4557	1.5740
ENSG00000138363.15	ATIC	protein_coding	11724	5798	5935	175.4731	43.5156	47.0502
ENSG00000138375.13	SMARCAL1	protein_coding	1801	930	907	20.0579	4.9741	5.3782
ENSG00000138376.11	BARD1	protein_coding	1245	611	636	9.3243	2.3123	2.5002
ENSG00000138378.19	STAT4	protein_coding	172	138	121	2.1177	0.5252	0.5678
ENSG00000138379.5	MSTN	protein_coding	12	6	6	0.2414	0.0599	0.0647
ENSG00000138380.18	CARF	protein_coding	612	301	311	3.4322	0.8512	0.9203
ENSG00000138381.10	ASNSD1	protein_coding	1353	647	706	30.8767	7.6571	8.2791
ENSG00000138382.15	METTL5	protein_coding	1300	2046	2029	25.7323	6.3813	6.8997
ENSG00000138385.16	SSB	protein_coding	5880	4423	4232	65.9784	16.3620	17.6910
ENSG00000138386.17	NAB1	protein_coding	2194	1452	1459	25.4597	6.3138	6.8266
ENSG00000138395.17	CDK15	protein_coding	221	104	117	2.0306	0.5036	0.5445
ENSG00000138398.17	PPIG	protein_coding	5774	2785	2989	29.9774	7.4341	8.0379
ENSG00000138399.18	FASTKD1	protein_coding	771	389	382	7.6816	1.9049	2.0597
ENSG00000138400.13	MDH1B	protein_coding	158	78	81	3.0993	0.7686	0.8310
ENSG00000138411.13	HECW2	protein_coding	2351	1110	1241	5.6315	1.3965	1.5100
ENSG00000138413.14	IDH1	protein_coding	3832	1887	1947	46.2466	11.4687	12.4002
ENSG00000138430.16	OLA1	protein_coding	7014	3657	3358	66.2829	16.4375	17.7727
ENSG00000138433.16	CIR1	protein_coding	3271	1602	1669	58.3695	14.4751	15.6508
ENSG00000138434.17	ITPRID2	protein_coding	11370	5761	5609	66.5764	16.5103	17.8514
ENSG00000138435.16	CHRNA1	protein_coding	437	224	213	4.9774	1.2343	1.3346
ENSG00000138439.12	FAM117B	protein_coding	863	459	404	7.8873	1.9560	2.1148
ENSG00000138442.10	WDR12	protein_coding	1726	858	870	10.7965	2.6774	2.8949
ENSG00000138443.17	ABI2	protein_coding	5021	7501	7417	12.2338	3.0338	3.2803
ENSG00000138448.12	ITGAV	protein_coding	21436	11285	11000	147.8875	36.6746	39.6536
ENSG00000138449.11	SLC40A1	protein_coding	68163	34098	34066	916.4348	227.2666	245.7267
ENSG00000138459.9	SLC35A5	protein_coding	2150	1122	1080	25.2540	6.2627	6.7714
ENSG00000138463.9	SLC49A4	protein_coding	1502	781	721	25.6407	6.3586	6.8751
ENSG00000138468.16	SENP7	protein_coding	1760	885	875	15.6050	3.8699	4.1842
ENSG00000138472.11	GUCA1C	protein_coding	0	0	0	0.0000	0.0000	0.0000
ENSG00000138483.3	CCDC54	protein_coding	9	6	4	0.4264	0.1057	0.1143
ENSG00000138495.7	COX17	protein_coding	2310	1125	1185	68.5505	16.9998	18.3807
ENSG00000138496.16	PARP9	protein_coding	17470	8881	8935	110.8440	27.4882	29.7210
ENSG00000138587.6	MNS1	protein_coding	366	298	322	8.2660	2.0499	2.2164
ENSG00000138592.14	USP8	protein_coding	3782	2546	2618	10.3908	2.5768	2.7861
ENSG00000138593.9	SECISBP2L	protein_coding	5285	2615	2670	34.9193	8.6596	9.3630
ENSG00000138594.14	TMOD3	protein_coding	5219	3405	3332	27.8376	6.9034	7.4642
ENSG00000138600.10	SPPL2A	protein_coding	5450	2813	2916	38.4176	9.5272	10.3010
ENSG00000138604.10	GLCE	protein_coding	3729	1802	1927	31.8962	7.9099	8.5524
ENSG00000138606.19	SHF	protein_coding	312	139	176	3.6153	0.8966	0.9694
ENSG00000138613.14	APH1B	protein_coding	2529	1334	1195	26.3494	6.5344	7.0651
ENSG00000138614.15	INTS14	protein_coding	2694	1353	1342	36.2890	8.9993	9.7303
ENSG00000138615.6	CILP	protein_coding	24304	12100	12204	242.7403	60.1971	65.0868
ENSG00000138617.16	PARP16	protein_coding	1050	529	521	15.9811	3.9631	4.2851
ENSG00000138621.12	PPCDC	protein_coding	402	209	193	6.0793	1.5076	1.6301
ENSG00000138622.4	HCN4	protein_coding	1	1	0	0.0082	0.0020	0.0022
ENSG00000138623.10	SEMA7A	protein_coding	1060	525	535	15.8191	3.9230	4.2416
ENSG00000138629.16	UBL7	protein_coding	2155	1090	1065	64.8329	16.0779	17.3839
ENSG00000138639.18	ARHGAP24	protein_coding	1501	1055	1020	10.8160	2.6823	2.9001
ENSG00000138640.15	FAM13A	protein_coding	602	392	398	2.5834	0.6407	0.6927
ENSG00000138641.18	HERC3	protein_coding	15	8	7	0.1221	0.0303	0.0327
ENSG00000138642.15	HERC6	protein_coding	3955	1976	1979	38.8109	9.6247	10.4065
ENSG00000138646.9	HERC5	protein_coding	2121	1076	1045	25.2481	6.2613	6.7699
ENSG00000138650.9	PCDH10	protein_coding	33	20	13	0.1838	0.0456	0.0493
ENSG00000138653.10	NDST4	protein_coding	0	0	0	0.0000	0.0000	0.0000
ENSG00000138658.16	ZGRF1	protein_coding	356	177	181	2.2178	0.5500	0.5947
ENSG00000138660.12	AP1AR	protein_coding	3815	1976	1848	33.2639	8.2491	8.9192
ENSG00000138663.9	COPS4	protein_coding	3262	1702	1560	51.8755	12.8646	13.9095
ENSG00000138668.19	HNRNPD	protein_coding	11262	5740	5529	91.4866	22.6877	24.5306
ENSG00000138669.9	PRKG2	protein_coding	610	317	293	6.7617	1.6768	1.8130
ENSG00000138670.18	RASGEF1B	protein_coding	713	382	331	3.9708	0.9847	1.0647
ENSG00000138674.17	SEC31A	protein_coding	23631	11882	11749	144.1447	35.7464	38.6500
ENSG00000138675.16	FGF5	protein_coding	187	98	89	1.7681	0.4385	0.4741
ENSG00000138678.11	GPAT3	protein_coding	421	212	209	6.5898	1.6342	1.7669
ENSG00000138684.9	IL21	protein_coding	0	0	0	0.0000	0.0000	0.0000
ENSG00000138685.17	FGF2	protein_coding	235	249	223	1.9671	0.4878	0.5274
ENSG00000138686.10	BBS7	protein_coding	953	485	468	10.9624	2.7186	2.9394
ENSG00000138688.15	KIAA1109	protein_coding	7973	3984	3989	22.0884	5.4777	5.9226
ENSG00000138696.11	BMPR1B	protein_coding	47851	24066	23786	413.5999	102.5686	110.8999
ENSG00000138698.15	RAP1GDS1	protein_coding	5636	2890	2882	58.9591	14.6213	15.8089
ENSG00000138709.19	LARP1B	protein_coding	1800	895	905	10.7677	2.6703	2.8872
ENSG00000138722.10	MMRN1	protein_coding	17	5	12	0.1750	0.0434	0.0469
ENSG00000138735.16	PDE5A	protein_coding	1589	978	947	9.4004	2.3312	2.5206
ENSG00000138738.11	PRDM5	protein_coding	297	146	151	1.7698	0.4389	0.4745
ENSG00000138741.11	TRPC3	protein_coding	32	17	15	0.1970	0.0489	0.0528
ENSG00000138744.16	NAAA	protein_coding	1504	714	790	19.3143	4.7897	5.1788
ENSG00000138750.15	NUP54	protein_coding	2439	1259	1180	34.6569	8.5946	9.2927
ENSG00000138755.6	CXCL9	protein_coding	814	398	416	16.7193	4.1462	4.4830
ENSG00000138756.18	BMP2K	protein_coding	1137	2030	2030	6.4882	1.6090	1.7397
ENSG00000138757.15	G3BP2	protein_coding	10414	5206	5215	42.7986	10.6136	11.4757
ENSG00000138758.12	SEPTIN11	protein_coding	21578	11041	10541	125.6353	31.1563	33.6870
ENSG00000138759.19	FRAS1	protein_coding	252	118	134	0.7440	0.1845	0.1995
ENSG00000138760.10	SCARB2	protein_coding	30277	15334	14943	88.9872	22.0679	23.8604
ENSG00000138764.15	CCNG2	protein_coding	11084	5575	5509	84.7591	21.0194	22.7267
ENSG00000138767.13	CNOT6L	protein_coding	4244	2179	2066	25.6942	6.3719	6.8895
ENSG00000138768.15	USO1	protein_coding	8258	4164	4101	101.7183	25.2251	27.2741
ENSG00000138769.11	CDKL2	protein_coding	362	181	181	3.8807	0.9624	1.0406
ENSG00000138771.16	SHROOM3	protein_coding	5432	3146	3200	22.2755	5.5241	5.9728
ENSG00000138772.13	ANXA3	protein_coding	125	59	66	1.4482	0.3591	0.3883
ENSG00000138777.20	PPA2	protein_coding	3971	1989	1982	48.5335	12.0358	13.0134
ENSG00000138778.13	CENPE	protein_coding	1090	531	559	6.2262	1.5440	1.6695
ENSG00000138780.15	GSTCD	protein_coding	1443	736	726	13.0058	3.2253	3.4873
ENSG00000138785.15	INTS12	protein_coding	905	922	906	13.1698	3.2660	3.5313
ENSG00000138792.10	ENPEP	protein_coding	1706	937	897	12.5320	3.1078	3.3603
ENSG00000138794.10	CASP6	protein_coding	978	497	500	28.5447	7.0788	7.6538
ENSG00000138795.10	LEF1	protein_coding	910	489	516	9.6262	2.3872	2.5811
ENSG00000138796.17	HADH	protein_coding	2745	1347	1398	12.8812	3.1944	3.4539
ENSG00000138798.13	EGF	protein_coding	10	5	5	0.0743	0.0184	0.0199
ENSG00000138801.9	PAPSS1	protein_coding	4704	2327	2377	81.8294	20.2929	21.9412
ENSG00000138802.11	SEC24B	protein_coding	4933	2423	2510	53.6023	13.2928	14.3726
ENSG00000138813.10	C4orf17	protein_coding	0	0	0	0.0000	0.0000	0.0000
ENSG00000138814.17	PPP3CA	protein_coding	6287	3200	3092	68.3936	16.9609	18.3386
ENSG00000138821.13	SLC39A8	protein_coding	13441	6763	6678	117.6294	29.1709	31.5404
ENSG00000138823.13	MTTP	protein_coding	1	5	6	0.0105	0.0026	0.0028
ENSG00000138829.12	FBN2	protein_coding	1881	921	961	8.0702	2.0013	2.1639
ENSG00000138834.14	MAPK8IP3	protein_coding	1793	919	932	9.8309	2.4380	2.6360
ENSG00000138835.22	RGS3	protein_coding	2683	1346	1337	11.0312	2.7356	2.9578
ENSG00000138867.17	GUCD1	protein_coding	8323	4147	4189	107.3941	26.6327	28.7959
ENSG00000138892.11	TTLL8	protein_coding	0	0	0	0.0000	0.0000	0.0000
ENSG00000138942.16	RNF185	protein_coding	3577	2238	2299	58.8317	14.5897	15.7747
ENSG00000138944.8	SHISAL1	protein_coding	661	341	320	5.4699	1.3565	1.4667
ENSG00000138964.17	PARVG	protein_coding	549	369	383	3.6114	0.8956	0.9683
ENSG00000139044.12	B4GALNT3	protein_coding	1381	697	684	10.7401	2.6634	2.8798
ENSG00000139053.3	PDE6H	protein_coding	2	2	0	0.1560	0.0387	0.0418
ENSG00000139055.7	ERP27	protein_coding	438	209	230	13.2333	3.2817	3.5483
ENSG00000139083.11	ETV6	protein_coding	5605	2830	2775	43.9640	10.9026	11.7882
ENSG00000139112.11	GABARAPL1	protein_coding	4491	2253	2259	62.8385	15.5833	16.8491
ENSG00000139116.19	KIF21A	protein_coding	2785	1367	1418	15.6111	3.8714	4.1859
ENSG00000139117.14	CPNE8	protein_coding	712	357	355	7.8862	1.9557	2.1146
ENSG00000139131.13	YARS2	protein_coding	1088	638	628	28.7380	7.1267	7.7056
ENSG00000139132.14	FGD4	protein_coding	1259	632	627	6.7173	1.6658	1.8011
ENSG00000139133.7	ALG10	protein_coding	328	214	209	4.4267	1.0978	1.1869
ENSG00000139144.11	PIK3C2G	protein_coding	24	12	12	0.2235	0.0554	0.0599
ENSG00000139146.14	SINHCAF	protein_coding	3657	1804	1859	37.1997	9.2252	9.9745
ENSG00000139151.16	PLCZ1	protein_coding	0	0	0	0.0000	0.0000	0.0000
ENSG00000139154.16	AEBP2	protein_coding	5122	2617	2505	42.9179	10.6432	11.5077
ENSG00000139155.9	SLCO1C1	protein_coding	16	5	11	0.1858	0.0461	0.0498
ENSG00000139160.13	ETFBKMT	protein_coding	837	916	954	6.9112	1.7139	1.8531
ENSG00000139163.16	ETNK1	protein_coding	6532	3270	3262	27.8498	6.9065	7.4674
ENSG00000139168.9	ZCRB1	protein_coding	4716	2500	2424	28.0193	6.9485	7.5129
ENSG00000139173.10	TMEM117	protein_coding	469	236	233	7.7317	1.9174	2.0731
ENSG00000139174.12	PRICKLE1	protein_coding	728	1013	905	5.0207	1.2451	1.3462
ENSG00000139178.11	C1RL	protein_coding	3510	1950	2005	39.9783	9.9142	10.7195
ENSG00000139180.11	NDUFA9	protein_coding	313	153	160	1.7082	0.4236	0.4580
ENSG00000139182.15	CLSTN3	protein_coding	4443	2261	2204	37.4387	9.2844	10.0386
ENSG00000139187.10	KLRG1	protein_coding	56	24	33	1.2247	0.3037	0.3284
ENSG00000139190.17	VAMP1	protein_coding	303	246	216	5.2548	1.3031	1.4090
ENSG00000139192.12	TAPBPL	protein_coding	1871	1027	1008	33.2824	8.2537	8.9241
ENSG00000139193.4	CD27	protein_coding	50	181	184	2.1449	0.5319	0.5751
ENSG00000139194.8	RBP5	protein_coding	82	56	70	1.5362	0.3810	0.4119
ENSG00000139197.11	PEX5	protein_coding	3270	1660	1611	33.7904	8.3797	9.0603
ENSG00000139200.14	PIANP	protein_coding	97	43	54	1.6761	0.4156	0.4494
ENSG00000139209.16	SLC38A4	protein_coding	255	137	118	3.4888	0.8652	0.9355
ENSG00000139211.7	AMIGO2	protein_coding	41181	21090	21007	589.1457	146.1022	157.9696
ENSG00000139218.18	SCAF11	protein_coding	13128	6630	6498	53.0451	13.1547	14.2232
ENSG00000139219.19	COL2A1	protein_coding	1258	640	619	10.7087	2.6556	2.8714
ENSG00000139220.17	PPFIA2	protein_coding	98	104	113	0.6483	0.1608	0.1738
ENSG00000139223.4	ANP32D	protein_coding	0	0	0	0.0000	0.0000	0.0000
ENSG00000139233.7	LLPH	protein_coding	1115	584	532	7.9287	1.9662	2.1260
ENSG00000139239.7	RPL14P1	processed_pseudogene	213	98	115	18.7275	4.6442	5.0215
ENSG00000139263.12	LRIG3	protein_coding	1637	847	790	15.8016	3.9186	4.2369
ENSG00000139266.6	MARCHF9	protein_coding	1218	634	584	17.2509	4.2781	4.6256
ENSG00000139269.3	INHBE	protein_coding	7	6	3	0.1303	0.0323	0.0349
ENSG00000139278.10	GLIPR1	protein_coding	2753	3369	3338	25.1405	6.2346	6.7410
ENSG00000139287.13	TPH2	protein_coding	1	1	0	0.0082	0.0020	0.0022
ENSG00000139289.13	PHLDA1	protein_coding	4627	2805	2754	32.5192	8.0644	8.7195
ENSG00000139291.14	TMEM19	protein_coding	2539	1255	1284	22.1723	5.4985	5.9451
ENSG00000139292.13	LGR5	protein_coding	614	354	337	6.6667	1.6533	1.7876
ENSG00000139304.16	PTPRQ	protein_coding	7	5	2	0.0320	0.0079	0.0086
ENSG00000139318.8	DUSP6	protein_coding	9070	5565	5377	133.2883	33.0541	35.7390
ENSG00000139323.14	POC1B	protein_coding	1744	854	910	11.2786	2.7970	3.0242
ENSG00000139324.12	TMTC3	protein_coding	4709	2367	2343	36.4470	9.0385	9.7727
ENSG00000139329.5	LUM	protein_coding	240022	119513	120510	5096.0843	1263.7775	1366.4302
ENSG00000139330.6	KERA	protein_coding	341	169	172	8.7781	2.1769	2.3537
ENSG00000139343.10	SNRPF	protein_coding	2400	1232	1171	44.7269	11.0918	11.9928
ENSG00000139344.8	AMDHD1	protein_coding	419	199	220	8.9598	2.2219	2.4024
ENSG00000139350.12	NEDD1	protein_coding	3111	1596	1515	39.5128	9.7988	10.5947
ENSG00000139351.15	SYCP3	protein_coding	35	664	646	0.5184	0.1286	0.1390
ENSG00000139352.4	ASCL1	protein_coding	295	149	158	6.7430	1.6722	1.8080
ENSG00000139354.11	GAS2L3	protein_coding	553	290	263	4.2237	1.0474	1.1325
ENSG00000139364.10	TMEM132B	protein_coding	55	25	30	0.1986	0.0493	0.0533
ENSG00000139370.12	SLC15A4	protein_coding	4063	2007	2056	42.1384	10.4499	11.2987
ENSG00000139372.15	TDG	protein_coding	1532	755	781	17.7850	4.4105	4.7687
ENSG00000139405.16	RITA1	protein_coding	1219	713	701	29.9391	7.4246	8.0277
ENSG00000139410.15	SDSL	protein_coding	951	505	448	26.0160	6.4517	6.9758
ENSG00000139428.12	MMAB	protein_coding	1342	766	744	12.6462	3.1361	3.3909
ENSG00000139433.11	GLTP	protein_coding	4392	2217	2176	90.7029	22.4934	24.3205
ENSG00000139436.21	GIT2	protein_coding	1529	2497	2467	6.4077	1.5891	1.7181
ENSG00000139437.18	TCHP	protein_coding	1522	2424	2401	9.5331	2.3641	2.5561
ENSG00000139438.6	FAM222A	protein_coding	618	305	313	8.5210	2.1131	2.2848
ENSG00000139445.18	FOXN4	protein_coding	0	1	0	0.0000	0.0000	0.0000
ENSG00000139496.16	NUP58	protein_coding	3477	1782	1695	18.9688	4.7041	5.0862
ENSG00000139505.11	MTMR6	protein_coding	2714	1359	1356	26.6328	6.6047	7.1411
ENSG00000139508.15	SLC46A3	protein_coding	3938	2014	1924	59.1430	14.6669	15.8582
ENSG00000139514.13	SLC7A1	protein_coding	3089	1545	1544	22.7858	5.6506	6.1096
ENSG00000139515.6	PDX1	protein_coding	0	0	0	0.0000	0.0000	0.0000
ENSG00000139517.9	LNX2	protein_coding	2863	1460	1404	33.7198	8.3622	9.0414
ENSG00000139531.13	SUOX	protein_coding	1522	779	743	17.2349	4.2741	4.6213
ENSG00000139537.11	CCDC65	protein_coding	129	72	58	3.0815	0.7642	0.8263
ENSG00000139540.12	SLC39A5	protein_coding	8	18	12	0.1563	0.0388	0.0419
ENSG00000139546.11	TARBP2	protein_coding	1056	548	542	14.6420	3.6311	3.9260
ENSG00000139547.7	RDH16	protein_coding	1501	758	743	24.5732	6.0939	6.5889
ENSG00000139549.4	DHH	protein_coding	6	1	5	0.0727	0.0180	0.0195
ENSG00000139567.13	ACVRL1	protein_coding	1819	917	902	20.7933	5.1565	5.5754
ENSG00000139572.4	GPR84	protein_coding	221	108	113	6.1346	1.5213	1.6449
ENSG00000139574.8	NPFF	protein_coding	0	0	0	0.0000	0.0000	0.0000
ENSG00000139579.13	NABP2	protein_coding	3204	1639	1565	82.5528	20.4723	22.1352
ENSG00000139597.18	N4BP2L1	protein_coding	1091	543	548	10.2215	2.5348	2.7407
ENSG00000139610.2	CELA1	protein_coding	5	2	3	0.2975	0.0738	0.0798
ENSG00000139613.12	SMARCC2	protein_coding	6166	3938	4016	38.0950	9.4472	10.2145
ENSG00000139618.16	BRCA2	protein_coding	641	326	315	2.8393	0.7041	0.7613
ENSG00000139620.13	KANSL2	protein_coding	1622	834	788	25.7225	6.3789	6.8971
ENSG00000139624.14	CERS5	protein_coding	3948	1967	1987	33.0906	8.2061	8.8727
ENSG00000139625.13	MAP3K12	protein_coding	1992	3796	3962	14.1722	3.5146	3.8000
ENSG00000139626.16	ITGB7	protein_coding	148	245	265	1.8857	0.4676	0.5056
ENSG00000139629.16	GALNT6	protein_coding	25648	12793	12925	197.9716	49.0950	53.0828
ENSG00000139631.19	CSAD	protein_coding	834	555	512	10.7345	2.6620	2.8783
ENSG00000139636.15	LMBR1L	protein_coding	1683	847	836	15.7835	3.9142	4.2321
ENSG00000139637.14	MYG1	protein_coding	1	1	2	0.0227	0.0056	0.0061
ENSG00000139641.13	ESYT1	protein_coding	10770	5635	5649	115.5660	28.6592	30.9871
ENSG00000139644.13	TMBIM6	protein_coding	84305	42333	41977	772.8636	191.6624	207.2305
ENSG00000139645.10	ANKRD52	protein_coding	5554	2875	2703	35.7389	8.8629	9.5828
ENSG00000139648.7	KRT71	protein_coding	1	1	0	0.0251	0.0062	0.0067
ENSG00000139651.11	ZNF740	protein_coding	2891	1662	1632	18.0959	4.4876	4.8521
ENSG00000139656.7	SMIM2	protein_coding	1	10	14	0.0466	0.0116	0.0125
ENSG00000139668.9	WDFY2	protein_coding	557	417	395	1.9500	0.4836	0.5229
ENSG00000139675.12	HNRNPA1L2	protein_coding	196	90	106	8.1014	2.0091	2.1723
ENSG00000139679.15	LPAR6	protein_coding	2075	1066	1009	27.0638	6.7115	7.2567
ENSG00000139684.15	ESD	protein_coding	4806	2353	2453	77.2748	19.1634	20.7199
ENSG00000139687.16	RB1	protein_coding	5522	2717	2805	48.6715	12.0700	13.0505
ENSG00000139697.14	SBNO1	protein_coding	4961	2554	2434	25.2820	6.2697	6.7789
ENSG00000139714.12	MORN3	protein_coding	286	146	141	4.2062	1.0431	1.1278
ENSG00000139718.11	SETD1B	protein_coding	3549	1813	1737	23.5204	5.8328	6.3066
ENSG00000139719.11	VPS33A	protein_coding	1410	716	694	10.7100	2.6560	2.8717
ENSG00000139722.7	VPS37B	protein_coding	636	440	458	6.4018	1.5876	1.7165
ENSG00000139725.8	RHOF	protein_coding	5	374	382	0.0459	0.0114	0.0123
ENSG00000139726.11	DENR	protein_coding	6455	3231	3226	103.8182	25.7459	27.8371
ENSG00000139734.19	DIAPH3	protein_coding	372	184	206	2.8574	0.7086	0.7662
ENSG00000139737.22	SLAIN1	protein_coding	36	19	17	0.4748	0.1177	0.1273
ENSG00000139746.16	RBM26	protein_coding	3199	1586	1616	17.9229	4.4447	4.8057
ENSG00000139767.10	SRRM4	protein_coding	2	1	1	0.0093	0.0023	0.0025
ENSG00000139780.7	METTL21C	protein_coding	2	2	0	0.1042	0.0259	0.0280
ENSG00000139793.18	MBNL2	protein_coding	2809	1399	1410	32.4569	8.0490	8.7028
ENSG00000139797.8	RNF113B	protein_coding	0	0	0	0.0000	0.0000	0.0000
ENSG00000139800.8	ZIC5	protein_coding	1	1	0	0.0122	0.0030	0.0033
ENSG00000139826.6	ABHD13	protein_coding	1598	817	781	17.0568	4.2299	4.5735
ENSG00000139832.5	RAB20	protein_coding	590	305	285	22.2023	5.5059	5.9532
ENSG00000139835.14	GRTP1	protein_coding	453	283	263	8.8069	2.1840	2.3614
ENSG00000139842.15	CUL4A	protein_coding	5390	2752	2728	39.1228	9.7021	10.4901
ENSG00000139865.16	TTC6	protein_coding	1245	645	621	8.4444	2.0941	2.2642
ENSG00000139874.6	SSTR1	protein_coding	5	2	3	0.0646	0.0160	0.0173
ENSG00000139880.19	CDH24	protein_coding	258	125	133	3.9037	0.9681	1.0467
ENSG00000139890.10	REM2	protein_coding	36	21	15	0.9114	0.2260	0.2444
ENSG00000139899.11	CBLN3	protein_coding	213	221	214	4.4871	1.1128	1.2031
ENSG00000139908.15	TSSK4	protein_coding	142	70	72	4.1833	1.0374	1.1217
ENSG00000139910.20	NOVA1	protein_coding	178	94	84	0.9774	0.2424	0.2621
ENSG00000139914.6	FITM1	protein_coding	9	3	6	0.3767	0.0934	0.1010
ENSG00000139915.21	MDGA2	protein_coding	3	3	0	0.0192	0.0048	0.0051
ENSG00000139921.13	TMX1	protein_coding	4385	2209	2176	53.9655	13.3829	14.4700
ENSG00000139926.16	FRMD6	protein_coding	12194	6138	6056	73.4411	18.2127	19.6920
ENSG00000139946.10	PELI2	protein_coding	546	283	269	4.9621	1.2306	1.3305
ENSG00000139970.17	RTN1	protein_coding	1940	960	980	18.2783	4.5328	4.9010
ENSG00000139971.15	ARMH4	protein_coding	1137	552	586	8.5234	2.1137	2.2854
ENSG00000139973.16	SYT16	protein_coding	3	2	1	0.0112	0.0028	0.0030
ENSG00000139974.16	SLC38A6	protein_coding	716	345	380	7.8889	1.9564	2.1153
ENSG00000139977.14	NAA30	protein_coding	2376	1163	1213	17.6319	4.3725	4.7277
ENSG00000139985.7	ADAM21	protein_coding	14	6	8	0.2999	0.0744	0.0804
ENSG00000139988.10	RDH12	protein_coding	9	16	11	0.2167	0.0537	0.0581
ENSG00000139990.18	DCAF5	protein_coding	5258	2706	2553	35.9471	8.9145	9.6386
ENSG00000139998.16	RAB15	protein_coding	2227	1116	1111	25.5809	6.3438	6.8591
ENSG00000140006.11	WDR89	protein_coding	891	581	602	15.7459	3.9048	4.2220
ENSG00000140009.18	ESR2	protein_coding	14	9	6	0.0850	0.0211	0.0228
ENSG00000140015.20	KCNH5	protein_coding	0	0	0	0.0000	0.0000	0.0000
ENSG00000140022.13	STON2	protein_coding	638	309	329	4.6315	1.1486	1.2418
ENSG00000140025.16	EFCAB11	protein_coding	871	426	446	5.9497	1.4755	1.5953
ENSG00000140030.6	GPR65	protein_coding	548	344	383	6.8892	1.7084	1.8472
ENSG00000140043.11	PTGR2	protein_coding	116	419	440	0.8150	0.2021	0.2185
ENSG00000140044.13	JDP2	protein_coding	1648	826	823	14.9318	3.7029	4.0037
ENSG00000140057.9	AK7	protein_coding	501	259	242	5.7006	1.4137	1.5285
ENSG00000140067.6	FAM181A	protein_coding	1	2	0	0.0258	0.0064	0.0069
ENSG00000140090.18	SLC24A4	protein_coding	22	8	14	0.0844	0.0209	0.0226
ENSG00000140092.14	FBLN5	protein_coding	3982	1977	2007	45.4090	11.2610	12.1757
ENSG00000140093.10	SERPINA10	protein_coding	1	1	0	0.0104	0.0026	0.0028
ENSG00000140104.14	CLBA1	protein_coding	1266	732	755	13.7406	3.4075	3.6843
ENSG00000140105.18	WARS1	protein_coding	6348	3534	3697	56.6386	14.0458	15.1867
ENSG00000140107.12	SLC25A47	protein_coding	2	0	2	0.0616	0.0153	0.0165
ENSG00000140153.18	WDR20	protein_coding	1449	760	714	11.2181	2.7820	3.0080
ENSG00000140157.15	NIPA2	protein_coding	2312	1921	1853	24.5945	6.0992	6.5946
ENSG00000140199.13	SLC12A6	protein_coding	1651	1964	1955	8.9102	2.2096	2.3891
ENSG00000140254.12	DUOXA1	protein_coding	88	55	50	1.3412	0.3326	0.3596
ENSG00000140259.7	MFAP1	protein_coding	5140	2577	2568	128.9205	31.9710	34.5679
ENSG00000140262.18	TCF12	protein_coding	9516	4834	4682	57.1302	14.1677	15.3185
ENSG00000140263.15	SORD	protein_coding	13348	8342	8196	60.9080	15.1046	16.3315
ENSG00000140264.21	SERF2	protein_coding	8667	10237	11737	53.5117	13.2704	14.3483
ENSG00000140265.12	ZSCAN29	protein_coding	2007	1041	1041	17.1566	4.2547	4.6003
ENSG00000140274.14	DUOXA2	protein_coding	1	10	8	0.0222	0.0055	0.0060
ENSG00000140279.13	DUOX2	protein_coding	40	21	20	0.2348	0.0582	0.0630
ENSG00000140280.14	LYSMD2	protein_coding	626	303	323	18.9437	4.6978	5.0794
ENSG00000140284.11	SLC27A2	protein_coding	2004	1096	1056	40.7044	10.0943	10.9142
ENSG00000140285.12	FGF7	protein_coding	1583	811	772	13.7771	3.4166	3.6941
ENSG00000140287.11	HDC	protein_coding	234	118	116	3.4070	0.8449	0.9135
ENSG00000140297.13	GCNT3	protein_coding	22	13	9	0.1927	0.0478	0.0517
ENSG00000140299.13	BNIP2	protein_coding	4603	2381	2329	32.7564	8.1233	8.7831
ENSG00000140307.11	GTF2A2	protein_coding	2329	1138	1191	41.2227	10.2228	11.0532
ENSG00000140319.11	SRP14	protein_coding	13686	6986	6722	379.1562	94.0269	101.6644
ENSG00000140320.12	BAHD1	protein_coding	1581	1021	1006	16.4541	4.0805	4.4119
ENSG00000140323.6	DISP2	protein_coding	113	79	59	0.5025	0.1246	0.1347
ENSG00000140326.13	CDAN1	protein_coding	888	584	550	9.2435	2.2923	2.4785
ENSG00000140332.17	TLE3	protein_coding	8985	4492	4495	40.3308	10.0016	10.8140
ENSG00000140350.15	ANP32A	protein_coding	4425	2218	2207	33.2637	8.2491	8.9191
ENSG00000140365.16	COMMD4	protein_coding	2803	1425	1378	23.9035	5.9278	6.4093
ENSG00000140367.12	UBE2Q2	protein_coding	5253	2619	2634	77.7800	19.2887	20.8554
ENSG00000140368.13	PSTPIP1	protein_coding	129	76	53	1.5994	0.3966	0.4288
ENSG00000140374.16	ETFA	protein_coding	2441	1200	1241	27.5043	6.8208	7.3748
ENSG00000140379.9	BCL2A1	protein_coding	140	63	77	7.9793	1.9788	2.1395
ENSG00000140382.15	HMG20A	protein_coding	1907	1663	1548	16.8899	4.1885	4.5287
ENSG00000140386.13	SCAPER	protein_coding	987	501	486	4.8211	1.1956	1.2927
ENSG00000140391.15	TSPAN3	protein_coding	12462	6266	6244	84.1333	20.8642	22.5589
ENSG00000140395.9	WDR61	protein_coding	3234	1924	1851	25.5148	6.3274	6.8414
ENSG00000140396.13	NCOA2	protein_coding	8747	4280	4467	49.5596	12.2903	13.2886
ENSG00000140398.14	NEIL1	protein_coding	544	577	608	4.4459	1.1025	1.1921
ENSG00000140400.17	MAN2C1	protein_coding	1635	1195	1105	10.1623	2.5201	2.7249
ENSG00000140403.12	DNAJA4	protein_coding	2521	1519	1560	21.6911	5.3792	5.8161
ENSG00000140406.4	TLNRD1	protein_coding	1433	762	671	16.7007	4.1416	4.4780
ENSG00000140416.23	TPM1	protein_coding	21330	13503	13820	87.8768	21.7926	23.5627
ENSG00000140443.15	IGF1R	protein_coding	15320	7790	7531	62.3195	15.4546	16.7099
ENSG00000140450.9	ARRDC4	protein_coding	1412	693	719	19.7131	4.8886	5.2857
ENSG00000140451.13	PIF1	protein_coding	73	44	29	0.8891	0.2205	0.2384
ENSG00000140455.17	USP3	protein_coding	1511	1676	1626	11.0367	2.7370	2.9593
ENSG00000140459.18	CYP11A1	protein_coding	101	54	58	1.6861	0.4181	0.4521
ENSG00000140463.14	BBS4	protein_coding	1744	874	873	23.8433	5.9129	6.3932
ENSG00000140464.20	PML	protein_coding	5359	2689	2973	23.9827	5.9475	6.4306
ENSG00000140465.14	CYP1A1	protein_coding	2	1	1	0.0337	0.0084	0.0090
ENSG00000140470.15	ADAMTS17	protein_coding	296	180	172	2.0007	0.4962	0.5365
ENSG00000140471.17	LINS1	protein_coding	1037	560	547	7.6137	1.8881	2.0415
ENSG00000140474.14	ULK3	protein_coding	1334	699	636	21.5285	5.3388	5.7725
ENSG00000140478.15	GOLGA6D	protein_coding	0	0	0	0.0000	0.0000	0.0000
ENSG00000140479.18	PCSK6	protein_coding	2084	1805	1817	5.4362	1.3481	1.4576
ENSG00000140481.15	CCDC33	protein_coding	8	13	11	0.0645	0.0160	0.0173
ENSG00000140488.16	CELF6	protein_coding	5	3	2	0.0784	0.0194	0.0210
ENSG00000140497.16	SCAMP2	protein_coding	6996	3521	3475	79.3486	19.6777	21.2760
ENSG00000140505.7	CYP1A2	protein_coding	0	0	0	0.0000	0.0000	0.0000
ENSG00000140506.17	LMAN1L	protein_coding	0	0	0	0.0000	0.0000	0.0000
ENSG00000140511.12	HAPLN3	protein_coding	1058	525	534	17.1967	4.2646	4.6110
ENSG00000140519.14	RHCG	protein_coding	3	1	2	0.0659	0.0163	0.0177
ENSG00000140521.17	POLG	protein_coding	2314	1716	1605	17.0447	4.2269	4.5702
ENSG00000140522.12	RLBP1	protein_coding	0	0	0	0.0000	0.0000	0.0000
ENSG00000140525.19	FANCI	protein_coding	1713	1357	1362	8.1957	2.0325	2.1976
ENSG00000140526.18	ABHD2	protein_coding	10488	6216	6099	59.0757	14.6502	15.8402
ENSG00000140527.15	WDR93	protein_coding	152	72	81	2.1263	0.5273	0.5701
ENSG00000140534.14	TICRR	protein_coding	260	254	223	1.7522	0.4345	0.4698
ENSG00000140538.16	NTRK3	protein_coding	79	44	36	0.1675	0.0415	0.0449
ENSG00000140543.15	DET1	protein_coding	113	60	53	0.9343	0.2317	0.2505
ENSG00000140545.15	MFGE8	protein_coding	11973	5903	6070	99.7486	24.7366	26.7459
ENSG00000140548.10	ZNF710	protein_coding	794	562	582	8.9983	2.2315	2.4128
ENSG00000140553.18	UNC45A	protein_coding	4471	2995	2876	33.8157	8.3860	9.0671
ENSG00000140557.12	ST8SIA2	protein_coding	185	89	96	1.7934	0.4447	0.4809
ENSG00000140563.15	MCTP2	protein_coding	326	169	157	1.3966	0.3464	0.3745
ENSG00000140564.12	FURIN	protein_coding	6939	3459	3480	83.1594	20.6227	22.2978
ENSG00000140575.13	IQGAP1	protein_coding	41678	20736	20942	205.4018	50.9376	55.0751
ENSG00000140577.16	CRTC3	protein_coding	4478	2415	2492	23.4789	5.8225	6.2955
ENSG00000140598.15	EFL1	protein_coding	2529	1205	1324	30.4629	7.5545	8.1681
ENSG00000140600.17	SH3GL3	protein_coding	1	0	1	0.0169	0.0042	0.0045
ENSG00000140612.14	SEC11A	protein_coding	6906	3540	3366	71.3108	17.6844	19.1208
ENSG00000140623.14	SEPTIN12	protein_coding	1	1	0	0.0278	0.0069	0.0075
ENSG00000140632.17	GLYR1	protein_coding	6190	3157	3191	64.8144	16.0733	17.3789
ENSG00000140650.12	PMM2	protein_coding	648	625	629	4.8131	1.1936	1.2906
ENSG00000140675.13	SLC5A2	protein_coding	5	1967	1836	0.0635	0.0157	0.0170
ENSG00000140678.17	ITGAX	protein_coding	1193	578	618	9.5612	2.3711	2.5637
ENSG00000140682.19	TGFB1I1	protein_coding	2855	1428	1435	29.9661	7.4313	8.0349
ENSG00000140688.17	RUSF1	protein_coding	2610	3143	3267	41.0236	10.1734	10.9998
ENSG00000140691.18	ARMC5	protein_coding	604	399	461	6.1772	1.5319	1.6563
ENSG00000140694.17	PARN	protein_coding	5552	2803	2749	33.9136	8.4102	9.0934
ENSG00000140718.21	FTO	protein_coding	4433	2262	2171	11.7590	2.9161	3.1530
ENSG00000140740.11	UQCRC2	protein_coding	9797	5013	4784	121.0694	30.0240	32.4628
ENSG00000140743.8	CDR2	protein_coding	3264	1656	1609	46.8611	11.6211	12.5650
ENSG00000140749.9	IGSF6	protein_coding	678	369	350	11.0901	2.7502	2.9736
ENSG00000140750.17	ARHGAP17	protein_coding	3851	1903	1948	22.0529	5.4689	5.9131
ENSG00000140795.13	MYLK3	protein_coding	28	14	14	0.1492	0.0370	0.0400
ENSG00000140798.16	ABCC12	protein_coding	10	4	6	0.0652	0.0162	0.0175
ENSG00000140807.7	NKD1	protein_coding	87	46	45	0.2842	0.0705	0.0762
ENSG00000140829.12	DHX38	protein_coding	2699	1451	1539	24.2568	6.0154	6.5040
ENSG00000140830.9	TXNL4B	protein_coding	467	258	280	8.4289	2.0903	2.2601
ENSG00000140832.10	MARVELD3	protein_coding	924	564	623	8.1291	2.0159	2.1797
ENSG00000140835.10	CHST4	protein_coding	2	1	1	0.0443	0.0110	0.0119
ENSG00000140836.17	ZFHX3	protein_coding	2983	1632	1723	7.5700	1.8773	2.0298
ENSG00000140839.11	CLEC18B	protein_coding	14	7	7	0.2526	0.0626	0.0677
ENSG00000140848.17	CPNE2	protein_coding	1555	742	814	11.3977	2.8265	3.0561
ENSG00000140853.16	NLRC5	protein_coding	2583	1311	1272	11.8264	2.9328	3.1711
ENSG00000140854.13	KATNB1	protein_coding	759	378	381	9.4062	2.3326	2.5221
ENSG00000140859.16	KIFC3	protein_coding	1333	741	741	7.8744	1.9528	2.1114
ENSG00000140873.16	ADAMTS18	protein_coding	95	53	53	0.8165	0.2025	0.2189
ENSG00000140876.11	NUDT7	protein_coding	45	80	74	1.5580	0.3864	0.4177
ENSG00000140905.11	GCSH	protein_coding	50	26	24	0.7790	0.1932	0.2089
ENSG00000140931.20	CMTM3	protein_coding	7528	3774	3754	136.6995	33.9001	36.6537
ENSG00000140932.10	CMTM2	protein_coding	6	2	5	0.2956	0.0733	0.0793
ENSG00000140937.14	CDH11	protein_coding	26260	13119	13141	112.1811	27.8198	30.0795
ENSG00000140939.14	NOL3	protein_coding	791	459	441	14.9925	3.7180	4.0200
ENSG00000140941.14	MAP1LC3B	protein_coding	6333	3193	3143	71.3012	17.6820	19.1182
ENSG00000140943.17	MBTPS1	protein_coding	9881	4857	5025	54.5407	13.5255	14.6242
ENSG00000140945.17	CDH13	protein_coding	1101	1028	1108	5.6633	1.4044	1.5185
ENSG00000140948.13	ZCCHC14	protein_coding	3760	1893	1867	25.4785	6.3184	6.8316
ENSG00000140950.16	MEAK7	protein_coding	1555	833	859	10.8108	2.6810	2.8987
ENSG00000140955.11	ADAD2	protein_coding	0	1	2	0.0000	0.0000	0.0000
ENSG00000140961.14	OSGIN1	protein_coding	282	127	155	2.8773	0.7135	0.7715
ENSG00000140968.11	IRF8	protein_coding	914	442	472	10.7985	2.6779	2.8954
ENSG00000140983.14	RHOT2	protein_coding	2779	1358	1421	30.5717	7.5815	8.1973
ENSG00000140986.8	RPL3L	protein_coding	15	11	5	0.3084	0.0765	0.0827
ENSG00000140987.20	ZSCAN32	protein_coding	1229	746	739	15.6798	3.8884	4.2043
ENSG00000140988.16	RPS2	protein_coding	38520	18864	19664	914.7689	226.8535	245.2801
ENSG00000140990.15	NDUFB10	protein_coding	4114	1969	2145	224.3316	55.6320	60.1508
ENSG00000140992.19	PDPK1	protein_coding	2164	1525	1440	11.2474	2.7892	3.0158
ENSG00000140993.11	TIGD7	protein_coding	56	322	285	0.7671	0.1902	0.2057
ENSG00000140995.17	DEF8	protein_coding	1546	798	748	15.1344	3.7532	4.0580
ENSG00000141002.20	TCF25	protein_coding	4450	2203	2247	31.6756	7.8552	8.4933
ENSG00000141012.13	GALNS	protein_coding	2113	1022	1092	14.2619	3.5368	3.8241
ENSG00000141013.17	GAS8	protein_coding	579	541	558	5.8477	1.4502	1.5680
ENSG00000141026.6	MED9	protein_coding	837	423	414	7.9309	1.9668	2.1265
ENSG00000141027.21	NCOR1	protein_coding	9578	4945	4907	35.2615	8.7445	9.4548
ENSG00000141028.6	CDRT15P1	unprocessed_pseudogene	12	10	2	1.2066	0.2992	0.3235
ENSG00000141030.13	COPS3	protein_coding	2565	1323	1242	48.9438	12.1376	13.1235
ENSG00000141034.10	GID4	protein_coding	1026	506	520	11.4199	2.8320	3.0621
ENSG00000141040.15	ZNF287	protein_coding	782	389	393	5.5455	1.3752	1.4869
ENSG00000141052.18	MYOCD	protein_coding	11	6	7	0.0703	0.0174	0.0188
ENSG00000141068.14	KSR1	protein_coding	2761	1667	1660	12.8573	3.1885	3.4475
ENSG00000141076.18	UTP4	protein_coding	2401	1198	1203	24.3144	6.0297	6.5195
ENSG00000141084.11	RANBP10	protein_coding	1700	818	883	14.9329	3.7032	4.0040
ENSG00000141086.18	CTRL	protein_coding	0	92	108	0.0000	0.0000	0.0000
ENSG00000141096.6	DPEP3	protein_coding	9	3	6	0.2937	0.0728	0.0787
ENSG00000141098.13	GFOD2	protein_coding	1577	762	816	10.4087	2.5813	2.7909
ENSG00000141101.13	NOB1	protein_coding	1296	985	1016	34.9815	8.6751	9.3797
ENSG00000141127.15	PRPSAP2	protein_coding	1331	668	666	15.9444	3.9541	4.2752
ENSG00000141161.12	UNC45B	protein_coding	4	3	1	0.0399	0.0099	0.0107
ENSG00000141179.14	PCTP	protein_coding	1539	825	715	15.0270	3.7265	4.0292
ENSG00000141194.6	OR4D1	protein_coding	1	1	0	0.0115	0.0029	0.0031
ENSG00000141198.16	TOM1L1	protein_coding	2342	1883	1946	18.2563	4.5274	4.8951
ENSG00000141200.8	KIF2B	protein_coding	0	0	0	0.0000	0.0000	0.0000
ENSG00000141219.15	C17orf80	protein_coding	1967	1279	1234	23.9220	5.9324	6.4143
ENSG00000141232.5	TOB1	protein_coding	10975	5529	5510	246.8830	61.2245	66.1976
ENSG00000141252.20	VPS53	protein_coding	2477	1240	1276	6.7214	1.6668	1.8022
ENSG00000141255.13	SPATA22	protein_coding	0	0	0	0.0000	0.0000	0.0000
ENSG00000141258.13	SGSM2	protein_coding	1852	1197	1207	10.7488	2.6656	2.8821
ENSG00000141279.17	NPEPPS	protein_coding	9484	6178	6304	41.7543	10.3546	11.1957
ENSG00000141293.16	SKAP1	protein_coding	126	65	61	2.7005	0.6697	0.7241
ENSG00000141294.10	LRRC46	protein_coding	453	224	268	9.1130	2.2599	2.4435
ENSG00000141295.14	SCRN2	protein_coding	1766	934	871	33.3944	8.2815	8.9542
ENSG00000141298.19	SSH2	protein_coding	5124	2677	2569	22.8877	5.6759	6.1369
ENSG00000141314.13	RHBDL3	protein_coding	31	19	14	0.3060	0.0759	0.0820
ENSG00000141316.13	SPACA3	protein_coding	4	2	2	0.1812	0.0449	0.0486
ENSG00000141337.12	ARSG	protein_coding	2504	1950	1892	21.5579	5.3461	5.7804
ENSG00000141338.14	ABCA8	protein_coding	82	33	49	0.4135	0.1025	0.1109
ENSG00000141349.8	G6PC3	protein_coding	7909	4035	3888	98.5540	24.4404	26.4256
ENSG00000141367.12	CLTC	protein_coding	59453	32283	32123	284.8579	70.6419	76.3799
ENSG00000141371.13	C17orf64	protein_coding	7	3	4	0.3283	0.0814	0.0880
ENSG00000141376.23	BCAS3	protein_coding	2470	1356	1380	9.9336	2.4634	2.6635
ENSG00000141378.15	PTRH2	protein_coding	1504	3198	3273	18.0016	4.4642	4.8268
ENSG00000141380.14	SS18	protein_coding	6038	3037	3001	55.7316	13.8209	14.9435
ENSG00000141384.13	TAF4B	protein_coding	249	132	117	2.8900	0.7167	0.7749
ENSG00000141385.10	AFG3L2	protein_coding	2361	2221	2157	20.4822	5.0794	5.4920
ENSG00000141391.14	PRELID3A	protein_coding	272	127	145	5.8362	1.4473	1.5649
ENSG00000141401.12	IMPA2	protein_coding	1556	798	759	23.1057	5.7300	6.1954
ENSG00000141404.17	GNAL	protein_coding	219	503	495	1.5211	0.3772	0.4078
ENSG00000141424.13	SLC39A6	protein_coding	105221	52649	52576	1620.1684	401.7854	434.4212
ENSG00000141425.18	RPRD1A	protein_coding	3987	2026	1961	26.7831	6.6419	7.1814
ENSG00000141428.17	C18orf21	protein_coding	527	262	265	18.4939	4.5863	4.9588
ENSG00000141429.13	GALNT1	protein_coding	16371	8129	8243	181.1157	44.9149	48.5632
ENSG00000141431.12	ASXL3	protein_coding	22	9	13	0.0915	0.0227	0.0245
ENSG00000141433.13	ADCYAP1	protein_coding	113	52	70	1.6529	0.4099	0.4432
ENSG00000141434.12	MEP1B	protein_coding	3	1	2	0.0659	0.0163	0.0177
ENSG00000141437.10	SLC25A52	protein_coding	1	0	1	0.0437	0.0108	0.0117
ENSG00000141441.16	GAREM1	protein_coding	1473	869	870	10.4863	2.6005	2.8117
ENSG00000141446.11	ESCO1	protein_coding	1754	881	873	18.8211	4.6674	5.0466
ENSG00000141447.18	OSBPL1A	protein_coding	4076	1998	2079	28.7894	7.1395	7.7194
ENSG00000141448.11	GATA6	protein_coding	287	216	184	4.2842	1.0624	1.1487
ENSG00000141449.15	GREB1L	protein_coding	392	205	187	2.1028	0.5215	0.5638
ENSG00000141452.10	RMC1	protein_coding	1043	993	886	19.0494	4.7241	5.1078
ENSG00000141456.16	PELP1	protein_coding	3713	1857	1876	32.0152	7.9395	8.5843
ENSG00000141458.13	NPC1	protein_coding	5536	3238	3134	32.3489	8.0222	8.6738
ENSG00000141469.18	SLC14A1	protein_coding	47	33	14	0.3711	0.0920	0.0995
ENSG00000141480.18	ARRB2	protein_coding	2455	1148	1307	32.6431	8.0952	8.7527
ENSG00000141485.17	SLC13A5	protein_coding	1	1	0	0.0064	0.0016	0.0017
ENSG00000141497.14	ZMYND15	protein_coding	191	98	94	3.1081	0.7708	0.8334
ENSG00000141499.17	WRAP53	protein_coding	585	419	401	6.5216	1.6173	1.7487
ENSG00000141503.17	MINK1	protein_coding	3960	2111	2120	28.5533	7.0809	7.6561
ENSG00000141504.12	SAT2	protein_coding	1572	785	787	54.2593	13.4558	14.5487
ENSG00000141505.12	ASGR1	protein_coding	25	10	15	0.3783	0.0938	0.1014
ENSG00000141506.14	PIK3R5	protein_coding	658	319	339	4.9714	1.2329	1.3330
ENSG00000141510.18	TP53	protein_coding	4206	2267	2174	42.0229	10.4213	11.2677
ENSG00000141519.15	CCDC40	protein_coding	1331	650	681	7.5777	1.8792	2.0318
ENSG00000141522.12	ARHGDIA	protein_coding	12183	10349	10221	240.3122	59.5950	64.4357
ENSG00000141524.17	TMC6	protein_coding	2438	1292	1295	11.7868	2.9230	3.1604
ENSG00000141526.17	SLC16A3	protein_coding	5400	3552	3545	34.0828	8.4522	9.1387
ENSG00000141527.18	CARD14	protein_coding	323	314	382	1.9263	0.4777	0.5165
ENSG00000141540.11	TTYH2	protein_coding	352	217	210	3.7536	0.9309	1.0065
ENSG00000141542.11	RAB40B	protein_coding	821	386	435	7.5534	1.8732	2.0253
ENSG00000141543.12	EIF4A3	protein_coding	14401	7293	7109	141.2942	35.0395	37.8857
ENSG00000141551.14	CSNK1D	protein_coding	9266	6959	6813	47.6664	11.8208	12.7810
ENSG00000141552.18	ANAPC11	protein_coding	4611	2493	2364	64.9341	16.1030	17.4110
ENSG00000141556.21	TBCD	protein_coding	8710	4759	4654	36.4884	9.0488	9.7838
ENSG00000141560.15	FN3KRP	protein_coding	2808	1373	1442	54.0902	13.4138	14.5034
ENSG00000141562.18	NARF	protein_coding	2924	1505	1446	20.9395	5.1928	5.6146
ENSG00000141564.15	RPTOR	protein_coding	3928	2078	2231	21.6227	5.3622	5.7978
ENSG00000141568.21	FOXK2	protein_coding	5253	3406	3652	29.8315	7.3979	7.9988
ENSG00000141569.12	TRIM65	protein_coding	2823	1427	1396	41.0493	10.1798	11.0067
ENSG00000141570.11	CBX8	protein_coding	382	190	192	5.2517	1.3024	1.4082
ENSG00000141574.8	SECTM1	protein_coding	2839	1439	1400	55.3453	13.7251	14.8399
ENSG00000141576.16	RNF157	protein_coding	189	194	208	1.3545	0.3359	0.3632
ENSG00000141577.14	CEP131	protein_coding	941	527	488	13.4554	3.3368	3.6078
ENSG00000141579.7	ZNF750	protein_coding	651	313	340	11.6904	2.8991	3.1346
ENSG00000141580.16	WDR45B	protein_coding	7185	3831	3825	115.0370	28.5280	30.8453
ENSG00000141582.15	CBX4	protein_coding	1858	946	912	36.4466	9.0384	9.7726
ENSG00000141622.14	RNF165	protein_coding	66	27	39	0.3278	0.0813	0.0879
ENSG00000141627.14	DYM	protein_coding	3893	1964	1948	17.8864	4.4356	4.7959
ENSG00000141639.12	MAPK4	protein_coding	5	2	3	0.0373	0.0093	0.0100
ENSG00000141642.9	ELAC1	protein_coding	151	76	75	2.1570	0.5349	0.5784
ENSG00000141644.17	MBD1	protein_coding	2775	1415	1360	23.3695	5.7954	6.2661
ENSG00000141646.14	SMAD4	protein_coding	4090	2080	2010	17.6746	4.3831	4.7392
ENSG00000141655.17	TNFRSF11A	protein_coding	560	287	273	3.5306	0.8755	0.9467
ENSG00000141664.10	ZCCHC2	protein_coding	2216	1112	1104	12.3048	3.0515	3.2993
ENSG00000141665.13	FBXO15	protein_coding	157	80	77	1.4307	0.3548	0.3836
ENSG00000141668.10	CBLN2	protein_coding	18	8	10	0.1862	0.0462	0.0499
ENSG00000141682.12	PMAIP1	protein_coding	938	502	436	24.3339	6.0346	6.5247
ENSG00000141696.13	P3H4	protein_coding	4714	2366	2352	72.5851	18.0004	19.4625
ENSG00000141698.17	NT5C3B	protein_coding	2173	1113	1068	43.2237	10.7190	11.5897
ENSG00000141699.11	RETREG3	protein_coding	10927	5905	5695	120.4412	29.8682	32.2943
ENSG00000141736.14	ERBB2	protein_coding	21342	11770	11682	117.2662	29.0808	31.4430
ENSG00000141738.14	GRB7	protein_coding	2359	1189	1170	37.1918	9.2232	9.9724
ENSG00000141741.12	MIEN1	protein_coding	3110	2615	2561	86.5822	21.4715	23.2156
ENSG00000141744.4	PNMT	protein_coding	153	78	75	7.4670	1.8517	2.0021
ENSG00000141748.13	ARL5C	protein_coding	0	0	0	0.0000	0.0000	0.0000
ENSG00000141750.7	STAC2	protein_coding	31	17	14	0.5125	0.1271	0.1374
ENSG00000141753.7	IGFBP4	protein_coding	54055	27425	26631	1390.2302	344.7631	372.7671
ENSG00000141756.19	FKBP10	protein_coding	18415	9209	9210	247.9967	61.5007	66.4962
ENSG00000141759.15	TXNL4A	protein_coding	2379	1154	1232	25.8603	6.4131	6.9340
ENSG00000141837.21	CACNA1A	protein_coding	189	84	106	0.2484	0.0616	0.0666
ENSG00000141854.9	MISP3	protein_coding	1136	558	579	27.3673	6.7868	7.3381
ENSG00000141858.12	SAMD1	protein_coding	2021	1015	1006	49.9394	12.3845	13.3904
ENSG00000141867.18	BRD4	protein_coding	7055	3443	3612	28.8165	7.1462	7.7267
ENSG00000141873.11	SLC39A3	protein_coding	616	309	307	7.8892	1.9564	2.1154
ENSG00000141905.19	NFIC	protein_coding	12206	5980	6229	70.6256	17.5144	18.9371
ENSG00000141933.9	TPGS1	protein_coding	46	59	64	0.7163	0.1776	0.1921
ENSG00000141934.10	PLPP2	protein_coding	6251	3131	3120	50.9477	12.6345	13.6608
ENSG00000141946.1	ZIM3	protein_coding	0	0	0	0.0000	0.0000	0.0000
ENSG00000141956.14	PRDM15	protein_coding	592	309	283	2.5829	0.6405	0.6926
ENSG00000141959.17	PFKL	protein_coding	7442	3787	3655	47.2816	11.7254	12.6778
ENSG00000141965.5	FEM1A	protein_coding	60	1515	1563	0.3567	0.0884	0.0956
ENSG00000141968.8	VAV1	protein_coding	731	380	351	9.6161	2.3847	2.5784
ENSG00000141971.13	MVB12A	protein_coding	1902	985	946	32.8849	8.1551	8.8175
ENSG00000141977.9	CIB3	protein_coding	175	84	92	13.9582	3.4615	3.7426
ENSG00000141979.4	AC008764.1	protein_coding	0	0	0	0.0000	0.0000	0.0000
ENSG00000141985.9	SH3GL1	protein_coding	4633	2937	2980	71.2991	17.6815	19.1177
ENSG00000141994.16	DUS3L	protein_coding	635	332	303	9.9231	2.4608	2.6607
ENSG00000142002.17	DPP9	protein_coding	3410	1957	2073	23.2317	5.7612	6.2292
ENSG00000142025.16	DMRTC2	protein_coding	0	0	0	0.0000	0.0000	0.0000
ENSG00000142039.4	CCDC97	protein_coding	3790	1984	1947	56.1470	13.9239	15.0549
ENSG00000142046.15	TMEM91	protein_coding	193	106	132	4.4009	1.0914	1.1800
ENSG00000142065.14	ZFP14	protein_coding	1592	814	781	11.5465	2.8634	3.0960
ENSG00000142082.15	SIRT3	protein_coding	1589	991	993	16.2277	4.0243	4.3512
ENSG00000142089.16	IFITM3	protein_coding	43696	21380	22475	2152.9096	533.8999	577.2669
ENSG00000142102.16	PGGHG	protein_coding	1216	582	634	13.0877	3.2456	3.5093
ENSG00000142149.9	HUNK	protein_coding	445	229	216	2.9382	0.7286	0.7878
ENSG00000142156.15	COL6A1	protein_coding	144104	71320	72791	1538.7185	381.5867	412.5818
ENSG00000142163.8	OR1E3	unprocessed_pseudogene	0	0	0	0.0000	0.0000	0.0000
ENSG00000142166.13	IFNAR1	protein_coding	5835	2946	2890	48.1033	11.9291	12.8981
ENSG00000142168.15	SOD1	protein_coding	12469	6311	6211	358.0337	88.7888	96.0008
ENSG00000142173.16	COL6A2	protein_coding	124203	61662	62543	1320.5003	327.4708	354.0702
ENSG00000142178.9	SIK1	protein_coding	1	0	1	0.0109	0.0027	0.0029
ENSG00000142182.9	DNMT3L	protein_coding	0	1	1	0.0000	0.0000	0.0000
ENSG00000142185.16	TRPM2	protein_coding	1268	623	647	10.7246	2.6596	2.8756
ENSG00000142186.17	SCYL1	protein_coding	3937	2065	2034	52.1409	12.9304	13.9807
ENSG00000142188.17	TMEM50B	protein_coding	4427	3383	3339	56.3156	13.9657	15.1001
ENSG00000142192.21	APP	protein_coding	77839	39168	38674	698.8992	173.3200	187.3982
ENSG00000142197.12	DOP1B	protein_coding	1883	962	921	11.8256	2.9326	3.1708
ENSG00000142207.7	URB1	protein_coding	2225	1207	1253	11.0229	2.7336	2.9556
ENSG00000142208.17	AKT1	protein_coding	5380	4098	4110	27.3338	6.7785	7.3291
ENSG00000142224.17	IL19	protein_coding	17	29	28	0.1547	0.0384	0.0415
ENSG00000142227.11	EMP3	protein_coding	3553	1781	1789	122.4866	30.3755	32.8428
ENSG00000142230.13	SAE1	protein_coding	7542	3830	3713	114.2989	28.3450	30.6474
ENSG00000142233.14	NTN5	protein_coding	22	11	13	0.4005	0.0993	0.1074
ENSG00000142235.12	LMTK3	protein_coding	1143	561	587	10.6366	2.6378	2.8520
ENSG00000142252.11	GEMIN7	protein_coding	20	334	366	0.5941	0.1473	0.1593
ENSG00000142273.13	CBLC	protein_coding	866	447	419	30.4469	7.5505	8.1638
ENSG00000142279.13	WTIP	protein_coding	1113	574	539	4.6366	1.1498	1.2432
ENSG00000142303.14	ADAMTS10	protein_coding	364	181	185	3.6183	0.8973	0.9702
ENSG00000142319.18	SLC6A3	protein_coding	5	4	1	0.0635	0.0157	0.0170
ENSG00000142327.13	RNPEPL1	protein_coding	2738	1468	1427	19.4820	4.8314	5.2238
ENSG00000142330.20	CAPN10	protein_coding	510	244	266	3.8790	0.9620	1.0401
ENSG00000142347.19	MYO1F	protein_coding	1208	580	631	8.0021	1.9844	2.1456
ENSG00000142396.10	ERVK3-1	protein_coding	225	282	240	2.5403	0.6300	0.6811
ENSG00000142405.22	NLRP12	protein_coding	60	27	33	0.6874	0.1705	0.1843
ENSG00000142408.6	CACNG8	protein_coding	30	11	19	0.1945	0.0482	0.0522
ENSG00000142409.6	ZNF787	protein_coding	963	469	495	14.8160	3.6742	3.9727
ENSG00000142444.7	TIMM29	protein_coding	761	375	389	24.1772	5.9957	6.4827
ENSG00000142449.13	FBN3	protein_coding	58	27	32	0.3294	0.0817	0.0883
ENSG00000142453.12	CARM1	protein_coding	2761	2366	2339	35.4245	8.7849	9.4985
ENSG00000142459.8	EVI5L	protein_coding	1431	749	682	12.9802	3.2189	3.4804
ENSG00000142484.7	TM4SF5	protein_coding	0	0	0	0.0000	0.0000	0.0000
ENSG00000142494.13	SLC47A1	protein_coding	329	188	188	3.2624	0.8090	0.8748
ENSG00000142507.10	PSMB6	protein_coding	4211	2159	2052	165.0350	40.9270	44.2514
ENSG00000142511.4	GPR32	protein_coding	0	0	0	0.0000	0.0000	0.0000
ENSG00000142512.15	SIGLEC10	protein_coding	494	400	379	7.6376	1.8940	2.0479
ENSG00000142513.6	ACP4	protein_coding	0	0	0	0.0000	0.0000	0.0000
ENSG00000142515.15	KLK3	protein_coding	1	0	1	0.0122	0.0030	0.0033
ENSG00000142528.16	ZNF473	protein_coding	845	454	491	6.9469	1.7228	1.8627
ENSG00000142530.11	FAM71E1	protein_coding	175	128	117	5.9749	1.4817	1.6021
ENSG00000142534.7	RPS11	protein_coding	50050	23518	26535	2014.4316	499.5587	540.1363
ENSG00000142538.2	PTH2	protein_coding	0	0	0	0.0000	0.0000	0.0000
ENSG00000142539.9	AC020909.1	protein_coding	0	0	0	0.0000	0.0000	0.0000
ENSG00000142541.18	RPL13A	protein_coding	76022	38128	37898	1335.5655	331.2068	358.1097
ENSG00000142544.7	CTU1	protein_coding	102	47	55	2.7208	0.6747	0.7295
ENSG00000142546.14	NOSIP	protein_coding	2106	1059	1049	26.6766	6.6155	7.1529
ENSG00000142549.9	IGLON5	protein_coding	34	17	17	0.7399	0.1835	0.1984
ENSG00000142552.8	RCN3	protein_coding	4693	2386	2307	156.2771	38.7551	41.9031
ENSG00000142556.19	ZNF614	protein_coding	442	218	224	4.4577	1.1055	1.1953
ENSG00000142583.18	SLC2A5	protein_coding	1185	611	574	10.1329	2.5129	2.7170
ENSG00000142599.19	RERE	protein_coding	7539	3738	3801	30.2960	7.5131	8.1234
ENSG00000142606.16	MMEL1	protein_coding	18	271	278	0.2638	0.0654	0.0707
ENSG00000142609.18	CFAP74	protein_coding	7	5	2	0.0381	0.0094	0.0102
ENSG00000142611.17	PRDM16	protein_coding	33	14	19	0.1916	0.0475	0.0514
ENSG00000142615.8	CELA2A	protein_coding	0	0	0	0.0000	0.0000	0.0000
ENSG00000142619.4	PADI3	protein_coding	4	1	3	0.0711	0.0176	0.0191
ENSG00000142621.19	FHAD1	protein_coding	570	366	359	2.5244	0.6260	0.6769
ENSG00000142623.11	PADI1	protein_coding	5	4	1	0.0578	0.0143	0.0155
ENSG00000142627.13	EPHA2	protein_coding	1110	545	565	15.2012	3.7697	4.0759
ENSG00000142632.17	ARHGEF19	protein_coding	1509	902	922	22.5912	5.6024	6.0574
ENSG00000142634.13	EFHD2	protein_coding	2253	1174	1079	50.4213	12.5040	13.5196
ENSG00000142655.13	PEX14	protein_coding	823	513	506	15.9182	3.9476	4.2682
ENSG00000142657.21	PGD	protein_coding	6902	3455	3448	117.4354	29.1228	31.4884
ENSG00000142661.19	MYOM3	protein_coding	37	17	25	0.2277	0.0565	0.0611
ENSG00000142669.15	SH3BGRL3	protein_coding	4716	3590	3869	305.3016	75.7117	81.8616
ENSG00000142675.18	CNKSR1	protein_coding	1615	836	779	23.1279	5.7355	6.2014
ENSG00000142676.14	RPL11	protein_coding	37270	18722	18549	794.8780	197.1217	213.1333
ENSG00000142677.4	IL22RA1	protein_coding	42	20	22	0.8455	0.2097	0.2267
ENSG00000142684.9	ZNF593	protein_coding	0	406	442	0.0000	0.0000	0.0000
ENSG00000142686.8	C1orf216	protein_coding	2007	1032	976	37.3293	9.2573	10.0092
ENSG00000142687.18	KIAA0319L	protein_coding	6043	3048	3077	35.6272	8.8352	9.5529
ENSG00000142694.6	EVA1B	protein_coding	0	463	458	0.0000	0.0000	0.0000
ENSG00000142698.15	C1orf94	protein_coding	2	1	1	0.0340	0.0084	0.0091
ENSG00000142700.12	DMRTA2	protein_coding	0	0	0	0.0000	0.0000	0.0000
ENSG00000142731.11	PLK4	protein_coding	396	211	185	5.0139	1.2434	1.3444
ENSG00000142733.17	MAP3K6	protein_coding	1967	986	981	19.4132	4.8143	5.2053
ENSG00000142748.13	FCN3	protein_coding	77	37	40	2.0132	0.4993	0.5398
ENSG00000142751.15	GPN2	protein_coding	1595	866	888	18.2143	4.5170	4.8839
ENSG00000142765.18	SYTL1	protein_coding	534	268	267	5.4232	1.3449	1.4541
ENSG00000142784.16	WDTC1	protein_coding	5503	2775	2728	52.7956	13.0928	14.1563
ENSG00000142789.20	CELA3A	protein_coding	0	0	0	0.0000	0.0000	0.0000
ENSG00000142794.19	NBPF3	protein_coding	921	467	455	7.6673	1.9014	2.0559
ENSG00000142798.20	HSPG2	protein_coding	25474	16198	16786	79.7345	19.7734	21.3795
ENSG00000142856.17	ITGB3BP	protein_coding	1370	887	895	14.2320	3.5294	3.8161
ENSG00000142864.15	SERBP1	protein_coding	14646	7508	7138	108.2040	26.8335	29.0131
ENSG00000142867.14	BCL10	protein_coding	1508	764	812	19.6776	4.8798	5.2762
ENSG00000142871.18	CCN1	protein_coding	19561	9968	9594	299.9740	74.3905	80.4330
ENSG00000142875.19	PRKACB	protein_coding	2796	1421	1375	23.5603	5.8427	6.3173
ENSG00000142892.15	PIGK	protein_coding	3349	1650	1701	34.4435	8.5417	9.2355
ENSG00000142910.16	TINAGL1	protein_coding	1376	692	685	14.7762	3.6643	3.9620
ENSG00000142920.17	AZIN2	protein_coding	826	419	409	4.8891	1.2124	1.3109
ENSG00000142937.12	RPS8	protein_coding	40167	21697	21826	819.0829	203.1243	219.6234
ENSG00000142945.13	KIF2C	protein_coding	1059	594	596	16.4717	4.0848	4.4166
ENSG00000142949.17	PTPRF	protein_coding	41772	20769	21004	221.1435	54.8414	59.2959
ENSG00000142959.5	BEST4	protein_coding	30	12	18	0.6773	0.1680	0.1816
ENSG00000142961.15	MOB3C	protein_coding	1535	756	779	14.7317	3.6533	3.9501
ENSG00000142973.14	CYP4B1	protein_coding	1778	895	883	29.0913	7.2143	7.8003
ENSG00000143001.5	TMEM61	protein_coding	144	200	178	6.5018	1.6124	1.7433
ENSG00000143006.7	DMRTB1	protein_coding	0	0	0	0.0000	0.0000	0.0000
ENSG00000143013.13	LMO4	protein_coding	1610	804	806	16.8425	4.1768	4.5160
ENSG00000143028.9	SYPL2	protein_coding	74	33	41	1.0382	0.2575	0.2784
ENSG00000143032.8	BARHL2	protein_coding	0	0	0	0.0000	0.0000	0.0000
ENSG00000143033.18	MTF2	protein_coding	1324	664	662	12.7110	3.1522	3.4082
ENSG00000143036.17	SLC44A3	protein_coding	928	476	453	18.3433	4.5489	4.9184
ENSG00000143061.18	IGSF3	protein_coding	3032	1537	1496	23.2358	5.7622	6.2303
ENSG00000143067.5	ZNF697	protein_coding	966	482	484	9.8193	2.4351	2.6329
ENSG00000143079.15	CTTNBP2NL	protein_coding	2854	1411	1443	21.9577	5.4453	5.8876
ENSG00000143093.15	STRIP1	protein_coding	2012	984	1028	15.5366	3.8529	4.1659
ENSG00000143105.7	KCNA10	protein_coding	0	0	0	0.0000	0.0000	0.0000
ENSG00000143106.13	PSMA5	protein_coding	5851	2948	2903	57.8671	14.3505	15.5161
ENSG00000143107.10	FNDC7	protein_coding	0	0	0	0.0000	0.0000	0.0000
ENSG00000143110.12	C1orf162	protein_coding	722	364	358	14.7921	3.6683	3.9663
ENSG00000143119.14	CD53	protein_coding	2919	1426	1493	76.9221	19.0759	20.6254
ENSG00000143125.6	PROK1	protein_coding	0	0	0	0.0000	0.0000	0.0000
ENSG00000143126.8	CELSR2	protein_coding	5410	2701	2710	23.9128	5.9301	6.4118
ENSG00000143127.13	ITGA10	protein_coding	304	165	159	2.7619	0.6849	0.7406
ENSG00000143147.14	GPR161	protein_coding	978	492	486	4.9414	1.2254	1.3250
ENSG00000143149.12	ALDH9A1	protein_coding	5244	2686	2560	89.8994	22.2941	24.1050
ENSG00000143153.13	ATP1B1	protein_coding	16355	9037	8954	323.7318	80.2822	86.8033
ENSG00000143155.13	TIPRL	protein_coding	4149	2165	1985	73.8511	18.3143	19.8020
ENSG00000143156.14	NME7	protein_coding	686	1162	1161	6.8036	1.6872	1.8243
ENSG00000143157.12	POGK	protein_coding	6623	3323	3301	44.3803	11.0059	11.8998
ENSG00000143158.11	MPC2	protein_coding	2397	1561	1420	51.5291	12.7787	13.8167
ENSG00000143162.9	CREG1	protein_coding	8330	4135	4195	143.7596	35.6509	38.5467
ENSG00000143164.15	DCAF6	protein_coding	5828	3190	3221	52.4113	12.9975	14.0532
ENSG00000143167.12	GPA33	protein_coding	19	7	12	0.3657	0.0907	0.0981
ENSG00000143171.13	RXRG	protein_coding	8	3	5	0.1686	0.0418	0.0452
ENSG00000143178.13	TBX19	protein_coding	173	74	99	2.5750	0.6386	0.6904
ENSG00000143179.16	UCK2	protein_coding	1294	857	879	10.5073	2.6057	2.8173
ENSG00000143183.18	TMCO1	protein_coding	8740	4319	4431	93.0614	23.0783	24.9529
ENSG00000143184.5	XCL1	protein_coding	34	17	17	1.5714	0.3897	0.4214
ENSG00000143185.4	XCL2	protein_coding	16	6	10	1.6145	0.4004	0.4329
ENSG00000143190.23	POU2F1	protein_coding	3863	1925	1938	13.6654	3.3889	3.6642
ENSG00000143194.13	MAEL	protein_coding	14	5	9	0.2522	0.0625	0.0676
ENSG00000143195.13	ILDR2	protein_coding	221	111	112	0.8987	0.2229	0.2410
ENSG00000143196.5	DPT	protein_coding	1749	858	891	57.6997	14.3089	15.4712
ENSG00000143198.13	MGST3	protein_coding	7134	3626	3508	50.2445	12.4601	13.4722
ENSG00000143199.18	ADCY10	protein_coding	17	7	10	0.1570	0.0389	0.0421
ENSG00000143207.21	COP1	protein_coding	3003	1494	1509	40.7709	10.1108	10.9320
ENSG00000143217.9	NECTIN4	protein_coding	2050	1018	1032	33.6193	8.3372	9.0144
ENSG00000143222.12	UFC1	protein_coding	4146	2639	2547	111.9617	27.7654	30.0207
ENSG00000143224.18	PPOX	protein_coding	679	423	410	8.1494	2.0210	2.1851
ENSG00000143226.15	FCGR2A	protein_coding	5111	2530	2582	53.4572	13.2568	14.3336
ENSG00000143228.13	NUF2	protein_coding	547	280	267	9.2268	2.2881	2.4740
ENSG00000143248.13	RGS5	protein_coding	7046	3534	3512	60.3228	14.9595	16.1746
ENSG00000143252.16	SDHC	protein_coding	4052	2004	2048	120.8143	29.9607	32.3943
ENSG00000143256.5	PFDN2	protein_coding	1666	832	834	152.1398	37.7291	40.7938
ENSG00000143257.12	NR1I3	protein_coding	16	271	234	0.2794	0.0693	0.0749
ENSG00000143258.16	USP21	protein_coding	1457	760	697	21.9518	5.4438	5.8860
ENSG00000143278.5	F13B	protein_coding	1	0	1	0.0196	0.0049	0.0053
ENSG00000143294.15	PRCC	protein_coding	3735	2048	2101	52.0294	12.9028	13.9508
ENSG00000143297.19	FCRL5	protein_coding	26	12	14	0.1188	0.0295	0.0318
ENSG00000143303.12	RRNAD1	protein_coding	1709	932	875	30.5829	7.5843	8.2003
ENSG00000143314.12	MRPL24	protein_coding	4464	2183	2282	149.3530	37.0380	40.0465
ENSG00000143315.8	PIGM	protein_coding	2339	1148	1192	18.8469	4.6738	5.0535
ENSG00000143318.13	CASQ1	protein_coding	72	48	24	1.8930	0.4694	0.5076
ENSG00000143319.17	ISG20L2	protein_coding	3908	1971	2034	42.3834	10.5106	11.3644
ENSG00000143320.9	CRABP2	protein_coding	10835	5443	5392	567.8859	140.8300	152.2692
ENSG00000143321.19	HDGF	protein_coding	20807	10662	10146	321.1661	79.6460	86.1154
ENSG00000143322.21	ABL2	protein_coding	4068	2019	2049	13.8232	3.4280	3.7065
ENSG00000143324.14	XPR1	protein_coding	5827	2893	2934	37.0749	9.1942	9.9410
ENSG00000143333.7	RGS16	protein_coding	4669	2320	2349	109.9580	27.2685	29.4834
ENSG00000143337.19	TOR1AIP1	protein_coding	5858	2985	2994	70.8029	17.5584	18.9846
ENSG00000143340.6	FAM163A	protein_coding	11	8	3	0.2144	0.0532	0.0575
ENSG00000143341.12	HMCN1	protein_coding	6999	3458	3541	21.1811	5.2527	5.6794
ENSG00000143344.16	RGL1	protein_coding	2192	1107	1087	23.4279	5.8099	6.2818
ENSG00000143353.12	LYPLAL1	protein_coding	1194	666	660	23.0234	5.7096	6.1733
ENSG00000143355.16	LHX9	protein_coding	1	0	1	0.0054	0.0013	0.0015
ENSG00000143363.17	PRUNE1	protein_coding	3173	1578	1595	57.0154	14.1393	15.2877
ENSG00000143365.19	RORC	protein_coding	1523	762	764	13.2529	3.2866	3.5536
ENSG00000143367.16	TUFT1	protein_coding	5523	2814	2710	80.7656	20.0291	21.6560
ENSG00000143368.10	SF3B4	protein_coding	6437	3142	3295	214.2266	53.1260	57.4413
ENSG00000143369.15	ECM1	protein_coding	20052	9926	10128	338.4370	83.9290	90.7463
ENSG00000143373.18	ZNF687	protein_coding	3433	1808	1793	30.7852	7.6344	8.2545
ENSG00000143374.17	TARS2	protein_coding	2133	1087	1047	29.6695	7.3577	7.9554
ENSG00000143375.15	CGN	protein_coding	6018	3071	2951	51.5841	12.7923	13.8314
ENSG00000143376.14	SNX27	protein_coding	5800	2942	2864	19.6827	4.8811	5.2776
ENSG00000143379.12	SETDB1	protein_coding	1969	1528	1610	15.7426	3.9040	4.2211
ENSG00000143382.15	ADAMTSL4	protein_coding	615	533	503	5.4224	1.3447	1.4539
ENSG00000143384.14	MCL1	protein_coding	32552	16443	16112	296.6929	73.5768	79.5533
ENSG00000143387.14	CTSK	protein_coding	43147	21615	21535	289.6727	71.8359	77.6709
ENSG00000143390.18	RFX5	protein_coding	2816	1740	1655	35.0593	8.6944	9.4006
ENSG00000143393.16	PI4KB	protein_coding	4952	2529	2535	51.4714	12.7644	13.8012
ENSG00000143398.20	PIP5K1A	protein_coding	4610	2332	2279	48.3687	11.9950	12.9693
ENSG00000143401.15	ANP32E	protein_coding	4151	2110	2041	65.2991	16.1935	17.5089
ENSG00000143409.15	MINDY1	protein_coding	2979	1491	1491	44.5514	11.0483	11.9457
ENSG00000143412.10	ANXA9	protein_coding	2449	1206	1245	87.1284	21.6070	23.3620
ENSG00000143416.21	SELENBP1	protein_coding	2721	1367	1354	44.3924	11.0089	11.9031
ENSG00000143418.20	CERS2	protein_coding	13172	15096	15492	160.8839	39.8976	43.1383
ENSG00000143420.19	ENSA	protein_coding	15491	7684	7807	190.1914	47.1656	50.9967
ENSG00000143429.10	LSP1P4	transcribed_unprocessed_pseudogene	54	27	29	1.0017	0.2484	0.2686
ENSG00000143434.16	SEMA6C	protein_coding	470	219	251	4.5883	1.1379	1.2303
ENSG00000143436.11	MRPL9	protein_coding	1204	1204	1220	39.2407	9.7313	10.5217
ENSG00000143437.21	ARNT	protein_coding	6086	3051	3036	53.5262	13.2740	14.3522
ENSG00000143442.22	POGZ	protein_coding	7014	3462	3552	38.6141	9.5759	10.3537
ENSG00000143443.10	C1orf56	protein_coding	478	1322	1344	11.6842	2.8976	3.1329
ENSG00000143450.18	OAZ3	protein_coding	51	330	308	0.6243	0.1548	0.1674
ENSG00000143452.16	HORMAD1	protein_coding	5	2	3	0.1176	0.0292	0.0315
ENSG00000143457.11	GOLPH3L	protein_coding	3737	1862	1875	63.5648	15.7634	17.0439
ENSG00000143458.12	GABPB2	protein_coding	1621	831	791	10.0040	2.4809	2.6824
ENSG00000143469.20	SYT14	protein_coding	33	15	18	0.1339	0.0332	0.0359
ENSG00000143473.13	KCNH1	protein_coding	188	260	290	1.0882	0.2699	0.2918
ENSG00000143476.18	DTL	protein_coding	1134	587	549	13.0630	3.2395	3.5026
ENSG00000143479.17	DYRK3	protein_coding	943	475	470	5.1849	1.2858	1.3903
ENSG00000143486.16	EIF2D	protein_coding	3146	1532	1614	22.1187	5.4852	5.9308
ENSG00000143493.13	INTS7	protein_coding	1873	982	893	19.9433	4.9457	5.3475
ENSG00000143494.15	VASH2	protein_coding	84	39	48	0.5243	0.1300	0.1406
ENSG00000143498.18	TAF1A	protein_coding	456	219	254	8.9449	2.2182	2.3984
ENSG00000143499.14	SMYD2	protein_coding	4226	2122	2104	49.0195	12.1563	13.1438
ENSG00000143502.15	SUSD4	protein_coding	3764	1873	1891	45.5519	11.2964	12.2140
ENSG00000143507.18	DUSP10	protein_coding	2384	1202	1182	47.8233	11.8597	12.8230
ENSG00000143512.13	HHIPL2	protein_coding	359	176	183	6.1881	1.5346	1.6592
ENSG00000143514.17	TP53BP2	protein_coding	2950	1468	1482	27.9803	6.9388	7.5025
ENSG00000143515.19	ATP8B2	protein_coding	3594	1778	1816	26.8284	6.6532	7.1936
ENSG00000143520.6	FLG2	protein_coding	0	0	0	0.0000	0.0000	0.0000
ENSG00000143536.7	CRNN	protein_coding	2	1	1	0.0596	0.0148	0.0160
ENSG00000143537.14	ADAM15	protein_coding	3710	1864	1847	31.9553	7.9246	8.5683
ENSG00000143543.15	JTB	protein_coding	548	368	420	20.9697	5.2003	5.6227
ENSG00000143545.10	RAB13	protein_coding	888	404	484	18.3055	4.5396	4.9083
ENSG00000143546.10	S100A8	protein_coding	81	37	44	5.1555	1.2785	1.3823
ENSG00000143549.21	TPM3	protein_coding	23547	11701	11848	88.1070	21.8496	23.6244
ENSG00000143552.9	NUP210L	protein_coding	3	0	3	0.0289	0.0072	0.0077
ENSG00000143553.11	SNAPIN	protein_coding	2079	1076	1047	77.7192	19.2736	20.8391
ENSG00000143554.14	SLC27A3	protein_coding	1258	625	634	13.0423	3.2343	3.4971
ENSG00000143556.9	S100A7	protein_coding	2	2	0	0.2334	0.0579	0.0626
ENSG00000143569.19	UBAP2L	protein_coding	10923	5369	5555	82.5594	20.4739	22.1369
ENSG00000143570.19	SLC39A1	protein_coding	33	112	96	0.5524	0.1370	0.1481
ENSG00000143575.15	HAX1	protein_coding	4049	2019	2030	110.5530	27.4160	29.6430
ENSG00000143578.16	CREB3L4	protein_coding	1925	1224	1121	37.6177	9.3288	10.0866
ENSG00000143590.14	EFNA3	protein_coding	134	69	65	3.9090	0.9694	1.0481
ENSG00000143595.13	AQP10	protein_coding	16	11	5	0.3959	0.0982	0.1061
ENSG00000143603.19	KCNN3	protein_coding	385	202	184	1.6055	0.3982	0.4305
ENSG00000143612.21	C1orf43	protein_coding	16517	8351	8166	350.8160	86.9988	94.0655
ENSG00000143614.10	GATAD2B	protein_coding	3502	1742	1760	21.4840	5.3278	5.7606
ENSG00000143621.17	ILF2	protein_coding	11441	5610	5876	286.9610	71.1634	76.9438
ENSG00000143622.11	RIT1	protein_coding	2302	1176	1127	32.3295	8.0174	8.6686
ENSG00000143624.14	INTS3	protein_coding	4651	2526	2601	25.1990	6.2491	6.7567
ENSG00000143627.19	PKLR	protein_coding	1	39	35	0.0179	0.0044	0.0048
ENSG00000143630.10	HCN3	protein_coding	292	187	178	3.9046	0.9683	1.0469
ENSG00000143631.11	FLG	protein_coding	340	201	201	1.5072	0.3738	0.4041
ENSG00000143632.14	ACTA1	protein_coding	28	11	17	1.0621	0.2634	0.2848
ENSG00000143633.13	C1orf131	protein_coding	695	330	365	7.2813	1.8057	1.9523
ENSG00000143641.10	GALNT2	protein_coding	4492	3355	3245	33.0318	8.1916	8.8569
ENSG00000143643.13	TTC13	protein_coding	1371	703	668	18.4590	4.5776	4.9495
ENSG00000143653.10	SCCPDH	protein_coding	14158	7098	7060	375.0116	92.9991	100.5531
ENSG00000143669.14	LYST	protein_coding	5762	2834	2986	16.6597	4.1314	4.4670
ENSG00000143674.11	MAP3K21	protein_coding	359	169	190	2.5576	0.6343	0.6858
ENSG00000143702.16	CEP170	protein_coding	2211	1230	1245	11.4623	2.8425	3.0734
ENSG00000143727.16	ACP1	protein_coding	4850	2448	2434	66.1162	16.3961	17.7280
ENSG00000143740.14	SNAP47	protein_coding	2412	2065	2087	20.7879	5.1552	5.5739
ENSG00000143742.14	SRP9	protein_coding	13833	7028	6805	353.3644	87.6308	94.7488
ENSG00000143748.18	NVL	protein_coding	1755	978	1014	21.5658	5.3481	5.7825
ENSG00000143751.10	SDE2	protein_coding	2225	1143	1082	31.6478	7.8483	8.4858
ENSG00000143753.13	DEGS1	protein_coding	5362	2653	2712	124.3168	30.8293	33.3335
ENSG00000143756.12	FBXO28	protein_coding	3847	1929	1918	36.2397	8.9871	9.7171
ENSG00000143761.16	ARF1	protein_coding	27621	13678	13943	477.4112	118.3932	128.0099
ENSG00000143768.13	LEFTY2	protein_coding	8	3	5	0.1985	0.0492	0.0532
ENSG00000143771.12	CNIH4	protein_coding	3379	1669	1710	37.6470	9.3361	10.0944
ENSG00000143772.9	ITPKB	protein_coding	1406	706	700	11.3323	2.8103	3.0386
ENSG00000143774.17	GUK1	protein_coding	6170	3109	3062	74.0530	18.3644	19.8561
ENSG00000143776.18	CDC42BPA	protein_coding	5725	3195	3110	23.0996	5.7285	6.1938
ENSG00000143786.8	CNIH3	protein_coding	412	220	230	3.6696	0.9100	0.9839
ENSG00000143793.13	C1orf35	protein_coding	693	347	346	9.1226	2.2623	2.4461
ENSG00000143797.12	MBOAT2	protein_coding	3846	1961	1885	25.0870	6.2213	6.7267
ENSG00000143799.14	PARP1	protein_coding	12225	6136	6089	37.6803	9.3443	10.1033
ENSG00000143801.18	PSEN2	protein_coding	68	27	41	0.2352	0.0583	0.0631
ENSG00000143811.19	PYCR2	protein_coding	1789	930	859	28.1661	6.9849	7.5523
ENSG00000143815.15	LBR	protein_coding	1534	761	773	15.2352	3.7782	4.0851
ENSG00000143816.8	WNT9A	protein_coding	924	434	490	13.0836	3.2446	3.5082
ENSG00000143819.12	EPHX1	protein_coding	10760	5264	5583	243.3012	60.3362	65.2372
ENSG00000143839.15	REN	protein_coding	3	2	1	0.0973	0.0241	0.0261
ENSG00000143842.15	SOX13	protein_coding	4955	2518	2437	37.8703	9.3915	10.1543
ENSG00000143845.15	ETNK2	protein_coding	2100	1844	1952	26.3884	6.5441	7.0756
ENSG00000143847.15	PPFIA4	protein_coding	267	135	132	1.5599	0.3868	0.4183
ENSG00000143850.16	PLEKHA6	protein_coding	6319	3142	3184	37.1117	9.2033	9.9509
ENSG00000143851.15	PTPN7	protein_coding	348	170	178	3.3415	0.8287	0.8960
ENSG00000143858.12	SYT2	protein_coding	11	11	10	0.0799	0.0198	0.0214
ENSG00000143862.8	ARL8A	protein_coding	3157	1663	1719	90.6498	22.4802	24.3062
ENSG00000143867.7	OSR1	protein_coding	79	35	44	0.8487	0.2105	0.2276
ENSG00000143869.7	GDF7	protein_coding	3	7	1	0.0184	0.0046	0.0049
ENSG00000143870.13	PDIA6	protein_coding	10225	9865	9802	141.5673	35.1073	37.9589
ENSG00000143878.10	RHOB	protein_coding	19729	10170	9560	472.6789	117.2196	126.7410
ENSG00000143882.12	ATP6V1C2	protein_coding	36	4783	4704	0.5830	0.1446	0.1563
ENSG00000143889.16	HNRNPLL	protein_coding	2999	1460	1539	28.6705	7.1100	7.6875
ENSG00000143891.17	GALM	protein_coding	1825	914	912	39.5626	9.8111	10.6080
ENSG00000143919.15	CAMKMT	protein_coding	239	115	124	3.3935	0.8416	0.9099
ENSG00000143921.9	ABCG8	protein_coding	13	7	6	0.0724	0.0180	0.0194
ENSG00000143924.19	EML4	protein_coding	4542	2302	2316	30.8327	7.6462	8.2673
ENSG00000143933.19	CALM2	protein_coding	35523	18055	17469	283.1752	70.2246	75.9287
ENSG00000143942.5	CHAC2	protein_coding	55	29	26	2.3828	0.5909	0.6389
ENSG00000143947.14	RPS27A	protein_coding	24549	12220	12360	444.7837	110.3019	119.2614
ENSG00000143951.16	WDPCP	protein_coding	563	262	306	2.3476	0.5822	0.6295
ENSG00000143952.20	VPS54	protein_coding	2044	992	1053	21.2806	5.2774	5.7060
ENSG00000143954.13	REG3G	protein_coding	0	0	0	0.0000	0.0000	0.0000
ENSG00000143970.17	ASXL2	protein_coding	4643	2339	2305	19.9021	4.9355	5.3364
ENSG00000143971.9	ETAA1	protein_coding	1462	754	708	11.0887	2.7499	2.9732
ENSG00000143977.14	SNRPG	protein_coding	1848	889	964	59.4104	14.7332	15.9299
ENSG00000143994.14	ABHD1	protein_coding	81	103	136	0.9921	0.2460	0.2660
ENSG00000143995.20	MEIS1	protein_coding	795	438	434	4.1203	1.0218	1.1048
ENSG00000144010.10	TRIM43B	protein_coding	0	0	0	0.0000	0.0000	0.0000
ENSG00000144015.5	TRIM43	protein_coding	0	0	0	0.0000	0.0000	0.0000
ENSG00000144021.3	CIAO1	protein_coding	5998	3070	2929	70.4529	17.4716	18.8908
ENSG00000144026.12	ZNF514	protein_coding	1409	738	713	8.5150	2.1116	2.2831
ENSG00000144028.15	SNRNP200	protein_coding	23541	11681	11861	119.3251	29.5914	31.9950
ENSG00000144029.12	MRPS5	protein_coding	1945	1007	939	13.1781	3.2680	3.5335
ENSG00000144031.12	ANKRD53	protein_coding	38	22	16	0.8531	0.2116	0.2287
ENSG00000144034.16	TPRKB	protein_coding	1304	671	633	36.9011	9.1511	9.8944
ENSG00000144035.4	NAT8	protein_coding	4	10	8	0.2091	0.0518	0.0561
ENSG00000144036.16	EXOC6B	protein_coding	2403	1192	1211	13.3641	3.3142	3.5834
ENSG00000144040.13	SFXN5	protein_coding	3765	1854	1911	19.4474	4.8228	5.2145
ENSG00000144043.12	TEX261	protein_coding	6121	3133	2988	82.9641	20.5743	22.2454
ENSG00000144045.14	DQX1	protein_coding	18	9	9	0.3538	0.0877	0.0949
ENSG00000144048.10	DUSP11	protein_coding	1611	806	805	25.7787	6.3929	6.9121
ENSG00000144057.15	ST6GAL2	protein_coding	1768	858	910	13.0077	3.2258	3.4878
ENSG00000144061.14	NPHP1	protein_coding	602	306	296	1.7435	0.4324	0.4675
ENSG00000144063.4	MALL	protein_coding	25	9	16	0.5405	0.1340	0.1449
ENSG00000144115.17	THNSL2	protein_coding	3806	1859	1947	29.2702	7.2587	7.8483
ENSG00000144118.14	RALB	protein_coding	5477	2744	2733	108.4120	26.8851	29.0689
ENSG00000144119.4	C1QL2	protein_coding	0	0	0	0.0000	0.0000	0.0000
ENSG00000144120.13	TMEM177	protein_coding	396	206	190	8.6774	2.1519	2.3267
ENSG00000144130.11	NT5DC4	protein_coding	2	43	36	0.0268	0.0067	0.0072
ENSG00000144134.18	RABL2A	protein_coding	527	273	254	4.9744	1.2336	1.3338
ENSG00000144136.11	SLC20A1	protein_coding	7671	3891	3780	79.1957	19.6397	21.2350
ENSG00000144152.13	FBLN7	protein_coding	1060	556	505	9.1356	2.2655	2.4496
ENSG00000144158.4	SNRPA1P1	processed_pseudogene	1	0	1	0.0738	0.0183	0.0198
ENSG00000144161.13	ZC3H8	protein_coding	794	416	382	6.8514	1.6991	1.8371
ENSG00000144182.17	LIPT1	protein_coding	247	167	167	6.1463	1.5242	1.6480
ENSG00000144188.9	TRIM43CP	unprocessed_pseudogene	0	0	0	0.0000	0.0000	0.0000
ENSG00000144191.12	CNGA3	protein_coding	327	172	155	4.2699	1.0589	1.1449
ENSG00000144199.12	FAHD2B	protein_coding	579	290	289	12.3347	3.0589	3.3074
ENSG00000144214.10	LYG1	protein_coding	51	24	27	2.5962	0.6438	0.6961
ENSG00000144218.19	AFF3	protein_coding	25971	13229	12902	94.0495	23.3233	25.2178
ENSG00000144224.17	UBXN4	protein_coding	12591	6242	6349	142.8642	35.4289	38.3067
ENSG00000144227.5	NXPH2	protein_coding	99	42	57	2.0725	0.5139	0.5557
ENSG00000144228.9	SPOPL	protein_coding	7519	3805	3714	65.6104	16.2707	17.5923
ENSG00000144229.12	THSD7B	protein_coding	76	49	27	0.6374	0.1581	0.1709
ENSG00000144230.16	GPR17	protein_coding	34	13	26	0.7219	0.1790	0.1936
ENSG00000144231.11	POLR2D	protein_coding	1942	1006	1040	21.0898	5.2300	5.6549
ENSG00000144233.10	AMMECR1L	protein_coding	2911	1405	1507	34.4281	8.5378	9.2313
ENSG00000144278.15	GALNT13	protein_coding	234	116	118	1.9982	0.4955	0.5358
ENSG00000144283.22	PKP4	protein_coding	6669	3551	3650	39.6560	9.8343	10.6331
ENSG00000144285.22	SCN1A	protein_coding	0	0	0	0.0000	0.0000	0.0000
ENSG00000144290.17	SLC4A10	protein_coding	378	177	201	2.8393	0.7041	0.7613
ENSG00000144306.15	SCRN3	protein_coding	1475	750	725	20.1851	5.0057	5.4123
ENSG00000144320.14	LNPK	protein_coding	4919	2519	2400	30.7187	7.6179	8.2367
ENSG00000144331.20	ZNF385B	protein_coding	711	350	361	7.4434	1.8459	1.9958
ENSG00000144339.12	TMEFF2	protein_coding	0	1	0	0.0000	0.0000	0.0000
ENSG00000144354.14	CDCA7	protein_coding	39	17	22	0.5622	0.1394	0.1507
ENSG00000144355.15	DLX1	protein_coding	95	56	39	1.5091	0.3742	0.4046
ENSG00000144357.18	UBR3	protein_coding	4700	2362	2338	26.4816	6.5672	7.1006
ENSG00000144362.12	PHOSPHO2	protein_coding	256	140	116	9.7566	2.4195	2.6161
ENSG00000144366.16	GULP1	protein_coding	1124	563	561	5.3211	1.3196	1.4268
ENSG00000144369.13	FAM171B	protein_coding	1283	660	623	12.6957	3.1484	3.4041
ENSG00000144381.18	HSPD1	protein_coding	21719	10891	10864	161.4476	40.0374	43.2895
ENSG00000144395.18	CCDC150	protein_coding	113	57	64	0.6621	0.1642	0.1775
ENSG00000144401.14	METTL21A	protein_coding	844	428	419	7.0408	1.7460	1.8879
ENSG00000144406.19	UNC80	protein_coding	1	0	1	0.0029	0.0007	0.0008
ENSG00000144407.9	PTH2R	protein_coding	53	26	27	0.6847	0.1698	0.1836
ENSG00000144410.5	CPO	protein_coding	45	23	22	2.0498	0.5083	0.5496
ENSG00000144426.18	NBEAL1	protein_coding	865	429	438	2.9955	0.7429	0.8032
ENSG00000144445.17	KANSL1L	protein_coding	726	663	616	4.8329	1.1985	1.2959
ENSG00000144451.19	SPAG16	protein_coding	1234	635	599	8.4752	2.1018	2.2725
ENSG00000144452.15	ABCA12	protein_coding	3126	1592	1535	18.4393	4.5728	4.9442
ENSG00000144455.14	SUMF1	protein_coding	4502	2330	2273	36.7667	9.1178	9.8584
ENSG00000144460.12	NYAP2	protein_coding	2	2	0	0.0208	0.0052	0.0056
ENSG00000144468.17	RHBDD1	protein_coding	2558	1280	1278	20.9449	5.1941	5.6160
ENSG00000144476.6	ACKR3	protein_coding	8031	4001	4031	220.0183	54.5623	58.9942
ENSG00000144481.17	TRPM8	protein_coding	3	1	2	0.0215	0.0053	0.0058
ENSG00000144485.11	HES6	protein_coding	590	283	307	17.1233	4.2464	4.5913
ENSG00000144488.15	ESPNL	protein_coding	55	32	25	0.6022	0.1494	0.1615
ENSG00000144504.15	ANKMY1	protein_coding	622	427	429	3.0734	0.7622	0.8241
ENSG00000144524.18	COPS7B	protein_coding	1766	897	902	16.5100	4.0943	4.4269
ENSG00000144535.20	DIS3L2	protein_coding	928	481	511	4.6420	1.1512	1.2447
ENSG00000144550.13	CPNE9	protein_coding	5	3	2	0.1224	0.0304	0.0328
ENSG00000144554.12	FANCD2	protein_coding	1290	783	785	8.7298	2.1649	2.3408
ENSG00000144559.10	TAMM41	protein_coding	594	296	298	5.6854	1.4099	1.5244
ENSG00000144560.15	VGLL4	protein_coding	4004	4698	4638	31.4149	7.7906	8.4234
ENSG00000144566.11	RAB5A	protein_coding	5294	3153	3063	79.6981	19.7643	21.3697
ENSG00000144567.11	RETREG2	protein_coding	10397	5363	5509	103.8967	25.7653	27.8582
ENSG00000144579.8	CTDSP1	protein_coding	7935	4001	3981	97.5279	24.1859	26.1505
ENSG00000144580.14	CNOT9	protein_coding	3113	1564	1553	33.3784	8.2775	8.9499
ENSG00000144583.5	MARCHF4	protein_coding	124	72	67	1.4342	0.3557	0.3846
ENSG00000144589.22	STK11IP	protein_coding	1315	633	682	13.0900	3.2462	3.5099
ENSG00000144591.19	GMPPA	protein_coding	2148	1095	1053	22.9187	5.6836	6.1453
ENSG00000144596.13	GRIP2	protein_coding	162	302	280	0.7727	0.1916	0.2072
ENSG00000144597.14	EAF1	protein_coding	2593	2436	2383	29.9550	7.4285	8.0319
ENSG00000144619.15	CNTN4	protein_coding	2825	1636	1601	17.5606	4.3549	4.7086
ENSG00000144635.9	DYNC1LI1	protein_coding	4557	2282	2276	42.2750	10.4838	11.3353
ENSG00000144642.22	RBMS3	protein_coding	2456	1194	1262	7.5544	1.8734	2.0256
ENSG00000144644.14	GADL1	protein_coding	0	0	0	0.0000	0.0000	0.0000
ENSG00000144645.14	OSBPL10	protein_coding	1386	665	721	6.4996	1.6118	1.7428
ENSG00000144647.6	POMGNT2	protein_coding	2728	1325	1405	57.9202	14.3636	15.5303
ENSG00000144648.16	ACKR2	protein_coding	38	18	20	0.3947	0.0979	0.1058
ENSG00000144649.9	GASK1A	protein_coding	711	345	366	9.0772	2.2510	2.4339
ENSG00000144655.15	CSRNP1	protein_coding	2415	1233	1224	42.4008	10.5150	11.3691
ENSG00000144659.13	SLC25A38	protein_coding	2946	1399	1549	62.7602	15.5639	16.8281
ENSG00000144668.12	ITGA9	protein_coding	647	416	494	4.4367	1.1003	1.1896
ENSG00000144671.10	SLC22A14	protein_coding	2	1	1	0.0310	0.0077	0.0083
ENSG00000144674.16	GOLGA4	protein_coding	11482	5766	5842	60.6449	15.0393	16.2609
ENSG00000144677.15	CTDSPL	protein_coding	5065	2539	2526	48.8829	12.1225	13.1071
ENSG00000144681.10	STAC	protein_coding	79	45	34	1.0191	0.2527	0.2733
ENSG00000144711.16	IQSEC1	protein_coding	7218	3552	3668	40.2055	9.9706	10.7804
ENSG00000144712.12	CAND2	protein_coding	494	295	282	5.0143	1.2435	1.3445
ENSG00000144713.13	RPL32	protein_coding	40706	19445	21344	621.5499	154.1381	166.6583
ENSG00000144724.20	PTPRG	protein_coding	3683	2345	2157	14.2812	3.5416	3.8293
ENSG00000144730.19	IL17RD	protein_coding	2139	1072	1067	12.6872	3.1463	3.4019
ENSG00000144736.14	SHQ1	protein_coding	2292	1145	1148	22.2834	5.5261	5.9749
ENSG00000144741.18	SLC25A26	protein_coding	1053	2412	2272	10.2078	2.5314	2.7371
ENSG00000144744.17	UBA3	protein_coding	3265	2064	2003	45.0945	11.1830	12.0913
ENSG00000144746.7	ARL6IP5	protein_coding	11543	5773	5785	256.2048	63.5362	68.6971
ENSG00000144747.17	TMF1	protein_coding	5089	3348	3341	36.4805	9.0468	9.7816
ENSG00000144749.14	LRIG1	protein_coding	8525	6015	6141	68.6430	17.0228	18.4055
ENSG00000144771.8	LRTM1	protein_coding	0	0	0	0.0000	0.0000	0.0000
ENSG00000144785.8	AC073896.1	protein_coding	0	0	0	0.0000	0.0000	0.0000
ENSG00000144791.10	LIMD1	protein_coding	2134	2772	2705	9.5471	2.3676	2.5599
ENSG00000144792.9	ZNF660	protein_coding	301	156	145	2.6209	0.6499	0.7027
ENSG00000144802.11	NFKBIZ	protein_coding	1180	590	590	11.3382	2.8117	3.0401
ENSG00000144810.16	COL8A1	protein_coding	29721	15011	14710	179.1536	44.4283	48.0371
ENSG00000144815.16	NXPE3	protein_coding	4081	2146	2187	24.4283	6.0580	6.5500
ENSG00000144820.8	ADGRG7	protein_coding	0	0	0	0.0000	0.0000	0.0000
ENSG00000144821.10	MYH15	protein_coding	7	0	7	0.0516	0.0128	0.0138
ENSG00000144824.21	PHLDB2	protein_coding	5507	2757	2750	25.3718	6.2920	6.8030
ENSG00000144827.9	ABHD10	protein_coding	1669	831	838	31.2786	7.7568	8.3868
ENSG00000144834.14	TAGLN3	protein_coding	1	1	0	0.0330	0.0082	0.0089
ENSG00000144837.9	PLA1A	protein_coding	45	20	25	1.1766	0.2918	0.3155
ENSG00000144840.10	RABL3	protein_coding	3912	1963	2013	34.5183	8.5602	9.2555
ENSG00000144843.11	ADPRH	protein_coding	763	387	380	9.3759	2.3251	2.5140
ENSG00000144847.13	IGSF11	protein_coding	15	9	7	0.1736	0.0431	0.0466
ENSG00000144848.11	ATG3	protein_coding	3680	1805	1927	34.1559	8.4703	9.1583
ENSG00000144852.19	NR1I2	protein_coding	9	3	6	0.0949	0.0235	0.0254
ENSG00000144857.14	BOC	protein_coding	774	491	478	4.2491	1.0537	1.1393
ENSG00000144867.13	SRPRB	protein_coding	5006	2905	2744	67.7542	16.8024	18.1672
ENSG00000144868.14	TMEM108	protein_coding	127	55	72	0.8566	0.2124	0.2297
ENSG00000144891.18	AGTR1	protein_coding	287	142	145	4.6796	1.1605	1.2548
ENSG00000144893.12	MED12L	protein_coding	227	204	201	1.0201	0.2530	0.2735
ENSG00000144895.12	EIF2A	protein_coding	7582	3986	3969	72.8154	18.0575	19.5242
ENSG00000144908.14	ALDH1L1	protein_coding	4	3	3	0.0165	0.0041	0.0044
ENSG00000144909.8	OSBPL11	protein_coding	2616	1311	1305	32.2647	8.0013	8.6513
ENSG00000144935.15	TRPC1	protein_coding	829	455	374	9.7780	2.4248	2.6218
ENSG00000144959.11	NCEH1	protein_coding	1699	892	810	20.0396	4.9696	5.3733
ENSG00000144962.7	SPATA16	protein_coding	0	0	0	0.0000	0.0000	0.0000
ENSG00000145002.12	FAM86B2	protein_coding	3	3	0	0.1245	0.0309	0.0334
ENSG00000145012.13	LPP	protein_coding	10281	5154	5148	22.8328	5.6623	6.1222
ENSG00000145014.18	TMEM44	protein_coding	379	211	238	4.7124	1.1686	1.2635
ENSG00000145016.16	RUBCN	protein_coding	1194	1632	1464	6.0788	1.5075	1.6299
ENSG00000145020.16	AMT	protein_coding	17	10	7	0.1699	0.0421	0.0456
ENSG00000145022.4	TCTA	protein_coding	8261	4537	4605	170.5428	42.2929	45.7282
ENSG00000145029.14	NICN1	protein_coding	0	0	0	0.0000	0.0000	0.0000
ENSG00000145040.4	UCN2	protein_coding	21	10	11	0.7950	0.1972	0.2132
ENSG00000145041.15	DCAF1	protein_coding	4949	2897	2890	40.9779	10.1621	10.9875
ENSG00000145050.19	MANF	protein_coding	3287	1621	1666	87.1462	21.6114	23.3668
ENSG00000145063.15	AC062028.1	lncRNA	26	13	13	0.3248	0.0805	0.0871
ENSG00000145075.13	CCDC39	lncRNA	0	0	0	0.0000	0.0000	0.0000
ENSG00000145087.13	STXBP5L	protein_coding	3	2	1	0.0153	0.0038	0.0041
ENSG00000145088.9	EAF2	protein_coding	124	68	56	3.9729	0.9852	1.0653
ENSG00000145103.15	ILDR1	protein_coding	980	477	503	18.5562	4.6017	4.9755
ENSG00000145107.16	TM4SF19	protein_coding	1	2	4	0.0299	0.0074	0.0080
ENSG00000145113.22	MUC4	protein_coding	9	6	3	0.0243	0.0060	0.0065
ENSG00000145147.20	SLIT2	protein_coding	1632	848	784	8.3628	2.0739	2.2423
ENSG00000145191.15	EIF2B5	protein_coding	3487	1766	1736	27.4535	6.8082	7.3612
ENSG00000145192.13	AHSG	protein_coding	1	0	1	0.0256	0.0063	0.0069
ENSG00000145194.19	ECE2	protein_coding	0	0	0	0.0000	0.0000	0.0000
ENSG00000145198.14	VWA5B2	protein_coding	38	24	16	0.3761	0.0933	0.1008
ENSG00000145214.14	DGKQ	protein_coding	887	444	443	10.0947	2.5034	2.7067
ENSG00000145216.16	FIP1L1	protein_coding	1060	1014	1148	10.6601	2.6436	2.8583
ENSG00000145217.14	SLC26A1	protein_coding	209	159	189	2.7609	0.6847	0.7403
ENSG00000145220.14	LYAR	protein_coding	727	332	395	17.8942	4.4376	4.7980
ENSG00000145241.11	CENPC	protein_coding	1489	749	740	9.9389	2.4648	2.6650
ENSG00000145242.13	EPHA5	protein_coding	3	1	3	0.0173	0.0043	0.0046
ENSG00000145244.12	CORIN	protein_coding	2057	1027	1030	11.5658	2.8682	3.1012
ENSG00000145246.14	ATP10D	protein_coding	1670	881	884	11.8709	2.9439	3.1830
ENSG00000145247.12	OCIAD2	protein_coding	3128	1570	1558	71.4413	17.7167	19.1558
ENSG00000145248.7	SLC10A4	protein_coding	5	3	2	0.1112	0.0276	0.0298
ENSG00000145283.8	SLC10A6	protein_coding	22	14	8	0.7687	0.1906	0.2061
ENSG00000145284.12	SCD5	protein_coding	744	355	389	9.9722	2.4730	2.6739
ENSG00000145287.11	PLAC8	protein_coding	27	12	15	0.4043	0.1003	0.1084
ENSG00000145293.16	ENOPH1	protein_coding	2811	1413	1398	76.5299	18.9786	20.5202
ENSG00000145309.6	CABS1	protein_coding	0	0	0	0.0000	0.0000	0.0000
ENSG00000145321.13	GC	protein_coding	0	0	0	0.0000	0.0000	0.0000
ENSG00000145331.14	TRMT10A	protein_coding	651	328	333	8.4173	2.0874	2.2570
ENSG00000145332.14	KLHL8	protein_coding	1535	779	756	11.8371	2.9355	3.1739
ENSG00000145335.17	SNCA	protein_coding	81	64	70	0.7406	0.1837	0.1986
ENSG00000145337.5	PYURF	protein_coding	0	0	0	0.0000	0.0000	0.0000
ENSG00000145348.17	TBCK	protein_coding	1595	983	1008	8.3528	2.0714	2.2397
ENSG00000145349.17	CAMK2D	protein_coding	2408	1227	1181	18.5465	4.5993	4.9729
ENSG00000145354.12	CISD2	protein_coding	1681	1219	1205	15.0078	3.7218	4.0241
ENSG00000145358.6	DDIT4L	protein_coding	90	41	49	1.7047	0.4228	0.4571
ENSG00000145362.20	ANK2	protein_coding	835	439	396	2.3235	0.5762	0.6230
ENSG00000145365.11	TIFA	protein_coding	1625	913	852	21.6527	5.3696	5.8058
ENSG00000145375.9	SPATA5	protein_coding	1027	497	530	6.2537	1.5509	1.6768
ENSG00000145384.4	FABP2	protein_coding	2	1	1	0.0510	0.0126	0.0137
ENSG00000145386.11	CCNA2	protein_coding	743	605	583	15.3332	3.8025	4.1113
ENSG00000145388.15	METTL14	protein_coding	2473	1250	1223	20.5095	5.0861	5.4993
ENSG00000145390.11	USP53	protein_coding	2496	1263	1233	11.8450	2.9374	3.1760
ENSG00000145391.13	SETD7	protein_coding	7464	3731	3739	30.4170	7.5431	8.1558
ENSG00000145414.9	NAF1	protein_coding	875	435	440	10.3875	2.5760	2.7852
ENSG00000145416.13	MARCHF1	protein_coding	2335	1197	1139	12.7068	3.1512	3.4071
ENSG00000145423.5	SFRP2	protein_coding	64266	31619	32648	1825.9134	452.8081	489.5883
ENSG00000145425.10	RPS3A	protein_coding	12779	11339	11221	317.8494	78.8235	85.2260
ENSG00000145428.15	RNF175	protein_coding	128	71	58	1.7517	0.4344	0.4697
ENSG00000145431.11	PDGFC	protein_coding	4278	2131	2147	40.4477	10.0306	10.8454
ENSG00000145439.12	CBR4	protein_coding	1965	1793	1788	21.8073	5.4080	5.8473
ENSG00000145451.13	GLRA3	protein_coding	1211	610	601	7.2093	1.7878	1.9331
ENSG00000145476.16	CYP4V2	protein_coding	3054	1550	1506	17.7324	4.3975	4.7546
ENSG00000145491.12	ROPN1L	protein_coding	45	29	21	1.4060	0.3487	0.3770
ENSG00000145494.12	NDUFS6	protein_coding	3664	1902	1762	234.2563	58.0932	62.8119
ENSG00000145495.16	MARCHF6	protein_coding	20810	10557	10254	104.0316	25.7988	27.8943
ENSG00000145506.14	NKD2	protein_coding	576	305	271	11.2174	2.7818	3.0077
ENSG00000145526.12	CDH18	protein_coding	10	8	2	0.0874	0.0217	0.0234
ENSG00000145536.15	ADAMTS16	protein_coding	1676	822	858	16.2111	4.0202	4.3467
ENSG00000145545.12	SRD5A1	protein_coding	1293	640	653	9.6090	2.3829	2.5765
ENSG00000145555.15	MYO10	protein_coding	2689	1414	1424	10.9064	2.7047	2.9244
ENSG00000145569.6	OTULINL	protein_coding	3373	1720	1653	27.1708	6.7381	7.2854
ENSG00000145592.14	RPL37	protein_coding	35873	18133	17741	253.0295	62.7488	67.8456
ENSG00000145604.17	SKP2	protein_coding	1034	913	881	3.3745	0.8368	0.9048
ENSG00000145623.13	OSMR	protein_coding	8836	4511	4594	69.8480	17.3216	18.7286
ENSG00000145626.12	UGT3A1	protein_coding	0	0	0	0.0000	0.0000	0.0000
ENSG00000145632.15	PLK2	protein_coding	5107	2599	2508	62.3236	15.4556	16.7110
ENSG00000145642.12	SHISAL2B	protein_coding	1	17	14	0.0432	0.0107	0.0116
ENSG00000145649.8	GZMA	protein_coding	114	57	57	7.2153	1.7893	1.9347
ENSG00000145675.15	PIK3R1	protein_coding	8761	4461	4300	46.2991	11.4817	12.4143
ENSG00000145681.11	HAPLN1	protein_coding	447	230	217	4.0899	1.0143	1.0966
ENSG00000145685.14	LHFPL2	protein_coding	14038	7046	6992	99.7987	24.7491	26.7594
ENSG00000145687.16	SSBP2	protein_coding	6301	3176	3125	31.6669	7.8531	8.4910
ENSG00000145692.15	BHMT	protein_coding	4	3	6	0.0651	0.0161	0.0174
ENSG00000145700.10	ANKRD31	protein_coding	172	79	93	1.4947	0.3707	0.4008
ENSG00000145703.16	IQGAP2	protein_coding	9276	4683	4662	66.8584	16.5802	17.9270
ENSG00000145708.11	CRHBP	protein_coding	18	14	4	0.4136	0.1026	0.1109
ENSG00000145715.15	RASA1	protein_coding	4722	3031	3118	51.1332	12.6805	13.7105
ENSG00000145721.12	LIX1	protein_coding	4	1	3	0.0568	0.0141	0.0152
ENSG00000145723.17	GIN1	protein_coding	1103	510	593	15.0039	3.7208	4.0230
ENSG00000145725.20	PPIP5K2	protein_coding	4634	2296	2338	15.2168	3.7736	4.0801
ENSG00000145730.20	PAM	protein_coding	16785	8328	8457	107.6053	26.6850	28.8526
ENSG00000145734.19	BDP1	protein_coding	6981	3480	3501	31.9268	7.9175	8.5606
ENSG00000145736.14	GTF2H2	protein_coding	617	309	308	4.0330	1.0001	1.0814
ENSG00000145740.19	SLC30A5	protein_coding	5590	4055	4072	57.8378	14.3432	15.5082
ENSG00000145741.16	BTF3	protein_coding	45254	22797	22457	462.2394	114.6307	123.9418
ENSG00000145743.17	FBXL17	protein_coding	4051	2050	2001	28.2747	7.0118	7.5814
ENSG00000145757.16	SPATA9	protein_coding	49	137	163	0.9497	0.2355	0.2546
ENSG00000145777.15	TSLP	protein_coding	6	3	3	0.0798	0.0198	0.0214
ENSG00000145779.8	TNFAIP8	protein_coding	2588	1283	1305	17.2543	4.2789	4.6265
ENSG00000145780.8	FEM1C	protein_coding	5734	2933	2801	57.0783	14.1548	15.3046
ENSG00000145781.9	COMMD10	protein_coding	1998	1095	1079	46.4561	11.5207	12.4564
ENSG00000145782.13	ATG12	protein_coding	5844	2952	2949	37.3760	9.2689	10.0218
ENSG00000145794.17	MEGF10	protein_coding	2695	1336	1361	16.9026	4.1917	4.5322
ENSG00000145808.10	ADAMTS19	protein_coding	549	323	328	5.7741	1.4319	1.5482
ENSG00000145817.17	YIPF5	protein_coding	7611	3835	3777	116.7170	28.9446	31.2957
ENSG00000145819.18	ARHGAP26	protein_coding	1042	491	552	3.4440	0.8541	0.9234
ENSG00000145824.13	CXCL14	protein_coding	1377	673	704	39.5391	9.8053	10.6017
ENSG00000145826.9	LECT2	protein_coding	0	0	0	0.0000	0.0000	0.0000
ENSG00000145832.14	SLC25A48	protein_coding	136	76	61	0.9213	0.2285	0.2470
ENSG00000145833.16	DDX46	protein_coding	10383	5192	5192	63.9674	15.8633	17.1518
ENSG00000145835.6	CDKN2AIPNLP2	processed_pseudogene	0	0	0	0.0000	0.0000	0.0000
ENSG00000145839.2	IL9	protein_coding	1	0	1	0.0937	0.0232	0.0251
ENSG00000145850.9	TIMD4	protein_coding	34	19	15	1.2719	0.3154	0.3410
ENSG00000145860.12	RNF145	protein_coding	3727	1898	1829	45.8080	11.3599	12.2827
ENSG00000145861.9	C1QTNF2	protein_coding	41	29	12	0.9644	0.2392	0.2586
ENSG00000145863.11	GABRA6	protein_coding	0	0	0	0.0000	0.0000	0.0000
ENSG00000145864.14	GABRB2	protein_coding	497	236	261	1.6446	0.4078	0.4410
ENSG00000145868.17	FBXO38	protein_coding	5673	2756	2920	36.8855	9.1472	9.8902
ENSG00000145879.11	SPINK7	protein_coding	3	3	0	0.1101	0.0273	0.0295
ENSG00000145882.11	PCYOX1L	protein_coding	1225	566	660	11.5035	2.8528	3.0845
ENSG00000145888.11	GLRA1	protein_coding	2	1	1	0.0464	0.0115	0.0124
ENSG00000145901.16	TNIP1	protein_coding	9602	4833	4769	93.9978	23.3105	25.2039
ENSG00000145907.16	G3BP1	protein_coding	17850	9128	8733	50.5177	12.5279	13.5455
ENSG00000145908.12	ZNF300	protein_coding	217	119	99	2.7899	0.6919	0.7481
ENSG00000145911.6	N4BP3	protein_coding	10830	5337	5494	102.6180	25.4482	27.5153
ENSG00000145912.9	NHP2	protein_coding	3246	4165	4129	128.3686	31.8341	34.4199
ENSG00000145916.19	RMND5B	protein_coding	8539	6812	6776	62.8565	15.5878	16.8539
ENSG00000145919.11	BOD1	protein_coding	6180	3058	3133	146.8850	36.4260	39.3848
ENSG00000145920.15	CPLX2	protein_coding	0	0	0	0.0000	0.0000	0.0000
ENSG00000145934.16	TENM2	protein_coding	238	130	109	1.2223	0.3031	0.3277
ENSG00000145936.9	KCNMB1	protein_coding	168	81	90	1.5784	0.3914	0.4232
ENSG00000145945.7	FAM50B	protein_coding	563	278	285	16.3900	4.0646	4.3947
ENSG00000145949.11	MYLK4	protein_coding	50	25	25	0.4714	0.1169	0.1264
ENSG00000145975.15	FAM217A	protein_coding	3	1	4	0.0543	0.0135	0.0146
ENSG00000145979.18	TBC1D7	protein_coding	558	282	284	3.8125	0.9455	1.0223
ENSG00000145982.13	FARS2	protein_coding	1024	510	514	12.0031	2.9766	3.2184
ENSG00000145990.11	GFOD1	protein_coding	549	266	300	2.9135	0.7225	0.7812
ENSG00000145996.11	CDKAL1	protein_coding	1285	627	658	15.8349	3.9269	4.2459
ENSG00000146001.5	PCDHB18P	transcribed_unprocessed_pseudogene	35	13	22	0.6208	0.1540	0.1665
ENSG00000146005.4	PSD2	protein_coding	13	7	6	0.1627	0.0403	0.0436
ENSG00000146006.8	LRRTM2	protein_coding	11	9	6	0.1023	0.0254	0.0274
ENSG00000146007.11	ZMAT2	protein_coding	12350	5804	6546	409.8117	101.6292	109.8842
ENSG00000146013.11	GFRA3	protein_coding	0	0	0	0.0000	0.0000	0.0000
ENSG00000146021.15	KLHL3	protein_coding	685	359	326	3.2773	0.8127	0.8788
ENSG00000146038.12	DCDC2	protein_coding	498	290	261	5.6438	1.3996	1.5133
ENSG00000146039.11	SLC17A4	protein_coding	0	0	0	0.0000	0.0000	0.0000
ENSG00000146047.7	H2BC1	protein_coding	0	0	0	0.0000	0.0000	0.0000
ENSG00000146049.2	KAAG1	protein_coding	3	27	29	0.1230	0.0305	0.0330
ENSG00000146054.18	TRIM7	protein_coding	356	326	352	2.7513	0.6823	0.7377
ENSG00000146063.20	TRIM41	protein_coding	2813	1708	1662	12.4522	3.0880	3.3389
ENSG00000146066.3	HIGD2A	protein_coding	2142	1987	1968	185.7382	46.0612	49.8026
ENSG00000146067.16	FAM193B	protein_coding	1827	918	909	17.7870	4.4110	4.7693
ENSG00000146070.17	PLA2G7	protein_coding	434	239	216	11.9534	2.9643	3.2051
ENSG00000146072.6	TNFRSF21	protein_coding	3702	1814	1888	58.3979	14.4821	15.6584
ENSG00000146083.12	RNF44	protein_coding	3834	1926	1909	38.6398	9.5823	10.3606
ENSG00000146085.8	MMUT	protein_coding	3637	1821	1816	54.1207	13.4214	14.5116
ENSG00000146090.16	RASGEF1C	protein_coding	2	2	0	0.0376	0.0093	0.0101
ENSG00000146094.15	DOK3	protein_coding	630	340	359	7.4077	1.8370	1.9862
ENSG00000146109.5	ABT1	protein_coding	1317	675	642	25.3779	6.2935	6.8047
ENSG00000146112.12	PPP1R18	protein_coding	5416	2675	2741	66.7843	16.5618	17.9071
ENSG00000146122.17	DAAM2	protein_coding	1684	1306	1205	7.3716	1.8281	1.9766
ENSG00000146143.19	PRIM2	protein_coding	849	412	437	8.5185	2.1125	2.2841
ENSG00000146147.15	MLIP	protein_coding	2	1	2	0.0156	0.0039	0.0042
ENSG00000146151.14	HMGCLL1	protein_coding	262	135	127	3.1090	0.7710	0.8336
ENSG00000146166.17	LGSN	protein_coding	6	3	3	0.0584	0.0145	0.0157
ENSG00000146192.15	FGD2	protein_coding	420	218	202	2.3429	0.5810	0.6282
ENSG00000146197.9	SCUBE3	protein_coding	166	79	87	1.2040	0.2986	0.3228
ENSG00000146205.14	ANO7	protein_coding	101	49	53	1.0057	0.2494	0.2697
ENSG00000146215.14	CRIP3	protein_coding	15	8	8	0.3427	0.0850	0.0919
ENSG00000146216.13	TTBK1	protein_coding	21	12	10	0.1164	0.0289	0.0312
ENSG00000146221.10	TCTE1	protein_coding	2	0	4	0.0368	0.0091	0.0099
ENSG00000146223.16	RPL7L1	protein_coding	6846	3403	3444	49.7038	12.3260	13.3273
ENSG00000146232.17	NFKBIE	protein_coding	842	421	421	18.5005	4.5879	4.9606
ENSG00000146233.8	CYP39A1	protein_coding	64	34	30	1.1666	0.2893	0.3128
ENSG00000146242.9	TPBG	protein_coding	8270	4175	4122	134.7290	33.4114	36.1253
ENSG00000146243.14	IRAK1BP1	protein_coding	505	425	439	3.8374	0.9516	1.0289
ENSG00000146247.14	PHIP	protein_coding	6151	3323	3217	23.7004	5.8775	6.3549
ENSG00000146250.7	PRSS35	protein_coding	46	21	25	1.0674	0.2647	0.2862
ENSG00000146263.11	MMS22L	protein_coding	811	364	447	2.1104	0.5234	0.5659
ENSG00000146267.12	FAXC	protein_coding	967	487	480	4.6943	1.1641	1.2587
ENSG00000146276.12	GABRR1	protein_coding	26	18	8	0.3906	0.0969	0.1047
ENSG00000146278.11	PNRC1	protein_coding	4008	2032	1976	75.9671	18.8391	20.3693
ENSG00000146281.6	PM20D2	protein_coding	385	187	198	4.6424	1.1513	1.2448
ENSG00000146282.18	RARS2	protein_coding	2474	1182	1293	47.2551	11.7188	12.6707
ENSG00000146285.14	SCML4	protein_coding	42	17	25	0.2627	0.0652	0.0704
ENSG00000146350.14	TBC1D32	protein_coding	361	190	171	2.9618	0.7345	0.7942
ENSG00000146352.13	CLVS2	protein_coding	0	0	0	0.0000	0.0000	0.0000
ENSG00000146360.8	GPR6	protein_coding	0	0	0	0.0000	0.0000	0.0000
ENSG00000146373.16	RNF217	protein_coding	1164	608	568	5.1655	1.2810	1.3851
ENSG00000146374.14	RSPO3	protein_coding	150	95	97	1.7161	0.4256	0.4601
ENSG00000146376.11	ARHGAP18	protein_coding	3642	1861	1781	44.9777	11.1540	12.0600
ENSG00000146378.6	TAAR2	protein_coding	0	0	0	0.0000	0.0000	0.0000
ENSG00000146383.7	TAAR6	protein_coding	0	0	0	0.0000	0.0000	0.0000
ENSG00000146385.1	TAAR8	protein_coding	0	0	0	0.0000	0.0000	0.0000
ENSG00000146386.8	ABRACL	protein_coding	1866	950	916	93.0702	23.0805	24.9552
ENSG00000146399.2	TAAR1	protein_coding	0	0	0	0.0000	0.0000	0.0000
ENSG00000146409.12	SLC18B1	protein_coding	878	453	425	17.5075	4.3417	4.6943
ENSG00000146410.12	MTFR2	protein_coding	150	63	87	3.4720	0.8610	0.9310
ENSG00000146411.6	SLC2A12	protein_coding	73	107	121	0.7430	0.1842	0.1992
ENSG00000146414.16	SHPRH	protein_coding	848	651	697	2.7176	0.6739	0.7287
ENSG00000146416.19	AIG1	protein_coding	4353	2152	2202	29.2799	7.2611	7.8509
ENSG00000146425.11	DYNLT1	protein_coding	4747	2346	2401	91.1623	22.6073	24.4437
ENSG00000146426.18	TIAM2	protein_coding	514	365	342	2.5277	0.6268	0.6777
ENSG00000146433.9	TMEM181	protein_coding	3966	1987	1979	41.7276	10.3480	11.1886
ENSG00000146453.13	PNLDC1	protein_coding	6	3	3	0.1542	0.0383	0.0414
ENSG00000146457.16	WTAP	protein_coding	5840	3354	3356	51.6430	12.8069	13.8472
ENSG00000146463.12	ZMYM4	protein_coding	6292	3310	3200	45.1384	11.1939	12.1031
ENSG00000146469.13	VIP	protein_coding	4	3	2	0.1431	0.0355	0.0384
ENSG00000146476.11	ARMT1	protein_coding	5385	2680	2706	108.3303	26.8648	29.0470
ENSG00000146477.6	SLC22A3	protein_coding	129	60	69	2.2621	0.5610	0.6065
ENSG00000146521.10	LINC01558	lncRNA	131	76	73	2.6723	0.6627	0.7165
ENSG00000146530.14	VWDE	protein_coding	17	6	11	0.1436	0.0356	0.0385
ENSG00000146535.14	GNA12	protein_coding	7133	3598	3537	66.1941	16.4155	17.7489
ENSG00000146540.15	C7orf50	protein_coding	3045	1560	1486	34.8079	8.6320	9.3332
ENSG00000146555.19	SDK1	protein_coding	2192	1087	1140	10.1410	2.5149	2.7191
ENSG00000146556.14	WASH2P	transcribed_unprocessed_pseudogene	90	44	46	1.7255	0.4279	0.4627
ENSG00000146574.16	CCZ1B	protein_coding	442	303	278	3.6154	0.8966	0.9694
ENSG00000146576.13	C7orf26	protein_coding	1592	799	793	33.1433	8.2192	8.8868
ENSG00000146587.18	RBAK	protein_coding	2670	1332	1339	21.7582	5.3958	5.8341
ENSG00000146592.17	CREB5	protein_coding	738	379	359	3.5829	0.8885	0.9607
ENSG00000146618.3	FERD3L	protein_coding	1	0	1	0.0886	0.0220	0.0238
ENSG00000146648.19	EGFR	protein_coding	2064	1030	1082	9.3527	2.3194	2.5078
ENSG00000146666.5	LINC00525	lncRNA	29	19	10	1.3843	0.3433	0.3712
ENSG00000146670.10	CDCA5	protein_coding	768	398	370	11.1646	2.7687	2.9936
ENSG00000146674.15	IGFBP3	protein_coding	22185	11301	10884	275.2375	68.2561	73.8004
ENSG00000146676.10	PURB	protein_coding	7838	3963	3902	48.1470	11.9400	12.9098
ENSG00000146677.7	AC004453.1	processed_pseudogene	37	13	24	5.1428	1.2754	1.3790
ENSG00000146678.10	IGFBP1	protein_coding	3	1	2	0.1036	0.0257	0.0278
ENSG00000146700.9	SSC4D	protein_coding	90	65	82	1.8093	0.4487	0.4851
ENSG00000146701.12	MDH2	protein_coding	9138	4672	4467	142.3279	35.2959	38.1628
ENSG00000146707.14	POMZP3	protein_coding	359	338	335	10.9398	2.7129	2.9333
ENSG00000146722.11	AC211486.1	transcribed_unprocessed_pseudogene	1	3	9	0.0505	0.0125	0.0136
ENSG00000146729.10	NIPSNAP2	protein_coding	3748	1852	1896	37.6126	9.3276	10.0852
ENSG00000146731.11	CCT6A	protein_coding	10829	5505	5325	159.6756	39.5979	42.8144
ENSG00000146733.14	PSPH	protein_coding	695	393	303	14.2699	3.5388	3.8262
ENSG00000146755.11	TRIM50	protein_coding	4	3	1	0.0910	0.0226	0.0244
ENSG00000146757.14	ZNF92	protein_coding	6502	3260	3246	104.9611	26.0293	28.1436
ENSG00000146776.14	ATXN7L1	protein_coding	417	214	203	2.8509	0.7070	0.7644
ENSG00000146802.13	TMEM168	protein_coding	1503	764	740	10.8843	2.6992	2.9184
ENSG00000146809.13	ASB15	protein_coding	1	0	1	0.0115	0.0029	0.0031
ENSG00000146826.17	MAP11	protein_coding	731	451	469	12.7046	3.1506	3.4065
ENSG00000146828.18	SLC12A9	protein_coding	1676	987	927	10.6781	2.6481	2.8632
ENSG00000146830.11	GIGYF1	protein_coding	3609	1812	1801	28.9978	7.1912	7.7753
ENSG00000146833.16	TRIM4	protein_coding	3903	1985	1921	45.8069	11.3597	12.2824
ENSG00000146834.14	MEPCE	protein_coding	3672	1806	1926	64.8316	16.0776	17.3835
ENSG00000146839.19	ZAN	protein_coding	11	6	6	0.0703	0.0174	0.0189
ENSG00000146842.17	TMEM209	protein_coding	2310	1392	1441	28.0574	6.9580	7.5231
ENSG00000146856.14	AGBL3	protein_coding	85	48	39	0.6597	0.1636	0.1769
ENSG00000146857.4	STRA8	protein_coding	2	1	3	0.0892	0.0221	0.0239
ENSG00000146858.8	ZC3HAV1L	protein_coding	406	205	201	13.0375	3.2332	3.4958
ENSG00000146859.6	TMEM140	protein_coding	2113	1659	1694	51.8064	12.8475	13.8910
ENSG00000146872.18	TLK2	protein_coding	3153	1559	1594	20.4047	5.0602	5.4712
ENSG00000146904.9	EPHA1	protein_coding	1002	1641	1515	12.0978	3.0001	3.2438
ENSG00000146909.8	NOM1	protein_coding	1719	881	838	12.5092	3.1022	3.3541
ENSG00000146910.12	CNPY1	protein_coding	0	0	0	0.0000	0.0000	0.0000
ENSG00000146918.20	NCAPG2	protein_coding	2390	1146	1244	19.0763	4.7307	5.1150
ENSG00000146926.11	ASB10	protein_coding	0	0	0	0.0000	0.0000	0.0000
ENSG00000146938.16	NLGN4X	protein_coding	223	115	108	1.7000	0.4216	0.4558
ENSG00000146950.13	SHROOM2	protein_coding	1763	926	838	12.1659	3.0170	3.2621
ENSG00000146955.11	RAB19	protein_coding	210	116	102	4.4010	1.0914	1.1801
ENSG00000146963.18	LUC7L2	protein_coding	2010	1026	995	18.0473	4.4756	4.8391
ENSG00000146966.13	DENND2A	protein_coding	323	363	390	3.5396	0.8778	0.9491
ENSG00000147003.7	CLTRN	protein_coding	36	20	18	1.1450	0.2840	0.3070
ENSG00000147010.18	SH3KBP1	protein_coding	2781	1349	1432	27.2997	6.7701	7.3200
ENSG00000147027.4	TMEM47	protein_coding	3308	1672	1636	46.4348	11.5154	12.4507
ENSG00000147036.12	LANCL3	protein_coding	12	7	5	0.0661	0.0164	0.0177
ENSG00000147041.12	SYTL5	protein_coding	1395	726	669	16.4129	4.0702	4.4009
ENSG00000147044.22	CASK	protein_coding	18413	10230	10241	52.8682	13.1108	14.1757
ENSG00000147050.16	KDM6A	protein_coding	3524	1775	1749	8.3681	2.0752	2.2438
ENSG00000147059.8	SPIN2A	protein_coding	13	8	5	0.2552	0.0633	0.0684
ENSG00000147065.17	MSN	protein_coding	24899	12239	12660	235.8479	58.4879	63.2387
ENSG00000147081.15	AKAP4	protein_coding	1	1	0	0.0187	0.0046	0.0050
ENSG00000147082.18	CCNB3	protein_coding	41	18	23	0.4296	0.1065	0.1152
ENSG00000147099.21	HDAC8	protein_coding	514	261	253	1.2735	0.3158	0.3415
ENSG00000147100.11	SLC16A2	protein_coding	4893	2432	2461	64.6510	16.0328	17.3351
ENSG00000147113.17	DIPK2B	protein_coding	1092	564	528	9.2140	2.2850	2.4706
ENSG00000147117.8	ZNF157	protein_coding	24	14	11	0.5410	0.1342	0.1450
ENSG00000147118.12	ZNF182	protein_coding	862	438	424	13.5864	3.3693	3.6430
ENSG00000147119.4	CHST7	protein_coding	236	118	118	5.5858	1.3852	1.4977
ENSG00000147121.16	KRBOX4	protein_coding	573	294	280	8.8181	2.1868	2.3644
ENSG00000147123.11	NDUFB11	protein_coding	3195	1521	1679	190.3239	47.1984	51.0322
ENSG00000147124.12	ZNF41	protein_coding	971	495	476	11.5103	2.8544	3.0863
ENSG00000147127.8	RAB41	protein_coding	74	40	38	3.1224	0.7743	0.8372
ENSG00000147130.14	ZMYM3	protein_coding	2367	1147	1225	19.4090	4.8132	5.2042
ENSG00000147133.16	TAF1	protein_coding	5438	2772	2669	28.4623	7.0584	7.6317
ENSG00000147138.3	GPR174	protein_coding	65	40	25	0.6709	0.1664	0.1799
ENSG00000147140.17	NONO	protein_coding	25006	12767	12244	126.3669	31.3377	33.8832
ENSG00000147144.13	CCDC120	protein_coding	970	460	510	10.3439	2.5652	2.7735
ENSG00000147145.12	LPAR4	protein_coding	57	32	25	1.0384	0.2575	0.2784
ENSG00000147155.11	EBP	protein_coding	585	289	296	18.7643	4.6534	5.0313
ENSG00000147160.9	AWAT2	protein_coding	1	0	1	0.0231	0.0057	0.0062
ENSG00000147162.14	OGT	protein_coding	9555	4793	4774	55.3713	13.7315	14.8469
ENSG00000147164.12	SNX12	protein_coding	4296	2181	2116	93.8829	23.2820	25.1731
ENSG00000147166.11	ITGB1BP2	protein_coding	23	15	8	0.5969	0.1480	0.1601
ENSG00000147168.13	IL2RG	protein_coding	191	76	115	3.9245	0.9732	1.0523
ENSG00000147174.11	GCNA	protein_coding	47	24	23	0.7361	0.1825	0.1974
ENSG00000147180.17	ZNF711	protein_coding	120	61	59	1.3489	0.3345	0.3617
ENSG00000147183.10	CPXCR1	protein_coding	0	0	0	0.0000	0.0000	0.0000
ENSG00000147202.18	DIAPH2	protein_coding	3433	1765	1879	20.3859	5.0555	5.4661
ENSG00000147206.17	NXF3	protein_coding	33	11	22	0.5281	0.1310	0.1416
ENSG00000147223.6	RIPPLY1	protein_coding	1	0	1	0.0474	0.0118	0.0127
ENSG00000147224.13	PRPS1	protein_coding	2646	1283	1363	44.2639	10.9770	11.8686
ENSG00000147231.14	RADX	protein_coding	61	29	32	0.7133	0.1769	0.1912
ENSG00000147234.10	FRMPD3	protein_coding	3	2	1	0.0186	0.0046	0.0050
ENSG00000147246.10	HTR2C	protein_coding	2	1	1	0.0234	0.0058	0.0063
ENSG00000147251.15	DOCK11	protein_coding	1802	879	923	15.2048	3.7706	4.0769
ENSG00000147255.19	IGSF1	protein_coding	53	31	22	0.3969	0.0984	0.1064
ENSG00000147256.12	ARHGAP36	protein_coding	0	0	0	0.0000	0.0000	0.0000
ENSG00000147257.15	GPC3	protein_coding	5394	2619	2775	106.5831	26.4315	28.5785
ENSG00000147262.4	GPR119	protein_coding	0	0	0	0.0000	0.0000	0.0000
ENSG00000147274.14	RBMX	protein_coding	11741	5762	6009	113.1982	28.0720	30.3522
ENSG00000147316.13	MCPH1	protein_coding	911	517	566	5.2852	1.3107	1.4171
ENSG00000147324.11	MFHAS1	protein_coding	1409	738	671	11.6343	2.8852	3.1195
ENSG00000147364.17	FBXO25	protein_coding	1508	864	794	7.4767	1.8541	2.0048
ENSG00000147378.11	FATE1	protein_coding	7	2	5	0.3703	0.0918	0.0993
ENSG00000147381.11	MAGEA4	protein_coding	0	0	0	0.0000	0.0000	0.0000
ENSG00000147383.11	NSDHL	protein_coding	1399	707	692	39.7481	9.8571	10.6578
ENSG00000147394.18	ZNF185	protein_coding	856	405	451	10.0881	2.5017	2.7049
ENSG00000147400.10	CETN2	protein_coding	4717	2361	2356	141.7599	35.1550	38.0106
ENSG00000147403.18	RPL10	protein_coding	53352	34889	34727	657.4512	163.0413	176.2846
ENSG00000147408.14	CSGALNACT1	protein_coding	375	193	182	3.2320	0.8015	0.8666
ENSG00000147416.11	ATP6V1B2	protein_coding	7352	3640	3712	53.4734	13.2609	14.3380
ENSG00000147419.19	CCDC25	protein_coding	1749	969	979	22.4911	5.5776	6.0306
ENSG00000147421.18	HMBOX1	protein_coding	414	191	223	3.5396	0.8778	0.9491
ENSG00000147432.7	CHRNB3	protein_coding	0	0	0	0.0000	0.0000	0.0000
ENSG00000147434.9	CHRNA6	protein_coding	190	93	97	4.1506	1.0293	1.1129
ENSG00000147437.10	GNRH1	protein_coding	35	16	19	1.1252	0.2790	0.3017
ENSG00000147439.13	BIN3	protein_coding	410	423	418	4.5770	1.1350	1.2272
ENSG00000147443.13	DOK2	protein_coding	344	175	169	9.5582	2.3703	2.5629
ENSG00000147454.14	SLC25A37	protein_coding	1054	523	531	7.4753	1.8538	2.0044
ENSG00000147457.14	CHMP7	protein_coding	2154	1035	1120	26.0011	6.4480	6.9718
ENSG00000147459.18	DOCK5	protein_coding	1951	984	967	6.9198	1.7160	1.8554
ENSG00000147465.12	STAR	protein_coding	19	14	15	0.2425	0.0601	0.0650
ENSG00000147471.12	PLPBP	protein_coding	5412	2722	2690	89.5577	22.2094	24.0134
ENSG00000147475.17	ERLIN2	protein_coding	10347	5240	5347	67.1678	16.6569	18.0099
ENSG00000147481.17	SNTG1	protein_coding	58	32	26	0.3103	0.0770	0.0832
ENSG00000147485.13	PXDNL	protein_coding	316	177	182	3.4206	0.8483	0.9172
ENSG00000147488.11	ST18	protein_coding	4	1	3	0.0158	0.0039	0.0042
ENSG00000147509.14	RGS20	protein_coding	18	10	8	0.3185	0.0790	0.0854
ENSG00000147526.20	TACC1	protein_coding	6118	2999	3121	27.5862	6.8411	7.3968
ENSG00000147533.17	GOLGA7	protein_coding	1138	2870	2801	26.0857	6.4690	6.9944
ENSG00000147535.17	PLPP5	protein_coding	2570	1278	1296	35.5301	8.8111	9.5268
ENSG00000147536.12	GINS4	protein_coding	479	404	410	4.9870	1.2367	1.3372
ENSG00000147548.17	NSD3	protein_coding	8138	4608	4633	30.2726	7.5073	8.1171
ENSG00000147570.10	DNAJC5B	protein_coding	5	4	1	0.0774	0.0192	0.0208
ENSG00000147571.5	CRH	protein_coding	0	0	0	0.0000	0.0000	0.0000
ENSG00000147573.17	TRIM55	protein_coding	4	0	4	0.0737	0.0183	0.0198
ENSG00000147576.17	ADHFE1	protein_coding	49	20	29	0.8226	0.2040	0.2206
ENSG00000147586.10	MRPS28	protein_coding	337	169	168	10.5180	2.6084	2.8202
ENSG00000147588.7	PMP2	protein_coding	0	0	0	0.0000	0.0000	0.0000
ENSG00000147592.9	LACTB2	protein_coding	935	710	758	27.4450	6.8061	7.3589
ENSG00000147596.4	PRDM14	protein_coding	0	0	0	0.0000	0.0000	0.0000
ENSG00000147601.15	TERF1	protein_coding	3023	1476	1547	10.9152	2.7069	2.9267
ENSG00000147604.14	RPL7	protein_coding	54640	27341	27299	1147.6418	284.6036	307.7211
ENSG00000147606.9	SLC26A7	protein_coding	61	31	30	0.5529	0.1371	0.1482
ENSG00000147613.8	PSKH2	protein_coding	16	8	9	0.3132	0.0777	0.0840
ENSG00000147614.4	ATP6V0D2	protein_coding	317	217	243	6.1146	1.5164	1.6395
ENSG00000147642.17	SYBU	protein_coding	5936	2962	2975	47.8916	11.8766	12.8413
ENSG00000147647.13	DPYS	protein_coding	0	0	0	0.0000	0.0000	0.0000
ENSG00000147649.10	MTDH	protein_coding	22446	11374	11072	161.6191	40.0799	43.3355
ENSG00000147650.11	LRP12	protein_coding	2002	1018	984	11.6123	2.8797	3.1136
ENSG00000147654.15	EBAG9	protein_coding	3791	1894	1897	58.4046	14.4838	15.6602
ENSG00000147655.12	RSPO2	protein_coding	2	2	0	0.0260	0.0065	0.0070
ENSG00000147669.11	POLR2K	protein_coding	6077	3073	3004	205.9931	51.0842	55.2336
ENSG00000147676.14	MAL2	protein_coding	34422	23590	22989	567.7925	140.8068	152.2441
ENSG00000147677.11	EIF3H	protein_coding	35288	17759	17905	311.0323	77.1329	83.3981
ENSG00000147679.12	UTP23	protein_coding	5334	5842	5556	57.6833	14.3049	15.4668
ENSG00000147684.10	NDUFB9	protein_coding	7440	6702	6634	25.4308	6.3066	6.8188
ENSG00000147687.19	TATDN1	protein_coding	2083	2631	2599	24.7231	6.1311	6.6291
ENSG00000147689.16	FAM83A	protein_coding	739	395	366	6.6343	1.6452	1.7789
ENSG00000147697.9	GSDMC	protein_coding	504	244	260	10.7048	2.6547	2.8703
ENSG00000147724.12	FAM135B	protein_coding	475	239	236	1.9153	0.4750	0.5136
ENSG00000147753.9	TTTY7	lncRNA	0	0	0	0.0000	0.0000	0.0000
ENSG00000147761.8	TTTY7B	lncRNA	0	0	0	0.0000	0.0000	0.0000
ENSG00000147789.15	ZNF7	protein_coding	2014	1324	1290	11.0930	2.7510	2.9744
ENSG00000147799.11	ARHGAP39	protein_coding	1432	709	723	16.6139	4.1201	4.4547
ENSG00000147804.10	SLC39A4	protein_coding	1505	711	800	17.1314	4.2484	4.5935
ENSG00000147813.16	NAPRT	protein_coding	603	692	654	12.0536	2.9892	3.2320
ENSG00000147852.16	VLDLR	protein_coding	1848	1487	1456	11.1620	2.7681	2.9929
ENSG00000147853.17	AK3	protein_coding	3771	1924	1850	48.6583	12.0668	13.0469
ENSG00000147854.17	UHRF2	protein_coding	2725	1387	1338	15.5797	3.8636	4.1774
ENSG00000147862.17	NFIB	protein_coding	2302	1138	1164	10.2269	2.5362	2.7422
ENSG00000147869.5	CER1	protein_coding	0	0	0	0.0000	0.0000	0.0000
ENSG00000147872.10	PLIN2	protein_coding	11079	5572	5507	125.3821	31.0935	33.6191
ENSG00000147873.5	IFNA5	protein_coding	0	0	0	0.0000	0.0000	0.0000
ENSG00000147874.11	HAUS6	protein_coding	2031	1012	1021	14.9214	3.7003	4.0009
ENSG00000147883.12	CDKN2B	protein_coding	2698	1340	1358	38.2509	9.4858	10.2563
ENSG00000147885.4	IFNA16	protein_coding	0	0	0	0.0000	0.0000	0.0000
ENSG00000147889.18	CDKN2A	protein_coding	418	237	213	6.1016	1.5131	1.6360
ENSG00000147894.17	C9orf72	protein_coding	960	511	458	7.7607	1.9246	2.0809
ENSG00000147896.3	IFNK	protein_coding	0	0	0	0.0000	0.0000	0.0000
ENSG00000147905.18	ZCCHC7	protein_coding	1826	915	911	26.1694	6.4898	7.0169
ENSG00000147912.13	FBXO10	protein_coding	305	143	162	2.8694	0.7116	0.7694
ENSG00000147955.17	SIGMAR1	protein_coding	3680	1811	1869	95.0331	23.5673	25.4815
ENSG00000147996.16	CBWD5	protein_coding	304	172	134	1.3566	0.3364	0.3638
ENSG00000148019.14	CEP78	protein_coding	2075	1051	1024	8.1974	2.0329	2.1980
ENSG00000148053.17	NTRK2	protein_coding	2224	1108	1116	6.1986	1.5372	1.6621
ENSG00000148057.16	IDNK	protein_coding	260	123	137	8.1282	2.0157	2.1794
ENSG00000148082.10	SHC3	protein_coding	321	160	161	1.8240	0.4523	0.4891
ENSG00000148090.12	AUH	protein_coding	890	436	454	22.3031	5.5309	5.9802
ENSG00000148110.16	MFSD14B	protein_coding	5581	2793	2788	77.1007	19.1202	20.6733
ENSG00000148120.17	AOPEP	protein_coding	2101	1087	1028	11.0527	2.7409	2.9636
ENSG00000148123.15	PLPPR1	protein_coding	0	0	0	0.0000	0.0000	0.0000
ENSG00000148136.5	OR13C4	protein_coding	0	0	0	0.0000	0.0000	0.0000
ENSG00000148143.13	ZNF462	protein_coding	891	457	434	4.1451	1.0279	1.1114
ENSG00000148153.14	INIP	protein_coding	2474	1195	1279	32.3571	8.0242	8.6760
ENSG00000148154.10	UGCG	protein_coding	30688	15600	15089	381.0632	94.4998	102.1758
ENSG00000148156.8	ACTL7B	protein_coding	1	0	1	0.0405	0.0101	0.0109
ENSG00000148158.17	SNX30	protein_coding	3031	1546	1493	14.7467	3.6570	3.9541
ENSG00000148175.13	STOM	protein_coding	72221	36308	35916	1280.2910	317.4992	343.2887
ENSG00000148180.21	GSN	protein_coding	24662	13186	12730	126.9360	31.4789	34.0358
ENSG00000148187.18	MRRF	protein_coding	2148	1191	1153	11.0388	2.7375	2.9599
ENSG00000148200.17	NR6A1	protein_coding	309	154	155	2.4594	0.6099	0.6595
ENSG00000148204.12	CRB2	protein_coding	1	130	126	0.0089	0.0022	0.0024
ENSG00000148215.4	OR5C1	protein_coding	1	1	0	0.0589	0.0146	0.0158
ENSG00000148218.16	ALAD	protein_coding	3749	1853	1896	42.9941	10.6621	11.5281
ENSG00000148219.17	ASTN2	protein_coding	970	484	486	6.6355	1.6455	1.7792
ENSG00000148225.16	WDR31	protein_coding	1201	619	582	13.8067	3.4239	3.7020
ENSG00000148229.13	POLE3	protein_coding	4461	2412	2396	97.0400	24.0649	26.0197
ENSG00000148248.14	SURF4	protein_coding	19550	9861	9690	321.8229	79.8088	86.2915
ENSG00000148288.13	GBGT1	protein_coding	240	118	123	3.3857	0.8396	0.9078
ENSG00000148290.10	SURF1	protein_coding	3731	1900	1885	120.3555	29.8469	32.2713
ENSG00000148291.10	SURF2	protein_coding	565	305	313	32.0732	7.9538	8.5999
ENSG00000148296.7	SURF6	protein_coding	1878	943	936	24.1281	5.9835	6.4695
ENSG00000148297.16	MED22	protein_coding	2586	1296	1296	20.2698	5.0267	5.4350
ENSG00000148300.12	REXO4	protein_coding	1672	818	877	35.7269	8.8599	9.5796
ENSG00000148303.17	RPL7A	protein_coding	46670	23270	23401	1182.5981	293.2724	317.0940
ENSG00000148308.18	GTF3C5	protein_coding	2417	1181	1236	38.1592	9.4631	10.2318
ENSG00000148331.12	ASB6	protein_coding	1388	1295	1240	17.0302	4.2233	4.5664
ENSG00000148334.16	PTGES2	protein_coding	2006	1012	994	18.6983	4.6370	5.0136
ENSG00000148335.15	NTMT1	protein_coding	794	932	890	14.8459	3.6816	3.9807
ENSG00000148337.21	CIZ1	protein_coding	4949	2441	2604	32.2966	8.0092	8.6598
ENSG00000148339.12	SLC25A25	protein_coding	1794	1162	1047	20.6114	5.1114	5.5266
ENSG00000148341.18	SH3GLB2	protein_coding	5530	2779	2771	45.8355	11.3667	12.2900
ENSG00000148343.18	MIGA2	protein_coding	841	437	404	7.5679	1.8768	2.0292
ENSG00000148344.11	PTGES	protein_coding	1840	937	904	55.1805	13.6842	14.7957
ENSG00000148346.12	LCN2	protein_coding	50	27	23	1.7766	0.4406	0.4764
ENSG00000148356.14	LRSAM1	protein_coding	2074	1032	1042	11.9202	2.9561	3.1962
ENSG00000148357.16	HMCN2	protein_coding	232	126	107	0.6461	0.1602	0.1732
ENSG00000148358.20	GPR107	protein_coding	12005	6168	5837	74.4943	18.4738	19.9744
ENSG00000148362.11	PAXX	protein_coding	775	418	357	32.2452	7.9965	8.6460
ENSG00000148377.6	IDI2	protein_coding	1	141	132	0.0418	0.0104	0.0112
ENSG00000148384.14	INPP5E	protein_coding	719	303	416	5.9551	1.4768	1.5968
ENSG00000148386.9	LCN9	protein_coding	0	0	0	0.0000	0.0000	0.0000
ENSG00000148396.18	SEC16A	protein_coding	11995	6044	5958	68.1941	16.9114	18.2851
ENSG00000148399.13	DPH7	protein_coding	698	366	332	8.0373	1.9932	2.1551
ENSG00000148400.12	NOTCH1	protein_coding	3101	1521	1580	16.5295	4.0992	4.4321
ENSG00000148408.13	CACNA1B	protein_coding	5	2	3	0.0286	0.0071	0.0077
ENSG00000148411.8	NACC2	protein_coding	1417	728	689	11.1361	2.7616	2.9860
ENSG00000148426.13	PROSER2	protein_coding	811	430	427	12.5558	3.1137	3.3666
ENSG00000148429.14	USP6NL	protein_coding	1942	978	986	7.7546	1.9231	2.0793
ENSG00000148444.16	COMMD3	protein_coding	1215	649	566	23.7350	5.8860	6.3641
ENSG00000148450.13	MSRB2	protein_coding	1599	795	804	45.8207	11.3631	12.2861
ENSG00000148459.16	PDSS1	protein_coding	238	156	150	7.0554	1.7497	1.8918
ENSG00000148468.17	FAM171A1	protein_coding	585	307	278	7.9329	1.9673	2.1271
ENSG00000148481.14	MINDY3	protein_coding	1147	561	586	15.9388	3.9527	4.2737
ENSG00000148482.12	SLC39A12	protein_coding	0	0	0	0.0000	0.0000	0.0000
ENSG00000148483.9	TMEM236	protein_coding	30	21	9	0.3085	0.0765	0.0827
ENSG00000148484.18	RSU1	protein_coding	7054	3462	3592	96.9540	24.0436	25.9966
ENSG00000148488.17	ST8SIA6	protein_coding	68	37	31	0.5460	0.1354	0.1464
ENSG00000148498.16	PARD3	protein_coding	9724	4789	4936	84.6688	20.9970	22.7025
ENSG00000148513.18	ANKRD30A	protein_coding	4948	2399	2549	55.2582	13.7035	14.8166
ENSG00000148516.22	ZEB1	protein_coding	4957	2455	2531	32.4984	8.0593	8.7139
ENSG00000148541.13	FAM13C	protein_coding	76	77	74	0.6383	0.1583	0.1712
ENSG00000148572.16	NRBF2	protein_coding	1874	938	936	55.9045	13.8638	14.9899
ENSG00000148584.15	A1CF	protein_coding	0	0	0	0.0000	0.0000	0.0000
ENSG00000148600.15	CDHR1	protein_coding	7	4	3	0.0514	0.0127	0.0138
ENSG00000148602.6	LRIT1	protein_coding	0	0	0	0.0000	0.0000	0.0000
ENSG00000148604.15	RGR	protein_coding	1	1	0	0.0115	0.0028	0.0031
ENSG00000148606.13	POLR3A	protein_coding	3472	1724	1748	22.1556	5.4944	5.9407
ENSG00000148634.16	HERC4	protein_coding	4040	2077	1963	14.5005	3.5960	3.8881
ENSG00000148655.15	LRMDA	protein_coding	212	105	108	1.8815	0.4666	0.5045
ENSG00000148660.20	CAMK2G	protein_coding	1932	1141	1056	16.1598	4.0075	4.3330
ENSG00000148671.14	ADIRF	protein_coding	0	3603	3557	0.0000	0.0000	0.0000
ENSG00000148672.9	GLUD1	protein_coding	18189	9534	9438	272.8830	67.6722	73.1690
ENSG00000148677.7	ANKRD1	protein_coding	9	3	6	0.2851	0.0707	0.0765
ENSG00000148680.16	HTR7	protein_coding	82	33	49	1.3393	0.3321	0.3591
ENSG00000148688.14	RPP30	protein_coding	1686	877	809	21.6417	5.3669	5.8029
ENSG00000148690.12	FRA10AC1	protein_coding	3008	1498	1510	20.8997	5.1829	5.6039
ENSG00000148700.15	ADD3	protein_coding	3769	1904	1922	32.6869	8.1060	8.7645
ENSG00000148702.15	HABP2	protein_coding	0	0	0	0.0000	0.0000	0.0000
ENSG00000148704.13	VAX1	protein_coding	1	1	0	0.0098	0.0024	0.0026
ENSG00000148719.15	DNAJB12	protein_coding	4023	1968	2055	40.9742	10.1612	10.9865
ENSG00000148730.7	EIF4EBP2	protein_coding	13646	7015	6631	103.3059	25.6188	27.6998
ENSG00000148734.8	NPFFR1	protein_coding	5	3	2	0.0307	0.0076	0.0082
ENSG00000148735.15	PLEKHS1	protein_coding	610	301	309	6.1840	1.5336	1.6581
ENSG00000148737.17	TCF7L2	protein_coding	1135	609	604	9.5512	2.3686	2.5610
ENSG00000148773.14	MKI67	protein_coding	6039	2906	3133	26.6619	6.6119	7.1489
ENSG00000148795.7	CYP17A1	protein_coding	9	41	50	0.1508	0.0374	0.0404
ENSG00000148798.11	INA	protein_coding	1	0	1	0.0174	0.0043	0.0047
ENSG00000148803.12	FUOM	protein_coding	393	182	211	17.5488	4.3519	4.7054
ENSG00000148814.18	LRRC27	protein_coding	1060	549	511	5.2272	1.2963	1.4016
ENSG00000148824.19	MTG1	protein_coding	116	168	159	1.2393	0.3073	0.3323
ENSG00000148826.9	NKX6-2	protein_coding	0	143	139	0.0000	0.0000	0.0000
ENSG00000148832.16	PAOX	protein_coding	26	13	13	0.6553	0.1625	0.1757
ENSG00000148834.13	GSTO1	protein_coding	5876	2899	2977	197.0596	48.8688	52.8383
ENSG00000148835.11	TAF5	protein_coding	341	289	300	5.9338	1.4715	1.5910
ENSG00000148840.11	PPRC1	protein_coding	4360	2142	2218	40.5536	10.0569	10.8738
ENSG00000148841.17	ITPRIP	protein_coding	2070	1156	1293	16.0896	3.9901	4.3142
ENSG00000148842.18	CNNM2	protein_coding	1047	1638	1671	3.6373	0.9020	0.9753
ENSG00000148843.15	PDCD11	protein_coding	4291	2153	2138	31.7183	7.8658	8.5047
ENSG00000148848.14	ADAM12	protein_coding	17640	8857	8785	101.4568	25.1603	27.2039
ENSG00000148908.15	RGS10	protein_coding	1871	927	944	83.2844	20.6537	22.3313
ENSG00000148925.11	BTBD10	protein_coding	2645	1290	1356	43.0040	10.6646	11.5308
ENSG00000148926.10	ADM	protein_coding	992	503	490	24.1963	6.0004	6.4878
ENSG00000148935.11	GAS2	protein_coding	60	107	93	0.8002	0.1985	0.2146
ENSG00000148942.15	SLC5A12	protein_coding	67	30	37	0.5019	0.1245	0.1346
ENSG00000148943.12	LIN7C	protein_coding	2566	1340	1226	30.0532	7.4529	8.0583
ENSG00000148948.8	LRRC4C	protein_coding	664	344	320	7.0305	1.7435	1.8851
ENSG00000148950.11	IMMP1L	protein_coding	296	442	405	4.3030	1.0671	1.1538
ENSG00000148965.10	SAA4	protein_coding	1	0	1	0.0900	0.0223	0.0241
ENSG00000148985.20	PGAP2	protein_coding	1779	896	883	27.2594	6.7601	7.3092
ENSG00000149016.16	TUT1	protein_coding	392	186	206	6.2762	1.5564	1.6829
ENSG00000149021.7	SCGB1A1	protein_coding	2	2	2	0.1942	0.0482	0.0521
ENSG00000149043.16	SYT8	protein_coding	27	12	15	0.3255	0.0807	0.0873
ENSG00000149050.10	ZNF214	protein_coding	273	218	213	3.0004	0.7441	0.8045
ENSG00000149054.16	ZNF215	protein_coding	50	117	102	0.4751	0.1178	0.1274
ENSG00000149084.13	HSD17B12	protein_coding	3365	2891	3068	24.7316	6.1332	6.6314
ENSG00000149089.13	APIP	protein_coding	1008	604	593	10.9572	2.7173	2.9380
ENSG00000149090.12	PAMR1	protein_coding	233	118	115	3.4205	0.8483	0.9172
ENSG00000149091.15	DGKZ	protein_coding	2505	1275	1230	13.1694	3.2659	3.5312
ENSG00000149100.13	EIF3M	protein_coding	8058	5212	5197	61.5032	15.2522	16.4911
ENSG00000149115.14	TNKS1BP1	protein_coding	7991	4079	3913	63.3892	15.7199	16.9968
ENSG00000149124.11	GLYAT	protein_coding	1	0	1	0.0182	0.0045	0.0049
ENSG00000149131.17	SERPING1	protein_coding	41186	20648	20540	323.0061	80.1022	86.6087
ENSG00000149133.1	OR5F1	protein_coding	0	0	0	0.0000	0.0000	0.0000
ENSG00000149136.9	SSRP1	protein_coding	6323	3630	3757	56.5847	14.0324	15.1722
ENSG00000149150.9	SLC43A1	protein_coding	757	377	380	12.1751	3.0193	3.2646
ENSG00000149177.13	PTPRJ	protein_coding	5547	2842	2705	32.6996	8.1092	8.7679
ENSG00000149179.14	C11orf49	protein_coding	2109	1232	1172	17.8696	4.4315	4.7914
ENSG00000149182.15	ARFGAP2	protein_coding	6719	3548	3466	64.3857	15.9670	17.2639
ENSG00000149187.18	CELF1	protein_coding	10118	5056	5070	54.8978	13.6141	14.7199
ENSG00000149196.16	HIKESHI	protein_coding	1374	730	644	22.6972	5.6287	6.0859
ENSG00000149201.10	CCDC81	protein_coding	27	14	13	0.3370	0.0836	0.0904
ENSG00000149212.12	SESN3	protein_coding	2201	1139	1063	11.7998	2.9262	3.1639
ENSG00000149218.5	ENDOD1	protein_coding	7540	3762	3778	91.9358	22.7991	24.6510
ENSG00000149231.15	CCDC82	protein_coding	942	444	498	3.0856	0.7652	0.8273
ENSG00000149243.16	KLHL35	protein_coding	264	136	128	2.8775	0.7136	0.7715
ENSG00000149256.16	TENM4	protein_coding	2188	1127	1061	7.5595	1.8747	2.0270
ENSG00000149257.16	SERPINH1	protein_coding	26948	13361	13587	243.3084	60.3380	65.2391
ENSG00000149260.18	CAPN5	protein_coding	571	293	278	5.2764	1.3085	1.4148
ENSG00000149262.17	INTS4	protein_coding	1838	925	948	17.1803	4.2605	4.6066
ENSG00000149269.10	PAK1	protein_coding	6882	3608	3392	64.8195	16.0746	17.3803
ENSG00000149273.15	RPS3	protein_coding	53924	27053	26874	521.9369	129.4351	139.9487
ENSG00000149289.11	ZC3H12C	protein_coding	496	251	245	2.9034	0.7200	0.7785
ENSG00000149292.17	TTC12	protein_coding	998	513	485	10.7865	2.6749	2.8922
ENSG00000149294.17	NCAM1	protein_coding	1124	617	641	5.0045	1.2411	1.3419
ENSG00000149295.14	DRD2	protein_coding	26	13	13	0.3581	0.0888	0.0960
ENSG00000149300.10	C11orf52	protein_coding	2	0	2	0.0630	0.0156	0.0169
ENSG00000149305.7	HTR3B	protein_coding	0	0	0	0.0000	0.0000	0.0000
ENSG00000149308.17	NPAT	protein_coding	1765	890	875	13.2926	3.2964	3.5642
ENSG00000149311.19	ATM	protein_coding	3490	1857	1743	8.3527	2.0714	2.2396
ENSG00000149313.11	AASDHPPT	protein_coding	2183	1301	1374	20.6227	5.1142	5.5296
ENSG00000149328.15	GLB1L2	protein_coding	201	111	90	1.5658	0.3883	0.4198
ENSG00000149346.15	SLX4IP	protein_coding	2307	1171	1136	20.1711	5.0022	5.4086
ENSG00000149357.10	LAMTOR1	protein_coding	4101	2034	2068	86.5207	21.4563	23.1991
ENSG00000149380.12	P4HA3	protein_coding	1471	1311	1217	20.9074	5.1848	5.6060
ENSG00000149403.13	GRIK4	protein_coding	31	13	18	0.2352	0.0583	0.0631
ENSG00000149418.11	ST14	protein_coding	3563	1769	1794	49.0908	12.1740	13.1629
ENSG00000149428.19	HYOU1	protein_coding	6770	4215	4301	49.7121	12.3281	13.3295
ENSG00000149435.12	GGTLC1	protein_coding	0	0	0	0.0000	0.0000	0.0000
ENSG00000149443.7	SCP2D1-AS1	lncRNA	2	2	0	0.1537	0.0381	0.0412
ENSG00000149451.18	ADAM33	protein_coding	580	291	289	5.6379	1.3982	1.5117
ENSG00000149452.16	SLC22A8	protein_coding	0	0	0	0.0000	0.0000	0.0000
ENSG00000149474.14	KAT14	protein_coding	3142	1572	1570	35.5087	8.8058	9.5211
ENSG00000149476.16	TKFC	protein_coding	2963	2036	2165	20.6783	5.1280	5.5445
ENSG00000149480.7	MTA2	protein_coding	4294	2129	2166	57.1492	14.1724	15.3236
ENSG00000149483.12	TMEM138	protein_coding	1751	875	881	16.5361	4.1008	4.4339
ENSG00000149485.19	FADS1	protein_coding	7339	3920	3885	40.6917	10.0911	10.9108
ENSG00000149488.13	TMC2	protein_coding	17	9	8	0.1863	0.0462	0.0499
ENSG00000149489.9	ROM1	protein_coding	161	100	89	4.6183	1.1453	1.2383
ENSG00000149499.12	EML3	protein_coding	1820	1035	948	18.7658	4.6537	5.0317
ENSG00000149503.13	INCENP	protein_coding	1731	841	892	22.0397	5.4656	5.9096
ENSG00000149506.11	ZP1	protein_coding	19	6	13	0.4423	0.1097	0.1186
ENSG00000149507.7	OOSP2	protein_coding	0	0	0	0.0000	0.0000	0.0000
ENSG00000149516.14	MS4A3	protein_coding	1	1	0	0.0272	0.0068	0.0073
ENSG00000149527.18	PLCH2	protein_coding	38	23	16	0.1994	0.0494	0.0535
ENSG00000149531.15	FRG1BP	unprocessed_pseudogene	1428	740	698	106.4150	26.3899	28.5334
ENSG00000149532.16	CPSF7	protein_coding	7442	3833	3858	69.9198	17.3394	18.7478
ENSG00000149534.9	MS4A2	protein_coding	1029	522	507	13.1016	3.2491	3.5130
ENSG00000149541.10	B3GAT3	protein_coding	2172	1093	1081	51.1733	12.6905	13.7213
ENSG00000149547.15	EI24	protein_coding	7042	3473	3569	114.3946	28.3687	30.6730
ENSG00000149548.15	CCDC15	protein_coding	231	124	107	2.7162	0.6736	0.7283
ENSG00000149554.13	CHEK1	protein_coding	505	239	266	5.6176	1.3931	1.5063
ENSG00000149557.14	FEZ1	protein_coding	640	321	319	3.8926	0.9653	1.0437
ENSG00000149564.12	ESAM	protein_coding	1567	773	794	30.4331	7.5471	8.1601
ENSG00000149571.12	KIRREL3	protein_coding	19	10	9	0.1634	0.0405	0.0438
ENSG00000149573.9	MPZL2	protein_coding	584	292	292	6.9871	1.7327	1.8735
ENSG00000149575.9	SCN2B	protein_coding	44	25	19	0.4661	0.1156	0.1250
ENSG00000149577.16	SIDT2	protein_coding	3892	1893	1999	24.3669	6.0427	6.5336
ENSG00000149582.16	TMEM25	protein_coding	1552	787	765	15.9186	3.9476	4.2683
ENSG00000149591.17	TAGLN	protein_coding	27919	21901	21962	241.7230	59.9449	64.8140
ENSG00000149596.7	JPH2	protein_coding	430	226	205	2.2880	0.5674	0.6135
ENSG00000149599.15	DUSP15	protein_coding	15	9	7	0.2244	0.0556	0.0602
ENSG00000149600.12	COMMD7	protein_coding	2638	1278	1361	73.1187	18.1327	19.6056
ENSG00000149609.6	C20orf144	protein_coding	28	31	31	0.6619	0.1641	0.1775
ENSG00000149633.12	KIAA1755	protein_coding	316	144	172	2.2212	0.5508	0.5956
ENSG00000149634.4	SPATA25	protein_coding	59	36	23	4.4199	1.0961	1.1851
ENSG00000149635.3	OCSTAMP	protein_coding	0	0	0	0.0000	0.0000	0.0000
ENSG00000149636.16	DSN1	protein_coding	1899	933	967	39.3181	9.7505	10.5425
ENSG00000149639.15	SOGA1	protein_coding	12400	6257	6144	46.9585	11.6452	12.5911
ENSG00000149646.12	CNBD2	protein_coding	49	90	110	0.5552	0.1377	0.1489
ENSG00000149651.4	SPINT4	protein_coding	0	0	0	0.0000	0.0000	0.0000
ENSG00000149654.11	CDH22	protein_coding	2	1	2	0.0230	0.0057	0.0062
ENSG00000149656.8	LINC00266-1	lncRNA	1	2	0	0.0394	0.0098	0.0106
ENSG00000149657.20	LSM14B	protein_coding	4263	2189	2074	71.5886	17.7532	19.1953
ENSG00000149658.18	YTHDF1	protein_coding	6712	3327	3385	118.7266	29.4430	31.8346
ENSG00000149679.11	CABLES2	protein_coding	837	415	423	12.5406	3.1099	3.3626
ENSG00000149716.13	LTO1	protein_coding	2901	9724	10083	20.8988	5.1827	5.6037
ENSG00000149735.7	GPHA2	protein_coding	0	0	0	0.0000	0.0000	0.0000
ENSG00000149742.10	SLC22A9	protein_coding	1	0	1	0.0240	0.0059	0.0064
ENSG00000149743.14	TRPT1	protein_coding	617	420	409	15.8326	3.9263	4.2452
ENSG00000149761.9	NUDT22	protein_coding	452	495	480	6.8887	1.7083	1.8471
ENSG00000149781.13	FERMT3	protein_coding	1373	776	731	25.3542	6.2876	6.7983
ENSG00000149782.13	PLCB3	protein_coding	1356	657	699	15.5132	3.8471	4.1596
ENSG00000149792.9	MRPL49	protein_coding	3211	1806	1794	59.1220	14.6617	15.8526
ENSG00000149798.5	CDC42EP2	protein_coding	0	0	0	0.0000	0.0000	0.0000
ENSG00000149806.11	FAU	protein_coding	6285	3177	3108	230.2469	57.0989	61.7369
ENSG00000149809.16	TM7SF2	protein_coding	1038	532	509	17.1518	4.2535	4.5990
ENSG00000149823.9	VPS51	protein_coding	1786	1308	1338	20.7549	5.1470	5.5651
ENSG00000149922.11	TBX6	protein_coding	91	41	50	1.6259	0.4032	0.4360
ENSG00000149923.14	PPP4C	protein_coding	4696	2350	2346	97.4424	24.1647	26.1276
ENSG00000149925.22	ALDOA	protein_coding	1548	815	745	22.9269	5.6856	6.1475
ENSG00000149926.13	TLCD3B	protein_coding	186	107	117	2.1439	0.5317	0.5749
ENSG00000149927.18	DOC2A	protein_coding	164	310	311	1.4605	0.3622	0.3916
ENSG00000149929.16	HIRIP3	protein_coding	1646	855	904	26.2204	6.5024	7.0306
ENSG00000149930.18	TAOK2	protein_coding	4867	2407	2461	31.2544	7.7508	8.3803
ENSG00000149932.17	TMEM219	protein_coding	6389	3181	3208	152.4274	37.8005	40.8709
ENSG00000149948.14	HMGA2	protein_coding	104	60	60	0.3914	0.0971	0.1049
ENSG00000149968.12	MMP3	protein_coding	495	232	265	15.1410	3.7548	4.0598
ENSG00000149970.16	CNKSR2	protein_coding	66	38	29	0.1175	0.0291	0.0315
ENSG00000149972.11	CNTN5	protein_coding	0	0	0	0.0000	0.0000	0.0000
ENSG00000150045.12	KLRF1	protein_coding	10	2	8	0.4501	0.1116	0.1207
ENSG00000150048.10	CLEC1A	protein_coding	167	71	97	2.9885	0.7411	0.8013
ENSG00000150051.14	MKX	protein_coding	174	86	88	2.4026	0.5958	0.6442
ENSG00000150054.18	MPP7	protein_coding	2123	1099	1024	19.5225	4.8414	5.2346
ENSG00000150093.20	ITGB1	protein_coding	51114	25800	25318	199.0711	49.3676	53.3776
ENSG00000150175.13	FRMPD2B	unprocessed_pseudogene	0	0	0	0.0000	0.0000	0.0000
ENSG00000150201.15	FXYD4	protein_coding	0	0	0	0.0000	0.0000	0.0000
ENSG00000150244.12	TRIM48	protein_coding	0	0	0	0.0000	0.0000	0.0000
ENSG00000150261.4	OR8K1	protein_coding	0	0	0	0.0000	0.0000	0.0000
ENSG00000150269.1	OR5M9	protein_coding	0	0	0	0.0000	0.0000	0.0000
ENSG00000150275.19	PCDH15	protein_coding	1	1	0	0.0037	0.0009	0.0010
ENSG00000150276.8	PPIAP26	processed_pseudogene	0	0	0	0.0000	0.0000	0.0000
ENSG00000150281.7	CTF1	protein_coding	356	188	168	12.2803	3.0454	3.2927
ENSG00000150316.12	CWC15	protein_coding	4019	1994	2025	83.3641	20.6734	22.3527
ENSG00000150337.13	FCGR1A	protein_coding	763	409	444	14.4329	3.5792	3.8699
ENSG00000150347.16	ARID5B	protein_coding	8434	4259	4175	54.5995	13.5401	14.6400
ENSG00000150361.12	KLHL1	protein_coding	307	170	138	4.1962	1.0406	1.1251
ENSG00000150394.14	CDH8	protein_coding	36	16	20	0.1509	0.0374	0.0405
ENSG00000150401.15	DCUN1D2	protein_coding	524	264	260	6.8391	1.6960	1.8338
ENSG00000150403.18	TMCO3	protein_coding	5249	2654	2595	28.6746	7.1110	7.6886
ENSG00000150433.9	TMEM218	protein_coding	861	418	444	9.0021	2.2324	2.4138
ENSG00000150455.13	TIRAP	protein_coding	275	240	282	4.3429	1.0770	1.1645
ENSG00000150456.11	EEF1AKMT1	protein_coding	391	192	199	16.5228	4.0975	4.4303
ENSG00000150457.9	LATS2	protein_coding	3082	1611	1472	31.1385	7.7220	8.3493
ENSG00000150459.12	SAP18	protein_coding	6966	3452	3515	116.3256	28.8476	31.1908
ENSG00000150471.16	ADGRL3	protein_coding	40	18	24	0.1621	0.0402	0.0435
ENSG00000150477.15	KIAA1328	protein_coding	562	313	258	2.8617	0.7097	0.7673
ENSG00000150510.17	FAM124A	protein_coding	219	110	109	1.8537	0.4597	0.4970
ENSG00000150527.17	MIA2	protein_coding	2856	1461	1493	15.3680	3.8111	4.1207
ENSG00000150540.14	HNMT	protein_coding	3492	1749	1743	41.6382	10.3259	11.1646
ENSG00000150551.11	LYPD1	protein_coding	50	207	175	0.7126	0.1767	0.1911
ENSG00000150556.17	LYPD6B	protein_coding	2121	1061	1060	33.9875	8.4286	9.1132
ENSG00000150593.18	PDCD4	protein_coding	8060	5277	5218	100.5239	24.9289	26.9538
ENSG00000150594.7	ADRA2A	protein_coding	2844	1408	1436	41.5785	10.3111	11.1486
ENSG00000150625.16	GPM6A	protein_coding	654	342	312	5.2682	1.3065	1.4126
ENSG00000150627.16	WDR17	protein_coding	630	321	309	4.5798	1.1358	1.2280
ENSG00000150628.7	SPATA4	protein_coding	54	24	30	1.2566	0.3116	0.3369
ENSG00000150630.4	VEGFC	protein_coding	833	404	429	18.0648	4.4799	4.8438
ENSG00000150636.17	CCDC102B	protein_coding	340	199	146	3.3215	0.8237	0.8906
ENSG00000150637.9	CD226	protein_coding	190	103	108	0.7888	0.1956	0.2115
ENSG00000150656.15	CNDP1	protein_coding	2	1	1	0.0159	0.0040	0.0043
ENSG00000150667.8	FSIP1	protein_coding	2438	6033	6339	39.9246	9.9009	10.7051
ENSG00000150672.17	DLG2	protein_coding	134	67	67	0.4548	0.1128	0.1219
ENSG00000150676.13	CCDC83	protein_coding	12	7	5	0.2885	0.0715	0.0774
ENSG00000150681.10	RGS18	protein_coding	67	39	43	1.3565	0.3364	0.3637
ENSG00000150687.12	PRSS23	protein_coding	77493	40594	40305	384.0114	95.2309	102.9663
ENSG00000150712.11	MTMR12	protein_coding	4078	2044	2034	41.8728	10.3840	11.2275
ENSG00000150722.10	PPP1R1C	protein_coding	50	23	28	0.5802	0.1439	0.1556
ENSG00000150732.8	AL136372.1	processed_pseudogene	0	0	0	0.0000	0.0000	0.0000
ENSG00000150750.8	C11orf53	protein_coding	6	1	5	0.2534	0.0628	0.0679
ENSG00000150753.12	CCT5	protein_coding	16324	11099	10740	164.1954	40.7188	44.0263
ENSG00000150756.14	ATPSCKMT	protein_coding	1156	596	590	19.9564	4.9490	5.3510
ENSG00000150760.13	DOCK1	protein_coding	6186	3459	3518	43.0862	10.6849	11.5528
ENSG00000150764.14	DIXDC1	protein_coding	2394	1189	1205	16.0896	3.9900	4.3141
ENSG00000150768.16	DLAT	protein_coding	1981	1274	1273	26.4273	6.5537	7.0860
ENSG00000150773.11	PIH1D2	protein_coding	185	358	399	3.2093	0.7959	0.8605
ENSG00000150776.18	NKAPD1	protein_coding	2078	1088	1119	20.4767	5.0780	5.4905
ENSG00000150779.12	TIMM8B	protein_coding	1108	536	695	53.8891	13.3639	14.4495
ENSG00000150782.12	IL18	protein_coding	548	290	258	11.9298	2.9585	3.1988
ENSG00000150783.10	TEX12	protein_coding	1	0	1	0.0492	0.0122	0.0132
ENSG00000150787.8	PTS	protein_coding	1175	599	597	21.3025	5.2828	5.7119
ENSG00000150867.14	PIP4K2A	protein_coding	4327	2174	2153	48.0580	11.9179	12.8859
ENSG00000150873.12	C2orf50	protein_coding	476	262	215	3.4161	0.8472	0.9160
ENSG00000150893.11	FREM2	protein_coding	312	164	148	1.0872	0.2696	0.2915
ENSG00000150907.10	FOXO1	protein_coding	2318	1169	1149	22.0671	5.4724	5.9169
ENSG00000150938.10	CRIM1	protein_coding	10655	5578	5729	83.1148	20.6116	22.2859
ENSG00000150961.15	SEC24D	protein_coding	10487	5216	5271	59.9514	14.8673	16.0750
ENSG00000150967.18	ABCB9	protein_coding	560	1497	1346	2.3894	0.5925	0.6407
ENSG00000150977.10	RILPL2	protein_coding	3566	1793	1774	32.9308	8.1665	8.8298
ENSG00000150990.8	DHX37	protein_coding	1548	799	749	13.2469	3.2851	3.5519
ENSG00000150991.15	UBC	protein_coding	59888	29454	30435	871.2793	216.0685	233.6191
ENSG00000150995.20	ITPR1	protein_coding	12389	7188	7180	21.6485	5.3686	5.8047
ENSG00000151005.5	TKTL2	protein_coding	0	0	0	0.0000	0.0000	0.0000
ENSG00000151006.7	PRSS53	protein_coding	34	18	18	0.3505	0.0869	0.0940
ENSG00000151012.13	SLC7A11	protein_coding	1095	589	594	6.4383	1.5966	1.7263
ENSG00000151014.6	NOCT	protein_coding	1166	613	553	26.3232	6.5279	7.0581
ENSG00000151023.17	ENKUR	protein_coding	25	11	14	0.3478	0.0863	0.0933
ENSG00000151025.11	GPR158	protein_coding	7	3	4	0.0497	0.0123	0.0133
ENSG00000151033.10	LYZL2	protein_coding	13	8	5	0.9013	0.2235	0.2417
ENSG00000151062.15	CACNA2D4	protein_coding	256	129	128	1.9453	0.4824	0.5216
ENSG00000151065.14	DCP1B	protein_coding	983	473	511	12.0924	2.9988	3.2424
ENSG00000151067.22	CACNA1C	protein_coding	840	477	510	2.4204	0.6002	0.6490
ENSG00000151079.7	KCNA6	protein_coding	51	31	22	0.6826	0.1693	0.1830
ENSG00000151090.20	THRB	protein_coding	1951	965	986	10.0876	2.5016	2.7048
ENSG00000151092.18	NGLY1	protein_coding	1695	873	893	11.1564	2.7667	2.9914
ENSG00000151093.8	OXSM	protein_coding	572	325	318	13.1010	3.2489	3.5128
ENSG00000151116.17	UEVLD	protein_coding	4200	2141	2060	43.1880	10.7102	11.5801
ENSG00000151117.9	TMEM86A	protein_coding	957	522	497	12.7908	3.1720	3.4296
ENSG00000151131.11	C12orf45	protein_coding	513	287	282	1.1240	0.2787	0.3014
ENSG00000151135.10	TMEM263	protein_coding	6962	3783	3658	82.8051	20.5348	22.2028
ENSG00000151136.15	BTBD11	protein_coding	252	133	125	1.8053	0.4477	0.4841
ENSG00000151148.14	UBE3B	protein_coding	4867	2394	2473	22.1639	5.4964	5.9429
ENSG00000151150.22	ANK3	protein_coding	5151	3150	3106	11.3402	2.8123	3.0407
ENSG00000151151.6	IPMK	protein_coding	2202	1099	1104	20.4949	5.0825	5.4954
ENSG00000151164.19	RAD9B	protein_coding	80	224	208	0.9761	0.2421	0.2617
ENSG00000151176.8	PLBD2	protein_coding	11794	5903	5892	127.0588	31.5093	34.0687
ENSG00000151208.17	DLG5	protein_coding	6416	4911	5052	34.6525	8.5935	9.2915
ENSG00000151224.13	MAT1A	protein_coding	1001	517	484	15.4931	3.8421	4.1542
ENSG00000151229.13	SLC2A13	protein_coding	677	385	311	3.8305	0.9499	1.0271
ENSG00000151233.11	GXYLT1	protein_coding	2805	1452	1353	21.2322	5.2654	5.6931
ENSG00000151239.14	TWF1	protein_coding	6736	3503	3233	98.3265	24.3840	26.3646
ENSG00000151240.17	DIP2C	protein_coding	3915	1996	1958	25.9278	6.4298	6.9521
ENSG00000151247.12	EIF4E	protein_coding	3000	1556	1446	12.0943	2.9993	3.2429
ENSG00000151276.23	MAGI1	protein_coding	2699	1358	1341	13.1393	3.2584	3.5231
ENSG00000151287.17	TEX30	protein_coding	201	209	203	5.0526	1.2530	1.3548
ENSG00000151292.17	CSNK1G3	protein_coding	6167	3124	3043	69.9461	17.3459	18.7549
ENSG00000151303.11	AL136982.1	lncRNA	0	0	0	0.0000	0.0000	0.0000
ENSG00000151304.6	SRFBP1	protein_coding	1792	1721	1811	32.6661	8.1009	8.7589
ENSG00000151320.11	AKAP6	protein_coding	101	41	60	0.2904	0.0720	0.0779
ENSG00000151322.19	NPAS3	protein_coding	137	72	66	0.7946	0.1970	0.2130
ENSG00000151327.13	FAM177A1	protein_coding	4278	2251	2246	28.5788	7.0872	7.6629
ENSG00000151332.19	MBIP	protein_coding	1192	599	593	19.7483	4.8974	5.2952
ENSG00000151338.18	MIPOL1	protein_coding	843	406	437	2.3608	0.5855	0.6330
ENSG00000151348.15	EXT2	protein_coding	9631	4910	4721	46.7015	11.5815	12.5222
ENSG00000151353.15	TMEM18	protein_coding	1205	688	742	8.0689	2.0010	2.1635
ENSG00000151360.10	ALLC	protein_coding	0	0	0	0.0000	0.0000	0.0000
ENSG00000151364.17	KCTD14	protein_coding	25	74	49	0.7466	0.1851	0.2002
ENSG00000151365.2	THRSP	protein_coding	5	6	11	0.2415	0.0599	0.0648
ENSG00000151366.13	NDUFC2	protein_coding	1414	724	702	34.8340	8.6385	9.3402
ENSG00000151376.17	ME3	protein_coding	1122	548	577	16.5786	4.1113	4.4453
ENSG00000151379.4	MSGN1	protein_coding	0	0	0	0.0000	0.0000	0.0000
ENSG00000151388.11	ADAMTS12	protein_coding	8114	4002	4112	47.9068	11.8804	12.8454
ENSG00000151413.17	NUBPL	protein_coding	1015	489	526	7.5837	1.8807	2.0335
ENSG00000151414.15	NEK7	protein_coding	5398	2715	2683	56.1277	13.9191	15.0497
ENSG00000151418.12	ATP6V1G3	protein_coding	0	0	0	0.0000	0.0000	0.0000
ENSG00000151422.13	FER	protein_coding	3265	1648	1698	13.6196	3.3775	3.6519
ENSG00000151445.16	VIPAS39	protein_coding	1410	726	692	21.6403	5.3666	5.8025
ENSG00000151458.12	ANKRD50	protein_coding	6499	3310	3189	41.8911	10.3886	11.2324
ENSG00000151461.20	UPF2	protein_coding	5387	2719	2668	51.9464	12.8822	13.9286
ENSG00000151465.14	CDC123	protein_coding	2219	1655	1599	54.7604	13.5800	14.6831
ENSG00000151466.12	SCLT1	protein_coding	524	510	523	3.3091	0.8206	0.8873
ENSG00000151468.11	CCDC3	protein_coding	2033	1111	1121	31.1683	7.7294	8.3572
ENSG00000151470.13	C4orf33	protein_coding	468	261	241	3.7834	0.9382	1.0144
ENSG00000151474.23	FRMD4A	protein_coding	1832	1596	1611	7.0743	1.7543	1.8968
ENSG00000151475.6	SLC25A31	protein_coding	0	0	0	0.0000	0.0000	0.0000
ENSG00000151490.15	PTPRO	protein_coding	645	314	331	1.8060	0.4479	0.4842
ENSG00000151491.14	EPS8	protein_coding	7991	4002	3989	53.0643	13.1594	14.2283
ENSG00000151498.12	ACAD8	protein_coding	835	384	451	6.6497	1.6491	1.7830
ENSG00000151500.15	THYN1	protein_coding	851	421	430	22.7750	5.6480	6.1067
ENSG00000151502.11	VPS26B	protein_coding	3007	1606	1683	26.4260	6.5534	7.0857
ENSG00000151503.13	NCAPD3	protein_coding	1057	1772	1789	5.4642	1.3551	1.4651
ENSG00000151532.14	VTI1A	protein_coding	1460	792	773	9.8474	2.4420	2.6404
ENSG00000151552.12	QDPR	protein_coding	3288	1669	1619	61.4576	15.2409	16.4788
ENSG00000151553.15	FAM160B1	protein_coding	3075	1569	1506	28.0539	6.9571	7.5222
ENSG00000151572.18	ANO4	protein_coding	2	1	1	0.0227	0.0056	0.0061
ENSG00000151575.14	TEX9	protein_coding	488	452	430	3.3383	0.8279	0.8951
ENSG00000151576.10	QTRT2	protein_coding	2085	1062	1127	14.6809	3.6407	3.9364
ENSG00000151577.13	DRD3	protein_coding	0	0	0	0.0000	0.0000	0.0000
ENSG00000151611.16	MMAA	protein_coding	924	501	492	6.4231	1.5929	1.7223
ENSG00000151612.18	ZNF827	protein_coding	2620	1325	1295	7.7697	1.9268	2.0833
ENSG00000151615.3	POU4F2	protein_coding	1	1	0	0.0180	0.0045	0.0048
ENSG00000151617.17	EDNRA	protein_coding	6539	3368	3171	87.5004	21.6992	23.4618
ENSG00000151623.15	NR3C2	protein_coding	1340	668	673	11.5016	2.8523	3.0840
ENSG00000151631.8	AKR1C6P	unprocessed_pseudogene	1	1	0	0.0577	0.0143	0.0155
ENSG00000151632.17	AKR1C2	protein_coding	3593	1792	1820	31.5367	7.8208	8.4561
ENSG00000151640.13	DPYSL4	protein_coding	214	107	107	3.9010	0.9674	1.0460
ENSG00000151650.8	VENTX	protein_coding	100	47	53	2.3062	0.5719	0.6184
ENSG00000151651.16	ADAM8	protein_coding	2055	1056	1000	24.4676	6.0677	6.5606
ENSG00000151655.19	ITIH2	protein_coding	19	9	10	0.3235	0.0802	0.0867
ENSG00000151657.12	KIN	protein_coding	1183	584	599	9.7853	2.4267	2.6238
ENSG00000151665.13	PIGF	protein_coding	446	1536	1455	5.1471	1.2764	1.3801
ENSG00000151687.14	ANKAR	protein_coding	130	103	108	1.2804	0.3175	0.3433
ENSG00000151689.13	INPP1	protein_coding	731	358	374	11.5926	2.8748	3.1084
ENSG00000151690.15	MFSD6	protein_coding	1807	931	897	16.9914	4.2137	4.5560
ENSG00000151692.15	RNF144A	protein_coding	2362	1193	1169	20.7673	5.1501	5.5684
ENSG00000151693.11	ASAP2	protein_coding	1182	1242	1266	9.2368	2.2906	2.4767
ENSG00000151694.14	ADAM17	protein_coding	2858	2296	2290	15.1079	3.7466	4.0509
ENSG00000151702.17	FLI1	protein_coding	1444	691	758	10.2030	2.5302	2.7358
ENSG00000151704.16	KCNJ1	protein_coding	11	7	4	0.1345	0.0334	0.0361
ENSG00000151715.8	TMEM45B	protein_coding	34	17	17	0.6431	0.1595	0.1724
ENSG00000151718.16	WWC2	protein_coding	2150	1123	1198	12.1902	3.0230	3.2686
ENSG00000151725.12	CENPU	protein_coding	817	532	542	13.3023	3.2988	3.5668
ENSG00000151726.15	ACSL1	protein_coding	3984	1942	2042	36.8328	9.1342	9.8761
ENSG00000151729.11	SLC25A4	protein_coding	906	459	447	10.6618	2.6440	2.8588
ENSG00000151743.11	AMN1	protein_coding	690	875	850	12.4737	3.0933	3.3446
ENSG00000151746.15	BICD1	protein_coding	1276	678	671	5.6234	1.3945	1.5078
ENSG00000151748.15	SAV1	protein_coding	2927	1970	1935	29.6146	7.3441	7.9407
ENSG00000151773.13	CCDC122	protein_coding	254	145	132	2.6596	0.6596	0.7131
ENSG00000151778.11	SERP2	protein_coding	154	92	62	4.4901	1.1135	1.2040
ENSG00000151779.13	NBAS	protein_coding	5301	2665	2636	33.6000	8.3325	9.0093
ENSG00000151789.12	ZNF385D	protein_coding	180	73	107	0.7618	0.1889	0.2043
ENSG00000151790.9	TDO2	protein_coding	795	400	395	8.5647	2.1240	2.2965
ENSG00000151806.14	GUF1	protein_coding	2151	1147	1152	27.3321	6.7781	7.3286
ENSG00000151812.15	SLC35F4	protein_coding	17	17	7	0.2257	0.0560	0.0605
ENSG00000151834.16	GABRA2	protein_coding	1	1	0	0.0034	0.0008	0.0009
ENSG00000151835.16	SACS	protein_coding	1263	640	623	4.4996	1.1159	1.2065
ENSG00000151838.12	CCDC175	protein_coding	3	68	64	0.0528	0.0131	0.0142
ENSG00000151846.8	PABPC3	protein_coding	22	11	11	0.3684	0.0913	0.0988
ENSG00000151849.15	CENPJ	protein_coding	585	292	293	5.7032	1.4143	1.5292
ENSG00000151876.13	FBXO4	protein_coding	1033	496	537	19.4364	4.8200	5.2116
ENSG00000151881.15	TMEM267	protein_coding	1649	823	828	29.6120	7.3435	7.9400
ENSG00000151882.11	CCL28	protein_coding	297	139	158	3.7230	0.9233	0.9983
ENSG00000151883.19	PARP8	protein_coding	1234	604	630	6.9260	1.7176	1.8571
ENSG00000151892.15	GFRA1	protein_coding	9772	4917	4855	58.3644	14.4738	15.6494
ENSG00000151893.15	CACUL1	protein_coding	9766	4867	4899	44.6421	11.0708	11.9700
ENSG00000151914.20	DST	protein_coding	11732	5949	5783	13.8947	3.4458	3.7256
ENSG00000151917.18	BEND6	protein_coding	317	159	158	3.2039	0.7945	0.8591
ENSG00000151923.17	TIAL1	protein_coding	5615	2788	2828	43.2939	10.7364	11.6085
ENSG00000151929.10	BAG3	protein_coding	2138	1026	1112	44.2988	10.9857	11.8780
ENSG00000151948.12	GLT1D1	protein_coding	37	18	19	0.6033	0.1496	0.1618
ENSG00000151952.16	TMEM132D	protein_coding	5	1	4	0.0381	0.0095	0.0102
ENSG00000151962.8	RBM46	protein_coding	0	0	0	0.0000	0.0000	0.0000
ENSG00000151963.4	ZNF37CP	unprocessed_pseudogene	3	1	2	0.7059	0.1751	0.1893
ENSG00000151967.18	SCHIP1	protein_coding	43	17	26	0.3190	0.0791	0.0855
ENSG00000152034.11	MCHR2	protein_coding	1	1	0	0.0150	0.0037	0.0040
ENSG00000152049.6	KCNE4	protein_coding	5599	2805	2795	76.9930	19.0935	20.6444
ENSG00000152056.17	AP1S3	protein_coding	356	181	175	3.3948	0.8419	0.9103
ENSG00000152061.23	RABGAP1L	protein_coding	3779	1880	1899	13.3350	3.3069	3.5756
ENSG00000152076.19	CCDC74B	protein_coding	255	133	150	3.2229	0.7992	0.8642
ENSG00000152078.10	TLCD4	protein_coding	973	495	478	7.4717	1.8529	2.0034
ENSG00000152082.15	MZT2B	protein_coding	907	1469	1253	33.8617	8.3974	9.0795
ENSG00000152086.9	TUBA3E	protein_coding	38	15	23	1.4196	0.3521	0.3806
ENSG00000152092.16	ASTN1	protein_coding	37	12	25	0.2280	0.0566	0.0611
ENSG00000152093.8	CFC1B	protein_coding	0	0	0	0.0000	0.0000	0.0000
ENSG00000152102.18	FAM168B	protein_coding	5890	2995	2895	61.4575	15.2409	16.4788
ENSG00000152104.12	PTPN14	protein_coding	3741	1903	1847	11.3136	2.8057	3.0335
ENSG00000152117.17	SMPD4BP	transcribed_processed_pseudogene	1380	705	700	19.9948	4.9585	5.3613
ENSG00000152127.9	MGAT5	protein_coding	5194	2602	2592	33.6054	8.3338	9.0107
ENSG00000152128.13	TMEM163	protein_coding	277	137	140	2.3087	0.5725	0.6191
ENSG00000152133.16	GPATCH11	protein_coding	887	447	462	12.4509	3.0877	3.3385
ENSG00000152137.8	HSPB8	protein_coding	6124	3113	3013	96.9818	24.0505	26.0041
ENSG00000152147.11	GEMIN6	protein_coding	974	494	480	12.6600	3.1395	3.3946
ENSG00000152154.11	TMEM178A	protein_coding	93	47	46	2.1335	0.5291	0.5721
ENSG00000152192.8	POU4F1	protein_coding	0	0	0	0.0000	0.0000	0.0000
ENSG00000152193.8	OBI1	protein_coding	634	628	592	10.2521	2.5424	2.7489
ENSG00000152207.7	CYSLTR2	protein_coding	72	43	29	0.7601	0.1885	0.2038
ENSG00000152208.13	GRID2	protein_coding	1	1	0	0.0053	0.0013	0.0014
ENSG00000152213.4	ARL11	protein_coding	530	256	274	8.3074	2.0602	2.2275
ENSG00000152214.14	RIT2	protein_coding	1	1	0	0.0277	0.0069	0.0074
ENSG00000152217.20	SETBP1	protein_coding	2118	1037	1081	8.3737	2.0766	2.2453
ENSG00000152219.5	ARL14EP	protein_coding	2734	1363	1371	28.6696	7.1098	7.6873
ENSG00000152223.15	EPG5	protein_coding	3030	1488	1542	12.5150	3.1036	3.3557
ENSG00000152229.18	PSTPIP2	protein_coding	1357	684	673	18.6785	4.6321	5.0083
ENSG00000152234.16	ATP5F1A	protein_coding	17769	9056	8713	92.3799	22.9093	24.7701
ENSG00000152240.13	HAUS1	protein_coding	1464	694	770	39.1805	9.7164	10.5056
ENSG00000152242.11	C18orf25	protein_coding	2340	1188	1152	13.8563	3.4362	3.7153
ENSG00000152253.9	SPC25	protein_coding	418	204	214	12.9605	3.2141	3.4751
ENSG00000152254.11	G6PC2	protein_coding	4	0	4	0.0738	0.0183	0.0198
ENSG00000152256.14	PDK1	protein_coding	1507	764	789	5.7570	1.4277	1.5436
ENSG00000152266.7	PTH	protein_coding	0	0	0	0.0000	0.0000	0.0000
ENSG00000152270.9	PDE3B	protein_coding	209	109	100	1.0195	0.2528	0.2734
ENSG00000152284.5	TCF7L1	protein_coding	1484	766	718	18.9929	4.7101	5.0926
ENSG00000152291.14	TGOLN2	protein_coding	22539	11128	11411	183.8588	45.5951	49.2987
ENSG00000152292.17	SH2D6	protein_coding	2	1	1	0.0267	0.0066	0.0072
ENSG00000152315.5	KCNK13	protein_coding	182	107	75	4.5090	1.1182	1.2090
ENSG00000152332.16	UHMK1	protein_coding	13462	6688	6774	82.5508	20.4718	22.1346
ENSG00000152348.16	ATG10	protein_coding	537	26088	25882	5.5929	1.3870	1.4996
ENSG00000152359.15	POC5	protein_coding	1441	709	733	23.9294	5.9343	6.4163
ENSG00000152377.14	SPOCK1	protein_coding	12029	5969	6060	110.0265	27.2855	29.5018
ENSG00000152380.10	FAM151B	protein_coding	341	178	191	6.2200	1.5425	1.6678
ENSG00000152382.6	TADA1	protein_coding	1199	599	601	23.4466	5.8145	6.2868
ENSG00000152402.11	GUCY1A2	protein_coding	3980	2021	1959	13.8419	3.4326	3.7115
ENSG00000152404.15	CWF19L2	protein_coding	1192	598	594	18.8769	4.6813	5.0615
ENSG00000152409.9	JMY	protein_coding	3038	1536	1502	18.9407	4.6971	5.0786
ENSG00000152413.15	HOMER1	protein_coding	1250	638	612	11.6764	2.8956	3.1308
ENSG00000152422.16	XRCC4	protein_coding	997	511	486	21.1285	5.2397	5.6653
ENSG00000152430.18	BOLL	protein_coding	2	1	1	0.0285	0.0071	0.0077
ENSG00000152433.15	ZNF547	protein_coding	138	73	65	2.1934	0.5439	0.5881
ENSG00000152439.13	ZNF773	protein_coding	132	70	62	0.9195	0.2280	0.2466
ENSG00000152443.13	ZNF776	protein_coding	2233	1102	1131	23.2184	5.7579	6.2256
ENSG00000152454.4	ZNF256	protein_coding	245	121	124	6.2954	1.5612	1.6880
ENSG00000152455.16	SUV39H2	protein_coding	609	373	338	9.6876	2.4024	2.5976
ENSG00000152457.18	DCLRE1C	protein_coding	1457	776	785	8.6141	2.1362	2.3097
ENSG00000152463.15	OLAH	protein_coding	1	0	1	0.0243	0.0060	0.0065
ENSG00000152464.15	RPP38	protein_coding	424	501	481	12.4586	3.0896	3.3406
ENSG00000152465.18	NMT2	protein_coding	676	575	655	5.9252	1.4694	1.5887
ENSG00000152467.10	ZSCAN1	protein_coding	51	25	26	1.2071	0.2993	0.3237
ENSG00000152475.7	ZNF837	protein_coding	98	45	54	2.7163	0.6736	0.7283
ENSG00000152484.14	USP12	protein_coding	2442	1217	1225	27.1754	6.7392	7.2866
ENSG00000152492.15	CCDC50	protein_coding	4492	2252	2266	27.7405	6.8794	7.4382
ENSG00000152495.11	CAMK4	protein_coding	347	187	160	1.4455	0.3585	0.3876
ENSG00000152503.10	TRIM36	protein_coding	2352	1141	1211	22.0066	5.4574	5.9007
ENSG00000152518.8	ZFP36L2	protein_coding	6553	6457	6233	100.6283	24.9548	26.9818
ENSG00000152520.14	PAN3	protein_coding	5354	2675	2679	47.7999	11.8539	12.8168
ENSG00000152527.14	PLEKHH2	protein_coding	319	168	152	1.8370	0.4556	0.4926
ENSG00000152556.17	PFKM	protein_coding	3791	1936	1960	29.6698	7.3578	7.9555
ENSG00000152558.15	TMEM123	protein_coding	16550	8383	8167	211.2900	52.3978	56.6539
ENSG00000152578.13	GRIA4	protein_coding	4	0	4	0.0225	0.0056	0.0060
ENSG00000152580.8	IGSF10	protein_coding	245	195	219	1.1848	0.2938	0.3177
ENSG00000152582.14	SPEF2	protein_coding	2094	1048	1050	7.3575	1.8246	1.9728
ENSG00000152583.12	SPARCL1	protein_coding	41665	20485	21181	679.5574	168.5234	182.2120
ENSG00000152591.15	DSPP	protein_coding	6	4	2	0.0786	0.0195	0.0211
ENSG00000152592.14	DMP1	protein_coding	38	14	24	0.7955	0.1973	0.2133
ENSG00000152595.16	MEPE	protein_coding	4	4	1	0.0916	0.0227	0.0246
ENSG00000152601.17	MBNL1	protein_coding	9215	4727	4766	52.3158	12.9738	14.0276
ENSG00000152611.12	CAPSL	protein_coding	17	9	8	0.8442	0.2094	0.2264
ENSG00000152620.13	NADK2	protein_coding	3118	1999	1879	35.2586	8.7438	9.4540
ENSG00000152642.11	GPD1L	protein_coding	7566	3823	3743	91.3493	22.6537	24.4938
ENSG00000152661.9	GJA1	protein_coding	42146	21196	20950	704.0055	174.5862	188.7674
ENSG00000152669.9	CCNO	protein_coding	21	14	7	0.6856	0.1700	0.1838
ENSG00000152670.19	DDX4	protein_coding	2	1	1	0.0296	0.0073	0.0079
ENSG00000152672.8	CLEC4F	protein_coding	2	0	2	0.0458	0.0114	0.0123
ENSG00000152683.14	SLC30A6	protein_coding	2967	1494	1480	31.1014	7.7128	8.3393
ENSG00000152684.11	PELO	protein_coding	2609	1310	1306	33.8495	8.3943	9.0762
ENSG00000152689.18	RASGRP3	protein_coding	819	434	426	4.3209	1.0715	1.1586
ENSG00000152700.14	SAR1B	protein_coding	9145	4657	4682	48.0286	11.9106	12.8781
ENSG00000152705.8	CATSPER3	protein_coding	31	14	17	1.1205	0.2779	0.3004
ENSG00000152749.8	GPR180	protein_coding	1511	751	760	9.6453	2.3919	2.5862
ENSG00000152760.10	TCTEX1D1	protein_coding	27	12	15	0.4557	0.1130	0.1222
ENSG00000152763.17	DNAI4	protein_coding	500	280	285	4.2492	1.0538	1.1394
ENSG00000152766.6	ANKRD22	protein_coding	229	122	114	3.2507	0.8061	0.8716
ENSG00000152767.17	FARP1	protein_coding	6055	6392	6455	9.4772	2.3503	2.5412
ENSG00000152778.9	IFIT5	protein_coding	5498	2737	2799	77.3868	19.1911	20.7500
ENSG00000152779.14	SLC16A12	protein_coding	40	23	18	0.4655	0.1154	0.1248
ENSG00000152782.16	PANK1	protein_coding	538	260	278	3.9945	0.9906	1.0711
ENSG00000152784.16	PRDM8	protein_coding	152	70	96	1.8784	0.4658	0.5037
ENSG00000152785.8	BMP3	protein_coding	4	4	0	0.0373	0.0092	0.0100
ENSG00000152795.17	HNRNPDL	protein_coding	15925	8015	7910	164.9208	40.8987	44.2208
ENSG00000152804.11	HHEX	protein_coding	1356	648	708	30.4912	7.5615	8.1757
ENSG00000152818.18	UTRN	protein_coding	11982	5872	6110	46.5283	11.5385	12.4758
ENSG00000152822.14	GRM1	protein_coding	14	5	9	0.1072	0.0266	0.0287
ENSG00000152894.15	PTPRK	protein_coding	10659	5801	5731	67.6445	16.7752	18.1378
ENSG00000152904.11	GGPS1	protein_coding	1586	800	786	23.6130	5.8558	6.3314
ENSG00000152910.19	CNTNAP4	protein_coding	0	0	0	0.0000	0.0000	0.0000
ENSG00000152926.15	ZNF117	protein_coding	1705	838	872	9.0407	2.2420	2.4241
ENSG00000152931.9	PART1	lncRNA	13	7	7	0.0580	0.0144	0.0156
ENSG00000152932.8	RAB3C	protein_coding	2	1	1	0.0118	0.0029	0.0032
ENSG00000152936.10	LMNTD1	protein_coding	0	0	0	0.0000	0.0000	0.0000
ENSG00000152939.17	MARVELD2	protein_coding	4045	2021	2024	42.7491	10.6014	11.4625
ENSG00000152942.19	RAD17	protein_coding	4129	2390	2430	56.3009	13.9621	15.0962
ENSG00000152944.9	MED21	protein_coding	4185	2057	2128	65.3445	16.2048	17.5210
ENSG00000152952.12	PLOD2	protein_coding	13394	6683	6711	99.1222	24.5813	26.5780
ENSG00000152953.13	STK32B	protein_coding	3892	1934	1958	41.7863	10.3626	11.2043
ENSG00000152954.12	NRSN1	protein_coding	2	1	1	0.0275	0.0068	0.0074
ENSG00000152969.20	JAKMIP1	protein_coding	3	3	0	0.0446	0.0111	0.0120
ENSG00000152977.10	ZIC1	protein_coding	26	18	11	0.2160	0.0536	0.0579
ENSG00000152990.14	ADGRA3	protein_coding	1625	787	838	9.9507	2.4677	2.6681
ENSG00000153002.12	CPB1	protein_coding	24	16	8	0.2387	0.0592	0.0640
ENSG00000153006.16	SREK1IP1	protein_coding	3910	1992	1948	26.2099	6.4998	7.0278
ENSG00000153012.12	LGI2	protein_coding	308	142	166	2.6892	0.6669	0.7211
ENSG00000153015.16	CWC27	protein_coding	2878	1433	1445	43.7916	10.8599	11.7420
ENSG00000153029.14	MR1	protein_coding	2246	1148	1098	13.6254	3.3790	3.6534
ENSG00000153037.15	SRP19	protein_coding	1441	722	736	7.7702	1.9269	2.0834
ENSG00000153044.10	CENPH	protein_coding	951	491	462	24.3152	6.0299	6.5197
ENSG00000153046.18	CDYL	protein_coding	3486	1765	1721	43.3343	10.7465	11.6194
ENSG00000153048.11	CARHSP1	protein_coding	2369	2477	2371	24.0893	5.9739	6.4591
ENSG00000153060.8	TEKT5	protein_coding	61	33	28	1.9655	0.4874	0.5270
ENSG00000153064.12	BANK1	protein_coding	120	57	63	1.1076	0.2747	0.2970
ENSG00000153066.13	TXNDC11	protein_coding	3241	1659	1761	43.0640	10.6794	11.5469
ENSG00000153071.15	DAB2	protein_coding	12270	6070	6200	90.1686	22.3609	24.1772
ENSG00000153086.14	ACMSD	protein_coding	19	27	25	0.3967	0.0984	0.1064
ENSG00000153093.20	ACOXL	protein_coding	104	52	53	0.7220	0.1790	0.1936
ENSG00000153094.24	BCL2L11	protein_coding	3574	2309	2240	30.4509	7.5515	8.1649
ENSG00000153107.13	ANAPC1	protein_coding	1386	712	675	5.6207	1.3939	1.5071
ENSG00000153113.24	CAST	protein_coding	24580	15680	15682	104.4848	25.9112	28.0158
ENSG00000153130.17	SCOC	protein_coding	5690	2854	2836	51.2678	12.7139	13.7466
ENSG00000153132.13	CLGN	protein_coding	565	293	272	11.3541	2.8157	3.0444
ENSG00000153140.9	CETN3	protein_coding	1965	1020	945	36.0631	8.9433	9.6697
ENSG00000153147.6	SMARCA5	protein_coding	11631	6062	5915	80.9715	20.0801	21.7112
ENSG00000153157.13	SYCP2L	protein_coding	7	4	4	0.1002	0.0248	0.0269
ENSG00000153162.9	BMP6	protein_coding	113	963	958	1.6935	0.4200	0.4541
ENSG00000153165.19	RGPD3	protein_coding	23	9	14	0.1753	0.0435	0.0470
ENSG00000153179.13	RASSF3	protein_coding	3563	2015	2136	47.6439	11.8152	12.7749
ENSG00000153187.20	HNRNPU	protein_coding	41399	23494	22663	104.2882	25.8624	27.9631
ENSG00000153201.16	RANBP2	protein_coding	12505	6309	6196	57.6598	14.2991	15.4605
ENSG00000153207.16	AHCTF1	protein_coding	4924	2501	2423	29.1513	7.2292	7.8164
ENSG00000153208.17	MERTK	protein_coding	1318	661	665	16.3482	4.0542	4.3835
ENSG00000153214.11	TMEM87B	protein_coding	4952	2456	2507	52.7773	13.0882	14.1513
ENSG00000153230.4	OR14K1	protein_coding	0	0	0	0.0000	0.0000	0.0000
ENSG00000153233.13	PTPRR	protein_coding	54	25	29	0.6080	0.1508	0.1630
ENSG00000153234.15	NR4A2	protein_coding	3838	1904	1934	54.9212	13.6199	14.7262
ENSG00000153237.18	CCDC148	protein_coding	143	79	72	2.1352	0.5295	0.5725
ENSG00000153246.13	PLA2R1	protein_coding	2472	1237	1235	9.1256	2.2631	2.4469
ENSG00000153250.20	RBMS1	protein_coding	5771	2831	2940	27.7868	6.8909	7.4506
ENSG00000153253.19	SCN3A	protein_coding	59	32	33	0.2893	0.0717	0.0776
ENSG00000153266.13	FEZF2	protein_coding	0	0	0	0.0000	0.0000	0.0000
ENSG00000153283.13	CD96	protein_coding	311	151	160	3.1377	0.7781	0.8413
ENSG00000153291.16	SLC25A27	protein_coding	95	41	54	1.6400	0.4067	0.4397
ENSG00000153292.16	ADGRF1	protein_coding	4	1	3	0.0183	0.0045	0.0049
ENSG00000153294.12	ADGRF4	protein_coding	109	56	53	1.8229	0.4521	0.4888
ENSG00000153303.17	FRMD1	protein_coding	9	4	5	0.0580	0.0144	0.0155
ENSG00000153310.19	CYRIB	protein_coding	10526	5275	5551	65.3668	16.2103	17.5270
ENSG00000153317.15	ASAP1	protein_coding	7340	3659	3753	50.1870	12.4459	13.4568
ENSG00000153339.15	TRAPPC8	protein_coding	3154	1666	1595	19.4459	4.8224	5.2141
ENSG00000153347.10	FAM81B	protein_coding	1	0	1	0.0229	0.0057	0.0061
ENSG00000153363.13	LINC00467	lncRNA	1116	557	559	9.1167	2.2609	2.4445
ENSG00000153391.16	INO80C	protein_coding	427	219	209	4.7733	1.1837	1.2799
ENSG00000153395.10	LPCAT1	protein_coding	8041	4014	4027	70.4255	17.4648	18.8834
ENSG00000153404.14	PLEKHG4B	protein_coding	429	231	198	1.8287	0.4535	0.4903
ENSG00000153406.14	NMRAL1	protein_coding	1953	934	1035	32.3182	8.0146	8.6656
ENSG00000153443.13	UBALD1	protein_coding	863	410	453	13.6287	3.3798	3.6543
ENSG00000153446.16	C16orf89	protein_coding	15	7	8	0.4115	0.1021	0.1103
ENSG00000153485.6	TMEM251	protein_coding	823	414	409	19.0111	4.7146	5.0975
ENSG00000153487.13	ING1	protein_coding	994	498	499	9.2516	2.2943	2.4807
ENSG00000153495.11	TEX29	protein_coding	28	11	17	1.6610	0.4119	0.4454
ENSG00000153498.12	SPACA7	protein_coding	0	0	0	0.0000	0.0000	0.0000
ENSG00000153531.13	ADPRHL1	protein_coding	430	197	233	2.2323	0.5536	0.5985
ENSG00000153551.14	CMTM7	protein_coding	569	1180	1173	8.6649	2.1488	2.3233
ENSG00000153558.16	FBXL2	protein_coding	1099	521	579	8.1534	2.0220	2.1862
ENSG00000153560.12	UBP1	protein_coding	9518	4769	4750	55.3038	13.7148	14.8288
ENSG00000153561.13	RMND5A	protein_coding	4248	2078	2171	36.0311	8.9354	9.6611
ENSG00000153563.16	CD8A	protein_coding	391	195	196	7.2724	1.8035	1.9500
ENSG00000153574.9	RPIA	protein_coding	1161	574	588	36.3157	9.0059	9.7374
ENSG00000153684.15	GOLGA8F	protein_coding	0	0	0	0.0000	0.0000	0.0000
ENSG00000153707.17	PTPRD	protein_coding	4547	2266	2281	23.0273	5.7105	6.1744
ENSG00000153714.6	LURAP1L	protein_coding	11128	5569	5559	206.0969	51.1099	55.2614
ENSG00000153721.19	CNKSR3	protein_coding	226	126	100	0.5939	0.1473	0.1593
ENSG00000153767.10	GTF2E1	protein_coding	1766	946	884	29.7180	7.3698	7.9684
ENSG00000153774.9	CFDP1	protein_coding	1845	913	932	31.3733	7.7803	8.4122
ENSG00000153779.11	TGIF2LX	protein_coding	0	0	0	0.0000	0.0000	0.0000
ENSG00000153786.13	ZDHHC7	protein_coding	3604	1837	1767	51.7032	12.8219	13.8634
ENSG00000153789.13	CIBAR2	protein_coding	2	1	1	0.0607	0.0151	0.0163
ENSG00000153790.12	C7orf31	protein_coding	180	91	89	2.6569	0.6589	0.7124
ENSG00000153802.12	TMPRSS11D	protein_coding	2	1	1	0.0347	0.0086	0.0093
ENSG00000153814.13	JAZF1	protein_coding	1529	971	1011	20.3639	5.0500	5.4602
ENSG00000153815.16	CMIP	protein_coding	3851	1900	1951	17.1758	4.2594	4.6054
ENSG00000153820.13	SPHKAP	protein_coding	0	0	0	0.0000	0.0000	0.0000
ENSG00000153822.14	KCNJ16	protein_coding	4	1	3	0.0358	0.0089	0.0096
ENSG00000153823.19	PID1	protein_coding	796	396	400	13.4069	3.3248	3.5948
ENSG00000153827.14	TRIP12	protein_coding	15887	8136	7754	70.7739	17.5512	18.9768
ENSG00000153832.12	FBXO36	protein_coding	878	442	438	12.5895	3.1221	3.3757
ENSG00000153879.9	CEBPG	protein_coding	3944	1979	1965	55.1440	13.6752	14.7860
ENSG00000153885.14	KCTD15	protein_coding	2161	1137	1024	19.1844	4.7575	5.1440
ENSG00000153896.19	ZNF599	protein_coding	597	297	300	4.9795	1.2349	1.3352
ENSG00000153898.13	MCOLN2	protein_coding	273	143	130	4.4979	1.1154	1.2060
ENSG00000153902.14	LGI4	protein_coding	190	98	92	2.3775	0.5896	0.6375
ENSG00000153904.21	DDAH1	protein_coding	4203	2065	2138	51.9625	12.8862	13.9329
ENSG00000153914.16	SREK1	protein_coding	7859	3981	4028	24.4344	6.0595	6.5517
ENSG00000153922.11	CHD1	protein_coding	7635	3837	3799	41.2874	10.2389	11.0705
ENSG00000153923.10	CLCA3P	transcribed_unprocessed_pseudogene	1	0	1	0.0165	0.0041	0.0044
ENSG00000153930.12	ANKFN1	protein_coding	0	0	0	0.0000	0.0000	0.0000
ENSG00000153933.10	DGKE	protein_coding	1438	717	724	7.4644	1.8511	2.0015
ENSG00000153936.17	HS2ST1	protein_coding	4230	2126	2104	32.3031	8.0109	8.6616
ENSG00000153944.12	MSI2	protein_coding	23358	11643	11734	59.5394	14.7652	15.9645
ENSG00000153956.16	CACNA2D1	protein_coding	1270	621	649	8.0122	1.9869	2.1483
ENSG00000153975.10	ZUP1	protein_coding	634	300	334	13.5369	3.3570	3.6297
ENSG00000153976.3	HS3ST3A1	protein_coding	566	274	292	7.4873	1.8568	2.0076
ENSG00000153982.11	GDPD1	protein_coding	900	431	469	13.0434	3.2346	3.4974
ENSG00000153989.8	NUS1	protein_coding	2691	1367	1324	31.8195	7.8909	8.5319
ENSG00000153993.13	SEMA3D	protein_coding	1503	766	737	10.5724	2.6219	2.8348
ENSG00000154001.14	PPP2R5E	protein_coding	6263	3166	3097	38.6732	9.5906	10.3696
ENSG00000154007.7	ASB17	protein_coding	1	0	1	0.0525	0.0130	0.0141
ENSG00000154016.14	GRAP	protein_coding	31	123	117	0.7038	0.1745	0.1887
ENSG00000154025.16	SLC5A10	protein_coding	48	262	321	0.4220	0.1046	0.1131
ENSG00000154027.19	AK5	protein_coding	338	185	154	2.7588	0.6841	0.7397
ENSG00000154040.21	CABYR	protein_coding	470	329	365	7.6503	1.8972	2.0513
ENSG00000154059.11	IMPACT	protein_coding	2998	1486	1512	34.7256	8.6116	9.3111
ENSG00000154065.17	ANKRD29	protein_coding	565	288	277	4.9932	1.2383	1.3388
ENSG00000154079.6	SDHAF4	protein_coding	400	207	193	15.7528	3.9065	4.2238
ENSG00000154080.14	CHST9	protein_coding	25	17	9	0.1232	0.0305	0.0330
ENSG00000154096.14	THY1	protein_coding	16717	14694	14840	137.3943	34.0724	36.8400
ENSG00000154099.18	DNAAF1	protein_coding	423	305	349	3.0821	0.7643	0.8264
ENSG00000154102.11	C16orf74	protein_coding	236	158	154	6.1364	1.5218	1.6454
ENSG00000154114.12	TBCEL	protein_coding	1192	618	574	9.6294	2.3880	2.5820
ENSG00000154118.13	JPH3	protein_coding	88	55	55	0.7896	0.1958	0.2117
ENSG00000154122.14	ANKH	protein_coding	9290	4642	4654	41.4995	10.2914	11.1274
ENSG00000154124.5	OTULIN	protein_coding	2532	1279	1259	16.4046	4.0682	4.3986
ENSG00000154127.10	UBASH3B	protein_coding	635	322	313	4.0173	0.9962	1.0772
ENSG00000154133.15	ROBO4	protein_coding	1028	623	646	8.8063	2.1839	2.3613
ENSG00000154134.15	ROBO3	protein_coding	171	95	77	1.3891	0.3445	0.3725
ENSG00000154143.3	PANX3	protein_coding	0	0	0	0.0000	0.0000	0.0000
ENSG00000154144.13	TBRG1	protein_coding	1007	936	939	7.9814	1.9793	2.1401
ENSG00000154146.13	NRGN	protein_coding	39	16	24	1.8233	0.4522	0.4889
ENSG00000154153.13	RETREG1	protein_coding	4198	2113	2094	52.1166	12.9244	13.9742
ENSG00000154162.15	CDH12	protein_coding	1	1	0	0.0100	0.0025	0.0027
ENSG00000154165.5	GPR15	protein_coding	107	52	55	2.2441	0.5565	0.6017
ENSG00000154174.8	TOMM70	protein_coding	9269	4693	4593	103.5141	25.6705	27.7556
ENSG00000154175.18	ABI3BP	protein_coding	1205	609	596	6.2248	1.5437	1.6691
ENSG00000154188.10	ANGPT1	protein_coding	453	212	241	3.6040	0.8938	0.9664
ENSG00000154198.14	CYP4Z2P	transcribed_unprocessed_pseudogene	810	421	449	28.7454	7.1286	7.7076
ENSG00000154217.15	PITPNC1	protein_coding	1153	621	532	8.3625	2.0738	2.2423
ENSG00000154222.15	CC2D1B	protein_coding	2016	1194	1235	15.2294	3.7767	4.0835
ENSG00000154227.13	CERS3	protein_coding	21	10	11	0.2321	0.0576	0.0622
ENSG00000154229.12	PRKCA	protein_coding	601	309	292	3.0499	0.7563	0.8178
ENSG00000154237.13	LRRK1	protein_coding	1236	672	623	4.0074	0.9938	1.0745
ENSG00000154240.17	CEP112	protein_coding	498	233	265	3.5753	0.8866	0.9587
ENSG00000154252.12	GAL3ST2	protein_coding	1	0	2	0.0391	0.0097	0.0105
ENSG00000154258.17	ABCA9	protein_coding	231	146	124	1.4517	0.3600	0.3892
ENSG00000154262.13	ABCA6	protein_coding	387	194	193	1.5501	0.3844	0.4156
ENSG00000154263.17	ABCA10	protein_coding	45	20	25	0.3036	0.0753	0.0814
ENSG00000154265.16	ABCA5	protein_coding	2074	1004	1070	8.9388	2.2167	2.3968
ENSG00000154269.15	ENPP3	protein_coding	96	46	50	1.4013	0.3475	0.3757
ENSG00000154274.15	C4orf19	protein_coding	2816	1968	1869	35.7260	8.8597	9.5793
ENSG00000154277.13	UCHL1	protein_coding	903	444	459	23.2030	5.7541	6.2215
ENSG00000154305.18	MIA3	protein_coding	7707	4523	4515	43.0393	10.6733	11.5403
ENSG00000154309.9	DISP1	protein_coding	1123	558	565	4.8876	1.2121	1.3105
ENSG00000154310.17	TNIK	protein_coding	878	452	426	4.3493	1.0786	1.1662
ENSG00000154316.16	TDH	transcribed_unitary_pseudogene	1	0	1	0.0254	0.0063	0.0068
ENSG00000154319.16	FAM167A	protein_coding	175	100	75	1.9656	0.4874	0.5270
ENSG00000154328.16	NEIL2	protein_coding	1253	626	627	21.1104	5.2352	5.6604
ENSG00000154330.13	PGM5	protein_coding	1604	792	813	11.7919	2.9243	3.1618
ENSG00000154342.6	WNT3A	protein_coding	8	4	4	0.1514	0.0376	0.0406
ENSG00000154358.22	OBSCN	protein_coding	1007	665	712	1.4433	0.3579	0.3870
ENSG00000154359.13	LONRF1	protein_coding	902	455	447	8.9600	2.2220	2.4025
ENSG00000154370.16	TRIM11	protein_coding	1010	669	702	6.7480	1.6734	1.8094
ENSG00000154380.17	ENAH	protein_coding	16658	8286	8372	62.7941	15.5723	16.8372
ENSG00000154415.8	PPP1R3A	protein_coding	0	0	0	0.0000	0.0000	0.0000
ENSG00000154429.11	CCSAP	protein_coding	1122	622	585	10.1692	2.5219	2.7267
ENSG00000154438.8	ASZ1	protein_coding	1	1	0	0.0186	0.0046	0.0050
ENSG00000154447.15	SH3RF1	protein_coding	3558	1796	1762	36.8739	9.1444	9.8871
ENSG00000154451.14	GBP5	protein_coding	1162	615	650	8.0925	2.0069	2.1699
ENSG00000154473.18	BUB3	protein_coding	12932	6568	6364	89.7093	22.2470	24.0541
ENSG00000154478.4	GPR26	protein_coding	113	65	48	0.6218	0.1542	0.1667
ENSG00000154479.13	CCDC173	protein_coding	92	42	50	2.3629	0.5860	0.6336
ENSG00000154485.5	MMP21	protein_coding	35	73	56	0.5768	0.1430	0.1547
ENSG00000154493.19	C10orf90	protein_coding	6	4	2	0.0629	0.0156	0.0169
ENSG00000154511.12	DIPK1A	protein_coding	2049	1025	1070	37.5926	9.3226	10.0798
ENSG00000154518.10	ATP5MC3	protein_coding	7012	3546	3466	102.4080	25.3962	27.4590
ENSG00000154529.15	CNTNAP3B	protein_coding	2	0	2	0.0086	0.0021	0.0023
ENSG00000154545.16	MAGED4	protein_coding	0	0	0	0.0000	0.0000	0.0000
ENSG00000154548.9	SRSF12	protein_coding	75	35	40	0.9373	0.2324	0.2513
ENSG00000154553.16	PDLIM3	protein_coding	2084	1377	1433	13.1140	3.2521	3.5163
ENSG00000154556.18	SORBS2	protein_coding	728	394	369	2.4057	0.5966	0.6451
ENSG00000154582.17	ELOC	protein_coding	4950	2451	2499	56.8939	14.1091	15.2551
ENSG00000154589.7	LY96	protein_coding	615	311	304	62.3911	15.4724	16.7291
ENSG00000154608.14	CEP170P1	transcribed_unprocessed_pseudogene	10	6	4	0.1236	0.0307	0.0331
ENSG00000154611.15	PSMA8	protein_coding	0	0	0	0.0000	0.0000	0.0000
ENSG00000154620.6	TMSB4Y	protein_coding	0	0	0	0.0000	0.0000	0.0000
ENSG00000154639.19	CXADR	protein_coding	912	495	423	8.5899	2.1302	2.3032
ENSG00000154640.15	BTG3	protein_coding	1662	896	860	40.9080	10.1448	10.9688
ENSG00000154642.11	C21orf91	protein_coding	2026	1065	1049	18.4480	4.5749	4.9465
ENSG00000154645.14	CHODL	protein_coding	38	16	22	0.6967	0.1728	0.1868
ENSG00000154646.9	TMPRSS15	protein_coding	3	3	0	0.0390	0.0097	0.0105
ENSG00000154654.15	NCAM2	protein_coding	1087	564	523	7.4395	1.8449	1.9948
ENSG00000154655.16	L3MBTL4	protein_coding	90	50	47	0.6413	0.1590	0.1719
ENSG00000154678.18	PDE1C	protein_coding	94	44	50	0.3772	0.0936	0.1011
ENSG00000154710.18	RABGEF1	protein_coding	113	277	271	1.1649	0.2889	0.3124
ENSG00000154719.14	MRPL39	protein_coding	1000	507	493	47.2977	11.7294	12.6821
ENSG00000154721.15	JAM2	protein_coding	1218	660	616	11.6147	2.8803	3.1143
ENSG00000154723.12	ATP5PF	protein_coding	3089	2302	2353	85.7450	21.2639	22.9911
ENSG00000154727.11	GABPA	protein_coding	3177	2371	2315	31.3771	7.7812	8.4133
ENSG00000154734.16	ADAMTS1	protein_coding	1069	502	567	8.3011	2.0586	2.2258
ENSG00000154736.6	ADAMTS5	protein_coding	1130	547	583	6.5624	1.6274	1.7596
ENSG00000154743.18	TSEN2	protein_coding	782	396	412	7.8255	1.9406	2.0983
ENSG00000154760.14	SLFN13	protein_coding	1160	579	581	7.0515	1.7487	1.8907
ENSG00000154764.6	WNT7A	protein_coding	1	0	1	0.0125	0.0031	0.0034
ENSG00000154767.15	XPC	protein_coding	2959	2952	3066	36.1960	8.9763	9.7054
ENSG00000154781.16	CCDC174	protein_coding	1591	810	781	25.3728	6.2922	6.8033
ENSG00000154783.12	FGD5	protein_coding	1246	632	703	8.7246	2.1636	2.3394
ENSG00000154803.13	FLCN	protein_coding	1915	975	941	11.0974	2.7521	2.9756
ENSG00000154813.10	DPH3	protein_coding	3285	1655	1630	41.6203	10.3214	11.1598
ENSG00000154814.14	OXNAD1	protein_coding	608	307	302	5.6570	1.4029	1.5168
ENSG00000154822.18	PLCL2	protein_coding	684	371	350	7.5174	1.8642	2.0157
ENSG00000154832.15	CXXC1	protein_coding	1309	649	660	17.1876	4.2624	4.6086
ENSG00000154839.10	SKA1	protein_coding	244	133	111	4.7715	1.1833	1.2794
ENSG00000154845.16	PPP4R1	protein_coding	6222	3108	3115	43.3956	10.7617	11.6358
ENSG00000154856.13	APCDD1	protein_coding	1862	977	885	17.7857	4.4107	4.7690
ENSG00000154864.13	PIEZO2	protein_coding	1301	639	705	4.6987	1.1652	1.2599
ENSG00000154874.15	CCDC144B	transcribed_unprocessed_pseudogene	189	96	95	1.0826	0.2685	0.2903
ENSG00000154889.17	MPPE1	protein_coding	771	782	768	6.4555	1.6009	1.7309
ENSG00000154898.15	CCDC144CP	transcribed_processed_pseudogene	8	2	6	0.0557	0.0138	0.0149
ENSG00000154914.17	USP43	protein_coding	303	136	167	3.3798	0.8382	0.9062
ENSG00000154917.11	RAB6B	protein_coding	254	137	156	2.3789	0.5899	0.6379
ENSG00000154920.15	EME1	protein_coding	135	933	883	2.3242	0.5764	0.6232
ENSG00000154928.18	EPHB1	protein_coding	120	48	72	0.9780	0.2425	0.2622
ENSG00000154930.15	ACSS1	protein_coding	3640	1845	1796	23.7515	5.8901	6.3686
ENSG00000154945.7	ANKRD40	protein_coding	4591	3142	3016	53.8927	13.3648	14.4504
ENSG00000154957.14	ZNF18	protein_coding	549	269	280	10.4581	2.5935	2.8042
ENSG00000154975.14	CA10	protein_coding	0	1	0	0.0000	0.0000	0.0000
ENSG00000154978.13	VOPP1	protein_coding	3823	1912	1911	40.5921	10.0664	10.8841
ENSG00000154997.9	SEPTIN14	protein_coding	0	1	0	0.0000	0.0000	0.0000
ENSG00000155008.14	APOOL	protein_coding	1889	1079	1191	16.4884	4.0890	4.4211
ENSG00000155011.9	DKK2	protein_coding	289	141	148	3.7807	0.9376	1.0137
ENSG00000155016.18	CYP2U1	protein_coding	1005	528	500	9.6273	2.3875	2.5814
ENSG00000155026.16	RSPH10B	protein_coding	3	144	155	0.0341	0.0084	0.0091
ENSG00000155034.19	FBXL18	protein_coding	407	375	348	2.3665	0.5869	0.6346
ENSG00000155052.14	CNTNAP5	protein_coding	0	0	0	0.0000	0.0000	0.0000
ENSG00000155066.16	PROM2	protein_coding	3430	1726	1705	32.0612	7.9509	8.5967
ENSG00000155070.8	UNC93B2	processed_pseudogene	0	0	0	0.0000	0.0000	0.0000
ENSG00000155085.15	AK9	protein_coding	976	522	483	5.4812	1.3593	1.4697
ENSG00000155087.4	ODF1	protein_coding	0	0	0	0.0000	0.0000	0.0000
ENSG00000155090.15	KLF10	protein_coding	6621	3256	3365	98.2666	24.3691	26.3486
ENSG00000155093.19	PTPRN2	protein_coding	227	101	126	2.6444	0.6558	0.7091
ENSG00000155096.14	AZIN1	protein_coding	26515	13505	13018	253.5264	62.8720	67.9789
ENSG00000155097.12	ATP6V1C1	protein_coding	11969	6269	6198	116.0078	28.7688	31.1056
ENSG00000155099.8	PIP4P2	protein_coding	1543	990	918	30.5103	7.5662	8.1808
ENSG00000155100.11	OTUD6B	protein_coding	1303	745	678	18.5801	4.6077	4.9819
ENSG00000155111.15	CDK19	protein_coding	2582	1241	1341	19.1531	4.7498	5.1356
ENSG00000155115.7	GTF3C6	protein_coding	2112	1035	1077	130.0450	32.2499	34.8694
ENSG00000155158.20	TTC39B	protein_coding	1268	643	625	5.8903	1.4607	1.5794
ENSG00000155189.12	AGPAT5	protein_coding	1494	748	746	13.5864	3.3693	3.6430
ENSG00000155229.21	MMS19	protein_coding	4226	2155	2075	41.5853	10.3127	11.1504
ENSG00000155249.5	OR4K1	protein_coding	0	0	0	0.0000	0.0000	0.0000
ENSG00000155252.13	PI4K2A	protein_coding	3047	1537	1512	41.2498	10.2295	11.0604
ENSG00000155254.13	MARVELD1	protein_coding	10781	5483	5298	181.3676	44.9773	48.6307
ENSG00000155256.17	ZFYVE27	protein_coding	2321	1158	1163	33.7584	8.3717	9.0517
ENSG00000155265.11	GOLGA7B	protein_coding	70	44	31	0.5792	0.1436	0.1553
ENSG00000155269.12	GPR78	protein_coding	5	4	1	0.0267	0.0066	0.0071
ENSG00000155275.19	TRMT44	protein_coding	535	298	312	3.9138	0.9706	1.0494
ENSG00000155287.11	SLC25A28	protein_coding	1880	935	945	58.2594	14.4477	15.6213
ENSG00000155304.6	HSPA13	protein_coding	3908	1919	1989	53.3645	13.2338	14.3088
ENSG00000155307.19	SAMSN1	protein_coding	1370	673	698	14.9841	3.7159	4.0177
ENSG00000155313.15	USP25	protein_coding	3147	1577	1570	22.8130	5.6574	6.1169
ENSG00000155324.10	GRAMD2B	protein_coding	2051	1352	1368	23.0275	5.7106	6.1745
ENSG00000155329.12	ZCCHC10	protein_coding	1758	898	860	38.9590	9.6614	10.4462
ENSG00000155330.10	C16orf87	protein_coding	625	316	309	4.9118	1.2181	1.3170
ENSG00000155363.18	MOV10	protein_coding	2728	1485	1476	23.7678	5.8942	6.3729
ENSG00000155366.17	RHOC	protein_coding	6817	3441	3377	96.4791	23.9259	25.8693
ENSG00000155367.15	PPM1J	protein_coding	113	63	50	2.2297	0.5529	0.5979
ENSG00000155368.16	DBI	protein_coding	4565	2063	2502	103.1810	25.5878	27.6663
ENSG00000155380.12	SLC16A1	protein_coding	2642	1370	1277	29.0645	7.2077	7.7932
ENSG00000155393.13	HEATR3	protein_coding	1384	801	713	15.5758	3.8626	4.1764
ENSG00000155428.12	TRIM74	protein_coding	1	0	1	0.0386	0.0096	0.0103
ENSG00000155438.12	NIFK	protein_coding	1614	1307	1245	37.5893	9.3218	10.0789
ENSG00000155463.14	OXA1L	protein_coding	5125	2487	2638	64.6151	16.0239	17.3255
ENSG00000155465.20	SLC7A7	protein_coding	1689	845	844	18.6675	4.6294	5.0054
ENSG00000155495.9	MAGEC1	protein_coding	16	10	6	0.2132	0.0529	0.0572
ENSG00000155506.18	LARP1	protein_coding	26992	13479	13513	174.9989	43.3980	46.9231
ENSG00000155508.14	CNOT8	protein_coding	5848	3015	2972	84.4082	20.9324	22.6327
ENSG00000155511.18	GRIA1	protein_coding	55	28	27	0.4138	0.1026	0.1109
ENSG00000155530.3	LRGUK	protein_coding	48	20	28	0.5672	0.1407	0.1521
ENSG00000155542.12	SETD9	protein_coding	1182	588	647	24.7256	6.1317	6.6298
ENSG00000155545.20	MIER3	protein_coding	6282	3441	3308	61.8171	15.3300	16.5752
ENSG00000155561.15	NUP205	protein_coding	5095	2485	2610	37.9133	9.4021	10.1658
ENSG00000155592.16	ZKSCAN2	protein_coding	864	506	484	6.2148	1.5412	1.6664
ENSG00000155621.15	C9orf85	protein_coding	446	226	220	5.0860	1.2613	1.3637
ENSG00000155622.7	XAGE2	protein_coding	0	0	0	0.0000	0.0000	0.0000
ENSG00000155629.15	PIK3AP1	protein_coding	2947	1485	1462	29.3819	7.2864	7.8783
ENSG00000155636.15	RBM45	protein_coding	928	462	466	11.0006	2.7280	2.9496
ENSG00000155657.28	TTN	protein_coding	608	719	712	0.2898	0.0719	0.0777
ENSG00000155659.15	VSIG4	protein_coding	2234	1128	1106	54.3035	13.4667	14.5606
ENSG00000155660.11	PDIA4	protein_coding	13420	6746	6674	230.7604	57.2263	61.8746
ENSG00000155666.12	KDM8	protein_coding	269	187	148	3.7891	0.9397	1.0160
ENSG00000155714.14	PDZD9	protein_coding	15	7	8	0.6362	0.1578	0.1706
ENSG00000155719.18	OTOA	protein_coding	17	11	6	0.1278	0.0317	0.0343
ENSG00000155729.13	KCTD18	protein_coding	1256	645	630	14.5096	3.5982	3.8905
ENSG00000155744.9	FAM126B	protein_coding	2060	1131	1123	9.1196	2.2616	2.4453
ENSG00000155749.13	FLACC1	protein_coding	24	12	12	0.5165	0.1281	0.1385
ENSG00000155754.15	C2CD6	protein_coding	19	11	9	0.1580	0.0392	0.0424
ENSG00000155755.19	TMEM237	protein_coding	1405	708	704	10.4194	2.5839	2.7938
ENSG00000155760.2	FZD7	protein_coding	4778	2425	2353	70.2151	17.4126	18.8270
ENSG00000155761.14	SPAG17	protein_coding	8	120	102	0.0462	0.0114	0.0124
ENSG00000155792.10	DEPTOR	protein_coding	1251	675	690	27.0058	6.6972	7.2411
ENSG00000155816.20	FMN2	protein_coding	35	20	16	0.2049	0.0508	0.0549
ENSG00000155827.12	RNF20	protein_coding	5785	2834	2951	69.9205	17.3396	18.7480
ENSG00000155833.15	CYLC2	protein_coding	0	0	0	0.0000	0.0000	0.0000
ENSG00000155846.17	PPARGC1B	protein_coding	137	71	66	0.6028	0.1495	0.1616
ENSG00000155849.15	ELMO1	protein_coding	1078	581	584	6.3880	1.5842	1.7128
ENSG00000155850.8	SLC26A2	protein_coding	3394	1754	1692	22.4328	5.5631	6.0150
ENSG00000155858.6	LSM11	protein_coding	1291	634	657	11.1486	2.7647	2.9893
ENSG00000155868.8	MED7	protein_coding	1196	588	609	24.4327	6.0591	6.5512
ENSG00000155875.15	SAXO1	protein_coding	42	26	19	0.2623	0.0650	0.0703
ENSG00000155876.6	RRAGA	protein_coding	6774	3384	3390	240.2460	59.5786	64.4180
ENSG00000155886.11	SLC24A2	protein_coding	1192	597	595	6.2888	1.5596	1.6862
ENSG00000155890.4	TRIM42	protein_coding	0	0	0	0.0000	0.0000	0.0000
ENSG00000155893.13	PXYLP1	protein_coding	1860	954	908	7.9053	1.9604	2.1197
ENSG00000155897.10	ADCY8	protein_coding	1	1	0	0.0128	0.0032	0.0034
ENSG00000155903.13	RASA2	protein_coding	2100	1083	1017	19.7990	4.9100	5.3088
ENSG00000155906.19	RMND1	protein_coding	3019	1530	1489	36.2420	8.9877	9.7177
ENSG00000155918.8	RAET1L	protein_coding	3	1	2	0.1264	0.0313	0.0339
ENSG00000155926.14	SLA	protein_coding	1474	763	711	11.1588	2.7673	2.9920
ENSG00000155957.18	TMBIM4	protein_coding	849	436	413	11.6381	2.8861	3.1206
ENSG00000155959.12	VBP1	protein_coding	3210	1661	1550	93.4492	23.1745	25.0568
ENSG00000155961.5	RAB39B	protein_coding	402	216	186	6.6796	1.6565	1.7910
ENSG00000155962.13	CLIC2	protein_coding	626	313	313	12.5002	3.0999	3.3517
ENSG00000155966.14	AFF2	protein_coding	79	36	43	0.3146	0.0780	0.0844
ENSG00000155970.12	MICU3	protein_coding	152	80	73	1.8723	0.4643	0.5020
ENSG00000155974.12	GRIP1	protein_coding	237	131	106	2.0457	0.5073	0.5485
ENSG00000155975.10	VPS37A	protein_coding	1509	916	958	13.3212	3.3035	3.5719
ENSG00000155980.13	KIF5A	protein_coding	1236	1003	947	5.7243	1.4196	1.5349
ENSG00000156006.5	NAT2	protein_coding	8	5	3	0.3531	0.0876	0.0947
ENSG00000156009.10	MAGEA8	protein_coding	5	2	3	0.1200	0.0298	0.0322
ENSG00000156011.17	PSD3	protein_coding	1126	533	593	4.1933	1.0399	1.1244
ENSG00000156017.13	CARNMT1	protein_coding	1320	684	636	15.4664	3.8355	4.1470
ENSG00000156026.14	MCU	protein_coding	2326	1176	1150	29.0994	7.2163	7.8025
ENSG00000156030.13	MIDEAS	protein_coding	3708	1866	1843	15.5948	3.8674	4.1815
ENSG00000156042.18	CFAP70	protein_coding	349	271	243	2.6630	0.6604	0.7141
ENSG00000156049.7	GNA14	protein_coding	86	43	43	1.7826	0.4421	0.4780
ENSG00000156050.10	FAM161B	protein_coding	923	1291	1396	10.2896	2.5517	2.7590
ENSG00000156052.11	GNAQ	protein_coding	7903	3979	3924	64.2827	15.9415	17.2363
ENSG00000156076.10	WIF1	protein_coding	0	0	0	0.0000	0.0000	0.0000
ENSG00000156096.14	UGT2B4	protein_coding	0	0	0	0.0000	0.0000	0.0000
ENSG00000156097.12	GPR61	protein_coding	10	5	6	0.1121	0.0278	0.0301
ENSG00000156103.16	MMP16	protein_coding	693	347	357	3.2458	0.8049	0.8703
ENSG00000156110.15	ADK	protein_coding	3553	1764	1790	43.2569	10.7273	11.5986
ENSG00000156113.24	KCNMA1	protein_coding	1468	827	871	2.1110	0.5235	0.5660
ENSG00000156127.8	BATF	protein_coding	1465	734	731	89.5260	22.2015	24.0049
ENSG00000156136.10	DCK	protein_coding	1875	868	1007	34.2672	8.4979	9.1882
ENSG00000156140.10	ADAMTS3	protein_coding	138	81	64	1.1169	0.2770	0.2995
ENSG00000156150.9	ALX3	protein_coding	17	139	134	0.4879	0.1210	0.1308
ENSG00000156162.16	DPY19L4	protein_coding	5074	3224	3231	40.3232	9.9997	10.8120
ENSG00000156170.13	NDUFAF6	protein_coding	6124	2987	3167	54.2389	13.4507	14.5433
ENSG00000156171.15	DRAM2	protein_coding	2691	1436	1487	46.3146	11.4855	12.4185
ENSG00000156172.6	C8orf37	protein_coding	662	340	323	11.2401	2.7874	3.0139
ENSG00000156194.18	PPEF2	protein_coding	1	0	1	0.0114	0.0028	0.0031
ENSG00000156206.14	CFAP161	protein_coding	10	4	6	0.2893	0.0718	0.0776
ENSG00000156218.13	ADAMTSL3	protein_coding	2837	1426	1411	16.4978	4.0913	4.4236
ENSG00000156219.17	ART3	protein_coding	6	4	2	0.1038	0.0257	0.0278
ENSG00000156222.12	SLC28A1	protein_coding	29	16	13	0.4771	0.1183	0.1279
ENSG00000156232.7	WHAMM	protein_coding	1094	564	531	12.1102	3.0032	3.2472
ENSG00000156234.7	CXCL13	protein_coding	53	29	24	2.1004	0.5209	0.5632
ENSG00000156239.12	N6AMT1	protein_coding	826	393	433	9.6285	2.3878	2.5817
ENSG00000156253.7	RWDD2B	protein_coding	1138	563	575	19.1104	4.7392	5.1241
ENSG00000156256.15	USP16	protein_coding	3561	1857	1848	35.4661	8.7952	9.5097
ENSG00000156261.13	CCT8	protein_coding	8880	5288	5262	150.7287	37.3792	40.4154
ENSG00000156265.16	MAP3K7CL	protein_coding	553	297	256	7.2193	1.7903	1.9357
ENSG00000156269.5	NAA11	protein_coding	0	0	0	0.0000	0.0000	0.0000
ENSG00000156273.16	BACH1	protein_coding	4017	2044	1977	29.7161	7.3693	7.9679
ENSG00000156282.5	CLDN17	protein_coding	0	0	0	0.0000	0.0000	0.0000
ENSG00000156284.6	CLDN8	protein_coding	22	14	8	0.5964	0.1479	0.1599
ENSG00000156298.13	TSPAN7	protein_coding	132	69	63	2.5479	0.6319	0.6832
ENSG00000156299.13	TIAM1	protein_coding	867	437	430	5.3350	1.3230	1.4305
ENSG00000156304.15	SCAF4	protein_coding	2548	1268	1280	24.1755	5.9953	6.4823
ENSG00000156313.15	RPGR	protein_coding	694	337	357	4.7089	1.1678	1.2626
ENSG00000156345.18	CDK20	protein_coding	778	381	397	7.7039	1.9105	2.0657
ENSG00000156374.16	PCGF6	protein_coding	883	456	427	16.6472	4.1283	4.4637
ENSG00000156381.9	ANKRD9	protein_coding	856	490	467	6.7347	1.6701	1.8058
ENSG00000156384.14	SFR1	protein_coding	540	253	287	16.9003	4.1911	4.5315
ENSG00000156395.13	SORCS3	protein_coding	11	7	4	0.1118	0.0277	0.0300
ENSG00000156398.13	SFXN2	protein_coding	1298	672	626	9.1623	2.2721	2.4567
ENSG00000156411.10	ATP5MPL	protein_coding	2886	1455	1431	47.9253	11.8850	12.8504
ENSG00000156413.14	FUT6	protein_coding	3	1	2	0.0375	0.0093	0.0100
ENSG00000156414.19	TDRD9	protein_coding	59	29	30	0.6099	0.1512	0.1635
ENSG00000156427.8	FGF18	protein_coding	184	78	106	5.2225	1.2951	1.4003
ENSG00000156453.14	PCDH1	protein_coding	10651	5230	5422	101.9612	25.2853	27.3392
ENSG00000156463.18	SH3RF2	protein_coding	69	32	37	0.5428	0.1346	0.1455
ENSG00000156466.10	GDF6	protein_coding	111	51	60	1.6958	0.4205	0.4547
ENSG00000156467.10	UQCRB	protein_coding	10401	7027	6802	46.8127	11.6091	12.5521
ENSG00000156469.9	MTERF3	protein_coding	2174	1077	1097	68.4550	16.9762	18.3551
ENSG00000156471.13	PTDSS1	protein_coding	6756	3376	3383	62.7264	15.5555	16.8190
ENSG00000156475.18	PPP2R2B	protein_coding	30	14	16	0.1288	0.0319	0.0345
ENSG00000156482.11	RPL30	protein_coding	20539	32173	31152	292.1410	72.4480	78.3327
ENSG00000156486.8	KCNS2	protein_coding	20	8	12	0.2094	0.0519	0.0561
ENSG00000156500.15	FAM122C	protein_coding	151	166	159	1.0759	0.2668	0.2885
ENSG00000156502.14	SUPV3L1	protein_coding	1550	792	758	20.5327	5.0919	5.5055
ENSG00000156504.16	FAM122B	protein_coding	2716	1473	1417	34.9737	8.6731	9.3776
ENSG00000156508.19	EEF1A1	protein_coding	269786	133860	136118	1520.3773	377.0382	407.6639
ENSG00000156509.14	FBXO43	protein_coding	80	42	38	1.1410	0.2830	0.3060
ENSG00000156510.13	HKDC1	protein_coding	1	0	1	0.0134	0.0033	0.0036
ENSG00000156515.24	HK1	protein_coding	17852	9091	8761	160.8750	39.8954	43.1360
ENSG00000156521.14	TYSND1	protein_coding	2124	1107	1018	26.0662	6.4642	6.9892
ENSG00000156531.17	PHF6	protein_coding	2972	1474	1498	21.1816	5.2528	5.6795
ENSG00000156535.15	CD109	protein_coding	10965	5550	5481	63.5683	15.7643	17.0448
ENSG00000156564.9	LRFN2	protein_coding	38	20	18	0.6811	0.1689	0.1826
ENSG00000156574.10	NODAL	protein_coding	6	7	8	0.1631	0.0405	0.0437
ENSG00000156575.2	PRG3	protein_coding	0	0	1	0.0000	0.0000	0.0000
ENSG00000156587.16	UBE2L6	protein_coding	9493	4663	4830	261.0804	64.7453	70.0044
ENSG00000156599.11	ZDHHC5	protein_coding	7383	3615	3768	77.1921	19.1429	20.6978
ENSG00000156603.19	MED19	protein_coding	721	361	360	21.7836	5.4021	5.8409
ENSG00000156639.12	ZFAND3	protein_coding	6876	3438	3438	102.3996	25.3941	27.4568
ENSG00000156642.17	NPTN	protein_coding	9847	4983	4866	138.4978	34.3461	37.1359
ENSG00000156650.14	KAT6B	protein_coding	5600	2916	2918	9.7731	2.4236	2.6205
ENSG00000156671.15	SAMD8	protein_coding	3680	1862	1818	28.5567	7.0818	7.6570
ENSG00000156675.16	RAB11FIP1	protein_coding	7298	6746	6548	42.9682	10.6557	11.5212
ENSG00000156687.11	UNC5D	protein_coding	1	0	1	0.0053	0.0013	0.0014
ENSG00000156689.7	GLYATL2	protein_coding	52	32	20	1.6774	0.4160	0.4498
ENSG00000156697.13	UTP14A	protein_coding	1969	1128	1127	27.3212	6.7754	7.3257
ENSG00000156709.15	AIFM1	protein_coding	3089	1508	1581	13.3805	3.3182	3.5878
ENSG00000156711.17	MAPK13	protein_coding	4992	2453	2539	40.2468	9.9808	10.7915
ENSG00000156735.11	BAG4	protein_coding	3725	1952	1854	43.9269	10.8934	11.7783
ENSG00000156738.18	MS4A1	protein_coding	14	10	4	0.1664	0.0413	0.0446
ENSG00000156755.10	IGKV1OR-2	IG_V_pseudogene	1	1	0	0.1620	0.0402	0.0434
ENSG00000156787.17	TBC1D31	protein_coding	756	547	548	4.9800	1.2350	1.3353
ENSG00000156795.8	NTAQ1	protein_coding	1287	659	628	14.8074	3.6721	3.9704
ENSG00000156802.13	ATAD2	protein_coding	5196	2610	2587	41.5021	10.2921	11.1281
ENSG00000156804.7	FBXO32	protein_coding	8808	4373	4435	67.5458	16.7507	18.1113
ENSG00000156831.8	NSMCE2	protein_coding	2696	1330	1374	51.1167	12.6764	13.7061
ENSG00000156853.13	ZNF689	protein_coding	1451	699	752	19.7708	4.9030	5.3012
ENSG00000156858.12	PRR14	protein_coding	2051	1032	1020	30.9012	7.6632	8.2856
ENSG00000156860.16	FBRS	protein_coding	4561	2253	2310	35.8545	8.8915	9.6138
ENSG00000156869.14	FRRS1	protein_coding	873	435	438	5.7407	1.4236	1.5393
ENSG00000156873.16	PHKG2	protein_coding	1127	719	728	8.5376	2.1172	2.2892
ENSG00000156875.14	MFSD14A	protein_coding	49	22	27	0.9436	0.2340	0.2530
ENSG00000156876.10	SASS6	protein_coding	702	359	343	10.0228	2.4855	2.6874
ENSG00000156885.6	COX6A2	protein_coding	1	1	0	0.1199	0.0297	0.0321
ENSG00000156886.12	ITGAD	protein_coding	22	11	11	0.2843	0.0705	0.0762
ENSG00000156920.11	ADGRG4	protein_coding	0	0	0	0.0000	0.0000	0.0000
ENSG00000156925.12	ZIC3	protein_coding	0	0	0	0.0000	0.0000	0.0000
ENSG00000156928.5	MALSU1	protein_coding	1153	630	558	17.6149	4.3683	4.7231
ENSG00000156931.16	VPS8	protein_coding	3297	1692	1605	18.0371	4.4730	4.8364
ENSG00000156958.15	GALK2	protein_coding	770	542	564	5.9467	1.4747	1.5945
ENSG00000156959.9	LHFPL4	protein_coding	4	3	1	0.0424	0.0105	0.0114
ENSG00000156966.7	B3GNT7	protein_coding	660	344	316	10.2854	2.5507	2.7579
ENSG00000156968.9	MPV17L	protein_coding	2442	1254	1188	23.0349	5.7124	6.1764
ENSG00000156970.13	BUB1B	protein_coding	749	386	363	9.5173	2.3602	2.5519
ENSG00000156973.14	PDE6D	protein_coding	1119	578	568	22.4711	5.5726	6.0253
ENSG00000156976.17	EIF4A2	protein_coding	21751	11390	11049	201.2233	49.9013	53.9547
ENSG00000156983.16	BRPF1	protein_coding	2028	984	1044	18.8568	4.6763	5.0561
ENSG00000156990.14	RPUSD3	protein_coding	1433	736	700	15.1955	3.7683	4.0744
ENSG00000157005.4	SST	protein_coding	0	0	0	0.0000	0.0000	0.0000
ENSG00000157014.11	TATDN2	protein_coding	1728	881	847	17.5870	4.3614	4.7157
ENSG00000157017.16	GHRL	protein_coding	16	22	14	0.4377	0.1085	0.1174
ENSG00000157020.18	SEC13	protein_coding	6667	3335	3337	70.2761	17.4278	18.8434
ENSG00000157021.9	CIBAR1P1	unprocessed_pseudogene	30	18	12	1.9116	0.4741	0.5126
ENSG00000157036.13	EXOG	protein_coding	524	249	275	5.3302	1.3218	1.4292
ENSG00000157045.9	NTAN1	protein_coding	1402	1150	1111	22.4661	5.5714	6.0239
ENSG00000157060.16	SHCBP1L	protein_coding	0	0	0	0.0000	0.0000	0.0000
ENSG00000157064.11	NMNAT2	protein_coding	36	23	20	0.2940	0.0729	0.0788
ENSG00000157077.15	ZFYVE9	protein_coding	2322	1276	1229	16.5117	4.0947	4.4273
ENSG00000157087.20	ATP2B2	protein_coding	11	5	6	0.0608	0.0151	0.0163
ENSG00000157093.9	LYZL4	protein_coding	1	1	1	0.0557	0.0138	0.0149
ENSG00000157103.12	SLC6A1	protein_coding	340	180	161	1.0570	0.2621	0.2834
ENSG00000157106.17	SMG1	protein_coding	13115	6911	6751	28.6775	7.1117	7.6894
ENSG00000157107.14	FCHO2	protein_coding	4715	2333	2382	44.0724	10.9295	11.8173
ENSG00000157110.16	RBPMS	protein_coding	1718	958	953	10.9543	2.7166	2.9372
ENSG00000157111.13	TMEM171	protein_coding	6	3	3	0.2722	0.0675	0.0730
ENSG00000157119.12	KLHL40	protein_coding	0	0	0	0.0000	0.0000	0.0000
ENSG00000157131.11	C8A	protein_coding	0	0	0	0.0000	0.0000	0.0000
ENSG00000157150.5	TIMP4	protein_coding	5	2	3	0.2375	0.0589	0.0637
ENSG00000157152.17	SYN2	protein_coding	38	20	18	0.3405	0.0844	0.0913
ENSG00000157168.20	NRG1	protein_coding	1264	593	671	3.3499	0.8307	0.8982
ENSG00000157181.16	ODR4	protein_coding	2762	1401	1361	38.4564	9.5368	10.3114
ENSG00000157184.7	CPT2	protein_coding	542	838	820	3.0466	0.7555	0.8169
ENSG00000157191.20	NECAP2	protein_coding	3800	1950	1853	39.1103	9.6990	10.4868
ENSG00000157193.18	LRP8	protein_coding	581	430	376	1.6752	0.4154	0.4492
ENSG00000157211.11	CDCP2	protein_coding	0	0	0	0.0000	0.0000	0.0000
ENSG00000157212.19	PAXIP1	protein_coding	1508	1101	1130	8.8318	2.1902	2.3681
ENSG00000157214.14	STEAP2	protein_coding	1823	889	934	11.8558	2.9401	3.1789
ENSG00000157216.15	SSBP3	protein_coding	4147	2036	2164	44.9926	11.1577	12.0640
ENSG00000157219.5	HTR5A	protein_coding	0	0	0	0.0000	0.0000	0.0000
ENSG00000157224.16	CLDN12	protein_coding	3236	1601	1635	27.3574	6.7844	7.3354
ENSG00000157227.13	MMP14	protein_coding	76577	38059	38522	974.1318	241.5749	261.1972
ENSG00000157240.4	FZD1	protein_coding	10550	5116	5434	86.7842	21.5216	23.2697
ENSG00000157259.8	GATAD1	protein_coding	3854	1941	1920	34.4895	8.5531	9.2478
ENSG00000157303.11	SUSD3	protein_coding	7281	3618	3663	328.2236	81.3961	88.0077
ENSG00000157306.14	ZFHX2-AS1	lncRNA	42	36	33	0.4673	0.1159	0.1253
ENSG00000157315.5	TMED6	protein_coding	30	14	18	1.2275	0.3044	0.3291
ENSG00000157322.17	CLEC18A	protein_coding	0	0	0	0.0000	0.0000	0.0000
ENSG00000157326.19	DHRS4	protein_coding	444	431	396	11.6733	2.8949	3.1300
ENSG00000157330.10	C1orf158	protein_coding	0	0	0	0.0000	0.0000	0.0000
ENSG00000157335.21	CLEC18C	protein_coding	0	0	0	0.0000	0.0000	0.0000
ENSG00000157343.9	ARMC12	protein_coding	37	23	18	1.4797	0.3670	0.3968
ENSG00000157349.17	DDX19B	protein_coding	702	407	446	8.9361	2.2161	2.3961
ENSG00000157350.13	ST3GAL2	protein_coding	1628	892	999	9.4740	2.3494	2.5403
ENSG00000157353.17	FCSK	protein_coding	950	480	470	7.4505	1.8476	1.9977
ENSG00000157368.11	IL34	protein_coding	63	34	29	1.6000	0.3968	0.4290
ENSG00000157379.14	DHRS1	protein_coding	2088	1050	1078	23.9261	5.9334	6.4154
ENSG00000157388.19	CACNA1D	protein_coding	4271	2815	2758	12.6255	3.1310	3.3853
ENSG00000157399.16	ARSL	protein_coding	392	198	194	7.3078	1.8123	1.9595
ENSG00000157404.16	KIT	protein_coding	1926	943	983	19.6339	4.8690	5.2645
ENSG00000157423.18	HYDIN	protein_coding	122	64	58	0.2410	0.0598	0.0646
ENSG00000157426.14	AASDH	protein_coding	1184	581	605	14.4273	3.5778	3.8684
ENSG00000157429.16	ZNF19	protein_coding	251	136	135	1.5430	0.3826	0.4137
ENSG00000157445.15	CACNA2D3	protein_coding	26	13	13	0.3125	0.0775	0.0838
ENSG00000157450.16	RNF111	protein_coding	3052	1513	1540	24.1292	5.9838	6.4698
ENSG00000157456.8	CCNB2	protein_coding	574	275	299	11.8240	2.9322	3.1704
ENSG00000157470.12	FAM81A	protein_coding	325	171	204	3.3083	0.8204	0.8871
ENSG00000157483.9	MYO1E	protein_coding	6058	3046	3067	37.8483	9.3860	10.1484
ENSG00000157500.12	APPL1	protein_coding	8108	4490	4572	61.1768	15.1712	16.4035
ENSG00000157502.13	PWWP3B	protein_coding	1954	1051	903	25.5149	6.3274	6.8414
ENSG00000157510.14	AFAP1L1	protein_coding	1376	697	679	11.8808	2.9463	3.1856
ENSG00000157514.16	TSC22D3	protein_coding	10245	5305	5288	121.9038	30.2309	32.6865
ENSG00000157538.14	VPS26C	protein_coding	3652	1902	1760	22.2669	5.5220	5.9705
ENSG00000157540.22	DYRK1A	protein_coding	5786	2917	2900	12.2604	3.0404	3.2874
ENSG00000157542.11	KCNJ6	protein_coding	67	37	30	0.1902	0.0472	0.0510
ENSG00000157551.19	KCNJ15	protein_coding	487	263	235	2.6704	0.6622	0.7160
ENSG00000157554.19	ERG	protein_coding	921	477	444	6.8887	1.7083	1.8471
ENSG00000157557.13	ETS2	protein_coding	2882	1590	1513	32.8387	8.1437	8.8051
ENSG00000157570.12	TSPAN18	protein_coding	2165	1207	1255	20.4152	5.0628	5.4740
ENSG00000157578.13	LCA5L	protein_coding	179	123	108	1.7379	0.4310	0.4660
ENSG00000157593.19	SLC35B2	protein_coding	3840	1977	1864	92.1567	22.8539	24.7103
ENSG00000157600.12	TMEM164	protein_coding	5997	2908	3089	51.6618	12.8116	13.8523
ENSG00000157601.14	MX1	protein_coding	25331	16231	15971	166.7271	41.3466	44.7051
ENSG00000157613.11	CREB3L1	protein_coding	4807	2368	2440	67.7616	16.8042	18.1691
ENSG00000157617.17	C2CD2	protein_coding	1407	692	715	9.1399	2.2666	2.4507
ENSG00000157625.15	TAB3	protein_coding	4319	2403	2341	19.2692	4.7786	5.1667
ENSG00000157637.13	SLC38A10	protein_coding	8686	4663	4427	62.2971	15.4490	16.7039
ENSG00000157653.12	C9orf43	protein_coding	115	224	238	2.9114	0.7220	0.7807
ENSG00000157654.19	PALM2AKAP2	protein_coding	6443	3196	3247	19.9216	4.9404	5.3416
ENSG00000157657.14	ZNF618	protein_coding	2175	1043	1132	11.8783	2.9457	3.1850
ENSG00000157680.15	DGKI	protein_coding	391	207	184	1.4260	0.3536	0.3824
ENSG00000157693.15	TMEM268	protein_coding	2722	1357	1368	32.2130	7.9885	8.6374
ENSG00000157703.16	SVOPL	protein_coding	27	11	16	0.2426	0.0602	0.0650
ENSG00000157734.14	SNX22	protein_coding	172	7409	7335	1.6914	0.4194	0.4535
ENSG00000157741.15	UBN2	protein_coding	2934	1470	1464	10.0028	2.4806	2.6821
ENSG00000157764.14	BRAF	protein_coding	3667	2151	2262	8.8745	2.2008	2.3795
ENSG00000157765.13	SLC34A2	protein_coding	123	58	65	1.3826	0.3429	0.3707
ENSG00000157766.19	ACAN	protein_coding	983	493	490	5.1077	1.2667	1.3696
ENSG00000157778.9	PSMG3	protein_coding	1489	694	817	42.7984	10.6136	11.4757
ENSG00000157782.9	CABP1	protein_coding	15	9	6	0.1452	0.0360	0.0389
ENSG00000157796.18	WDR19	protein_coding	2142	1132	1010	13.8462	3.4337	3.7126
ENSG00000157800.18	SLC37A3	protein_coding	3503	1728	1783	18.7623	4.6529	5.0308
ENSG00000157823.17	AP3S2	protein_coding	1270	631	640	7.7971	1.9336	2.0907
ENSG00000157827.20	FMNL2	protein_coding	1798	1123	970	15.5103	3.8464	4.1588
ENSG00000157833.13	GAREM2	protein_coding	601	322	279	5.7359	1.4224	1.5380
ENSG00000157837.16	SPPL3	protein_coding	4753	2363	2390	40.4779	10.0381	10.8535
ENSG00000157851.17	DPYSL5	protein_coding	0	0	0	0.0000	0.0000	0.0000
ENSG00000157856.12	DRC1	protein_coding	20	9	11	0.3726	0.0924	0.0999
ENSG00000157869.16	RAB28	protein_coding	1079	530	550	27.5507	6.8323	7.3873
ENSG00000157870.17	PRXL2B	protein_coding	1844	1189	1186	31.0214	7.6930	8.3179
ENSG00000157873.17	TNFRSF14	protein_coding	1281	896	802	11.6812	2.8968	3.1321
ENSG00000157881.16	PANK4	protein_coding	1259	654	605	14.0769	3.4909	3.7745
ENSG00000157884.11	CIB4	protein_coding	0	0	0	0.0000	0.0000	0.0000
ENSG00000157890.17	MEGF11	protein_coding	11	8	3	0.0635	0.0157	0.0170
ENSG00000157895.11	C12orf43	protein_coding	1218	623	696	11.2496	2.7898	3.0164
ENSG00000157911.11	PEX10	protein_coding	922	1672	1680	13.8251	3.4285	3.7070
ENSG00000157916.20	RER1	protein_coding	6079	4221	4288	60.5976	15.0276	16.2482
ENSG00000157927.17	RADIL	protein_coding	346	155	191	3.0127	0.7471	0.8078
ENSG00000157933.10	SKI	protein_coding	5918	2898	3020	51.2381	12.7065	13.7386
ENSG00000157954.15	WIPI2	protein_coding	4771	2442	2329	30.1195	7.4693	8.0760
ENSG00000157965.12	SSX8P	transcribed_unprocessed_pseudogene	0	0	0	0.0000	0.0000	0.0000
ENSG00000157978.12	LDLRAP1	protein_coding	2506	1251	1255	26.4597	6.5617	7.0947
ENSG00000157985.19	AGAP1	protein_coding	4693	2303	2390	19.0699	4.7291	5.1133
ENSG00000157992.12	KRTCAP3	protein_coding	647	390	399	26.1521	6.4854	7.0122
ENSG00000157999.6	ANKRD61	protein_coding	41	15	26	1.6339	0.4052	0.4381
ENSG00000158006.14	PAFAH2	protein_coding	1606	802	805	23.9990	5.9515	6.4349
ENSG00000158008.10	EXTL1	protein_coding	423	190	233	5.2814	1.3097	1.4161
ENSG00000158014.15	SLC30A2	protein_coding	105	49	56	1.7096	0.4240	0.4584
ENSG00000158019.21	BABAM2	protein_coding	1938	943	1042	32.4009	8.0351	8.6878
ENSG00000158022.7	TRIM63	protein_coding	13	6	7	0.2862	0.0710	0.0767
ENSG00000158023.10	CFAP251	protein_coding	787	377	410	2.9009	0.7194	0.7778
ENSG00000158042.9	MRPL17	protein_coding	3760	1885	1875	81.6346	20.2445	21.8890
ENSG00000158050.5	DUSP2	protein_coding	216	103	113	6.3501	1.5748	1.7027
ENSG00000158055.16	GRHL3	protein_coding	473	228	245	6.8691	1.7035	1.8418
ENSG00000158062.20	UBXN11	protein_coding	1073	1987	1945	12.9358	3.2079	3.4685
ENSG00000158077.5	NLRP14	protein_coding	3	2	1	0.0446	0.0111	0.0120
ENSG00000158079.16	PTPDC1	protein_coding	698	366	332	6.2150	1.5413	1.6665
ENSG00000158089.15	GALNT14	protein_coding	1011	494	518	13.1984	3.2731	3.5389
ENSG00000158092.7	NCK1	protein_coding	2011	1082	1015	20.6976	5.1328	5.5497
ENSG00000158104.11	HPD	protein_coding	22	14	9	0.5612	0.1392	0.1505
ENSG00000158106.14	RHPN1	protein_coding	1210	582	629	16.4004	4.0671	4.3975
ENSG00000158109.15	TPRG1L	protein_coding	3799	1880	1919	89.7298	22.2521	24.0595
ENSG00000158113.13	LRRC43	protein_coding	23	15	8	0.4710	0.1168	0.1263
ENSG00000158122.12	PRXL2C	protein_coding	1665	842	823	30.4784	7.5583	8.1723
ENSG00000158125.10	XDH	protein_coding	42	21	22	0.3928	0.0974	0.1053
ENSG00000158156.9	XKR8	protein_coding	775	401	376	8.4846	2.1041	2.2750
ENSG00000158158.12	CNNM4	protein_coding	2440	1216	1224	27.1958	6.7443	7.2921
ENSG00000158161.16	EYA3	protein_coding	3219	1607	1613	28.4168	7.0471	7.6195
ENSG00000158163.15	DZIP1L	protein_coding	285	140	146	3.2036	0.7945	0.8590
ENSG00000158164.7	TMSB15A	protein_coding	19	8	11	1.6995	0.4215	0.4557
ENSG00000158169.13	FANCC	protein_coding	681	343	340	3.0150	0.7477	0.8084
ENSG00000158186.13	MRAS	protein_coding	2353	1177	1176	21.3229	5.2879	5.7174
ENSG00000158195.11	WASF2	protein_coding	9523	4769	4754	95.0623	23.5745	25.4894
ENSG00000158201.10	ABHD3	protein_coding	1063	503	560	13.8996	3.4470	3.7270
ENSG00000158220.14	ESYT3	protein_coding	177	90	87	1.0226	0.2536	0.2742
ENSG00000158234.12	FAIM	protein_coding	797	441	356	11.0997	2.7526	2.9762
ENSG00000158246.8	TENT5B	protein_coding	298	153	145	7.0947	1.7594	1.9023
ENSG00000158258.16	CLSTN2	protein_coding	45694	22863	22831	177.5353	44.0270	47.6031
ENSG00000158270.12	COLEC12	protein_coding	4616	2340	2352	35.6494	8.8407	9.5588
ENSG00000158286.13	RNF207	protein_coding	552	326	327	4.7466	1.1771	1.2727
ENSG00000158290.18	CUL4B	protein_coding	7183	3683	3501	50.4206	12.5038	13.5194
ENSG00000158292.7	GPR153	protein_coding	732	368	364	9.8884	2.4522	2.6514
ENSG00000158296.14	SLC13A3	protein_coding	404	196	208	3.7838	0.9383	1.0146
ENSG00000158301.18	GPRASP2	protein_coding	895	427	468	12.7687	3.1665	3.4237
ENSG00000158315.11	RHBDL2	protein_coding	158	79	103	3.1706	0.7863	0.8501
ENSG00000158321.18	AUTS2	protein_coding	2950	1481	1469	6.7222	1.6670	1.8024
ENSG00000158352.16	SHROOM4	protein_coding	1322	597	725	7.4133	1.8384	1.9877
ENSG00000158373.8	H2BC5	protein_coding	898	461	438	58.4679	14.4995	15.6772
ENSG00000158402.20	CDC25C	protein_coding	392	275	192	6.6598	1.6516	1.7857
ENSG00000158406.5	H4C8	protein_coding	753	382	371	19.7423	4.8959	5.2936
ENSG00000158411.11	MITD1	protein_coding	783	429	476	10.3145	2.5579	2.7657
ENSG00000158417.11	EIF5B	protein_coding	11124	5642	5900	80.2087	19.8910	21.5066
ENSG00000158423.17	RIBC1	protein_coding	386	198	195	7.3137	1.8137	1.9611
ENSG00000158427.15	TMSB15B	protein_coding	9	6	5	0.0924	0.0229	0.0248
ENSG00000158428.4	CATIP	protein_coding	96	83	94	1.4252	0.3534	0.3821
ENSG00000158435.8	CNOT11	protein_coding	2746	1434	1312	57.6335	14.2925	15.4535
ENSG00000158445.10	KCNB1	protein_coding	92	66	59	0.2943	0.0730	0.0789
ENSG00000158457.6	TSPAN33	protein_coding	678	328	350	10.8922	2.7011	2.9206
ENSG00000158458.21	NRG2	protein_coding	14	9	7	0.1726	0.0428	0.0463
ENSG00000158467.16	AHCYL2	protein_coding	1326	672	660	10.9649	2.7192	2.9401
ENSG00000158470.5	B4GALT5	protein_coding	9551	4795	4756	114.7050	28.4457	30.7562
ENSG00000158473.8	CD1D	protein_coding	56	31	25	0.7286	0.1807	0.1953
ENSG00000158477.7	CD1A	protein_coding	10	5	5	0.3135	0.0777	0.0841
ENSG00000158480.11	SPATA2	protein_coding	1469	738	731	19.4143	4.8146	5.2056
ENSG00000158481.13	CD1C	protein_coding	6	1	5	0.1393	0.0346	0.0374
ENSG00000158482.10	SNX29P1	unprocessed_pseudogene	1	0	1	0.0563	0.0140	0.0151
ENSG00000158483.17	FAM86C1P	transcribed_unprocessed_pseudogene	281	228	224	4.7244	1.1716	1.2668
ENSG00000158485.11	CD1B	protein_coding	0	0	0	0.0000	0.0000	0.0000
ENSG00000158486.13	DNAH3	protein_coding	4	4	0	0.0152	0.0038	0.0041
ENSG00000158488.16	CD1E	protein_coding	4	2	2	0.1030	0.0255	0.0276
ENSG00000158497.5	HMHB1	protein_coding	1	0	1	0.1477	0.0366	0.0396
ENSG00000158516.12	CPA2	protein_coding	1	0	1	0.0316	0.0078	0.0085
ENSG00000158517.15	NCF1	protein_coding	202	103	99	3.2516	0.8064	0.8719
ENSG00000158525.16	CPA5	protein_coding	2	1	1	0.0383	0.0095	0.0103
ENSG00000158526.8	TSR2	protein_coding	4562	3049	2779	63.4718	15.7404	17.0189
ENSG00000158528.12	PPP1R9A	protein_coding	672	325	347	3.4044	0.8443	0.9128
ENSG00000158545.16	ZC3H18	protein_coding	1747	865	882	11.4880	2.8489	3.0803
ENSG00000158552.13	ZFAND2B	protein_coding	992	500	493	16.5557	4.1056	4.4391
ENSG00000158553.4	POM121L2	protein_coding	0	0	0	0.0000	0.0000	0.0000
ENSG00000158555.15	GDPD5	protein_coding	455	234	222	2.6051	0.6460	0.6985
ENSG00000158560.14	DYNC1I1	protein_coding	152	68	84	1.8870	0.4680	0.5060
ENSG00000158571.11	PFKFB1	protein_coding	99	45	54	2.5896	0.6422	0.6944
ENSG00000158578.21	ALAS2	protein_coding	8	4	5	0.2216	0.0550	0.0594
ENSG00000158604.15	TMED4	protein_coding	8268	4153	4115	124.4038	30.8509	33.3568
ENSG00000158615.9	PPP1R15B	protein_coding	5250	2690	2560	56.6129	14.0394	15.1798
ENSG00000158623.14	COPG2	protein_coding	3852	2616	2655	52.7777	13.0883	14.1515
ENSG00000158636.16	EMSY	protein_coding	2172	1088	1084	10.4535	2.5924	2.8029
ENSG00000158639.13	PAGE5	protein_coding	2	0	2	0.1508	0.0374	0.0404
ENSG00000158669.11	GPAT4	protein_coding	10954	7822	7644	78.2468	19.4044	20.9806
ENSG00000158683.9	PKD1L1	protein_coding	22	8	14	0.1216	0.0301	0.0326
ENSG00000158691.14	ZSCAN12	protein_coding	526	261	265	5.4285	1.3462	1.4556
ENSG00000158710.15	TAGLN2	protein_coding	33123	16486	16637	830.4175	205.9352	222.6626
ENSG00000158711.14	ELK4	protein_coding	5081	2547	2546	23.6357	5.8614	6.3375
ENSG00000158714.11	SLAMF8	protein_coding	172	502	502	3.0693	0.7611	0.8230
ENSG00000158715.6	SLC45A3	protein_coding	284	148	136	4.2925	1.0645	1.1510
ENSG00000158716.9	DUSP23	protein_coding	1241	638	603	85.0992	21.1038	22.8179
ENSG00000158717.11	RNF166	protein_coding	424	286	283	5.4935	1.3623	1.4730
ENSG00000158731.2	OR10J6P	unprocessed_pseudogene	1	1	0	0.0610	0.0151	0.0164
ENSG00000158747.15	NBL1	protein_coding	18651	9578	9074	306.7569	76.0726	82.2518
ENSG00000158748.4	HTR6	protein_coding	4	2	2	0.0597	0.0148	0.0160
ENSG00000158764.7	ITLN2	protein_coding	0	0	0	0.0000	0.0000	0.0000
ENSG00000158769.18	F11R	protein_coding	5183	2716	2470	58.0770	14.4025	15.5724
ENSG00000158773.14	USF1	protein_coding	3008	1570	1439	73.0238	18.1092	19.5801
ENSG00000158786.5	PLA2G2F	protein_coding	2	2	0	0.0176	0.0044	0.0047
ENSG00000158792.16	SPATA2L	protein_coding	438	223	215	10.0644	2.4959	2.6986
ENSG00000158793.14	NIT1	protein_coding	1214	1112	1126	18.1460	4.5000	4.8655
ENSG00000158796.17	DEDD	protein_coding	1622	1381	1264	32.6067	8.0861	8.7430
ENSG00000158805.12	ZNF276	protein_coding	343	387	396	2.6088	0.6470	0.6995
ENSG00000158806.14	NPM2	protein_coding	11	3	8	0.3024	0.0750	0.0811
ENSG00000158813.18	EDA	protein_coding	95	100	89	0.7694	0.1908	0.2063
ENSG00000158815.11	FGF17	protein_coding	2	2	0	0.0345	0.0086	0.0093
ENSG00000158816.15	VWA5B1	protein_coding	3	2	1	0.0267	0.0066	0.0072
ENSG00000158825.6	CDA	protein_coding	27	14	13	1.8673	0.4631	0.5007
ENSG00000158828.8	PINK1	protein_coding	1391	3212	3165	16.3219	4.0477	4.3764
ENSG00000158850.15	B4GALT3	protein_coding	1717	932	939	25.0311	6.2075	6.7117
ENSG00000158856.18	DMTN	protein_coding	85	24	61	1.0777	0.2672	0.2890
ENSG00000158859.10	ADAMTS4	protein_coding	3386	1674	1712	18.5742	4.6062	4.9804
ENSG00000158863.22	FAM160B2	protein_coding	1468	742	726	10.0301	2.4874	2.6894
ENSG00000158864.13	NDUFS2	protein_coding	5833	3040	2793	37.1757	9.2192	9.9680
ENSG00000158865.12	SLC5A11	protein_coding	41	21	20	0.6809	0.1688	0.1826
ENSG00000158869.11	FCER1G	protein_coding	3131	1542	1589	184.1898	45.6772	49.3874
ENSG00000158874.11	APOA2	protein_coding	0	0	0	0.0000	0.0000	0.0000
ENSG00000158882.15	TOMM40L	protein_coding	690	571	610	11.8900	2.9486	3.1881
ENSG00000158887.19	MPZ	protein_coding	27	10	17	0.7122	0.1766	0.1910
ENSG00000158901.12	WFDC8	protein_coding	0	0	0	0.0000	0.0000	0.0000
ENSG00000158941.16	CCAR2	protein_coding	2482	2266	2187	21.5418	5.3422	5.7761
ENSG00000158955.11	WNT9B	protein_coding	10	5	5	0.0821	0.0204	0.0220
ENSG00000158966.16	CACHD1	protein_coding	623	315	308	5.0314	1.2477	1.3491
ENSG00000158985.14	CDC42SE2	protein_coding	5723	2895	2828	53.8764	13.3608	14.4460
ENSG00000158987.22	RAPGEF6	protein_coding	1558	801	757	7.8670	1.9509	2.1094
ENSG00000159023.22	EPB41	protein_coding	3656	2178	2309	10.3702	2.5717	2.7806
ENSG00000159055.4	MIS18A	protein_coding	677	336	341	22.6639	5.6204	6.0769
ENSG00000159063.13	ALG8	protein_coding	3642	1795	1847	60.0226	14.8850	16.0941
ENSG00000159069.14	FBXW5	protein_coding	3033	1509	1524	52.2166	12.9492	14.0010
ENSG00000159079.19	CFAP298	protein_coding	383	188	196	4.0200	0.9969	1.0779
ENSG00000159082.18	SYNJ1	protein_coding	1224	569	655	8.6099	2.1352	2.3086
ENSG00000159086.15	PAXBP1	protein_coding	1862	1098	1088	14.7767	3.6645	3.9621
ENSG00000159110.20	IFNAR2	protein_coding	54	415	424	0.6637	0.1646	0.1780
ENSG00000159111.13	MRPL10	protein_coding	3749	1900	1849	76.7253	19.0271	20.5726
ENSG00000159128.15	IFNGR2	protein_coding	3308	2778	2824	76.7894	19.0430	20.5898
ENSG00000159131.17	GART	protein_coding	4292	2113	2181	31.4023	7.7875	8.4200
ENSG00000159140.21	SON	protein_coding	19293	11363	11286	85.7987	21.2772	23.0055
ENSG00000159147.18	DONSON	protein_coding	768	2023	2098	12.4048	3.0763	3.3261
ENSG00000159164.10	SV2A	protein_coding	2342	1156	1187	27.7507	6.8819	7.4409
ENSG00000159166.15	LAD1	protein_coding	69	39	30	1.1999	0.2976	0.3217
ENSG00000159167.12	STC1	protein_coding	2327	1180	1147	31.9217	7.9162	8.5593
ENSG00000159173.19	TNNI1	protein_coding	6	0	6	0.0452	0.0112	0.0121
ENSG00000159176.14	CSRP1	protein_coding	15355	7496	7879	84.3944	20.9290	22.6290
ENSG00000159182.5	PRAC1	protein_coding	0	0	0	0.0000	0.0000	0.0000
ENSG00000159184.8	HOXB13	protein_coding	0	0	0	0.0000	0.0000	0.0000
ENSG00000159186.4	ATP5POP1	processed_pseudogene	0	0	0	0.0000	0.0000	0.0000
ENSG00000159189.12	C1QC	protein_coding	12440	6374	6068	529.6337	131.3438	142.0125
ENSG00000159197.4	KCNE2	protein_coding	0	15	7	0.0000	0.0000	0.0000
ENSG00000159199.14	ATP5MC1	protein_coding	3504	1792	1713	75.9892	18.8446	20.3752
ENSG00000159200.18	RCAN1	protein_coding	2711	1344	1367	22.0765	5.4747	5.9194
ENSG00000159202.18	UBE2Z	protein_coding	10951	5491	5460	108.6668	26.9483	29.1372
ENSG00000159208.16	CIART	protein_coding	586	282	305	11.6645	2.8927	3.1276
ENSG00000159210.10	SNF8	protein_coding	1924	2016	2065	21.8438	5.4171	5.8571
ENSG00000159212.13	CLIC6	protein_coding	9849	4883	4966	131.2659	32.5526	35.1968
ENSG00000159214.13	CCDC24	protein_coding	778	464	456	12.3829	3.0708	3.3203
ENSG00000159216.19	RUNX1	protein_coding	18412	9252	9160	67.0440	16.6262	17.9767
ENSG00000159217.10	IGF2BP1	protein_coding	5	6	0	0.0294	0.0073	0.0079
ENSG00000159224.4	GIP	protein_coding	1	0	1	0.0792	0.0196	0.0212
ENSG00000159228.13	CBR1	protein_coding	1721	1170	1121	39.8359	9.8789	10.6813
ENSG00000159231.6	CBR3	protein_coding	63	134	140	3.5799	0.8878	0.9599
ENSG00000159239.13	AC005041.1	protein_coding	12	8	5	0.0968	0.0240	0.0259
ENSG00000159247.13	TUBBP5	transcribed_unprocessed_pseudogene	70	41	30	1.4107	0.3498	0.3783
ENSG00000159248.5	GJD2	protein_coding	0	0	0	0.0000	0.0000	0.0000
ENSG00000159251.8	ACTC1	protein_coding	1	2	1	0.0248	0.0061	0.0066
ENSG00000159256.13	MORC3	protein_coding	2817	1438	1415	24.9301	6.1824	6.6846
ENSG00000159259.8	CHAF1B	protein_coding	880	435	445	9.7776	2.4247	2.6217
ENSG00000159261.12	CLDN14	protein_coding	40	28	26	0.9523	0.2362	0.2553
ENSG00000159263.16	SIM2	protein_coding	6	47	55	0.0444	0.0110	0.0119
ENSG00000159267.15	HLCS	protein_coding	3076	1564	1616	16.5833	4.1125	4.4465
ENSG00000159289.6	GOLGA6A	protein_coding	0	0	0	0.0000	0.0000	0.0000
ENSG00000159307.19	SCUBE1	protein_coding	943	494	496	4.4116	1.0940	1.1829
ENSG00000159314.11	ARHGAP27	protein_coding	1191	593	691	6.4782	1.6065	1.7370
ENSG00000159322.17	ADPGK	protein_coding	2678	1377	1346	25.6060	6.3500	6.8658
ENSG00000159335.18	PTMS	protein_coding	21041	10817	10229	802.4442	198.9981	215.1621
ENSG00000159337.7	PLA2G4D	protein_coding	2	2	0	0.0220	0.0055	0.0059
ENSG00000159339.13	PADI4	protein_coding	4	0	4	0.0764	0.0189	0.0205
ENSG00000159346.13	ADIPOR1	protein_coding	9400	4639	4761	171.2412	42.4661	45.9155
ENSG00000159348.13	CYB5R1	protein_coding	7594	3823	3771	95.8077	23.7593	25.6892
ENSG00000159352.16	PSMD4	protein_coding	8925	4457	4468	167.5394	41.5481	44.9229
ENSG00000159363.19	ATP13A2	protein_coding	2728	1400	1464	29.4508	7.3035	7.8967
ENSG00000159374.17	M1AP	protein_coding	799	380	419	15.1038	3.7456	4.0498
ENSG00000159377.11	PSMB4	protein_coding	9992	5076	4916	266.6570	66.1282	71.4996
ENSG00000159387.8	IRX6	protein_coding	14	7	7	0.2689	0.0667	0.0721
ENSG00000159388.6	BTG2	protein_coding	10939	5448	5491	225.0092	55.8000	60.3325
ENSG00000159398.16	CES5A	protein_coding	1	0	2	0.0177	0.0044	0.0047
ENSG00000159399.10	HK2	protein_coding	8365	4271	4094	80.1587	19.8785	21.4932
ENSG00000159403.18	C1R	protein_coding	40829	20488	20343	399.0025	98.9486	106.9859
ENSG00000159409.15	CELF3	protein_coding	17	6	13	0.1423	0.0353	0.0382
ENSG00000159423.17	ALDH4A1	protein_coding	1060	550	510	16.5508	4.1044	4.4378
ENSG00000159433.12	STARD9	protein_coding	794	408	386	2.1673	0.5375	0.5811
ENSG00000159445.13	THEM4	protein_coding	1757	856	901	14.3635	3.5620	3.8513
ENSG00000159450.12	TCHH	protein_coding	103	47	56	0.8350	0.2071	0.2239
ENSG00000159455.9	LCE2B	protein_coding	0	0	0	0.0000	0.0000	0.0000
ENSG00000159459.12	UBR1	protein_coding	3644	1815	1829	20.8150	5.1619	5.5812
ENSG00000159461.15	AMFR	protein_coding	9609	5128	5152	94.5232	23.4408	25.3448
ENSG00000159479.17	MED8	protein_coding	2023	1279	1333	42.4276	10.5216	11.3763
ENSG00000159495.8	TGM7	protein_coding	0	0	0	0.0000	0.0000	0.0000
ENSG00000159496.14	RGL4	protein_coding	14	216	198	0.1684	0.0418	0.0451
ENSG00000159516.9	SPRR2G	protein_coding	0	0	0	0.0000	0.0000	0.0000
ENSG00000159527.3	PGLYRP3	protein_coding	0	0	0	0.0000	0.0000	0.0000
ENSG00000159556.10	ISL2	protein_coding	1	4	1	0.0261	0.0065	0.0070
ENSG00000159579.14	RSPRY1	protein_coding	2819	1427	1392	26.3891	6.5442	7.0758
ENSG00000159588.15	CCDC17	protein_coding	31	19	12	0.5290	0.1312	0.1419
ENSG00000159592.11	GPBP1L1	protein_coding	8008	4103	3906	61.0969	15.1514	16.3821
ENSG00000159593.15	NAE1	protein_coding	2211	1122	1095	26.1766	6.4915	7.0188
ENSG00000159596.7	TMEM69	protein_coding	1745	935	923	67.5487	16.7514	18.1121
ENSG00000159618.16	ADGRG5	protein_coding	54	23	31	0.5439	0.1349	0.1458
ENSG00000159625.15	DRC7	protein_coding	0	0	1	0.0000	0.0000	0.0000
ENSG00000159640.17	ACE	protein_coding	909	413	497	6.1625	1.5282	1.6524
ENSG00000159648.11	TEPP	protein_coding	7	3	4	0.1279	0.0317	0.0343
ENSG00000159650.9	UROC1	protein_coding	0	0	0	0.0000	0.0000	0.0000
ENSG00000159658.14	EFCAB14	protein_coding	14330	7515	7392	49.8194	12.3547	13.3582
ENSG00000159674.12	SPON2	protein_coding	4676	2365	2315	44.3067	10.9876	11.8801
ENSG00000159685.11	CHCHD6	protein_coding	927	456	471	19.0679	4.7286	5.1127
ENSG00000159692.16	CTBP1	protein_coding	3276	2571	2682	22.2121	5.5084	5.9558
ENSG00000159708.18	LRRC36	protein_coding	27	14	13	0.3811	0.0945	0.1022
ENSG00000159712.10	ANKRD18CP	unprocessed_pseudogene	5	4	1	0.0952	0.0236	0.0255
ENSG00000159713.11	TPPP3	protein_coding	1190	606	585	25.9457	6.4343	6.9569
ENSG00000159714.12	ZDHHC1	protein_coding	834	399	435	13.3945	3.3217	3.5915
ENSG00000159720.12	ATP6V0D1	protein_coding	4959	2468	2492	34.4807	8.5509	9.2454
ENSG00000159723.5	AGRP	protein_coding	3	1	2	0.3416	0.0847	0.0916
ENSG00000159733.14	ZFYVE28	protein_coding	613	293	321	3.6166	0.8969	0.9697
ENSG00000159753.14	CARMIL2	protein_coding	37	20	26	0.2750	0.0682	0.0737
ENSG00000159761.15	C16orf86	protein_coding	104	70	59	3.2949	0.8171	0.8835
ENSG00000159763.4	PIP	protein_coding	255	125	130	25.0191	6.2045	6.7085
ENSG00000159784.18	FAM131B	protein_coding	782	403	382	6.8969	1.7104	1.8493
ENSG00000159788.19	RGS12	protein_coding	1770	838	932	7.2975	1.8097	1.9567
ENSG00000159792.10	PSKH1	protein_coding	1036	597	649	14.7136	3.6488	3.9452
ENSG00000159840.16	ZYX	protein_coding	11523	6664	7013	200.0211	49.6032	53.6323
ENSG00000159842.15	ABR	protein_coding	4993	2592	2543	22.7871	5.6510	6.1100
ENSG00000159860.7	TCAF2P1	transcribed_unprocessed_pseudogene	1	12	12	0.0196	0.0049	0.0053
ENSG00000159871.15	LYPD5	protein_coding	261	120	141	2.7775	0.6888	0.7447
ENSG00000159873.10	CCDC117	protein_coding	7230	3575	3655	94.7788	23.5042	25.4134
ENSG00000159882.13	ZNF230	protein_coding	438	227	238	3.9508	0.9798	1.0594
ENSG00000159884.12	CCDC107	protein_coding	48	519	438	1.8657	0.4627	0.5003
ENSG00000159885.14	ZNF222	protein_coding	217	110	107	6.1500	1.5251	1.6490
ENSG00000159899.15	NPR2	protein_coding	986	548	586	12.6278	3.1316	3.3859
ENSG00000159904.11	ZNF890P	transcribed_unprocessed_pseudogene	2	2	0	0.0653	0.0162	0.0175
ENSG00000159905.15	ZNF221	protein_coding	74	37	37	1.5445	0.3830	0.4141
ENSG00000159915.12	ZNF233	protein_coding	25	12	17	0.3500	0.0868	0.0938
ENSG00000159917.17	ZNF235	protein_coding	287	309	307	2.7176	0.6739	0.7287
ENSG00000159921.19	GNE	protein_coding	3261	1624	1638	31.5798	7.8315	8.4676
ENSG00000159958.7	TNFRSF13C	protein_coding	19	8	11	0.2747	0.0681	0.0736
ENSG00000159961.2	OR3A3	protein_coding	0	0	0	0.0000	0.0000	0.0000
ENSG00000160007.19	ARHGAP35	protein_coding	16185	8060	8127	78.8125	19.5447	21.1323
ENSG00000160013.9	PTGIR	protein_coding	469	225	244	7.5624	1.8754	2.0277
ENSG00000160014.17	CALM3	protein_coding	10335	7067	6948	111.9575	27.7643	30.0195
ENSG00000160049.12	DFFA	protein_coding	2720	1613	1634	23.2832	5.7740	6.2430
ENSG00000160050.15	CCDC28B	protein_coding	258	170	185	5.6080	1.3907	1.5037
ENSG00000160051.12	IQCC	protein_coding	311	213	227	7.1607	1.7758	1.9200
ENSG00000160055.20	TMEM234	protein_coding	454	359	349	7.2098	1.7880	1.9332
ENSG00000160058.19	BSDC1	protein_coding	7202	3637	3566	60.5882	15.0253	16.2457
ENSG00000160062.15	ZBTB8A	protein_coding	982	482	501	7.8690	1.9514	2.1100
ENSG00000160072.20	ATAD3B	protein_coding	532	284	248	3.9253	0.9734	1.0525
ENSG00000160075.12	SSU72	protein_coding	6260	3084	3180	51.3086	12.7240	13.7576
ENSG00000160087.21	UBE2J2	protein_coding	1884	940	945	22.7759	5.6482	6.1070
ENSG00000160094.15	ZNF362	protein_coding	1974	1015	959	33.0808	8.2037	8.8701
ENSG00000160097.20	FNDC5	protein_coding	141	77	64	2.4996	0.6199	0.6702
ENSG00000160111.14	CPAMD8	protein_coding	487	251	240	2.7090	0.6718	0.7264
ENSG00000160113.5	NR2F6	protein_coding	2263	1129	1135	47.9576	11.8930	12.8590
ENSG00000160117.16	ANKLE1	protein_coding	38	21	17	0.6038	0.1497	0.1619
ENSG00000160124.9	CCDC58	protein_coding	968	468	501	31.4406	7.7969	8.4303
ENSG00000160131.13	VMA21	protein_coding	3471	1723	1756	38.5281	9.5546	10.3307
ENSG00000160145.15	KALRN	protein_coding	417	209	208	0.9656	0.2395	0.2589
ENSG00000160161.9	CILP2	protein_coding	4961	2464	2498	64.5271	16.0021	17.3019
ENSG00000160172.10	FAM86C2P	transcribed_unprocessed_pseudogene	254	146	139	4.2341	1.0500	1.1353
ENSG00000160179.19	ABCG1	protein_coding	6021	3033	2988	55.7835	13.8337	14.9574
ENSG00000160180.15	TFF3	protein_coding	204	104	100	9.9048	2.4563	2.6558
ENSG00000160181.9	TFF2	protein_coding	0	0	0	0.0000	0.0000	0.0000
ENSG00000160182.3	TFF1	protein_coding	104	44	60	11.9875	2.9728	3.2142
ENSG00000160183.17	TMPRSS3	protein_coding	340	171	169	3.9286	0.9742	1.0534
ENSG00000160185.15	UBASH3A	protein_coding	39	22	17	0.5645	0.1400	0.1514
ENSG00000160188.10	RSPH1	protein_coding	394	238	188	7.7582	1.9240	2.0802
ENSG00000160190.14	SLC37A1	protein_coding	1103	540	594	9.1262	2.2632	2.4470
ENSG00000160191.18	PDE9A	protein_coding	242	115	127	2.5987	0.6445	0.6968
ENSG00000160193.12	WDR4	protein_coding	486	269	221	10.0661	2.4963	2.6991
ENSG00000160194.18	NDUFV3	protein_coding	2247	1136	1115	20.0926	4.9828	5.3875
ENSG00000160199.15	PKNOX1	protein_coding	1822	847	975	13.5580	3.3622	3.6354
ENSG00000160200.18	CBS	protein_coding	31	18	13	0.2591	0.0642	0.0695
ENSG00000160201.12	U2AF1	protein_coding	83	39	44	0.4242	0.1052	0.1138
ENSG00000160202.7	CRYAA	protein_coding	0	0	0	0.0000	0.0000	0.0000
ENSG00000160207.9	HSF2BP	protein_coding	75	41	35	2.2280	0.5525	0.5974
ENSG00000160208.13	RRP1B	protein_coding	3345	1712	1633	32.9904	8.1813	8.8458
ENSG00000160209.19	PDXK	protein_coding	6267	3116	3151	29.8356	7.3989	7.9999
ENSG00000160211.19	G6PD	protein_coding	3296	1820	1881	52.1238	12.9262	13.9761
ENSG00000160213.9	CSTB	protein_coding	7349	3522	3828	109.0999	27.0557	29.2533
ENSG00000160214.13	RRP1	protein_coding	1460	726	735	19.4770	4.8301	5.2224
ENSG00000160216.21	AGPAT3	protein_coding	3888	2005	1883	17.9040	4.4400	4.8007
ENSG00000160218.13	TRAPPC10	protein_coding	2273	1136	1138	10.7859	2.6748	2.8920
ENSG00000160219.12	GAB3	protein_coding	262	118	144	2.8183	0.6989	0.7557
ENSG00000160221.18	GATD3A	protein_coding	10	10	17	0.0714	0.0177	0.0191
ENSG00000160223.17	ICOSLG	protein_coding	40	22	19	0.2428	0.0602	0.0651
ENSG00000160224.17	AIRE	protein_coding	2	1	1	0.0242	0.0060	0.0065
ENSG00000160226.16	CFAP410	protein_coding	124	280	251	1.1598	0.2876	0.3110
ENSG00000160229.13	ZNF66	protein_coding	117	56	62	1.1677	0.2896	0.3131
ENSG00000160233.8	LRRC3	protein_coding	853	407	447	8.2761	2.0524	2.2191
ENSG00000160255.18	ITGB2	protein_coding	7263	3587	3714	59.9628	14.8702	16.0780
ENSG00000160256.13	FAM207A	protein_coding	409	206	203	16.5674	4.1086	4.4423
ENSG00000160271.16	RALGDS	protein_coding	416	200	217	3.0846	0.7650	0.8271
ENSG00000160282.14	FTCD	protein_coding	5	3	2	0.0853	0.0212	0.0229
ENSG00000160284.15	SPATC1L	protein_coding	20	15	5	0.4862	0.1206	0.1304
ENSG00000160285.15	LSS	protein_coding	2528	1376	1354	19.8070	4.9119	5.3109
ENSG00000160293.17	VAV2	protein_coding	7022	3511	3511	70.0840	17.3801	18.7919
ENSG00000160294.11	MCM3AP	protein_coding	3455	2841	2812	20.4737	5.0773	5.4897
ENSG00000160298.18	C21orf58	protein_coding	464	244	220	4.9508	1.2277	1.3275
ENSG00000160299.17	PCNT	protein_coding	2602	1278	1324	12.6758	3.1435	3.3988
ENSG00000160305.18	DIP2A	protein_coding	1740	847	893	7.1722	1.7786	1.9231
ENSG00000160307.10	S100B	protein_coding	74	44	30	2.3237	0.5762	0.6231
ENSG00000160310.18	PRMT2	protein_coding	4493	2248	2245	33.5128	8.3108	8.9859
ENSG00000160318.6	CLDND2	protein_coding	7	5	2	0.3434	0.0852	0.0921
ENSG00000160321.15	ZNF208	protein_coding	98	53	53	0.4667	0.1157	0.1252
ENSG00000160323.19	ADAMTS13	protein_coding	269	138	133	2.6726	0.6628	0.7166
ENSG00000160325.15	CACFD1	protein_coding	2658	1399	1259	42.8225	10.6195	11.4821
ENSG00000160326.14	SLC2A6	protein_coding	184	94	91	2.9552	0.7328	0.7924
ENSG00000160336.16	ZNF761	protein_coding	1235	628	608	12.4488	3.0872	3.3379
ENSG00000160339.16	FCN2	protein_coding	1	0	1	0.0534	0.0132	0.0143
ENSG00000160345.13	C9orf116	protein_coding	364	177	195	11.0743	2.7463	2.9694
ENSG00000160349.10	LCN1	protein_coding	9	3	6	0.6469	0.1604	0.1735
ENSG00000160352.16	ZNF714	protein_coding	408	202	208	2.3509	0.5830	0.6304
ENSG00000160360.13	GPSM1	protein_coding	513	265	270	5.6622	1.4042	1.5182
ENSG00000160392.13	C19orf47	protein_coding	821	423	398	9.5505	2.3684	2.5608
ENSG00000160396.9	HIPK4	protein_coding	14	8	7	0.3246	0.0805	0.0870
ENSG00000160401.15	CFAP157	protein_coding	153	331	339	1.8445	0.4574	0.4946
ENSG00000160404.18	TOR2A	protein_coding	558	282	300	8.3494	2.0706	2.2387
ENSG00000160408.15	ST6GALNAC6	protein_coding	4	4	1	0.0427	0.0106	0.0115
ENSG00000160410.15	SHKBP1	protein_coding	2988	1510	1479	43.0731	10.6817	11.5493
ENSG00000160439.16	RDH13	protein_coding	761	434	412	5.0170	1.2442	1.3452
ENSG00000160445.11	ZER1	protein_coding	4466	2246	2236	57.9558	14.3724	15.5399
ENSG00000160446.19	ZDHHC12	protein_coding	957	477	513	20.9058	5.1844	5.6055
ENSG00000160447.7	PKN3	protein_coding	208	116	125	3.4765	0.8621	0.9322
ENSG00000160460.16	SPTBN4	protein_coding	234	122	112	1.1277	0.2797	0.3024
ENSG00000160469.17	BRSK1	protein_coding	343	191	181	4.9195	1.2200	1.3191
ENSG00000160471.13	COX6B2	protein_coding	10	4	6	0.1524	0.0378	0.0409
ENSG00000160472.5	TMEM190	protein_coding	5	5	9	0.4687	0.1162	0.1257
ENSG00000160505.16	NLRP4	protein_coding	14	10	4	0.2014	0.0499	0.0540
ENSG00000160539.6	PLPP7	protein_coding	174	103	71	2.2689	0.5627	0.6084
ENSG00000160551.12	TAOK1	protein_coding	14753	7442	7312	48.9522	12.1397	13.1257
ENSG00000160563.14	MED27	protein_coding	937	449	488	13.7768	3.4165	3.6940
ENSG00000160570.14	DEDD2	protein_coding	1826	937	889	39.3586	9.7605	10.5533
ENSG00000160584.16	SIK3	protein_coding	2990	1503	1487	15.5277	3.8507	4.1635
ENSG00000160588.10	MPZL3	protein_coding	210	106	104	2.9900	0.7415	0.8017
ENSG00000160593.19	JAML	protein_coding	385	202	183	2.5382	0.6294	0.6806
ENSG00000160602.14	NEK8	protein_coding	460	357	338	5.9126	1.4663	1.5854
ENSG00000160606.11	TLCD1	protein_coding	648	359	366	27.5060	6.8212	7.3753
ENSG00000160613.14	PCSK7	protein_coding	878	9894	9651	2.2421	0.5560	0.6012
ENSG00000160633.13	SAFB	protein_coding	5949	2961	2991	47.9488	11.8908	12.8567
ENSG00000160654.11	CD3G	protein_coding	146	59	87	2.1584	0.5353	0.5787
ENSG00000160678.12	S100A1	protein_coding	18	66	76	0.3369	0.0835	0.0903
ENSG00000160679.13	CHTOP	protein_coding	5229	3064	3011	52.7176	13.0734	14.1353
ENSG00000160683.5	CXCR5	protein_coding	0	1295	1283	0.0000	0.0000	0.0000
ENSG00000160685.13	ZBTB7B	protein_coding	3107	1630	1478	40.9477	10.1546	10.9794
ENSG00000160688.19	FLAD1	protein_coding	1972	1025	948	27.8258	6.9005	7.4610
ENSG00000160691.19	SHC1	protein_coding	5544	3453	3464	72.4090	17.9567	19.4153
ENSG00000160695.15	VPS11	protein_coding	3442	1682	1760	33.8001	8.3821	9.0629
ENSG00000160703.16	NLRX1	protein_coding	884	460	424	9.4232	2.3369	2.5267
ENSG00000160710.17	ADAR	protein_coding	52634	26556	26079	309.9878	76.8739	83.1181
ENSG00000160712.13	IL6R	protein_coding	773	409	367	6.7932	1.6847	1.8215
ENSG00000160714.10	UBE2Q1	protein_coding	4778	2617	2904	64.6683	16.0371	17.3397
ENSG00000160716.6	CHRNB2	protein_coding	2	1	2	0.0193	0.0048	0.0052
ENSG00000160741.17	CRTC2	protein_coding	3041	1555	1486	47.8776	11.8732	12.8376
ENSG00000160746.13	ANO10	protein_coding	3664	1823	1844	39.3161	9.7500	10.5419
ENSG00000160752.15	FDPS	protein_coding	1471	2158	2230	22.4369	5.5641	6.0161
ENSG00000160753.16	RUSC1	protein_coding	2421	1264	1305	25.2892	6.2715	6.7809
ENSG00000160766.14	GBAP1	transcribed_unprocessed_pseudogene	144	84	60	2.2337	0.5539	0.5989
ENSG00000160767.21	FAM189B	protein_coding	1471	717	754	18.6706	4.6301	5.0062
ENSG00000160781.17	PAQR6	protein_coding	93	43	50	2.0838	0.5168	0.5587
ENSG00000160783.19	PMF1	protein_coding	562	300	262	12.6472	3.1364	3.3911
ENSG00000160785.13	SLC25A44	protein_coding	3420	1724	1697	26.5937	6.5950	7.1307
ENSG00000160789.22	LMNA	protein_coding	32001	16234	15771	222.6992	55.2272	59.7131
ENSG00000160791.13	CCR5	protein_coding	1179	583	596	18.2083	4.5155	4.8823
ENSG00000160796.18	NBEAL2	protein_coding	2728	1423	1305	12.8301	3.1817	3.4402
ENSG00000160799.11	CCDC12	protein_coding	1637	784	853	19.5276	4.8426	5.2360
ENSG00000160801.14	PTH1R	protein_coding	195	95	100	3.9736	0.9854	1.0654
ENSG00000160803.8	UBQLN4	protein_coding	4596	2284	2312	67.1058	16.6416	17.9933
ENSG00000160808.11	MYL3	protein_coding	75	31	44	1.5169	0.3762	0.4067
ENSG00000160813.7	PPP1R35	protein_coding	189	260	242	9.5784	2.3753	2.5683
ENSG00000160818.17	GPATCH4	protein_coding	2724	1342	1403	33.4151	8.2866	8.9597
ENSG00000160838.14	LRRC71	protein_coding	3	1	2	0.0642	0.0159	0.0172
ENSG00000160856.21	FCRL3	protein_coding	13	14	3	0.1143	0.0283	0.0306
ENSG00000160862.13	AZGP1	protein_coding	22706	10905	11831	498.3191	123.5781	133.6160
ENSG00000160867.15	FGFR4	protein_coding	57	25	32	0.6720	0.1667	0.1802
ENSG00000160868.15	CYP3A4	protein_coding	21	9	13	0.3519	0.0873	0.0944
ENSG00000160870.15	CYP3A7	protein_coding	1	1	0	0.0161	0.0040	0.0043
ENSG00000160877.6	NACC1	protein_coding	3701	2336	2423	44.3166	10.9901	11.8828
ENSG00000160882.13	CYP11B1	protein_coding	0	0	0	0.0000	0.0000	0.0000
ENSG00000160883.11	HK3	protein_coding	226	106	120	3.8791	0.9620	1.0401
ENSG00000160886.13	LY6K	protein_coding	4	20	14	0.0560	0.0139	0.0150
ENSG00000160888.7	IER2	protein_coding	3328	3093	3098	61.2961	15.2008	16.4355
ENSG00000160908.15	ZNF394	protein_coding	1243	789	756	8.1861	2.0301	2.1950
ENSG00000160917.15	CPSF4	protein_coding	977	537	563	13.0305	3.2314	3.4939
ENSG00000160932.11	LY6E	protein_coding	27653	13915	13789	594.4658	147.4215	159.3961
ENSG00000160948.14	VPS28	protein_coding	9089	4534	4556	136.7570	33.9143	36.6691
ENSG00000160949.17	TONSL	protein_coding	639	337	324	5.0989	1.2645	1.3672
ENSG00000160951.4	PTGER1	protein_coding	18	14	4	0.7224	0.1792	0.1937
ENSG00000160953.16	PWWP3A	protein_coding	1848	1220	1230	10.6116	2.6316	2.8453
ENSG00000160957.14	RECQL4	protein_coding	651	387	429	8.7153	2.1613	2.3369
ENSG00000160959.8	LRRC14	protein_coding	2114	1405	1255	19.5571	4.8500	5.2439
ENSG00000160961.12	ZNF333	protein_coding	1266	805	813	6.1876	1.5345	1.6591
ENSG00000160963.14	COL26A1	protein_coding	1	1	0	0.0183	0.0045	0.0049
ENSG00000160972.9	PPP1R16A	protein_coding	658	1062	1116	6.8923	1.7092	1.8481
ENSG00000160973.8	FOXH1	protein_coding	15	581	579	0.4217	0.1046	0.1131
ENSG00000160991.16	ORAI2	protein_coding	2800	1453	1459	14.2962	3.5453	3.8333
ENSG00000160993.4	ALKBH4	protein_coding	556	319	347	13.7150	3.4012	3.6774
ENSG00000160994.4	CCDC105	protein_coding	1	0	1	0.0323	0.0080	0.0087
ENSG00000160999.10	SH2B2	protein_coding	201	90	111	4.7813	1.1857	1.2820
ENSG00000161010.15	MRNIP	protein_coding	1472	30404	30940	9.8568	2.4444	2.6429
ENSG00000161011.20	SQSTM1	protein_coding	44548	52994	51696	335.2775	83.1454	89.8991
ENSG00000161013.17	MGAT4B	protein_coding	6628	3511	3466	68.4029	16.9632	18.3411
ENSG00000161016.18	RPL8	protein_coding	99839	49794	50049	2622.4488	650.3408	703.1660
ENSG00000161021.13	MAML1	protein_coding	6012	3023	2990	57.1377	14.1696	15.3205
ENSG00000161031.13	PGLYRP2	protein_coding	27	14	13	0.4928	0.1222	0.1321
ENSG00000161036.13	LRWD1	protein_coding	982	500	514	9.4404	2.3411	2.5313
ENSG00000161040.16	FBXL13	protein_coding	107	214	249	1.5136	0.3754	0.4058
ENSG00000161048.11	NAPEPLD	protein_coding	1783	903	892	13.3731	3.3164	3.5858
ENSG00000161055.4	SCGB3A1	protein_coding	3	1	2	0.2119	0.0525	0.0568
ENSG00000161057.13	PSMC2	protein_coding	6750	3446	3312	44.3201	10.9909	11.8837
ENSG00000161082.13	CELF5	protein_coding	470	295	257	4.3939	1.0897	1.1782
ENSG00000161091.13	MFSD12	protein_coding	2280	1654	1660	24.4421	6.0614	6.5537
ENSG00000161103.11	AC008132.1	transcribed_processed_pseudogene	0	1	1	0.0000	0.0000	0.0000
ENSG00000161132.6	AC007663.1	unprocessed_pseudogene	13	9	4	0.5945	0.1474	0.1594
ENSG00000161133.16	USP41	protein_coding	7	5	2	0.2494	0.0618	0.0669
ENSG00000161149.12	TUBA3FP	lncRNA	2	4	2	0.0534	0.0133	0.0143
ENSG00000161179.14	YDJC	protein_coding	646	322	324	20.8863	5.1796	5.6003
ENSG00000161180.11	CCDC116	protein_coding	13	2	11	0.2498	0.0620	0.0670
ENSG00000161202.20	DVL3	protein_coding	7587	3746	3841	68.2733	16.9311	18.3064
ENSG00000161203.13	AP2M1	protein_coding	16731	8348	8383	199.4984	49.4736	53.4922
ENSG00000161204.11	ABCF3	protein_coding	3742	1854	1888	40.7545	10.1067	10.9276
ENSG00000161217.12	PCYT1A	protein_coding	4895	2714	2665	34.8431	8.6407	9.3426
ENSG00000161243.9	FBXO27	protein_coding	435	256	300	8.8419	2.1927	2.3708
ENSG00000161249.21	DMKN	protein_coding	1815	898	917	13.8271	3.4290	3.7075
ENSG00000161265.15	U2AF1L4	protein_coding	84	48	36	1.6569	0.4109	0.4443
ENSG00000161267.12	BDH1	protein_coding	1241	665	577	5.9571	1.4773	1.5973
ENSG00000161270.20	NPHS1	protein_coding	0	0	1	0.0000	0.0000	0.0000
ENSG00000161277.11	THAP8	protein_coding	580	267	313	18.2428	4.5240	4.8915
ENSG00000161281.11	COX7A1	protein_coding	436	219	217	42.1938	10.4636	11.3136
ENSG00000161298.18	ZNF382	protein_coding	244	116	133	1.2225	0.3032	0.3278
ENSG00000161328.11	LRRC56	protein_coding	686	338	365	14.0698	3.4892	3.7726
ENSG00000161381.14	PLXDC1	protein_coding	2615	1629	1678	16.0234	3.9736	4.2964
ENSG00000161395.14	PGAP3	protein_coding	2018	1032	1035	31.6222	7.8420	8.4790
ENSG00000161405.17	IKZF3	protein_coding	288	153	136	1.6124	0.3999	0.4324
ENSG00000161509.14	GRIN2C	protein_coding	69	32	38	0.4558	0.1130	0.1222
ENSG00000161513.12	FDXR	protein_coding	1028	525	504	16.1983	4.0170	4.3433
ENSG00000161526.15	SAP30BP	protein_coding	4321	2187	2135	30.1296	7.4718	8.0787
ENSG00000161533.12	ACOX1	protein_coding	4805	2535	2549	32.8858	8.1553	8.8178
ENSG00000161542.17	PRPSAP1	protein_coding	3961	1993	1969	33.2930	8.2563	8.9270
ENSG00000161544.10	CYGB	protein_coding	485	320	320	9.9907	2.4776	2.6788
ENSG00000161547.17	SRSF2	protein_coding	6892	5047	5123	131.3324	32.5691	35.2146
ENSG00000161551.14	ZNF577	protein_coding	469	234	237	3.5415	0.8783	0.9496
ENSG00000161558.11	TMEM143	protein_coding	371	172	200	5.9720	1.4810	1.6013
ENSG00000161594.7	KLHL10	protein_coding	8	11	6	0.1951	0.0484	0.0523
ENSG00000161609.10	KASH5	protein_coding	2	1	1	0.0202	0.0050	0.0054
ENSG00000161610.1	HCRT	protein_coding	0	0	0	0.0000	0.0000	0.0000
ENSG00000161618.10	ALDH16A1	protein_coding	963	531	551	11.9006	2.9512	3.1909
ENSG00000161634.12	DCD	protein_coding	0	0	0	0.0000	0.0000	0.0000
ENSG00000161638.11	ITGA5	protein_coding	16483	8399	8603	126.6085	31.3976	33.9480
ENSG00000161640.15	SIGLEC11	protein_coding	30	13	17	0.5362	0.1330	0.1438
ENSG00000161642.18	ZNF385A	protein_coding	2215	1155	1060	39.3893	9.7682	10.5616
ENSG00000161643.13	SIGLEC16	polymorphic_pseudogene	64	25	40	0.9364	0.2322	0.2511
ENSG00000161647.19	MPP3	protein_coding	611	320	292	7.7154	1.9133	2.0688
ENSG00000161649.13	CD300LG	protein_coding	1	1	1	0.0119	0.0030	0.0032
ENSG00000161652.12	IZUMO2	protein_coding	0	0	0	0.0000	0.0000	0.0000
ENSG00000161653.11	NAGS	protein_coding	860	446	415	17.7283	4.3964	4.7536
ENSG00000161654.10	LSM12	protein_coding	1165	592	574	21.2025	5.2580	5.6851
ENSG00000161664.7	ASB16	protein_coding	145	189	176	3.6825	0.9132	0.9874
ENSG00000161671.17	EMC10	protein_coding	4619	3672	3642	24.3691	6.0433	6.5342
ENSG00000161677.12	JOSD2	protein_coding	726	356	370	29.8128	7.3933	7.9938
ENSG00000161681.16	SHANK1	protein_coding	220	114	108	1.1892	0.2949	0.3189
ENSG00000161682.15	FAM171A2	protein_coding	163	79	84	2.5893	0.6421	0.6943
ENSG00000161692.18	DBF4B	protein_coding	548	281	268	4.3489	1.0785	1.1661
ENSG00000161714.12	PLCD3	protein_coding	2122	1065	1092	17.8332	4.4225	4.7817
ENSG00000161791.14	FMNL3	protein_coding	3373	2347	2382	14.2589	3.5361	3.8233
ENSG00000161798.7	AQP5	protein_coding	4	2	2	0.1204	0.0299	0.0323
ENSG00000161800.13	RACGAP1	protein_coding	2468	1207	1264	31.1924	7.7354	8.3637
ENSG00000161807.3	OR7G1	protein_coding	0	0	0	0.0000	0.0000	0.0000
ENSG00000161813.22	LARP4	protein_coding	7892	3987	3906	55.1720	13.6821	14.7934
ENSG00000161835.11	TAMALIN	protein_coding	326	154	172	6.5489	1.6241	1.7560
ENSG00000161847.14	RAVER1	protein_coding	883	500	487	10.0572	2.4941	2.6967
ENSG00000161849.3	KRT84	protein_coding	0	0	0	0.0000	0.0000	0.0000
ENSG00000161850.3	KRT82	protein_coding	1	1	1	0.0214	0.0053	0.0058
ENSG00000161860.8	SYCE2	protein_coding	29	37	38	1.1150	0.2765	0.2990
ENSG00000161888.11	SPC24	protein_coding	474	395	368	9.4683	2.3480	2.5388
ENSG00000161896.12	IP6K3	protein_coding	501	247	254	10.1725	2.5227	2.7276
ENSG00000161904.12	LEMD2	protein_coding	2927	1438	1489	24.4751	6.0696	6.5626
ENSG00000161905.13	ALOX15	protein_coding	9	5	4	0.1507	0.0374	0.0404
ENSG00000161911.11	TREML1	protein_coding	37	20	17	1.4149	0.3509	0.3794
ENSG00000161912.18	ADCY10P1	transcribed_unprocessed_pseudogene	181	88	94	1.7685	0.4386	0.4742
ENSG00000161914.10	ZNF653	protein_coding	257	127	130	4.5305	1.1235	1.2148
ENSG00000161920.11	MED11	protein_coding	311	332	299	11.9572	2.9653	3.2061
ENSG00000161921.17	CXCL16	protein_coding	4104	2179	2038	83.3289	20.6647	22.3433
ENSG00000161929.15	SCIMP	protein_coding	177	153	178	2.3624	0.5858	0.6334
ENSG00000161939.19	RNASEK-C17orf49	protein_coding	0	0	0	0.0000	0.0000	0.0000
ENSG00000161940.11	BCL6B	protein_coding	865	422	443	11.2898	2.7998	3.0272
ENSG00000161944.16	ASGR2	protein_coding	32	14	18	0.7288	0.1807	0.1954
ENSG00000161955.16	TNFSF13	protein_coding	276	136	145	6.8770	1.7054	1.8439
ENSG00000161956.13	SENP3	protein_coding	390	194	196	6.1029	1.5135	1.6364
ENSG00000161958.11	FGF11	protein_coding	4	1	3	0.0447	0.0111	0.0120
ENSG00000161960.16	EIF4A1	protein_coding	83	38	45	0.9054	0.2245	0.2428
ENSG00000161970.15	RPL26	protein_coding	1052	573	480	24.0949	5.9753	6.4606
ENSG00000161973.11	CCDC42	protein_coding	4	2	2	0.1292	0.0320	0.0346
ENSG00000161980.6	POLR3K	protein_coding	1616	852	765	49.0333	12.1598	13.1475
ENSG00000161981.11	SNRNP25	protein_coding	1680	832	848	42.4945	10.5382	11.3942
ENSG00000161992.6	PRR35	protein_coding	1	0	1	0.0253	0.0063	0.0068
ENSG00000161996.19	WDR90	protein_coding	1061	597	575	5.7119	1.4165	1.5316
ENSG00000161999.13	JMJD8	protein_coding	967	3558	3563	20.8670	5.1748	5.5951
ENSG00000162004.18	CCDC78	protein_coding	157	92	83	2.1470	0.5324	0.5757
ENSG00000162006.9	MSLNL	protein_coding	1	0	1	0.0241	0.0060	0.0065
ENSG00000162009.8	SSTR5	protein_coding	3	0	3	0.1249	0.0310	0.0335
ENSG00000162032.16	SPSB3	protein_coding	5	655	726	0.0915	0.0227	0.0245
ENSG00000162039.17	MEIOB	protein_coding	8	13	8	0.1970	0.0489	0.0528
ENSG00000162040.7	HS3ST6	protein_coding	13	8	5	0.5965	0.1479	0.1599
ENSG00000162062.15	TEDC2	protein_coding	240	117	127	4.7789	1.1851	1.2814
ENSG00000162063.13	CCNF	protein_coding	672	410	442	6.0404	1.4980	1.6196
ENSG00000162065.14	TBC1D24	protein_coding	1300	665	636	6.0364	1.4970	1.6186
ENSG00000162066.16	AMDHD2	protein_coding	669	628	613	8.6896	2.1549	2.3300
ENSG00000162068.2	NTN3	protein_coding	2	1	1	0.0518	0.0129	0.0139
ENSG00000162069.16	BICDL2	protein_coding	487	354	338	5.8661	1.4547	1.5729
ENSG00000162073.14	PAQR4	protein_coding	328	616	619	6.3225	1.5679	1.6953
ENSG00000162076.13	FLYWCH2	protein_coding	1408	706	702	59.6769	14.7993	16.0014
ENSG00000162078.11	ZG16B	protein_coding	1726	875	854	36.7285	9.1083	9.8481
ENSG00000162086.16	ZNF75A	protein_coding	791	415	428	5.5634	1.3797	1.4917
ENSG00000162104.10	ADCY9	protein_coding	3776	1873	1905	20.1768	5.0037	5.4101
ENSG00000162105.19	SHANK2	protein_coding	1248	612	637	3.6602	0.9077	0.9814
ENSG00000162129.14	CLPB	protein_coding	962	576	574	4.3897	1.0886	1.1770
ENSG00000162139.10	NEU3	protein_coding	747	380	367	5.8739	1.4567	1.5750
ENSG00000162144.10	CYB561A3	protein_coding	1433	1546	1534	7.6869	1.9063	2.0611
ENSG00000162148.11	PPP1R32	protein_coding	106	54	52	2.5047	0.6211	0.6716
ENSG00000162174.12	ASRGL1	protein_coding	264	241	234	3.2646	0.8096	0.8753
ENSG00000162188.6	GNG3	protein_coding	4	49	57	0.2625	0.0651	0.0704
ENSG00000162191.14	UBXN1	protein_coding	3299	1705	1594	73.8887	18.3237	19.8120
ENSG00000162194.12	LBHD1	protein_coding	42	217	223	0.7085	0.1757	0.1900
ENSG00000162222.14	TTC9C	protein_coding	938	465	473	20.0203	4.9648	5.3681
ENSG00000162227.8	TAF6L	protein_coding	349	310	298	6.3948	1.5858	1.7146
ENSG00000162231.14	NXF1	protein_coding	3304	1656	1648	30.2502	7.5017	8.1111
ENSG00000162236.13	STX5	protein_coding	2864	1403	1462	56.3753	13.9805	15.1161
ENSG00000162241.12	SLC25A45	protein_coding	522	302	260	3.7686	0.9346	1.0105
ENSG00000162244.12	RPL29	protein_coding	25860	12720	13143	729.2491	180.8464	195.5360
ENSG00000162267.12	ITIH3	protein_coding	32	17	16	0.3065	0.0760	0.0822
ENSG00000162298.19	SYVN1	protein_coding	3390	1802	1976	34.9858	8.6761	9.3809
ENSG00000162300.13	ZFPL1	protein_coding	128	571	552	2.3266	0.5770	0.6238
ENSG00000162302.13	RPS6KA4	protein_coding	1198	604	594	17.8457	4.4256	4.7850
ENSG00000162337.12	LRP5	protein_coding	3481	1743	1738	31.9326	7.9190	8.5622
ENSG00000162341.18	TPCN2	protein_coding	258	135	123	2.0173	0.5003	0.5409
ENSG00000162344.4	FGF19	protein_coding	2	2	1	0.0623	0.0154	0.0167
ENSG00000162365.12	CYP4A22	protein_coding	71	35	36	1.0450	0.2592	0.2802
ENSG00000162366.8	PDZK1IP1	protein_coding	42	22	20	1.6656	0.4131	0.4466
ENSG00000162367.11	TAL1	protein_coding	94	53	46	0.9352	0.2319	0.2508
ENSG00000162368.13	CMPK1	protein_coding	10386	5304	5083	153.2231	37.9978	41.0842
ENSG00000162373.13	BEND5	protein_coding	174	78	96	4.6067	1.1424	1.2352
ENSG00000162374.18	ELAVL4	protein_coding	46	22	24	0.3117	0.0773	0.0836
ENSG00000162377.6	COA7	protein_coding	1699	832	867	23.2281	5.7603	6.2282
ENSG00000162378.13	ZYG11B	protein_coding	3457	1774	1683	23.8906	5.9246	6.4059
ENSG00000162383.13	SLC1A7	protein_coding	92	56	44	0.9638	0.2390	0.2584
ENSG00000162384.14	CZIB	protein_coding	1892	1040	1034	23.8222	5.9077	6.3875
ENSG00000162385.11	MAGOH	protein_coding	1323	689	635	55.0457	13.6508	14.7596
ENSG00000162390.18	ACOT11	protein_coding	162	113	121	0.9403	0.2332	0.2521
ENSG00000162391.12	FAM151A	protein_coding	7	43	36	0.1979	0.0491	0.0531
ENSG00000162396.6	PARS2	protein_coding	452	219	233	10.8798	2.6981	2.9172
ENSG00000162398.11	LEXM	protein_coding	20	7	15	0.6383	0.1583	0.1711
ENSG00000162399.9	BSND	protein_coding	9	4	5	0.0523	0.0130	0.0140
ENSG00000162402.14	USP24	protein_coding	4482	2231	2251	21.1407	5.2427	5.6685
ENSG00000162407.9	PLPP3	protein_coding	5560	2718	2842	59.8079	14.8318	16.0365
ENSG00000162408.11	NOL9	protein_coding	1448	730	718	11.2936	2.8007	3.0282
ENSG00000162409.11	PRKAA2	protein_coding	713	331	382	4.3190	1.0711	1.1581
ENSG00000162413.16	KLHL21	protein_coding	3425	1688	1737	28.1454	6.9798	7.5467
ENSG00000162415.7	ZSWIM5	protein_coding	864	449	422	8.0390	1.9936	2.1555
ENSG00000162419.13	GMEB1	protein_coding	1759	879	880	15.5548	3.8574	4.1708
ENSG00000162426.16	SLC45A1	protein_coding	277	145	132	6.0418	1.4983	1.6200
ENSG00000162430.17	SELENON	protein_coding	5215	3575	3533	66.8949	16.5893	17.9368
ENSG00000162433.15	AK4	protein_coding	4775	2458	2317	35.7337	8.8616	9.5814
ENSG00000162434.13	JAK1	protein_coding	23128	11427	11711	103.9293	25.7734	27.8669
ENSG00000162437.14	RAVER2	protein_coding	849	443	416	7.9319	1.9670	2.1268
ENSG00000162438.12	CTRC	protein_coding	3	0	4	0.0488	0.0121	0.0131
ENSG00000162441.12	LZIC	protein_coding	4530	2326	2205	47.0592	11.6702	12.6181
ENSG00000162444.12	RBP7	protein_coding	820	402	418	53.9468	13.3783	14.4649
ENSG00000162456.10	KNCN	protein_coding	0	0	0	0.0000	0.0000	0.0000
ENSG00000162458.13	FBLIM1	protein_coding	3289	1621	1670	42.8681	10.6309	11.4944
ENSG00000162460.7	TMEM82	protein_coding	0	0	0	0.0000	0.0000	0.0000
ENSG00000162461.8	SLC25A34	protein_coding	38	26	24	0.6456	0.1601	0.1731
ENSG00000162482.5	AKR7A3	protein_coding	497	248	249	23.1974	5.7527	6.2200
ENSG00000162490.7	DRAXIN	protein_coding	50	34	19	0.3850	0.0955	0.1032
ENSG00000162493.16	PDPN	protein_coding	6158	3131	3027	94.2056	23.3620	25.2597
ENSG00000162494.6	LRRC38	protein_coding	1	0	1	0.0262	0.0065	0.0070
ENSG00000162496.9	DHRS3	protein_coding	4594	2306	2290	74.1182	18.3806	19.8736
ENSG00000162510.6	MATN1	protein_coding	12	25	34	0.1478	0.0367	0.0396
ENSG00000162511.8	LAPTM5	protein_coding	9564	9477	9398	168.0217	41.6677	45.0522
ENSG00000162512.16	SDC3	protein_coding	6975	3432	3544	55.9876	13.8843	15.0121
ENSG00000162517.13	PEF1	protein_coding	4800	2647	2764	122.4507	30.3665	32.8331
ENSG00000162520.15	SYNC	protein_coding	265	3051	3309	4.0377	1.0013	1.0826
ENSG00000162521.19	RBBP4	protein_coding	8812	7534	7374	52.7696	13.0863	14.1493
ENSG00000162522.11	KIAA1522	protein_coding	13130	6638	6494	123.6880	30.6734	33.1649
ENSG00000162526.7	TSSK3	protein_coding	21	71	64	0.6441	0.1597	0.1727
ENSG00000162542.13	TMCO4	protein_coding	1042	483	559	14.5762	3.6147	3.9084
ENSG00000162543.6	UBXN10	protein_coding	702	363	339	7.1576	1.7750	1.9192
ENSG00000162545.6	CAMK2N1	protein_coding	13985	6874	7111	304.4487	75.5002	81.6329
ENSG00000162551.14	ALPL	protein_coding	186	99	87	3.5396	0.8778	0.9491
ENSG00000162552.15	WNT4	protein_coding	1410	772	699	17.1959	4.2644	4.6108
ENSG00000162571.14	TTLL10	protein_coding	3	2	3	0.0426	0.0106	0.0114
ENSG00000162572.21	SCNN1D	protein_coding	167	89	78	2.3529	0.5835	0.6309
ENSG00000162576.17	MXRA8	protein_coding	18363	9136	9231	287.5111	71.2999	77.0913
ENSG00000162585.17	FAAP20	protein_coding	1361	831	852	7.0706	1.7534	1.8959
ENSG00000162591.16	MEGF6	protein_coding	3458	1769	1689	21.7385	5.3909	5.8288
ENSG00000162592.10	CCDC27	protein_coding	7	69	72	0.0937	0.0232	0.0251
ENSG00000162594.16	IL23R	protein_coding	3	2	1	0.0530	0.0131	0.0142
ENSG00000162595.7	DIRAS3	protein_coding	185	85	100	5.1202	1.2698	1.3729
ENSG00000162598.13	C1orf87	protein_coding	0	0	0	0.0000	0.0000	0.0000
ENSG00000162599.17	NFIA	protein_coding	509	254	255	0.5165	0.1281	0.1385
ENSG00000162600.12	OMA1	protein_coding	1192	599	593	18.1814	4.5088	4.8750
ENSG00000162601.11	MYSM1	protein_coding	2035	1056	979	8.7995	2.1822	2.3594
ENSG00000162604.12	TM2D1	protein_coding	3627	1838	1790	37.2892	9.2473	9.9985
ENSG00000162607.13	USP1	protein_coding	5121	2532	2590	75.0612	18.6144	20.1264
ENSG00000162613.17	FUBP1	protein_coding	9341	4741	4603	70.0791	17.3789	18.7905
ENSG00000162614.19	NEXN	protein_coding	1845	953	963	23.5865	5.8492	6.3243
ENSG00000162616.9	DNAJB4	protein_coding	1531	765	767	23.4530	5.8161	6.2885
ENSG00000162618.15	ADGRL4	protein_coding	1668	831	837	16.3146	4.0459	4.3745
ENSG00000162620.16	LRRIQ3	protein_coding	81	38	43	0.5244	0.1301	0.1406
ENSG00000162621.7	LRRC53	protein_coding	0	0	0	0.0000	0.0000	0.0000
ENSG00000162623.16	TYW3	protein_coding	1677	908	920	20.6028	5.1093	5.5243
ENSG00000162624.14	LHX8	protein_coding	1	1	0	0.0143	0.0035	0.0038
ENSG00000162627.17	SNX7	protein_coding	1967	1017	950	53.9664	13.3831	14.4702
ENSG00000162630.6	B3GALT2	protein_coding	26	18	9	0.4156	0.1031	0.1114
ENSG00000162631.19	NTNG1	protein_coding	2	1	1	0.0124	0.0031	0.0033
ENSG00000162636.16	FAM102B	protein_coding	3919	1941	1979	23.7697	5.8946	6.3734
ENSG00000162639.16	HENMT1	protein_coding	970	482	489	22.6746	5.6231	6.0798
ENSG00000162641.20	AKNAD1	protein_coding	34	21	14	0.3826	0.0949	0.1026
ENSG00000162642.14	C1orf52	protein_coding	868	442	426	14.3931	3.5693	3.8593
ENSG00000162643.13	DNAI3	protein_coding	75	32	43	1.0842	0.2689	0.2907
ENSG00000162645.13	GBP2	protein_coding	12713	6309	6406	99.8136	24.7528	26.7634
ENSG00000162650.16	ATXN7L2	protein_coding	201	95	107	2.1787	0.5403	0.5842
ENSG00000162654.9	GBP4	protein_coding	3467	1788	1817	32.0165	7.9398	8.5847
ENSG00000162664.17	ZNF326	protein_coding	2016	1068	948	10.4047	2.5803	2.7899
ENSG00000162669.16	HFM1	protein_coding	5	3	2	0.0488	0.0121	0.0131
ENSG00000162670.11	BRINP3	protein_coding	0	0	0	0.0000	0.0000	0.0000
ENSG00000162676.12	GFI1	protein_coding	75	35	41	0.8391	0.2081	0.2250
ENSG00000162685.6	LSP1P3	processed_pseudogene	0	0	0	0.0000	0.0000	0.0000
ENSG00000162687.19	KCNT2	protein_coding	110	54	56	0.8674	0.2151	0.2326
ENSG00000162688.17	AGL	protein_coding	5074	2539	2535	35.2760	8.7481	9.4587
ENSG00000162692.12	VCAM1	protein_coding	6594	3249	3345	61.8194	15.3306	16.5758
ENSG00000162694.14	EXTL2	protein_coding	1400	740	731	19.7743	4.9038	5.3022
ENSG00000162695.12	SLC30A7	protein_coding	3994	1979	2015	26.3372	6.5314	7.0619
ENSG00000162699.5	DNAJA1P5	processed_pseudogene	0	0	0	0.0000	0.0000	0.0000
ENSG00000162702.8	ZNF281	protein_coding	2950	1453	1497	34.1766	8.4754	9.1639
ENSG00000162704.16	ARPC5	protein_coding	9049	4511	4538	48.1848	11.9494	12.9200
ENSG00000162706.13	CADM3	protein_coding	3	7	6	0.0442	0.0110	0.0119
ENSG00000162711.18	NLRP3	protein_coding	345	189	157	4.1163	1.0208	1.1037
ENSG00000162714.12	ZNF496	protein_coding	3087	1575	1512	16.6237	4.1225	4.4574
ENSG00000162722.9	TRIM58	protein_coding	66	30	36	0.7240	0.1795	0.1941
ENSG00000162723.10	SLAMF9	protein_coding	35	17	18	1.7426	0.4322	0.4673
ENSG00000162727.3	OR2M5	protein_coding	0	0	0	0.0000	0.0000	0.0000
ENSG00000162728.5	KCNJ9	protein_coding	1	0	1	0.0135	0.0033	0.0036
ENSG00000162729.14	IGSF8	protein_coding	3722	1848	1874	81.4331	20.1946	21.8349
ENSG00000162733.19	DDR2	protein_coding	5836	2912	2924	29.8188	7.3948	7.9954
ENSG00000162734.13	PEA15	protein_coding	21282	11054	11204	436.8084	108.3241	117.1229
ENSG00000162735.19	PEX19	protein_coding	4698	2421	2277	59.6559	14.7941	15.9957
ENSG00000162736.17	NCSTN	protein_coding	10044	5076	4969	137.8831	34.1936	36.9711
ENSG00000162738.6	VANGL2	protein_coding	443	235	208	4.6923	1.1636	1.2582
ENSG00000162739.14	SLAMF6	protein_coding	95	47	48	1.9619	0.4865	0.5261
ENSG00000162745.10	OLFML2B	protein_coding	14391	7028	7363	238.9790	59.2644	64.0782
ENSG00000162746.14	FCRLB	protein_coding	267	126	141	5.8417	1.4487	1.5663
ENSG00000162747.12	FCGR3B	protein_coding	260	128	132	5.2905	1.3120	1.4186
ENSG00000162753.13	SLC9C2	protein_coding	2	0	2	0.0221	0.0055	0.0059
ENSG00000162755.14	KLHDC9	protein_coding	791	400	392	26.0800	6.4676	6.9929
ENSG00000162757.4	C1orf74	protein_coding	286	307	283	3.4626	0.8587	0.9285
ENSG00000162761.14	LMX1A	protein_coding	6	4	2	0.0813	0.0202	0.0218
ENSG00000162763.4	LRRC52	protein_coding	0	0	0	0.0000	0.0000	0.0000
ENSG00000162769.13	FLVCR1	protein_coding	956	495	461	8.4420	2.0935	2.2636
ENSG00000162771.8	FAM71A	protein_coding	0	0	0	0.0000	0.0000	0.0000
ENSG00000162772.17	ATF3	protein_coding	903	481	422	12.6755	3.1434	3.3987
ENSG00000162775.16	RBM15	protein_coding	632	314	327	7.6747	1.9032	2.0578
ENSG00000162777.17	DENND2D	protein_coding	2958	1479	1479	25.1233	6.2303	6.7364
ENSG00000162779.22	AXDND1	protein_coding	9	2	8	0.0838	0.0208	0.0225
ENSG00000162782.16	TDRD5	protein_coding	97	51	46	1.3450	0.3335	0.3606
ENSG00000162783.11	IER5	protein_coding	3176	1570	1606	42.8733	10.6322	11.4958
ENSG00000162804.14	SNED1	protein_coding	2035	1638	1724	8.3554	2.0721	2.2404
ENSG00000162813.18	BPNT1	protein_coding	1584	811	773	28.8560	7.1560	7.7372
ENSG00000162814.11	SPATA17	protein_coding	330	198	206	2.8725	0.7123	0.7702
ENSG00000162817.7	C1orf115	protein_coding	141	64	77	2.7659	0.6859	0.7416
ENSG00000162819.12	BROX	protein_coding	6286	3163	3169	71.5821	17.7516	19.1936
ENSG00000162825.16	NBPF20	protein_coding	112	52	60	0.3344	0.0829	0.0897
ENSG00000162836.12	ACP6	protein_coding	709	342	367	3.3526	0.8314	0.8989
ENSG00000162840.4	MT2P1	processed_pseudogene	3	2	1	0.9297	0.2305	0.2493
ENSG00000162843.17	WDR64	protein_coding	31	20	12	0.3559	0.0883	0.0954
ENSG00000162849.16	KIF26B	protein_coding	4369	2196	2175	17.2012	4.2657	4.6122
ENSG00000162851.8	TFB2M	protein_coding	1016	495	521	32.2967	8.0093	8.6598
ENSG00000162852.14	CNST	protein_coding	3493	1761	1732	33.3875	8.2798	8.9523
ENSG00000162869.16	PPP1R21	protein_coding	1371	715	660	19.4471	4.8227	5.2144
ENSG00000162873.15	KLHDC8A	protein_coding	104	43	61	1.6088	0.3990	0.4314
ENSG00000162877.13	PM20D1	protein_coding	12	5	7	0.2606	0.0646	0.0699
ENSG00000162878.13	PKDCC	protein_coding	279	140	139	4.0435	1.0027	1.0842
ENSG00000162881.6	OXER1	protein_coding	45	18	27	1.4329	0.3553	0.3842
ENSG00000162882.15	HAAO	protein_coding	141	68	73	2.9333	0.7274	0.7865
ENSG00000162885.14	B3GALNT2	protein_coding	1440	1562	1580	7.9446	1.9702	2.1302
ENSG00000162888.4	C1orf147	lncRNA	11	27	36	0.2976	0.0738	0.0798
ENSG00000162889.11	MAPKAPK2	protein_coding	11148	5602	5546	149.3863	37.0463	40.0554
ENSG00000162891.10	IL20	protein_coding	15	8	7	0.5429	0.1346	0.1456
ENSG00000162892.16	IL24	protein_coding	13	52	38	0.3725	0.0924	0.0999
ENSG00000162894.12	FCMR	protein_coding	283	183	177	4.6968	1.1648	1.2594
ENSG00000162896.6	PIGR	protein_coding	33	13	20	0.4280	0.1062	0.1148
ENSG00000162897.16	FCAMR	protein_coding	0	0	0	0.0000	0.0000	0.0000
ENSG00000162909.18	CAPN2	protein_coding	14507	7289	7218	95.8290	23.7646	25.6949
ENSG00000162910.19	MRPL55	protein_coding	1409	721	688	42.3671	10.5066	11.3600
ENSG00000162913.10	OBSCN-AS1	lncRNA	74	48	41	1.0866	0.2695	0.2914
ENSG00000162923.17	WDR26	protein_coding	9894	4990	4905	50.3399	12.4838	13.4978
ENSG00000162924.15	REL	protein_coding	1382	700	682	5.9500	1.4755	1.5954
ENSG00000162927.14	PUS10	protein_coding	833	413	446	6.1743	1.5312	1.6555
ENSG00000162928.9	PEX13	protein_coding	2600	1317	1309	24.9485	6.1870	6.6895
ENSG00000162929.14	KIAA1841	protein_coding	522	268	254	3.7040	0.9186	0.9932
ENSG00000162931.12	TRIM17	protein_coding	35	17	20	0.5586	0.1385	0.1498
ENSG00000162944.11	RFTN2	protein_coding	424	212	212	4.1629	1.0324	1.1162
ENSG00000162946.23	DISC1	protein_coding	442	210	232	1.9384	0.4807	0.5198
ENSG00000162947.5	LINC01931	lncRNA	3	2	1	0.0699	0.0173	0.0187
ENSG00000162949.16	CAPN13	protein_coding	3873	1908	1965	42.3113	10.4928	11.3451
ENSG00000162951.11	LRRTM1	protein_coding	0	0	0	0.0000	0.0000	0.0000
ENSG00000162959.13	MEMO1	protein_coding	119	57	62	1.2928	0.3206	0.3466
ENSG00000162961.14	DPY30	protein_coding	2253	1126	1127	46.8872	11.6275	12.5720
ENSG00000162971.11	TYW5	protein_coding	722	404	370	3.5425	0.8785	0.9499
ENSG00000162972.10	MAIP1	protein_coding	849	435	414	29.6470	7.3522	7.9494
ENSG00000162975.5	KCNF1	protein_coding	529	267	262	13.0888	3.2459	3.5095
ENSG00000162976.13	SLC66A3	protein_coding	3880	2013	1867	96.8889	24.0275	25.9791
ENSG00000162980.17	ARL5A	protein_coding	2547	1347	1240	21.4909	5.3295	5.7624
ENSG00000162981.14	LRATD1	protein_coding	1083	565	518	7.3421	1.8208	1.9687
ENSG00000162989.5	KCNJ3	protein_coding	7947	3943	4073	91.8431	22.7762	24.6262
ENSG00000162992.4	NEUROD1	protein_coding	0	0	0	0.0000	0.0000	0.0000
ENSG00000162994.16	CLHC1	protein_coding	233	149	123	1.9894	0.4933	0.5334
ENSG00000162997.15	PRORSD1P	transcribed_unitary_pseudogene	55	24	31	1.4152	0.3509	0.3795
ENSG00000162998.5	FRZB	protein_coding	5736	2916	2820	123.3555	30.5909	33.0757
ENSG00000162999.13	DUSP19	protein_coding	140	76	75	1.4760	0.3660	0.3958
ENSG00000163001.12	CFAP36	protein_coding	4264	2064	2200	89.3942	22.1689	23.9696
ENSG00000163002.13	NUP35	protein_coding	911	454	457	12.8355	3.1831	3.4416
ENSG00000163006.12	CCDC138	protein_coding	363	176	187	3.5517	0.8808	0.9523
ENSG00000163012.4	ZSWIM2	protein_coding	1	0	1	0.0205	0.0051	0.0055
ENSG00000163013.12	FBXO41	protein_coding	1186	570	622	8.3467	2.0699	2.2380
ENSG00000163016.10	ALMS1P1	transcribed_unprocessed_pseudogene	162	81	95	1.9589	0.4858	0.5252
ENSG00000163017.14	ACTG2	protein_coding	736	371	365	10.9521	2.7160	2.9366
ENSG00000163026.12	WDCP	protein_coding	952	462	490	13.9504	3.4595	3.7406
ENSG00000163029.16	SMC6	protein_coding	2701	1372	1330	15.5918	3.8666	4.1807
ENSG00000163032.12	VSNL1	protein_coding	330	163	167	4.9378	1.2245	1.3240
ENSG00000163040.15	CCDC74A	protein_coding	3111	1548	1563	57.3366	14.2189	15.3739
ENSG00000163041.13	H3-3A	protein_coding	1957	969	989	29.0072	7.1935	7.7778
ENSG00000163046.15	ANKRD30BL	protein_coding	1	1	0	0.0115	0.0028	0.0031
ENSG00000163050.18	COQ8A	protein_coding	9	6	3	0.1078	0.0267	0.0289
ENSG00000163053.11	SLC16A14	protein_coding	1121	613	508	12.8897	3.1965	3.4562
ENSG00000163060.8	TEKT4	protein_coding	2	1	1	0.0512	0.0127	0.0137
ENSG00000163064.7	EN1	protein_coding	235	121	114	4.6663	1.1572	1.2512
ENSG00000163069.13	SGCB	protein_coding	4188	2082	2106	54.4978	13.5149	14.6127
ENSG00000163071.11	SPATA18	protein_coding	891	433	458	10.1565	2.5187	2.7233
ENSG00000163072.16	NOSTRIN	protein_coding	641	284	357	6.9267	1.7177	1.8573
ENSG00000163075.13	CFAP221	protein_coding	10	4	6	0.0587	0.0146	0.0157
ENSG00000163081.4	CCDC140	lncRNA	1	0	1	0.0294	0.0073	0.0079
ENSG00000163082.10	SGPP2	protein_coding	95	43	52	1.0812	0.2681	0.2899
ENSG00000163083.6	INHBB	protein_coding	2584	1265	1319	45.7076	11.3350	12.2557
ENSG00000163092.21	XIRP2	protein_coding	0	0	0	0.0000	0.0000	0.0000
ENSG00000163093.12	BBS5	protein_coding	284	137	147	3.7860	0.9389	1.0152
ENSG00000163098.6	BIRC8	transcribed_processed_pseudogene	0	0	0	0.0000	0.0000	0.0000
ENSG00000163104.18	SMARCAD1	protein_coding	2734	1333	1401	24.5596	6.0905	6.5853
ENSG00000163106.11	HPGDS	protein_coding	402	274	300	10.7993	2.6781	2.8957
ENSG00000163110.15	PDLIM5	protein_coding	20664	10235	10429	105.6677	26.2045	28.3330
ENSG00000163114.6	PDHA2	protein_coding	0	0	0	0.0000	0.0000	0.0000
ENSG00000163116.10	STPG2	protein_coding	16	5	11	0.1493	0.0370	0.0400
ENSG00000163121.10	NEURL3	protein_coding	41	23	18	0.9323	0.2312	0.2500
ENSG00000163125.15	RPRD2	protein_coding	6054	3047	3008	39.2907	9.7437	10.5351
ENSG00000163126.15	ANKRD23	protein_coding	28	320	306	0.3870	0.0960	0.1038
ENSG00000163131.11	CTSS	protein_coding	6888	3557	3335	95.9514	23.7950	25.7278
ENSG00000163132.8	MSX1	protein_coding	263	128	135	7.0319	1.7438	1.8855
ENSG00000163138.19	PACRGL	protein_coding	924	536	541	6.3654	1.5786	1.7068
ENSG00000163141.20	BNIPL	protein_coding	591	296	295	8.7991	2.1821	2.3593
ENSG00000163145.13	C1QTNF7	protein_coding	550	286	264	5.8409	1.4485	1.5661
ENSG00000163154.6	TNFAIP8L2	protein_coding	281	133	151	13.7612	3.4126	3.6898
ENSG00000163155.12	LYSMD1	protein_coding	749	385	367	16.9361	4.2000	4.5411
ENSG00000163156.12	SCNM1	protein_coding	1468	751	720	25.5056	6.3251	6.8389
ENSG00000163157.15	TMOD4	protein_coding	14	6	11	0.4308	0.1068	0.1155
ENSG00000163159.14	VPS72	protein_coding	2579	1302	1277	82.1657	20.3763	22.0314
ENSG00000163161.14	ERCC3	protein_coding	3086	1573	1513	20.8044	5.1593	5.5784
ENSG00000163162.9	RNF149	protein_coding	5544	2811	2733	59.0312	14.6391	15.8282
ENSG00000163166.15	IWS1	protein_coding	3618	1979	2001	49.4879	12.2725	13.2693
ENSG00000163170.12	BOLA3	protein_coding	324	438	476	5.9811	1.4833	1.6037
ENSG00000163171.8	CDC42EP3	protein_coding	2249	1255	1296	12.8002	3.1743	3.4321
ENSG00000163191.6	S100A11	protein_coding	23643	11647	11996	2065.9382	512.3318	553.9470
ENSG00000163202.5	LCE3D	protein_coding	0	0	0	0.0000	0.0000	0.0000
ENSG00000163206.6	SMCP	protein_coding	0	0	0	0.0000	0.0000	0.0000
ENSG00000163207.7	IVL	protein_coding	7	1	6	0.1845	0.0457	0.0495
ENSG00000163209.15	SPRR3	protein_coding	0	0	0	0.0000	0.0000	0.0000
ENSG00000163214.21	DHX57	protein_coding	2095	1078	1065	14.8788	3.6898	3.9895
ENSG00000163216.7	SPRR2D	protein_coding	0	0	0	0.0000	0.0000	0.0000
ENSG00000163217.2	BMP10	protein_coding	0	0	0	0.0000	0.0000	0.0000
ENSG00000163218.15	PGLYRP4	protein_coding	0	0	0	0.0000	0.0000	0.0000
ENSG00000163219.12	ARHGAP25	protein_coding	933	502	527	9.6622	2.3961	2.5908
ENSG00000163220.11	S100A9	protein_coding	411	190	221	40.6768	10.0874	10.9068
ENSG00000163221.9	S100A12	protein_coding	4	0	4	0.4677	0.1160	0.1254
ENSG00000163235.16	TGFA	protein_coding	264	115	149	3.0448	0.7551	0.8164
ENSG00000163239.12	TDRD10	protein_coding	14	6	8	0.2934	0.0728	0.0787
ENSG00000163249.13	CCNYL1	protein_coding	1340	895	889	16.1443	4.0036	4.3288
ENSG00000163251.4	FZD5	protein_coding	442	228	214	3.5610	0.8831	0.9548
ENSG00000163254.5	CRYGC	protein_coding	0	0	0	0.0000	0.0000	0.0000
ENSG00000163257.11	DCAF16	protein_coding	3342	1637	1705	39.3531	9.7592	10.5519
ENSG00000163263.7	C1orf189	protein_coding	8	3	5	0.6731	0.1669	0.1805
ENSG00000163273.4	NPPC	protein_coding	0	0	0	0.0000	0.0000	0.0000
ENSG00000163281.12	GNPDA2	protein_coding	1345	782	728	10.5702	2.6213	2.8342
ENSG00000163283.7	ALPP	protein_coding	0	0	0	0.0000	0.0000	0.0000
ENSG00000163285.8	GABRG1	protein_coding	0	0	0	0.0000	0.0000	0.0000
ENSG00000163286.9	ALPG	protein_coding	0	0	0	0.0000	0.0000	0.0000
ENSG00000163288.14	GABRB1	protein_coding	0	0	0	0.0000	0.0000	0.0000
ENSG00000163291.14	PAQR3	protein_coding	964	1948	1939	4.4077	1.0931	1.1818
ENSG00000163293.12	NIPAL1	protein_coding	37	24	24	0.3507	0.0870	0.0940
ENSG00000163295.5	ALPI	protein_coding	0	0	0	0.0000	0.0000	0.0000
ENSG00000163297.17	ANTXR2	protein_coding	5431	2792	2639	30.7684	7.6303	8.2500
ENSG00000163312.11	HELQ	protein_coding	791	392	402	12.0845	2.9968	3.2403
ENSG00000163319.11	MRPS18C	protein_coding	281	924	912	3.2749	0.8121	0.8781
ENSG00000163320.12	CGGBP1	protein_coding	11481	5814	5779	99.4178	24.6546	26.6572
ENSG00000163322.14	ABRAXAS1	protein_coding	662	1083	1129	4.8762	1.2093	1.3075
ENSG00000163328.14	GPR155	protein_coding	601	313	288	4.3870	1.0879	1.1763
ENSG00000163331.12	DAPL1	protein_coding	1	0	1	0.0428	0.0106	0.0115
ENSG00000163344.6	PMVK	protein_coding	2758	1440	1318	156.0939	38.7097	41.8540
ENSG00000163346.17	PBXIP1	protein_coding	7248	3690	3558	106.7343	26.4690	28.6190
ENSG00000163347.6	CLDN1	protein_coding	2050	1043	1007	32.0439	7.9466	8.5921
ENSG00000163348.4	PYGO2	protein_coding	4412	2261	2156	68.2872	16.9345	18.3101
ENSG00000163349.22	HIPK1	protein_coding	8497	4291	4211	52.6743	13.0627	14.1237
ENSG00000163352.5	LENEP	protein_coding	9	5	4	0.6992	0.1734	0.1875
ENSG00000163354.15	DCST2	protein_coding	39	23	18	0.7202	0.1786	0.1931
ENSG00000163357.11	DCST1	protein_coding	31	30	48	0.5506	0.1365	0.1476
ENSG00000163359.16	COL6A3	protein_coding	244913	122891	122027	713.5376	176.9501	191.3232
ENSG00000163362.11	INAVA	protein_coding	23	12	11	0.2442	0.0606	0.0655
ENSG00000163364.10	LINC01116	lncRNA	986	511	480	26.3011	6.5224	7.0522
ENSG00000163374.19	YY1AP1	protein_coding	2851	1455	1601	32.3296	8.0174	8.6686
ENSG00000163376.11	KBTBD8	protein_coding	214	106	108	2.5625	0.6355	0.6871
ENSG00000163377.16	TAFA4	protein_coding	0	0	0	0.0000	0.0000	0.0000
ENSG00000163378.14	EOGT	protein_coding	2029	963	1066	21.4473	5.3187	5.7507
ENSG00000163380.16	LMOD3	protein_coding	12	14	13	0.1339	0.0332	0.0359
ENSG00000163382.12	NAXE	protein_coding	6104	3145	2980	179.0779	44.4095	48.0168
ENSG00000163389.12	POGLUT1	protein_coding	1969	1020	949	15.7893	3.9156	4.2336
ENSG00000163393.13	SLC22A15	protein_coding	538	240	298	5.7817	1.4338	1.5503
ENSG00000163394.6	CCKAR	protein_coding	6	2	4	0.1949	0.0483	0.0523
ENSG00000163395.17	IGFN1	protein_coding	2	1	2	0.0094	0.0023	0.0025
ENSG00000163399.16	ATP1A1	protein_coding	21888	31092	30877	170.5741	42.3007	45.7366
ENSG00000163406.11	SLC15A2	protein_coding	32	17	15	0.3033	0.0752	0.0813
ENSG00000163412.13	EIF4E3	protein_coding	3461	1741	1721	18.1600	4.5035	4.8693
ENSG00000163421.9	PROK2	protein_coding	4	1	3	0.1406	0.0349	0.0377
ENSG00000163424.9	TEX55	protein_coding	0	1	0	0.0000	0.0000	0.0000
ENSG00000163428.4	LRRC58	protein_coding	6701	3390	3311	47.9936	11.9019	12.8687
ENSG00000163430.12	FSTL1	protein_coding	53839	27728	27266	360.6009	89.4254	96.6891
ENSG00000163431.13	LMOD1	protein_coding	1884	1244	1347	26.9326	6.6790	7.2215
ENSG00000163435.16	ELF3	protein_coding	5607	2907	2871	44.2489	10.9733	11.8646
ENSG00000163440.12	PDCL2	protein_coding	0	0	0	0.0000	0.0000	0.0000
ENSG00000163444.12	TMEM183A	protein_coding	2504	1282	1222	35.1664	8.7209	9.4293
ENSG00000163449.11	TMEM169	protein_coding	118	55	66	1.8445	0.4574	0.4946
ENSG00000163453.11	IGFBP7	protein_coding	16409	12244	12053	482.1523	119.5689	129.2811
ENSG00000163462.18	TRIM46	protein_coding	139	67	72	1.7390	0.4312	0.4663
ENSG00000163463.13	KRTCAP2	protein_coding	126	63	63	1.8735	0.4646	0.5023
ENSG00000163464.8	CXCR1	protein_coding	103	59	44	2.3754	0.5891	0.6369
ENSG00000163466.16	ARPC2	protein_coding	16929	8312	8617	147.3589	36.5435	39.5118
ENSG00000163467.12	TSACC	protein_coding	79	43	40	4.0180	0.9964	1.0774
ENSG00000163468.15	CCT3	protein_coding	21116	10567	10555	309.9088	76.8543	83.0969
ENSG00000163472.19	TMEM79	protein_coding	907	1346	1425	16.9644	4.2070	4.5487
ENSG00000163479.14	SSR2	protein_coding	8913	6562	6592	76.0885	18.8692	20.4019
ENSG00000163481.8	RNF25	protein_coding	1266	628	643	38.0672	9.4403	10.2071
ENSG00000163482.12	STK36	protein_coding	1652	836	816	14.6040	3.6217	3.9158
ENSG00000163485.17	ADORA1	protein_coding	1124	588	570	15.2093	3.7717	4.0781
ENSG00000163491.16	NEK10	protein_coding	282	133	149	1.6690	0.4139	0.4475
ENSG00000163492.15	CCDC141	protein_coding	29	12	17	0.1065	0.0264	0.0285
ENSG00000163497.3	FEV	protein_coding	0	0	0	0.0000	0.0000	0.0000
ENSG00000163499.12	CRYBA2	protein_coding	0	0	0	0.0000	0.0000	0.0000
ENSG00000163501.7	IHH	protein_coding	2	1	1	0.0459	0.0114	0.0123
ENSG00000163507.14	CIP2A	protein_coding	510	262	269	6.3094	1.5647	1.6917
ENSG00000163508.13	EOMES	protein_coding	40	22	18	0.6205	0.1539	0.1664
ENSG00000163510.14	CWC22	protein_coding	2199	1101	1098	35.3874	8.7757	9.4885
ENSG00000163512.14	AZI2	protein_coding	1679	2484	2445	15.1811	3.7648	4.0706
ENSG00000163513.19	TGFBR2	protein_coding	11448	5666	5782	94.7760	23.5035	25.4126
ENSG00000163515.6	RETNLB	protein_coding	3	2	1	0.1538	0.0381	0.0412
ENSG00000163516.14	ANKZF1	protein_coding	1246	628	668	11.5780	2.8712	3.1045
ENSG00000163517.15	HDAC11	protein_coding	4953	2438	2524	53.6961	13.3161	14.3977
ENSG00000163518.11	FCRL4	protein_coding	7	3	4	0.1023	0.0254	0.0274
ENSG00000163519.14	TRAT1	protein_coding	21	11	10	0.4849	0.1202	0.1300
ENSG00000163520.14	FBLN2	protein_coding	15791	7879	7914	185.8670	46.0931	49.8371
ENSG00000163521.16	GLB1L	protein_coding	786	413	423	13.0372	3.2331	3.4957
ENSG00000163527.10	STT3B	protein_coding	16946	8461	8485	191.9711	47.6069	51.4739
ENSG00000163528.13	CHCHD4	protein_coding	1681	824	858	53.7977	13.3413	14.4249
ENSG00000163530.4	DPPA2	protein_coding	0	0	0	0.0000	0.0000	0.0000
ENSG00000163531.15	NFASC	protein_coding	2168	1042	1126	5.7800	1.4334	1.5498
ENSG00000163534.15	FCRL1	protein_coding	2	2	0	0.0287	0.0071	0.0077
ENSG00000163535.18	SGO2	protein_coding	570	296	293	5.1017	1.2652	1.3679
ENSG00000163536.13	SERPINI1	protein_coding	731	382	349	19.4807	4.8310	5.2234
ENSG00000163539.17	CLASP2	protein_coding	5630	2886	2744	20.9857	5.2043	5.6270
ENSG00000163541.12	SUCLG1	protein_coding	3818	1958	1860	52.0227	12.9011	13.9490
ENSG00000163545.11	NUAK2	protein_coding	395	207	188	6.6059	1.6382	1.7712
ENSG00000163554.15	SPTA1	protein_coding	32	17	18	0.1795	0.0445	0.0481
ENSG00000163558.13	PRKCI	protein_coding	4325	2227	2098	42.4491	10.5269	11.3820
ENSG00000163563.8	MNDA	protein_coding	1168	564	604	32.7098	8.1117	8.7706
ENSG00000163564.15	PYHIN1	protein_coding	48	26	22	0.7813	0.1938	0.2095
ENSG00000163565.19	IFI16	protein_coding	10797	5556	5241	115.6588	28.6822	31.0120
ENSG00000163568.15	AIM2	protein_coding	94	55	39	2.8446	0.7054	0.7627
ENSG00000163576.18	EFHB	protein_coding	145	68	77	1.9752	0.4898	0.5296
ENSG00000163577.8	EIF5A2	protein_coding	998	517	482	10.2141	2.5330	2.7388
ENSG00000163581.14	SLC2A2	protein_coding	0	0	0	0.0000	0.0000	0.0000
ENSG00000163584.18	RPL22L1	protein_coding	1087	543	544	30.0555	7.4534	8.0589
ENSG00000163586.10	FABP1	protein_coding	0	0	0	0.0000	0.0000	0.0000
ENSG00000163590.14	PPM1L	protein_coding	739	382	357	3.3683	0.8353	0.9032
ENSG00000163596.16	ICA1L	protein_coding	565	287	278	3.0233	0.7498	0.8107
ENSG00000163597.15	SNHG16	lncRNA	1756	2861	2902	18.5650	4.6039	4.9779
ENSG00000163599.17	CTLA4	protein_coding	62	36	26	1.6430	0.4074	0.4405
ENSG00000163600.13	ICOS	protein_coding	71	44	27	1.5310	0.3797	0.4105
ENSG00000163602.11	RYBP	protein_coding	8355	4227	4128	55.8806	13.8578	14.9835
ENSG00000163605.15	PPP4R2	protein_coding	7272	3647	3626	69.3684	17.2027	18.6000
ENSG00000163606.11	CD200R1	protein_coding	175	86	89	2.5512	0.6327	0.6841
ENSG00000163607.17	GTPBP8	protein_coding	544	325	278	8.1313	2.0165	2.1803
ENSG00000163608.15	NEPRO	protein_coding	3518	1778	1865	30.7405	7.6233	8.2425
ENSG00000163611.11	SPICE1	protein_coding	218	98	120	1.5568	0.3861	0.4174
ENSG00000163612.10	FAM86KP	unprocessed_pseudogene	8	3	5	0.4597	0.1140	0.1232
ENSG00000163617.11	CCDC191	protein_coding	1327	807	812	14.2419	3.5318	3.8187
ENSG00000163618.18	CADPS	protein_coding	89	49	40	0.3442	0.0853	0.0923
ENSG00000163623.9	NKX6-1	protein_coding	145	90	55	2.6646	0.6608	0.7145
ENSG00000163624.6	CDS1	protein_coding	3754	1933	1821	49.4057	12.2521	13.2473
ENSG00000163625.16	WDFY3	protein_coding	5871	3124	3078	19.3933	4.8093	5.2000
ENSG00000163626.17	COX18	protein_coding	1203	593	610	9.7795	2.4252	2.6222
ENSG00000163629.13	PTPN13	protein_coding	6217	3160	3095	37.1278	9.2073	9.9552
ENSG00000163630.11	SYNPR	protein_coding	0	0	0	0.0000	0.0000	0.0000
ENSG00000163631.17	ALB	protein_coding	37	22	15	0.6116	0.1517	0.1640
ENSG00000163632.14	C3orf49	protein_coding	10	7	3	0.3450	0.0855	0.0925
ENSG00000163633.12	C4orf36	protein_coding	3	3	0	0.0810	0.0201	0.0217
ENSG00000163634.12	THOC7	protein_coding	3146	1604	1542	102.0066	25.2966	27.3514
ENSG00000163635.20	ATXN7	protein_coding	3047	1520	1547	11.2798	2.7973	3.0245
ENSG00000163636.11	PSMD6	protein_coding	5040	2609	2493	31.5612	7.8269	8.4626
ENSG00000163637.13	PRICKLE2	protein_coding	2020	1718	1650	7.7727	1.9276	2.0841
ENSG00000163638.13	ADAMTS9	protein_coding	916	458	508	4.8639	1.2062	1.3042
ENSG00000163644.15	PPM1K	protein_coding	2463	1230	1266	12.2836	3.0462	3.2936
ENSG00000163645.15	ERICH6	protein_coding	21	16	23	0.5739	0.1423	0.1539
ENSG00000163646.12	CLRN1	protein_coding	4	2	2	0.0677	0.0168	0.0182
ENSG00000163655.16	GMPS	protein_coding	7342	3655	3687	47.5031	11.7803	12.7372
ENSG00000163659.13	TIPARP	protein_coding	2515	1275	1240	29.7137	7.3687	7.9672
ENSG00000163660.12	CCNL1	protein_coding	3901	1928	2018	25.3438	6.2850	6.7955
ENSG00000163661.4	PTX3	protein_coding	205	110	117	6.1707	1.5303	1.6546
ENSG00000163666.10	HESX1	protein_coding	122	61	61	4.6340	1.1492	1.2425
ENSG00000163673.7	DCLK3	protein_coding	92	51	41	0.9360	0.2321	0.2510
ENSG00000163681.16	SLMAP	protein_coding	7531	3737	3794	27.9212	6.9242	7.4866
ENSG00000163682.17	RPL9	protein_coding	21571	10954	10617	247.7300	61.4345	66.4247
ENSG00000163683.12	SMIM14	protein_coding	32444	16273	16175	281.8904	69.9060	75.5842
ENSG00000163684.12	RPP14	protein_coding	557	250	307	3.7712	0.9352	1.0112
ENSG00000163686.15	ABHD6	protein_coding	625	296	329	9.9477	2.4669	2.6673
ENSG00000163687.14	DNASE1L3	protein_coding	8	4	4	0.1516	0.0376	0.0407
ENSG00000163689.20	CFAP20DC	protein_coding	275	146	151	1.6494	0.4090	0.4423
ENSG00000163694.15	RBM47	protein_coding	10753	5529	5390	71.3720	17.6995	19.1372
ENSG00000163697.17	APBB2	protein_coding	10458	5959	5726	45.7759	11.3520	12.2741
ENSG00000163701.19	IL17RE	protein_coding	104	53	51	1.2621	0.3130	0.3384
ENSG00000163702.20	IL17RC	protein_coding	1405	659	746	17.5501	4.3523	4.7058
ENSG00000163703.19	CRELD1	protein_coding	153	98	72	2.2863	0.5670	0.6130
ENSG00000163704.12	PRRT3	protein_coding	3114	1634	1600	44.6736	11.0786	11.9785
ENSG00000163705.13	FANCD2OS	protein_coding	4	150	132	0.1182	0.0293	0.0317
ENSG00000163710.9	PCOLCE2	protein_coding	19	9	10	0.3050	0.0756	0.0818
ENSG00000163714.18	U2SURP	protein_coding	7261	3757	3504	36.4496	9.0391	9.7734
ENSG00000163719.20	MTMR14	protein_coding	2830	1369	1461	26.6638	6.6123	7.1494
ENSG00000163728.11	TTC14	protein_coding	1736	1124	1026	12.4618	3.0904	3.3414
ENSG00000163734.4	CXCL3	protein_coding	14	5	9	0.3578	0.0887	0.0959
ENSG00000163735.7	CXCL5	protein_coding	2	1	3	0.0466	0.0115	0.0125
ENSG00000163736.4	PPBP	protein_coding	9	7	2	0.3905	0.0968	0.1047
ENSG00000163737.4	PF4	protein_coding	1	0	1	0.0734	0.0182	0.0197
ENSG00000163738.18	MTHFD2L	protein_coding	634	344	349	3.6617	0.9081	0.9818
ENSG00000163739.5	CXCL1	protein_coding	13	8	5	0.5413	0.1342	0.1451
ENSG00000163743.13	RCHY1	protein_coding	1446	824	749	12.4909	3.0976	3.3492
ENSG00000163746.12	PLSCR2	protein_coding	16	8	8	0.3349	0.0831	0.0898
ENSG00000163749.17	CCDC158	protein_coding	109	53	56	1.0548	0.2616	0.2828
ENSG00000163751.4	CPA3	protein_coding	4537	2266	2271	141.7593	35.1549	38.0104
ENSG00000163754.18	GYG1	protein_coding	4156	3231	3270	31.2126	7.7404	8.3692
ENSG00000163755.9	HPS3	protein_coding	4215	9027	8967	38.5412	9.5578	10.3342
ENSG00000163762.7	TM4SF18	protein_coding	1066	562	553	13.8749	3.4408	3.7203
ENSG00000163781.14	TOPBP1	protein_coding	3776	1878	1917	29.1859	7.2378	7.8257
ENSG00000163785.13	RYK	protein_coding	5101	2589	2512	35.4420	8.7893	9.5032
ENSG00000163788.14	SNRK	protein_coding	3025	2127	2138	24.5735	6.0940	6.5890
ENSG00000163792.6	TCF23	protein_coding	3	1	2	0.0332	0.0082	0.0089
ENSG00000163793.13	DNAJC5G	protein_coding	0	0	0	0.0000	0.0000	0.0000
ENSG00000163794.6	UCN	protein_coding	42	18	28	2.9960	0.7430	0.8033
ENSG00000163795.14	ZNF513	protein_coding	495	331	308	11.8445	2.9373	3.1759
ENSG00000163798.13	SLC4A1AP	protein_coding	2321	1222	1219	25.2782	6.2688	6.7779
ENSG00000163803.13	PLB1	protein_coding	169	77	94	1.1140	0.2763	0.2987
ENSG00000163806.16	SPDYA	protein_coding	23	144	122	0.3745	0.0929	0.1004
ENSG00000163807.6	KIAA1143	protein_coding	3881	1970	1911	42.1954	10.4640	11.3140
ENSG00000163808.17	KIF15	protein_coding	695	352	343	7.4633	1.8508	2.0011
ENSG00000163810.12	TGM4	protein_coding	2	2	0	0.0208	0.0052	0.0056
ENSG00000163811.12	WDR43	protein_coding	3369	1668	1701	46.5649	11.5476	12.4856
ENSG00000163812.15	ZDHHC3	protein_coding	4554	2276	2279	19.2657	4.7777	5.1658
ENSG00000163814.8	CDCP1	protein_coding	8786	4336	4451	76.5602	18.9862	20.5283
ENSG00000163815.6	CLEC3B	protein_coding	81	43	38	4.6635	1.1565	1.2504
ENSG00000163817.16	SLC6A20	protein_coding	24	8	16	0.2046	0.0507	0.0549
ENSG00000163818.17	LZTFL1	protein_coding	3645	1766	1879	28.7894	7.1395	7.7194
ENSG00000163820.15	FYCO1	protein_coding	9220	4495	4725	58.7820	14.5773	15.7614
ENSG00000163823.4	CCR1	protein_coding	2894	1427	1467	62.0252	15.3816	16.6310
ENSG00000163825.4	RTP3	protein_coding	0	0	0	0.0000	0.0000	0.0000
ENSG00000163827.13	LRRC2	protein_coding	4	0	4	0.0403	0.0100	0.0108
ENSG00000163832.16	ELP6	protein_coding	1668	844	824	28.9805	7.1869	7.7706
ENSG00000163833.8	FBXO40	protein_coding	0	0	0	0.0000	0.0000	0.0000
ENSG00000163840.10	DTX3L	protein_coding	16634	8491	8489	163.5426	40.5569	43.8512
ENSG00000163848.20	ZNF148	protein_coding	6516	3293	3223	35.4050	8.7801	9.4933
ENSG00000163864.17	NMNAT3	protein_coding	966	604	570	4.2195	1.0464	1.1314
ENSG00000163866.9	SMIM12	protein_coding	1820	986	914	9.9847	2.4761	2.6772
ENSG00000163867.17	ZMYM6	protein_coding	909	473	436	5.3877	1.3361	1.4446
ENSG00000163870.16	TPRA1	protein_coding	2106	1067	1039	21.2473	5.2691	5.6971
ENSG00000163872.16	YEATS2	protein_coding	3587	2114	2174	19.8806	4.9302	5.3307
ENSG00000163873.10	GRIK3	protein_coding	2665	1342	1323	14.3976	3.5705	3.8605
ENSG00000163874.11	ZC3H12A	protein_coding	488	245	243	8.9532	2.2203	2.4007
ENSG00000163875.16	MEAF6	protein_coding	8951	4516	4435	83.7504	20.7692	22.4563
ENSG00000163877.11	SNIP1	protein_coding	1970	987	983	19.5381	4.8452	5.2388
ENSG00000163879.11	DNALI1	protein_coding	3269	1596	1729	41.6034	10.3172	11.1553
ENSG00000163882.9	POLR2H	protein_coding	2068	1008	1060	37.2779	9.2445	9.9954
ENSG00000163884.4	KLF15	protein_coding	6	1	5	0.1209	0.0300	0.0324
ENSG00000163885.12	CFAP100	protein_coding	2	4	2	0.0335	0.0083	0.0090
ENSG00000163888.4	CAMK2N2	protein_coding	22	8	14	0.8592	0.2131	0.2304
ENSG00000163898.10	LIPH	protein_coding	1434	704	734	19.8492	4.9224	5.3222
ENSG00000163900.11	TMEM41A	protein_coding	2515	1326	1276	16.4543	4.0805	4.4119
ENSG00000163902.12	RPN1	protein_coding	21742	10839	10903	310.9680	77.1169	83.3809
ENSG00000163904.13	SENP2	protein_coding	3433	1676	1757	27.4127	6.7981	7.3503
ENSG00000163909.8	HEYL	protein_coding	1798	900	899	25.0097	6.2022	6.7059
ENSG00000163913.12	IFT122	protein_coding	3794	1900	1907	22.3285	5.5372	5.9870
ENSG00000163914.5	RHO	protein_coding	2	1	1	0.0410	0.0102	0.0110
ENSG00000163915.7	IGF2BP2-AS1	lncRNA	0	0	0	0.0000	0.0000	0.0000
ENSG00000163918.11	RFC4	protein_coding	1106	548	576	20.9280	5.1899	5.6115
ENSG00000163923.10	RPL39L	protein_coding	277	146	131	15.2068	3.7711	4.0775
ENSG00000163930.10	BAP1	protein_coding	4981	2461	2521	59.8712	14.8475	16.0535
ENSG00000163931.16	TKT	protein_coding	24660	12282	12378	147.1762	36.4982	39.4628
ENSG00000163932.15	PRKCD	protein_coding	5395	2675	2720	84.5400	20.9651	22.6680
ENSG00000163933.10	RFT1	protein_coding	1181	571	610	12.2239	3.0314	3.2776
ENSG00000163935.14	SFMBT1	protein_coding	1818	916	902	18.1480	4.5005	4.8661
ENSG00000163938.17	GNL3	protein_coding	5206	2646	2620	91.1773	22.6111	24.4477
ENSG00000163939.18	PBRM1	protein_coding	6145	3203	3190	36.0972	8.9518	9.6789
ENSG00000163945.19	UVSSA	protein_coding	2058	1088	970	6.8977	1.7106	1.8495
ENSG00000163946.13	TASOR	protein_coding	7725	3988	4057	44.5933	11.0587	11.9570
ENSG00000163947.12	ARHGEF3	protein_coding	4014	1982	2078	34.6159	8.5844	9.2817
ENSG00000163950.13	SLBP	protein_coding	3019	1540	1480	90.8744	22.5359	24.3665
ENSG00000163956.13	LRPAP1	protein_coding	6531	3261	3271	31.3450	7.7733	8.4046
ENSG00000163958.14	ZDHHC19	protein_coding	4	2	2	0.0934	0.0232	0.0250
ENSG00000163959.10	SLC51A	protein_coding	239	385	367	2.5753	0.6386	0.6905
ENSG00000163960.12	UBXN7	protein_coding	5548	2856	2765	27.9743	6.9373	7.5008
ENSG00000163961.4	RNF168	protein_coding	1996	1073	1024	21.1695	5.2498	5.6762
ENSG00000163964.17	PIGX	protein_coding	4716	2378	2339	60.1539	14.9176	16.1293
ENSG00000163975.12	MELTF	protein_coding	1275	692	715	8.6139	2.1362	2.3097
ENSG00000163982.6	OTOP1	protein_coding	0	0	0	0.0000	0.0000	0.0000
ENSG00000163993.7	S100P	protein_coding	1391	699	692	167.4810	41.5336	44.9073
ENSG00000163995.21	ABLIM2	protein_coding	344	182	162	3.1638	0.7846	0.8483
ENSG00000164002.11	EXO5	protein_coding	205	263	265	3.7599	0.9324	1.0081
ENSG00000164007.11	CLDN19	protein_coding	8	2	6	0.1260	0.0312	0.0338
ENSG00000164008.16	C1orf50	protein_coding	169	105	113	1.8131	0.4496	0.4861
ENSG00000164010.15	ERMAP	protein_coding	705	579	579	6.9896	1.7334	1.8741
ENSG00000164011.18	ZNF691	protein_coding	747	389	358	20.8067	5.1598	5.5790
ENSG00000164022.17	AIMP1	protein_coding	5042	2694	2744	33.2440	8.2442	8.9138
ENSG00000164023.14	SGMS2	protein_coding	3099	1650	1733	23.0182	5.7083	6.1720
ENSG00000164024.12	METAP1	protein_coding	3012	1551	1462	41.9270	10.3975	11.2420
ENSG00000164031.17	DNAJB14	protein_coding	3900	1935	1965	17.0523	4.2288	4.5723
ENSG00000164032.12	H2AZ1	protein_coding	6514	4325	4028	162.7351	40.3567	43.6347
ENSG00000164035.10	EMCN	protein_coding	480	256	225	5.2631	1.3052	1.4112
ENSG00000164037.17	SLC9B1	protein_coding	50	410	385	0.9589	0.2378	0.2571
ENSG00000164038.16	SLC9B2	protein_coding	651	318	333	4.2873	1.0632	1.1496
ENSG00000164039.15	BDH2	protein_coding	1250	623	627	13.5982	3.3722	3.6461
ENSG00000164040.18	PGRMC2	protein_coding	9608	4763	4846	117.7841	29.2093	31.5819
ENSG00000164045.12	CDC25A	protein_coding	289	149	140	3.9540	0.9805	1.0602
ENSG00000164047.6	CAMP	protein_coding	46	24	22	3.5016	0.8684	0.9389
ENSG00000164048.14	ZNF589	protein_coding	1600	828	808	16.4347	4.0756	4.4067
ENSG00000164049.14	FBXW12	protein_coding	33	16	17	0.5365	0.1331	0.1439
ENSG00000164050.13	PLXNB1	protein_coding	6575	3311	3264	38.1724	9.4664	10.2353
ENSG00000164051.14	CCDC51	protein_coding	1208	607	611	28.4256	7.0493	7.6218
ENSG00000164053.21	ATRIP	protein_coding	1734	842	892	18.1063	4.4902	4.8549
ENSG00000164054.15	SHISA5	protein_coding	17842	8834	9009	216.9424	53.7995	58.1695
ENSG00000164056.11	SPRY1	protein_coding	3316	1657	1659	47.4515	11.7675	12.7233
ENSG00000164061.5	BSN	protein_coding	706	359	349	2.4652	0.6113	0.6610
ENSG00000164062.13	APEH	protein_coding	8724	4467	4258	111.8052	27.7265	29.9787
ENSG00000164066.13	INTU	protein_coding	848	435	413	2.9979	0.7435	0.8038
ENSG00000164068.16	RNF123	protein_coding	1819	1509	1467	13.9042	3.4481	3.7282
ENSG00000164070.12	HSPA4L	protein_coding	640	338	329	3.1729	0.7868	0.8508
ENSG00000164073.11	MFSD8	protein_coding	1233	643	613	7.9018	1.9596	2.1187
ENSG00000164074.15	ABHD18	protein_coding	737	381	379	6.2316	1.5454	1.6709
ENSG00000164076.17	CAMKV	protein_coding	0	0	0	0.0000	0.0000	0.0000
ENSG00000164077.14	MON1A	protein_coding	564	297	268	4.9619	1.2305	1.3305
ENSG00000164078.13	MST1R	protein_coding	321	164	165	3.4661	0.8596	0.9294
ENSG00000164080.13	RAD54L2	protein_coding	2730	1366	1372	12.9837	3.2198	3.4814
ENSG00000164081.13	TEX264	protein_coding	4600	2277	2323	45.8625	11.3734	12.2973
ENSG00000164082.15	GRM2	protein_coding	15	6	9	0.1198	0.0297	0.0321
ENSG00000164086.10	DUSP7	protein_coding	1881	946	935	18.8166	4.6663	5.0454
ENSG00000164087.8	POC1A	protein_coding	768	388	380	19.1527	4.7497	5.1355
ENSG00000164088.18	PPM1M	protein_coding	1498	780	796	23.5519	5.8406	6.3150
ENSG00000164089.9	ETNPPL	protein_coding	0	0	0	0.0000	0.0000	0.0000
ENSG00000164091.12	WDR82	protein_coding	11625	5768	5870	115.2743	28.5869	30.9089
ENSG00000164093.17	PITX2	protein_coding	85	39	46	0.8330	0.2066	0.2233
ENSG00000164096.13	C4orf3	protein_coding	13911	6964	6948	266.5177	66.0937	71.4623
ENSG00000164099.3	PRSS12	protein_coding	20	22	37	0.1981	0.0491	0.0531
ENSG00000164100.9	NDST3	protein_coding	4	3	1	0.0331	0.0082	0.0089
ENSG00000164104.12	HMGB2	protein_coding	5350	2736	2614	126.3633	31.3368	33.8822
ENSG00000164105.4	SAP30	protein_coding	781	396	393	33.8354	8.3908	9.0724
ENSG00000164106.8	SCRG1	protein_coding	18	12	9	0.2000	0.0496	0.0536
ENSG00000164107.9	HAND2	protein_coding	134	135	114	2.1103	0.5233	0.5658
ENSG00000164109.14	MAD2L1	protein_coding	920	466	454	9.4568	2.3452	2.5357
ENSG00000164111.15	ANXA5	protein_coding	22611	11494	11117	438.3826	108.7145	117.5450
ENSG00000164112.13	TMEM155	protein_coding	11	5	6	0.2061	0.0511	0.0553
ENSG00000164113.11	ADAD1	protein_coding	0	0	0	0.0000	0.0000	0.0000
ENSG00000164114.19	MAP9	protein_coding	1856	1115	1097	11.8837	2.9470	3.1864
ENSG00000164116.17	GUCY1A1	protein_coding	3038	1522	1516	16.4693	4.0842	4.4160
ENSG00000164117.14	FBXO8	protein_coding	1458	714	746	37.3625	9.2655	10.0181
ENSG00000164118.13	CEP44	protein_coding	1041	533	510	8.3395	2.0681	2.2361
ENSG00000164120.14	HPGD	protein_coding	1955	999	985	20.0448	4.9709	5.3747
ENSG00000164122.9	ASB5	protein_coding	1	1	0	0.0134	0.0033	0.0036
ENSG00000164123.7	C4orf45	protein_coding	3	3	0	0.1145	0.0284	0.0307
ENSG00000164124.11	TMEM144	protein_coding	998	488	510	6.1199	1.5177	1.6409
ENSG00000164125.16	GASK1B	protein_coding	9247	5298	5139	66.5479	16.5032	17.8437
ENSG00000164128.7	NPY1R	protein_coding	13	4	9	0.1852	0.0459	0.0497
ENSG00000164129.12	NPY5R	protein_coding	2	1	1	0.0340	0.0084	0.0091
ENSG00000164134.13	NAA15	protein_coding	4841	2473	2483	28.4078	7.0448	7.6171
ENSG00000164136.17	IL15	protein_coding	146	72	74	1.0513	0.2607	0.2819
ENSG00000164142.16	FAM160A1	protein_coding	1267	617	650	6.0670	1.5046	1.6268
ENSG00000164144.16	ARFIP1	protein_coding	4425	2132	2293	58.7823	14.5774	15.7615
ENSG00000164151.12	ICE1	protein_coding	6988	3532	3456	45.6502	11.3208	12.2403
ENSG00000164161.10	HHIP	protein_coding	17	14	13	0.0807	0.0200	0.0217
ENSG00000164162.14	ANAPC10	protein_coding	230	211	209	2.8844	0.7153	0.7734
ENSG00000164163.11	ABCE1	protein_coding	4048	2595	2437	36.7064	9.1028	9.8422
ENSG00000164164.17	OTUD4	protein_coding	4861	2758	2898	28.9779	7.1862	7.7700
ENSG00000164167.12	LSM6	protein_coding	537	251	286	7.6612	1.8999	2.0542
ENSG00000164168.8	TMEM184C	protein_coding	3008	1525	1484	36.2250	8.9834	9.7131
ENSG00000164169.13	PRMT9	protein_coding	773	389	385	11.0923	2.7508	2.9742
ENSG00000164171.11	ITGA2	protein_coding	9066	4523	4543	65.1130	16.1474	17.4590
ENSG00000164172.20	MOCS2	protein_coding	3971	2024	1972	37.4763	9.2938	10.0487
ENSG00000164175.15	SLC45A2	protein_coding	17	6	11	0.2991	0.0742	0.0802
ENSG00000164176.13	EDIL3	protein_coding	11999	6091	6143	116.8177	28.9696	31.3227
ENSG00000164180.14	TMEM161B	protein_coding	2343	1211	1199	13.8437	3.4331	3.7119
ENSG00000164181.14	ELOVL7	protein_coding	3061	1549	1512	38.9126	9.6499	10.4338
ENSG00000164182.12	NDUFAF2	protein_coding	2060	1050	1010	16.9014	4.1914	4.5318
ENSG00000164185.6	ZNF474	protein_coding	57	25	33	1.5518	0.3848	0.4161
ENSG00000164187.7	LMBRD2	protein_coding	5893	2896	2997	40.0134	9.9229	10.7289
ENSG00000164188.9	RANBP3L	protein_coding	204	101	103	2.3687	0.5874	0.6351
ENSG00000164190.19	NIPBL	protein_coding	11914	5968	5946	53.9694	13.3839	14.4710
ENSG00000164197.12	RNF180	protein_coding	214	102	112	2.2329	0.5537	0.5987
ENSG00000164199.18	ADGRV1	protein_coding	4526	2326	2314	7.5888	1.8820	2.0348
ENSG00000164209.17	SLC25A46	protein_coding	7013	3549	3466	48.0903	11.9259	12.8946
ENSG00000164211.13	STARD4	protein_coding	543	312	264	5.4176	1.3435	1.4526
ENSG00000164219.10	PGGT1B	protein_coding	4645	2509	2331	26.1613	6.4877	7.0147
ENSG00000164220.7	F2RL2	protein_coding	1386	708	747	23.0634	5.7195	6.1841
ENSG00000164221.13	CCDC112	protein_coding	1690	815	875	30.4350	7.5476	8.1606
ENSG00000164236.12	ANKRD33B	protein_coding	355	204	199	2.0046	0.4971	0.5375
ENSG00000164237.9	CMBL	protein_coding	7981	3919	4063	92.7084	22.9907	24.8582
ENSG00000164241.13	C5orf63	protein_coding	621	330	291	4.8980	1.2147	1.3133
ENSG00000164244.21	PRRC1	protein_coding	12456	6410	6046	78.2345	19.4014	20.9773
ENSG00000164251.5	F2RL1	protein_coding	1335	666	669	25.8388	6.4078	6.9283
ENSG00000164252.13	AGGF1	protein_coding	2515	1199	1316	28.3437	7.0290	7.5999
ENSG00000164253.14	WDR41	protein_coding	3875	1884	2025	30.7732	7.6314	8.2513
ENSG00000164256.11	PRDM9	protein_coding	0	0	0	0.0000	0.0000	0.0000
ENSG00000164258.12	NDUFS4	protein_coding	4367	2143	2224	210.9476	52.3129	56.5621
ENSG00000164265.9	SCGB3A2	protein_coding	36	17	19	1.8991	0.4710	0.5092
ENSG00000164266.11	SPINK1	protein_coding	60	32	28	2.5001	0.6200	0.6704
ENSG00000164270.18	HTR4	protein_coding	4	4	0	0.0322	0.0080	0.0086
ENSG00000164283.13	ESM1	protein_coding	3866	1933	1933	81.4416	20.1967	21.8372
ENSG00000164284.15	GRPEL2	protein_coding	3018	1637	1516	38.7306	9.6048	10.3850
ENSG00000164287.13	CDC20B	protein_coding	1	0	1	0.0125	0.0031	0.0034
ENSG00000164291.17	ARSK	protein_coding	876	443	433	11.4862	2.8485	3.0798
ENSG00000164292.13	RHOBTB3	protein_coding	15410	8012	8000	99.0031	24.5518	26.5460
ENSG00000164294.14	GPX8	protein_coding	6302	3157	3145	88.3526	21.9106	23.6903
ENSG00000164296.7	TIGD6	protein_coding	1073	636	574	14.7443	3.6564	3.9534
ENSG00000164299.7	SPZ1	protein_coding	0	0	0	0.0000	0.0000	0.0000
ENSG00000164300.17	SERINC5	protein_coding	15587	8404	8159	92.6657	22.9802	24.8468
ENSG00000164303.11	ENPP6	protein_coding	84	33	51	1.0322	0.2560	0.2768
ENSG00000164304.16	CAGE1	protein_coding	5	4	3	0.0808	0.0200	0.0217
ENSG00000164305.19	CASP3	protein_coding	2383	1220	1163	46.6160	11.5603	12.4993
ENSG00000164306.11	PRIMPOL	protein_coding	597	425	429	12.1391	3.0104	3.2549
ENSG00000164307.13	ERAP1	protein_coding	9491	7989	7774	67.7450	16.8001	18.1647
ENSG00000164308.17	ERAP2	protein_coding	11553	5833	5721	94.2284	23.3677	25.2658
ENSG00000164309.15	CMYA5	protein_coding	4450	2253	2197	17.7468	4.4010	4.7585
ENSG00000164318.18	EGFLAM	protein_coding	982	527	582	9.0068	2.2336	2.4150
ENSG00000164323.14	CFAP97	protein_coding	5039	2546	2493	39.7333	9.8534	10.6538
ENSG00000164325.8	TMEM174	protein_coding	0	0	0	0.0000	0.0000	0.0000
ENSG00000164326.5	CARTPT	protein_coding	1	0	1	0.0514	0.0127	0.0138
ENSG00000164327.13	RICTOR	protein_coding	6062	3175	3154	25.3896	6.2964	6.8078
ENSG00000164329.13	TENT2	protein_coding	5098	2529	2569	52.4886	13.0167	14.0740
ENSG00000164330.17	EBF1	protein_coding	597	310	287	5.3459	1.3257	1.4334
ENSG00000164331.10	ANKRA2	protein_coding	1799	1012	922	36.6324	9.0845	9.8224
ENSG00000164332.8	UBLCP1	protein_coding	2088	1044	1044	48.0757	11.9223	12.8907
ENSG00000164334.15	FAM170A	protein_coding	0	0	0	0.0000	0.0000	0.0000
ENSG00000164338.10	UTP15	protein_coding	2300	1242	1193	20.6251	5.1148	5.5303
ENSG00000164342.13	TLR3	protein_coding	1287	647	640	10.8529	2.6914	2.9100
ENSG00000164344.16	KLKB1	protein_coding	41	25	16	0.7976	0.1978	0.2139
ENSG00000164346.10	NSA2	protein_coding	14573	8068	8593	166.5527	41.3034	44.6583
ENSG00000164347.18	GFM2	protein_coding	2761	2001	2048	39.4299	9.7782	10.5725
ENSG00000164362.21	TERT	protein_coding	8	5	5	0.0766	0.0190	0.0205
ENSG00000164363.10	SLC6A18	protein_coding	1	0	2	0.0271	0.0067	0.0073
ENSG00000164366.4	CCDC127	protein_coding	2296	1171	1125	13.5041	3.3489	3.6209
ENSG00000164379.7	FOXQ1	protein_coding	203	84	119	4.3262	1.0729	1.1600
ENSG00000164385.9	LINC01600	lncRNA	3	2	2	0.0547	0.0136	0.0147
ENSG00000164393.8	ADGRF2	protein_coding	1	1	0	0.0089	0.0022	0.0024
ENSG00000164398.15	ACSL6	protein_coding	18	12	6	0.0601	0.0149	0.0161
ENSG00000164399.5	IL3	protein_coding	0	0	0	0.0000	0.0000	0.0000
ENSG00000164400.6	CSF2	protein_coding	3	1	2	0.2159	0.0535	0.0579
ENSG00000164402.14	SEPTIN8	protein_coding	8407	4301	4358	61.8447	15.3369	16.5826
ENSG00000164403.15	SHROOM1	protein_coding	567	284	283	7.6906	1.9072	2.0621
ENSG00000164404.8	GDF9	protein_coding	119	1146	1182	2.0581	0.5104	0.5518
ENSG00000164405.11	UQCRQ	protein_coding	4472	3360	3321	114.3404	28.3553	30.6585
ENSG00000164406.8	LEAP2	protein_coding	39	19	20	1.7238	0.4275	0.4622
ENSG00000164411.12	GJB7	protein_coding	3	18	17	0.0624	0.0155	0.0167
ENSG00000164414.18	SLC35A1	protein_coding	1028	548	480	29.2366	7.2504	7.8393
ENSG00000164418.21	GRIK2	protein_coding	233	126	107	1.6663	0.4132	0.4468
ENSG00000164430.16	CGAS	protein_coding	832	425	410	11.3040	2.8033	3.0310
ENSG00000164434.12	FABP7	protein_coding	0	0	0	0.0000	0.0000	0.0000
ENSG00000164438.6	TLX3	protein_coding	0	0	0	0.0000	0.0000	0.0000
ENSG00000164440.15	TXLNB	protein_coding	120	69	51	1.4189	0.3519	0.3805
ENSG00000164442.10	CITED2	protein_coding	7969	3883	4086	176.3253	43.7269	47.2787
ENSG00000164451.13	CALHM4	protein_coding	1	0	1	0.0294	0.0073	0.0079
ENSG00000164458.10	TBXT	protein_coding	0	0	0	0.0000	0.0000	0.0000
ENSG00000164463.12	CREBRF	protein_coding	5009	2508	2501	23.0325	5.7118	6.1758
ENSG00000164465.19	DCBLD1	protein_coding	1875	1073	1126	15.5934	3.8670	4.1811
ENSG00000164466.13	SFXN1	protein_coding	4203	2148	2055	32.1793	7.9801	8.6283
ENSG00000164483.17	SAMD3	protein_coding	44	25	19	0.3616	0.0897	0.0970
ENSG00000164484.12	TMEM200A	protein_coding	2613	1348	1265	25.2959	6.2731	6.7827
ENSG00000164485.15	IL22RA2	protein_coding	8	4	4	0.1566	0.0388	0.0420
ENSG00000164488.12	DACT2	protein_coding	26	13	13	0.3473	0.0861	0.0931
ENSG00000164494.12	PDSS2	protein_coding	1267	641	626	18.3248	4.5444	4.9135
ENSG00000164500.7	SPATA48	protein_coding	0	0	0	0.0000	0.0000	0.0000
ENSG00000164506.14	STXBP5	protein_coding	3185	1613	1622	17.1955	4.2643	4.6107
ENSG00000164508.5	H2AC1	protein_coding	0	0	0	0.0000	0.0000	0.0000
ENSG00000164509.15	IL31RA	protein_coding	11	2	9	0.0979	0.0243	0.0263
ENSG00000164512.18	ANKRD55	protein_coding	13	10	10	0.2501	0.0620	0.0671
ENSG00000164520.11	RAET1E	protein_coding	3	1	2	0.0566	0.0140	0.0152
ENSG00000164530.15	PI16	protein_coding	8	4	4	0.1968	0.0488	0.0528
ENSG00000164532.11	TBX20	protein_coding	0	0	0	0.0000	0.0000	0.0000
ENSG00000164535.15	DAGLB	protein_coding	1366	720	646	13.5548	3.3615	3.6345
ENSG00000164542.13	KIAA0895	protein_coding	943	470	506	7.8678	1.9511	2.1096
ENSG00000164543.7	STK17A	protein_coding	3302	1715	1685	32.9503	8.1713	8.8351
ENSG00000164548.11	TRA2A	protein_coding	4454	2259	2195	71.8391	17.8154	19.2625
ENSG00000164556.7	FAM183BP	processed_pseudogene	5	3	2	0.1778	0.0441	0.0477
ENSG00000164574.16	GALNT10	protein_coding	18398	9750	9734	99.4045	24.6513	26.6537
ENSG00000164576.12	SAP30L	protein_coding	8478	4282	4196	71.6096	17.7585	19.2009
ENSG00000164587.13	RPS14	protein_coding	46849	22255	24595	522.7874	129.6460	140.1767
ENSG00000164588.8	HCN1	protein_coding	5	2	3	0.0206	0.0051	0.0055
ENSG00000164591.14	MYOZ3	protein_coding	35	19	18	0.3387	0.0840	0.0908
ENSG00000164597.15	COG5	protein_coding	3159	3181	3246	21.3346	5.2908	5.7205
ENSG00000164600.7	NEUROD6	protein_coding	0	0	0	0.0000	0.0000	0.0000
ENSG00000164603.12	BMT2	protein_coding	972	551	513	13.4543	3.3365	3.6075
ENSG00000164604.13	GPR85	protein_coding	161	69	92	1.2607	0.3127	0.3380
ENSG00000164609.10	SLU7	protein_coding	6811	3392	3419	80.9922	20.0852	21.7167
ENSG00000164610.9	RP9	protein_coding	527	277	250	15.7213	3.8987	4.2154
ENSG00000164611.13	PTTG1	protein_coding	960	452	508	27.5654	6.8359	7.3912
ENSG00000164615.6	CAMLG	protein_coding	6348	3241	3107	48.5561	12.0414	13.0195
ENSG00000164616.16	FBXL21P	transcribed_unitary_pseudogene	0	0	0	0.0000	0.0000	0.0000
ENSG00000164619.10	BMPER	protein_coding	117	52	65	0.8304	0.2059	0.2227
ENSG00000164620.9	RELL2	protein_coding	125	321	289	2.7444	0.6806	0.7359
ENSG00000164621.5	SMAD5-AS1	lncRNA	0	5	8	0.0000	0.0000	0.0000
ENSG00000164626.9	KCNK5	protein_coding	132	68	64	1.9788	0.4907	0.5306
ENSG00000164627.18	KIF6	protein_coding	25	14	11	0.1194	0.0296	0.0320
ENSG00000164631.19	ZNF12	protein_coding	3171	1643	1528	33.7958	8.3810	9.0618
ENSG00000164638.10	SLC29A4	protein_coding	209	194	170	2.0396	0.5058	0.5469
ENSG00000164645.3	TEX47	protein_coding	0	0	0	0.0000	0.0000	0.0000
ENSG00000164647.9	STEAP1	protein_coding	703	349	354	25.8207	6.4033	6.9234
ENSG00000164649.20	CDCA7L	protein_coding	989	782	792	14.4032	3.5719	3.8620
ENSG00000164651.17	SP8	protein_coding	1	0	1	0.0152	0.0038	0.0041
ENSG00000164654.16	MIOS	protein_coding	2636	1372	1264	22.2650	5.5215	5.9700
ENSG00000164659.15	ELAPOR2	protein_coding	1125	571	554	7.9057	1.9605	2.1198
ENSG00000164663.14	USP49	protein_coding	454	273	237	2.3575	0.5846	0.6321
ENSG00000164669.13	INTS4P1	transcribed_unprocessed_pseudogene	27	19	10	0.3921	0.0972	0.1051
ENSG00000164674.16	SYTL3	protein_coding	372	200	198	7.2846	1.8065	1.9532
ENSG00000164675.11	IQUB	protein_coding	20	11	14	0.1859	0.0461	0.0499
ENSG00000164683.18	HEY1	protein_coding	1544	763	781	15.9578	3.9574	4.2788
ENSG00000164684.13	ZNF704	protein_coding	3324	1711	1613	12.5602	3.1148	3.3678
ENSG00000164687.11	FABP5	protein_coding	386	335	320	11.4969	2.8511	3.0827
ENSG00000164690.8	SHH	protein_coding	1	1	0	0.0108	0.0027	0.0029
ENSG00000164691.18	TAGAP	protein_coding	611	362	374	8.4739	2.1014	2.2721
ENSG00000164692.18	COL1A2	protein_coding	1479686	742177	737525	7757.5070	1923.7834	2080.0465
ENSG00000164694.17	FNDC1	protein_coding	15946	7881	8066	132.0142	32.7382	35.3974
ENSG00000164695.5	CHMP4C	protein_coding	1739	1069	1089	53.2498	13.2054	14.2781
ENSG00000164707.15	SLC13A4	protein_coding	69	52	42	0.4882	0.1211	0.1309
ENSG00000164708.6	PGAM2	protein_coding	0	58	44	0.0000	0.0000	0.0000
ENSG00000164713.10	BRI3	protein_coding	3539	1949	1843	39.0536	9.6849	10.4716
ENSG00000164715.6	LMTK2	protein_coding	2585	1312	1273	15.9916	3.9658	4.2879
ENSG00000164729.7	SLC35G3	protein_coding	0	0	0	0.0000	0.0000	0.0000
ENSG00000164733.22	CTSB	protein_coding	78525	38967	39561	422.4600	104.7658	113.2756
ENSG00000164736.6	SOX17	protein_coding	89	48	41	2.1514	0.5335	0.5769
ENSG00000164740.5	SEPTIN7P5	processed_pseudogene	0	0	0	0.0000	0.0000	0.0000
ENSG00000164741.15	DLC1	protein_coding	3615	1778	1837	16.0236	3.9737	4.2965
ENSG00000164742.16	ADCY1	protein_coding	4846	2417	2429	19.6775	4.8798	5.2762
ENSG00000164743.5	C8orf48	protein_coding	77	39	38	3.0751	0.7626	0.8245
ENSG00000164744.13	SUN3	protein_coding	1	1	0	0.0327	0.0081	0.0088
ENSG00000164746.14	C7orf57	protein_coding	2	0	2	0.0499	0.0124	0.0134
ENSG00000164749.13	HNF4G	protein_coding	174	91	83	2.0570	0.5101	0.5516
ENSG00000164751.15	PEX2	protein_coding	4922	2469	2453	56.1736	13.9305	15.0620
ENSG00000164754.15	RAD21	protein_coding	57605	31922	32153	535.2741	132.7426	143.5249
ENSG00000164756.12	SLC30A8	protein_coding	240	133	107	2.1676	0.5375	0.5812
ENSG00000164758.7	MED30	protein_coding	456	230	226	17.9582	4.4534	4.8152
ENSG00000164761.9	TNFRSF11B	protein_coding	71	39	32	1.6029	0.3975	0.4298
ENSG00000164764.11	SBSPON	protein_coding	208	100	108	2.7560	0.6835	0.7390
ENSG00000164776.10	PHKG1	protein_coding	40	1141	1254	0.8213	0.2037	0.2202
ENSG00000164778.4	EN2	protein_coding	1	0	1	0.0167	0.0041	0.0045
ENSG00000164794.9	KCNV1	protein_coding	0	0	0	0.0000	0.0000	0.0000
ENSG00000164796.18	CSMD3	protein_coding	81	45	48	0.2251	0.0558	0.0604
ENSG00000164808.17	SPIDR	protein_coding	8020	4105	3916	63.3975	15.7220	16.9990
ENSG00000164815.11	ORC5	protein_coding	1194	580	614	18.1825	4.5091	4.8753
ENSG00000164816.8	DEFA5	protein_coding	1	1	0	0.1249	0.0310	0.0335
ENSG00000164818.16	DNAAF5	protein_coding	2278	1166	1136	18.0957	4.4876	4.8521
ENSG00000164821.5	DEFA4	protein_coding	0	0	0	0.0000	0.0000	0.0000
ENSG00000164822.5	DEFA6	protein_coding	0	0	0	0.0000	0.0000	0.0000
ENSG00000164823.11	OSGIN2	protein_coding	4676	2459	2217	56.9658	14.1269	15.2744
ENSG00000164825.4	DEFB1	protein_coding	21	15	9	3.1758	0.7876	0.8515
ENSG00000164828.18	SUN1	protein_coding	7407	3715	3692	35.4473	8.7906	9.5046
ENSG00000164830.18	OXR1	protein_coding	6516	3218	3299	52.1998	12.9450	13.9965
ENSG00000164841.5	TMEM74	protein_coding	1	1	0	0.0076	0.0019	0.0020
ENSG00000164845.16	FAM86FP	transcribed_unprocessed_pseudogene	37	55	50	2.1109	0.5235	0.5660
ENSG00000164849.10	GPR146	protein_coding	36	62	103	0.6400	0.1587	0.1716
ENSG00000164850.15	GPER1	protein_coding	95	49	46	1.7251	0.4278	0.4626
ENSG00000164853.9	UNCX	protein_coding	0	0	0	0.0000	0.0000	0.0000
ENSG00000164855.16	TMEM184A	protein_coding	1092	895	928	8.1355	2.0175	2.1814
ENSG00000164867.11	NOS3	protein_coding	258	175	190	2.4669	0.6118	0.6615
ENSG00000164871.17	SPAG11B	protein_coding	0	0	0	0.0000	0.0000	0.0000
ENSG00000164877.19	MICALL2	protein_coding	1137	545	592	7.3180	1.8148	1.9622
ENSG00000164879.7	CA3	protein_coding	21	19	21	0.5226	0.1296	0.1401
ENSG00000164880.16	INTS1	protein_coding	5903	2895	3008	36.8515	9.1388	9.8811
ENSG00000164885.13	CDK5	protein_coding	926	467	461	22.8121	5.6572	6.1167
ENSG00000164889.15	SLC4A2	protein_coding	4198	3263	3285	31.4489	7.7990	8.4325
ENSG00000164893.9	SLC7A13	protein_coding	79	40	39	2.0045	0.4971	0.5375
ENSG00000164896.20	FASTK	protein_coding	2922	1424	1498	43.5497	10.7999	11.6771
ENSG00000164897.14	TMUB1	protein_coding	1177	587	590	34.0029	8.4324	9.1173
ENSG00000164898.13	FMC1	protein_coding	11	5	6	0.4697	0.1165	0.1260
ENSG00000164900.4	GBX1	protein_coding	0	0	0	0.0000	0.0000	0.0000
ENSG00000164902.14	PHAX	protein_coding	5838	2872	2969	90.4077	22.4202	24.2413
ENSG00000164904.18	ALDH7A1	protein_coding	9117	4493	4627	28.8615	7.1574	7.7387
ENSG00000164916.11	FOXK1	protein_coding	2562	1287	1276	11.0858	2.7492	2.9725
ENSG00000164919.11	COX6C	protein_coding	63344	47329	45010	1324.5710	328.4802	355.1617
ENSG00000164920.9	OSR2	protein_coding	2975	1416	1560	57.5809	14.2795	15.4394
ENSG00000164924.18	YWHAZ	protein_coding	80150	40328	39822	531.1797	131.7272	142.4270
ENSG00000164929.17	BAALC	protein_coding	3800	3114	3190	53.9554	13.3804	14.4672
ENSG00000164930.12	FZD6	protein_coding	5439	2822	2671	75.8784	18.8171	20.3455
ENSG00000164932.13	CTHRC1	protein_coding	20200	10306	9895	656.4707	162.7981	176.0217
ENSG00000164933.12	SLC25A32	protein_coding	22	32	41	0.3414	0.0847	0.0916
ENSG00000164934.14	DCAF13	protein_coding	5102	2699	2587	31.4528	7.8000	8.4335
ENSG00000164935.6	DCSTAMP	protein_coding	25	7	18	0.5103	0.1266	0.1368
ENSG00000164938.14	TP53INP1	protein_coding	17854	9173	8684	179.4258	44.4958	48.1100
ENSG00000164941.14	INTS8	protein_coding	4113	2625	2817	29.6527	7.3536	7.9509
ENSG00000164944.12	VIRMA	protein_coding	11893	5944	5949	62.5941	15.5227	16.7836
ENSG00000164946.20	FREM1	protein_coding	67	36	31	0.4592	0.1139	0.1231
ENSG00000164949.8	GEM	protein_coding	2735	1373	1362	58.5732	14.5256	15.7054
ENSG00000164951.16	PDP1	protein_coding	5882	2892	2990	59.5232	14.7612	15.9602
ENSG00000164953.16	TMEM67	protein_coding	1956	987	969	13.2924	3.2964	3.5641
ENSG00000164961.16	WASHC5	protein_coding	12612	7113	7071	150.1630	37.2389	40.2637
ENSG00000164967.10	RPP25L	protein_coding	924	463	461	47.9854	11.8999	12.8665
ENSG00000164970.15	FAM219A	protein_coding	1570	745	825	23.5417	5.8381	6.3123
ENSG00000164972.13	C9orf24	protein_coding	16	5	11	0.6403	0.1588	0.1717
ENSG00000164975.15	SNAPC3	protein_coding	2373	1482	1515	20.1336	4.9929	5.3985
ENSG00000164976.9	MYORG	protein_coding	1656	849	807	14.5667	3.6124	3.9058
ENSG00000164978.18	NUDT2	protein_coding	1140	582	558	60.2510	14.9417	16.1553
ENSG00000164983.7	TMEM65	protein_coding	3953	1934	2019	24.8283	6.1572	6.6573
ENSG00000164985.15	PSIP1	protein_coding	6594	3599	3619	55.4486	13.7507	14.8676
ENSG00000164989.17	CCDC171	protein_coding	297	155	142	1.3812	0.3425	0.3704
ENSG00000165006.14	UBAP1	protein_coding	4116	2159	2127	84.2057	20.8822	22.5784
ENSG00000165023.7	DIRAS2	protein_coding	1	1	0	0.0128	0.0032	0.0034
ENSG00000165025.15	SYK	protein_coding	2138	1068	1070	23.2718	5.7712	6.2399
ENSG00000165028.12	NIPSNAP3B	protein_coding	150	79	72	1.5109	0.3747	0.4051
ENSG00000165029.17	ABCA1	protein_coding	5641	2804	2839	28.2025	6.9939	7.5620
ENSG00000165030.4	NFIL3	protein_coding	3560	1860	1700	98.2421	24.3630	26.3420
ENSG00000165046.13	LETM2	protein_coding	178	123	132	1.6510	0.4094	0.4427
ENSG00000165055.16	METTL2B	protein_coding	860	425	435	7.2263	1.7921	1.9376
ENSG00000165059.8	PRKACG	protein_coding	0	0	0	0.0000	0.0000	0.0000
ENSG00000165060.15	FXN	protein_coding	366	170	196	2.8585	0.7089	0.7665
ENSG00000165061.15	ZMAT4	protein_coding	270	138	132	4.1484	1.0288	1.1123
ENSG00000165066.13	NKX6-3	protein_coding	4	2	2	0.0886	0.0220	0.0237
ENSG00000165071.15	TMEM71	protein_coding	92	53	63	1.5639	0.3878	0.4193
ENSG00000165072.10	MAMDC2	protein_coding	347	237	199	5.4830	1.3597	1.4702
ENSG00000165076.14	PRSS37	protein_coding	8	6	2	0.2042	0.0506	0.0547
ENSG00000165078.13	CPA6	protein_coding	115	58	57	2.2590	0.5602	0.6057
ENSG00000165084.16	C8orf34	protein_coding	9	4	5	0.0497	0.0123	0.0133
ENSG00000165091.18	TMC1	protein_coding	7	5	2	0.0456	0.0113	0.0122
ENSG00000165092.13	ALDH1A1	protein_coding	2386	1178	1208	47.6444	11.8153	12.7750
ENSG00000165097.16	KDM1B	protein_coding	2693	1376	1318	27.1792	6.7402	7.2877
ENSG00000165102.15	HGSNAT	protein_coding	18657	9488	9170	118.4282	29.3690	31.7546
ENSG00000165105.10	RASEF	protein_coding	8607	4347	4261	73.4652	18.2186	19.6985
ENSG00000165113.13	GKAP1	protein_coding	475	230	245	7.9181	1.9636	2.1231
ENSG00000165115.15	KIF27	protein_coding	450	326	302	3.2975	0.8178	0.8842
ENSG00000165118.15	C9orf64	protein_coding	2009	1019	990	41.3690	10.2591	11.0924
ENSG00000165119.21	HNRNPK	protein_coding	42079	23500	23352	468.3609	116.1488	125.5832
ENSG00000165120.5	SSMEM1	protein_coding	0	0	0	0.0000	0.0000	0.0000
ENSG00000165121.11	AL353743.1	transcribed_unprocessed_pseudogene	260	128	132	7.1333	1.7690	1.9127
ENSG00000165124.18	SVEP1	protein_coding	3159	1500	1659	12.6222	3.1302	3.3844
ENSG00000165125.22	TRPV6	protein_coding	20	10	12	0.0953	0.0236	0.0255
ENSG00000165131.8	LLCFC1	protein_coding	1	0	1	0.0610	0.0151	0.0164
ENSG00000165138.18	ANKS6	protein_coding	641	318	323	4.1019	1.0172	1.0999
ENSG00000165140.11	FBP1	protein_coding	4870	4218	4271	157.8158	39.1367	42.3157
ENSG00000165152.9	PGAP4	protein_coding	309	167	161	3.1579	0.7831	0.8467
ENSG00000165156.15	ZHX1	protein_coding	3289	1628	1661	27.7022	6.8699	7.4279
ENSG00000165164.14	CFAP47	protein_coding	1	0	1	0.0050	0.0012	0.0013
ENSG00000165168.8	CYBB	protein_coding	6066	3032	3034	78.6292	19.4992	21.0831
ENSG00000165169.11	DYNLT3	protein_coding	6017	3078	2939	109.3666	27.1218	29.3248
ENSG00000165171.11	METTL27	protein_coding	206	105	101	8.0567	1.9980	2.1603
ENSG00000165175.16	MID1IP1	protein_coding	2623	1401	1396	30.7526	7.6263	8.2458
ENSG00000165178.9	NCF1C	unprocessed_pseudogene	81	41	40	3.2190	0.7983	0.8631
ENSG00000165181.16	SHOC1	protein_coding	112	52	60	1.0120	0.2510	0.2714
ENSG00000165182.12	CXorf58	protein_coding	4	1	3	0.1229	0.0305	0.0330
ENSG00000165185.15	KIAA1958	protein_coding	1394	700	702	6.0167	1.4921	1.6133
ENSG00000165186.12	PTCHD1	protein_coding	8	4	4	0.0352	0.0087	0.0094
ENSG00000165188.13	RNF183	protein_coding	16	9	7	0.2489	0.0617	0.0667
ENSG00000165192.14	ASB11	protein_coding	1	0	1	0.0182	0.0045	0.0049
ENSG00000165194.15	PCDH19	protein_coding	656	334	322	3.8132	0.9456	1.0225
ENSG00000165195.16	PIGA	protein_coding	816	406	410	7.3523	1.8233	1.9714
ENSG00000165197.5	VEGFD	protein_coding	8	3	5	0.2076	0.0515	0.0557
ENSG00000165202.3	OR1Q1	protein_coding	5	2	3	0.3001	0.0744	0.0805
ENSG00000165204.3	OR1K1	protein_coding	1	1	0	0.0596	0.0148	0.0160
ENSG00000165209.19	STRBP	protein_coding	4401	2209	2192	30.7327	7.6214	8.2405
ENSG00000165215.6	CLDN3	protein_coding	1959	954	1008	87.2016	21.6251	23.3817
ENSG00000165219.22	GAPVD1	protein_coding	5501	2734	2768	22.8963	5.6780	6.1393
ENSG00000165233.18	CARD19	protein_coding	2341	1171	1170	43.0753	10.6822	11.5499
ENSG00000165238.16	WNK2	protein_coding	1167	602	605	5.0144	1.2435	1.3445
ENSG00000165240.20	ATP7A	protein_coding	2662	1340	1322	13.8244	3.4283	3.7068
ENSG00000165244.7	ZNF367	protein_coding	570	286	284	8.7672	2.1742	2.3508
ENSG00000165246.14	NLGN4Y	protein_coding	0	0	0	0.0000	0.0000	0.0000
ENSG00000165259.14	HDX	protein_coding	277	123	154	2.1643	0.5367	0.5803
ENSG00000165264.11	NDUFB6	protein_coding	2435	1241	1203	99.6312	24.7075	26.7144
ENSG00000165269.13	AQP7	protein_coding	2	1	1	0.0216	0.0054	0.0058
ENSG00000165271.17	NOL6	protein_coding	3683	1857	1826	34.8453	8.6413	9.3432
ENSG00000165272.16	AQP3	protein_coding	503	263	241	9.7991	2.4301	2.6275
ENSG00000165275.10	TRMT10B	protein_coding	610	364	392	12.0702	2.9933	3.2364
ENSG00000165280.17	VCP	protein_coding	22641	11315	11326	144.5424	35.8451	38.7567
ENSG00000165282.14	PIGO	protein_coding	3564	1822	1752	27.9976	6.9431	7.5071
ENSG00000165283.16	STOML2	protein_coding	3664	1814	1850	115.0528	28.5319	30.8495
ENSG00000165288.11	BRWD3	protein_coding	2273	1162	1111	9.0559	2.2458	2.4282
ENSG00000165300.7	SLITRK5	protein_coding	25	10	15	0.0672	0.0167	0.0180
ENSG00000165304.8	MELK	protein_coding	573	294	279	10.5263	2.6104	2.8225
ENSG00000165309.14	ARMC3	protein_coding	121	65	56	0.9804	0.2431	0.2629
ENSG00000165312.6	OTUD1	protein_coding	2587	1260	1327	50.0200	12.4045	13.4120
ENSG00000165322.18	ARHGAP12	protein_coding	5587	2888	2699	53.3039	13.2188	14.2926
ENSG00000165323.15	FAT3	protein_coding	398	209	189	1.1707	0.2903	0.3139
ENSG00000165325.14	DEUP1	protein_coding	52	27	25	0.6976	0.1730	0.1871
ENSG00000165338.17	HECTD2	protein_coding	1912	937	975	9.3878	2.3281	2.5172
ENSG00000165349.12	SLC7A3	protein_coding	0	0	0	0.0000	0.0000	0.0000
ENSG00000165355.7	FBXO33	protein_coding	981	519	462	14.4387	3.5807	3.8715
ENSG00000165359.16	INTS6L	protein_coding	234	121	114	1.8490	0.4585	0.4958
ENSG00000165370.3	GPR101	protein_coding	1	0	2	0.0071	0.0018	0.0019
ENSG00000165376.11	CLDN2	protein_coding	7	2	5	0.1164	0.0289	0.0312
ENSG00000165379.13	LRFN5	protein_coding	52	29	23	0.4803	0.1191	0.1288
ENSG00000165383.11	LRRC18	protein_coding	0	0	0	0.0000	0.0000	0.0000
ENSG00000165389.7	SPTSSA	protein_coding	11512	5843	5669	245.2461	60.8186	65.7587
ENSG00000165392.11	WRN	protein_coding	945	482	546	6.5180	1.6164	1.7477
ENSG00000165406.16	MARCHF8	protein_coding	3511	1750	1762	26.4913	6.5696	7.1032
ENSG00000165409.18	TSHR	protein_coding	9	6	3	0.0515	0.0128	0.0138
ENSG00000165410.15	CFL2	protein_coding	1544	763	781	17.7176	4.3938	4.7507
ENSG00000165416.15	SUGT1	protein_coding	3122	1496	1626	11.7235	2.9073	3.1435
ENSG00000165417.12	GTF2A1	protein_coding	6123	3096	3042	50.8695	12.6151	13.6398
ENSG00000165424.7	ZCCHC24	protein_coding	2773	1589	1461	31.1523	7.7255	8.3530
ENSG00000165434.8	PGM2L1	protein_coding	5137	2513	2626	33.1723	8.2264	8.8946
ENSG00000165443.12	PHYHIPL	protein_coding	5	37	43	0.0702	0.0174	0.0188
ENSG00000165449.11	SLC16A9	protein_coding	139	68	71	1.7798	0.4414	0.4772
ENSG00000165457.14	FOLR2	protein_coding	1214	598	616	48.6200	12.0573	13.0366
ENSG00000165458.14	INPPL1	protein_coding	5069	2505	2564	43.7272	10.8439	11.7247
ENSG00000165462.5	PHOX2A	protein_coding	0	0	0	0.0000	0.0000	0.0000
ENSG00000165471.7	MBL2	protein_coding	1	0	1	0.0157	0.0039	0.0042
ENSG00000165474.8	GJB2	protein_coding	9771	4926	4845	223.9746	55.5434	60.0551
ENSG00000165475.15	CRYL1	protein_coding	1395	701	694	18.2830	4.5340	4.9023
ENSG00000165476.14	REEP3	protein_coding	9423	4609	4814	102.4694	25.4114	27.4755
ENSG00000165478.7	HEPACAM	protein_coding	0	0	0	0.0000	0.0000	0.0000
ENSG00000165480.16	SKA3	protein_coding	245	122	123	4.6344	1.1493	1.2426
ENSG00000165487.14	MICU2	protein_coding	2831	1464	1367	44.4479	11.0226	11.9180
ENSG00000165490.13	DDIAS	protein_coding	571	291	286	6.0651	1.5041	1.6262
ENSG00000165494.11	PCF11	protein_coding	5666	3145	3207	32.2901	8.0076	8.6581
ENSG00000165495.16	PKNOX2	protein_coding	16	8	8	0.1388	0.0344	0.0372
ENSG00000165496.5	RPL10L	protein_coding	0	0	0	0.0000	0.0000	0.0000
ENSG00000165501.17	LRR1	protein_coding	610	382	355	15.0732	3.7380	4.0416
ENSG00000165502.7	RPL36AL	protein_coding	8555	4274	4281	717.6832	177.9782	192.4348
ENSG00000165506.15	DNAAF2	protein_coding	848	421	427	16.1539	4.0060	4.3314
ENSG00000165507.9	DEPP1	protein_coding	5701	2831	2911	108.5275	26.9137	29.0999
ENSG00000165509.13	MAGEC3	protein_coding	5	2	3	0.1026	0.0254	0.0275
ENSG00000165511.6	ZNF22-AS1	lncRNA	136	68	68	2.5057	0.6214	0.6719
ENSG00000165512.5	ZNF22	protein_coding	1197	1088	1055	32.2786	8.0048	8.6550
ENSG00000165516.11	KLHDC2	protein_coding	2362	2358	2245	21.1978	5.2568	5.6838
ENSG00000165521.15	EML5	protein_coding	22	845	823	0.1134	0.0281	0.0304
ENSG00000165525.18	NEMF	protein_coding	2199	2215	2225	13.7887	3.4195	3.6972
ENSG00000165526.9	RPUSD4	protein_coding	1000	533	467	13.8961	3.4461	3.7260
ENSG00000165527.7	ARF6	protein_coding	15200	7691	7509	222.4494	55.1652	59.6461
ENSG00000165533.19	TTC8	protein_coding	2091	1053	1038	18.9517	4.6998	5.0816
ENSG00000165548.11	TMEM63C	protein_coding	3741	1895	1846	33.3415	8.2684	8.9400
ENSG00000165553.4	NGB	protein_coding	14	4	11	0.4214	0.1045	0.1130
ENSG00000165555.9	NOXRED1	protein_coding	72	34	38	1.6385	0.4063	0.4393
ENSG00000165556.10	CDX2	protein_coding	0	0	0	0.0000	0.0000	0.0000
ENSG00000165566.12	AMER2	protein_coding	0	0	0	0.0000	0.0000	0.0000
ENSG00000165568.18	AKR1E2	protein_coding	159	85	74	3.7306	0.9252	1.0003
ENSG00000165572.8	KBTBD6	protein_coding	1001	518	483	10.8458	2.6896	2.9081
ENSG00000165583.15	SSX5	protein_coding	0	0	0	0.0000	0.0000	0.0000
ENSG00000165584.16	SSX3	protein_coding	0	0	0	0.0000	0.0000	0.0000
ENSG00000165588.18	OTX2	protein_coding	0	0	0	0.0000	0.0000	0.0000
ENSG00000165591.6	FAAH2	protein_coding	1412	696	716	39.6605	9.8354	10.6343
ENSG00000165606.9	DRGX	protein_coding	1	0	1	0.0196	0.0049	0.0053
ENSG00000165609.13	NUDT5	protein_coding	4227	2538	2413	48.2903	11.9755	12.9482
ENSG00000165617.15	DACT1	protein_coding	2862	1463	1399	35.4066	8.7805	9.4937
ENSG00000165621.8	OXGR1	protein_coding	16	7	9	0.3412	0.0846	0.0915
ENSG00000165623.10	UCMA	protein_coding	0	0	0	0.0000	0.0000	0.0000
ENSG00000165626.17	BEND7	protein_coding	1796	900	917	10.1668	2.5213	2.7261
ENSG00000165629.20	ATP5F1C	protein_coding	10398	5278	5120	255.4897	63.3589	68.5053
ENSG00000165630.14	PRPF18	protein_coding	392	218	191	12.0555	2.9896	3.2325
ENSG00000165632.8	TAF3	protein_coding	2146	976	1170	24.9640	6.1908	6.6937
ENSG00000165633.13	VSTM4	protein_coding	2392	1303	1214	15.6731	3.8868	4.2025
ENSG00000165637.13	VDAC2	protein_coding	5125	2604	2521	102.8081	25.4954	27.5663
ENSG00000165643.11	SOHLH1	protein_coding	0	0	0	0.0000	0.0000	0.0000
ENSG00000165644.11	COMTD1	protein_coding	396	180	216	11.7700	2.9188	3.1559
ENSG00000165646.14	SLC18A2	protein_coding	111	472	478	1.5260	0.3784	0.4092
ENSG00000165650.12	PDZD8	protein_coding	3430	2105	2128	19.7397	4.8953	5.2929
ENSG00000165655.17	ZNF503	protein_coding	941	481	464	16.6503	4.1291	4.4645
ENSG00000165660.8	ABRAXAS2	protein_coding	2355	1173	1182	45.1953	11.2080	12.1184
ENSG00000165661.17	QSOX2	protein_coding	969	501	468	12.2088	3.0277	3.2736
ENSG00000165669.14	FAM204A	protein_coding	3751	2110	2018	14.1596	3.5114	3.7967
ENSG00000165671.21	NSD1	protein_coding	8389	4200	4191	30.6613	7.6037	8.2213
ENSG00000165672.7	PRDX3	protein_coding	11341	5560	5781	190.3367	47.2016	51.0356
ENSG00000165675.16	ENOX2	protein_coding	1159	609	550	15.3603	3.8092	4.1186
ENSG00000165678.21	GHITM	protein_coding	13271	7185	7038	315.9522	78.3529	84.7173
ENSG00000165682.14	CLEC1B	protein_coding	14	10	10	0.2163	0.0536	0.0580
ENSG00000165684.4	SNAPC4	protein_coding	918	444	474	10.3191	2.5590	2.7669
ENSG00000165685.8	TMEM52B	protein_coding	93	47	46	1.5116	0.3749	0.4053
ENSG00000165688.12	PMPCA	protein_coding	2287	1178	1109	19.8950	4.9338	5.3345
ENSG00000165689.17	ENTR1	protein_coding	1728	905	823	31.2284	7.7443	8.3734
ENSG00000165694.10	FRMD7	protein_coding	8	4	4	0.1364	0.0338	0.0366
ENSG00000165695.10	AK8	protein_coding	415	267	269	8.6176	2.1371	2.3107
ENSG00000165698.16	SPACA9	protein_coding	737	450	408	14.8053	3.6716	3.9698
ENSG00000165699.15	TSC1	protein_coding	2395	1176	1238	7.7171	1.9138	2.0692
ENSG00000165702.14	GFI1B	protein_coding	10	14	15	0.0929	0.0230	0.0249
ENSG00000165704.15	HPRT1	protein_coding	2732	1349	1383	96.1114	23.8347	25.7707
ENSG00000165714.11	BORCS5	protein_coding	796	385	412	6.9214	1.7164	1.8558
ENSG00000165716.11	DIPK1B	protein_coding	62	223	219	1.0360	0.2569	0.2778
ENSG00000165724.6	ZMYND19	protein_coding	874	429	445	20.7210	5.1386	5.5560
ENSG00000165730.16	STOX1	protein_coding	1206	620	586	17.4737	4.3333	4.6853
ENSG00000165731.20	RET	protein_coding	6169	3079	3090	50.8938	12.6211	13.6463
ENSG00000165732.13	DDX21	protein_coding	13778	6869	6909	157.1184	38.9638	42.1287
ENSG00000165733.8	BMS1	protein_coding	4950	2373	2585	36.1792	8.9721	9.7008
ENSG00000165752.17	STK32C	protein_coding	951	479	472	15.1791	3.7643	4.0700
ENSG00000165757.9	JCAD	protein_coding	6541	3374	3168	38.7445	9.6082	10.3887
ENSG00000165762.3	OR4K2	protein_coding	0	0	0	0.0000	0.0000	0.0000
ENSG00000165775.18	FUNDC2	protein_coding	4949	2599	2535	27.8044	6.8952	7.4553
ENSG00000165782.11	PIP4P1	protein_coding	1890	1108	1025	29.0151	7.1955	7.7799
ENSG00000165792.18	METTL17	protein_coding	763	577	567	10.1907	2.5272	2.7325
ENSG00000165794.10	SLC39A2	protein_coding	11	7	5	0.3961	0.0982	0.1062
ENSG00000165795.23	NDRG2	protein_coding	1629	808	831	12.2358	3.0344	3.2808
ENSG00000165799.5	RNASE7	protein_coding	6	3	3	0.2415	0.0599	0.0648
ENSG00000165801.10	ARHGEF40	protein_coding	3559	1829	1846	24.6315	6.1084	6.6045
ENSG00000165802.23	NSMF	protein_coding	2546	1228	1318	29.3761	7.2850	7.8767
ENSG00000165804.16	ZNF219	protein_coding	354	268	244	3.0130	0.7472	0.8079
ENSG00000165805.10	C12orf50	protein_coding	5	1	4	0.0506	0.0125	0.0136
ENSG00000165806.21	CASP7	protein_coding	4566	2342	2226	71.6882	17.7779	19.2220
ENSG00000165807.8	PPP1R36	protein_coding	76	45	38	1.4012	0.3475	0.3757
ENSG00000165810.17	BTNL9	protein_coding	117	60	58	1.1927	0.2958	0.3198
ENSG00000165813.20	CCDC186	protein_coding	2708	1346	1362	17.0577	4.2301	4.5737
ENSG00000165816.13	VWA2	protein_coding	131	69	63	1.1694	0.2900	0.3135
ENSG00000165819.12	METTL3	protein_coding	1776	1377	1317	17.1843	4.2615	4.6077
ENSG00000165821.12	SALL2	protein_coding	1401	869	819	14.7596	3.6602	3.9575
ENSG00000165828.15	PRAP1	protein_coding	0	0	0	0.0000	0.0000	0.0000
ENSG00000165832.6	TRUB1	protein_coding	2807	1355	1452	44.2303	10.9687	11.8596
ENSG00000165837.12	ERICH6B	protein_coding	6	101	82	0.1156	0.0287	0.0310
ENSG00000165841.11	CYP2C19	protein_coding	0	0	0	0.0000	0.0000	0.0000
ENSG00000165861.14	ZFYVE1	protein_coding	2436	1254	1182	26.4393	6.5567	7.0893
ENSG00000165863.17	C10orf82	protein_coding	457	291	236	10.7493	2.6657	2.8822
ENSG00000165868.16	HSPA12A	protein_coding	1882	1060	1075	5.0551	1.2536	1.3554
ENSG00000165874.13	SHLD2P1	transcribed_unprocessed_pseudogene	2	2	0	0.0302	0.0075	0.0081
ENSG00000165879.9	FRAT1	protein_coding	479	249	230	10.2700	2.5468	2.7537
ENSG00000165886.5	UBTD1	protein_coding	1232	634	598	42.4206	10.5199	11.3744
ENSG00000165887.12	ANKRD2	protein_coding	2	0	2	0.0782	0.0194	0.0210
ENSG00000165891.16	E2F7	protein_coding	358	201	157	3.2272	0.8003	0.8653
ENSG00000165895.19	ARHGAP42	protein_coding	893	459	459	5.4378	1.3485	1.4580
ENSG00000165898.14	ISCA2	protein_coding	826	441	487	15.4851	3.8401	4.1521
ENSG00000165899.11	OTOGL	protein_coding	23	11	12	0.1062	0.0263	0.0285
ENSG00000165905.18	LARGE2	protein_coding	333	179	154	5.9932	1.4862	1.6070
ENSG00000165912.16	PACSIN3	protein_coding	1850	956	894	38.0811	9.4437	10.2108
ENSG00000165914.15	TTC7B	protein_coding	1160	629	622	3.0931	0.7671	0.8294
ENSG00000165915.14	SLC39A13	protein_coding	3967	1973	1996	49.1305	12.1839	13.1735
ENSG00000165916.8	PSMC3	protein_coding	7322	3694	3628	182.4387	45.2429	48.9179
ENSG00000165917.10	RAPSN	protein_coding	7	6	1	0.2116	0.0525	0.0567
ENSG00000165923.16	AGBL2	protein_coding	170	90	80	1.7583	0.4360	0.4715
ENSG00000165929.13	TC2N	protein_coding	10171	5165	5006	93.7577	23.2510	25.1396
ENSG00000165934.13	CPSF2	protein_coding	5697	2901	2799	23.8204	5.9072	6.3871
ENSG00000165935.9	SMCO2	protein_coding	44	19	25	1.2615	0.3128	0.3382
ENSG00000165943.5	MOAP1	protein_coding	2839	1395	1444	63.6614	15.7874	17.0697
ENSG00000165948.11	IFI27L1	protein_coding	524	260	264	12.6129	3.1279	3.3819
ENSG00000165949.12	IFI27	protein_coding	55903	28537	27371	764.4701	189.5809	204.9799
ENSG00000165953.10	SERPINA12	protein_coding	50	25	26	1.1795	0.2925	0.3163
ENSG00000165959.12	CLMN	protein_coding	3179	1654	1525	11.4807	2.8471	3.0784
ENSG00000165966.16	PDZRN4	protein_coding	507	229	278	5.9015	1.4635	1.5824
ENSG00000165970.12	SLC6A5	protein_coding	0	0	0	0.0000	0.0000	0.0000
ENSG00000165972.13	CCDC38	protein_coding	14	8	9	0.1602	0.0397	0.0429
ENSG00000165973.19	NELL1	protein_coding	1	0	1	0.0107	0.0026	0.0029
ENSG00000165983.14	PTER	protein_coding	2103	1074	1047	29.7929	7.3883	7.9885
ENSG00000165985.10	C1QL3	protein_coding	97	62	53	2.3152	0.5741	0.6208
ENSG00000165995.22	CACNB2	protein_coding	80	56	44	0.4065	0.1008	0.1090
ENSG00000165996.14	HACD1	protein_coding	90	51	39	1.3243	0.3284	0.3551
ENSG00000165997.5	ARL5B	protein_coding	2739	1382	1357	21.6637	5.3724	5.8088
ENSG00000166002.7	SMCO4	protein_coding	706	366	340	36.2000	8.9772	9.7064
ENSG00000166004.15	CEP295	protein_coding	1001	860	862	6.0058	1.4894	1.6104
ENSG00000166006.14	KCNC2	protein_coding	0	0	0	0.0000	0.0000	0.0000
ENSG00000166007.11	TRIM51HP	transcribed_unprocessed_pseudogene	0	0	0	0.0000	0.0000	0.0000
ENSG00000166012.17	TAF1D	protein_coding	3629	2067	1928	25.8219	6.4036	6.9237
ENSG00000166013.11	TRIM53BP	unprocessed_pseudogene	0	0	0	0.0000	0.0000	0.0000
ENSG00000166016.6	ABTB2	protein_coding	1406	710	697	16.0238	3.9737	4.2965
ENSG00000166024.14	R3HCC1L	protein_coding	1925	945	980	30.5703	7.5811	8.1969
ENSG00000166025.18	AMOTL1	protein_coding	2303	1282	1256	13.0212	3.2291	3.4914
ENSG00000166033.13	HTRA1	protein_coding	40467	19960	20508	1019.9478	252.9368	273.4820
ENSG00000166035.11	LIPC	protein_coding	49	26	23	0.5566	0.1380	0.1493
ENSG00000166037.11	CEP57	protein_coding	1371	979	946	10.9491	2.7153	2.9358
ENSG00000166046.11	TCP11L2	protein_coding	928	488	467	7.9545	1.9726	2.1329
ENSG00000166049.11	PASD1	protein_coding	0	0	0	0.0000	0.0000	0.0000
ENSG00000166068.13	SPRED1	protein_coding	4194	2152	2042	30.6892	7.6106	8.2288
ENSG00000166069.13	TMCO5A	protein_coding	0	0	0	0.0000	0.0000	0.0000
ENSG00000166073.11	GPR176	protein_coding	1421	704	717	17.8404	4.4242	4.7836
ENSG00000166086.13	JAM3	protein_coding	1712	1963	1922	18.3011	4.5385	4.9071
ENSG00000166090.8	IL25	protein_coding	0	0	0	0.0000	0.0000	0.0000
ENSG00000166091.21	CMTM5	protein_coding	2	1	1	0.0390	0.0097	0.0105
ENSG00000166104.15	AC126323.1	transcribed_unprocessed_pseudogene	2	1	1	0.0291	0.0072	0.0078
ENSG00000166105.16	GLB1L3	protein_coding	4	3	1	0.0254	0.0063	0.0068
ENSG00000166106.3	ADAMTS15	protein_coding	2889	1457	1432	28.8798	7.1619	7.7436
ENSG00000166111.10	SVOP	protein_coding	4	3	1	0.0320	0.0079	0.0086
ENSG00000166118.8	SPATA19	protein_coding	1	0	1	0.0632	0.0157	0.0169
ENSG00000166123.14	GPT2	protein_coding	834	416	418	7.4342	1.8436	1.9933
ENSG00000166126.11	AMN	protein_coding	7	870	860	0.0926	0.0230	0.0248
ENSG00000166128.13	RAB8B	protein_coding	4673	2368	2305	51.9314	12.8785	13.9245
ENSG00000166130.15	IKBIP	protein_coding	2228	1102	1126	30.3507	7.5267	8.1380
ENSG00000166133.18	RPUSD2	protein_coding	525	256	269	11.9617	2.9664	3.2073
ENSG00000166135.14	HIF1AN	protein_coding	6140	3429	3347	25.0611	6.2149	6.7197
ENSG00000166136.16	NDUFB8	protein_coding	132	62	71	3.7447	0.9287	1.0041
ENSG00000166140.17	ZFYVE19	protein_coding	1266	717	707	15.0230	3.7255	4.0282
ENSG00000166143.10	PPP1R14D	protein_coding	3	3	0	0.1962	0.0487	0.0526
ENSG00000166145.14	SPINT1	protein_coding	5481	2772	2837	87.7548	21.7623	23.5300
ENSG00000166147.14	FBN1	protein_coding	84718	42255	42463	299.7664	74.3390	80.3774
ENSG00000166148.4	AVPR1A	protein_coding	936	446	498	8.5311	2.1156	2.2875
ENSG00000166152.4	C16orf78	protein_coding	0	0	0	0.0000	0.0000	0.0000
ENSG00000166153.16	DEPDC4	protein_coding	60	26	37	1.0913	0.2706	0.2926
ENSG00000166159.11	LRTM2	protein_coding	23	8	15	0.3049	0.0756	0.0818
ENSG00000166160.9	OPN1MW2	protein_coding	0	0	0	0.0000	0.0000	0.0000
ENSG00000166164.16	BRD7	protein_coding	3322	2988	3086	22.0443	5.4668	5.9108
ENSG00000166165.13	CKB	protein_coding	1449	727	722	34.4829	8.5514	9.2460
ENSG00000166166.13	TRMT61A	protein_coding	739	395	344	13.0273	3.2306	3.4930
ENSG00000166167.18	BTRC	protein_coding	5697	2835	2862	48.8548	12.1155	13.0996
ENSG00000166169.17	POLL	protein_coding	1462	885	925	15.2970	3.7935	4.1016
ENSG00000166170.10	BAG5	protein_coding	3873	1982	1898	41.6691	10.3335	11.1729
ENSG00000166171.13	DPCD	protein_coding	1091	722	717	36.5882	9.0735	9.8105
ENSG00000166173.11	LARP6	protein_coding	1422	716	710	14.5248	3.6020	3.8946
ENSG00000166181.13	API5	protein_coding	8369	4983	4893	102.0438	25.3058	27.3614
ENSG00000166183.16	ASPG	protein_coding	29	16	13	0.2688	0.0667	0.0721
ENSG00000166188.2	ZNF319	protein_coding	583	318	296	7.7356	1.9183	2.0742
ENSG00000166189.8	HPS6	protein_coding	1610	826	784	33.9669	8.4235	9.1077
ENSG00000166192.15	SENP8	protein_coding	248	153	160	2.8230	0.7001	0.7569
ENSG00000166197.17	NOLC1	protein_coding	12322	6259	6063	176.0152	43.6500	47.1955
ENSG00000166199.13	ALKBH3	protein_coding	733	370	364	17.4657	4.3313	4.6831
ENSG00000166200.15	COPS2	protein_coding	5988	3007	2981	45.2109	11.2119	12.1226
ENSG00000166206.15	GABRB3	protein_coding	85	44	41	0.3471	0.0861	0.0931
ENSG00000166211.8	SPIC	protein_coding	0	0	0	0.0000	0.0000	0.0000
ENSG00000166220.12	TBATA	protein_coding	1	0	1	0.0330	0.0082	0.0089
ENSG00000166224.17	SGPL1	protein_coding	9980	5032	4948	75.3616	18.6889	20.2070
ENSG00000166225.9	FRS2	protein_coding	11766	5852	5914	92.0852	22.8362	24.6911
ENSG00000166226.13	CCT2	protein_coding	13287	6807	6480	178.1337	44.1754	47.7636
ENSG00000166228.9	PCBD1	protein_coding	2507	1240	1267	101.9153	25.2740	27.3269
ENSG00000166233.15	ARIH1	protein_coding	5625	2861	2935	13.9432	3.4578	3.7386
ENSG00000166246.14	C16orf71	protein_coding	178	128	114	2.2547	0.5591	0.6046
ENSG00000166250.12	CLMP	protein_coding	4604	2432	2518	51.6300	12.8037	13.8437
ENSG00000166257.9	SCN3B	protein_coding	41	23	18	0.2324	0.0576	0.0623
ENSG00000166260.13	COX11	protein_coding	2979	2212	2257	23.7842	5.8982	6.3773
ENSG00000166261.11	ZNF202	protein_coding	660	341	319	7.3809	1.8304	1.9791
ENSG00000166262.16	FAM227B	protein_coding	349	359	326	3.2888	0.8156	0.8818
ENSG00000166263.13	STXBP4	protein_coding	1273	635	639	3.9984	0.9916	1.0721
ENSG00000166265.13	CYYR1	protein_coding	538	277	261	9.3274	2.3131	2.5010
ENSG00000166266.14	CUL5	protein_coding	2635	1537	1543	22.7721	5.6473	6.1060
ENSG00000166268.11	MYRFL	protein_coding	9	7	3	0.1417	0.0351	0.0380
ENSG00000166272.18	WBP1L	protein_coding	8034	3964	4152	58.1652	14.4244	15.5960
ENSG00000166275.16	BORCS7	protein_coding	2369	1156	1213	50.2792	12.4687	13.4815
ENSG00000166278.15	C2	protein_coding	1248	697	701	12.8284	3.1813	3.4397
ENSG00000166289.6	PLEKHF1	protein_coding	366	188	178	9.0321	2.2399	2.4218
ENSG00000166292.12	TMEM100	protein_coding	64	30	34	1.2489	0.3097	0.3349
ENSG00000166295.9	ANAPC16	protein_coding	7375	3996	4044	96.7243	23.9867	25.9350
ENSG00000166311.10	SMPD1	protein_coding	3872	1953	1919	80.1098	19.8664	21.4801
ENSG00000166313.19	APBB1	protein_coding	4186	2077	2109	45.2685	11.2261	12.1380
ENSG00000166317.12	SYNPO2L	protein_coding	16	12	8	0.1778	0.0441	0.0477
ENSG00000166321.14	NUDT13	protein_coding	241	149	144	5.4213	1.3444	1.4536
ENSG00000166323.13	C11orf65	protein_coding	54	77	87	0.8125	0.2015	0.2179
ENSG00000166326.7	TRIM44	protein_coding	11817	5962	5855	51.1285	12.6794	13.7093
ENSG00000166329.3	CCDC182	protein_coding	0	0	0	0.0000	0.0000	0.0000
ENSG00000166333.14	ILK	protein_coding	44	4977	4987	0.7162	0.1776	0.1920
ENSG00000166337.10	TAF10	protein_coding	207	2519	2531	2.0170	0.5002	0.5408
ENSG00000166340.17	TPP1	protein_coding	14423	7485	7648	125.7964	31.1962	33.7302
ENSG00000166341.8	DCHS1	protein_coding	5574	3510	3475	29.5063	7.3173	7.9116
ENSG00000166342.19	NETO1	protein_coding	602	302	300	3.8355	0.9512	1.0284
ENSG00000166343.10	MSS51	protein_coding	76	41	36	1.7788	0.4411	0.4769
ENSG00000166347.19	CYB5A	protein_coding	6040	3026	3014	36.9462	9.1623	9.9065
ENSG00000166348.18	USP54	protein_coding	2433	1652	1612	14.5268	3.6025	3.8951
ENSG00000166349.10	RAG1	protein_coding	73	40	37	0.5281	0.1310	0.1416
ENSG00000166351.10	POTED	protein_coding	0	0	0	0.0000	0.0000	0.0000
ENSG00000166352.17	IFTAP	protein_coding	597	315	348	3.2598	0.8084	0.8741
ENSG00000166359.11	WDR88	protein_coding	47	25	22	1.4446	0.3583	0.3874
ENSG00000166363.5	OR10A5	protein_coding	0	0	0	0.0000	0.0000	0.0000
ENSG00000166368.2	OR2D2	protein_coding	0	0	0	0.0000	0.0000	0.0000
ENSG00000166377.20	ATP9B	protein_coding	1137	582	556	4.3176	1.0707	1.1577
ENSG00000166387.13	PPFIBP2	protein_coding	1070	536	538	6.1918	1.5355	1.6602
ENSG00000166391.15	MOGAT2	protein_coding	2	2	0	0.0275	0.0068	0.0074
ENSG00000166394.15	CYB5R2	protein_coding	275	137	138	1.8145	0.4500	0.4865
ENSG00000166396.13	SERPINB7	protein_coding	62	42	20	1.3333	0.3307	0.3575
ENSG00000166398.14	GARRE1	protein_coding	2914	1465	1458	22.2593	5.5201	5.9685
ENSG00000166401.15	SERPINB8	protein_coding	1067	531	537	10.4978	2.6034	2.8148
ENSG00000166402.9	TUB	protein_coding	421	210	228	3.4088	0.8453	0.9140
ENSG00000166405.15	RIC3	protein_coding	14	12	19	0.1032	0.0256	0.0277
ENSG00000166407.14	LMO1	protein_coding	0	0	0	0.0000	0.0000	0.0000
ENSG00000166408.4	OR5P1P	unprocessed_pseudogene	0	0	0	0.0000	0.0000	0.0000
ENSG00000166411.14	IDH3A	protein_coding	1391	1916	1961	11.5614	2.8671	3.1000
ENSG00000166415.15	WDR72	protein_coding	2	0	2	0.0132	0.0033	0.0035
ENSG00000166426.8	CRABP1	protein_coding	6	3	7	0.3548	0.0880	0.0951
ENSG00000166428.14	PLD4	protein_coding	714	616	612	13.4076	3.3249	3.5950
ENSG00000166432.15	ZMAT1	protein_coding	2198	1087	1111	16.4835	4.0878	4.4198
ENSG00000166435.15	XRRA1	protein_coding	337	790	822	2.1034	0.5216	0.5640
ENSG00000166436.16	TRIM66	protein_coding	1756	898	858	8.4737	2.1014	2.2721
ENSG00000166439.6	RNF169	protein_coding	1357	1284	1287	9.8132	2.4336	2.6313
ENSG00000166441.13	RPL27A	protein_coding	38001	19119	19091	316.1731	78.4077	84.7766
ENSG00000166444.19	DENND2B	protein_coding	4277	3245	3250	17.0066	4.2175	4.5600
ENSG00000166446.15	CDYL2	protein_coding	2147	1086	1061	13.7967	3.4215	3.6994
ENSG00000166448.15	TMEM130	protein_coding	600	303	298	7.3316	1.8182	1.9658
ENSG00000166450.13	PRTG	protein_coding	932	472	485	3.6127	0.8959	0.9687
ENSG00000166451.13	CENPN	protein_coding	259	298	296	4.1166	1.0209	1.1038
ENSG00000166452.12	AKIP1	protein_coding	1338	663	677	32.9904	8.1813	8.8458
ENSG00000166454.10	ATMIN	protein_coding	5073	2480	2593	45.9642	11.3986	12.3245
ENSG00000166455.14	C16orf46	protein_coding	0	0	0	0.0000	0.0000	0.0000
ENSG00000166471.11	TMEM41B	protein_coding	2782	1454	1329	36.8787	9.1455	9.8884
ENSG00000166473.17	PKD1L2	polymorphic_pseudogene	172	81	94	0.5234	0.1298	0.1403
ENSG00000166477.13	LEO1	protein_coding	2106	1094	1141	45.0514	11.1723	12.0798
ENSG00000166478.10	ZNF143	protein_coding	1701	852	889	22.8479	5.6660	6.1263
ENSG00000166479.10	TMX3	protein_coding	3597	1867	1730	27.3917	6.7929	7.3446
ENSG00000166482.12	MFAP4	protein_coding	7206	3954	3703	194.4111	48.2120	52.1281
ENSG00000166483.11	WEE1	protein_coding	4412	2219	2193	27.0462	6.7072	7.2520
ENSG00000166484.20	MAPK7	protein_coding	912	700	674	9.9537	2.4684	2.6689
ENSG00000166492.9	FAM86GP	unprocessed_pseudogene	13	7	6	0.7592	0.1883	0.2036
ENSG00000166501.14	PRKCB	protein_coding	233	111	123	1.1959	0.2966	0.3207
ENSG00000166503.9	HDGFL3	protein_coding	4416	2592	2547	15.5954	3.8675	4.1817
ENSG00000166507.19	NDST2	protein_coding	12	8	4	0.1462	0.0363	0.0392
ENSG00000166508.18	MCM7	protein_coding	5341	2747	2733	69.0579	17.1257	18.5167
ENSG00000166509.12	CLEC3A	protein_coding	1	0	1	0.0189	0.0047	0.0051
ENSG00000166510.14	CCDC68	protein_coding	58	27	31	0.6408	0.1589	0.1718
ENSG00000166523.8	CLEC4E	protein_coding	48	21	27	1.1515	0.2856	0.3087
ENSG00000166526.18	ZNF3	protein_coding	2225	1401	1360	23.2632	5.7690	6.2376
ENSG00000166527.8	CLEC4D	protein_coding	2	2	0	0.0553	0.0137	0.0148
ENSG00000166529.15	ZSCAN21	protein_coding	359	440	456	9.5046	2.3570	2.5485
ENSG00000166530.8	HSBP1P2	processed_pseudogene	0	0	0	0.0000	0.0000	0.0000
ENSG00000166532.16	RIMKLB	protein_coding	1719	873	894	11.3394	2.8120	3.0405
ENSG00000166535.20	A2ML1	protein_coding	10	7	4	0.0792	0.0197	0.0212
ENSG00000166546.14	BEAN1	protein_coding	239	146	137	1.8363	0.4554	0.4924
ENSG00000166548.17	TK2	protein_coding	1635	1013	988	8.9681	2.2240	2.4046
ENSG00000166557.14	TMED3	protein_coding	6671	3363	3308	19.4876	4.8327	5.2253
ENSG00000166558.11	SLC38A8	protein_coding	1	1	0	0.0285	0.0071	0.0076
ENSG00000166562.9	SEC11C	protein_coding	2497	1323	1174	34.3868	8.5276	9.2202
ENSG00000166569.8	CPLX4	protein_coding	1	0	1	0.0160	0.0040	0.0043
ENSG00000166573.6	GALR1	protein_coding	1	1	0	0.0052	0.0013	0.0014
ENSG00000166575.17	TMEM135	protein_coding	5428	2665	2823	30.4895	7.5611	8.1752
ENSG00000166578.10	IQCD	protein_coding	436	223	235	10.0510	2.4926	2.6950
ENSG00000166579.16	NDEL1	protein_coding	2206	1333	1288	15.7243	3.8995	4.2162
ENSG00000166582.10	CENPV	protein_coding	779	545	516	15.5007	3.8440	4.1563
ENSG00000166589.13	CDH16	protein_coding	1	2	0	0.0158	0.0039	0.0042
ENSG00000166592.12	RRAD	protein_coding	162	84	78	5.7383	1.4230	1.5386
ENSG00000166595.12	CIAO2B	protein_coding	1442	693	750	77.1470	19.1317	20.6857
ENSG00000166596.15	CFAP52	protein_coding	13	3	11	0.2405	0.0596	0.0645
ENSG00000166598.15	HSP90B1	protein_coding	48740	28640	29768	588.7208	145.9968	157.8557
ENSG00000166603.5	MC4R	protein_coding	2	1	1	0.0662	0.0164	0.0177
ENSG00000166619.15	BLCAP	protein_coding	4488	2180	2310	32.3439	8.0210	8.6725
ENSG00000166634.6	SERPINB12	protein_coding	0	0	0	0.0000	0.0000	0.0000
ENSG00000166664.14	CHRFAM7A	protein_coding	6	3	3	0.0843	0.0209	0.0226
ENSG00000166669.13	ATF7IP2	protein_coding	365	182	183	3.2388	0.8032	0.8684
ENSG00000166670.10	MMP10	protein_coding	181	91	90	5.8354	1.4471	1.5647
ENSG00000166676.17	TVP23A	protein_coding	29	498	438	0.2849	0.0707	0.0764
ENSG00000166681.14	BEX3	protein_coding	1779	937	842	90.7258	22.4991	24.3266
ENSG00000166682.13	TMPRSS5	protein_coding	20	5	15	0.4256	0.1055	0.1141
ENSG00000166685.12	COG1	protein_coding	3049	2735	2677	32.5200	8.0646	8.7197
ENSG00000166689.16	PLEKHA7	protein_coding	2017	1031	1067	10.4194	2.5839	2.7938
ENSG00000166693.7	OR5M13P	unprocessed_pseudogene	0	0	0	0.0000	0.0000	0.0000
ENSG00000166704.11	ZNF606	protein_coding	1100	555	602	8.1704	2.0262	2.1908
ENSG00000166707.12	ZCCHC18	protein_coding	28	14	14	0.4691	0.1163	0.1258
ENSG00000166710.21	B2M	protein_coding	253358	127461	125903	2633.9002	653.1807	706.2365
ENSG00000166716.10	ZNF592	protein_coding	3697	1822	1875	25.5991	6.3483	6.8640
ENSG00000166734.20	GOLM2	protein_coding	12674	8123	7986	101.1601	25.0867	27.1244
ENSG00000166736.11	HTR3A	protein_coding	0	0	0	0.0000	0.0000	0.0000
ENSG00000166741.8	NNMT	protein_coding	12212	6165	6047	266.7728	66.1570	71.5307
ENSG00000166743.9	ACSM1	protein_coding	37	20	17	0.7308	0.1812	0.1960
ENSG00000166747.13	AP1G1	protein_coding	7330	3743	3587	37.8583	9.3885	10.1511
ENSG00000166750.10	SLFN5	protein_coding	8622	4249	4373	45.8079	11.3599	12.2826
ENSG00000166762.19	CATSPER2	protein_coding	259	130	129	1.8149	0.4501	0.4866
ENSG00000166763.8	STRCP1	transcribed_unprocessed_pseudogene	8	6	2	0.0797	0.0198	0.0214
ENSG00000166770.11	ZNF667-AS1	lncRNA	243	201	175	1.1323	0.2808	0.3036
ENSG00000166780.11	BMERB1	protein_coding	6553	3310	3412	105.9351	26.2708	28.4047
ENSG00000166783.22	MARF1	protein_coding	7270	3781	3795	37.8032	9.3748	10.1363
ENSG00000166787.3	SAA3P	transcribed_unprocessed_pseudogene	0	0	0	0.0000	0.0000	0.0000
ENSG00000166788.10	SAAL1	protein_coding	700	356	344	12.9475	3.2108	3.4717
ENSG00000166793.13	YPEL4	protein_coding	75	45	41	0.9536	0.2365	0.2557
ENSG00000166794.5	PPIB	protein_coding	5701	10281	9992	187.6399	46.5328	50.3125
ENSG00000166796.12	LDHC	protein_coding	21	16	5	0.5701	0.1414	0.1529
ENSG00000166797.11	CIAO2A	protein_coding	2079	1051	1028	52.1682	12.9372	13.9880
ENSG00000166800.10	LDHAL6A	protein_coding	32	17	17	0.7015	0.1740	0.1881
ENSG00000166801.16	FAM111A	protein_coding	1971	1028	981	15.4792	3.8387	4.1505
ENSG00000166803.14	PCLAF	protein_coding	284	144	140	4.3825	1.0868	1.1751
ENSG00000166813.16	KIF7	protein_coding	711	457	471	7.6322	1.8927	2.0464
ENSG00000166816.15	LDHD	protein_coding	311	166	145	7.4480	1.8470	1.9971
ENSG00000166819.12	PLIN1	protein_coding	68	29	39	1.0161	0.2520	0.2725
ENSG00000166821.9	PEX11A	protein_coding	1336	734	602	23.8929	5.9252	6.4065
ENSG00000166822.13	TMEM170A	protein_coding	1159	568	591	11.7959	2.9253	3.1629
ENSG00000166823.5	MESP1	protein_coding	4	1	3	0.0958	0.0237	0.0257
ENSG00000166825.15	ANPEP	protein_coding	1906	982	924	21.4208	5.3121	5.7436
ENSG00000166828.3	SCNN1G	protein_coding	154	79	91	2.5117	0.6229	0.6735
ENSG00000166831.9	RBPMS2	protein_coding	394	195	199	10.6196	2.6336	2.8475
ENSG00000166833.22	NAV2	protein_coding	1232	809	819	4.6044	1.1418	1.2346
ENSG00000166839.17	ANKDD1A	protein_coding	245	201	171	2.7606	0.6846	0.7402
ENSG00000166840.13	GLYATL1	protein_coding	54	26	28	0.5629	0.1396	0.1509
ENSG00000166845.15	C18orf54	protein_coding	566	284	285	5.1980	1.2891	1.3938
ENSG00000166847.10	DCTN5	protein_coding	6376	3209	3167	28.5092	7.0700	7.6443
ENSG00000166848.7	TERF2IP	protein_coding	3391	1863	1869	43.4879	10.7846	11.6606
ENSG00000166851.15	PLK1	protein_coding	598	335	406	7.1245	1.7668	1.9103
ENSG00000166855.9	CLPX	protein_coding	3240	1596	1644	33.6459	8.3438	9.0216
ENSG00000166856.3	GPR182	protein_coding	3	0	3	0.0499	0.0124	0.0134
ENSG00000166860.3	ZBTB39	protein_coding	817	394	424	7.3918	1.8331	1.9820
ENSG00000166862.7	CACNG2	protein_coding	1	0	1	0.0087	0.0022	0.0023
ENSG00000166863.13	TAC3	protein_coding	0	0	0	0.0000	0.0000	0.0000
ENSG00000166866.13	MYO1A	protein_coding	8	7	1	0.1020	0.0253	0.0273
ENSG00000166869.3	CHP2	protein_coding	0	0	0	0.0000	0.0000	0.0000
ENSG00000166881.10	NEMP1	protein_coding	2460	1230	1230	24.3467	6.0377	6.5282
ENSG00000166884.2	OR4D6	protein_coding	0	0	0	0.0000	0.0000	0.0000
ENSG00000166886.13	NAB2	protein_coding	2090	1052	1151	41.4274	10.2736	11.1081
ENSG00000166887.16	VPS39	protein_coding	6375	3200	3175	43.3225	10.7435	11.6162
ENSG00000166888.12	STAT6	protein_coding	6143	3243	3171	47.7349	11.8378	12.7993
ENSG00000166889.14	PATL1	protein_coding	3456	1806	1904	45.2110	11.2119	12.1226
ENSG00000166896.9	ATP23	protein_coding	389	208	181	6.6307	1.6443	1.7779
ENSG00000166897.16	ELFN2	protein_coding	46	27	22	0.2967	0.0736	0.0796
ENSG00000166900.17	STX3	protein_coding	2912	1444	1472	22.5971	5.6038	6.0590
ENSG00000166902.5	MRPL16	protein_coding	1088	549	540	28.4072	7.0447	7.6169
ENSG00000166908.18	PIP4K2C	protein_coding	8210	4127	4083	141.1303	34.9989	37.8417
ENSG00000166912.17	MTMR10	protein_coding	2165	1696	1694	13.8920	3.4451	3.7249
ENSG00000166913.13	YWHAB	protein_coding	39754	19668	20089	285.1206	70.7070	76.4503
ENSG00000166917.11	MIR202HG	lncRNA	1	0	1	0.0434	0.0108	0.0116
ENSG00000166920.13	C15orf48	protein_coding	452	383	432	18.9173	4.6913	5.0724
ENSG00000166922.8	SCG5	protein_coding	571	286	285	14.7456	3.6568	3.9538
ENSG00000166923.12	GREM1	protein_coding	37021	18740	18476	142.0089	35.2168	38.0773
ENSG00000166924.9	NYAP1	protein_coding	26	13	15	0.4108	0.1019	0.1102
ENSG00000166925.9	TSC22D4	protein_coding	2058	1056	1004	31.8182	7.8906	8.5315
ENSG00000166926.8	MS4A6E	protein_coding	0	1	1	0.0000	0.0000	0.0000
ENSG00000166927.13	MS4A7	protein_coding	2708	1313	1395	35.3442	8.7650	9.4770
ENSG00000166928.11	MS4A14	protein_coding	149	71	78	2.1093	0.5231	0.5656
ENSG00000166930.7	MS4A5	protein_coding	0	0	0	0.0000	0.0000	0.0000
ENSG00000166938.13	DIS3L	protein_coding	2582	1407	1425	26.9362	6.6799	7.2225
ENSG00000166946.14	CCNDBP1	protein_coding	2640	1345	1297	22.4965	5.5789	6.0321
ENSG00000166947.15	EPB42	protein_coding	0	0	0	0.0000	0.0000	0.0000
ENSG00000166948.10	TGM6	protein_coding	0	0	1	0.0000	0.0000	0.0000
ENSG00000166949.16	SMAD3	protein_coding	4813	2427	2390	29.2546	7.2548	7.8441
ENSG00000166959.8	MS4A8	protein_coding	130	66	64	2.8708	0.7119	0.7698
ENSG00000166960.16	CCDC178	protein_coding	3	0	3	0.0380	0.0094	0.0102
ENSG00000166961.15	MS4A15	protein_coding	270	131	139	6.7098	1.6640	1.7991
ENSG00000166963.13	MAP1A	protein_coding	4952	2378	2575	26.3787	6.5417	7.0730
ENSG00000166965.12	RCCD1	protein_coding	539	270	276	6.1515	1.5255	1.6494
ENSG00000166971.17	AKTIP	protein_coding	1810	1362	1308	19.7584	4.8999	5.2979
ENSG00000166974.13	MAPRE2	protein_coding	2349	1204	1145	21.7099	5.3838	5.8211
ENSG00000166979.13	EVA1C	protein_coding	475	236	239	6.1882	1.5346	1.6593
ENSG00000166984.12	TCP10L2	protein_coding	0	1	0	0.0000	0.0000	0.0000
ENSG00000166986.15	MARS1	protein_coding	6296	3578	3480	50.8034	12.5987	13.6221
ENSG00000166987.15	MBD6	protein_coding	2977	1955	1926	30.3316	7.5219	8.1329
ENSG00000166997.8	CNPY4	protein_coding	1383	878	815	31.9991	7.9355	8.5800
ENSG00000167004.13	PDIA3	protein_coding	32531	17352	17699	437.0604	108.3866	117.1905
ENSG00000167005.14	NUDT21	protein_coding	6445	3320	3126	61.6350	15.2849	16.5264
ENSG00000167011.9	NAT16	protein_coding	6	2	4	0.0876	0.0217	0.0235
ENSG00000167014.11	TERB2	protein_coding	0	0	0	0.0000	0.0000	0.0000
ENSG00000167034.10	NKX3-1	protein_coding	66	34	32	1.1418	0.2832	0.3062
ENSG00000167037.19	SGSM1	protein_coding	160	75	85	1.0542	0.2614	0.2827
ENSG00000167046.4	AL357033.1	lncRNA	4	2	2	0.1174	0.0291	0.0315
ENSG00000167065.14	DUSP18	protein_coding	341	327	336	4.3486	1.0784	1.1660
ENSG00000167074.15	TEF	protein_coding	2863	1469	1394	34.5301	8.5631	9.2587
ENSG00000167077.13	MEI1	protein_coding	102	56	46	0.8219	0.2038	0.2204
ENSG00000167080.9	B4GALNT2	protein_coding	0	0	0	0.0000	0.0000	0.0000
ENSG00000167081.18	PBX3	protein_coding	2091	1009	1082	24.1804	5.9965	6.4836
ENSG00000167083.7	GNGT2	protein_coding	62	38	51	2.0817	0.5162	0.5582
ENSG00000167085.13	PHB	protein_coding	4054	4020	3836	44.9643	11.1507	12.0564
ENSG00000167088.11	SNRPD1	protein_coding	2389	1227	1162	27.8651	6.9103	7.4716
ENSG00000167094.16	TTC16	protein_coding	11	18	19	0.0983	0.0244	0.0264
ENSG00000167098.12	SUN5	protein_coding	0	0	0	0.0000	0.0000	0.0000
ENSG00000167100.15	SAMD14	protein_coding	110	885	877	0.8552	0.2121	0.2293
ENSG00000167103.12	PIP5KL1	protein_coding	225	122	103	3.8352	0.9511	1.0283
ENSG00000167104.11	BPIFB6	protein_coding	0	0	0	0.0000	0.0000	0.0000
ENSG00000167105.8	TMEM92	protein_coding	53	25	31	0.9816	0.2434	0.2632
ENSG00000167106.12	FAM102A	protein_coding	12816	6596	6714	110.5728	27.4209	29.6483
ENSG00000167107.13	ACSF2	protein_coding	4967	2652	2691	48.5904	12.0499	13.0287
ENSG00000167110.18	GOLGA2	protein_coding	7299	3547	3754	59.4636	14.7464	15.9442
ENSG00000167112.10	TRUB2	protein_coding	2242	1413	1333	21.8011	5.4064	5.8456
ENSG00000167113.11	COQ4	protein_coding	2422	1226	1203	28.5792	7.0873	7.6630
ENSG00000167114.13	SLC27A4	protein_coding	4396	2242	2154	77.2056	19.1462	20.7014
ENSG00000167117.10	ANKRD40CL	protein_coding	1	0	1	0.0155	0.0038	0.0042
ENSG00000167118.11	URM1	protein_coding	2855	1435	1420	37.0666	9.1921	9.9388
ENSG00000167123.19	CERCAM	protein_coding	13955	7001	6956	130.6136	32.3908	35.0219
ENSG00000167130.18	DOLPP1	protein_coding	925	476	450	23.4391	5.8127	6.2848
ENSG00000167131.17	CCDC103	protein_coding	1	141	135	0.0146	0.0036	0.0039
ENSG00000167136.7	ENDOG	protein_coding	40	428	460	1.9811	0.4913	0.5312
ENSG00000167139.9	TBC1D21	protein_coding	0	0	0	0.0000	0.0000	0.0000
ENSG00000167157.11	PRRX2	protein_coding	927	463	464	40.2836	9.9899	10.8014
ENSG00000167165.19	UGT1A6	protein_coding	0	0	0	0.0000	0.0000	0.0000
ENSG00000167173.19	C15orf39	protein_coding	3152	1685	1815	30.7818	7.6336	8.2536
ENSG00000167178.16	ISLR2	protein_coding	127	71	58	1.2318	0.3055	0.3303
ENSG00000167182.15	SP2	protein_coding	2505	1248	1263	39.0056	9.6730	10.4587
ENSG00000167183.3	PRR15L	protein_coding	983	490	493	36.5787	9.0711	9.8080
ENSG00000167186.11	COQ7	protein_coding	2942	1471	1482	40.6433	10.0791	10.8978
ENSG00000167191.12	GPRC5B	protein_coding	1118	1312	1259	9.5284	2.3629	2.5549
ENSG00000167193.8	CRK	protein_coding	5350	2683	2667	74.6551	18.5137	20.0175
ENSG00000167194.7	C16orf92	protein_coding	4	18	21	0.2034	0.0505	0.0546
ENSG00000167195.7	GOLGA6C	protein_coding	0	0	0	0.0000	0.0000	0.0000
ENSG00000167196.14	FBXO22	protein_coding	2159	1159	1145	10.3576	2.5686	2.7772
ENSG00000167202.11	TBC1D2B	protein_coding	4225	2162	2327	24.5416	6.0861	6.5804
ENSG00000167207.14	NOD2	protein_coding	291	166	187	2.4011	0.5954	0.6438
ENSG00000167208.15	SNX20	protein_coding	370	209	189	3.6492	0.9050	0.9785
ENSG00000167210.17	LOXHD1	protein_coding	26	11	15	0.1600	0.0397	0.0429
ENSG00000167216.17	KATNAL2	protein_coding	120	75	61	1.4228	0.3528	0.3815
ENSG00000167220.12	HDHD2	protein_coding	34	234	260	0.4121	0.1022	0.1105
ENSG00000167232.14	ZNF91	protein_coding	3343	1702	1645	18.3917	4.5610	4.9314
ENSG00000167244.21	IGF2	protein_coding	324	170	158	2.9356	0.7280	0.7871
ENSG00000167257.11	RNF214	protein_coding	749	874	897	9.6383	2.3902	2.5843
ENSG00000167258.15	CDK12	protein_coding	7780	3897	3884	36.1761	8.9713	9.7000
ENSG00000167261.14	DPEP2	protein_coding	108	71	81	1.7509	0.4342	0.4695
ENSG00000167264.18	DUS2	protein_coding	541	296	289	7.3485	1.8224	1.9704
ENSG00000167272.11	POP5	protein_coding	985	499	487	25.6589	6.3631	6.8800
ENSG00000167280.17	ENGASE	protein_coding	1483	741	742	13.3748	3.3168	3.5862
ENSG00000167281.19	RBFOX3	protein_coding	2	0	2	0.0115	0.0028	0.0031
ENSG00000167283.8	ATP5MG	protein_coding	984	494	490	19.0713	4.7295	5.1137
ENSG00000167286.10	CD3D	protein_coding	143	71	72	10.5455	2.6152	2.8276
ENSG00000167291.16	TBC1D16	protein_coding	6742	3482	3390	33.0200	8.1886	8.8538
ENSG00000167302.11	TEPSIN	protein_coding	341	494	473	4.0609	1.0071	1.0889
ENSG00000167306.20	MYO5B	protein_coding	4245	2248	2267	22.7838	5.6502	6.1091
ENSG00000167311.14	ART5	protein_coding	56	36	20	2.1214	0.5261	0.5688
ENSG00000167315.18	ACAA2	protein_coding	2062	1027	1035	23.7675	5.8941	6.3729
ENSG00000167323.11	STIM1	protein_coding	5689	2878	2823	45.2487	11.2212	12.1327
ENSG00000167325.15	RRM1	protein_coding	7003	3918	3879	93.8200	23.2664	25.1563
ENSG00000167332.9	OR51E2	protein_coding	5	2	3	0.0975	0.0242	0.0262
ENSG00000167333.13	TRIM68	protein_coding	1075	545	530	14.3308	3.5539	3.8426
ENSG00000167346.7	MMP26	protein_coding	0	0	0	0.0000	0.0000	0.0000
ENSG00000167355.8	OR51B5	protein_coding	4	1	3	0.0572	0.0142	0.0153
ENSG00000167359.8	OR51I1	protein_coding	0	0	0	0.0000	0.0000	0.0000
ENSG00000167360.6	OR51Q1	protein_coding	3	1	2	0.1552	0.0385	0.0416
ENSG00000167363.14	FN3K	protein_coding	2522	1240	1283	37.3330	9.2582	10.0102
ENSG00000167371.21	PRRT2	protein_coding	537	279	265	8.1101	2.0112	2.1746
ENSG00000167377.18	ZNF23	protein_coding	31	16	15	0.2413	0.0598	0.0647
ENSG00000167378.8	IRGQ	protein_coding	2034	1021	1014	11.6879	2.8985	3.1339
ENSG00000167380.16	ZNF226	protein_coding	929	476	453	7.6110	1.8875	2.0408
ENSG00000167384.10	ZNF180	protein_coding	811	390	421	9.6157	2.3846	2.5783
ENSG00000167390.8	POM121L3P	unprocessed_pseudogene	1	1	0	0.0488	0.0121	0.0131
ENSG00000167393.18	PPP2R3B	protein_coding	690	328	362	4.3261	1.0728	1.1600
ENSG00000167393.18_PAR_Y	PPP2R3B	protein_coding	0	0	0	0.0000	0.0000	0.0000
ENSG00000167394.13	ZNF668	protein_coding	394	567	521	5.7960	1.4374	1.5541
ENSG00000167395.10	ZNF646	protein_coding	2081	1071	1056	13.6669	3.3892	3.6645
ENSG00000167397.15	VKORC1	protein_coding	575	292	286	14.8896	3.6925	3.9924
ENSG00000167414.4	GNG8	protein_coding	6	4	2	1.5753	0.3907	0.4224
ENSG00000167419.11	LPO	protein_coding	4	52	50	0.0353	0.0087	0.0095
ENSG00000167434.10	CA4	protein_coding	4	3	1	0.0938	0.0233	0.0252
ENSG00000167447.12	SMG8	protein_coding	1947	944	1003	29.4281	7.2979	7.8907
ENSG00000167459.17	LINC00905	lncRNA	0	0	0	0.0000	0.0000	0.0000
ENSG00000167460.17	TPM4	protein_coding	68319	34758	34726	313.0803	77.6408	83.9473
ENSG00000167461.12	RAB8A	protein_coding	1967	3980	4156	22.6219	5.6100	6.0657
ENSG00000167468.18	GPX4	protein_coding	19964	10000	9965	560.7518	139.0608	150.3563
ENSG00000167470.12	MIDN	protein_coding	6581	3302	3282	83.0829	20.6037	22.2773
ENSG00000167476.10	JSRP1	protein_coding	5	3849	3788	0.1454	0.0361	0.0390
ENSG00000167483.19	NIBAN3	protein_coding	7	5	2	0.0574	0.0142	0.0154
ENSG00000167487.12	KLHL26	protein_coding	860	428	432	10.2805	2.5495	2.7565
ENSG00000167491.17	GATAD2A	protein_coding	4978	2479	2499	38.6927	9.5954	10.3748
ENSG00000167494.9	NOS2P2	transcribed_unprocessed_pseudogene	0	0	0	0.0000	0.0000	0.0000
ENSG00000167508.12	MVD	protein_coding	848	431	417	10.1951	2.5283	2.7336
ENSG00000167513.9	CDT1	protein_coding	386	195	191	7.9312	1.9669	2.1266
ENSG00000167515.10	TRAPPC2L	protein_coding	1545	776	770	19.6318	4.8685	5.2640
ENSG00000167522.16	ANKRD11	protein_coding	4196	2171	2106	12.1860	3.0220	3.2675
ENSG00000167523.14	SPATA33	protein_coding	525	242	283	5.1262	1.2712	1.3745
ENSG00000167524.16	RSKR	protein_coding	176	128	132	1.4303	0.3547	0.3835
ENSG00000167525.14	PROCA1	protein_coding	292	144	148	3.2719	0.8114	0.8773
ENSG00000167526.14	RPL13	protein_coding	26134	12724	13410	383.3571	95.0687	102.7908
ENSG00000167528.13	ZNF641	protein_coding	2066	1009	1057	13.7806	3.4175	3.6950
ENSG00000167531.6	LALBA	protein_coding	0	0	0	0.0000	0.0000	0.0000
ENSG00000167535.8	CACNB3	protein_coding	1468	754	715	11.6385	2.8862	3.1207
ENSG00000167536.14	DHRS13	protein_coding	511	1286	1419	9.8167	2.4344	2.6322
ENSG00000167543.16	TP53I13	protein_coding	1988	1086	1155	24.6695	6.1178	6.6147
ENSG00000167548.16	KMT2D	protein_coding	8861	4503	4617	23.3702	5.7956	6.2663
ENSG00000167549.18	CORO6	protein_coding	445	216	233	5.8403	1.4483	1.5660
ENSG00000167550.11	RHEBL1	protein_coding	165	83	82	7.2033	1.7864	1.9315
ENSG00000167552.14	TUBA1A	protein_coding	26521	14014	13960	473.2553	117.3625	126.8955
ENSG00000167553.16	TUBA1C	protein_coding	4797	6837	6844	61.0772	15.1465	16.3768
ENSG00000167554.15	ZNF610	protein_coding	210	108	103	3.3566	0.8324	0.9000
ENSG00000167555.14	ZNF528	protein_coding	802	392	410	5.3319	1.3223	1.4297
ENSG00000167562.13	ZNF701	protein_coding	842	477	484	6.6310	1.6444	1.7780
ENSG00000167565.13	SERTAD3	protein_coding	2975	1508	1480	91.2945	22.6401	24.4791
ENSG00000167566.17	NCKAP5L	protein_coding	1351	657	701	9.4704	2.3486	2.5393
ENSG00000167578.18	RAB4B	protein_coding	53	24	33	0.7638	0.1894	0.2048
ENSG00000167580.8	AQP2	protein_coding	1	0	1	0.0132	0.0033	0.0035
ENSG00000167588.13	GPD1	protein_coding	6	5	1	0.0890	0.0221	0.0239
ENSG00000167595.15	PROSER3	protein_coding	711	452	476	6.3728	1.5804	1.7088
ENSG00000167600.14	CYP2S1	protein_coding	944	440	505	19.7325	4.8935	5.2909
ENSG00000167601.12	AXL	protein_coding	11411	5817	5917	126.0455	31.2580	33.7970
ENSG00000167604.15	NFKBID	protein_coding	158	82	76	2.8018	0.6948	0.7513
ENSG00000167608.12	TMC4	protein_coding	4133	2168	1965	76.5455	18.9825	20.5244
ENSG00000167612.13	ANKRD33	protein_coding	0	0	0	0.0000	0.0000	0.0000
ENSG00000167613.16	LAIR1	protein_coding	2231	1100	1131	15.6759	3.8875	4.2032
ENSG00000167614.14	TTYH1	protein_coding	26	19	14	0.2085	0.0517	0.0559
ENSG00000167615.17	LENG8	protein_coding	5984	3277	3317	52.6291	13.0515	14.1116
ENSG00000167617.3	CDC42EP5	protein_coding	269	145	124	16.3155	4.0461	4.3747
ENSG00000167618.10	LAIR2	protein_coding	8	4	4	0.4346	0.1078	0.1165
ENSG00000167619.13	TMEM145	protein_coding	134	70	64	2.1079	0.5227	0.5652
ENSG00000167625.11	ZNF526	protein_coding	910	520	544	12.2000	3.0255	3.2712
ENSG00000167632.18	TRAPPC9	protein_coding	5637	2846	2791	33.1097	8.2109	8.8778
ENSG00000167633.18	KIR3DL1	protein_coding	0	0	0	0.0000	0.0000	0.0000
ENSG00000167634.12	NLRP7	protein_coding	3	1	2	0.0435	0.0108	0.0117
ENSG00000167635.12	ZNF146	protein_coding	8853	4500	4406	121.1811	30.0517	32.4927
ENSG00000167637.18	ZNF283	protein_coding	417	199	218	3.2845	0.8145	0.8807
ENSG00000167641.11	PPP1R14A	protein_coding	115	55	60	4.5226	1.1216	1.2127
ENSG00000167642.13	SPINT2	protein_coding	4683	7172	6825	52.2267	12.9517	14.0037
ENSG00000167644.12	C19orf33	protein_coding	0	11	23	0.0000	0.0000	0.0000
ENSG00000167645.17	YIF1B	protein_coding	2056	2186	2152	24.6868	6.1221	6.6194
ENSG00000167646.14	DNAAF3	protein_coding	142	120	114	2.4388	0.6048	0.6539
ENSG00000167653.5	PSCA	protein_coding	17	10	14	0.5468	0.1356	0.1466
ENSG00000167654.18	ATCAY	protein_coding	0	0	0	0.0000	0.0000	0.0000
ENSG00000167656.5	LY6D	protein_coding	9	11	10	0.3407	0.0845	0.0914
ENSG00000167657.14	DAPK3	protein_coding	2665	1353	1312	42.5844	10.5605	11.4183
ENSG00000167658.16	EEF2	protein_coding	130532	64528	66008	1840.9516	456.5374	493.6205
ENSG00000167664.8	TMIGD2	protein_coding	5	3	2	0.2247	0.0557	0.0602
ENSG00000167670.16	CHAF1A	protein_coding	1124	548	671	14.7346	3.6540	3.9508
ENSG00000167671.12	UBXN6	protein_coding	4530	2466	2363	48.9606	12.1417	13.1280
ENSG00000167674.15	HDGFL2	protein_coding	2541	1252	1311	33.6211	8.3377	9.0149
ENSG00000167676.4	PLIN4	protein_coding	45	30	37	0.3925	0.0973	0.1052
ENSG00000167680.17	SEMA6B	protein_coding	1455	710	745	17.5187	4.3445	4.6973
ENSG00000167685.15	ZNF444	protein_coding	1880	913	969	14.9258	3.7014	4.0021
ENSG00000167693.17	NXN	protein_coding	3246	1619	1627	31.2584	7.7518	8.3814
ENSG00000167695.15	TLCD3A	protein_coding	1411	702	713	29.2463	7.2528	7.8419
ENSG00000167699.13	GLOD4	protein_coding	3705	1950	1983	37.4996	9.2995	10.0549
ENSG00000167700.9	MFSD3	protein_coding	1823	921	918	56.5858	14.0327	15.1725
ENSG00000167701.14	GPT	protein_coding	58	46	45	1.1935	0.2960	0.3200
ENSG00000167702.13	KIFC2	protein_coding	1204	1170	1179	15.3539	3.8076	4.1169
ENSG00000167703.15	SLC43A2	protein_coding	2171	1106	1065	11.6094	2.8790	3.1129
ENSG00000167705.12	RILP	protein_coding	151	70	81	4.5260	1.1224	1.2136
ENSG00000167711.14	SERPINF2	protein_coding	102	50	53	2.4667	0.6117	0.6614
ENSG00000167716.19	WDR81	protein_coding	2407	1397	1339	16.8811	4.1864	4.5264
ENSG00000167720.13	SRR	protein_coding	571	1492	1480	9.9574	2.4693	2.6699
ENSG00000167721.11	TSR1	protein_coding	2334	2373	2362	27.5637	6.8355	7.3908
ENSG00000167723.15	TRPV3	protein_coding	4	1	3	0.0236	0.0059	0.0063
ENSG00000167733.14	HSD11B1L	protein_coding	350	171	188	6.6361	1.6457	1.7794
ENSG00000167740.10	CYB5D2	protein_coding	1883	968	918	48.9390	12.1364	13.1222
ENSG00000167741.11	GGT6	protein_coding	149	82	67	2.6731	0.6629	0.7168
ENSG00000167747.15	C19orf48	transcribed_unitary_pseudogene	2099	1065	1034	36.5584	9.0661	9.8025
ENSG00000167748.11	KLK1	protein_coding	12	5	7	0.2859	0.0709	0.0767
ENSG00000167749.11	KLK4	protein_coding	232	108	124	6.7993	1.6862	1.8231
ENSG00000167751.13	KLK2	protein_coding	12	4	8	0.1072	0.0266	0.0287
ENSG00000167754.13	KLK5	protein_coding	41	22	22	1.4066	0.3488	0.3772
ENSG00000167755.15	KLK6	protein_coding	17	13	16	0.4879	0.1210	0.1308
ENSG00000167757.14	KLK11	protein_coding	2	2	0	0.0364	0.0090	0.0098
ENSG00000167759.13	KLK13	protein_coding	0	0	0	0.0000	0.0000	0.0000
ENSG00000167766.18	ZNF83	protein_coding	3041	1530	1514	21.4817	5.3272	5.7600
ENSG00000167767.14	KRT80	protein_coding	2018	1033	985	26.2238	6.5032	7.0315
ENSG00000167768.4	KRT1	protein_coding	6	2	4	0.1368	0.0339	0.0367
ENSG00000167769.5	ACER1	protein_coding	9	4	5	0.3574	0.0886	0.0958
ENSG00000167770.11	OTUB1	protein_coding	2930	1450	1480	31.1395	7.7223	8.3495
ENSG00000167771.6	RCOR2	protein_coding	107	60	47	1.9901	0.4935	0.5336
ENSG00000167772.12	ANGPTL4	protein_coding	828	418	414	18.9721	4.7049	5.0870
ENSG00000167774.2	AC010323.1	protein_coding	1	0	1	0.0978	0.0242	0.0262
ENSG00000167775.11	CD320	protein_coding	1200	617	583	29.8605	7.4051	8.0066
ENSG00000167778.9	SPRYD3	protein_coding	6351	3247	3163	104.0038	25.7919	27.8869
ENSG00000167779.9	IGFBP6	protein_coding	1293	670	623	54.4770	13.5097	14.6071
ENSG00000167780.12	SOAT2	protein_coding	8	6	2	0.2189	0.0543	0.0587
ENSG00000167785.9	ZNF558	protein_coding	1802	941	960	12.5081	3.1019	3.3538
ENSG00000167791.14	CABP2	protein_coding	0	0	0	0.0000	0.0000	0.0000
ENSG00000167792.13	NDUFV1	protein_coding	4061	2034	2029	45.5407	11.2936	12.2110
ENSG00000167797.8	CDK2AP2	protein_coding	1541	750	791	43.2838	10.7340	11.6058
ENSG00000167798.17	C3P1	transcribed_unprocessed_pseudogene	0	0	0	0.0000	0.0000	0.0000
ENSG00000167799.10	NUDT8	protein_coding	47	23	24	1.7985	0.4460	0.4822
ENSG00000167800.9	TBX10	protein_coding	0	0	0	0.0000	0.0000	0.0000
ENSG00000167807.15	AC011511.1	protein_coding	0	0	0	0.0000	0.0000	0.0000
ENSG00000167815.12	PRDX2	protein_coding	8667	6392	6628	241.6447	59.9254	64.7930
ENSG00000167822.3	OR8J3	protein_coding	0	0	0	0.0000	0.0000	0.0000
ENSG00000167825.3	OR5I1	protein_coding	0	0	0	0.0000	0.0000	0.0000
ENSG00000167840.13	ZNF232	protein_coding	441	279	249	8.9510	2.2198	2.4001
ENSG00000167842.16	MIS12	protein_coding	1385	740	711	24.8791	6.1698	6.6709
ENSG00000167850.4	CD300C	protein_coding	229	112	118	8.5214	2.1132	2.2849
ENSG00000167851.15	CD300A	protein_coding	1503	772	732	31.5569	7.8258	8.4614
ENSG00000167858.13	TEKT1	protein_coding	0	0	0	0.0000	0.0000	0.0000
ENSG00000167861.16	HID1	protein_coding	11352	5669	5685	103.8844	25.7623	27.8549
ENSG00000167862.10	MRPL58	protein_coding	1864	919	945	95.4038	23.6592	25.5809
ENSG00000167863.12	ATP5PD	protein_coding	7701	6011	6032	135.1667	33.5200	36.2427
ENSG00000167874.7	TMEM88	protein_coding	36	13	23	2.3359	0.5793	0.6263
ENSG00000167880.8	EVPL	protein_coding	2103	1050	1054	16.1951	4.0162	4.3425
ENSG00000167881.15	SRP68	protein_coding	7826	3854	3972	59.1355	14.6650	15.8562
ENSG00000167889.13	MGAT5B	protein_coding	75	35	41	0.6606	0.1638	0.1771
ENSG00000167895.15	TMC8	protein_coding	561	329	262	5.8279	1.4453	1.5626
ENSG00000167900.12	TK1	protein_coding	2424	1234	1192	74.5068	18.4769	19.9777
ENSG00000167904.15	TMEM68	protein_coding	2859	1443	1421	18.9099	4.6895	5.0704
ENSG00000167910.4	CYP7A1	protein_coding	2	2	0	0.0394	0.0098	0.0106
ENSG00000167912.6	AC090152.1	lncRNA	24	12	17	0.3512	0.0871	0.0942
ENSG00000167914.12	GSDMA	protein_coding	128	69	59	3.2348	0.8022	0.8674
ENSG00000167916.5	KRT24	protein_coding	0	0	0	0.0000	0.0000	0.0000
ENSG00000167920.10	TMEM99	lncRNA	1519	850	778	28.2157	6.9972	7.5656
ENSG00000167925.16	GHDC	protein_coding	3389	1670	1719	47.8204	11.8590	12.8222
ENSG00000167930.17	FAM234A	protein_coding	6670	3274	3542	61.6855	15.2974	16.5399
ENSG00000167941.3	SOST	protein_coding	4	2	2	0.0988	0.0245	0.0265
ENSG00000167962.14	ZNF598	protein_coding	1396	967	940	16.8477	4.1780	4.5174
ENSG00000167964.13	RAB26	protein_coding	718	348	370	16.3657	4.0585	4.3882
ENSG00000167965.18	MLST8	protein_coding	2169	1099	1252	28.2119	6.9963	7.5646
ENSG00000167967.16	E4F1	protein_coding	1091	566	552	9.6854	2.4019	2.5970
ENSG00000167968.13	DNASE1L2	protein_coding	37	26	26	0.9564	0.2372	0.2564
ENSG00000167969.13	ECI1	protein_coding	1855	951	904	32.8330	8.1423	8.8036
ENSG00000167971.16	CASKIN1	protein_coding	140	580	563	1.3301	0.3299	0.3566
ENSG00000167972.14	ABCA3	protein_coding	4763	2384	2383	34.6117	8.5833	9.2805
ENSG00000167977.9	KCTD5	protein_coding	1718	855	863	28.8932	7.1652	7.7472
ENSG00000167978.17	SRRM2	protein_coding	37015	18114	19075	161.8567	40.1388	43.3992
ENSG00000167981.7	ZNF597	protein_coding	601	310	291	6.2161	1.5415	1.6667
ENSG00000167984.18	NLRC3	protein_coding	346	184	205	2.9334	0.7275	0.7865
ENSG00000167985.7	SDHAF2	protein_coding	487	237	250	16.2841	4.0383	4.3663
ENSG00000167986.14	DDB1	protein_coding	27108	13796	13692	111.6489	27.6878	29.9368
ENSG00000167987.11	VPS37C	protein_coding	4593	2328	2265	65.8248	16.3239	17.6498
ENSG00000167992.13	VWCE	protein_coding	54	23	31	0.6425	0.1593	0.1723
ENSG00000167994.13	RAB3IL1	protein_coding	1859	896	964	33.0379	8.1931	8.8586
ENSG00000167995.17	BEST1	protein_coding	504	128873	129844	3.2898	0.8158	0.8821
ENSG00000167996.16	FTH1	protein_coding	3772	131412	130567	106.7415	26.4708	28.6210
ENSG00000168000.14	BSCL2	protein_coding	94	73	56	1.3444	0.3334	0.3605
ENSG00000168002.12	POLR2G	protein_coding	2174	1108	1066	64.8199	16.0747	17.3804
ENSG00000168003.17	SLC3A2	protein_coding	13677	6856	6822	150.4894	37.3198	40.3512
ENSG00000168004.10	PLAAT5	protein_coding	890	440	450	15.4443	3.8300	4.1411
ENSG00000168005.9	SPINDOC	protein_coding	711	363	348	14.7317	3.6533	3.9501
ENSG00000168010.11	ATG16L2	protein_coding	3417	2297	2294	22.7466	5.6409	6.0991
ENSG00000168014.17	C2CD3	protein_coding	5955	2939	3026	26.8726	6.6641	7.2054
ENSG00000168016.15	TRANK1	protein_coding	6324	3208	3117	29.5561	7.3296	7.9250
ENSG00000168026.18	TTC21A	protein_coding	771	395	406	5.6954	1.4124	1.5271
ENSG00000168028.14	RPSA	protein_coding	23356	12059	11298	338.8381	84.0284	90.8538
ENSG00000168032.10	ENTPD3	protein_coding	217	110	135	3.4317	0.8510	0.9202
ENSG00000168036.18	CTNNB1	protein_coding	41149	21015	20134	198.4487	49.2133	53.2107
ENSG00000168038.11	ULK4	protein_coding	547	267	280	4.9403	1.2252	1.3247
ENSG00000168040.5	FADD	protein_coding	444	3488	3526	14.7419	3.6559	3.9528
ENSG00000168056.17	LTBP3	protein_coding	8566	4283	4447	45.5061	11.2851	12.2017
ENSG00000168060.16	NAALADL1	protein_coding	237	126	118	3.3202	0.8234	0.8903
ENSG00000168061.17	SAC3D1	protein_coding	338	159	185	10.8171	2.6825	2.9004
ENSG00000168062.10	BATF2	protein_coding	520	262	258	10.4757	2.5979	2.8089
ENSG00000168065.16	SLC22A11	protein_coding	0	0	0	0.0000	0.0000	0.0000
ENSG00000168066.20	SF1	protein_coding	12387	6279	6109	117.6267	29.1702	31.5396
ENSG00000168067.12	MAP4K2	protein_coding	884	440	444	6.5574	1.6262	1.7583
ENSG00000168070.12	MAJIN	protein_coding	0	0	0	0.0000	0.0000	0.0000
ENSG00000168071.22	CCDC88B	protein_coding	312	151	161	2.1190	0.5255	0.5682
ENSG00000168077.14	SCARA3	protein_coding	2875	1422	1453	40.4669	10.0354	10.8505
ENSG00000168078.10	PBK	protein_coding	270	129	141	7.1283	1.7678	1.9113
ENSG00000168079.17	SCARA5	protein_coding	3	1	2	0.0388	0.0096	0.0104
ENSG00000168081.9	PNOC	protein_coding	15	18	12	0.4275	0.1060	0.1146
ENSG00000168090.10	COPS6	protein_coding	6123	3033	3090	124.9497	30.9863	33.5032
ENSG00000168092.14	PAFAH1B2	protein_coding	7813	3915	3898	62.5459	15.5107	16.7706
ENSG00000168096.15	ANKS3	protein_coding	690	326	366	4.9733	1.2333	1.3335
ENSG00000168101.14	NUDT16L1	protein_coding	1482	714	768	40.6403	10.0784	10.8970
ENSG00000168116.14	KIAA1586	protein_coding	549	273	276	10.0141	2.4834	2.6851
ENSG00000168118.12	RAB4A	protein_coding	1735	877	859	29.7256	7.3717	7.9704
ENSG00000168122.4	ZNF355P	unprocessed_pseudogene	0	0	0	0.0000	0.0000	0.0000
ENSG00000168124.2	OR1F1	protein_coding	1	1	0	0.0602	0.0149	0.0161
ENSG00000168126.3	OR2W6P	unprocessed_pseudogene	1	1	0	0.0604	0.0150	0.0162
ENSG00000168129.8	DHFRP3	processed_pseudogene	0	0	0	0.0000	0.0000	0.0000
ENSG00000168131.4	OR2B2	protein_coding	0	0	0	0.0000	0.0000	0.0000
ENSG00000168135.4	KCNJ4	protein_coding	0	0	0	0.0000	0.0000	0.0000
ENSG00000168137.18	SETD5	protein_coding	9230	4563	4668	42.2874	10.4868	11.3387
ENSG00000168140.5	VASN	protein_coding	1415	710	706	28.4960	7.0667	7.6407
ENSG00000168143.9	FAM83B	protein_coding	23	11	12	0.2089	0.0518	0.0560
ENSG00000168148.4	H3-4	protein_coding	0	0	0	0.0000	0.0000	0.0000
ENSG00000168152.13	THAP9	protein_coding	576	296	305	7.5404	1.8699	2.0218
ENSG00000168158.4	OR2C1	protein_coding	6	3	3	0.2400	0.0595	0.0643
ENSG00000168159.14	RNF187	protein_coding	9759	4902	4857	163.4473	40.5333	43.8257
ENSG00000168172.9	HOOK3	protein_coding	6465	3205	3261	24.0697	5.9690	6.4539
ENSG00000168175.15	MAPK1IP1L	protein_coding	5900	2942	2958	47.9766	11.8977	12.8641
ENSG00000168209.5	DDIT4	protein_coding	742	1469	1397	20.4863	5.0804	5.4931
ENSG00000168214.20	RBPJ	protein_coding	7291	3674	3617	44.6852	11.0815	11.9816
ENSG00000168216.13	LMBRD1	protein_coding	5587	2810	2777	29.4843	7.3118	7.9057
ENSG00000168228.15	ZCCHC4	protein_coding	836	441	395	10.7480	2.6654	2.8819
ENSG00000168229.4	PTGDR	protein_coding	19	9	10	0.3535	0.0877	0.0948
ENSG00000168234.13	TTC39C	protein_coding	1810	1000	914	14.2801	3.5413	3.8290
ENSG00000168237.18	GLYCTK	protein_coding	126	110	113	1.4905	0.3696	0.3997
ENSG00000168243.11	GNG4	protein_coding	268	113	155	2.9261	0.7256	0.7846
ENSG00000168246.6	UBTD2	protein_coding	6465	3241	3224	122.7008	30.4286	32.9002
ENSG00000168255.20	POLR2J3	protein_coding	19	6	13	0.3378	0.0838	0.0906
ENSG00000168256.18	NKIRAS2	protein_coding	3379	1972	1900	34.5578	8.5700	9.2661
ENSG00000168259.17	DNAJC7	protein_coding	5889	4219	4051	25.8008	6.3983	6.9180
ENSG00000168263.9	KCNV2	protein_coding	5	3	2	0.1302	0.0323	0.0349
ENSG00000168264.10	IRF2BP2	protein_coding	12224	9298	8882	146.7449	36.3912	39.3472
ENSG00000168267.7	PTF1A	protein_coding	0	0	0	0.0000	0.0000	0.0000
ENSG00000168268.11	NT5DC2	protein_coding	1333	948	906	15.7521	3.9064	4.2237
ENSG00000168269.10	FOXI1	protein_coding	1521	765	756	37.1632	9.2161	9.9647
ENSG00000168273.8	SMIM4	protein_coding	607	481	423	13.8746	3.4408	3.7203
ENSG00000168275.16	COA6	protein_coding	614	353	408	15.2185	3.7740	4.0806
ENSG00000168280.18	KIF5C	protein_coding	5439	2647	2792	9.3043	2.3074	2.4948
ENSG00000168282.6	MGAT2	protein_coding	2	1736	1746	0.0423	0.0105	0.0113
ENSG00000168283.14	BMI1	protein_coding	6570	3336	3234	84.7746	21.0233	22.7309
ENSG00000168286.3	THAP11	protein_coding	1337	847	838	40.4164	10.0229	10.8370
ENSG00000168288.13	MMADHC	protein_coding	4788	2647	2584	126.2918	31.3191	33.8630
ENSG00000168291.13	PDHB	protein_coding	3552	2533	2411	42.7038	10.5901	11.4503
ENSG00000168297.16	PXK	protein_coding	2491	1280	1213	26.3799	6.5420	7.0733
ENSG00000168298.7	H1-4	protein_coding	14	8	6	1.0088	0.2502	0.2705
ENSG00000168300.14	PCMTD1	protein_coding	9731	5059	4672	75.3577	18.6880	20.2059
ENSG00000168301.13	KCTD6	protein_coding	2139	1066	1073	39.3074	9.7478	10.5396
ENSG00000168303.9	MPLKIP	protein_coding	1728	884	844	12.8484	3.1863	3.4451
ENSG00000168306.13	ACOX2	protein_coding	9127	4472	4655	135.3889	33.5751	36.3023
ENSG00000168309.18	FAM107A	protein_coding	143	67	76	1.5241	0.3780	0.4087
ENSG00000168310.11	IRF2	protein_coding	3180	1534	1646	58.7419	14.5674	15.7507
ENSG00000168314.17	MOBP	protein_coding	4	2	3	0.0246	0.0061	0.0066
ENSG00000168329.14	CX3CR1	protein_coding	1195	616	579	18.5362	4.5968	4.9702
ENSG00000168333.14	PPDPFL	protein_coding	0	0	0	0.0000	0.0000	0.0000
ENSG00000168334.9	XIRP1	protein_coding	356	186	170	3.1218	0.7742	0.8371
ENSG00000168348.4	INSM2	protein_coding	1	0	1	0.0196	0.0049	0.0053
ENSG00000168350.8	DEGS2	protein_coding	3710	2727	2626	53.2913	13.2157	14.2892
ENSG00000168356.13	SCN11A	protein_coding	10	44	42	0.0453	0.0112	0.0121
ENSG00000168367.11	LINC00917	lncRNA	1	1	0	0.0096	0.0024	0.0026
ENSG00000168374.11	ARF4	protein_coding	26506	13347	13289	579.2503	143.6482	155.3163
ENSG00000168385.18	SEPTIN2	protein_coding	24777	13628	13437	190.4450	47.2284	51.0647
ENSG00000168386.18	FILIP1L	protein_coding	7220	3517	3703	69.3624	17.2012	18.5984
ENSG00000168389.18	MFSD2A	protein_coding	115	58	58	1.6276	0.4036	0.4364
ENSG00000168393.13	DTYMK	protein_coding	1075	544	531	25.4119	6.3019	6.8138
ENSG00000168394.11	TAP1	protein_coding	5678	4378	4374	67.0134	16.6186	17.9685
ENSG00000168395.16	ING5	protein_coding	1268	723	666	7.0093	1.7382	1.8794
ENSG00000168397.17	ATG4B	protein_coding	2079	1047	1035	17.7614	4.4046	4.7624
ENSG00000168398.7	BDKRB2	protein_coding	1409	720	689	11.6734	2.8949	3.1300
ENSG00000168404.13	MLKL	protein_coding	796	409	387	7.9306	1.9667	2.1265
ENSG00000168405.17	CMAHP	transcribed_unitary_pseudogene	1038	518	522	6.9441	1.7221	1.8619
ENSG00000168411.14	RFWD3	protein_coding	2138	1063	1075	18.7803	4.6573	5.0356
ENSG00000168412.6	MTNR1A	protein_coding	2	1	1	0.0880	0.0218	0.0236
ENSG00000168418.7	KCNG4	protein_coding	0	0	0	0.0000	0.0000	0.0000
ENSG00000168421.13	RHOH	protein_coding	555	285	271	4.7630	1.1812	1.2771
ENSG00000168427.9	KLHL30	protein_coding	16	9	7	0.2400	0.0595	0.0644
ENSG00000168434.13	COG7	protein_coding	1759	1120	1215	22.9211	5.6842	6.1459
ENSG00000168438.15	CDC40	protein_coding	2173	1087	1086	20.6937	5.1318	5.5487
ENSG00000168439.17	STIP1	protein_coding	9228	4688	4541	113.7404	28.2065	30.4976
ENSG00000168447.11	SCNN1B	protein_coding	989	471	518	14.4515	3.5838	3.8749
ENSG00000168453.15	HR	protein_coding	66	27	39	0.4700	0.1165	0.1260
ENSG00000168454.12	TXNDC2	protein_coding	20	11	9	0.3344	0.0829	0.0897
ENSG00000168461.13	RAB31	protein_coding	40836	20905	19931	422.9015	104.8753	113.3940
ENSG00000168476.12	REEP4	protein_coding	661	322	339	16.5425	4.1024	4.4356
ENSG00000168477.19	TNXB	protein_coding	123	56	78	0.4385	0.1087	0.1176
ENSG00000168481.9	LGI3	protein_coding	3	1	2	0.0377	0.0094	0.0101
ENSG00000168484.12	SFTPC	protein_coding	0	0	0	0.0000	0.0000	0.0000
ENSG00000168487.20	BMP1	protein_coding	5016	2503	2515	40.2515	9.9820	10.7928
ENSG00000168488.18	ATXN2L	protein_coding	5650	3168	3205	49.2335	12.2094	13.2011
ENSG00000168490.14	PHYHIP	protein_coding	58	33	25	0.8367	0.2075	0.2244
ENSG00000168491.10	CCDC110	protein_coding	80	45	36	1.2838	0.3184	0.3442
ENSG00000168495.13	POLR3D	protein_coding	1022	485	545	10.3811	2.5744	2.7835
ENSG00000168496.4	FEN1	protein_coding	2370	1192	1178	61.1477	15.1640	16.3957
ENSG00000168497.5	CAVIN2	protein_coding	146	75	91	2.7111	0.6723	0.7269
ENSG00000168502.17	MTCL1	protein_coding	994	505	491	4.4508	1.1038	1.1934
ENSG00000168505.7	GBX2	protein_coding	11	6	5	0.2675	0.0663	0.0717
ENSG00000168509.20	HJV	protein_coding	2	1	1	0.0469	0.0116	0.0126
ENSG00000168515.3	SCGB1D1	protein_coding	0	0	0	0.0000	0.0000	0.0000
ENSG00000168517.10	HEXIM2	protein_coding	206	375	432	5.7322	1.4215	1.5370
ENSG00000168522.13	FNTA	protein_coding	4536	2242	2294	27.3772	6.7893	7.3407
ENSG00000168528.12	SERINC2	protein_coding	8929	4585	4347	146.6869	36.3769	39.3317
ENSG00000168530.16	MYL1	protein_coding	0	0	0	0.0000	0.0000	0.0000
ENSG00000168538.16	TRAPPC11	protein_coding	3813	1918	1895	37.0202	9.1806	9.9264
ENSG00000168539.4	CHRM1	protein_coding	0	3	4	0.0000	0.0000	0.0000
ENSG00000168542.16	COL3A1	protein_coding	1131400	568866	562548	9494.1793	2354.4606	2545.7062
ENSG00000168546.11	GFRA2	protein_coding	20	10	10	0.1963	0.0487	0.0526
ENSG00000168556.7	ING2	protein_coding	648	313	335	13.6356	3.3815	3.6562
ENSG00000168564.6	CDKN2AIP	protein_coding	1783	903	880	25.1840	6.2454	6.7527
ENSG00000168566.13	SNRNP48	protein_coding	1385	717	668	13.4561	3.3370	3.6080
ENSG00000168569.8	TMEM223	protein_coding	496	972	977	12.4186	3.0797	3.3298
ENSG00000168575.10	SLC20A2	protein_coding	2635	1396	1407	23.2613	5.7686	6.2371
ENSG00000168582.5	CRYGA	protein_coding	0	0	0	0.0000	0.0000	0.0000
ENSG00000168589.15	DYNLRB2	protein_coding	96	48	54	3.6810	0.9128	0.9870
ENSG00000168591.16	TMUB2	protein_coding	3848	1933	1983	58.8353	14.5906	15.7757
ENSG00000168594.15	ADAM29	protein_coding	14	7	8	0.1333	0.0331	0.0357
ENSG00000168610.16	STAT3	protein_coding	39034	19448	19588	197.5033	48.9788	52.9572
ENSG00000168612.4	ZSWIM1	protein_coding	1080	553	527	22.1187	5.4852	5.9308
ENSG00000168615.13	ADAM9	protein_coding	14045	7116	6930	44.9894	11.1569	12.0631
ENSG00000168619.16	ADAM18	protein_coding	1	0	1	0.0148	0.0037	0.0040
ENSG00000168621.15	GDNF	protein_coding	98	81	67	1.2009	0.2978	0.3220
ENSG00000168630.3	SPINT5P	processed_pseudogene	0	0	0	0.0000	0.0000	0.0000
ENSG00000168631.13	MUCL3	protein_coding	1	1	3	0.0100	0.0025	0.0027
ENSG00000168634.5	WFDC13	protein_coding	4	2	4	0.1680	0.0417	0.0451
ENSG00000168646.13	AXIN2	protein_coding	1573	793	780	17.0662	4.2322	4.5760
ENSG00000168653.11	NDUFS5	protein_coding	4864	2563	2301	503.3528	124.8264	134.9657
ENSG00000168658.19	VWA3B	protein_coding	68	35	33	0.4642	0.1151	0.1245
ENSG00000168661.15	ZNF30	protein_coding	371	182	189	7.6646	1.9008	2.0551
ENSG00000168671.10	UGT3A2	protein_coding	8	3	5	0.1691	0.0419	0.0453
ENSG00000168672.4	LRATD2	protein_coding	16728	9140	9224	165.4420	41.0279	44.3605
ENSG00000168675.19	LDLRAD4	protein_coding	12037	6274	6292	19.0176	4.7162	5.0993
ENSG00000168676.11	KCTD19	protein_coding	13	10	5	0.0999	0.0248	0.0268
ENSG00000168679.18	SLC16A4	protein_coding	536	302	284	9.6070	2.3824	2.5760
ENSG00000168685.15	IL7R	protein_coding	602	314	288	5.6710	1.4064	1.5206
ENSG00000168701.19	TMEM208	protein_coding	1558	787	771	49.4427	12.2613	13.2572
ENSG00000168702.18	LRP1B	protein_coding	17	6	11	0.0589	0.0146	0.0158
ENSG00000168703.5	WFDC12	protein_coding	0	0	0	0.0000	0.0000	0.0000
ENSG00000168710.18	AHCYL1	protein_coding	17936	8929	9008	202.0159	50.0979	54.1672
ENSG00000168724.17	DNAJC21	protein_coding	7278	3629	3651	43.1912	10.7110	11.5810
ENSG00000168734.14	PKIG	protein_coding	2469	1244	1266	56.7790	14.0806	15.2243
ENSG00000168743.13	NPNT	protein_coding	24892	13039	12745	230.9973	57.2850	61.9381
ENSG00000168746.8	LINC01620	lncRNA	0	0	0	0.0000	0.0000	0.0000
ENSG00000168748.14	CA7	protein_coding	4	9	8	0.1242	0.0308	0.0333
ENSG00000168754.15	FAM178B	protein_coding	62	27	35	0.9952	0.2468	0.2668
ENSG00000168757.12	TSPY2	protein_coding	0	0	0	0.0000	0.0000	0.0000
ENSG00000168758.11	SEMA4C	protein_coding	4375	2222	2153	39.6083	9.8224	10.6203
ENSG00000168763.16	CNNM3	protein_coding	2984	1795	1797	28.7451	7.1285	7.7075
ENSG00000168765.17	GSTM4	protein_coding	1558	735	823	15.4276	3.8259	4.1367
ENSG00000168769.14	TET2	protein_coding	2381	1226	1155	8.1963	2.0326	2.1977
ENSG00000168772.11	CXXC4	protein_coding	858	443	471	8.3560	2.0722	2.2405
ENSG00000168778.12	TCTN2	protein_coding	1851	1214	1152	20.5743	5.1022	5.5167
ENSG00000168779.20	SHOX2	protein_coding	698	357	361	7.8993	1.9590	2.1181
ENSG00000168781.22	PPIP5K1	protein_coding	1090	529	562	7.6550	1.8984	2.0526
ENSG00000168785.8	TSPAN5	protein_coding	2103	1035	1068	16.0903	3.9902	4.3143
ENSG00000168792.5	ABHD15	protein_coding	2632	1514	1452	42.7436	10.6000	11.4610
ENSG00000168795.5	ZBTB5	protein_coding	1473	737	736	17.8110	4.4170	4.7757
ENSG00000168802.14	CHTF8	protein_coding	22	11	11	0.3689	0.0915	0.0989
ENSG00000168803.16	ADAL	protein_coding	824	393	433	8.1495	2.0210	2.1851
ENSG00000168806.8	LCMT2	protein_coding	1272	645	629	10.4031	2.5799	2.7894
ENSG00000168807.16	SNTB2	protein_coding	3379	1655	1724	19.4049	4.8122	5.2031
ENSG00000168811.7	IL12A	protein_coding	12	7	5	0.3481	0.0863	0.0933
ENSG00000168813.17	ZNF507	protein_coding	2253	1141	1112	11.3682	2.8192	3.0482
ENSG00000168818.10	STX18	protein_coding	1806	939	902	19.1472	4.7483	5.1340
ENSG00000168824.14	NSG1	protein_coding	49	28	25	0.6381	0.1582	0.1711
ENSG00000168826.16	ZBTB49	protein_coding	287	141	146	5.6337	1.3971	1.5106
ENSG00000168827.15	GFM1	protein_coding	5694	3066	3011	27.3905	6.7926	7.3443
ENSG00000168828.5	OR13J1	protein_coding	0	0	0	0.0000	0.0000	0.0000
ENSG00000168830.8	HTR1E	protein_coding	0	0	0	0.0000	0.0000	0.0000
ENSG00000168843.14	FSTL5	protein_coding	0	0	0	0.0000	0.0000	0.0000
ENSG00000168852.13	TPTE2P5	transcribed_unprocessed_pseudogene	31	25	39	0.6335	0.1571	0.1699
ENSG00000168872.17	DDX19A	protein_coding	572	283	291	4.1338	1.0251	1.1084
ENSG00000168874.13	ATOH8	protein_coding	40	20	20	0.2440	0.0605	0.0654
ENSG00000168875.3	SOX14	protein_coding	0	0	0	0.0000	0.0000	0.0000
ENSG00000168876.9	ANKRD49	protein_coding	1200	625	575	21.4607	5.3220	5.7543
ENSG00000168878.19	SFTPB	protein_coding	0	0	0	0.0000	0.0000	0.0000
ENSG00000168883.20	USP39	protein_coding	3450	1779	1789	49.4939	12.2740	13.2710
ENSG00000168884.15	TNIP2	protein_coding	1533	753	780	32.7814	8.1295	8.7898
ENSG00000168887.11	C2orf68	protein_coding	2106	1093	1090	20.5455	5.0951	5.5089
ENSG00000168890.14	TMEM150A	protein_coding	1150	586	605	21.0716	5.2255	5.6500
ENSG00000168894.10	RNF181	protein_coding	2794	1438	1356	120.4925	29.8809	32.3081
ENSG00000168899.5	VAMP5	protein_coding	1192	585	607	85.5675	21.2199	22.9435
ENSG00000168903.9	BTNL3	protein_coding	0	0	0	0.0000	0.0000	0.0000
ENSG00000168904.15	LRRC28	protein_coding	756	401	355	4.6204	1.1458	1.2389
ENSG00000168906.13	MAT2A	protein_coding	11255	7095	7091	142.3123	35.2920	38.1587
ENSG00000168907.13	PLA2G4F	protein_coding	83	35	48	0.7712	0.1913	0.2068
ENSG00000168913.7	ENHO	protein_coding	88	90	112	4.8546	1.2039	1.3017
ENSG00000168916.15	ZNF608	protein_coding	557	272	285	4.5633	1.1317	1.2236
ENSG00000168917.9	SLC35G2	protein_coding	239	192	172	3.1645	0.7848	0.8485
ENSG00000168918.14	INPP5D	protein_coding	1467	747	720	9.5834	2.3766	2.5696
ENSG00000168924.15	LETM1	protein_coding	3309	1663	1646	23.1871	5.7502	6.2172
ENSG00000168925.12	CTRB1	protein_coding	1	1	0	0.0258	0.0064	0.0069
ENSG00000168928.13	CTRB2	protein_coding	0	0	0	0.0000	0.0000	0.0000
ENSG00000168930.13	TRIM49	protein_coding	0	0	0	0.0000	0.0000	0.0000
ENSG00000168936.11	TMEM129	protein_coding	2527	1277	1268	41.6345	10.3249	11.1636
ENSG00000168938.6	PPIC	protein_coding	4481	3087	3020	122.0545	30.2683	32.7269
ENSG00000168939.12	SPRY3	protein_coding	153	83	73	0.8216	0.2037	0.2203
ENSG00000168944.17	CEP120	protein_coding	4047	2104	1943	17.6150	4.3683	4.7232
ENSG00000168952.15	STXBP6	protein_coding	122	77	70	0.8576	0.2127	0.2300
ENSG00000168955.4	TM4SF20	protein_coding	2	1	1	0.0395	0.0098	0.0106
ENSG00000168958.20	MFF	protein_coding	3116	1685	1612	28.7331	7.1255	7.7043
ENSG00000168959.14	GRM5	protein_coding	2	5	7	0.0131	0.0032	0.0035
ENSG00000168961.17	LGALS9	protein_coding	3006	1417	1589	29.8338	7.3985	7.9994
ENSG00000168967.14	PMCHL1	transcribed_unprocessed_pseudogene	0	0	0	0.0000	0.0000	0.0000
ENSG00000168970.22	JMJD7-PLA2G4B	protein_coding	90	46	44	0.6492	0.1610	0.1741
ENSG00000168992.4	OR7E102P	unprocessed_pseudogene	7	4	3	0.3911	0.0970	0.1049
ENSG00000168993.15	CPLX1	protein_coding	255	126	130	6.1563	1.5267	1.6507
ENSG00000168994.14	PXDC1	protein_coding	1355	739	703	35.5585	8.8182	9.5344
ENSG00000168995.13	SIGLEC7	protein_coding	202	173	156	5.6072	1.3905	1.5035
ENSG00000169006.7	NTSR2	protein_coding	1	1	0	0.0354	0.0088	0.0095
ENSG00000169016.17	E2F6	protein_coding	982	497	485	13.6929	3.3957	3.6715
ENSG00000169018.6	FEM1B	protein_coding	9061	4542	4557	67.3989	16.7142	18.0719
ENSG00000169019.11	COMMD8	protein_coding	668	383	370	21.5485	5.3438	5.7779
ENSG00000169020.10	ATP5ME	protein_coding	459	2070	2067	27.9291	6.9261	7.4887
ENSG00000169021.6	UQCRFS1	protein_coding	3339	1727	1612	61.3592	15.2165	16.4525
ENSG00000169026.13	SLC49A3	protein_coding	223	200	194	5.1117	1.2676	1.3706
ENSG00000169031.20	COL4A3	protein_coding	3	8	3	0.0188	0.0047	0.0050
ENSG00000169032.10	MAP2K1	protein_coding	3492	2365	2410	66.6547	16.5297	17.8724
ENSG00000169035.12	KLK7	protein_coding	28	15	13	0.6486	0.1609	0.1739
ENSG00000169040.14	PMCHL2	transcribed_unprocessed_pseudogene	3	0	3	0.0596	0.0148	0.0160
ENSG00000169045.17	HNRNPH1	protein_coding	26058	13182	12882	155.8806	38.6568	41.7968
ENSG00000169047.5	IRS1	protein_coding	13650	6819	6872	77.7747	19.2873	20.8540
ENSG00000169057.24	MECP2	protein_coding	5372	2721	2652	16.0348	3.9765	4.2995
ENSG00000169059.12	VCX3A	protein_coding	2	1	1	0.1140	0.0283	0.0306
ENSG00000169062.15	UPF3A	protein_coding	1235	614	621	12.1697	3.0180	3.2631
ENSG00000169064.13	ZBBX	protein_coding	2	0	2	0.0248	0.0062	0.0067
ENSG00000169067.4	ACTBL2	protein_coding	4	1	3	0.0812	0.0201	0.0218
ENSG00000169071.15	ROR2	protein_coding	4318	2187	2131	41.6452	10.3276	11.1665
ENSG00000169075.7	BRD7P3	processed_pseudogene	0	0	0	0.0000	0.0000	0.0000
ENSG00000169083.18	AR	protein_coding	11211	5523	5688	49.6002	12.3004	13.2995
ENSG00000169084.15	DHRSX	protein_coding	1832	936	896	28.6363	7.1015	7.6784
ENSG00000169084.15_PAR_Y	DHRSX	protein_coding	0	0	0	0.0000	0.0000	0.0000
ENSG00000169085.13	VXN	protein_coding	14	8	6	0.1667	0.0413	0.0447
ENSG00000169087.11	HSPBAP1	protein_coding	653	316	337	6.8010	1.6866	1.8236
ENSG00000169093.16	ASMTL	protein_coding	2163	1342	1414	34.9868	8.6764	9.3811
ENSG00000169093.16_PAR_Y	ASMTL	protein_coding	0	0	0	0.0000	0.0000	0.0000
ENSG00000169100.14	SLC25A6	protein_coding	21174	10450	10734	773.1983	191.7454	207.3203
ENSG00000169100.14_PAR_Y	SLC25A6	protein_coding	0	0	0	0.0000	0.0000	0.0000
ENSG00000169105.8	CHST14	protein_coding	2287	1149	1138	59.6302	14.7877	15.9888
ENSG00000169116.11	PARM1	protein_coding	1168	591	577	13.1580	3.2630	3.5281
ENSG00000169118.18	CSNK1G1	protein_coding	2525	1303	1222	14.8880	3.6921	3.9920
ENSG00000169122.11	FAM110B	protein_coding	2784	1480	1450	31.9402	7.9209	8.5642
ENSG00000169126.16	ARMC4	protein_coding	13	6	7	0.1165	0.0289	0.0312
ENSG00000169129.15	AFAP1L2	protein_coding	5620	2786	2835	55.0544	13.6529	14.7619
ENSG00000169131.13	ZNF354A	protein_coding	1576	780	798	29.9514	7.4276	8.0310
ENSG00000169136.12	ATF5	protein_coding	2690	1661	1713	52.7489	13.0812	14.1437
ENSG00000169139.12	UBE2V2	protein_coding	6842	3515	3327	58.8696	14.5991	15.7849
ENSG00000169154.7	GOT1L1	protein_coding	0	0	0	0.0000	0.0000	0.0000
ENSG00000169155.10	ZBTB43	protein_coding	1391	700	691	11.1860	2.7740	2.9993
ENSG00000169164.7	AL159987.1	transcribed_unprocessed_pseudogene	0	0	0	0.0000	0.0000	0.0000
ENSG00000169169.15	CPT1C	protein_coding	176	88	88	1.7021	0.4221	0.4564
ENSG00000169174.11	PCSK9	protein_coding	39	20	19	0.3873	0.0960	0.1038
ENSG00000169180.12	XPO6	protein_coding	6763	3347	3416	53.9195	13.3715	14.4576
ENSG00000169181.13	GSG1L	protein_coding	56	28	28	0.5854	0.1452	0.1570
ENSG00000169184.6	MN1	protein_coding	2092	1042	1050	14.9210	3.7003	4.0008
ENSG00000169188.5	APEX2	protein_coding	2553	1234	1320	44.6992	11.0849	11.9853
ENSG00000169189.17	NSMCE1	protein_coding	4222	2184	2049	63.9331	15.8548	17.1426
ENSG00000169193.12	CCDC126	protein_coding	747	369	378	11.9431	2.9618	3.2024
ENSG00000169194.9	IL13	protein_coding	1	0	1	0.0196	0.0049	0.0053
ENSG00000169203.16	NPIPB12	protein_coding	10	4	6	0.1309	0.0325	0.0351
ENSG00000169208.3	OR10G3	protein_coding	0	0	0	0.0000	0.0000	0.0000
ENSG00000169213.7	RAB3B	protein_coding	113	56	57	0.5014	0.1243	0.1344
ENSG00000169214.4	OR6F1	protein_coding	0	0	0	0.0000	0.0000	0.0000
ENSG00000169217.9	CD2BP2	protein_coding	6627	3371	3257	101.2165	25.1007	27.1395
ENSG00000169218.14	RSPO1	protein_coding	1225	644	581	22.7174	5.6337	6.0913
ENSG00000169220.18	RGS14	protein_coding	827	434	393	12.6583	3.1391	3.3941
ENSG00000169221.14	TBC1D10B	protein_coding	3954	2122	2110	32.3613	8.0253	8.6771
ENSG00000169223.15	LMAN2	protein_coding	9329	4733	4598	244.0255	60.5159	65.4314
ENSG00000169224.13	GCSAML	protein_coding	115	58	65	1.3935	0.3456	0.3736
ENSG00000169228.14	RAB24	protein_coding	79	42	37	2.1695	0.5380	0.5817
ENSG00000169230.10	PRELID1	protein_coding	1319	3841	3705	40.6524	10.0814	10.9003
ENSG00000169231.13	THBS3	protein_coding	1743	1759	1709	21.3812	5.3023	5.7330
ENSG00000169239.13	CA5B	protein_coding	879	592	538	5.8493	1.4506	1.5684
ENSG00000169241.19	SLC50A1	protein_coding	3532	1820	1713	85.5981	21.2275	22.9517
ENSG00000169242.12	EFNA1	protein_coding	3180	1616	1564	83.2969	20.6568	22.3347
ENSG00000169245.6	CXCL10	protein_coding	3180	1600	1580	153.4789	38.0612	41.1528
ENSG00000169246.16	NPIPB3	protein_coding	77	42	35	0.9257	0.2296	0.2482
ENSG00000169247.14	SH3TC2	protein_coding	132	71	62	0.1964	0.0487	0.0527
ENSG00000169248.13	CXCL11	protein_coding	1094	530	564	34.8348	8.6387	9.3404
ENSG00000169249.13	ZRSR2	protein_coding	1123	542	581	30.6622	7.6039	8.2215
ENSG00000169251.13	NMD3	protein_coding	5876	2935	2996	68.4387	16.9721	18.3507
ENSG00000169252.6	ADRB2	protein_coding	108	52	56	3.0426	0.7545	0.8158
ENSG00000169253.3	AL669983.1	processed_pseudogene	2	1	1	0.3567	0.0884	0.0956
ENSG00000169255.15	B3GALNT1	protein_coding	3501	1817	1739	25.4019	6.2994	6.8111
ENSG00000169258.7	GPRIN1	protein_coding	454	212	274	6.0809	1.5080	1.6305
ENSG00000169271.3	HSPB3	protein_coding	0	0	0	0.0000	0.0000	0.0000
ENSG00000169282.18	KCNAB1	protein_coding	548	310	315	4.5554	1.1297	1.2215
ENSG00000169288.18	MRPL1	protein_coding	1011	494	517	35.2173	8.7335	9.4429
ENSG00000169291.10	SHE	protein_coding	218	141	112	1.4145	0.3508	0.3793
ENSG00000169297.8	NR0B1	protein_coding	0	0	0	0.0000	0.0000	0.0000
ENSG00000169299.14	PGM2	protein_coding	2135	1053	1082	32.9279	8.1658	8.8291
ENSG00000169302.16	STK32A	protein_coding	35	18	17	0.2507	0.0622	0.0672
ENSG00000169306.10	IL1RAPL1	protein_coding	0	0	0	0.0000	0.0000	0.0000
ENSG00000169313.10	P2RY12	protein_coding	39	24	20	0.9464	0.2347	0.2538
ENSG00000169314.15	C22orf15	protein_coding	2	69	69	0.0535	0.0133	0.0144
ENSG00000169325.10	GUSBP12	unprocessed_pseudogene	0	0	0	0.0000	0.0000	0.0000
ENSG00000169327.5	OR5AU1	protein_coding	1	0	1	0.0067	0.0017	0.0018
ENSG00000169330.9	MINAR1	protein_coding	326	167	159	2.6433	0.6555	0.7088
ENSG00000169340.10	PDILT	protein_coding	1	1	0	0.0250	0.0062	0.0067
ENSG00000169344.15	UMOD	protein_coding	1	1	0	0.0166	0.0041	0.0045
ENSG00000169347.17	GP2	protein_coding	14	6	8	0.1962	0.0487	0.0526
ENSG00000169359.16	SLC33A1	protein_coding	1895	967	929	10.7037	2.6544	2.8700
ENSG00000169371.14	SNUPN	protein_coding	513	275	284	8.2742	2.0519	2.2186
ENSG00000169372.13	CRADD	protein_coding	758	398	361	10.0529	2.4930	2.6955
ENSG00000169375.16	SIN3A	protein_coding	6664	3260	3521	30.3473	7.5258	8.1371
ENSG00000169379.16	ARL13B	protein_coding	1049	496	556	14.2864	3.5429	3.8307
ENSG00000169385.3	RNASE2	protein_coding	42	16	26	3.3081	0.8204	0.8870
ENSG00000169393.9	ELSPBP1	protein_coding	6	3	3	0.2974	0.0738	0.0798
ENSG00000169397.3	RNASE3	protein_coding	1	0	1	0.0788	0.0195	0.0211
ENSG00000169398.19	PTK2	protein_coding	11812	5931	5881	48.7453	12.0883	13.0702
ENSG00000169402.15	RSPH10B2	protein_coding	2	74	65	0.0227	0.0056	0.0061
ENSG00000169403.12	PTAFR	protein_coding	1895	945	950	25.5384	6.3333	6.8477
ENSG00000169410.10	PTPN9	protein_coding	3397	1652	1745	22.2504	5.5179	5.9661
ENSG00000169413.3	RNASE6	protein_coding	2015	980	1035	135.3917	33.5758	36.3030
ENSG00000169418.10	NPR1	protein_coding	390	186	204	4.4663	1.1076	1.1976
ENSG00000169427.8	KCNK9	protein_coding	10	4	6	0.0836	0.0207	0.0224
ENSG00000169429.11	CXCL8	protein_coding	761	398	363	19.2748	4.7800	5.1682
ENSG00000169432.18	SCN9A	protein_coding	43	26	24	0.1749	0.0434	0.0469
ENSG00000169435.14	RASSF6	protein_coding	43	17	26	0.3678	0.0912	0.0986
ENSG00000169436.17	COL22A1	protein_coding	324	170	154	2.3362	0.5793	0.6264
ENSG00000169439.12	SDC2	protein_coding	12113	6226	5887	168.1998	41.7118	45.1000
ENSG00000169442.9	CD52	protein_coding	313	219	210	19.0045	4.7129	5.0957
ENSG00000169446.5	MMGT1	protein_coding	3196	1630	1633	48.4872	12.0243	13.0010
ENSG00000169469.9	SPRR1B	protein_coding	0	0	0	0.0000	0.0000	0.0000
ENSG00000169474.4	SPRR1A	protein_coding	0	0	0	0.0000	0.0000	0.0000
ENSG00000169484.4	OR4K14	protein_coding	0	0	0	0.0000	0.0000	0.0000
ENSG00000169488.6	OR4K15	protein_coding	0	0	0	0.0000	0.0000	0.0000
ENSG00000169490.17	TM2D2	protein_coding	5142	2647	2496	65.7503	16.3054	17.6299
ENSG00000169495.5	HTRA4	protein_coding	27	13	14	0.7535	0.1869	0.2020
ENSG00000169499.15	PLEKHA2	protein_coding	1568	969	972	14.0520	3.4848	3.7678
ENSG00000169504.15	CLIC4	protein_coding	35102	17686	17417	445.6310	110.5120	119.4885
ENSG00000169507.9	SLC38A11	protein_coding	45	24	26	0.4596	0.1140	0.1232
ENSG00000169508.7	GPR183	protein_coding	769	362	407	25.8813	6.4183	6.9396
ENSG00000169509.6	CRCT1	protein_coding	0	0	0	0.0000	0.0000	0.0000
ENSG00000169515.8	CCDC8	protein_coding	1383	697	686	24.2367	6.0105	6.4987
ENSG00000169519.21	METTL15	protein_coding	1680	821	859	12.2490	3.0376	3.2844
ENSG00000169548.3	ZNF280A	protein_coding	1	1	0	0.0264	0.0065	0.0071
ENSG00000169550.14	MUC15	protein_coding	16	9	8	0.2530	0.0627	0.0678
ENSG00000169551.13	CT55	protein_coding	2	2	0	0.0656	0.0163	0.0176
ENSG00000169554.22	ZEB2	protein_coding	4928	2465	2536	10.7030	2.6542	2.8698
ENSG00000169562.13	GJB1	protein_coding	0	0	0	0.0000	0.0000	0.0000
ENSG00000169564.7	PCBP1	protein_coding	119	9898	9628	3.9076	0.9691	1.0478
ENSG00000169567.13	HINT1	protein_coding	21243	10629	10614	169.2456	41.9712	45.3804
ENSG00000169570.10	DTWD2	protein_coding	1466	730	736	14.1702	3.5141	3.7995
ENSG00000169575.5	VPREB1	protein_coding	0	0	0	0.0000	0.0000	0.0000
ENSG00000169583.13	CLIC3	protein_coding	94	49	45	5.5013	1.3643	1.4751
ENSG00000169592.15	INO80E	protein_coding	1560	1074	1055	15.6441	3.8796	4.1947
ENSG00000169594.13	BNC1	protein_coding	9	6	3	0.1064	0.0264	0.0285
ENSG00000169598.17	DFFB	protein_coding	327	181	149	4.7918	1.1883	1.2848
ENSG00000169599.13	NFU1	protein_coding	1309	660	649	40.4762	10.0377	10.8530
ENSG00000169604.20	ANTXR1	protein_coding	60349	30182	30167	418.1806	103.7046	112.1282
ENSG00000169605.7	GKN1	protein_coding	1	0	1	0.0491	0.0122	0.0132
ENSG00000169607.13	CKAP2L	protein_coding	515	293	299	5.3451	1.3255	1.4332
ENSG00000169609.14	C15orf40	protein_coding	777	656	675	3.1703	0.7862	0.8501
ENSG00000169612.4	RAMAC	protein_coding	231	385	400	8.3706	2.0758	2.2444
ENSG00000169618.7	PROKR1	protein_coding	1	0	1	0.0132	0.0033	0.0035
ENSG00000169621.10	APLF	protein_coding	190	88	102	1.5125	0.3751	0.4055
ENSG00000169627.9	BOLA2B	protein_coding	24	18	6	0.9956	0.2469	0.2670
ENSG00000169629.12	RGPD8	protein_coding	127	72	55	0.8366	0.2075	0.2243
ENSG00000169635.10	HIC2	protein_coding	415	217	198	3.2453	0.8048	0.8702
ENSG00000169641.13	LUZP1	protein_coding	3286	1616	1670	19.2948	4.7849	5.1736
ENSG00000169660.17	HEXD	protein_coding	1251	661	688	15.6230	3.8744	4.1891
ENSG00000169662.8	BCRP6	unprocessed_pseudogene	0	0	0	0.0000	0.0000	0.0000
ENSG00000169668.11	BCRP2	transcribed_unprocessed_pseudogene	11	5	13	0.1145	0.0284	0.0307
ENSG00000169676.6	DRD5	protein_coding	0	0	0	0.0000	0.0000	0.0000
ENSG00000169679.15	BUB1	protein_coding	731	381	350	6.5760	1.6308	1.7632
ENSG00000169682.18	SPNS1	protein_coding	38	33	26	0.5683	0.1409	0.1524
ENSG00000169683.8	LRRC45	protein_coding	961	469	496	15.1258	3.7510	4.0557
ENSG00000169684.13	CHRNA5	protein_coding	15	29	24	0.2348	0.0582	0.0630
ENSG00000169688.11	MT1B	protein_coding	0	0	0	0.0000	0.0000	0.0000
ENSG00000169689.15	CENPX	protein_coding	1749	798	956	64.7849	16.0660	17.3710
ENSG00000169692.13	AGPAT2	protein_coding	1971	966	1005	61.0127	15.1305	16.3596
ENSG00000169696.16	ASPSCR1	protein_coding	1790	914	877	8.3914	2.0810	2.2500
ENSG00000169704.5	GP9	protein_coding	0	0	0	0.0000	0.0000	0.0000
ENSG00000169710.9	FASN	protein_coding	33769	17047	16725	205.4543	50.9506	55.0891
ENSG00000169714.17	CNBP	protein_coding	26277	13350	12927	415.7835	103.1101	111.4854
ENSG00000169715.15	MT1E	protein_coding	559	255	304	30.1339	7.4729	8.0799
ENSG00000169717.7	ACTRT2	protein_coding	0	0	0	0.0000	0.0000	0.0000
ENSG00000169718.18	DUS1L	protein_coding	3600	1811	1796	34.0317	8.4395	9.1250
ENSG00000169727.12	GPS1	protein_coding	8210	4247	4325	75.6440	18.7590	20.2827
ENSG00000169733.12	RFNG	protein_coding	1943	1158	1140	28.5090	7.0700	7.6442
ENSG00000169738.8	DCXR	protein_coding	3842	1944	1898	115.9551	28.7557	31.0914
ENSG00000169740.14	ZNF32	protein_coding	1089	876	923	42.2994	10.4898	11.3419
ENSG00000169744.13	LDB2	protein_coding	780	499	436	8.1089	2.0109	2.1743
ENSG00000169750.9	RAC3	protein_coding	888	444	446	34.1877	8.4782	9.1669
ENSG00000169752.17	NRG4	protein_coding	13	74	84	0.1469	0.0364	0.0394
ENSG00000169756.16	LIMS1	protein_coding	8470	4275	4195	61.8110	15.3285	16.5736
ENSG00000169758.13	TMEM266	protein_coding	84	40	53	0.9261	0.2297	0.2483
ENSG00000169760.17	NLGN1	protein_coding	7	3	4	0.0391	0.0097	0.0105
ENSG00000169762.17	TAPT1	protein_coding	1691	894	797	12.3610	3.0654	3.3144
ENSG00000169763.15	PRYP3	protein_coding	0	0	0	0.0000	0.0000	0.0000
ENSG00000169764.16	UGP2	protein_coding	8860	4390	4472	73.9877	18.3482	19.8386
ENSG00000169777.6	TAS2R1	protein_coding	1	1	0	0.0328	0.0081	0.0088
ENSG00000169783.13	LINGO1	protein_coding	330	147	183	3.5151	0.8717	0.9425
ENSG00000169789.10	PRY	protein_coding	0	0	0	0.0000	0.0000	0.0000
ENSG00000169800.14	RBMY1F	protein_coding	0	0	0	0.0000	0.0000	0.0000
ENSG00000169807.10	PRY2	protein_coding	0	0	0	0.0000	0.0000	0.0000
ENSG00000169811.8	RBMY1HP	unprocessed_pseudogene	0	0	0	0.0000	0.0000	0.0000
ENSG00000169813.16	HNRNPF	protein_coding	22370	11477	10893	389.9791	96.7109	104.5664
ENSG00000169814.16	BTD	protein_coding	2385	1583	1577	7.9082	1.9611	2.1204
ENSG00000169826.8	CSGALNACT2	protein_coding	4841	2448	2393	72.9171	18.0827	19.5515
ENSG00000169836.5	TACR3	protein_coding	61	33	28	0.6455	0.1601	0.1731
ENSG00000169840.5	GSX1	protein_coding	0	0	0	0.0000	0.0000	0.0000
ENSG00000169849.8	TSPY14P	unprocessed_pseudogene	0	0	0	0.0000	0.0000	0.0000
ENSG00000169851.15	PCDH7	protein_coding	3895	2140	2051	18.0329	4.4720	4.8352
ENSG00000169855.20	ROBO1	protein_coding	2991	1543	1448	15.3377	3.8036	4.1125
ENSG00000169856.9	ONECUT1	protein_coding	1	0	1	0.0093	0.0023	0.0025
ENSG00000169857.9	AVEN	protein_coding	750	378	382	10.6198	2.6336	2.8475
ENSG00000169860.7	P2RY1	protein_coding	211	100	111	1.8966	0.4703	0.5085
ENSG00000169862.19	CTNND2	protein_coding	4029	1980	2049	31.4284	7.7939	8.4270
ENSG00000169871.13	TRIM56	protein_coding	8033	4060	3973	40.9264	10.1493	10.9737
ENSG00000169876.14	MUC17	protein_coding	0	1	0	0.0000	0.0000	0.0000
ENSG00000169877.10	AHSP	protein_coding	1	1	0	0.1078	0.0267	0.0289
ENSG00000169884.14	WNT10B	protein_coding	14	6	8	0.3052	0.0757	0.0818
ENSG00000169885.10	CALML6	protein_coding	7	5	3	0.1946	0.0483	0.0522
ENSG00000169891.18	REPS2	protein_coding	6067	3068	2999	30.3510	7.5268	8.1381
ENSG00000169894.18	MUC3A	protein_coding	9	6	5	0.0448	0.0111	0.0120
ENSG00000169895.6	SYAP1	protein_coding	8214	4235	3979	72.3092	17.9319	19.3885
ENSG00000169896.18	ITGAM	protein_coding	1619	838	781	16.1416	4.0030	4.3281
ENSG00000169900.8	PYDC1	protein_coding	0	0	0	0.0000	0.0000	0.0000
ENSG00000169902.15	TPST1	protein_coding	1962	986	976	39.6667	9.8369	10.6360
ENSG00000169903.7	TM4SF4	protein_coding	0	0	0	0.0000	0.0000	0.0000
ENSG00000169905.13	TOR1AIP2	protein_coding	5568	2809	2759	16.7282	4.1484	4.4854
ENSG00000169906.5	S100G	protein_coding	37	21	16	4.6116	1.1436	1.2365
ENSG00000169908.12	TM4SF1	protein_coding	3712	1858	1855	60.2310	14.9367	16.1499
ENSG00000169914.6	OTUD3	protein_coding	1228	613	616	10.1147	2.5083	2.7121
ENSG00000169918.10	OTUD7A	protein_coding	411	199	212	1.6240	0.4027	0.4355
ENSG00000169919.17	GUSB	protein_coding	4992	2412	2580	72.7193	18.0336	19.4985
ENSG00000169925.17	BRD3	protein_coding	2495	1795	1775	20.5507	5.0964	5.5103
ENSG00000169926.11	KLF13	protein_coding	4726	2345	2381	28.4242	7.0489	7.6215
ENSG00000169933.16	FRMPD4	protein_coding	4	3	1	0.0228	0.0056	0.0061
ENSG00000169946.14	ZFPM2	protein_coding	1241	625	618	8.7577	2.1718	2.3482
ENSG00000169951.10	ZNF764	protein_coding	608	302	307	11.5355	2.8607	3.0931
ENSG00000169953.12	HSFY2	protein_coding	0	0	0	0.0000	0.0000	0.0000
ENSG00000169955.7	ZNF747	protein_coding	1136	613	568	16.3675	4.0590	4.3887
ENSG00000169957.10	ZNF768	protein_coding	2544	1244	1302	60.8992	15.1024	16.3291
ENSG00000169962.5	TAS1R3	protein_coding	18	12	14	0.2937	0.0728	0.0788
ENSG00000169964.8	TMEM42	protein_coding	728	375	353	13.4435	3.3338	3.6046
ENSG00000169967.16	MAP3K2	protein_coding	7565	3959	3942	37.2794	9.2449	9.9958
ENSG00000169972.12	PUSL1	protein_coding	355	316	310	8.1871	2.0303	2.1952
ENSG00000169976.7	SF3B5	protein_coding	2904	1459	1445	238.6750	59.1890	63.9967
ENSG00000169981.11	ZNF35	protein_coding	603	287	316	12.8654	3.1905	3.4496
ENSG00000169989.3	TIGD4	protein_coding	90	48	42	2.0935	0.5192	0.5613
ENSG00000169991.11	IFFO2	protein_coding	1274	617	657	11.6926	2.8996	3.1352
ENSG00000169992.10	NLGN2	protein_coding	2732	1324	1408	27.1002	6.7206	7.2665
ENSG00000169994.18	MYO7B	protein_coding	8	4	4	0.0516	0.0128	0.0138
ENSG00000170004.17	CHD3	protein_coding	12135	5987	6149	66.5869	16.5129	17.8542
ENSG00000170006.12	TMEM154	protein_coding	723	365	358	3.5847	0.8890	0.9612
ENSG00000170011.14	MYRIP	protein_coding	61	29	35	0.5895	0.1462	0.1581
ENSG00000170017.12	ALCAM	protein_coding	26953	13474	13479	212.9132	52.8003	57.0891
ENSG00000170027.7	YWHAG	protein_coding	17621	8689	8932	269.7129	66.8861	72.3190
ENSG00000170035.16	UBE2E3	protein_coding	1717	877	845	32.7408	8.1194	8.7789
ENSG00000170037.14	CNTROB	protein_coding	2054	1080	976	18.6790	4.6322	5.0085
ENSG00000170043.12	TRAPPC1	protein_coding	2015	1009	1008	97.5838	24.1998	26.1655
ENSG00000170044.8	ZPLD1	protein_coding	141	72	69	1.5587	0.3865	0.4179
ENSG00000170049.9	KCNAB3	protein_coding	32	16	16	0.3962	0.0983	0.1062
ENSG00000170054.16	SERPINA9	protein_coding	47	33	26	1.0408	0.2581	0.2791
ENSG00000170074.19	FAM153A	protein_coding	4	2	2	0.0266	0.0066	0.0071
ENSG00000170075.9	GPR37L1	protein_coding	9	122	112	0.0782	0.0194	0.0210
ENSG00000170085.18	SIMC1	protein_coding	289	143	147	2.9605	0.7342	0.7938
ENSG00000170088.14	TMEM192	protein_coding	2228	1120	1109	12.4091	3.0773	3.3273
ENSG00000170089.15	AC106795.1	transcribed_unprocessed_pseudogene	204	105	99	3.0033	0.7448	0.8053
ENSG00000170091.11	NSG2	protein_coding	31	14	17	0.4573	0.1134	0.1226
ENSG00000170092.14	SPDYE5	protein_coding	23	11	13	0.3923	0.0973	0.1052
ENSG00000170099.6	SERPINA6	protein_coding	257	120	137	7.8909	1.9569	2.1158
ENSG00000170100.14	ZNF778	protein_coding	391	233	225	1.9548	0.4848	0.5242
ENSG00000170113.16	NIPA1	protein_coding	2107	1019	1088	13.7564	3.4114	3.6885
ENSG00000170122.5	FOXD4	protein_coding	14	7	7	0.4022	0.0997	0.1078
ENSG00000170128.5	GPR25	protein_coding	2	0	2	0.0947	0.0235	0.0254
ENSG00000170142.12	UBE2E1	protein_coding	1883	3197	3194	31.9142	7.9144	8.5573
ENSG00000170144.21	HNRNPA3	protein_coding	19642	9920	9728	166.9761	41.4084	44.7719
ENSG00000170145.5	SIK2	protein_coding	2000	1045	1018	11.6448	2.8878	3.1223
ENSG00000170152.5	AL391987.1	protein_coding	0	1	0	0.0000	0.0000	0.0000
ENSG00000170153.11	RNF150	protein_coding	568	322	246	2.9251	0.7254	0.7843
ENSG00000170160.17	CCDC144A	protein_coding	42	29	13	0.1530	0.0379	0.0410
ENSG00000170161.7	AL512625.1	lncRNA	29	21	20	0.6009	0.1490	0.1611
ENSG00000170162.14	VGLL2	protein_coding	3	1	2	0.0763	0.0189	0.0204
ENSG00000170166.6	HOXD4	protein_coding	48	19	29	2.3962	0.5942	0.6425
ENSG00000170175.11	CHRNB1	protein_coding	511	253	258	6.6895	1.6589	1.7937
ENSG00000170178.7	HOXD12	protein_coding	3	1	2	0.0660	0.0164	0.0177
ENSG00000170180.22	GYPA	protein_coding	0	0	0	0.0000	0.0000	0.0000
ENSG00000170185.10	USP38	protein_coding	3735	1886	1849	27.0479	6.7076	7.2524
ENSG00000170190.16	SLC16A5	protein_coding	1234	582	652	22.6546	5.6181	6.0745
ENSG00000170191.5	NANP	protein_coding	776	356	420	11.5716	2.8696	3.1027
ENSG00000170209.5	ANKK1	protein_coding	54	27	27	1.1742	0.2912	0.3148
ENSG00000170214.5	ADRA1B	protein_coding	19	13	6	0.3424	0.0849	0.0918
ENSG00000170222.12	ADPRM	protein_coding	480	253	227	13.9953	3.4707	3.7526
ENSG00000170231.16	FABP6	protein_coding	2	1	1	0.1042	0.0259	0.0280
ENSG00000170234.13	PWWP2A	protein_coding	1909	962	947	16.5610	4.1070	4.4406
ENSG00000170236.16	USP50	protein_coding	24	684	722	0.3431	0.0851	0.0920
ENSG00000170242.19	USP47	protein_coding	6275	4474	4292	25.9332	6.4312	6.9536
ENSG00000170248.15	PDCD6IP	protein_coding	17042	8503	8552	109.5874	27.1766	29.3840
ENSG00000170255.7	MRGPRX1	protein_coding	0	0	0	0.0000	0.0000	0.0000
ENSG00000170260.9	ZNF212	protein_coding	1165	593	572	20.7824	5.1538	5.5724
ENSG00000170262.13	MRAP	protein_coding	2	114	123	0.0846	0.0210	0.0227
ENSG00000170264.13	FAM161A	protein_coding	311	150	161	3.3543	0.8318	0.8994
ENSG00000170265.12	ZNF282	protein_coding	1968	984	984	29.6743	7.3589	7.9567
ENSG00000170266.16	GLB1	protein_coding	5887	2946	2944	77.0131	19.0985	20.6498
ENSG00000170270.5	GON7	protein_coding	947	472	475	47.7372	11.8383	12.7999
ENSG00000170271.11	FAXDC2	protein_coding	677	393	423	5.5417	1.3743	1.4859
ENSG00000170275.15	CRTAP	protein_coding	14530	7672	7625	123.7231	30.6821	33.1743
ENSG00000170276.6	HSPB2	protein_coding	0	0	0	0.0000	0.0000	0.0000
ENSG00000170279.3	C7orf33	protein_coding	3	2	1	0.1476	0.0366	0.0396
ENSG00000170289.12	CNGB3	protein_coding	5	4	1	0.0564	0.0140	0.0151
ENSG00000170290.4	SLN	protein_coding	27	15	12	1.6900	0.4191	0.4532
ENSG00000170291.15	ELP5	protein_coding	1354	841	798	27.7404	6.8793	7.4381
ENSG00000170293.9	CMTM8	protein_coding	623	320	303	30.1968	7.4885	8.0968
ENSG00000170296.10	GABARAP	protein_coding	7	81	103	0.2035	0.0505	0.0546
ENSG00000170298.15	LGALS9B	protein_coding	15	9	6	0.3186	0.0790	0.0854
ENSG00000170310.15	STX8	protein_coding	1510	762	748	24.7850	6.1464	6.6457
ENSG00000170312.16	CDK1	protein_coding	2208	1100	1108	31.8534	7.8993	8.5410
ENSG00000170315.14	UBB	protein_coding	10766	18565	18705	389.6232	96.6226	104.4710
ENSG00000170322.14	NFRKB	protein_coding	1394	688	706	12.4789	3.0946	3.3460
ENSG00000170323.9	FABP4	protein_coding	28	13	15	1.1599	0.2876	0.3110
ENSG00000170324.21	FRMPD2	protein_coding	16	6	10	0.1053	0.0261	0.0282
ENSG00000170325.15	PRDM10	protein_coding	829	429	401	7.0952	1.7595	1.9025
ENSG00000170340.11	B3GNT2	protein_coding	3456	1778	1678	68.5518	17.0002	18.3810
ENSG00000170345.10	FOS	protein_coding	10314	5158	5158	183.5865	45.5276	49.2257
ENSG00000170348.9	TMED10	protein_coding	30711	15492	15220	351.4165	87.1477	94.2265
ENSG00000170356.9	OR2A20P	transcribed_unprocessed_pseudogene	49	18	36	0.7894	0.1958	0.2117
ENSG00000170364.12	SETMAR	protein_coding	1277	637	640	20.3024	5.0348	5.4437
ENSG00000170365.10	SMAD1	protein_coding	2561	1539	1602	20.4728	5.0771	5.4894
ENSG00000170367.5	CST5	protein_coding	1300	659	641	97.6463	24.2153	26.1822
ENSG00000170369.4	CST2	protein_coding	105	55	50	7.9820	1.9794	2.1402
ENSG00000170370.12	EMX2	protein_coding	148	71	82	2.5738	0.6383	0.6901
ENSG00000170373.8	CST1	protein_coding	80	41	39	5.2027	1.2902	1.3950
ENSG00000170374.6	SP7	protein_coding	3	1	2	0.0502	0.0125	0.0135
ENSG00000170379.20	TCAF2	protein_coding	399	186	214	3.5305	0.8755	0.9467
ENSG00000170381.14	SEMA3E	protein_coding	222	120	102	1.4899	0.3695	0.3995
ENSG00000170382.12	LRRN2	protein_coding	1642	790	854	16.3767	4.0613	4.3911
ENSG00000170385.10	SLC30A1	protein_coding	10292	5179	5113	99.0428	24.5616	26.5567
ENSG00000170390.16	DCLK2	protein_coding	823	432	391	10.5689	2.6210	2.8339
ENSG00000170396.9	ZNF804A	protein_coding	33	23	11	0.4134	0.1025	0.1108
ENSG00000170409.7	AC091390.1	unprocessed_pseudogene	10	5	5	1.7133	0.4249	0.4594
ENSG00000170412.18	GPRC5C	protein_coding	191	109	82	1.4377	0.3565	0.3855
ENSG00000170417.16	TMEM182	protein_coding	155	75	80	1.4448	0.3583	0.3874
ENSG00000170419.11	VSTM2A	protein_coding	0	0	0	0.0000	0.0000	0.0000
ENSG00000170421.12	KRT8	protein_coding	155749	85774	96988	1283.6102	318.3224	344.1787
ENSG00000170423.13	KRT78	protein_coding	0	0	0	0.0000	0.0000	0.0000
ENSG00000170425.3	ADORA2B	protein_coding	592	278	314	13.1604	3.2637	3.5288
ENSG00000170426.2	SDR9C7	protein_coding	4	2	2	0.1268	0.0314	0.0340
ENSG00000170430.10	MGMT	protein_coding	2373	1192	1181	20.6179	5.1130	5.5283
ENSG00000170439.7	METTL7B	protein_coding	38	14	31	1.5684	0.3889	0.4205
ENSG00000170442.12	KRT86	protein_coding	17	13	17	0.3977	0.0986	0.1066
ENSG00000170445.16	HARS1	protein_coding	5590	3177	3144	22.3955	5.5539	6.0050
ENSG00000170448.12	NFXL1	protein_coding	698	426	453	8.8081	2.1843	2.3617
ENSG00000170454.6	KRT75	protein_coding	53	23	36	1.3851	0.3435	0.3714
ENSG00000170456.16	DENND5B	protein_coding	1976	992	984	9.8765	2.4493	2.6482
ENSG00000170458.14	CD14	protein_coding	9430	4678	4753	324.4994	80.4726	87.0091
ENSG00000170464.10	DNAJC18	protein_coding	1449	717	732	12.6459	3.1360	3.3908
ENSG00000170465.10	KRT6C	protein_coding	0	0	0	0.0000	0.0000	0.0000
ENSG00000170468.8	RIOX1	protein_coding	675	476	411	15.5480	3.8558	4.1689
ENSG00000170469.11	SPATA24	protein_coding	284	155	129	13.3657	3.3146	3.5838
ENSG00000170471.15	RALGAPB	protein_coding	14966	7480	7486	67.1935	16.6633	18.0168
ENSG00000170473.17	PYM1	protein_coding	1732	885	889	40.8236	10.1239	10.9462
ENSG00000170476.16	MZB1	protein_coding	200	112	88	4.9615	1.2304	1.3303
ENSG00000170477.13	KRT4	protein_coding	8	5	3	0.1577	0.0391	0.0423
ENSG00000170482.17	SLC23A1	protein_coding	88	40	49	1.5581	0.3864	0.4178
ENSG00000170484.10	KRT74	protein_coding	0	0	0	0.0000	0.0000	0.0000
ENSG00000170485.17	NPAS2	protein_coding	338	229	248	1.5329	0.3802	0.4110
ENSG00000170486.11	KRT72	protein_coding	0	0	0	0.0000	0.0000	0.0000
ENSG00000170498.9	KISS1	protein_coding	2	2	0	0.1589	0.0394	0.0426
ENSG00000170500.13	LONRF2	protein_coding	4181	2159	2022	15.6846	3.8896	4.2056
ENSG00000170502.13	NUDT9	protein_coding	2041	1038	1003	36.2383	8.9867	9.7167
ENSG00000170509.12	HSD17B13	protein_coding	7	5	2	0.1670	0.0414	0.0448
ENSG00000170515.14	PA2G4	protein_coding	5766	3756	3536	91.3379	22.6509	24.4907
ENSG00000170516.17	COX7B2	protein_coding	21	10	11	1.4577	0.3615	0.3908
ENSG00000170522.10	ELOVL6	protein_coding	1388	678	710	10.8212	2.6835	2.9015
ENSG00000170523.3	KRT83	protein_coding	0	0	0	0.0000	0.0000	0.0000
ENSG00000170525.21	PFKFB3	protein_coding	13362	6680	6682	123.9383	30.7354	33.2320
ENSG00000170537.13	TMC7	protein_coding	196	129	140	1.9715	0.4889	0.5286
ENSG00000170540.15	ARL6IP1	protein_coding	15494	7748	7746	246.9546	61.2422	66.2168
ENSG00000170542.6	SERPINB9	protein_coding	1716	857	859	23.4889	5.8250	6.2981
ENSG00000170545.17	SMAGP	protein_coding	890	662	745	16.3710	4.0598	4.3896
ENSG00000170549.4	IRX1	protein_coding	103	59	59	2.8082	0.6964	0.7530
ENSG00000170558.10	CDH2	protein_coding	756	441	373	4.9951	1.2387	1.3393
ENSG00000170561.13	IRX2	protein_coding	2101	1053	1049	35.0537	8.6930	9.3991
ENSG00000170571.12	EMB	protein_coding	2144	1061	1083	23.2035	5.7542	6.2216
ENSG00000170577.8	SIX2	protein_coding	158	72	86	4.0617	1.0073	1.0891
ENSG00000170579.17	DLGAP1	protein_coding	19	10	9	0.0892	0.0221	0.0239
ENSG00000170581.14	STAT2	protein_coding	10828	5444	5384	99.0732	24.5691	26.5648
ENSG00000170584.11	NUDCD2	protein_coding	2306	1153	1153	14.8454	3.6815	3.9805
ENSG00000170604.5	IRF2BP1	protein_coding	1417	731	686	31.7119	7.8642	8.5030
ENSG00000170605.6	OR9K2	protein_coding	0	0	0	0.0000	0.0000	0.0000
ENSG00000170606.15	HSPA4	protein_coding	21039	10516	10524	233.8536	57.9933	62.7040
ENSG00000170608.3	FOXA3	protein_coding	1	1	0	0.0267	0.0066	0.0072
ENSG00000170613.4	FAM71B	protein_coding	0	0	0	0.0000	0.0000	0.0000
ENSG00000170615.15	SLC26A5	protein_coding	0	2	6	0.0000	0.0000	0.0000
ENSG00000170619.10	COMMD5	protein_coding	2425	1501	1522	47.1449	11.6915	12.6411
ENSG00000170624.13	SGCD	protein_coding	3781	1840	1941	20.2589	5.0240	5.4321
ENSG00000170627.11	GTSF1	protein_coding	24	10	14	0.5392	0.1337	0.1446
ENSG00000170629.14	DPY19L2P2	transcribed_unprocessed_pseudogene	143	77	66	1.4533	0.3604	0.3897
ENSG00000170631.15	ZNF16	protein_coding	1632	787	845	17.6725	4.3826	4.7386
ENSG00000170632.14	ARMC10	protein_coding	2562	1288	1286	31.7576	7.8756	8.5153
ENSG00000170633.16	RNF34	protein_coding	2577	1641	1593	30.9688	7.6799	8.3038
ENSG00000170634.13	ACYP2	protein_coding	269	152	127	3.0731	0.7621	0.8240
ENSG00000170638.10	TRABD	protein_coding	1246	830	790	22.3964	5.5541	6.0052
ENSG00000170653.19	ATF7	protein_coding	2348	2010	1929	16.6756	4.1354	4.4713
ENSG00000170667.15	RASA4B	protein_coding	115	48	67	0.8928	0.2214	0.2394
ENSG00000170677.6	SOCS6	protein_coding	2984	1522	1462	28.9814	7.1871	7.7709
ENSG00000170681.7	CAVIN4	protein_coding	78	38	40	1.4278	0.3541	0.3828
ENSG00000170683.6	OR10A3	protein_coding	0	0	0	0.0000	0.0000	0.0000
ENSG00000170684.9	ZNF296	protein_coding	84	34	51	2.7330	0.6778	0.7328
ENSG00000170688.4	OR5E1P	unprocessed_pseudogene	0	0	0	0.0000	0.0000	0.0000
ENSG00000170689.10	HOXB9	protein_coding	98	57	41	2.1491	0.5330	0.5762
ENSG00000170703.15	TTLL6	protein_coding	2	0	2	0.0223	0.0055	0.0060
ENSG00000170734.12	POLH	protein_coding	1810	950	988	12.2664	3.0419	3.2890
ENSG00000170743.17	SYT9	protein_coding	3	1	3	0.0356	0.0088	0.0096
ENSG00000170745.12	KCNS3	protein_coding	2530	1261	1269	45.8684	11.3749	12.2988
ENSG00000170748.7	RBMXL2	protein_coding	1	1	0	0.0264	0.0065	0.0071
ENSG00000170759.11	KIF5B	protein_coding	17571	8847	8724	169.8689	42.1258	45.5475
ENSG00000170775.3	GPR37	protein_coding	84	38	46	0.8991	0.2230	0.2411
ENSG00000170776.22	AKAP13	protein_coding	9120	5561	5516	25.5027	6.3244	6.8381
ENSG00000170777.10	TPD52L3	protein_coding	0	0	0	0.0000	0.0000	0.0000
ENSG00000170779.11	CDCA4	protein_coding	553	401	373	12.8107	3.1769	3.4350
ENSG00000170782.3	OR10A4	protein_coding	0	0	0	0.0000	0.0000	0.0000
ENSG00000170786.12	SDR16C5	protein_coding	742	365	377	12.8328	3.1824	3.4409
ENSG00000170788.14	DYDC1	protein_coding	0	0	3	0.0000	0.0000	0.0000
ENSG00000170790.5	OR10A2	protein_coding	1	0	1	0.0105	0.0026	0.0028
ENSG00000170791.18	CHCHD7	protein_coding	2692	1403	1289	25.9764	6.4419	6.9651
ENSG00000170801.10	HTRA3	protein_coding	11006	5394	5612	188.0536	46.6354	50.4234
ENSG00000170802.16	FOXN2	protein_coding	1353	662	691	13.9965	3.4710	3.7529
ENSG00000170807.12	LMOD2	protein_coding	1	0	1	0.0212	0.0053	0.0057
ENSG00000170819.5	BFSP2	protein_coding	48	24	24	1.3549	0.3360	0.3633
ENSG00000170820.12	FSHR	protein_coding	0	0	0	0.0000	0.0000	0.0000
ENSG00000170827.9	CELP	transcribed_unprocessed_pseudogene	0	1	0	0.0000	0.0000	0.0000
ENSG00000170832.13	USP32	protein_coding	7451	3744	3708	44.3758	11.0047	11.8986
ENSG00000170835.16	CEL	protein_coding	17	8	9	0.4041	0.1002	0.1083
ENSG00000170836.12	PPM1D	protein_coding	1922	926	996	21.6092	5.3589	5.7941
ENSG00000170837.3	GPR27	protein_coding	809	437	381	17.3650	4.3063	4.6561
ENSG00000170846.17	AC093323.1	protein_coding	1884	1113	1103	29.6865	7.3619	7.9599
ENSG00000170848.16	PSG6	protein_coding	0	0	0	0.0000	0.0000	0.0000
ENSG00000170852.11	KBTBD2	protein_coding	5624	2817	2807	65.7602	16.3079	17.6325
ENSG00000170854.18	RIOX2	protein_coding	1177	1102	1129	9.7017	2.4059	2.6013
ENSG00000170855.4	TRIAP1	protein_coding	1343	682	661	53.9770	13.3857	14.4730
ENSG00000170858.10	LILRP2	transcribed_processed_pseudogene	4	2	3	0.1066	0.0264	0.0286
ENSG00000170860.4	LSM3	protein_coding	3107	1603	1504	52.4555	13.0084	14.0651
ENSG00000170871.12	KIAA0232	protein_coding	7006	3502	3504	46.7479	11.5930	12.5347
ENSG00000170873.19	MTSS1	protein_coding	4295	3681	3733	31.3192	7.7668	8.3977
ENSG00000170876.8	TMEM43	protein_coding	8760	4461	4300	142.0181	35.2191	38.0798
ENSG00000170881.5	RNF139	protein_coding	4140	2034	2109	71.9740	17.8488	19.2986
ENSG00000170889.14	RPS9	protein_coding	30864	15369	15499	406.6674	100.8494	109.0411
ENSG00000170890.14	PLA2G1B	protein_coding	7	1	6	0.6362	0.1578	0.1706
ENSG00000170891.11	CYTL1	protein_coding	56	31	25	3.2111	0.7963	0.8610
ENSG00000170892.12	TSEN34	protein_coding	4140	2068	2074	66.2844	16.4379	17.7731
ENSG00000170893.4	TRH	protein_coding	61	34	27	2.1729	0.5389	0.5826
ENSG00000170899.11	GSTA4	protein_coding	3789	1925	1864	102.2723	25.3625	27.4226
ENSG00000170903.11	MSANTD4	protein_coding	1171	586	605	13.0007	3.2240	3.4859
ENSG00000170906.16	NDUFA3	protein_coding	1896	999	1046	43.4433	10.7735	11.6486
ENSG00000170909.13	OSCAR	protein_coding	561	255	306	15.2660	3.7858	4.0933
ENSG00000170915.9	PAQR8	protein_coding	736	361	375	8.2913	2.0562	2.2232
ENSG00000170917.14	NUDT6	protein_coding	129	176	190	1.1115	0.2756	0.2980
ENSG00000170919.16	TPT1-AS1	lncRNA	556	460	468	2.1748	0.5393	0.5831
ENSG00000170920.2	OR7G3	protein_coding	0	0	0	0.0000	0.0000	0.0000
ENSG00000170921.15	TANC2	protein_coding	20334	10327	10285	50.4304	12.5062	13.5221
ENSG00000170923.3	OR7G2	protein_coding	1	1	0	0.0185	0.0046	0.0050
ENSG00000170925.3	TEX13B	protein_coding	6	2	4	0.2726	0.0676	0.0731
ENSG00000170927.15	PKHD1	protein_coding	12	7	5	0.0390	0.0097	0.0105
ENSG00000170929.6	OR1M1	protein_coding	0	0	0	0.0000	0.0000	0.0000
ENSG00000170935.8	NCBP2L	protein_coding	12	174	186	0.3273	0.0812	0.0878
ENSG00000170946.15	DNAJC24	protein_coding	1223	866	908	8.0854	2.0051	2.1680
ENSG00000170948.3	MBD3L1	protein_coding	0	0	0	0.0000	0.0000	0.0000
ENSG00000170949.17	ZNF160	protein_coding	2718	1379	1339	18.1104	4.4912	4.8560
ENSG00000170950.6	PGK2	protein_coding	1	1	0	0.0349	0.0086	0.0094
ENSG00000170953.3	OR8B12	protein_coding	0	0	0	0.0000	0.0000	0.0000
ENSG00000170954.11	ZNF415	protein_coding	562	267	295	8.4315	2.0909	2.2608
ENSG00000170955.10	CAVIN3	protein_coding	149	514	529	5.4270	1.3458	1.4552
ENSG00000170956.17	CEACAM3	protein_coding	1	1	0	0.0193	0.0048	0.0052
ENSG00000170959.14	DCDC1	protein_coding	236	132	116	1.0170	0.2522	0.2727
ENSG00000170961.7	HAS2	protein_coding	1321	697	705	17.6684	4.3816	4.7375
ENSG00000170962.13	PDGFD	protein_coding	3384	1741	1644	45.0168	11.1637	12.0705
ENSG00000170965.10	PLAC1	protein_coding	12	6	6	0.3574	0.0886	0.0958
ENSG00000170967.5	DDI1	protein_coding	0	1	0	0.0000	0.0000	0.0000
ENSG00000170983.4	LINC00208	lncRNA	0	0	0	0.0000	0.0000	0.0000
ENSG00000170989.10	S1PR1	protein_coding	1129	566	563	12.2584	3.0400	3.2869
ENSG00000171004.18	HS6ST2	protein_coding	170	84	86	1.9274	0.4780	0.5168
ENSG00000171014.2	OR4D5	protein_coding	0	0	0	0.0000	0.0000	0.0000
ENSG00000171016.13	PYGO1	protein_coding	2265	1121	1148	14.2641	3.5373	3.8247
ENSG00000171017.11	LRRC8E	protein_coding	161	1392	1369	2.1091	0.5230	0.5655
ENSG00000171033.13	PKIA	protein_coding	351	167	184	4.9577	1.2295	1.3293
ENSG00000171044.11	XKR6	protein_coding	24	14	10	0.2398	0.0595	0.0643
ENSG00000171045.16	TSNARE1	protein_coding	863	426	437	11.2793	2.7971	3.0243
ENSG00000171049.9	FPR2	protein_coding	82	45	37	1.2828	0.3181	0.3440
ENSG00000171051.9	FPR1	protein_coding	1294	631	665	28.4650	7.0590	7.6324
ENSG00000171053.10	PATE1	protein_coding	0	0	0	0.0000	0.0000	0.0000
ENSG00000171054.8	OR13H1	protein_coding	0	0	0	0.0000	0.0000	0.0000
ENSG00000171055.15	FEZ2	protein_coding	3504	1710	1794	22.2322	5.5134	5.9612
ENSG00000171056.8	SOX7	protein_coding	229	110	119	4.0394	1.0017	1.0831
ENSG00000171060.11	C8orf74	protein_coding	0	0	0	0.0000	0.0000	0.0000
ENSG00000171067.11	C11orf24	protein_coding	4585	2275	2310	76.4076	18.9483	20.4874
ENSG00000171084.15	FAM86JP	transcribed_unprocessed_pseudogene	182	122	120	4.0973	1.0161	1.0986
ENSG00000171094.18	ALK	protein_coding	11	6	5	0.0845	0.0210	0.0227
ENSG00000171097.14	KYAT1	protein_coding	1	1	0	0.0158	0.0039	0.0042
ENSG00000171100.15	MTM1	protein_coding	1409	683	726	20.8356	5.1670	5.5867
ENSG00000171101.13	SIGLEC17P	transcribed_unprocessed_pseudogene	70	28	42	1.7411	0.4318	0.4668
ENSG00000171102.14	OBP2B	protein_coding	4	1	3	0.1999	0.0496	0.0536
ENSG00000171103.11	TRMT61B	protein_coding	570	389	424	15.6612	3.8838	4.1993
ENSG00000171105.14	INSR	protein_coding	12038	5983	6055	63.0297	15.6307	16.9004
ENSG00000171109.19	MFN1	protein_coding	4382	2216	2168	41.8004	10.3661	11.2081
ENSG00000171115.4	GIMAP8	protein_coding	539	284	255	7.3039	1.8113	1.9584
ENSG00000171116.7	HSFX1	protein_coding	6	3	3	0.1733	0.0430	0.0465
ENSG00000171119.2	NRTN	protein_coding	32	18	14	1.6364	0.4058	0.4388
ENSG00000171121.16	KCNMB3	protein_coding	60	594	579	0.3790	0.0940	0.1016
ENSG00000171124.13	FUT3	protein_coding	4	3	1	0.0730	0.0181	0.0196
ENSG00000171126.8	KCNG3	protein_coding	111	67	44	1.6972	0.4209	0.4551
ENSG00000171130.18	ATP6V0E2	protein_coding	1905	1344	1309	16.0024	3.9684	4.2908
ENSG00000171132.14	PRKCE	protein_coding	406	203	203	2.3075	0.5722	0.6187
ENSG00000171133.3	OR2K2	protein_coding	0	0	0	0.0000	0.0000	0.0000
ENSG00000171135.15	JAGN1	protein_coding	2296	1154	1142	73.1906	18.1505	19.6248
ENSG00000171136.7	RLN3	protein_coding	0	1	1	0.0000	0.0000	0.0000
ENSG00000171148.13	TADA3	protein_coding	5735	3019	2851	76.8143	19.0492	20.5965
ENSG00000171150.9	SOCS5	protein_coding	3776	1916	1860	28.5897	7.0900	7.6659
ENSG00000171155.8	C1GALT1C1	protein_coding	2541	1305	1237	79.7014	19.7651	21.3706
ENSG00000171159.5	C9orf16	protein_coding	1215	652	649	41.6834	10.3371	11.1767
ENSG00000171160.18	MORN4	protein_coding	843	415	428	19.0313	4.7196	5.1029
ENSG00000171161.13	ZNF672	protein_coding	2257	1135	1122	34.2140	8.4847	9.1739
ENSG00000171163.16	ZNF692	protein_coding	750	372	378	10.8253	2.6846	2.9026
ENSG00000171169.9	NAIF1	protein_coding	473	251	222	7.4099	1.8376	1.9868
ENSG00000171174.15	RBKS	protein_coding	700	372	372	12.5902	3.1222	3.3759
ENSG00000171180.3	OR2M4	protein_coding	4	4	0	0.0382	0.0095	0.0102
ENSG00000171189.17	GRIK1	protein_coding	12	6	11	0.1604	0.0398	0.0430
ENSG00000171195.11	MUC7	protein_coding	0	0	0	0.0000	0.0000	0.0000
ENSG00000171199.11	OPRPN	protein_coding	0	0	0	0.0000	0.0000	0.0000
ENSG00000171201.12	SMR3B	protein_coding	0	0	0	0.0000	0.0000	0.0000
ENSG00000171202.7	TMEM126A	protein_coding	1459	721	738	85.2110	21.1315	22.8479
ENSG00000171204.13	TMEM126B	protein_coding	2307	1179	1128	54.1515	13.4290	14.5198
ENSG00000171206.15	TRIM8	protein_coding	5827	2904	2923	65.9447	16.3536	17.6820
ENSG00000171208.10	NETO2	protein_coding	1640	838	802	12.5191	3.1046	3.3568
ENSG00000171209.3	CSN3	protein_coding	0	0	0	0.0000	0.0000	0.0000
ENSG00000171217.5	CLDN20	protein_coding	10	3	7	0.4691	0.1163	0.1258
ENSG00000171219.9	CDC42BPG	protein_coding	488	246	242	4.2374	1.0508	1.1362
ENSG00000171222.10	SCAND1	protein_coding	1851	989	1012	52.5903	13.0419	14.1012
ENSG00000171223.6	JUNB	protein_coding	5075	2842	2747	157.2695	39.0012	42.1692
ENSG00000171224.9	FAM241B	protein_coding	730	337	393	30.6654	7.6047	8.2224
ENSG00000171227.7	TMEM37	protein_coding	669	337	332	16.5600	4.1067	4.4403
ENSG00000171234.14	UGT2B7	protein_coding	2	1	1	0.0502	0.0124	0.0135
ENSG00000171236.10	LRG1	protein_coding	494	257	237	10.3681	2.5712	2.7800
ENSG00000171241.9	SHCBP1	protein_coding	345	183	162	3.1684	0.7857	0.8496
ENSG00000171243.8	SOSTDC1	protein_coding	18	5	13	0.4128	0.1024	0.1107
ENSG00000171246.6	NPTX1	protein_coding	1682	826	856	13.5878	3.3696	3.6433
ENSG00000171262.11	FAM98B	protein_coding	3094	1549	1545	25.6110	6.3513	6.8672
ENSG00000171291.8	ZNF439	protein_coding	669	329	340	7.2861	1.8069	1.9537
ENSG00000171295.13	ZNF440	protein_coding	1677	831	847	14.7377	3.6548	3.9517
ENSG00000171298.13	GAA	protein_coding	14881	7413	7468	161.1729	39.9692	43.2158
ENSG00000171302.17	CANT1	protein_coding	7722	3889	3833	99.0308	24.5587	26.5535
ENSG00000171303.7	KCNK3	protein_coding	1	0	1	0.0091	0.0023	0.0024
ENSG00000171307.19	ZDHHC16	protein_coding	2175	1086	1093	40.5871	10.0652	10.8828
ENSG00000171310.11	CHST11	protein_coding	4638	2350	2288	40.5146	10.0472	10.8633
ENSG00000171311.13	EXOSC1	protein_coding	1401	707	694	22.2053	5.5067	5.9540
ENSG00000171314.9	PGAM1	protein_coding	3632	1796	1836	81.0908	20.1097	21.7431
ENSG00000171316.12	CHD7	protein_coding	574	289	285	1.9125	0.4743	0.5128
ENSG00000171320.15	ESCO2	protein_coding	185	90	95	1.3442	0.3333	0.3604
ENSG00000171345.13	KRT19	protein_coding	178123	90240	87886	4324.2083	1072.3600	1159.4645
ENSG00000171346.16	KRT15	protein_coding	9221	4724	4497	87.6064	21.7255	23.4902
ENSG00000171357.6	LURAP1	protein_coding	63	64	82	1.9322	0.4792	0.5181
ENSG00000171360.4	KRT38	protein_coding	22	13	9	0.4636	0.1150	0.1243
ENSG00000171365.17	CLCN5	protein_coding	590	311	279	2.9204	0.7242	0.7831
ENSG00000171368.12	TPPP	protein_coding	249	141	143	2.3617	0.5857	0.6333
ENSG00000171385.10	KCND3	protein_coding	398	186	212	2.8118	0.6973	0.7539
ENSG00000171388.12	APLN	protein_coding	4184	2165	2019	73.5963	18.2511	19.7336
ENSG00000171396.12	KRTAP4-4	protein_coding	0	0	0	0.0000	0.0000	0.0000
ENSG00000171401.15	KRT13	protein_coding	3	3	2	0.0584	0.0145	0.0157
ENSG00000171402.15	XAGE3	protein_coding	0	0	0	0.0000	0.0000	0.0000
ENSG00000171403.10	KRT9	protein_coding	11	4	7	0.2717	0.0674	0.0729
ENSG00000171405.12	XAGE5	protein_coding	0	0	0	0.0000	0.0000	0.0000
ENSG00000171408.14	PDE7B	protein_coding	171	101	98	1.6323	0.4048	0.4377
ENSG00000171421.13	MRPL36	protein_coding	1664	845	819	67.6454	16.7754	18.1380
ENSG00000171425.10	ZNF581	protein_coding	1211	603	608	42.0035	10.4165	11.2625
ENSG00000171428.15	NAT1	protein_coding	5199	2608	2591	93.5391	23.1967	25.0809
ENSG00000171431.4	KRT20	protein_coding	4	3	1	0.1186	0.0294	0.0318
ENSG00000171433.12	GLOD5	protein_coding	6	2	4	0.3198	0.0793	0.0857
ENSG00000171435.14	KSR2	protein_coding	157	83	97	0.4865	0.1206	0.1304
ENSG00000171443.7	ZNF524	protein_coding	567	340	353	22.3141	5.5337	5.9831
ENSG00000171444.18	MCC	protein_coding	5226	2658	2600	27.5972	6.8438	7.3997
ENSG00000171446.7	KRT27	protein_coding	0	0	0	0.0000	0.0000	0.0000
ENSG00000171448.9	ZBTB26	protein_coding	1149	548	601	13.9918	3.4698	3.7517
ENSG00000171450.6	CDK5R2	protein_coding	3	3	1	0.0683	0.0169	0.0183
ENSG00000171451.14	DSEL	protein_coding	680	652	676	4.1618	1.0321	1.1159
ENSG00000171453.20	POLR1C	protein_coding	935	1350	1303	9.6319	2.3886	2.5826
ENSG00000171456.20	ASXL1	protein_coding	7627	3785	3843	31.6267	7.8431	8.4802
ENSG00000171459.4	OR1L6	protein_coding	0	0	0	0.0000	0.0000	0.0000
ENSG00000171462.15	DLK2	protein_coding	98	61	56	2.4855	0.6164	0.6664
ENSG00000171466.10	ZNF562	protein_coding	1421	827	801	6.1884	1.5347	1.6593
ENSG00000171467.16	ZNF318	protein_coding	2747	1407	1340	16.0138	3.9713	4.2938
ENSG00000171469.11	ZNF561	protein_coding	2711	1385	1326	24.3878	6.0479	6.5392
ENSG00000171475.14	WIPF2	protein_coding	8101	3945	4156	56.5564	14.0254	15.1647
ENSG00000171476.22	HOPX	protein_coding	597	301	296	4.3668	1.0829	1.1709
ENSG00000171478.7	SPACA5B	protein_coding	0	0	0	0.0000	0.0000	0.0000
ENSG00000171481.4	OR1L3	protein_coding	0	0	0	0.0000	0.0000	0.0000
ENSG00000171483.13	SSX6P	transcribed_unprocessed_pseudogene	0	0	0	0.0000	0.0000	0.0000
ENSG00000171487.15	NLRP5	protein_coding	0	0	0	0.0000	0.0000	0.0000
ENSG00000171488.15	LRRC8C	protein_coding	1389	713	676	6.7187	1.6662	1.8015
ENSG00000171489.10	SPACA5	protein_coding	0	0	0	0.0000	0.0000	0.0000
ENSG00000171490.13	RSL1D1	protein_coding	15477	7729	7748	142.4376	35.3231	38.1923
ENSG00000171492.14	LRRC8D	protein_coding	1564	773	791	18.2800	4.5332	4.9015
ENSG00000171495.17	MROH2B	protein_coding	0	0	0	0.0000	0.0000	0.0000
ENSG00000171496.4	OR1L8	protein_coding	12	4	8	0.3362	0.0834	0.0902
ENSG00000171497.5	PPID	protein_coding	2005	1300	1298	45.1922	11.2072	12.1175
ENSG00000171501.10	OR1N2	protein_coding	0	0	0	0.0000	0.0000	0.0000
ENSG00000171502.15	COL24A1	protein_coding	296	154	142	1.7544	0.4351	0.4704
ENSG00000171503.12	ETFDH	protein_coding	928	752	784	11.7131	2.9047	3.1407
ENSG00000171505.5	OR1N1	protein_coding	0	0	0	0.0000	0.0000	0.0000
ENSG00000171509.16	RXFP1	protein_coding	30	10	20	0.2993	0.0742	0.0803
ENSG00000171517.6	LPAR3	protein_coding	1070	514	556	17.1605	4.2556	4.6013
ENSG00000171522.6	PTGER4	protein_coding	589	278	311	9.4250	2.3373	2.5272
ENSG00000171530.15	TBCA	protein_coding	8066	3985	4081	146.8923	36.4278	39.3867
ENSG00000171532.5	NEUROD2	protein_coding	2	2	0	0.0182	0.0045	0.0049
ENSG00000171533.11	MAP6	protein_coding	281	137	144	2.4771	0.6143	0.6642
ENSG00000171540.8	OTP	protein_coding	1	0	1	0.0163	0.0040	0.0044
ENSG00000171551.12	ECEL1	protein_coding	0	0	1	0.0000	0.0000	0.0000
ENSG00000171552.14	BCL2L1	protein_coding	9442	7239	7211	127.5805	31.6387	34.2086
ENSG00000171557.17	FGG	protein_coding	6	1	5	0.0945	0.0234	0.0253
ENSG00000171560.16	FGA	protein_coding	0	1	0	0.0000	0.0000	0.0000
ENSG00000171561.4	OR2AT4	protein_coding	4	2	2	0.0258	0.0064	0.0069
ENSG00000171564.12	FGB	protein_coding	0	0	1	0.0000	0.0000	0.0000
ENSG00000171566.12	PLRG1	protein_coding	3248	1634	1614	36.7286	9.1083	9.8482
ENSG00000171570.11	RAB4B-EGLN2	protein_coding	0	0	0	0.0000	0.0000	0.0000
ENSG00000171574.18	ZNF584	protein_coding	725	356	369	11.1968	2.7767	3.0022
ENSG00000171587.15	DSCAM	protein_coding	22	12	10	0.1451	0.0360	0.0389
ENSG00000171595.14	DNAI2	protein_coding	3	2	1	0.0594	0.0147	0.0159
ENSG00000171596.7	NMUR1	protein_coding	0	0	0	0.0000	0.0000	0.0000
ENSG00000171603.18	CLSTN1	protein_coding	19102	9841	9769	206.6922	51.2576	55.4211
ENSG00000171604.12	CXXC5	protein_coding	8352	4141	4238	124.8068	30.9508	33.4649
ENSG00000171606.18	ZNF274	protein_coding	1066	491	575	7.2546	1.7991	1.9452
ENSG00000171608.16	PIK3CD	protein_coding	915	713	710	8.1935	2.0319	2.1970
ENSG00000171611.10	PTCRA	protein_coding	4	0	4	0.1937	0.0480	0.0519
ENSG00000171612.7	SLC25A33	protein_coding	459	236	223	6.7348	1.6702	1.8058
ENSG00000171617.14	ENC1	protein_coding	20620	10619	10562	141.1929	35.0144	37.8585
ENSG00000171621.14	SPSB1	protein_coding	4456	2200	2256	74.5647	18.4913	19.9933
ENSG00000171631.15	P2RY6	protein_coding	272	150	122	4.6686	1.1578	1.2518
ENSG00000171634.18	BPTF	protein_coding	9375	4623	4753	35.1648	8.7205	9.4288
ENSG00000171643.14	S100Z	protein_coding	9	5	4	0.2612	0.0648	0.0700
ENSG00000171649.12	ZIK1	protein_coding	198	106	100	2.0910	0.5185	0.5607
ENSG00000171657.6	GPR82	protein_coding	55	29	26	0.9400	0.2331	0.2521
ENSG00000171658.8	NMRAL2P	transcribed_unprocessed_pseudogene	4	3	1	0.0863	0.0214	0.0231
ENSG00000171659.15	GPR34	protein_coding	1128	547	583	33.2133	8.2366	8.9056
ENSG00000171671.6	SHANK2-AS3	lncRNA	0	0	0	0.0000	0.0000	0.0000
ENSG00000171680.23	PLEKHG5	protein_coding	232	112	120	1.8971	0.4705	0.5087
ENSG00000171681.12	ATF7IP	protein_coding	9937	4976	4961	42.7270	10.5959	11.4565
ENSG00000171695.10	LKAAEAR1	protein_coding	0	0	0	0.0000	0.0000	0.0000
ENSG00000171700.14	RGS19	protein_coding	1133	597	536	31.6826	7.8570	8.4952
ENSG00000171703.17	TCEA2	protein_coding	2005	1012	993	23.7476	5.8892	6.3675
ENSG00000171711.3	DEFB4A	protein_coding	0	0	0	0.0000	0.0000	0.0000
ENSG00000171714.12	ANO5	protein_coding	958	508	485	7.1129	1.7639	1.9072
ENSG00000171720.10	HDAC3	protein_coding	3860	2338	2304	47.4838	11.7755	12.7320
ENSG00000171722.13	SPATA46	protein_coding	9	3	6	0.2762	0.0685	0.0741
ENSG00000171723.16	GPHN	protein_coding	2732	1371	1381	25.7919	6.3961	6.9157
ENSG00000171724.3	VAT1L	protein_coding	132	69	63	1.8244	0.4524	0.4892
ENSG00000171729.14	TMEM51	protein_coding	1568	812	824	39.7325	9.8532	10.6536
ENSG00000171735.19	CAMTA1	protein_coding	1610	795	815	9.2197	2.2864	2.4721
ENSG00000171747.9	LGALS4	protein_coding	19	10	9	0.4840	0.1200	0.1298
ENSG00000171757.17	LRRC34	protein_coding	114	134	138	1.2253	0.3039	0.3286
ENSG00000171759.10	PAH	protein_coding	104	59	57	0.7994	0.1982	0.2143
ENSG00000171763.20	SPATA5L1	protein_coding	598	297	302	9.9831	2.4757	2.6768
ENSG00000171766.17	GATM	protein_coding	1930	963	971	11.8197	2.9312	3.1693
ENSG00000171772.17	SYCE1	protein_coding	0	17	16	0.0000	0.0000	0.0000
ENSG00000171773.3	NXNL1	protein_coding	0	0	0	0.0000	0.0000	0.0000
ENSG00000171777.16	RASGRP4	protein_coding	205	124	109	2.7792	0.6892	0.7452
ENSG00000171786.6	NHLH1	protein_coding	11	5	6	0.2440	0.0605	0.0654
ENSG00000171790.15	SLFNL1	protein_coding	18	20	16	0.2368	0.0587	0.0635
ENSG00000171791.14	BCL2	protein_coding	4207	2174	2033	18.9168	4.6912	5.0722
ENSG00000171792.11	RHNO1	protein_coding	1261	613	649	27.0466	6.7073	7.2521
ENSG00000171793.16	CTPS1	protein_coding	2147	1087	1061	10.9062	2.7046	2.9243
ENSG00000171794.4	UTF1	protein_coding	0	0	0	0.0000	0.0000	0.0000
ENSG00000171798.18	KNDC1	protein_coding	5	4	1	0.0345	0.0086	0.0093
ENSG00000171804.11	WDR87	protein_coding	4	3	2	0.0247	0.0061	0.0066
ENSG00000171806.12	METTL18	protein_coding	759	402	428	27.3288	6.7773	7.3278
ENSG00000171811.14	CFAP46	protein_coding	171	82	89	0.9065	0.2248	0.2431
ENSG00000171812.13	COL8A2	protein_coding	19074	9396	9678	231.6740	57.4528	62.1195
ENSG00000171813.14	PWWP2B	protein_coding	1035	500	535	22.1741	5.4990	5.9456
ENSG00000171815.6	PCDHB1	protein_coding	3	2	2	0.0213	0.0053	0.0057
ENSG00000171817.17	ZNF540	protein_coding	204	110	113	2.6377	0.6541	0.7072
ENSG00000171819.5	ANGPTL7	protein_coding	0	0	0	0.0000	0.0000	0.0000
ENSG00000171823.7	FBXL14	protein_coding	594	271	323	12.4623	3.0905	3.3416
ENSG00000171824.14	EXOSC10	protein_coding	3095	2327	2271	29.2968	7.2653	7.8555
ENSG00000171827.11	ZNF570	protein_coding	647	337	316	5.8744	1.4568	1.5751
ENSG00000171840.12	NINJ2	protein_coding	497	361	315	13.7621	3.4129	3.6901
ENSG00000171843.17	MLLT3	protein_coding	3498	1751	1747	24.5479	6.0876	6.5821
ENSG00000171847.11	FAM90A1	protein_coding	111	69	44	2.4802	0.6151	0.6650
ENSG00000171848.16	RRM2	protein_coding	1771	883	888	10.9727	2.7211	2.9422
ENSG00000171853.16	TRAPPC12	protein_coding	1753	789	966	10.8139	2.6817	2.8996
ENSG00000171855.7	IFNB1	protein_coding	13	6	7	0.8787	0.2179	0.2356
ENSG00000171858.18	RPS21	protein_coding	23464	12062	11404	1284.4043	318.5193	344.3916
ENSG00000171860.5	C3AR1	protein_coding	2560	1261	1299	41.5862	10.3130	11.1507
ENSG00000171861.11	MRM3	protein_coding	365	313	280	10.4278	2.5860	2.7960
ENSG00000171862.11	PTEN	protein_coding	9905	4895	5010	50.7464	12.5846	13.6068
ENSG00000171863.15	RPS7	protein_coding	15469	7690	7779	158.6628	39.3468	42.5428
ENSG00000171864.5	PRND	protein_coding	199	106	93	2.8348	0.7030	0.7601
ENSG00000171865.10	RNASEH1	protein_coding	1720	876	844	16.4073	4.0688	4.3993
ENSG00000171867.17	PRNP	protein_coding	7065	3596	3470	146.3851	36.3020	39.2507
ENSG00000171872.5	KLF17	protein_coding	10	3	7	0.1795	0.0445	0.0481
ENSG00000171873.8	ADRA1D	protein_coding	35	20	15	0.6607	0.1639	0.1772
ENSG00000171877.21	FRMD5	protein_coding	193	100	93	1.6355	0.4056	0.4385
ENSG00000171885.18	AQP4	protein_coding	13	7	6	0.1241	0.0308	0.0333
ENSG00000171889.5	MIR31HG	lncRNA	43	41	39	0.8660	0.2147	0.2322
ENSG00000171903.16	CYP4F11	protein_coding	1	0	1	0.0141	0.0035	0.0038
ENSG00000171914.16	TLN2	protein_coding	2674	1475	1528	9.3554	2.3201	2.5085
ENSG00000171916.17	LGALS9C	protein_coding	35	19	16	0.4175	0.1035	0.1119
ENSG00000171928.14	TVP23B	protein_coding	1919	975	944	18.9395	4.6968	5.0783
ENSG00000171931.13	FBXW10	protein_coding	11	5	6	0.1422	0.0353	0.0381
ENSG00000171936.3	OR10H3	protein_coding	0	0	0	0.0000	0.0000	0.0000
ENSG00000171940.13	ZNF217	protein_coding	8971	4840	4840	82.3079	20.4115	22.0695
ENSG00000171942.4	OR10H2	protein_coding	0	0	0	0.0000	0.0000	0.0000
ENSG00000171943.12	SRGAP2C	protein_coding	682	337	347	5.2728	1.3076	1.4138
ENSG00000171944.2	OR52A5	protein_coding	0	0	0	0.0000	0.0000	0.0000
ENSG00000171951.5	SCG2	protein_coding	733	402	331	16.1305	4.0002	4.3251
ENSG00000171953.16	ATPAF2	protein_coding	565	368	372	5.7701	1.4309	1.5471
ENSG00000171954.13	CYP4F22	protein_coding	131	70	62	2.8442	0.7053	0.7626
ENSG00000171956.7	FOXB1	protein_coding	0	0	0	0.0000	0.0000	0.0000
ENSG00000171960.12	PPIH	protein_coding	689	643	578	7.6689	1.9018	2.0563
ENSG00000171962.18	DRC3	protein_coding	460	323	314	3.5579	0.8823	0.9540
ENSG00000171970.13	ZNF57	protein_coding	18	210	216	0.4392	0.1089	0.1178
ENSG00000171984.15	SHLD1	protein_coding	361	185	176	9.3695	2.3235	2.5123
ENSG00000171987.3	C11orf40	lncRNA	0	0	0	0.0000	0.0000	0.0000
ENSG00000171988.19	JMJD1C	protein_coding	5398	2708	2708	27.4252	6.8012	7.3536
ENSG00000171989.6	LDHAL6B	protein_coding	4	2	2	0.1299	0.0322	0.0348
ENSG00000171992.13	SYNPO	protein_coding	7289	3626	3664	40.3553	10.0077	10.8206
ENSG00000171999.7	OR52P2P	unitary_pseudogene	0	0	0	0.0000	0.0000	0.0000
ENSG00000172000.7	ZNF556	protein_coding	31	15	16	0.2674	0.0663	0.0717
ENSG00000172005.11	MAL	protein_coding	5	5	0	0.1951	0.0484	0.0523
ENSG00000172006.12	ZNF554	protein_coding	744	379	365	7.4637	1.8509	2.0013
ENSG00000172007.7	RAB33B	protein_coding	1242	641	626	14.9414	3.7053	4.0063
ENSG00000172009.15	THOP1	protein_coding	2107	1052	1056	16.1013	3.9930	4.3173
ENSG00000172014.12	ANKRD20A4P	protein_coding	4	0	4	0.0503	0.0125	0.0135
ENSG00000172016.16	REG3A	protein_coding	0	0	0	0.0000	0.0000	0.0000
ENSG00000172020.13	GAP43	protein_coding	170	79	91	5.0714	1.2577	1.3598
ENSG00000172023.8	REG1B	protein_coding	0	0	0	0.0000	0.0000	0.0000
ENSG00000172031.7	EPHX4	protein_coding	1004	494	510	25.3053	6.2754	6.7852
ENSG00000172037.14	LAMB2	protein_coding	38299	19173	19129	316.3780	78.4586	84.8315
ENSG00000172046.19	USP19	protein_coding	5412	2720	2692	53.6282	13.2993	14.3795
ENSG00000172053.18	QARS1	protein_coding	9933	4915	5018	119.7746	29.7029	32.1156
ENSG00000172057.10	ORMDL3	protein_coding	5283	2610	2673	79.8504	19.8021	21.4106
ENSG00000172058.16	SERF1A	protein_coding	39	24	15	0.7321	0.1816	0.1963
ENSG00000172059.11	KLF11	protein_coding	1095	662	644	13.5171	3.3521	3.6244
ENSG00000172061.9	LRRC15	protein_coding	36870	18357	18513	352.1214	87.3225	94.4155
ENSG00000172062.17	SMN1	protein_coding	501	274	227	9.1739	2.2750	2.4598
ENSG00000172071.14	EIF2AK3	protein_coding	2052	1507	1470	21.2779	5.2767	5.7053
ENSG00000172073.4	TEX37	protein_coding	2	2	0	0.1421	0.0352	0.0381
ENSG00000172081.14	MOB3A	protein_coding	3767	1883	1889	51.5384	12.7810	13.8192
ENSG00000172086.9	KRCC1	protein_coding	2602	1321	1282	72.7610	18.0440	19.5097
ENSG00000172113.9	NME6	protein_coding	2975	1429	1546	23.2450	5.7645	6.2328
ENSG00000172115.9	CYCS	protein_coding	5929	3026	2903	58.0614	14.3986	15.5682
ENSG00000172116.23	CD8B	protein_coding	60	30	31	0.6446	0.1598	0.1728
ENSG00000172123.13	SLFN12	protein_coding	827	414	413	12.7651	3.1656	3.4228
ENSG00000172137.19	CALB2	protein_coding	207	104	103	6.9012	1.7114	1.8504
ENSG00000172139.15	SLC9C1	protein_coding	25	12	13	0.3369	0.0836	0.0903
ENSG00000172146.3	OR1A1	protein_coding	0	0	0	0.0000	0.0000	0.0000
ENSG00000172148.3	OR7A2P	transcribed_unprocessed_pseudogene	0	0	0	0.0000	0.0000	0.0000
ENSG00000172150.4	OR1A2	protein_coding	0	0	0	0.0000	0.0000	0.0000
ENSG00000172154.10	OR8I2	protein_coding	0	0	0	0.0000	0.0000	0.0000
ENSG00000172155.10	LCE1D	protein_coding	0	0	0	0.0000	0.0000	0.0000
ENSG00000172156.4	CCL11	protein_coding	583	283	300	32.8974	8.1582	8.8209
ENSG00000172159.16	FRMD3	protein_coding	180	87	93	1.5738	0.3903	0.4220
ENSG00000172164.15	SNTB1	protein_coding	860	548	504	7.1785	1.7802	1.9248
ENSG00000172167.8	MTBP	protein_coding	676	393	467	4.6038	1.1417	1.2344
ENSG00000172171.11	TEFM	protein_coding	434	382	376	9.3157	2.3102	2.4979
ENSG00000172172.8	MRPL13	protein_coding	3434	1745	1689	46.2680	11.4740	12.4060
ENSG00000172175.15	MALT1	protein_coding	1821	971	960	9.0207	2.2370	2.4187
ENSG00000172179.12	PRL	protein_coding	0	0	0	0.0000	0.0000	0.0000
ENSG00000172183.15	ISG20	protein_coding	1572	769	803	12.4422	3.0855	3.3362
ENSG00000172186.7	HMGN1P35	processed_pseudogene	2	0	2	0.1909	0.0474	0.0512
ENSG00000172188.6	OR4C11	protein_coding	0	0	0	0.0000	0.0000	0.0000
ENSG00000172197.11	MBOAT1	protein_coding	3113	1610	1600	40.8181	10.1225	10.9447
ENSG00000172199.1	OR8U1	protein_coding	0	0	0	0.0000	0.0000	0.0000
ENSG00000172201.12	ID4	protein_coding	810	397	413	11.8603	2.9412	3.1802
ENSG00000172208.6	OR4X2	protein_coding	0	0	0	0.0000	0.0000	0.0000
ENSG00000172209.6	GPR22	protein_coding	0	1	0	0.0000	0.0000	0.0000
ENSG00000172215.6	CXCR6	protein_coding	183	88	95	2.7491	0.6818	0.7371
ENSG00000172216.6	CEBPB	protein_coding	2426	1223	1239	74.8115	18.5525	20.0595
ENSG00000172232.10	AZU1	protein_coding	117	54	63	3.7234	0.9234	0.9984
ENSG00000172236.18	TPSAB1	protein_coding	1590	816	834	56.9607	14.1257	15.2731
ENSG00000172238.6	ATOH1	protein_coding	0	0	0	0.0000	0.0000	0.0000
ENSG00000172239.14	PAIP1	protein_coding	7008	3636	3372	117.1995	29.0643	31.4251
ENSG00000172243.18	CLEC7A	protein_coding	1092	569	523	14.7798	3.6652	3.9630
ENSG00000172244.9	C5orf34	protein_coding	244	156	176	4.6032	1.1415	1.2343
ENSG00000172247.4	C1QTNF4	protein_coding	6	3	3	0.2408	0.0597	0.0646
ENSG00000172250.16	SERHL	transcribed_unitary_pseudogene	2	737	757	0.0399	0.0099	0.0107
ENSG00000172260.15	NEGR1	protein_coding	1892	927	978	8.1235	2.0145	2.1782
ENSG00000172262.11	ZNF131	protein_coding	3692	1800	1902	24.5859	6.0970	6.5923
ENSG00000172264.17	MACROD2	protein_coding	305	172	133	1.5135	0.3753	0.4058
ENSG00000172269.19	DPAGT1	protein_coding	1906	994	974	20.4714	5.0767	5.4891
ENSG00000172270.21	BSG	protein_coding	25064	12634	12637	375.0340	93.0046	100.5591
ENSG00000172273.13	HINFP	protein_coding	785	390	395	4.5159	1.1199	1.2109
ENSG00000172283.10	PRYP4	unprocessed_pseudogene	0	0	0	0.0000	0.0000	0.0000
ENSG00000172288.7	CDY1	protein_coding	0	0	0	0.0000	0.0000	0.0000
ENSG00000172289.3	OR10V1	protein_coding	0	3	1	0.0000	0.0000	0.0000
ENSG00000172292.15	CERS6	protein_coding	11159	13343	13197	92.3700	22.9068	24.7675
ENSG00000172294.7	CSPG4P4Y	unprocessed_pseudogene	0	0	0	0.0000	0.0000	0.0000
ENSG00000172296.13	SPTLC3	protein_coding	2202	1121	1081	14.6447	3.6317	3.9267
ENSG00000172297.7	GOLGA2P3Y	unprocessed_pseudogene	0	0	0	0.0000	0.0000	0.0000
ENSG00000172301.11	COPRS	protein_coding	3151	1626	1525	129.5817	32.1349	34.7452
ENSG00000172315.6	TP53RK	protein_coding	3772	1882	1892	67.1617	16.6554	18.0083
ENSG00000172318.5	B3GALT1	protein_coding	5	4	2	0.0557	0.0138	0.0149
ENSG00000172320.3	OR5A1	protein_coding	0	0	0	0.0000	0.0000	0.0000
ENSG00000172322.14	CLEC12A	protein_coding	153	85	76	2.6648	0.6608	0.7145
ENSG00000172324.5	OR5A2	protein_coding	0	0	0	0.0000	0.0000	0.0000
ENSG00000172331.12	BPGM	protein_coding	2243	1164	1079	50.0986	12.4240	13.4331
ENSG00000172336.5	POP7	protein_coding	1282	647	635	79.8048	19.7908	21.3983
ENSG00000172339.10	ALG14	protein_coding	770	391	379	4.5293	1.1232	1.2144
ENSG00000172340.15	SUCLG2	protein_coding	4301	2104	2197	78.9863	19.5878	21.1789
ENSG00000172342.5	CSPG4P3Y	unprocessed_pseudogene	0	0	0	0.0000	0.0000	0.0000
ENSG00000172345.14	STARD5	protein_coding	51	218	192	0.4563	0.1131	0.1223
ENSG00000172346.15	CSDC2	protein_coding	423	541	469	7.9881	1.9810	2.1419
ENSG00000172348.15	RCAN2	protein_coding	1093	565	528	16.3159	4.0462	4.3748
ENSG00000172349.17	IL16	protein_coding	807	594	635	3.7841	0.9384	1.0146
ENSG00000172350.10	ABCG4	protein_coding	10	6	4	0.0910	0.0226	0.0244
ENSG00000172352.5	CDY1B	protein_coding	0	0	0	0.0000	0.0000	0.0000
ENSG00000172354.10	GNB2	protein_coding	9889	5044	4845	208.3228	51.6619	55.8583
ENSG00000172361.6	CFAP53	protein_coding	112	50	62	3.4822	0.8635	0.9337
ENSG00000172362.3	OR5B12	protein_coding	0	0	0	0.0000	0.0000	0.0000
ENSG00000172365.3	OR5B2	protein_coding	0	0	0	0.0000	0.0000	0.0000
ENSG00000172366.20	MCRIP2	protein_coding	1160	559	610	13.1069	3.2504	3.5144
ENSG00000172367.16	PDZD3	protein_coding	5	1	5	0.0741	0.0184	0.0199
ENSG00000172375.14	C2CD2L	protein_coding	993	510	545	6.1104	1.5153	1.6384
ENSG00000172377.3	OR9I1	protein_coding	0	0	0	0.0000	0.0000	0.0000
ENSG00000172379.21	ARNT2	protein_coding	8238	4353	4433	60.3822	14.9742	16.1905
ENSG00000172380.6	GNG12	protein_coding	9057	4503	4554	108.9337	27.0144	29.2087
ENSG00000172382.10	PRSS27	protein_coding	44	28	16	0.4215	0.1045	0.1130
ENSG00000172399.6	MYOZ2	protein_coding	3	2	2	0.0667	0.0166	0.0179
ENSG00000172403.11	SYNPO2	protein_coding	5545	2766	2780	16.1012	3.9929	4.3173
ENSG00000172404.5	DNAJB7	protein_coding	6	66	83	0.1327	0.0329	0.0356
ENSG00000172409.6	CLP1	protein_coding	591	305	287	15.2621	3.7848	4.0923
ENSG00000172410.4	INSL5	protein_coding	1	0	1	0.0793	0.0197	0.0213
ENSG00000172421.10	EFCAB3	protein_coding	0	0	0	0.0000	0.0000	0.0000
ENSG00000172425.12	TTC36	protein_coding	75	151	152	4.2153	1.0454	1.1303
ENSG00000172426.16	RSPH9	protein_coding	208	591	681	4.4647	1.1072	1.1971
ENSG00000172428.11	COPS9	protein_coding	2530	1281	1249	70.4351	17.4672	18.8860
ENSG00000172432.19	GTPBP2	protein_coding	2778	1460	1446	33.3348	8.2667	8.9382
ENSG00000172456.18	FGGY	protein_coding	522	271	251	2.4316	0.6030	0.6520
ENSG00000172457.7	OR9G4	protein_coding	0	0	0	0.0000	0.0000	0.0000
ENSG00000172458.4	IL17D	protein_coding	149	304	290	2.5398	0.6298	0.6810
ENSG00000172459.4	OR5AR1	protein_coding	0	0	0	0.0000	0.0000	0.0000
ENSG00000172460.17	PRSS30P	lncRNA	17	13	7	0.3035	0.0753	0.0814
ENSG00000172461.11	FUT9	protein_coding	153	83	70	0.6320	0.1567	0.1695
ENSG00000172464.3	OR5AP2	protein_coding	0	0	0	0.0000	0.0000	0.0000
ENSG00000172465.14	TCEAL1	protein_coding	6051	2963	3088	214.3361	53.1532	57.4707
ENSG00000172466.16	ZNF24	protein_coding	8429	4256	4174	57.9966	14.3826	15.5508
ENSG00000172468.14	HSFY1	protein_coding	0	0	0	0.0000	0.0000	0.0000
ENSG00000172469.16	MANEA	protein_coding	1721	862	859	18.8050	4.6634	5.0422
ENSG00000172476.4	RAB40A	protein_coding	47	38	27	0.6634	0.1645	0.1779
ENSG00000172478.18	MAB21L4	protein_coding	2	1	1	0.0409	0.0101	0.0110
ENSG00000172482.5	AGXT	protein_coding	0	0	0	0.0000	0.0000	0.0000
ENSG00000172487.4	OR8J1	protein_coding	0	0	0	0.0000	0.0000	0.0000
ENSG00000172489.7	OR5T3	protein_coding	0	0	0	0.0000	0.0000	0.0000
ENSG00000172493.22	AFF1	protein_coding	6559	3370	3189	33.9133	8.4101	9.0933
ENSG00000172497.9	ACOT12	protein_coding	1	0	1	0.0231	0.0057	0.0062
ENSG00000172500.13	FIBP	protein_coding	6423	3266	3157	108.8608	26.9964	29.1892
ENSG00000172508.10	CARNS1	protein_coding	76	45	38	0.7601	0.1885	0.2038
ENSG00000172519.9	OR10H5	protein_coding	0	0	0	0.0000	0.0000	0.0000
ENSG00000172530.20	BANP	protein_coding	573	278	295	3.9851	0.9883	1.0685
ENSG00000172531.16	PPP1CA	protein_coding	6898	3633	4422	96.0436	23.8178	25.7525
ENSG00000172534.14	HCFC1	protein_coding	6524	3163	3363	41.0582	10.1820	11.0091
ENSG00000172538.7	FAM170B	protein_coding	0	0	0	0.0000	0.0000	0.0000
ENSG00000172543.8	CTSW	protein_coding	169	99	71	5.6676	1.4055	1.5197
ENSG00000172548.14	NIPAL4	protein_coding	14	6	8	0.1887	0.0468	0.0506
ENSG00000172551.11	MUCL1	protein_coding	2344	1200	1144	33.4747	8.3014	8.9757
ENSG00000172554.12	SNTG2	protein_coding	9	7	5	0.1137	0.0282	0.0305
ENSG00000172568.5	FNDC9	protein_coding	0	0	0	0.0000	0.0000	0.0000
ENSG00000172572.7	PDE3A	protein_coding	1256	651	648	5.3522	1.3273	1.4351
ENSG00000172575.12	RASGRP1	protein_coding	2012	1303	1313	18.6897	4.6349	5.0113
ENSG00000172578.12	KLHL6	protein_coding	484	251	233	2.6034	0.6456	0.6981
ENSG00000172586.8	CHCHD1	protein_coding	1780	893	887	68.0673	16.8800	18.2511
ENSG00000172590.18	MRPL52	protein_coding	1329	666	663	23.4571	5.8171	6.2896
ENSG00000172594.13	SMPDL3A	protein_coding	1026	524	502	24.7699	6.1427	6.6416
ENSG00000172602.11	RND1	protein_coding	464	242	222	6.6650	1.6529	1.7871
ENSG00000172613.8	RAD9A	protein_coding	809	1001	949	11.0046	2.7290	2.9507
ENSG00000172638.13	EFEMP2	protein_coding	7469	3727	3756	78.4819	19.4627	21.0436
ENSG00000172640.3	OR10AD1	protein_coding	8	3	6	0.3476	0.0862	0.0932
ENSG00000172650.14	AGAP5	protein_coding	3	2	1	0.0601	0.0149	0.0161
ENSG00000172661.19	WASHC2C	protein_coding	2015	957	1060	20.0299	4.9672	5.3707
ENSG00000172663.9	TMEM134	protein_coding	1051	498	554	10.1158	2.5086	2.7124
ENSG00000172667.11	ZMAT3	protein_coding	3445	1705	1740	17.2921	4.2883	4.6366
ENSG00000172671.20	ZFAND4	protein_coding	662	330	332	6.0231	1.4937	1.6150
ENSG00000172673.11	THEMIS	protein_coding	65	34	31	0.8555	0.2121	0.2294
ENSG00000172680.1	MOS	protein_coding	0	0	0	0.0000	0.0000	0.0000
ENSG00000172687.13	ZNF738	protein_coding	348	187	161	5.0538	1.2533	1.3551
ENSG00000172689.2	MS4A10	protein_coding	1	0	1	0.0245	0.0061	0.0066
ENSG00000172716.16	SLFN11	protein_coding	3333	1666	1667	31.5972	7.8358	8.4723
ENSG00000172717.16	FAM71D	protein_coding	4	2	2	0.0504	0.0125	0.0135
ENSG00000172724.12	CCL19	protein_coding	5	1	4	0.3668	0.0910	0.0984
ENSG00000172725.14	CORO1B	protein_coding	4881	2420	2462	51.9620	12.8860	13.9327
ENSG00000172728.16	FUT10	protein_coding	300	156	144	3.1919	0.7916	0.8559
ENSG00000172731.14	LRRC20	protein_coding	815	400	415	12.7500	3.1619	3.4187
ENSG00000172732.12	MUS81	protein_coding	2359	1385	1406	24.5556	6.0895	6.5842
ENSG00000172733.11	PURG	protein_coding	19	9	10	0.2857	0.0709	0.0766
ENSG00000172738.12	TMEM217	protein_coding	26	43	51	0.4401	0.1091	0.1180
ENSG00000172742.6	OR4D9	protein_coding	0	0	0	0.0000	0.0000	0.0000
ENSG00000172746.6	RPL12P13	unprocessed_pseudogene	2	1	1	0.2282	0.0566	0.0612
ENSG00000172748.14	ZNF596	protein_coding	139	75	90	1.3120	0.3254	0.3518
ENSG00000172752.14	COL6A5	protein_coding	3	2	1	0.0177	0.0044	0.0048
ENSG00000172757.13	CFL1	protein_coding	52044	37088	35929	503.2249	124.7947	134.9314
ENSG00000172765.17	TMCC1	protein_coding	4673	2315	2358	32.5640	8.0755	8.7315
ENSG00000172766.19	NAA16	protein_coding	978	463	515	9.5542	2.3694	2.5618
ENSG00000172769.4	OR5B3	protein_coding	0	0	0	0.0000	0.0000	0.0000
ENSG00000172771.12	EFCAB12	protein_coding	176	90	86	1.2814	0.3178	0.3436
ENSG00000172772.3	OR10W1	protein_coding	0	0	0	0.0000	0.0000	0.0000
ENSG00000172775.17	PSME3IP1	protein_coding	3766	1981	1889	49.1304	12.1838	13.1735
ENSG00000172780.17	RAB43	protein_coding	33	14	19	0.3750	0.0930	0.1005
ENSG00000172782.12	FADS6	protein_coding	1	1	0	0.0198	0.0049	0.0053
ENSG00000172785.18	CBWD1	protein_coding	984	505	479	3.9381	0.9766	1.0559
ENSG00000172789.3	HOXC5	protein_coding	10	5	5	0.3142	0.0779	0.0842
ENSG00000172794.20	RAB37	protein_coding	233	114	121	2.6052	0.6461	0.6985
ENSG00000172795.17	DCP2	protein_coding	6510	3373	3169	32.4670	8.0515	8.7055
ENSG00000172799.5	ZBTB8OSP2	processed_pseudogene	1	0	1	0.1125	0.0279	0.0302
ENSG00000172803.18	SNX32	protein_coding	25	9418	11137	0.3758	0.0932	0.1008
ENSG00000172809.13	RPL38	protein_coding	21147	10716	10615	313.2008	77.6706	83.9796
ENSG00000172817.4	CYP7B1	protein_coding	688	343	346	5.1732	1.2829	1.3871
ENSG00000172818.10	OVOL1	protein_coding	167	162	178	2.4903	0.6176	0.6677
ENSG00000172819.17	RARG	protein_coding	3852	1869	1983	42.6071	10.5661	11.4244
ENSG00000172824.16	CES4A	protein_coding	252	211	215	3.2830	0.8142	0.8803
ENSG00000172828.13	CES3	protein_coding	42	20	22	0.4833	0.1199	0.1296
ENSG00000172830.13	SSH3	protein_coding	3359	1621	1739	52.7524	13.0821	14.1447
ENSG00000172831.14	CES2	protein_coding	1804	1030	1115	19.1474	4.7484	5.1341
ENSG00000172840.7	PDP2	protein_coding	861	423	438	5.9437	1.4740	1.5937
ENSG00000172845.17	SP3	protein_coding	8703	4362	4342	28.6563	7.1065	7.6837
ENSG00000172867.4	KRT2	protein_coding	0	0	0	0.0000	0.0000	0.0000
ENSG00000172869.14	DMXL1	protein_coding	6503	3267	3236	26.9580	6.6853	7.2283
ENSG00000172878.14	METAP1D	protein_coding	303	149	154	3.8270	0.9491	1.0261
ENSG00000172888.12	ZNF621	protein_coding	2703	1369	1335	17.1405	4.2507	4.5959
ENSG00000172889.16	EGFL7	protein_coding	418	211	207	9.2452	2.2927	2.4790
ENSG00000172890.13	NADSYN1	protein_coding	1796	884	912	6.2628	1.5531	1.6793
ENSG00000172893.16	DHCR7	protein_coding	1657	826	831	22.8023	5.6547	6.1141
ENSG00000172900.12	ACTE1P	transcribed_unitary_pseudogene	0	0	0	0.0000	0.0000	0.0000
ENSG00000172901.20	LVRN	protein_coding	32	22	10	0.2735	0.0678	0.0733
ENSG00000172912.4	COX6B1P3	processed_pseudogene	1	0	1	0.2181	0.0541	0.0585
ENSG00000172915.18	NBEA	protein_coding	1879	948	932	8.9177	2.2115	2.3911
ENSG00000172922.11	RNASEH2C	protein_coding	2552	3960	3910	29.1078	7.2184	7.8048
ENSG00000172927.8	MYEOV	protein_coding	425	219	206	6.4323	1.5951	1.7247
ENSG00000172932.16	ANKRD13D	protein_coding	1730	845	885	16.6567	4.1307	4.4662
ENSG00000172935.9	MRGPRF	protein_coding	421	369	364	8.7808	2.1775	2.3544
ENSG00000172936.16	MYD88	protein_coding	5644	2828	2816	80.2384	19.8983	21.5146
ENSG00000172938.3	MRGPRD	protein_coding	0	0	0	0.0000	0.0000	0.0000
ENSG00000172939.9	OXSR1	protein_coding	6320	3257	3064	59.0359	14.6403	15.8295
ENSG00000172940.13	SLC22A13	protein_coding	4	2	2	0.0757	0.0188	0.0203
ENSG00000172943.20	PHF8	protein_coding	3959	1980	1979	24.1051	5.9778	6.4634
ENSG00000172954.14	LCLAT1	protein_coding	728	376	352	5.4922	1.3620	1.4726
ENSG00000172955.17	ADH6	protein_coding	12	7	10	0.1546	0.0383	0.0415
ENSG00000172965.17	MIR4435-2HG	lncRNA	2141	1593	1535	3.5470	0.8796	0.9511
ENSG00000172967.7	XKR3	protein_coding	7	6	1	0.2349	0.0583	0.0630
ENSG00000172969.7	FRG2C	protein_coding	0	0	0	0.0000	0.0000	0.0000
ENSG00000172971.7	UNC93B3	unprocessed_pseudogene	1	0	1	0.0825	0.0205	0.0221
ENSG00000172974.11	VDAC2P5	processed_pseudogene	36	45	34	2.3173	0.5747	0.6214
ENSG00000172977.13	KAT5	protein_coding	1243	3207	3355	18.8881	4.6841	5.0645
ENSG00000172985.11	SH3RF3	protein_coding	843	394	449	8.0374	1.9932	2.1551
ENSG00000172986.13	GXYLT2	protein_coding	4307	2175	2132	66.3182	16.4462	17.7821
ENSG00000172987.13	HPSE2	protein_coding	6	3	3	0.0770	0.0191	0.0206
ENSG00000172992.12	DCAKD	protein_coding	4267	2220	2055	85.3851	21.1747	22.8946
ENSG00000172995.16	ARPP21	protein_coding	6	2	4	0.0337	0.0084	0.0090
ENSG00000173011.12	TADA2B	protein_coding	2440	1269	1220	23.8779	5.9215	6.4025
ENSG00000173013.6	CCDC96	protein_coding	212	137	124	5.5841	1.3848	1.4973
ENSG00000173020.11	GRK2	protein_coding	4178	2124	2054	35.8883	8.8999	9.6228
ENSG00000173039.19	RELA	protein_coding	5034	2460	2578	52.2949	12.9686	14.0220
ENSG00000173040.13	EVC2	protein_coding	534	245	291	5.5050	1.3652	1.4761
ENSG00000173041.12	ZNF680	protein_coding	741	374	372	7.5566	1.8740	2.0262
ENSG00000173064.13	HECTD4	protein_coding	6033	3107	2995	15.7331	3.9016	4.2186
ENSG00000173065.13	FAM222B	protein_coding	2393	1388	1424	24.6113	6.1034	6.5991
ENSG00000173068.18	BNC2	protein_coding	2294	1172	1122	8.4900	2.1054	2.2765
ENSG00000173077.16	DELEC1	lncRNA	6	297	309	0.0512	0.0127	0.0137
ENSG00000173080.6	RXFP4	protein_coding	0	0	0	0.0000	0.0000	0.0000
ENSG00000173083.15	HPSE	protein_coding	538	257	281	6.5095	1.6143	1.7454
ENSG00000173085.15	COQ2	protein_coding	675	329	346	13.7993	3.4221	3.7001
ENSG00000173093.13	CCDC63	protein_coding	0	0	0	0.0000	0.0000	0.0000
ENSG00000173110.8	HSPA6	protein_coding	218	106	112	5.2496	1.3018	1.4076
ENSG00000173113.7	TRMT112	protein_coding	3746	2331	2276	193.1232	47.8926	51.7828
ENSG00000173114.13	LRRN3	protein_coding	165	73	92	2.4147	0.5988	0.6475
ENSG00000173120.15	KDM2A	protein_coding	12165	6674	6519	66.4557	16.4803	17.8190
ENSG00000173124.14	ACSM6	protein_coding	1	0	1	0.0202	0.0050	0.0054
ENSG00000173137.12	ADCK5	protein_coding	483	246	243	9.9894	2.4773	2.6785
ENSG00000173141.5	MRPL57	protein_coding	1481	747	735	37.6119	9.3274	10.0850
ENSG00000173145.11	NOC3L	protein_coding	2386	1199	1187	30.3114	7.5169	8.1275
ENSG00000173153.17	ESRRA	protein_coding	606	735	732	11.0823	2.7483	2.9715
ENSG00000173156.7	RHOD	protein_coding	1651	892	759	75.5066	18.7249	20.2458
ENSG00000173157.17	ADAMTS20	protein_coding	4	2	2	0.0301	0.0075	0.0081
ENSG00000173163.10	COMMD1	protein_coding	984	504	482	23.3289	5.7853	6.2552
ENSG00000173166.18	RAPH1	protein_coding	1209	5501	5558	5.8994	1.4630	1.5818
ENSG00000173171.14	MTX1	protein_coding	961	517	505	16.6255	4.1229	4.4578
ENSG00000173175.15	ADCY5	protein_coding	1450	780	822	10.0219	2.4853	2.6872
ENSG00000173193.15	PARP14	protein_coding	22528	11418	11110	124.3491	30.8373	33.3421
ENSG00000173198.6	CYSLTR1	protein_coding	239	125	114	2.4346	0.6038	0.6528
ENSG00000173200.13	PARP15	protein_coding	145	83	62	1.5003	0.3721	0.4023
ENSG00000173207.13	CKS1B	protein_coding	660	345	316	15.9951	3.9666	4.2888
ENSG00000173208.4	ABCD2	protein_coding	29	16	13	0.2615	0.0648	0.0701
ENSG00000173209.23	AHSA2P	transcribed_unitary_pseudogene	1800	2605	2657	11.2384	2.7870	3.0134
ENSG00000173210.20	ABLIM3	protein_coding	6172	3270	3280	48.4448	12.0138	12.9897
ENSG00000173212.4	MAB21L3	protein_coding	4	2	2	0.0697	0.0173	0.0187
ENSG00000173213.9	TUBB8B	protein_coding	2	1	1	0.0695	0.0172	0.0186
ENSG00000173214.7	MFSD4B	protein_coding	697	349	348	2.1868	0.5423	0.5864
ENSG00000173218.15	VANGL1	protein_coding	3456	1720	1736	21.6683	5.3735	5.8100
ENSG00000173221.14	GLRX	protein_coding	2993	1475	1520	27.2488	6.7574	7.3063
ENSG00000173226.17	IQCB1	protein_coding	2095	1048	1047	38.9405	9.6568	10.4412
ENSG00000173227.14	SYT12	protein_coding	6196	3099	3098	31.8246	7.8922	8.5332
ENSG00000173230.15	GOLGB1	protein_coding	21392	10654	10738	102.2452	25.3558	27.4154
ENSG00000173231.6	TERF1P1	processed_pseudogene	0	0	0	0.0000	0.0000	0.0000
ENSG00000173237.4	C11orf86	protein_coding	24	11	14	1.1466	0.2844	0.3074
ENSG00000173239.14	LIPM	protein_coding	0	3	4	0.0000	0.0000	0.0000
ENSG00000173250.2	GPR151	protein_coding	0	0	0	0.0000	0.0000	0.0000
ENSG00000173253.15	DMRT2	protein_coding	56	24	32	0.8921	0.2212	0.2392
ENSG00000173258.13	ZNF483	protein_coding	1012	506	528	3.4318	0.8511	0.9202
ENSG00000173261.9	PLAC8L1	protein_coding	34	23	25	0.9954	0.2469	0.2669
ENSG00000173262.12	SLC2A14	protein_coding	170	89	89	1.7293	0.4288	0.4637
ENSG00000173264.15	GPR137	protein_coding	1126	1078	1063	15.7980	3.9177	4.2360
ENSG00000173267.14	SNCG	protein_coding	170	86	84	7.6271	1.8915	2.0451
ENSG00000173269.14	MMRN2	protein_coding	1245	629	616	13.8820	3.4426	3.7222
ENSG00000173272.16	MZT2A	protein_coding	1881	1053	853	26.2221	6.5028	7.0310
ENSG00000173273.16	TNKS	protein_coding	2547	1313	1284	10.1805	2.5247	2.7297
ENSG00000173275.13	ZNF449	protein_coding	796	408	388	8.0739	2.0022	2.1649
ENSG00000173276.14	ZBTB21	protein_coding	2147	1090	1074	15.1025	3.7453	4.0495
ENSG00000173281.5	PPP1R3B	protein_coding	3102	1664	1605	30.6578	7.6028	8.2204
ENSG00000173285.4	OR10K1	protein_coding	0	0	0	0.0000	0.0000	0.0000
ENSG00000173295.7	FAM86B3P	transcribed_unprocessed_pseudogene	234	179	172	2.7249	0.6757	0.7306
ENSG00000173302.5	GPR148	protein_coding	0	0	0	0.0000	0.0000	0.0000
ENSG00000173320.12	STOX2	protein_coding	83	37	46	0.4142	0.1027	0.1111
ENSG00000173327.8	MAP3K11	protein_coding	1914	946	968	10.2758	2.5483	2.7553
ENSG00000173334.4	TRIB1	protein_coding	10477	5259	5218	144.9501	35.9462	38.8660
ENSG00000173335.5	CST9	protein_coding	464	249	215	16.1136	3.9960	4.3206
ENSG00000173338.13	KCNK7	protein_coding	6	4	2	0.2151	0.0533	0.0577
ENSG00000173349.6	SFT2D3	protein_coding	0	491	485	0.0000	0.0000	0.0000
ENSG00000173357.12	AC007967.1	transcribed_unprocessed_pseudogene	0	0	0	0.0000	0.0000	0.0000
ENSG00000173366.11	AC097637.1	protein_coding	0	0	0	0.0000	0.0000	0.0000
ENSG00000173369.17	C1QB	protein_coding	12983	6340	6643	493.4756	122.3770	132.3173
ENSG00000173372.17	C1QA	protein_coding	8296	4207	4089	385.6278	95.6318	103.3997
ENSG00000173376.14	NDNF	protein_coding	588	295	293	9.3326	2.3144	2.5024
ENSG00000173389.16	IQCF1	protein_coding	0	0	0	0.0000	0.0000	0.0000
ENSG00000173391.9	OLR1	protein_coding	2802	1360	1442	51.9795	12.8904	13.9374
ENSG00000173401.10	GLIPR1L1	protein_coding	13	5	12	0.5449	0.1351	0.1461
ENSG00000173402.12	DAG1	protein_coding	18630	9240	9394	152.6523	37.8562	40.9312
ENSG00000173404.5	INSM1	protein_coding	169	93	76	3.3675	0.8351	0.9029
ENSG00000173406.16	DAB1	protein_coding	40	21	20	0.3004	0.0745	0.0806
ENSG00000173409.14	ARV1	protein_coding	1545	751	794	41.2315	10.2250	11.0555
ENSG00000173418.12	NAA20	protein_coding	6609	3239	3372	171.7673	42.5966	46.0565
ENSG00000173421.17	IHO1	protein_coding	62	34	28	0.8113	0.2012	0.2175
ENSG00000173431.2	RNASE8	protein_coding	0	0	0	0.0000	0.0000	0.0000
ENSG00000173432.12	SAA1	protein_coding	74	41	34	5.9106	1.4658	1.5848
ENSG00000173436.15	MICOS10	protein_coding	432	200	246	4.4706	1.1087	1.1987
ENSG00000173442.13	EHBP1L1	protein_coding	2123	1082	1041	17.8814	4.4344	4.7946
ENSG00000173451.7	THAP2	protein_coding	438	225	213	4.7403	1.1755	1.2710
ENSG00000173452.14	TMEM196	protein_coding	0	0	0	0.0000	0.0000	0.0000
ENSG00000173456.5	RNF26	protein_coding	1408	1021	1050	28.6912	7.1151	7.6931
ENSG00000173457.11	PPP1R14B	protein_coding	1634	801	848	55.8891	13.8599	14.9857
ENSG00000173464.14	RNASE11	protein_coding	0	0	0	0.0000	0.0000	0.0000
ENSG00000173465.8	ZNRD2	protein_coding	749	367	384	21.4741	5.3254	5.7579
ENSG00000173467.9	AGR3	protein_coding	3223	1581	1642	158.5223	39.3119	42.5051
ENSG00000173473.11	SMARCC1	protein_coding	12296	6179	6117	91.4619	22.6816	24.5240
ENSG00000173480.11	ZNF417	protein_coding	700	350	352	7.5241	1.8659	2.0175
ENSG00000173482.17	PTPRM	protein_coding	3160	1606	1605	18.1014	4.4890	4.8536
ENSG00000173486.14	FKBP2	protein_coding	6	3	3	0.2448	0.0607	0.0656
ENSG00000173511.10	VEGFB	protein_coding	4430	2215	2215	127.5255	31.6250	34.1938
ENSG00000173517.10	PEAK1	protein_coding	6606	3262	3344	15.4907	3.8415	4.1536
ENSG00000173530.6	TNFRSF10D	protein_coding	168	83	85	2.6951	0.6684	0.7227
ENSG00000173531.15	MST1	protein_coding	121	52	69	1.3497	0.3347	0.3619
ENSG00000173535.15	TNFRSF10C	protein_coding	49	23	26	1.7986	0.4460	0.4823
ENSG00000173540.14	GMPPB	protein_coding	1403	1285	1242	11.9197	2.9560	3.1961
ENSG00000173542.9	MOB1B	protein_coding	2582	1270	1312	16.6373	4.1259	4.4610
ENSG00000173545.5	ZNF622	protein_coding	3493	1691	1802	116.0445	28.7779	31.1154
ENSG00000173546.7	CSPG4	protein_coding	2283	1267	1286	15.6175	3.8730	4.1876
ENSG00000173548.9	SNX33	protein_coding	3319	1842	1839	23.5217	5.8331	6.3069
ENSG00000173557.15	FAM166C	protein_coding	3	1	2	0.0679	0.0168	0.0182
ENSG00000173559.14	NABP1	protein_coding	990	494	496	3.2218	0.7990	0.8639
ENSG00000173567.15	ADGRF3	protein_coding	14	61	40	0.1378	0.0342	0.0370
ENSG00000173572.11	NLRP13	protein_coding	0	0	0	0.0000	0.0000	0.0000
ENSG00000173575.22	CHD2	protein_coding	6928	3494	3435	23.1778	5.7479	6.2147
ENSG00000173578.8	XCR1	protein_coding	14	8	6	0.1537	0.0381	0.0412
ENSG00000173581.8	CCDC106	protein_coding	919	456	463	19.2383	4.7709	5.1584
ENSG00000173585.16	CCR9	protein_coding	2	1	1	0.0404	0.0100	0.0108
ENSG00000173588.15	CEP83	protein_coding	947	648	709	7.7574	1.9238	2.0800
ENSG00000173597.9	SULT1B1	protein_coding	4	1	3	0.0312	0.0077	0.0084
ENSG00000173598.14	NUDT4	protein_coding	6201	3270	3315	34.8937	8.6533	9.3562
ENSG00000173599.15	PC	protein_coding	3994	2219	2245	31.0188	7.6924	8.3172
ENSG00000173610.12	UGT2A1	protein_coding	0	0	0	0.0000	0.0000	0.0000
ENSG00000173611.18	SCAI	protein_coding	729	380	349	3.1713	0.7865	0.8503
ENSG00000173612.10	GPRC6A	protein_coding	0	0	0	0.0000	0.0000	0.0000
ENSG00000173614.14	NMNAT1	protein_coding	542	265	277	6.6674	1.6535	1.7878
ENSG00000173621.9	LRFN4	protein_coding	415	415	469	7.6238	1.8906	2.0442
ENSG00000173626.10	TRAPPC3L	protein_coding	3	69	77	0.0601	0.0149	0.0161
ENSG00000173627.8	APOBEC4	protein_coding	1	0	1	0.0204	0.0051	0.0055
ENSG00000173638.19	SLC19A1	protein_coding	1041	4228	4097	5.2546	1.3031	1.4089
ENSG00000173641.18	HSPB7	protein_coding	475	229	249	8.4363	2.0921	2.2621
ENSG00000173653.8	RCE1	protein_coding	1171	570	601	22.1284	5.4876	5.9334
ENSG00000173660.12	UQCRH	protein_coding	3986	2054	1932	168.5652	41.8025	45.1980
ENSG00000173662.21	TAS1R1	protein_coding	3	2	1	0.0616	0.0153	0.0165
ENSG00000173673.8	HES3	protein_coding	0	0	0	0.0000	0.0000	0.0000
ENSG00000173674.11	EIF1AX	protein_coding	6288	3119	3169	80.7867	20.0343	21.6616
ENSG00000173678.14	SPDYE2B	protein_coding	0	0	0	0.0000	0.0000	0.0000
ENSG00000173679.2	OR1L1	protein_coding	0	0	0	0.0000	0.0000	0.0000
ENSG00000173681.16	BCLAF3	protein_coding	1382	712	670	9.0815	2.2521	2.4350
ENSG00000173692.14	PSMD1	protein_coding	8855	4527	4460	31.7928	7.8843	8.5247
ENSG00000173698.18	ADGRG2	protein_coding	63	22	41	0.3518	0.0872	0.0943
ENSG00000173699.16	SPATA3	protein_coding	0	0	0	0.0000	0.0000	0.0000
ENSG00000173702.7	MUC13	protein_coding	21	9	12	0.3404	0.0844	0.0913
ENSG00000173705.9	SUSD5	protein_coding	292	148	144	3.5983	0.8923	0.9648
ENSG00000173706.14	HEG1	protein_coding	12568	6348	6220	71.5306	17.7389	19.1797
ENSG00000173714.8	WFIKKN2	protein_coding	4	13	3	0.0597	0.0148	0.0160
ENSG00000173715.18	C11orf80	protein_coding	762	389	379	10.9317	2.7110	2.9312
ENSG00000173726.11	TOMM20	protein_coding	22581	11445	11136	372.4747	92.3700	99.8729
ENSG00000173727.12	AP000769.1	transcribed_unprocessed_pseudogene	2009	1004	1005	64.2948	15.9445	17.2396
ENSG00000173728.11	C1orf100	protein_coding	7	3	4	0.3449	0.0855	0.0925
ENSG00000173744.18	AGFG1	protein_coding	5699	2883	2817	34.6622	8.5959	9.2941
ENSG00000173757.10	STAT5B	protein_coding	6025	3012	3018	53.0720	13.1613	14.2304
ENSG00000173762.8	CD7	protein_coding	116	54	62	2.4000	0.5952	0.6435
ENSG00000173769.4	TOPAZ1	protein_coding	0	0	0	0.0000	0.0000	0.0000
ENSG00000173786.17	CNP	protein_coding	8398	5078	5300	64.2453	15.9322	17.2263
ENSG00000173801.17	JUP	protein_coding	28373	13926	14452	325.5832	80.7413	87.2997
ENSG00000173805.16	HAP1	protein_coding	162	83	80	1.4763	0.3661	0.3958
ENSG00000173809.18	TDRD12	protein_coding	18	10	8	0.1453	0.0360	0.0390
ENSG00000173810.9	PPIAP7	processed_pseudogene	0	0	0	0.0000	0.0000	0.0000
ENSG00000173811.11	CCDC13-AS1	lncRNA	6	10	7	0.1436	0.0356	0.0385
ENSG00000173812.11	EIF1	protein_coding	56199	28484	27718	879.6698	218.1492	235.8688
ENSG00000173818.17	ENDOV	protein_coding	1206	602	605	9.4295	2.3384	2.5284
ENSG00000173821.19	RNF213	protein_coding	97327	52282	52867	193.1891	47.9089	51.8004
ENSG00000173825.7	TIGD3	protein_coding	42	18	24	1.1745	0.2913	0.3149
ENSG00000173826.15	KCNH6	protein_coding	1	0	1	0.0135	0.0033	0.0036
ENSG00000173838.12	MARCHF10	protein_coding	231	152	160	2.6626	0.6603	0.7139
ENSG00000173846.13	PLK3	protein_coding	1413	742	744	24.0851	5.9729	6.4580
ENSG00000173848.19	NET1	protein_coding	32479	16579	15900	386.7877	95.9195	103.7107
ENSG00000173852.15	DPY19L1	protein_coding	2653	1318	1335	24.1186	5.9812	6.4670
ENSG00000173862.3	AC008080.1	lncRNA	6	4	2	0.3216	0.0798	0.0862
ENSG00000173867.10	AC013489.1	protein_coding	1	0	1	0.0173	0.0043	0.0046
ENSG00000173868.12	PHOSPHO1	protein_coding	11	8	3	0.2608	0.0647	0.0699
ENSG00000173875.14	ZNF791	protein_coding	2775	1385	1391	23.6932	5.8757	6.3529
ENSG00000173889.16	PHC3	protein_coding	6316	3113	3208	21.1703	5.2500	5.6765
ENSG00000173890.17	GPR160	protein_coding	3672	1861	1815	47.5323	11.7875	12.7450
ENSG00000173894.11	CBX2	protein_coding	128	59	69	1.2800	0.3174	0.3432
ENSG00000173898.14	SPTBN2	protein_coding	1981	977	1004	8.7610	2.1726	2.3491
ENSG00000173905.9	GOLIM4	protein_coding	6326	3105	3221	78.2608	19.4079	20.9843
ENSG00000173908.9	KRT28	protein_coding	0	0	0	0.0000	0.0000	0.0000
ENSG00000173914.12	RBM4B	protein_coding	1995	1357	1327	26.3660	6.5385	7.0696
ENSG00000173915.16	ATP5MD	protein_coding	2858	1485	1620	175.4081	43.4994	47.0328
ENSG00000173917.10	HOXB2	protein_coding	1053	578	632	25.5632	6.3394	6.8543
ENSG00000173918.15	C1QTNF1	protein_coding	1924	968	957	22.9464	5.6905	6.1527
ENSG00000173926.6	MARCHF3	protein_coding	1074	497	577	12.3568	3.0644	3.3133
ENSG00000173928.4	SWSAP1	protein_coding	166	117	122	5.5278	1.3708	1.4822
ENSG00000173930.9	SLCO4C1	protein_coding	8	3	5	0.0895	0.0222	0.0240
ENSG00000173933.21	RBM4	protein_coding	1851	1280	1198	16.0554	3.9816	4.3050
ENSG00000173947.14	PIFO	protein_coding	2409	1219	1194	34.5947	8.5791	9.2760
ENSG00000173950.16	XXYLT1	protein_coding	2159	1061	1099	22.6903	5.6270	6.0840
ENSG00000173954.8	SNURFL	processed_pseudogene	0	0	0	0.0000	0.0000	0.0000
ENSG00000173960.14	UBXN2A	protein_coding	1893	967	926	15.6993	3.8933	4.2095
ENSG00000173966.7	AC095040.1	processed_pseudogene	1	0	1	0.0840	0.0208	0.0225
ENSG00000173976.16	RAX2	protein_coding	0	0	0	0.0000	0.0000	0.0000
ENSG00000173988.13	LRRC63	protein_coding	8	6	2	0.0623	0.0155	0.0167
ENSG00000173991.6	TCAP	protein_coding	21	14	7	1.2405	0.3076	0.3326
ENSG00000173992.9	CCS	protein_coding	2410	1189	1221	63.8053	15.8231	17.1083
ENSG00000174004.6	NRROS	protein_coding	292	146	146	5.7062	1.4151	1.5300
ENSG00000174007.9	CEP19	protein_coding	501	243	258	13.1658	3.2650	3.5302
ENSG00000174010.9	KLHL15	protein_coding	837	454	383	7.5680	1.8768	2.0292
ENSG00000174013.8	FBXO45	protein_coding	2588	1315	1273	24.5591	6.0904	6.5851
ENSG00000174015.10	CBY2	protein_coding	0	0	0	0.0000	0.0000	0.0000
ENSG00000174016.11	TENT5D	protein_coding	0	0	0	0.0000	0.0000	0.0000
ENSG00000174021.11	GNG5	protein_coding	84	50	57	4.2231	1.0473	1.1323
ENSG00000174028.6	FAM3C2P	processed_pseudogene	256	130	126	21.3183	5.2867	5.7161
ENSG00000174032.17	SLC25A30	protein_coding	1367	699	708	11.4104	2.8297	3.0595
ENSG00000174038.13	C9orf131	protein_coding	2	3	4	0.0297	0.0074	0.0080
ENSG00000174059.17	CD34	protein_coding	3722	1860	1862	22.8956	5.6779	6.1391
ENSG00000174080.12	CTSF	protein_coding	24120	12150	11973	321.9215	79.8333	86.3179
ENSG00000174099.12	MSRB3	protein_coding	6438	3322	3198	49.3044	12.2270	13.2201
ENSG00000174106.3	LEMD3	protein_coding	3090	1592	1498	31.4152	7.7906	8.4235
ENSG00000174109.5	C16orf91	protein_coding	604	314	291	34.0824	8.4521	9.1386
ENSG00000174123.11	TLR10	protein_coding	33	18	15	0.4437	0.1100	0.1190
ENSG00000174125.8	TLR1	protein_coding	1174	646	528	14.6743	3.6391	3.9347
ENSG00000174130.12	TLR6	protein_coding	316	147	169	2.9694	0.7364	0.7962
ENSG00000174132.9	FAM174A	protein_coding	2430	1257	1173	102.3053	25.3707	27.4315
ENSG00000174136.13	RGMB	protein_coding	758	1480	1432	6.4709	1.6047	1.7351
ENSG00000174137.13	FAM53A	protein_coding	160	84	77	2.1614	0.5360	0.5795
ENSG00000174145.8	NWD2	protein_coding	1	0	1	0.0073	0.0018	0.0019
ENSG00000174151.15	CYB561D1	protein_coding	865	473	393	8.6211	2.1379	2.3116
ENSG00000174156.15	GSTA3	protein_coding	338	162	176	20.9486	5.1950	5.6170
ENSG00000174165.8	ZDHHC24	protein_coding	4065	2328	2354	35.2756	8.7480	9.4586
ENSG00000174171.6	AC020659.1	lncRNA	5	711	747	0.0420	0.0104	0.0113
ENSG00000174173.7	TRMT10C	protein_coding	1757	854	903	52.9434	13.1294	14.1959
ENSG00000174175.17	SELP	protein_coding	8	4	4	0.1300	0.0322	0.0349
ENSG00000174177.13	CTU2	protein_coding	348	236	219	5.6034	1.3896	1.5025
ENSG00000174197.16	MGA	protein_coding	3512	1795	1744	11.2835	2.7982	3.0255
ENSG00000174206.13	C12orf66	protein_coding	1284	649	635	12.1319	3.0086	3.2530
ENSG00000174225.15	ARL13A	protein_coding	17	14	12	0.6272	0.1555	0.1682
ENSG00000174226.9	SNX31	protein_coding	3	1	2	0.0541	0.0134	0.0145
ENSG00000174227.16	PIGG	protein_coding	1906	947	959	9.9174	2.4594	2.6592
ENSG00000174231.17	PRPF8	protein_coding	23534	11782	11943	117.6907	29.1861	31.5568
ENSG00000174233.11	ADCY6	protein_coding	4418	2940	2842	29.7913	7.3879	7.9880
ENSG00000174236.4	REP15	protein_coding	11	29	36	0.5424	0.1345	0.1454
ENSG00000174238.15	PITPNA	protein_coding	6049	3343	3216	72.0669	17.8719	19.3236
ENSG00000174243.10	DDX23	protein_coding	9588	4905	4683	100.1908	24.8463	26.8645
ENSG00000174255.8	ZNF80	protein_coding	5	6	3	0.0962	0.0239	0.0258
ENSG00000174276.7	ZNHIT2	protein_coding	214	134	134	9.3425	2.3169	2.5050
ENSG00000174279.4	EVX2	protein_coding	0	0	0	0.0000	0.0000	0.0000
ENSG00000174282.12	ZBTB4	protein_coding	9811	5031	4781	90.7341	22.5011	24.3288
ENSG00000174292.12	TNK1	protein_coding	905	441	474	13.2960	3.2973	3.5651
ENSG00000174306.21	ZHX3	protein_coding	3125	1645	1661	15.2499	3.7818	4.0890
ENSG00000174307.7	PHLDA3	protein_coding	3049	1541	1508	53.3175	13.2222	14.2962
ENSG00000174325.6	DIRC1	lncRNA	33	17	16	1.8047	0.4475	0.4839
ENSG00000174326.14	SLC16A11	protein_coding	85	42	43	2.0904	0.5184	0.5605
ENSG00000174327.7	SLC16A13	protein_coding	315	168	147	8.3358	2.0672	2.2351
ENSG00000174332.5	GLIS1	protein_coding	183	104	79	3.3337	0.8267	0.8939
ENSG00000174339.2	OR2Y1	protein_coding	0	0	0	0.0000	0.0000	0.0000
ENSG00000174343.6	CHRNA9	protein_coding	192	92	100	3.4413	0.8534	0.9227
ENSG00000174348.14	PODN	protein_coding	5083	3097	3149	58.8399	14.5917	15.7769
ENSG00000174353.17	STAG3L3	transcribed_unprocessed_pseudogene	60	66	57	0.9338	0.2316	0.2504
ENSG00000174358.16	SLC6A19	protein_coding	0	0	0	0.0000	0.0000	0.0000
ENSG00000174365.20	SNHG11	lncRNA	769	366	403	9.6376	2.3900	2.5842
ENSG00000174370.11	C11orf45	protein_coding	107	56	51	1.6181	0.4013	0.4339
ENSG00000174371.17	EXO1	protein_coding	638	317	321	8.7457	2.1688	2.3450
ENSG00000174373.16	RALGAPA1	protein_coding	2166	1077	1089	8.6151	2.1365	2.3100
ENSG00000174384.9	PMS2P6	unprocessed_pseudogene	1	1	0	0.0799	0.0198	0.0214
ENSG00000174403.16	MIR1-1HG-AS1	lncRNA	4	2	2	0.0668	0.0166	0.0179
ENSG00000174405.14	LIG4	protein_coding	1049	503	546	13.5571	3.3620	3.6351
ENSG00000174407.13	MIR1-1HG	lncRNA	0	0	0	0.0000	0.0000	0.0000
ENSG00000174408.8	PPIAP24	processed_pseudogene	0	0	0	0.0000	0.0000	0.0000
ENSG00000174417.3	TRHR	protein_coding	0	0	0	0.0000	0.0000	0.0000
ENSG00000174418.7	RPL35P9	processed_pseudogene	1	1	0	0.1620	0.0402	0.0434
ENSG00000174428.18	GTF2IRD2B	protein_coding	302	155	148	2.6107	0.6474	0.7000
ENSG00000174429.4	ABRA	protein_coding	1	1	0	0.0206	0.0051	0.0055
ENSG00000174437.17	ATP2A2	protein_coding	19909	10035	9874	82.1418	20.3703	22.0250
ENSG00000174442.12	ZWILCH	protein_coding	1082	698	675	12.6490	3.1368	3.3916
ENSG00000174444.15	RPL4	protein_coding	47905	22974	24968	484.3450	120.1127	129.8691
ENSG00000174446.13	SNAPC5	protein_coding	1150	590	560	26.3394	6.5319	7.0625
ENSG00000174448.8	STARD6	protein_coding	1	2	2	0.0305	0.0076	0.0082
ENSG00000174450.12	GOLGA6L2	protein_coding	0	0	0	0.0000	0.0000	0.0000
ENSG00000174453.10	VWC2L	protein_coding	4	4	0	0.0431	0.0107	0.0116
ENSG00000174456.15	C12orf76	protein_coding	784	775	763	8.7849	2.1786	2.3555
ENSG00000174460.4	ZCCHC12	protein_coding	25	11	14	0.6453	0.1600	0.1730
ENSG00000174469.23	CNTNAP2	protein_coding	11776	5760	6016	40.7777	10.1125	10.9339
ENSG00000174473.16	GALNTL6	protein_coding	32	18	14	0.1964	0.0487	0.0526
ENSG00000174482.10	LINGO2	protein_coding	10	5	5	0.1630	0.0404	0.0437
ENSG00000174483.20	BBS1	protein_coding	111	203	196	1.0267	0.2546	0.2753
ENSG00000174485.16	DENND4A	protein_coding	2727	1450	1440	14.5579	3.6102	3.9034
ENSG00000174495.12	PPIAP80	processed_pseudogene	0	0	0	0.0000	0.0000	0.0000
ENSG00000174498.14	IGDCC3	protein_coding	597	311	287	6.1400	1.5227	1.6463
ENSG00000174500.13	GCSAM	protein_coding	123	74	61	1.8601	0.4613	0.4988
ENSG00000174501.14	ANKRD36C	protein_coding	232	109	123	1.5345	0.3805	0.4114
ENSG00000174502.19	SLC26A9	protein_coding	3	0	3	0.0302	0.0075	0.0081
ENSG00000174514.13	MFSD4A	protein_coding	23	20	15	0.2253	0.0559	0.0604
ENSG00000174516.15	PELI3	protein_coding	2583	1504	1530	37.3107	9.2527	10.0042
ENSG00000174521.7	TTC9B	protein_coding	31	14	17	0.7506	0.1862	0.2013
ENSG00000174527.10	MYO1H	protein_coding	12	9	9	0.1420	0.0352	0.0381
ENSG00000174529.7	TMEM81	protein_coding	141	70	71	6.0031	1.4887	1.6096
ENSG00000174547.13	MRPL11	protein_coding	2830	1438	1394	63.2096	15.6753	16.9486
ENSG00000174562.13	KLK15	protein_coding	0	0	0	0.0000	0.0000	0.0000
ENSG00000174564.13	IL20RB	protein_coding	77	35	45	1.7874	0.4433	0.4793
ENSG00000174567.8	GOLT1A	protein_coding	382	168	214	21.0527	5.2209	5.6449
ENSG00000174572.3	RPL10P2	processed_pseudogene	0	0	0	0.0000	0.0000	0.0000
ENSG00000174574.16	AKIRIN1	protein_coding	3328	1711	1617	70.2123	17.4120	18.8263
ENSG00000174576.10	NPAS4	protein_coding	8	1	7	0.1323	0.0328	0.0355
ENSG00000174579.4	MSL2	protein_coding	3727	1944	1783	39.0608	9.6867	10.4735
ENSG00000174586.11	ZNF497	protein_coding	83	347	329	1.2078	0.2995	0.3239
ENSG00000174599.5	TRAM1L1	protein_coding	265	136	129	7.4286	1.8422	1.9919
ENSG00000174600.14	CMKLR1	protein_coding	1910	928	982	19.1168	4.7408	5.1259
ENSG00000174606.14	ANGEL2	protein_coding	2569	1298	1274	19.9109	4.9377	5.3388
ENSG00000174607.11	UGT8	protein_coding	13	8	5	0.1681	0.0417	0.0451
ENSG00000174611.12	KY	protein_coding	7	5	2	0.0441	0.0109	0.0118
ENSG00000174628.16	IQCK	protein_coding	853	1131	1187	9.6883	2.4026	2.5978
ENSG00000174640.15	SLCO2A1	protein_coding	558	271	287	6.1721	1.5306	1.6549
ENSG00000174652.19	ZNF266	protein_coding	1903	945	958	19.9961	4.9588	5.3616
ENSG00000174667.4	OR7D4	protein_coding	0	0	0	0.0000	0.0000	0.0000
ENSG00000174669.12	SLC29A2	protein_coding	2123	1306	1348	44.2630	10.9768	11.8684
ENSG00000174672.16	BRSK2	protein_coding	5	5	0	0.0411	0.0102	0.0110
ENSG00000174677.4	VN1R6P	unitary_pseudogene	0	0	0	0.0000	0.0000	0.0000
ENSG00000174678.9	FAM47DP	processed_pseudogene	0	0	0	0.0000	0.0000	0.0000
ENSG00000174680.10	GRIK1-AS1	lncRNA	3	1	2	0.0369	0.0092	0.0099
ENSG00000174684.7	B4GAT1	protein_coding	3251	1657	1596	91.8605	22.7805	24.6309
ENSG00000174695.10	TMEM167A	protein_coding	11599	5864	5735	135.2064	33.5298	36.2533
ENSG00000174697.5	LEP	protein_coding	4	1	3	0.0662	0.0164	0.0177
ENSG00000174705.13	SH3PXD2B	protein_coding	6375	3216	3160	43.8532	10.8752	11.7585
ENSG00000174715.7	PPIAP72	processed_pseudogene	5	1	4	0.5626	0.1395	0.1509
ENSG00000174718.12	RESF1	protein_coding	6084	3024	3060	51.9145	12.8743	13.9200
ENSG00000174720.16	LARP7	protein_coding	2374	1683	1663	33.6911	8.3550	9.0337
ENSG00000174721.10	FGFBP3	protein_coding	239	135	150	5.3089	1.3166	1.4235
ENSG00000174738.13	NR1D2	protein_coding	5757	2931	2826	56.3576	13.9761	15.1113
ENSG00000174740.8	PABPC5	protein_coding	89	43	46	1.4630	0.3628	0.3923
ENSG00000174744.14	BRMS1	protein_coding	6542	3229	3315	147.5723	36.5964	39.5690
ENSG00000174748.22	RPL15	protein_coding	47752	23606	24267	379.2206	94.0429	101.6817
ENSG00000174749.6	FAM241A	protein_coding	4517	2270	2247	28.9642	7.1828	7.7663
ENSG00000174775.17	HRAS	protein_coding	1709	853	856	51.5518	12.7843	13.8228
ENSG00000174776.11	WDR49	protein_coding	3	0	3	0.0437	0.0108	0.0117
ENSG00000174780.17	SRP72	protein_coding	11549	5671	5878	106.5815	26.4311	28.5781
ENSG00000174788.10	PCP2	protein_coding	68	60	57	5.0082	1.2420	1.3429
ENSG00000174791.11	RIN1	protein_coding	964	532	532	10.1671	2.5213	2.7261
ENSG00000174792.11	ODAPH	protein_coding	12	6	6	0.3336	0.0827	0.0894
ENSG00000174796.12	THAP6	protein_coding	1115	589	653	8.8721	2.2002	2.3789
ENSG00000174799.11	CEP135	protein_coding	1024	518	506	6.7227	1.6672	1.8026
ENSG00000174804.4	FZD4	protein_coding	3400	3461	3338	26.1018	6.4730	6.9988
ENSG00000174807.4	CD248	protein_coding	4621	2299	2323	102.7271	25.4753	27.5446
ENSG00000174808.12	BTC	protein_coding	103	52	51	2.2017	0.5460	0.5904
ENSG00000174827.14	PDZK1	protein_coding	71	39	33	1.6236	0.4026	0.4353
ENSG00000174837.15	ADGRE1	protein_coding	91	50	50	1.3921	0.3452	0.3733
ENSG00000174839.13	DENND6A	protein_coding	3068	1714	1621	34.0149	8.4354	9.1205
ENSG00000174840.9	PDE12	protein_coding	4004	1991	2013	25.3621	6.2895	6.8004
ENSG00000174842.17	GLMN	protein_coding	752	363	389	14.6549	3.6343	3.9295
ENSG00000174844.14	DNAH12	protein_coding	28	13	15	0.1196	0.0297	0.0321
ENSG00000174851.16	YIF1A	protein_coding	8246	4121	4141	199.4160	49.4531	53.4701
ENSG00000174871.11	CNIH2	protein_coding	225	132	120	6.1404	1.5228	1.6464
ENSG00000174876.16	AMY1B	protein_coding	0	0	0	0.0000	0.0000	0.0000
ENSG00000174885.13	NLRP6	protein_coding	8	5	3	0.1420	0.0352	0.0381
ENSG00000174886.14	NDUFA11	protein_coding	229	111	122	2.6837	0.6655	0.7196
ENSG00000174891.13	RSRC1	protein_coding	2129	1405	1272	23.5950	5.8513	6.3266
ENSG00000174898.16	CATSPERD	protein_coding	1	1	0	0.0204	0.0051	0.0055
ENSG00000174899.12	SLC66A1L	transcribed_unitary_pseudogene	246	118	128	4.1806	1.0367	1.1210
ENSG00000174903.16	RAB1B	protein_coding	8902	13152	13449	258.8883	64.2017	69.4166
ENSG00000174912.7	METTL15P1	processed_pseudogene	127	68	59	6.8920	1.7092	1.8480
ENSG00000174914.3	OR9G1	protein_coding	0	0	0	0.0000	0.0000	0.0000
ENSG00000174915.12	PTDSS2	protein_coding	3100	1525	1587	28.7538	7.1307	7.7099
ENSG00000174917.9	MICOS13	protein_coding	2092	1009	1092	80.4866	19.9599	21.5811
ENSG00000174928.16	C3orf33	protein_coding	43	21	22	1.1832	0.2934	0.3172
ENSG00000174930.4	VN2R1P	unitary_pseudogene	0	0	0	0.0000	0.0000	0.0000
ENSG00000174937.5	OR5M3	protein_coding	0	0	0	0.0000	0.0000	0.0000
ENSG00000174938.14	SEZ6L2	protein_coding	356	182	175	4.9121	1.2182	1.3171
ENSG00000174939.11	ASPHD1	protein_coding	36	39	42	0.8830	0.2190	0.2368
ENSG00000174943.11	KCTD13	protein_coding	1069	547	567	9.3873	2.3279	2.5170
ENSG00000174944.9	P2RY14	protein_coding	189	94	95	3.7087	0.9197	0.9944
ENSG00000174945.13	AMZ1	protein_coding	299	149	152	2.4185	0.5998	0.6485
ENSG00000174946.7	GPR171	protein_coding	40	22	19	1.2533	0.3108	0.3360
ENSG00000174948.6	GPR149	protein_coding	0	0	0	0.0000	0.0000	0.0000
ENSG00000174950.11	CD164L2	protein_coding	137	73	64	3.8963	0.9662	1.0447
ENSG00000174951.11	FUT1	protein_coding	598	282	316	7.8086	1.9364	2.0937
ENSG00000174953.14	DHX36	protein_coding	4918	2537	2381	26.4310	6.5546	7.0870
ENSG00000174957.1	OR5J2	protein_coding	0	0	0	0.0000	0.0000	0.0000
ENSG00000174963.18	ZIC4	protein_coding	12	11	11	0.0799	0.0198	0.0214
ENSG00000174970.5	OR10AG1	protein_coding	0	0	0	0.0000	0.0000	0.0000
ENSG00000174977.8	AC026271.1	processed_pseudogene	236	109	127	9.9285	2.4622	2.6621
ENSG00000174982.4	OR4S2	protein_coding	0	0	0	0.0000	0.0000	0.0000
ENSG00000174989.13	FBXW8	protein_coding	1830	1106	1019	19.9231	4.9407	5.3420
ENSG00000174990.8	CA5A	protein_coding	0	0	0	0.0000	0.0000	0.0000
ENSG00000174992.8	ZG16	protein_coding	31	13	18	0.5642	0.1399	0.1513
ENSG00000174996.12	KLC2	protein_coding	6264	4048	3812	64.8351	16.0784	17.3844
ENSG00000175003.15	SLC22A1	protein_coding	30	15	15	0.7442	0.1846	0.1996
ENSG00000175018.13	TEX36	protein_coding	0	0	0	0.0000	0.0000	0.0000
ENSG00000175029.17	CTBP2	protein_coding	5206	4323	4340	26.7033	6.6222	7.1601
ENSG00000175040.6	CHST2	protein_coding	299	123	176	4.0937	1.0152	1.0977
ENSG00000175048.17	ZDHHC14	protein_coding	673	351	322	3.4285	0.8502	0.9193
ENSG00000175054.16	ATR	protein_coding	3487	1771	1837	7.2611	1.8007	1.9469
ENSG00000175061.18	SNHG29	lncRNA	13126	14325	13184	103.7312	25.7243	27.8138
ENSG00000175063.17	UBE2C	protein_coding	903	444	459	39.8205	9.8751	10.6772
ENSG00000175065.12	DSG4	protein_coding	6	3	3	0.0725	0.0180	0.0194
ENSG00000175066.16	GK5	protein_coding	2042	1049	993	9.5365	2.3650	2.5571
ENSG00000175073.8	VCPIP1	protein_coding	5978	2967	3011	34.0510	8.4443	9.1302
ENSG00000175077.6	RTP1	protein_coding	0	0	0	0.0000	0.0000	0.0000
ENSG00000175084.12	DES	protein_coding	54	34	29	1.2454	0.3088	0.3339
ENSG00000175087.10	PDIK1L	protein_coding	2068	1054	1014	25.7185	6.3779	6.8960
ENSG00000175093.5	SPSB4	protein_coding	99	53	46	1.4794	0.3669	0.3967
ENSG00000175097.8	RAG2	protein_coding	0	32	38	0.0000	0.0000	0.0000
ENSG00000175104.15	TRAF6	protein_coding	2123	1094	1029	14.8106	3.6729	3.9712
ENSG00000175105.8	ZNF654	protein_coding	2005	1060	1057	16.7211	4.1467	4.4835
ENSG00000175106.17	TVP23C	protein_coding	98	57	52	0.8231	0.2041	0.2207
ENSG00000175110.12	MRPS22	protein_coding	1196	1071	1065	12.6022	3.1252	3.3791
ENSG00000175115.13	PACS1	protein_coding	9515	4770	4776	56.2841	13.9579	15.0916
ENSG00000175121.11	WFDC5	protein_coding	0	0	0	0.0000	0.0000	0.0000
ENSG00000175130.7	MARCKSL1	protein_coding	13479	6710	6771	494.4332	122.6144	132.5740
ENSG00000175137.11	SH3BP5L	protein_coding	2378	1204	1174	23.5598	5.8426	6.3172
ENSG00000175143.5	OR2T1	protein_coding	0	0	0	0.0000	0.0000	0.0000
ENSG00000175147.13	TMEM51-AS1	lncRNA	91	239	209	0.4310	0.1069	0.1156
ENSG00000175155.11	YPEL2	protein_coding	2143	1157	1144	13.9673	3.4637	3.7451
ENSG00000175161.14	CADM2	protein_coding	56	22	34	0.3181	0.0789	0.0853
ENSG00000175164.15	ABO	protein_coding	31	19	12	0.2714	0.0673	0.0728
ENSG00000175166.17	PSMD2	protein_coding	16701	8279	8422	190.9503	47.3537	51.2001
ENSG00000175170.16	FAM182B	lncRNA	15	7	8	0.1244	0.0309	0.0334
ENSG00000175175.6	PPM1E	protein_coding	279	168	170	2.4119	0.5981	0.6467
ENSG00000175182.15	FAM131A	protein_coding	1055	608	613	6.7035	1.6624	1.7974
ENSG00000175183.10	CSRP2	protein_coding	738	370	370	7.1640	1.7766	1.9209
ENSG00000175189.4	INHBC	protein_coding	11	6	5	0.1948	0.0483	0.0522
ENSG00000175193.14	PARL	protein_coding	288	154	134	7.2013	1.7858	1.9309
ENSG00000175197.12	DDIT3	protein_coding	704	586	614	30.5462	7.5751	8.1904
ENSG00000175198.17	PCCA	protein_coding	510	316	279	3.9685	0.9841	1.0641
ENSG00000175202.6	HIGD2B	protein_coding	0	0	0	0.0000	0.0000	0.0000
ENSG00000175203.17	DCTN2	protein_coding	6442	3960	4097	36.5508	9.0642	9.8005
ENSG00000175206.10	NPPA	protein_coding	6	14	20	0.3038	0.0753	0.0815
ENSG00000175213.3	ZNF408	protein_coding	809	396	413	16.0078	3.9698	4.2922
ENSG00000175215.11	CTDSP2	protein_coding	21138	10544	10595	220.6803	54.7265	59.1718
ENSG00000175216.15	CKAP5	protein_coding	13325	6609	6717	88.5056	21.9485	23.7313
ENSG00000175220.12	ARHGAP1	protein_coding	13043	6398	6646	120.4279	29.8649	32.2907
ENSG00000175221.15	MED16	protein_coding	3009	1512	1497	40.4169	10.0230	10.8371
ENSG00000175224.16	ATG13	protein_coding	7089	3747	3779	57.4228	14.2403	15.3970
ENSG00000175229.7	GAL3ST3	protein_coding	1	1	0	0.0155	0.0039	0.0042
ENSG00000175262.14	C1orf127	protein_coding	16	14	2	0.2539	0.0630	0.0681
ENSG00000175264.8	CHST1	protein_coding	404	210	218	4.9102	1.2177	1.3166
ENSG00000175265.17	GOLGA8A	protein_coding	1349	701	648	11.3336	2.8106	3.0389
ENSG00000175267.15	VWA3A	protein_coding	13	6	7	0.1464	0.0363	0.0392
ENSG00000175274.19	TP53I11	protein_coding	9361	4814	4846	72.2753	17.9235	19.3794
ENSG00000175279.22	CENPS	protein_coding	49	23	26	1.5897	0.3942	0.4263
ENSG00000175283.8	DOLK	protein_coding	1669	872	797	45.6359	11.3173	12.2365
ENSG00000175287.19	PHYHD1	protein_coding	576	273	304	11.4856	2.8483	3.0797
ENSG00000175294.6	CATSPER1	protein_coding	68	38	30	1.4557	0.3610	0.3903
ENSG00000175302.5	ANKRD30BP1	unprocessed_pseudogene	0	0	0	0.0000	0.0000	0.0000
ENSG00000175305.17	CCNE2	protein_coding	636	1079	939	8.2028	2.0342	2.1994
ENSG00000175309.15	PHYKPL	protein_coding	1756	1986	2001	11.8003	2.9264	3.1641
ENSG00000175311.7	ANKS4B	protein_coding	1	1	0	0.0131	0.0033	0.0035
ENSG00000175315.3	CST6	protein_coding	171	86	85	16.3808	4.0623	4.3922
ENSG00000175318.12	GRAMD2A	protein_coding	73	27	46	0.8296	0.2057	0.2225
ENSG00000175319.3	NF1P5	processed_pseudogene	0	0	0	0.0000	0.0000	0.0000
ENSG00000175322.12	ZNF519	protein_coding	155	98	83	0.5568	0.1381	0.1493
ENSG00000175324.10	LSM1	protein_coding	843	1350	1172	28.5242	7.0737	7.6483
ENSG00000175325.2	PROP1	protein_coding	4	1	3	0.1549	0.0384	0.0415
ENSG00000175329.13	ISX	protein_coding	0	0	0	0.0000	0.0000	0.0000
ENSG00000175334.8	BANF1	protein_coding	10930	5623	5322	414.3316	102.7500	111.0961
ENSG00000175336.10	APOF	protein_coding	15	10	5	0.4861	0.1205	0.1303
ENSG00000175344.19	CHRNA7	protein_coding	14	8	6	0.0374	0.0093	0.0100
ENSG00000175348.11	TMEM9B	protein_coding	8272	4180	4163	166.0548	41.1799	44.5248
ENSG00000175352.11	NRIP3	protein_coding	27732	13960	13795	381.4409	94.5935	102.2770
ENSG00000175354.20	PTPN2	protein_coding	1554	749	805	10.1087	2.5068	2.7105
ENSG00000175356.14	SCUBE2	protein_coding	31099	18285	18676	220.0678	54.5746	59.0075
ENSG00000175376.9	EIF1AD	protein_coding	4228	2081	2161	72.0679	17.8721	19.3238
ENSG00000175387.16	SMAD2	protein_coding	7138	3555	3583	11.1128	2.7559	2.9797
ENSG00000175390.15	EIF3F	protein_coding	10581	5296	5285	39.6438	9.8313	10.6298
ENSG00000175395.16	ZNF25	protein_coding	1609	781	828	21.4344	5.3155	5.7473
ENSG00000175398.2	OR10P1	protein_coding	0	0	0	0.0000	0.0000	0.0000
ENSG00000175414.7	ARL10	protein_coding	929	661	697	4.6052	1.1420	1.2348
ENSG00000175416.16	CLTB	protein_coding	3001	1500	1501	86.6972	21.5000	23.2464
ENSG00000175426.11	PCSK1	protein_coding	41	16	25	0.4340	0.1076	0.1164
ENSG00000175445.17	LPL	protein_coding	1285	649	636	17.6404	4.3746	4.7300
ENSG00000175449.14	RFESD	protein_coding	212	253	210	2.3751	0.5890	0.6368
ENSG00000175455.16	CCDC14	protein_coding	1723	879	844	8.5308	2.1155	2.2874
ENSG00000175463.12	TBC1D10C	protein_coding	185	105	92	2.0845	0.5169	0.5589
ENSG00000175467.15	SART1	protein_coding	5475	2760	2715	67.6001	16.7641	18.1258
ENSG00000175470.20	PPP2R2D	protein_coding	1915	985	932	14.6915	3.6433	3.9393
ENSG00000175471.19	MCTP1	protein_coding	467	230	238	2.1907	0.5433	0.5874
ENSG00000175482.9	POLD4	protein_coding	407	196	212	7.5576	1.8742	2.0264
ENSG00000175485.2	OR52W1	protein_coding	7	3	4	0.3563	0.0884	0.0955
ENSG00000175489.10	LRRC25	protein_coding	560	293	267	13.0851	3.2450	3.5086
ENSG00000175497.17	DPP10	protein_coding	0	0	0	0.0000	0.0000	0.0000
ENSG00000175505.11	CLCF1	protein_coding	269	129	140	8.3088	2.0605	2.2279
ENSG00000175509.8	ACRP1	processed_pseudogene	5	2	3	0.4062	0.1007	0.1089
ENSG00000175513.9	TSGA10IP	protein_coding	2	2	1	0.0550	0.0136	0.0147
ENSG00000175514.2	GPR152	protein_coding	0	6	4	0.0000	0.0000	0.0000
ENSG00000175518.8	UBQLNL	protein_coding	19	7	12	0.4436	0.1100	0.1189
ENSG00000175520.9	UBQLN3	protein_coding	1	0	1	0.0235	0.0058	0.0063
ENSG00000175535.6	PNLIP	protein_coding	0	0	0	0.0000	0.0000	0.0000
ENSG00000175536.7	LIPT2	protein_coding	294	154	140	7.0319	1.7439	1.8855
ENSG00000175538.11	KCNE3	protein_coding	383	336	309	6.0350	1.4966	1.6182
ENSG00000175544.14	CABP4	protein_coding	149	80	80	1.6194	0.4016	0.4342
ENSG00000175548.9	ALG10B	protein_coding	1028	514	514	5.1783	1.2842	1.3885
ENSG00000175550.8	DRAP1	protein_coding	6269	3134	3135	206.4546	51.1987	55.3574
ENSG00000175556.17	LONRF3	protein_coding	217	114	103	3.0453	0.7552	0.8165
ENSG00000175564.13	UCP3	protein_coding	93	55	39	1.5800	0.3918	0.4236
ENSG00000175567.11	UCP2	protein_coding	6775	3411	3364	138.8042	34.4220	37.2180
ENSG00000175573.7	C11orf68	protein_coding	4157	1978	2182	138.3470	34.3087	37.0955
ENSG00000175575.13	PAAF1	protein_coding	3043	1547	1501	21.7834	5.4021	5.8409
ENSG00000175581.14	MRPL48	protein_coding	3110	1562	1548	46.0491	11.4197	12.3473
ENSG00000175582.20	RAB6A	protein_coding	19181	10265	10475	222.1720	55.0964	59.5717
ENSG00000175591.12	P2RY2	protein_coding	2173	1116	1057	13.7642	3.4134	3.6906
ENSG00000175592.9	FOSL1	protein_coding	441	218	224	13.2534	3.2867	3.5537
ENSG00000175595.15	ERCC4	protein_coding	1386	898	888	9.2842	2.3024	2.4894
ENSG00000175600.16	SUGCT	protein_coding	816	432	384	16.3575	4.0565	4.3860
ENSG00000175602.4	CCDC85B	protein_coding	566	297	270	33.3311	8.2658	8.9372
ENSG00000175604.2	AC007601.1	lncRNA	2	1	1	0.0575	0.0142	0.0154
ENSG00000175606.11	TMEM70	protein_coding	2182	1128	1054	41.4960	10.2906	11.1265
ENSG00000175611.12	LINC00476	lncRNA	94	55	70	0.8021	0.1989	0.2151
ENSG00000175619.3	OR4B1	protein_coding	0	0	0	0.0000	0.0000	0.0000
ENSG00000175634.15	RPS6KB2	protein_coding	1171	820	870	11.4200	2.8320	3.0621
ENSG00000175643.10	RMI2	protein_coding	753	404	351	11.8257	2.9327	3.1709
ENSG00000175646.4	PRM1	protein_coding	0	0	0	0.0000	0.0000	0.0000
ENSG00000175658.4	DRD5P2	processed_pseudogene	0	0	0	0.0000	0.0000	0.0000
ENSG00000175662.18	TOM1L2	protein_coding	2627	1306	1321	18.9466	4.6986	5.0802
ENSG00000175664.10	TEX26	protein_coding	408	260	302	13.5705	3.3653	3.6387
ENSG00000175676.15	GOLGA8DP	transcribed_unprocessed_pseudogene	0	0	0	0.0000	0.0000	0.0000
ENSG00000175691.9	ZNF77	protein_coding	254	128	126	5.9107	1.4658	1.5849
ENSG00000175697.11	GPR156	protein_coding	22	8	14	0.2017	0.0500	0.0541
ENSG00000175699.15	CCDC197	protein_coding	0	0	0	0.0000	0.0000	0.0000
ENSG00000175701.10	MTLN	protein_coding	252	126	127	6.9678	1.7279	1.8683
ENSG00000175707.9	KDF1	protein_coding	821	386	435	25.0991	6.2243	6.7299
ENSG00000175711.8	B3GNTL1	protein_coding	250	454	497	2.0574	0.5102	0.5517
ENSG00000175718.10	RBMXL3	protein_coding	0	0	0	0.0000	0.0000	0.0000
ENSG00000175727.14	MLXIP	protein_coding	3871	1865	2006	15.8296	3.9256	4.2444
ENSG00000175728.4	LINC02873	lncRNA	3	1	2	0.0480	0.0119	0.0129
ENSG00000175730.8	BAK1P1	processed_pseudogene	12	6	6	1.0700	0.2653	0.2869
ENSG00000175741.5	RWDD4P2	processed_pseudogene	83	44	39	8.3604	2.0733	2.2417
ENSG00000175745.14	NR2F1	protein_coding	723	403	398	9.5087	2.3580	2.5496
ENSG00000175746.6	C15orf54	lncRNA	17	5	12	0.3132	0.0777	0.0840
ENSG00000175749.11	EIF3KP1	processed_pseudogene	2	1	1	0.1729	0.0429	0.0464
ENSG00000175756.13	AURKAIP1	protein_coding	2478	1197	1282	84.1985	20.8804	22.5764
ENSG00000175764.14	TTLL11	protein_coding	204	94	111	3.2727	0.8116	0.8775
ENSG00000175766.13	EIF4E1B	protein_coding	2	0	2	0.0323	0.0080	0.0087
ENSG00000175768.13	TOMM5	protein_coding	64	31	33	1.0065	0.2496	0.2699
ENSG00000175772.11	LINC01106	lncRNA	38	21	21	0.7049	0.1748	0.1890
ENSG00000175773.13	ZBTB44-DT	lncRNA	8	3	5	0.1726	0.0428	0.0463
ENSG00000175779.4	LINC02694	lncRNA	14	4	10	0.0937	0.0232	0.0251
ENSG00000175782.11	SLC35E3	protein_coding	1850	925	925	4.5120	1.1189	1.2098
ENSG00000175785.13	PRIMA1	protein_coding	189	112	77	2.7511	0.6822	0.7377
ENSG00000175787.17	ZNF169	protein_coding	265	137	131	2.6486	0.6568	0.7102
ENSG00000175792.12	RUVBL1	protein_coding	4150	3328	3498	33.6305	8.3400	9.0175
ENSG00000175793.12	SFN	protein_coding	1847	866	981	80.0790	19.8588	21.4718
ENSG00000175800.5	OR52B3P	unitary_pseudogene	3	1	2	0.1833	0.0455	0.0492
ENSG00000175806.15	MSRA	protein_coding	300	171	129	4.1114	1.0196	1.1024
ENSG00000175809.6	CBLL2	protein_coding	0	0	0	0.0000	0.0000	0.0000
ENSG00000175820.4	CCDC168	protein_coding	9	6	3	0.0238	0.0059	0.0064
ENSG00000175826.12	CTDNEP1	protein_coding	1724	1199	1255	37.0895	9.1978	9.9449
ENSG00000175832.13	ETV4	protein_coding	230	150	137	3.7108	0.9202	0.9950
ENSG00000175841.8	FAM172BP	processed_pseudogene	3	2	1	0.1562	0.0387	0.0419
ENSG00000175854.14	SWI5	protein_coding	1176	839	836	26.6870	6.6181	7.1557
ENSG00000175857.8	GAPT	protein_coding	479	232	247	8.2994	2.0582	2.2254
ENSG00000175866.15	BAIAP2	protein_coding	2669	1599	1661	14.7122	3.6485	3.9448
ENSG00000175868.14	CALCB	protein_coding	2	1	1	0.0288	0.0071	0.0077
ENSG00000175874.10	CREG2	protein_coding	45	26	19	0.3615	0.0897	0.0969
ENSG00000175877.4	TMEM270	protein_coding	55	26	29	3.2023	0.7941	0.8586
ENSG00000175879.9	HOXD8	protein_coding	1318	864	866	28.4305	7.0505	7.6232
ENSG00000175886.10	RPL7AP66	processed_pseudogene	15	7	8	1.0620	0.2634	0.2848
ENSG00000175893.12	ZDHHC21	protein_coding	2529	1284	1245	15.2785	3.7889	4.0967
ENSG00000175894.18	TSPEAR	protein_coding	3	0	4	0.0381	0.0095	0.0102
ENSG00000175895.4	PLEKHF2	protein_coding	11690	5881	5809	209.9904	52.0755	56.3054
ENSG00000175899.15	A2M	protein_coding	31560	16917	16814	283.2806	70.2507	75.9570
ENSG00000175906.5	ARL4D	protein_coding	545	302	243	19.5861	4.8572	5.2517
ENSG00000175920.18	DOK7	protein_coding	432	211	222	6.0700	1.5053	1.6276
ENSG00000175928.6	LRRN1	protein_coding	6145	3159	3086	54.4419	13.5010	14.5977
ENSG00000175931.13	UBE2O	protein_coding	3990	1967	2025	35.2835	8.7499	9.4607
ENSG00000175938.7	ORAI3	protein_coding	422	203	219	9.0616	2.2472	2.4297
ENSG00000175946.8	KLHL38	protein_coding	113	57	56	3.2332	0.8018	0.8669
ENSG00000175967.4	LINC02880	lncRNA	2	1	1	0.0502	0.0124	0.0135
ENSG00000175970.11	UNC119B	protein_coding	1732	1147	1085	18.9910	4.7096	5.0921
ENSG00000175984.15	DENND2C	protein_coding	223	104	119	1.7060	0.4231	0.4574
ENSG00000175985.10	PLEKHD1	protein_coding	454	218	236	3.1797	0.7885	0.8526
ENSG00000176007.10	FAM220BP	processed_pseudogene	0	0	0	0.0000	0.0000	0.0000
ENSG00000176009.3	ASCL3	protein_coding	1	0	1	0.0896	0.0222	0.0240
ENSG00000176014.13	TUBB6	protein_coding	5550	3852	3715	79.8631	19.8052	21.4140
ENSG00000176018.13	LYSMD3	protein_coding	4020	2086	2048	51.1267	12.6789	13.7088
ENSG00000176020.9	AMIGO3	protein_coding	1	0	1	0.0199	0.0049	0.0053
ENSG00000176022.7	B3GALT6	protein_coding	1434	695	739	28.9918	7.1897	7.7737
ENSG00000176024.18	ZNF613	protein_coding	678	319	359	9.9791	2.4747	2.6757
ENSG00000176029.14	C11orf16	protein_coding	6	5	3	0.1305	0.0324	0.0350
ENSG00000176040.13	TMPRSS7	protein_coding	6	3	3	0.1116	0.0277	0.0299
ENSG00000176043.5	AC007160.1	processed_pseudogene	0	0	0	0.0000	0.0000	0.0000
ENSG00000176046.9	NUPR1	protein_coding	916	433	483	9.4311	2.3388	2.5288
ENSG00000176049.16	JAKMIP2	protein_coding	59	37	35	0.3636	0.0902	0.0975
ENSG00000176054.6	RPL23P2	processed_pseudogene	17	9	8	2.2900	0.5679	0.6140
ENSG00000176055.10	MBLAC2	protein_coding	1331	736	659	13.3053	3.2996	3.5676
ENSG00000176058.13	TPRN	protein_coding	2780	1390	1391	29.8530	7.4032	8.0046
ENSG00000176076.7	KCNE5	protein_coding	2	1	1	0.0770	0.0191	0.0206
ENSG00000176083.18	ZNF683	protein_coding	143	71	72	3.4088	0.8453	0.9140
ENSG00000176087.15	SLC35A4	protein_coding	9055	4659	4451	140.7645	34.9082	37.7437
ENSG00000176092.16	CRYBG2	protein_coding	29	13	16	0.2385	0.0592	0.0640
ENSG00000176095.12	IP6K1	protein_coding	6828	3383	3445	74.4646	18.4665	19.9664
ENSG00000176101.12	SSNA1	protein_coding	1985	986	999	96.2131	23.8599	25.7979
ENSG00000176102.13	CSTF3	protein_coding	2160	1427	1528	27.1424	6.7310	7.2778
ENSG00000176105.14	YES1	protein_coding	3860	2090	2071	42.9217	10.6441	11.5087
ENSG00000176108.9	CHMP6	protein_coding	882	719	724	23.6158	5.8565	6.3322
ENSG00000176115.9	AQP7P4	unprocessed_pseudogene	0	0	0	0.0000	0.0000	0.0000
ENSG00000176124.15	DLEU1	lncRNA	166	114	116	0.3916	0.0971	0.1050
ENSG00000176125.7	UFSP1	protein_coding	87	45	47	4.9586	1.2297	1.3296
ENSG00000176134.5	AL445665.1	transcribed_unprocessed_pseudogene	0	0	0	0.0000	0.0000	0.0000
ENSG00000176136.6	MC5R	protein_coding	1	0	1	0.0298	0.0074	0.0080
ENSG00000176142.13	TMEM39A	protein_coding	2309	1161	1149	22.3186	5.5348	5.9844
ENSG00000176148.16	TCP11L1	protein_coding	1188	895	923	12.5459	3.1113	3.3640
ENSG00000176153.12	GPX2	protein_coding	37	20	17	1.3998	0.3471	0.3753
ENSG00000176155.19	CCDC57	protein_coding	2940	1479	1577	13.4523	3.3360	3.6070
ENSG00000176160.11	HSF5	protein_coding	4	3	1	0.0551	0.0137	0.0148
ENSG00000176165.12	FOXG1	protein_coding	3	2	1	0.0487	0.0121	0.0131
ENSG00000176170.14	SPHK1	protein_coding	3067	1449	1620	39.3862	9.7674	10.5608
ENSG00000176171.11	BNIP3	protein_coding	3298	1611	1689	35.1229	8.7101	9.4176
ENSG00000176177.10	ENTHD1	protein_coding	29	11	18	0.5360	0.1329	0.1437
ENSG00000176182.6	MYPOP	protein_coding	407	203	204	12.1735	3.0189	3.2641
ENSG00000176183.8	AC233964.1	processed_pseudogene	1	1	0	0.0521	0.0129	0.0140
ENSG00000176194.18	CIDEA	protein_coding	0	0	0	0.0000	0.0000	0.0000
ENSG00000176198.3	OR11H4	protein_coding	1	0	1	0.0342	0.0085	0.0092
ENSG00000176200.1	OR4D11	protein_coding	0	0	0	0.0000	0.0000	0.0000
ENSG00000176204.13	LRRTM4	protein_coding	1	0	1	0.0105	0.0026	0.0028
ENSG00000176208.9	ATAD5	protein_coding	683	366	343	5.4715	1.3569	1.4671
ENSG00000176209.12	SMIM19	protein_coding	3180	1650	1703	44.2981	10.9855	11.8778
ENSG00000176219.3	OR11H6	protein_coding	0	0	0	0.0000	0.0000	0.0000
ENSG00000176222.9	ZNF404	protein_coding	81	41	40	1.8545	0.4599	0.4972
ENSG00000176225.15	RTTN	protein_coding	634	311	325	1.8573	0.4606	0.4980
ENSG00000176230.7	OR4K17	protein_coding	1	0	1	0.0112	0.0028	0.0030
ENSG00000176231.2	OR10H4	protein_coding	0	0	0	0.0000	0.0000	0.0000
ENSG00000176232.10	AC092634.1	transcribed_unprocessed_pseudogene	0	0	0	0.0000	0.0000	0.0000
ENSG00000176236.6	RPP38-DT	lncRNA	17	8	12	0.5625	0.1395	0.1508
ENSG00000176239.7	OR51B6	protein_coding	0	0	0	0.0000	0.0000	0.0000
ENSG00000176243.9	CDV3P1	processed_pseudogene	0	0	0	0.0000	0.0000	0.0000
ENSG00000176244.7	ACBD7	protein_coding	99	52	47	1.5833	0.3926	0.4245
ENSG00000176246.1	OR4L1	protein_coding	0	0	0	0.0000	0.0000	0.0000
ENSG00000176248.9	ANAPC2	protein_coding	1824	911	913	18.9518	4.6999	5.0816
ENSG00000176253.4	OR4K13	protein_coding	0	0	0	0.0000	0.0000	0.0000
ENSG00000176256.10	HMGB4	protein_coding	0	0	0	0.0000	0.0000	0.0000
ENSG00000176261.15	ZBTB8OS	protein_coding	1023	550	588	16.4300	4.0745	4.4054
ENSG00000176268.5	CYCSP34	processed_pseudogene	10	4	6	1.8655	0.4626	0.5002
ENSG00000176269.3	OR4F21	protein_coding	0	0	0	0.0000	0.0000	0.0000
ENSG00000176273.15	SLC35G1	protein_coding	464	228	236	3.8532	0.9556	1.0332
ENSG00000176281.4	OR4K5	protein_coding	0	0	0	0.0000	0.0000	0.0000
ENSG00000176289.4	IDSP1	unprocessed_pseudogene	10	19	4	1.5082	0.3740	0.4044
ENSG00000176290.8	OR4K3	polymorphic_pseudogene	0	0	0	0.0000	0.0000	0.0000
ENSG00000176293.20	ZNF135	protein_coding	740	1108	1124	6.5387	1.6215	1.7532
ENSG00000176294.6	OR4N2	protein_coding	0	0	0	0.0000	0.0000	0.0000
ENSG00000176299.5	OR4M1	protein_coding	0	0	0	0.0000	0.0000	0.0000
ENSG00000176302.13	FOXR1	protein_coding	0	0	0	0.0000	0.0000	0.0000
ENSG00000176312.4	OR4H12P	unprocessed_pseudogene	0	0	0	0.0000	0.0000	0.0000
ENSG00000176318.8	FOXN3P1	processed_pseudogene	0	0	0	0.0000	0.0000	0.0000
ENSG00000176320.2	AL138899.1	lncRNA	0	0	0	0.0000	0.0000	0.0000
ENSG00000176340.4	COX8A	protein_coding	1528	751	778	175.4106	43.5001	47.0334
ENSG00000176343.5	RPL37AP8	processed_pseudogene	2	2	0	0.4109	0.1019	0.1102
ENSG00000176349.11	AC104129.1	lncRNA	1	1	1	0.0119	0.0030	0.0032
ENSG00000176358.15	TAC4	protein_coding	17	13	12	0.9631	0.2388	0.2582
ENSG00000176371.14	ZSCAN2	protein_coding	487	473	477	5.6617	1.4040	1.5181
ENSG00000176378.8	PFN1P10	processed_pseudogene	0	0	0	0.0000	0.0000	0.0000
ENSG00000176381.6	PRR18	protein_coding	1	1	0	0.0180	0.0045	0.0048
ENSG00000176383.9	B3GNT4	protein_coding	15	994	1060	0.1869	0.0463	0.0501
ENSG00000176386.9	CDC26	protein_coding	478	230	248	23.0898	5.7260	6.1911
ENSG00000176387.7	HSD11B2	protein_coding	354	182	181	7.5189	1.8646	2.0161
ENSG00000176390.12	CRLF3	protein_coding	1247	877	856	16.1161	3.9966	4.3213
ENSG00000176393.11	RNPEP	protein_coding	4060	3205	3168	66.6404	16.5261	17.8685
ENSG00000176396.11	EID2	protein_coding	937	468	469	36.5204	9.0567	9.7923
ENSG00000176399.4	DMRTA1	protein_coding	14	4	10	0.1421	0.0352	0.0381
ENSG00000176401.6	EID2B	protein_coding	151	100	84	4.5891	1.1380	1.2305
ENSG00000176402.6	GJC3	protein_coding	96	54	65	4.8652	1.2065	1.3045
ENSG00000176406.23	RIMS2	protein_coding	28	14	14	0.1137	0.0282	0.0305
ENSG00000176407.18	KCMF1	protein_coding	3511	1850	1661	24.9885	6.1969	6.7003
ENSG00000176410.8	DNAJC30	protein_coding	614	393	368	13.7303	3.4050	3.6815
ENSG00000176422.14	SPRYD4	protein_coding	937	840	758	4.9343	1.2237	1.3230
ENSG00000176428.6	VPS37D	protein_coding	186	97	89	6.5111	1.6147	1.7459
ENSG00000176435.7	CLEC14A	protein_coding	686	345	341	18.5783	4.6072	4.9815
ENSG00000176438.12	SYNE3	protein_coding	601	289	314	1.8764	0.4653	0.5031
ENSG00000176444.19	CLK2	protein_coding	1890	961	929	29.3007	7.2663	7.8565
ENSG00000176454.14	LPCAT4	protein_coding	1178	572	606	14.2076	3.5234	3.8095
ENSG00000176463.14	SLCO3A1	protein_coding	971	545	549	5.8443	1.4493	1.5671
ENSG00000176472.10	ZNF575	protein_coding	127	426	390	2.2353	0.5543	0.5994
ENSG00000176473.13	WDR25	protein_coding	627	332	322	8.4299	2.0905	2.2603
ENSG00000176476.9	SGF29	protein_coding	1077	707	754	28.7555	7.1311	7.7103
ENSG00000176485.12	PLAAT3	protein_coding	4687	2340	2348	79.6046	19.7411	21.3446
ENSG00000176490.5	DIRAS1	protein_coding	1035	540	496	17.0674	4.2325	4.5763
ENSG00000176495.3	OR5AN1	protein_coding	0	0	0	0.0000	0.0000	0.0000
ENSG00000176510.5	OR10AC1	polymorphic_pseudogene	3	1	2	0.0587	0.0146	0.0157
ENSG00000176515.1	AL033381.1	lncRNA	0	0	1	0.0000	0.0000	0.0000
ENSG00000176531.10	PHLDB3	protein_coding	485	252	233	6.0409	1.4981	1.6198
ENSG00000176532.4	PRR15	protein_coding	3851	1936	1918	111.6514	27.6884	29.9375
ENSG00000176533.13	GNG7	protein_coding	714	366	348	8.9069	2.2088	2.3882
ENSG00000176540.3	OR4C5	protein_coding	0	0	0	0.0000	0.0000	0.0000
ENSG00000176542.10	USF3	protein_coding	3721	1898	1837	15.3602	3.8092	4.1186
ENSG00000176547.10	OR4C3	protein_coding	0	0	0	0.0000	0.0000	0.0000
ENSG00000176555.1	OR4S1	protein_coding	0	0	0	0.0000	0.0000	0.0000
ENSG00000176563.10	CNTD1	protein_coding	144	1875	1801	2.4399	0.6051	0.6542
ENSG00000176566.5	DCAF4L2	protein_coding	0	0	0	0.0000	0.0000	0.0000
ENSG00000176567.1	OR4X1	protein_coding	0	0	0	0.0000	0.0000	0.0000
ENSG00000176571.12	CNBD1	protein_coding	0	0	0	0.0000	0.0000	0.0000
ENSG00000176584.18	DMBT1L1	transcribed_unitary_pseudogene	0	0	0	0.0000	0.0000	0.0000
ENSG00000176593.8	AC008969.1	lncRNA	285	169	174	1.7621	0.4370	0.4725
ENSG00000176595.4	KBTBD11	protein_coding	360	174	186	2.9541	0.7326	0.7921
ENSG00000176597.12	B3GNT5	protein_coding	352	321	310	2.4569	0.6093	0.6588
ENSG00000176601.13	MAP3K19	protein_coding	3	1	2	0.0209	0.0052	0.0056
ENSG00000176605.9	C14orf177	lncRNA	0	0	0	0.0000	0.0000	0.0000
ENSG00000176619.13	LMNB2	protein_coding	3191	1606	1585	33.5425	8.3182	8.9939
ENSG00000176623.12	RMDN1	protein_coding	5119	2739	2575	52.2872	12.9667	14.0199
ENSG00000176624.12	MEX3C	protein_coding	2210	1158	1052	15.9229	3.9487	4.2695
ENSG00000176635.18	HORMAD2	protein_coding	0	2	0	0.0000	0.0000	0.0000
ENSG00000176641.11	RNF152	protein_coding	2937	1517	1420	16.3084	4.0443	4.3728
ENSG00000176654.12	NANOGP1	transcribed_unprocessed_pseudogene	3	4	0	0.0837	0.0208	0.0224
ENSG00000176658.17	MYO1D	protein_coding	15751	7861	8197	109.0912	27.0535	29.2510
ENSG00000176659.9	C20orf197	lncRNA	23	10	13	0.3842	0.0953	0.1030
ENSG00000176678.6	FOXL1	protein_coding	88	41	47	0.9947	0.2467	0.2667
ENSG00000176679.9	TGIF2LY	protein_coding	0	0	0	0.0000	0.0000	0.0000
ENSG00000176681.14	LRRC37A	protein_coding	38	21	27	0.3312	0.0821	0.0888
ENSG00000176692.8	FOXC2	protein_coding	64	40	40	1.2515	0.3104	0.3356
ENSG00000176695.8	OR4F17	protein_coding	0	0	0	0.0000	0.0000	0.0000
ENSG00000176697.20	BDNF	protein_coding	500	357	319	3.6634	0.9085	0.9823
ENSG00000176700.20	SCAND2P	transcribed_unprocessed_pseudogene	88	1159	1261	0.4657	0.1155	0.1249
ENSG00000176714.10	CCDC121	protein_coding	422	216	220	8.4118	2.0860	2.2555
ENSG00000176715.17	ACSF3	protein_coding	771	448	444	2.9999	0.7439	0.8044
ENSG00000176716.5	OR10AB1P	transcribed_unprocessed_pseudogene	0	0	0	0.0000	0.0000	0.0000
ENSG00000176720.6	BOK	protein_coding	1620	848	781	34.2799	8.5011	9.1916
ENSG00000176723.10	ZNF843	protein_coding	85	40	45	1.0552	0.2617	0.2829
ENSG00000176728.10	TTTY14	lncRNA	0	0	0	0.0000	0.0000	0.0000
ENSG00000176731.12	RBIS	protein_coding	868	2131	2171	19.3644	4.8022	5.1922
ENSG00000176732.7	PFN4	protein_coding	93	50	43	3.2860	0.8149	0.8811
ENSG00000176742.3	OR51V1	protein_coding	0	0	0	0.0000	0.0000	0.0000
ENSG00000176746.6	MAGEB6	protein_coding	2	1	1	0.0582	0.0144	0.0156
ENSG00000176748.6	OR52Z1	unprocessed_pseudogene	0	0	0	0.0000	0.0000	0.0000
ENSG00000176749.9	CDK5R1	protein_coding	530	243	287	7.6130	1.8880	2.0413
ENSG00000176752.6	OR51A1P	unprocessed_pseudogene	0	0	0	0.0000	0.0000	0.0000
ENSG00000176753.5	C15orf56	lncRNA	76	51	43	1.8690	0.4635	0.5011
ENSG00000176754.13	LINC00303	lncRNA	0	0	0	0.0000	0.0000	0.0000
ENSG00000176761.7	ZNF285B	unprocessed_pseudogene	12	9	3	0.3851	0.0955	0.1033
ENSG00000176769.9	TCERG1L	protein_coding	10	5	5	0.1079	0.0267	0.0289
ENSG00000176771.17	NCKAP5	protein_coding	1590	824	766	9.4289	2.3383	2.5282
ENSG00000176774.6	MAGEB18	protein_coding	0	0	0	0.0000	0.0000	0.0000
ENSG00000176782.3	DEFB104A	protein_coding	0	0	0	0.0000	0.0000	0.0000
ENSG00000176783.15	RUFY1	protein_coding	3995	2178	2133	38.3929	9.5210	10.2944
ENSG00000176787.2	OR52E2	protein_coding	0	0	0	0.0000	0.0000	0.0000
ENSG00000176788.9	BASP1	protein_coding	4683	2237	2446	123.7525	30.6894	33.1822
ENSG00000176797.4	DEFB103A	protein_coding	0	0	0	0.0000	0.0000	0.0000
ENSG00000176798.3	OR51L1	protein_coding	0	0	0	0.0000	0.0000	0.0000
ENSG00000176809.10	LRRC37A3	protein_coding	440	215	231	3.2656	0.8098	0.8756
ENSG00000176812.7	METTL1P1	processed_pseudogene	0	0	0	0.0000	0.0000	0.0000
ENSG00000176826.15	FKBP9P1	transcribed_unprocessed_pseudogene	250	111	140	4.0999	1.0167	1.0993
ENSG00000176834.14	VSIG10	protein_coding	2038	1143	1082	13.8231	3.4280	3.7064
ENSG00000176840.12	MIR7-3HG	lncRNA	3	2	1	0.0679	0.0168	0.0182
ENSG00000176842.15	IRX5	protein_coding	1581	755	827	31.5477	7.8235	8.4590
ENSG00000176845.13	METRNL	protein_coding	2600	1266	1334	54.3880	13.4877	14.5832
ENSG00000176853.16	FAM91A1	protein_coding	8975	4447	4528	70.0774	17.3785	18.7901
ENSG00000176855.11	KRT18P28	processed_pseudogene	24	9	15	1.0218	0.2534	0.2740
ENSG00000176857.5	GJA1P1	processed_pseudogene	5	2	3	0.2481	0.0615	0.0665
ENSG00000176868.2	AL358781.1	lncRNA	0	2753	2838	0.0000	0.0000	0.0000
ENSG00000176871.9	WSB2	protein_coding	3937	2237	2188	48.2949	11.9766	12.9495
ENSG00000176882.5	AL135901.1	processed_pseudogene	0	0	0	0.0000	0.0000	0.0000
ENSG00000176884.16	GRIN1	protein_coding	190	93	97	1.0530	0.2611	0.2823
ENSG00000176887.7	SOX11	protein_coding	398	204	194	2.5073	0.6218	0.6723
ENSG00000176890.16	TYMS	protein_coding	218	668	631	5.1065	1.2664	1.3692
ENSG00000176893.5	OR51G2	protein_coding	0	0	0	0.0000	0.0000	0.0000
ENSG00000176894.10	PXMP2	protein_coding	154	67	87	6.1459	1.5241	1.6479
ENSG00000176895.9	OR51A7	protein_coding	0	0	0	0.0000	0.0000	0.0000
ENSG00000176896.8	TCEANC	protein_coding	371	181	190	4.0221	0.9974	1.0784
ENSG00000176900.2	OR51T1	protein_coding	0	0	0	0.0000	0.0000	0.0000
ENSG00000176903.5	PNMA1	protein_coding	5129	2567	2562	111.7853	27.7216	29.9734
ENSG00000176904.3	OR51H1	transcribed_unprocessed_pseudogene	0	0	0	0.0000	0.0000	0.0000
ENSG00000176907.5	TCIM	protein_coding	32140	16153	15987	996.5328	247.1301	267.2037
ENSG00000176909.12	MAMSTR	protein_coding	200	96	107	4.9615	1.2304	1.3303
ENSG00000176912.5	TYMSOS	lncRNA	21	96	115	0.4612	0.1144	0.1237
ENSG00000176915.15	ANKLE2	protein_coding	6223	3074	3150	20.2111	5.0122	5.4193
ENSG00000176919.13	C8G	protein_coding	14	7	7	0.6892	0.1709	0.1848
ENSG00000176920.13	FUT2	protein_coding	293	148	146	4.9145	1.2188	1.3177
ENSG00000176922.4	OR51S1	protein_coding	0	0	0	0.0000	0.0000	0.0000
ENSG00000176923.5	OR7A15P	unprocessed_pseudogene	0	0	0	0.0000	0.0000	0.0000
ENSG00000176925.8	OR51F2	protein_coding	0	0	0	0.0000	0.0000	0.0000
ENSG00000176927.15	EFCAB5	protein_coding	9	46	52	0.0737	0.0183	0.0198
ENSG00000176928.7	GCNT4	protein_coding	1652	867	785	15.9220	3.9485	4.2692
ENSG00000176933.5	TOB2P1	processed_pseudogene	36	21	15	2.0580	0.5104	0.5518
ENSG00000176945.17	MUC20	protein_coding	245	124	121	2.0322	0.5040	0.5449
ENSG00000176946.12	THAP4	protein_coding	2540	1292	1253	50.4353	12.5075	13.5234
ENSG00000176951.6	OR51N1P	unprocessed_pseudogene	0	0	0	0.0000	0.0000	0.0000
ENSG00000176953.12	NFATC2IP	protein_coding	2100	1360	1307	20.7548	5.1470	5.5650
ENSG00000176956.13	LY6H	protein_coding	75	34	41	2.2696	0.5628	0.6086
ENSG00000176970.8	RPL7L1P11	processed_pseudogene	1	1	0	0.0787	0.0195	0.0211
ENSG00000176971.4	FIBIN	protein_coding	5881	2896	2985	112.0670	27.7915	30.0489
ENSG00000176973.8	FAM89B	protein_coding	102	48	54	3.9674	0.9839	1.0638
ENSG00000176974.20	SHMT1	protein_coding	1348	772	799	10.4993	2.6037	2.8152
ENSG00000176978.14	DPP7	protein_coding	4127	2033	2094	82.9054	20.5597	22.2297
ENSG00000176979.14	TRIM60	protein_coding	0	0	0	0.0000	0.0000	0.0000
ENSG00000176984.6	AP000679.1	lncRNA	1	0	1	0.0273	0.0068	0.0073
ENSG00000176986.16	SEC24C	protein_coding	4154	4729	4697	44.0077	10.9135	11.7999
ENSG00000176988.9	FMR1NB	protein_coding	3	2	1	0.1494	0.0370	0.0401
ENSG00000176994.11	SMCR8	protein_coding	3967	2064	2126	27.1144	6.7241	7.2703
ENSG00000176998.4	HCG4	unprocessed_pseudogene	0	191	148	0.0000	0.0000	0.0000
ENSG00000177000.13	MTHFR	protein_coding	1262	841	777	6.2163	1.5416	1.6668
ENSG00000177023.2	DEFB104B	protein_coding	0	0	0	0.0000	0.0000	0.0000
ENSG00000177025.3	C19orf18	protein_coding	52	26	26	3.2229	0.7992	0.8642
ENSG00000177030.17	DEAF1	protein_coding	2363	1194	1192	32.3529	8.0232	8.6749
ENSG00000177034.17	MTX3	protein_coding	3533	1852	1681	25.2624	6.2648	6.7737
ENSG00000177042.14	TMEM80	protein_coding	1891	964	927	26.3421	6.5326	7.0632
ENSG00000177045.10	SIX5	protein_coding	243	551	518	3.8472	0.9541	1.0316
ENSG00000177047.6	IFNW1	protein_coding	3	1	2	0.0881	0.0218	0.0236
ENSG00000177051.6	FBXO46	protein_coding	1078	561	517	17.3330	4.2984	4.6475
ENSG00000177054.14	ZDHHC13	protein_coding	2288	1162	1127	16.7228	4.1471	4.4839
ENSG00000177058.12	SLC38A9	protein_coding	1536	770	766	9.8727	2.4483	2.6472
ENSG00000177076.6	ACER2	protein_coding	414	206	209	8.4666	2.0996	2.2702
ENSG00000177082.13	WDR73	protein_coding	308	1201	1152	1.8153	0.4502	0.4867
ENSG00000177084.18	POLE	protein_coding	2850	1415	1436	9.6262	2.3872	2.5811
ENSG00000177096.9	PHETA2	protein_coding	1560	782	778	36.0945	8.9511	9.6781
ENSG00000177098.9	SCN4B	protein_coding	395	185	210	3.9654	0.9834	1.0633
ENSG00000177103.15	DSCAML1	protein_coding	14	7	7	0.1128	0.0280	0.0303
ENSG00000177105.10	RHOG	protein_coding	3318	1670	1648	107.0328	26.5431	28.6991
ENSG00000177106.16	EPS8L2	protein_coding	2297	1256	1230	22.8973	5.6783	6.1395
ENSG00000177108.5	ZDHHC22	protein_coding	4	2	2	0.0587	0.0146	0.0157
ENSG00000177112.8	IRAG1-AS1	lncRNA	10	48	70	0.3991	0.0990	0.1070
ENSG00000177119.16	ANO6	protein_coding	12268	6120	6156	84.4831	20.9509	22.6527
ENSG00000177125.5	ZBTB34	protein_coding	1079	569	510	9.2628	2.2971	2.4837
ENSG00000177133.11	PRDM16-DT	lncRNA	9	5	4	0.0911	0.0226	0.0244
ENSG00000177138.17	FAM9B	protein_coding	0	0	0	0.0000	0.0000	0.0000
ENSG00000177143.5	CETN1	protein_coding	0	0	0	0.0000	0.0000	0.0000
ENSG00000177144.7	NUDT4B	protein_coding	1	1	0	0.0470	0.0117	0.0126
ENSG00000177150.13	FAM210A	protein_coding	1434	729	705	17.3728	4.3083	4.6582
ENSG00000177151.5	OR2T35	protein_coding	0	0	0	0.0000	0.0000	0.0000
ENSG00000177156.11	TALDO1	protein_coding	7263	3620	3643	141.6871	35.1370	37.9911
ENSG00000177169.10	ULK1	protein_coding	4944	2423	2522	36.7945	9.1247	9.8658
ENSG00000177173.5	NAP1L4P1	processed_pseudogene	44	26	18	2.1566	0.5348	0.5783
ENSG00000177174.1	OR14C36	protein_coding	0	0	0	0.0000	0.0000	0.0000
ENSG00000177181.15	RIMKLA	protein_coding	73	38	35	0.3892	0.0965	0.1043
ENSG00000177182.11	CLVS1	protein_coding	28	3420	3465	0.2148	0.0533	0.0576
ENSG00000177186.3	OR2M7	protein_coding	0	0	0	0.0000	0.0000	0.0000
ENSG00000177189.14	RPS6KA3	protein_coding	2884	1402	1482	16.6872	4.1383	4.4744
ENSG00000177191.2	B3GNT8	protein_coding	209	158	186	6.3246	1.5684	1.6958
ENSG00000177192.14	PUS1	protein_coding	858	403	467	8.4887	2.1051	2.2761
ENSG00000177197.7	PCNPP5	processed_pseudogene	4	1	3	0.4716	0.1170	0.1265
ENSG00000177200.17	CHD9	protein_coding	4160	2085	2075	14.2943	3.5448	3.8328
ENSG00000177201.2	OR2T12	protein_coding	0	0	0	0.0000	0.0000	0.0000
ENSG00000177202.3	SPACA4	protein_coding	1	1	0	0.0583	0.0145	0.0156
ENSG00000177212.4	OR2T33	protein_coding	0	0	0	0.0000	0.0000	0.0000
ENSG00000177225.17	GATD1	protein_coding	4071	2079	1994	41.8995	10.3907	11.2347
ENSG00000177233.2	OR2M1P	unprocessed_pseudogene	0	0	0	0.0000	0.0000	0.0000
ENSG00000177234.7	LINC01561	lncRNA	39	19	20	1.0164	0.2521	0.2725
ENSG00000177238.14	TRIM72	protein_coding	4	3	1	0.0269	0.0067	0.0072
ENSG00000177239.15	MAN1B1	protein_coding	5642	2834	2810	38.6936	9.5956	10.3751
ENSG00000177243.3	DEFB103B	protein_coding	0	0	0	0.0000	0.0000	0.0000
ENSG00000177257.3	DEFB4B	protein_coding	0	0	0	0.0000	0.0000	0.0000
ENSG00000177261.8	ENSAP3	processed_pseudogene	0	0	0	0.0000	0.0000	0.0000
ENSG00000177272.9	KCNA3	protein_coding	35	18	18	0.8016	0.1988	0.2149
ENSG00000177275.4	OR2AJ1	protein_coding	0	0	0	0.0000	0.0000	0.0000
ENSG00000177283.7	FZD8	protein_coding	2694	1414	1296	37.9098	9.4013	10.1649
ENSG00000177291.4	GJD4	protein_coding	1	2	0	0.0344	0.0085	0.0092
ENSG00000177294.7	FBXO39	protein_coding	11	5	6	0.2132	0.0529	0.0572
ENSG00000177300.7	CLDN22	protein_coding	0	93	78	0.0000	0.0000	0.0000
ENSG00000177301.16	KCNA2	protein_coding	8	4	4	0.0242	0.0060	0.0065
ENSG00000177302.15	TOP3A	protein_coding	2224	1118	1108	15.3360	3.8032	4.1121
ENSG00000177303.10	CASKIN2	protein_coding	2251	1186	1269	22.0970	5.4798	5.9249
ENSG00000177306.4	OR7E125P	unprocessed_pseudogene	0	0	0	0.0000	0.0000	0.0000
ENSG00000177311.11	ZBTB38	protein_coding	7262	3641	3621	28.9144	7.1705	7.7529
ENSG00000177324.14	BEND2	protein_coding	2	0	2	0.0244	0.0061	0.0066
ENSG00000177335.11	C8orf31	lncRNA	75	34	41	1.0407	0.2581	0.2790
ENSG00000177337.8	DLGAP1-AS1	lncRNA	870	450	420	23.3165	5.7823	6.2519
ENSG00000177338.14	LINC00469	lncRNA	0	0	0	0.0000	0.0000	0.0000
ENSG00000177340.5	FLJ13224	lncRNA	2	4	4	0.0749	0.0186	0.0201
ENSG00000177350.6	RPL13AP3	transcribed_processed_pseudogene	11	7	4	0.4048	0.1004	0.1085
ENSG00000177352.10	CCDC71	protein_coding	1662	837	825	52.6253	13.0506	14.1106
ENSG00000177354.12	C10orf71	protein_coding	0	0	0	0.0000	0.0000	0.0000
ENSG00000177359.20	AC024940.1	transcribed_unprocessed_pseudogene	20	6	14	0.1575	0.0391	0.0422
ENSG00000177363.5	LRRN4CL	protein_coding	380	200	180	9.7422	2.4160	2.6122
ENSG00000177369.9	FLJ40194	lncRNA	3	706	680	0.0304	0.0075	0.0082
ENSG00000177370.5	TIMM22	protein_coding	1232	709	665	21.9568	5.4451	5.8874
ENSG00000177374.13	HIC1	protein_coding	689	1216	1139	4.8191	1.1951	1.2922
ENSG00000177380.14	PPFIA3	protein_coding	702	351	352	6.3231	1.5681	1.6954
ENSG00000177383.5	MAGEF1	protein_coding	3846	1902	1944	128.2225	31.7979	34.3807
ENSG00000177398.18	UMODL1	protein_coding	0	0	0	0.0000	0.0000	0.0000
ENSG00000177400.6	OR7E8P	unprocessed_pseudogene	0	0	0	0.0000	0.0000	0.0000
ENSG00000177406.5	NINJ2-AS1	lncRNA	459	307	331	5.9756	1.4819	1.6023
ENSG00000177409.12	SAMD9L	protein_coding	5488	2778	2710	43.5279	10.7945	11.6713
ENSG00000177410.13	ZFAS1	lncRNA	1291	685	618	8.8049	2.1835	2.3609
ENSG00000177414.13	UBE2U	protein_coding	0	0	0	0.0000	0.0000	0.0000
ENSG00000177418.2	AC006001.1	processed_pseudogene	2	2	0	0.2393	0.0593	0.0642
ENSG00000177425.11	PAWR	protein_coding	6125	3092	3106	30.1256	7.4709	8.0777
ENSG00000177426.22	TGIF1	protein_coding	5402	2658	2744	37.7229	9.3549	10.1148
ENSG00000177427.13	MIEF2	protein_coding	1068	564	505	15.5060	3.8453	4.1577
ENSG00000177432.8	NAP1L5	protein_coding	180	89	91	5.3249	1.3205	1.4278
ENSG00000177447.6	CBX3P1	processed_pseudogene	0	0	0	0.0000	0.0000	0.0000
ENSG00000177452.7	AL161742.1	processed_pseudogene	1	1	0	0.0971	0.0241	0.0260
ENSG00000177453.7	NIM1K	protein_coding	74	48	26	1.1596	0.2876	0.3109
ENSG00000177455.15	CD19	protein_coding	3	1	2	0.0635	0.0157	0.0170
ENSG00000177459.11	ERICH5	protein_coding	2	1	1	0.0732	0.0181	0.0196
ENSG00000177462.7	OR2T8	protein_coding	0	0	0	0.0000	0.0000	0.0000
ENSG00000177463.15	NR2C2	protein_coding	3135	2200	2248	15.0398	3.7297	4.0327
ENSG00000177464.5	GPR4	protein_coding	558	280	278	10.0490	2.4920	2.6945
ENSG00000177465.4	ACOT4	protein_coding	943	454	489	22.6408	5.6147	6.0707
ENSG00000177468.7	OLIG3	protein_coding	0	1	0	0.0000	0.0000	0.0000
ENSG00000177469.13	CAVIN1	protein_coding	31337	15722	15621	497.7928	123.4476	133.4749
ENSG00000177476.3	OR2G3	protein_coding	0	0	0	0.0000	0.0000	0.0000
ENSG00000177479.20	ARIH2	protein_coding	4074	2681	2570	28.8183	7.1467	7.7272
ENSG00000177483.11	RBM44	protein_coding	36	21	15	0.3375	0.0837	0.0905
ENSG00000177485.7	ZBTB33	protein_coding	3537	1780	1757	37.7533	9.3624	10.1229
ENSG00000177489.1	OR2G2	protein_coding	0	0	0	0.0000	0.0000	0.0000
ENSG00000177494.6	ZBED2	protein_coding	23	8	15	0.5891	0.1461	0.1580
ENSG00000177504.10	VCX2	protein_coding	0	0	0	0.0000	0.0000	0.0000
ENSG00000177508.12	IRX3	protein_coding	3089	1640	1493	59.6856	14.8014	16.0037
ENSG00000177511.6	ST8SIA3	protein_coding	0	0	0	0.0000	0.0000	0.0000
ENSG00000177519.4	RPRM	protein_coding	7	5	2	0.2786	0.0691	0.0747
ENSG00000177535.8	OR2B11	protein_coding	8	3	6	0.0707	0.0175	0.0190
ENSG00000177542.11	SLC25A22	protein_coding	1382	716	689	17.0562	4.2298	4.5733
ENSG00000177548.13	RABEP2	protein_coding	990	521	491	12.4817	3.0953	3.3468
ENSG00000177551.5	NHLH2	protein_coding	6	2	4	0.0451	0.0112	0.0121
ENSG00000177553.6	C1orf167-AS1	lncRNA	0	1	0	0.0000	0.0000	0.0000
ENSG00000177556.12	ATOX1	protein_coding	3109	1528	1588	33.6536	8.3458	9.0237
ENSG00000177558.3	FAM187B	protein_coding	0	0	0	0.0000	0.0000	0.0000
ENSG00000177565.18	TBL1XR1	protein_coding	13562	6993	6933	65.7970	16.3170	17.6424
ENSG00000177570.15	SAMD12	protein_coding	3447	1716	1731	12.7083	3.1515	3.4075
ENSG00000177575.13	CD163	protein_coding	5713	2971	2743	55.7152	13.8168	14.9391
ENSG00000177576.12	C18orf32	protein_coding	222	108	114	2.1906	0.5433	0.5874
ENSG00000177586.6	OR7E149P	unprocessed_pseudogene	0	0	0	0.0000	0.0000	0.0000
ENSG00000177590.7	GIMAP3P	processed_pseudogene	0	0	0	0.0000	0.0000	0.0000
ENSG00000177595.18	PIDD1	protein_coding	658	339	320	6.3732	1.5805	1.7089
ENSG00000177596.1	AL355390.1	lncRNA	0	0	0	0.0000	0.0000	0.0000
ENSG00000177599.13	ZNF491	protein_coding	134	66	74	2.2033	0.5464	0.5908
ENSG00000177600.9	RPLP2	protein_coding	28491	14280	14213	987.0030	244.7668	264.6484
ENSG00000177602.5	HASPIN	protein_coding	97	54	57	1.9667	0.4877	0.5273
ENSG00000177606.8	JUN	protein_coding	10193	5115	5079	159.5046	39.5555	42.7685
ENSG00000177613.9	CSTF2T	protein_coding	4388	2211	2178	60.5458	15.0148	16.2344
ENSG00000177614.11	PGBD5	protein_coding	442	212	230	2.2267	0.5522	0.5970
ENSG00000177627.11	C12orf54	protein_coding	9	4	5	0.2724	0.0675	0.0730
ENSG00000177628.16	GBA	protein_coding	4790	2377	2413	74.4629	18.4661	19.9660
ENSG00000177640.16	CASC2	lncRNA	510	261	270	1.9317	0.4791	0.5180
ENSG00000177646.19	ACAD9	protein_coding	2686	1576	1608	35.2029	8.7300	9.4391
ENSG00000177663.14	IL17RA	protein_coding	3445	1681	1764	21.6208	5.3617	5.7973
ENSG00000177666.17	PNPLA2	protein_coding	2102	1477	1548	31.1157	7.7164	8.3432
ENSG00000177669.4	MBOAT4	protein_coding	5	4	4	0.1725	0.0428	0.0462
ENSG00000177673.4	TEX44	protein_coding	0	1	0	0.0000	0.0000	0.0000
ENSG00000177674.16	AGTRAP	protein_coding	3194	1648	1547	74.3867	18.4472	19.9456
ENSG00000177675.9	CD163L1	protein_coding	142	66	76	1.4233	0.3530	0.3816
ENSG00000177679.16	SRRM3	protein_coding	498	258	240	4.1067	1.0184	1.1011
ENSG00000177683.14	THAP5	protein_coding	1696	831	865	19.0230	4.7175	5.1007
ENSG00000177684.4	DEFB114	protein_coding	0	0	0	0.0000	0.0000	0.0000
ENSG00000177685.17	CRACR2B	protein_coding	130	74	72	1.7453	0.4328	0.4680
ENSG00000177688.7	SUMO4	protein_coding	8	2	6	0.4461	0.1106	0.1196
ENSG00000177689.10	MAGEB10	protein_coding	0	0	0	0.0000	0.0000	0.0000
ENSG00000177692.12	DNAJC28	protein_coding	89	49	40	2.0352	0.5047	0.5457
ENSG00000177693.4	OR4F4	protein_coding	0	0	0	0.0000	0.0000	0.0000
ENSG00000177694.16	NAALADL2	protein_coding	1321	638	683	5.5303	1.3715	1.4829
ENSG00000177697.19	CD151	protein_coding	6760	4605	4606	98.4487	24.4143	26.3974
ENSG00000177699.4	AC011944.1	lncRNA	8	3	11	0.2388	0.0592	0.0640
ENSG00000177700.6	POLR2L	protein_coding	3782	3100	3132	190.4770	47.2364	51.0732
ENSG00000177706.9	FAM20C	protein_coding	5533	2769	2764	62.0847	15.3964	16.6470
ENSG00000177707.11	NECTIN3	protein_coding	578	275	303	4.2476	1.0534	1.1389
ENSG00000177710.6	SLC35G5	protein_coding	0	0	0	0.0000	0.0000	0.0000
ENSG00000177721.4	ANXA2R	protein_coding	83	35	62	1.9727	0.4892	0.5290
ENSG00000177725.5	AC105206.1	lncRNA	0	0	0	0.0000	0.0000	0.0000
ENSG00000177728.17	TMEM94	protein_coding	6944	3638	3510	43.5372	10.7968	11.6738
ENSG00000177731.16	FLII	protein_coding	5858	2901	2987	52.6644	13.0602	14.1211
ENSG00000177732.8	SOX12	protein_coding	2826	1490	1338	34.6139	8.5839	9.2811
ENSG00000177733.7	HNRNPA0	protein_coding	12931	6570	6362	84.1635	20.8717	22.5670
ENSG00000177736.4	FXNP2	processed_pseudogene	0	0	0	0.0000	0.0000	0.0000
ENSG00000177738.4	AC025171.1	lncRNA	250	126	138	3.2887	0.8156	0.8818
ENSG00000177752.14	YIPF7	protein_coding	1	14	11	0.0313	0.0078	0.0084
ENSG00000177757.2	FAM87B	lncRNA	8	7	7	0.2330	0.0578	0.0625
ENSG00000177770.11	CDKN2AIPNLP1	processed_pseudogene	1	1	0	0.1878	0.0466	0.0504
ENSG00000177776.8	RPS2P2	processed_pseudogene	0	1	0	0.0000	0.0000	0.0000
ENSG00000177788.6	AL162595.1	lncRNA	535	262	274	3.7013	0.9179	0.9925
ENSG00000177791.12	MYOZ1	protein_coding	46	22	24	2.0067	0.4976	0.5381
ENSG00000177800.2	TMEM78	lncRNA	1	0	1	0.0261	0.0065	0.0070
ENSG00000177803.7	YWHAQP4	processed_pseudogene	0	0	0	0.0000	0.0000	0.0000
ENSG00000177807.10	KCNJ10	protein_coding	21	11	10	0.1905	0.0472	0.0511
ENSG00000177822.8	TENM3-AS1	lncRNA	40	22	19	0.3689	0.0915	0.0989
ENSG00000177830.18	CHID1	protein_coding	5206	2685	2521	55.0909	13.6620	14.7717
ENSG00000177839.7	PCDHB9	protein_coding	132	57	79	1.6955	0.4205	0.4546
ENSG00000177842.12	ZNF620	protein_coding	371	181	190	5.5616	1.3792	1.4912
ENSG00000177853.14	ZNF518A	protein_coding	2421	1508	1564	12.6063	3.1262	3.3802
ENSG00000177854.8	TMEM187	protein_coding	645	308	337	24.4505	6.0635	6.5560
ENSG00000177855.8	CACYBPP2	processed_pseudogene	9	6	3	0.7528	0.1867	0.2018
ENSG00000177868.12	SVBP	protein_coding	660	565	533	27.6634	6.8602	7.4175
ENSG00000177873.14	ZNF619	protein_coding	769	396	373	8.1804	2.0287	2.1935
ENSG00000177875.5	CCDC184	protein_coding	108	51	57	2.6827	0.6653	0.7193
ENSG00000177879.17	AP3S1	protein_coding	9348	4699	4706	180.9917	44.8841	48.5299
ENSG00000177885.15	GRB2	protein_coding	18714	9431	9283	225.0361	55.8067	60.3397
ENSG00000177888.8	ZBTB41	protein_coding	3687	1916	1771	24.0914	5.9744	6.4597
ENSG00000177889.10	UBE2N	protein_coding	7812	4126	4070	74.4068	18.4521	19.9510
ENSG00000177910.8	SPATA31C2	transcribed_unprocessed_pseudogene	0	0	0	0.0000	0.0000	0.0000
ENSG00000177917.11	ARL6IP6	protein_coding	1117	552	587	16.3767	4.0613	4.3911
ENSG00000177932.7	ZNF354C	protein_coding	381	281	253	3.6665	0.9092	0.9831
ENSG00000177938.5	CAPZA3	protein_coding	0	0	0	0.0000	0.0000	0.0000
ENSG00000177943.14	MAMDC4	protein_coding	120	70	50	1.2396	0.3074	0.3324
ENSG00000177946.6	CENPBD1	protein_coding	566	284	294	10.4895	2.6013	2.8126
ENSG00000177947.14	ODF3	protein_coding	1	1	0	0.0184	0.0046	0.0049
ENSG00000177951.17	BET1L	protein_coding	4596	3762	3834	67.3834	16.7104	18.0677
ENSG00000177954.14	RPS27	protein_coding	41281	20226	21055	2277.2805	564.7426	610.6149
ENSG00000177963.14	RIC8A	protein_coding	9555	4988	4962	81.0567	20.1012	21.7340
ENSG00000177971.8	IMP3	protein_coding	968	1191	1193	21.4017	5.3074	5.7385
ENSG00000177981.11	ASB8	protein_coding	3237	1616	1621	44.9266	11.1413	12.0463
ENSG00000177984.7	LCN15	protein_coding	0	0	0	0.0000	0.0000	0.0000
ENSG00000177989.13	ODF3B	protein_coding	965	464	501	23.7832	5.8980	6.3771
ENSG00000177990.12	DPY19L2	protein_coding	201	90	111	2.0315	0.5038	0.5447
ENSG00000177992.10	SPATA31E1	protein_coding	1	0	1	0.0128	0.0032	0.0034
ENSG00000177993.3	ZNRF3-AS1	lncRNA	6	4	2	0.1568	0.0389	0.0420
ENSG00000177994.16	C2orf73	protein_coding	15	5	10	0.3107	0.0770	0.0833
ENSG00000178015.5	GPR150	protein_coding	24	10	14	0.6620	0.1642	0.1775
ENSG00000178021.11	TSPYL6	protein_coding	1	0	2	0.0186	0.0046	0.0050
ENSG00000178026.13	LRRC75B	protein_coding	310	153	157	5.1374	1.2740	1.3775
ENSG00000178028.14	DMAP1	protein_coding	2005	1020	985	20.3078	5.0361	5.4452
ENSG00000178031.17	ADAMTSL1	protein_coding	852	420	436	3.5934	0.8911	0.9635
ENSG00000178033.6	CALHM5	protein_coding	1857	1048	943	10.7602	2.6684	2.8852
ENSG00000178035.13	IMPDH2	protein_coding	17536	9455	9452	194.1179	48.1393	52.0495
ENSG00000178038.17	ALS2CL	protein_coding	200	106	94	1.2520	0.3105	0.3357
ENSG00000178053.20	MLF1	protein_coding	2655	1346	1309	40.3119	9.9969	10.8090
ENSG00000178055.13	PRSS42P	transcribed_unitary_pseudogene	1	1	0	0.0305	0.0076	0.0082
ENSG00000178057.15	NDUFAF3	protein_coding	2862	1576	1525	93.9803	23.3062	25.1992
ENSG00000178074.6	C2orf69	protein_coding	2306	1186	1159	30.7051	7.6146	8.2331
ENSG00000178075.20	GRAMD1C	protein_coding	609	330	315	4.6395	1.1505	1.2440
ENSG00000178078.12	STAP2	protein_coding	1131	554	577	23.1884	5.7505	6.2176
ENSG00000178081.12	ULK4P3	transcribed_unprocessed_pseudogene	3	2	1	0.1144	0.0284	0.0307
ENSG00000178082.6	TWF1P1	processed_pseudogene	12	4	8	0.6487	0.1609	0.1739
ENSG00000178084.2	HTR3C	protein_coding	1	1	0	0.0334	0.0083	0.0089
ENSG00000178093.14	TSSK6	protein_coding	81	44	42	3.0043	0.7450	0.8055
ENSG00000178096.9	BOLA1	protein_coding	699	357	343	27.1323	6.7285	7.2751
ENSG00000178104.19	PDE4DIP	protein_coding	9083	4601	4490	18.6474	4.6244	5.0000
ENSG00000178105.11	DDX10	protein_coding	1733	855	878	11.4198	2.8320	3.0620
ENSG00000178107.2	AL161668.1	lncRNA	1	0	1	0.1584	0.0393	0.0425
ENSG00000178115.11	GOLGA8Q	protein_coding	1	1	0	0.0265	0.0066	0.0071
ENSG00000178125.14	PPP1R42	protein_coding	49	18	31	1.2350	0.3063	0.3311
ENSG00000178127.13	NDUFV2	protein_coding	49	26	23	1.0250	0.2542	0.2748
ENSG00000178130.9	FAM27E5	lncRNA	0	0	0	0.0000	0.0000	0.0000
ENSG00000178146.9	GK4P	processed_pseudogene	34	17	17	1.2281	0.3046	0.3293
ENSG00000178149.17	DALRD3	protein_coding	1602	2237	2152	24.6471	6.1122	6.6087
ENSG00000178150.10	ZNF114	protein_coding	24	12	12	0.4516	0.1120	0.1211
ENSG00000178162.8	FAR2P2	transcribed_unprocessed_pseudogene	33	19	19	0.3489	0.0865	0.0935
ENSG00000178163.8	ZNF518B	protein_coding	1608	800	808	8.3545	2.0718	2.2401
ENSG00000178171.11	AMER3	protein_coding	0	0	1	0.0000	0.0000	0.0000
ENSG00000178172.7	SPINK6	protein_coding	0	0	0	0.0000	0.0000	0.0000
ENSG00000178175.12	ZNF366	protein_coding	134	76	58	1.1861	0.2941	0.3180
ENSG00000178177.16	LCORL	protein_coding	1005	672	717	3.3690	0.8355	0.9033
ENSG00000178184.16	PARD6G	protein_coding	836	484	440	11.3095	2.8046	3.0325
ENSG00000178187.8	ZNF454	protein_coding	81	35	46	1.7256	0.4279	0.4627
ENSG00000178188.14	SH2B1	protein_coding	2743	1370	1382	21.7712	5.3990	5.8376
ENSG00000178199.14	ZC3H12D	protein_coding	109	47	62	0.9245	0.2293	0.2479
ENSG00000178201.4	VN1R1	protein_coding	15	7	8	0.3615	0.0897	0.0969
ENSG00000178202.13	POGLUT3	protein_coding	5038	2515	2523	57.8584	14.3483	15.5138
ENSG00000178209.16	PLEC	protein_coding	29726	15003	14729	99.2091	24.6029	26.6013
ENSG00000178217.14	SH2D4B	protein_coding	5	2	3	0.0619	0.0153	0.0166
ENSG00000178222.13	RNF212	protein_coding	68	30	38	0.7705	0.1911	0.2066
ENSG00000178226.11	PRSS36	protein_coding	97	52	45	1.4976	0.3714	0.4016
ENSG00000178229.8	ZNF543	protein_coding	468	232	236	7.1925	1.7837	1.9285
ENSG00000178233.18	TMEM151B	protein_coding	3	5	0	0.0311	0.0077	0.0083
ENSG00000178234.13	GALNT11	protein_coding	2940	1827	1691	20.1167	4.9887	5.3940
ENSG00000178235.8	SLITRK1	protein_coding	0	0	0	0.0000	0.0000	0.0000
ENSG00000178243.4	C9orf62	lncRNA	0	0	0	0.0000	0.0000	0.0000
ENSG00000178248.11	FAM230I	lncRNA	1	1	0	0.0359	0.0089	0.0096
ENSG00000178252.18	WDR6	protein_coding	7503	5037	5015	80.2215	19.8941	21.5101
ENSG00000178257.4	PRM3	protein_coding	0	0	0	0.0000	0.0000	0.0000
ENSG00000178279.4	TNP2	protein_coding	0	0	0	0.0000	0.0000	0.0000
ENSG00000178287.18	SPAG11A	protein_coding	0	0	0	0.0000	0.0000	0.0000
ENSG00000178295.15	GEN1	protein_coding	826	417	410	3.9590	0.9818	1.0615
ENSG00000178297.14	TMPRSS9	protein_coding	169	136	123	2.2144	0.5492	0.5938
ENSG00000178301.4	AQP11	protein_coding	193	99	95	5.1506	1.2773	1.3810
ENSG00000178307.10	TMEM11	protein_coding	888	435	453	23.0263	5.7103	6.1741
ENSG00000178338.11	ZNF354B	protein_coding	995	506	492	15.0792	3.7395	4.0432
ENSG00000178342.4	KCNG2	protein_coding	7	5	2	0.1836	0.0455	0.0492
ENSG00000178343.5	SHISA3	protein_coding	1	0	1	0.0244	0.0061	0.0065
ENSG00000178358.4	OR2D3	protein_coding	0	0	0	0.0000	0.0000	0.0000
ENSG00000178363.5	CALML3	protein_coding	3	88	91	0.0939	0.0233	0.0252
ENSG00000178372.8	CALML5	protein_coding	506	269	237	32.8321	8.1420	8.8034
ENSG00000178381.12	ZFAND2A	protein_coding	556	281	277	13.8172	3.4265	3.7048
ENSG00000178385.15	PLEKHM3	protein_coding	616	299	317	3.0017	0.7444	0.8048
ENSG00000178386.13	ZNF223	protein_coding	49	21	28	0.8395	0.2082	0.2251
ENSG00000178394.5	HTR1A	protein_coding	0	0	0	0.0000	0.0000	0.0000
ENSG00000178395.7	CCDC185	protein_coding	26	13	13	0.7189	0.1783	0.1928
ENSG00000178397.13	FAM220A	protein_coding	2093	1024	1069	49.6005	12.3004	13.2995
ENSG00000178401.16	DNAJC22	protein_coding	384	212	173	4.2334	1.0498	1.1351
ENSG00000178403.4	NEUROG2	protein_coding	1	1	0	0.0247	0.0061	0.0066
ENSG00000178404.10	CEP295NL	protein_coding	6	3	3	0.1233	0.0306	0.0331
ENSG00000178409.14	BEND3	protein_coding	647	343	304	5.1787	1.2843	1.3886
ENSG00000178412.4	AC068473.1	lncRNA	2	2	0	0.1021	0.0253	0.0274
ENSG00000178425.14	NT5DC1	protein_coding	2982	1705	1684	23.1434	5.7393	6.2055
ENSG00000178429.9	RPS3AP5	processed_pseudogene	22	13	9	1.5196	0.3769	0.4075
ENSG00000178440.7	TIMM23B-AGAP6	protein_coding	15	8	11	0.1980	0.0491	0.0531
ENSG00000178445.10	GLDC	protein_coding	1182	589	593	7.5469	1.8715	2.0236
ENSG00000178449.9	COX14	protein_coding	1008	507	501	58.9316	14.6144	15.8015
ENSG00000178457.3	LINC00314	lncRNA	0	0	0	0.0000	0.0000	0.0000
ENSG00000178458.5	H3P16	processed_pseudogene	9	2	7	1.2418	0.3080	0.3330
ENSG00000178460.18	MCMDC2	protein_coding	150	1454	1566	1.3388	0.3320	0.3590
ENSG00000178462.12	TUBAL3	protein_coding	203	108	95	6.4206	1.5922	1.7216
ENSG00000178464.6	RPL10P16	processed_pseudogene	114	57	58	10.0232	2.4856	2.6875
ENSG00000178467.18	P4HTM	protein_coding	3739	1936	1850	27.7646	6.8854	7.4446
ENSG00000178473.7	UCN3	protein_coding	0	0	0	0.0000	0.0000	0.0000
ENSG00000178498.16	DTX3	protein_coding	1865	935	930	25.8782	6.4175	6.9388
ENSG00000178502.6	KLHL11	protein_coding	870	464	406	6.6655	1.6530	1.7872
ENSG00000178503.6	NECAP1P1	processed_pseudogene	0	0	0	0.0000	0.0000	0.0000
ENSG00000178522.14	AMBN	protein_coding	0	0	0	0.0000	0.0000	0.0000
ENSG00000178531.6	CTXN1	protein_coding	631	298	334	28.9280	7.1739	7.7566
ENSG00000178537.10	SLC25A20	protein_coding	1616	793	823	48.2841	11.9740	12.9466
ENSG00000178538.10	CA8	protein_coding	1538	733	805	11.3184	2.8069	3.0349
ENSG00000178556.8	CKS1BP6	processed_pseudogene	0	0	0	0.0000	0.0000	0.0000
ENSG00000178562.18	CD28	protein_coding	581	298	283	6.7448	1.6726	1.8085
ENSG00000178567.8	EPM2AIP1	protein_coding	4813	2419	2395	33.7427	8.3679	9.0476
ENSG00000178568.15	ERBB4	protein_coding	3219	1620	1599	14.0261	3.4783	3.7609
ENSG00000178573.7	MAF	protein_coding	4768	2405	2363	38.6331	9.5806	10.3588
ENSG00000178585.15	CTNNBIP1	protein_coding	1307	994	992	22.1982	5.5049	5.9521
ENSG00000178586.5	OR6B3	protein_coding	0	0	0	0.0000	0.0000	0.0000
ENSG00000178591.7	DEFB125	protein_coding	1	1	0	0.0438	0.0109	0.0117
ENSG00000178596.10	GAPDHP29	processed_pseudogene	0	0	0	0.0000	0.0000	0.0000
ENSG00000178597.7	PSAPL1	protein_coding	0	0	0	0.0000	0.0000	0.0000
ENSG00000178602.8	OTOS	protein_coding	0	0	0	0.0000	0.0000	0.0000
ENSG00000178605.13	GTPBP6	protein_coding	1834	934	900	35.0898	8.7019	9.4087
ENSG00000178605.13_PAR_Y	GTPBP6	protein_coding	0	0	0	0.0000	0.0000	0.0000
ENSG00000178607.16	ERN1	protein_coding	2198	1147	1113	11.4735	2.8453	3.0764
ENSG00000178623.12	GPR35	protein_coding	100	61	39	1.1141	0.2763	0.2987
ENSG00000178631.7	ACTG1P1	processed_pseudogene	50	31	19	2.5115	0.6228	0.6734
ENSG00000178636.8	AC092656.1	transcribed_processed_pseudogene	5	0	6	0.1152	0.0286	0.0309
ENSG00000178645.13	C10orf53	protein_coding	0	0	0	0.0000	0.0000	0.0000
ENSG00000178654.11	PPIAP33	processed_pseudogene	1	0	1	0.1022	0.0253	0.0274
ENSG00000178660.6	ARMC10P1	processed_pseudogene	5	2	3	0.3316	0.0822	0.0889
ENSG00000178662.16	CSRNP3	protein_coding	111	52	59	0.5010	0.1242	0.1343
ENSG00000178665.16	ZNF713	protein_coding	178	94	84	1.5578	0.3863	0.4177
ENSG00000178685.14	PARP10	protein_coding	5937	3180	2980	55.8076	13.8397	14.9639
ENSG00000178690.3	DYNAP	protein_coding	0	0	0	0.0000	0.0000	0.0000
ENSG00000178691.11	SUZ12	protein_coding	5198	2648	2550	44.9975	11.1589	12.0653
ENSG00000178694.10	NSUN3	protein_coding	1146	600	548	7.3368	1.8195	1.9672
ENSG00000178695.6	KCTD12	protein_coding	9846	4957	4889	89.6110	22.2226	24.0277
ENSG00000178700.9	DHFR2	protein_coding	818	401	417	10.6592	2.6434	2.8581
ENSG00000178715.8	AL450998.1	processed_pseudogene	6	4	2	0.7768	0.1927	0.2083
ENSG00000178718.7	RPP25	protein_coding	469	236	233	11.2938	2.8008	3.0283
ENSG00000178719.17	GRINA	protein_coding	35573	17830	17953	797.6844	197.8177	213.8858
ENSG00000178722.13	C5orf64	lncRNA	2	1	1	0.0051	0.0013	0.0014
ENSG00000178723.7	GLULP4	processed_pseudogene	9	8	1	0.4549	0.1128	0.1220
ENSG00000178726.7	THBD	protein_coding	13061	6532	6530	183.3389	45.4662	49.1593
ENSG00000178732.5	GP5	protein_coding	3	0	3	0.0481	0.0119	0.0129
ENSG00000178734.5	LMO7DN	lncRNA	0	0	0	0.0000	0.0000	0.0000
ENSG00000178741.12	COX5A	protein_coding	3983	2043	1940	170.3438	42.2435	45.6748
ENSG00000178750.3	STX19	protein_coding	7	5	2	0.3455	0.0857	0.0926
ENSG00000178752.16	ERFE	protein_coding	80	38	42	1.2658	0.3139	0.3394
ENSG00000178761.15	FAM219B	protein_coding	456	1250	1173	5.1565	1.2788	1.3826
ENSG00000178762.4	H2BC2P	unprocessed_pseudogene	0	0	0	0.0000	0.0000	0.0000
ENSG00000178764.8	ZHX2	protein_coding	6093	3025	3069	77.5957	19.2430	20.8060
ENSG00000178772.7	CPN2	protein_coding	40	22	18	0.7499	0.1860	0.2011
ENSG00000178773.15	CPNE7	protein_coding	395	186	209	7.3252	1.8166	1.9641
ENSG00000178776.5	C5orf46	protein_coding	786	401	385	36.5961	9.0755	9.8126
ENSG00000178789.9	CD300LB	protein_coding	94	50	44	1.9591	0.4858	0.5253
ENSG00000178795.9	GDPD4	protein_coding	9	5	4	0.1601	0.0397	0.0429
ENSG00000178796.13	RIIAD1	protein_coding	29	15	14	0.7226	0.1792	0.1937
ENSG00000178802.18	MPI	protein_coding	2267	2083	2151	14.1432	3.5074	3.7923
ENSG00000178803.12	ADORA2A-AS1	lncRNA	25	102	96	0.3517	0.0872	0.0943
ENSG00000178804.7	H1-8	protein_coding	0	0	0	0.0000	0.0000	0.0000
ENSG00000178809.11	TRIM73	protein_coding	5	4	3	0.0511	0.0127	0.0137
ENSG00000178814.17	OPLAH	protein_coding	1375	704	719	17.5583	4.3543	4.7080
ENSG00000178821.13	TMEM52	protein_coding	124	63	61	4.3950	1.0899	1.1785
ENSG00000178826.11	TMEM139	protein_coding	113	203	221	2.4993	0.6198	0.6701
ENSG00000178828.7	RNF186	protein_coding	0	0	0	0.0000	0.0000	0.0000
ENSG00000178836.6	AC114812.1	transcribed_processed_pseudogene	0	0	0	0.0000	0.0000	0.0000
ENSG00000178852.16	EFCAB13	protein_coding	331	182	169	2.8109	0.6971	0.7537
ENSG00000178860.8	MSC	protein_coding	783	551	555	21.0146	5.2114	5.6347
ENSG00000178878.13	APOLD1	protein_coding	1277	630	647	10.0707	2.4974	2.7003
ENSG00000178882.15	RFLNA	protein_coding	524	267	257	8.9885	2.2291	2.4101
ENSG00000178896.9	EXOSC4	protein_coding	1061	716	687	43.4122	10.7658	11.6403
ENSG00000178904.19	DPY19L3	protein_coding	3834	1897	1941	20.1675	5.0013	5.4076
ENSG00000178913.8	TAF7	protein_coding	11294	5704	5592	238.6298	59.1778	63.9846
ENSG00000178917.16	ZNF852	protein_coding	236	128	109	2.9874	0.7408	0.8010
ENSG00000178919.9	FOXE1	protein_coding	3	2	1	0.0487	0.0121	0.0131
ENSG00000178921.14	PFAS	protein_coding	1615	834	781	14.1534	3.5099	3.7950
ENSG00000178922.17	HYI	protein_coding	0	866	796	0.0000	0.0000	0.0000
ENSG00000178927.18	CYBC1	protein_coding	5859	2908	3016	45.9118	11.3857	12.3105
ENSG00000178928.8	TPRX1	protein_coding	0	0	0	0.0000	0.0000	0.0000
ENSG00000178934.5	LGALS7B	protein_coding	7	4	3	0.6015	0.1492	0.1613
ENSG00000178935.5	ZNF552	protein_coding	3205	1600	1629	60.8081	15.0798	16.3047
ENSG00000178947.9	SMIM10L2A	protein_coding	78	46	32	0.8458	0.2097	0.2268
ENSG00000178950.17	GAK	protein_coding	4363	2195	2169	16.3263	4.0488	4.3776
ENSG00000178951.9	ZBTB7A	protein_coding	4298	2106	2194	36.1631	8.9681	9.6965
ENSG00000178952.11	TUFM	protein_coding	7185	3534	3651	184.2882	45.7016	49.4138
ENSG00000178965.14	ERICH3	protein_coding	39	21	19	0.2506	0.0621	0.0672
ENSG00000178966.17	RMI1	protein_coding	1506	759	750	24.9723	6.1929	6.6959
ENSG00000178971.16	CTC1	protein_coding	2735	1335	1400	18.1767	4.5076	4.8738
ENSG00000178974.10	FBXO34	protein_coding	2056	1036	1025	29.0256	7.1980	7.7827
ENSG00000178977.3	LINC00324	lncRNA	293	140	153	7.9808	1.9792	2.1399
ENSG00000178980.15	SELENOW	protein_coding	7849	3925	3929	84.8164	21.0336	22.7421
ENSG00000178982.10	EIF3K	protein_coding	8938	4541	4398	181.1557	44.9248	48.5739
ENSG00000178988.11	MRFAP1L1	protein_coding	6351	3205	3147	166.3580	41.2551	44.6061
ENSG00000178996.14	SNX18	protein_coding	4967	2416	2551	42.3322	10.4980	11.3507
ENSG00000178997.11	EXD1	protein_coding	3	2	1	0.0465	0.0115	0.0125
ENSG00000178999.13	AURKB	protein_coding	365	165	200	9.2366	2.2906	2.4766
ENSG00000179002.5	TAS1R2	protein_coding	0	0	0	0.0000	0.0000	0.0000
ENSG00000179008.9	C14orf39	protein_coding	2	1	2	0.0331	0.0082	0.0089
ENSG00000179010.14	MRFAP1	protein_coding	23046	11508	11539	492.2554	122.0744	131.9901
ENSG00000179021.10	C3orf38	protein_coding	1723	893	839	29.9820	7.4352	8.0392
ENSG00000179023.8	KLHDC7A	protein_coding	50	31	19	0.5511	0.1367	0.1478
ENSG00000179028.4	AC245177.1	lncRNA	0	0	0	0.0000	0.0000	0.0000
ENSG00000179029.15	TMEM107	protein_coding	683	360	324	9.8232	2.4361	2.6339
ENSG00000179031.8	NSA2P3	processed_pseudogene	11	5	6	0.8018	0.1988	0.2150
ENSG00000179038.8	AP001885.1	transcribed_processed_pseudogene	9	5	4	0.3192	0.0792	0.0856
ENSG00000179041.4	RRS1	protein_coding	1471	755	717	48.5002	12.0276	13.0045
ENSG00000179044.16	EXOC3L1	protein_coding	199	109	90	3.7062	0.9191	0.9937
ENSG00000179046.8	TRIML2	protein_coding	3	2	1	0.0558	0.0138	0.0150
ENSG00000179051.14	RCC2	protein_coding	7932	4870	4833	110.2779	27.3478	29.5692
ENSG00000179055.7	OR13D1	protein_coding	0	0	0	0.0000	0.0000	0.0000
ENSG00000179057.14	IGSF22	protein_coding	46	72	64	0.5396	0.1338	0.1447
ENSG00000179058.7	C9orf50	protein_coding	20	13	10	0.3235	0.0802	0.0867
ENSG00000179059.10	ZFP42	protein_coding	2	1	1	0.0428	0.0106	0.0115
ENSG00000179066.8	AC020907.1	lncRNA	14	5	10	0.2562	0.0635	0.0687
ENSG00000179071.5	CCDC89	protein_coding	117	63	54	2.8258	0.7008	0.7577
ENSG00000179073.6	TAAR3P	transcribed_unprocessed_pseudogene	0	0	0	0.0000	0.0000	0.0000
ENSG00000179082.3	C9orf106	lncRNA	308	155	153	5.5538	1.3773	1.4892
ENSG00000179083.6	FAM133A	protein_coding	60	29	31	1.0064	0.2496	0.2698
ENSG00000179085.8	DPM3	protein_coding	727	360	367	66.2832	16.4376	17.7727
ENSG00000179088.15	C12orf42	protein_coding	2	1	1	0.0233	0.0058	0.0062
ENSG00000179091.5	CYC1	protein_coding	6921	3401	3523	199.9438	49.5840	53.6116
ENSG00000179094.16	PER1	protein_coding	1124	538	587	9.1034	2.2576	2.4409
ENSG00000179097.6	HTR1F	protein_coding	22	12	11	0.3516	0.0872	0.0943
ENSG00000179101.5	H3P47	processed_pseudogene	7	4	3	0.9924	0.2461	0.2661
ENSG00000179104.9	TMTC2	protein_coding	1400	700	700	9.5391	2.3656	2.5578
ENSG00000179111.9	HES7	protein_coding	6	3	3	0.1810	0.0449	0.0485
ENSG00000179115.11	FARSA	protein_coding	3551	1845	1863	82.7351	20.5175	22.1840
ENSG00000179119.15	SPTY2D1	protein_coding	4746	2747	2828	45.6256	11.3147	12.2338
ENSG00000179131.7	AC073335.1	processed_pseudogene	1	1	0	0.1562	0.0387	0.0419
ENSG00000179133.15	C10orf67	protein_coding	38	20	27	0.3329	0.0826	0.0893
ENSG00000179134.15	SAMD4B	protein_coding	8396	4265	4287	59.0961	14.6552	15.8456
ENSG00000179136.7	LINC00670	lncRNA	0	0	0	0.0000	0.0000	0.0000
ENSG00000179141.9	MTUS2-AS1	lncRNA	0	0	0	0.0000	0.0000	0.0000
ENSG00000179142.2	CYP11B2	protein_coding	0	0	0	0.0000	0.0000	0.0000
ENSG00000179144.5	GIMAP7	protein_coding	292	153	139	13.6403	3.3827	3.6574
ENSG00000179148.10	ALOXE3	protein_coding	46	18	28	0.6936	0.1720	0.1860
ENSG00000179151.13	EDC3	protein_coding	1701	1047	1053	18.9553	4.7007	5.0826
ENSG00000179152.20	TCAIM	protein_coding	1160	624	574	7.5241	1.8659	2.0175
ENSG00000179157.4	RPS2P28	processed_pseudogene	0	1	0	0.0000	0.0000	0.0000
ENSG00000179163.12	FUCA1	protein_coding	4940	2432	2509	137.1254	34.0057	36.7679
ENSG00000179165.11	PXT1	protein_coding	2	6	1	0.0547	0.0136	0.0147
ENSG00000179168.15	GGN	protein_coding	35	19	24	0.8118	0.2013	0.2177
ENSG00000179170.11	OR7E97P	unprocessed_pseudogene	0	0	0	0.0000	0.0000	0.0000
ENSG00000179172.10	HNRNPCL1	protein_coding	4	1	3	0.2000	0.0496	0.0536
ENSG00000179178.11	TMEM125	protein_coding	1059	487	575	28.0897	6.9660	7.5318
ENSG00000179195.16	ZNF664	protein_coding	13303	6636	6670	118.9926	29.5090	31.9059
ENSG00000179213.13	SIGLECL1	protein_coding	0	0	0	0.0000	0.0000	0.0000
ENSG00000179218.14	CALR	protein_coding	35441	21215	20806	740.5520	183.6494	198.5667
ENSG00000179219.5	LINC00311	lncRNA	1	0	1	0.0362	0.0090	0.0097
ENSG00000179222.18	MAGED1	protein_coding	11105	5577	5529	104.7338	25.9729	28.0826
ENSG00000179240.13	GVQW3	protein_coding	483	244	239	1.3621	0.3378	0.3652
ENSG00000179241.13	LDLRAD3	protein_coding	11892	6005	5889	147.4087	36.5559	39.5252
ENSG00000179242.16	CDH4	protein_coding	45	25	20	0.3395	0.0842	0.0910
ENSG00000179253.3	AL162457.1	lncRNA	1	1	0	0.0284	0.0070	0.0076
ENSG00000179256.2	SMCO3	protein_coding	3	32	33	0.0809	0.0201	0.0217
ENSG00000179262.10	RAD23A	protein_coding	4134	3170	3155	92.0452	22.8263	24.6804
ENSG00000179270.7	PCARE	protein_coding	1	1	0	0.0075	0.0019	0.0020
ENSG00000179271.3	GADD45GIP1	protein_coding	2098	2147	2142	67.2569	16.6790	18.0338
ENSG00000179277.9	MEIS3P1	processed_pseudogene	420	223	214	24.8624	6.1656	6.6664
ENSG00000179284.5	DAND5	protein_coding	5	1	4	0.1420	0.0352	0.0381
ENSG00000179292.5	TMEM151A	protein_coding	43	23	20	0.9608	0.2383	0.2576
ENSG00000179295.18	PTPN11	protein_coding	12852	6455	6398	103.7047	25.7177	27.8067
ENSG00000179299.17	NSUN7	protein_coding	331	351	352	3.1821	0.7891	0.8532
ENSG00000179300.4	RTL3	protein_coding	27	18	9	0.5780	0.1433	0.1550
ENSG00000179304.17	FAM156B	protein_coding	2	1	1	0.0255	0.0063	0.0068
ENSG00000179314.14	WSCD1	protein_coding	83	50	33	0.6596	0.1636	0.1769
ENSG00000179331.3	RAB39A	protein_coding	57	33	24	1.7148	0.4253	0.4598
ENSG00000179335.18	CLK3	protein_coding	1779	1092	1110	4.9350	1.2238	1.3232
ENSG00000179342.4	AC008267.1	processed_pseudogene	0	0	0	0.0000	0.0000	0.0000
ENSG00000179344.16	HLA-DQB1	protein_coding	6409	4192	4358	74.1138	18.3795	19.8724
ENSG00000179348.12	GATA2	protein_coding	1568	764	804	19.8707	4.9277	5.3280
ENSG00000179361.18	ARID3B	protein_coding	243	123	120	2.2288	0.5527	0.5976
ENSG00000179362.14	HMGN2P46	transcribed_processed_pseudogene	43	74	76	0.7889	0.1956	0.2115
ENSG00000179363.7	TMEM31	protein_coding	1	3	2	0.0775	0.0192	0.0208
ENSG00000179364.14	PACS2	protein_coding	3287	1580	1712	15.0777	3.7391	4.0428
ENSG00000179381.8	OR4K11P	unprocessed_pseudogene	0	0	0	0.0000	0.0000	0.0000
ENSG00000179387.10	ELMOD2	protein_coding	3714	1852	1862	31.8303	7.8936	8.5348
ENSG00000179388.9	EGR3	protein_coding	619	312	339	6.9747	1.7296	1.8701
ENSG00000179397.18	CATSPERE	protein_coding	55	29	26	0.7039	0.1746	0.1887
ENSG00000179399.15	GPC5	protein_coding	0	0	0	0.0000	0.0000	0.0000
ENSG00000179403.12	VWA1	protein_coding	2944	1489	1460	32.9623	8.1743	8.8383
ENSG00000179406.8	LINC00174	lncRNA	583	294	289	2.8423	0.7049	0.7621
ENSG00000179407.3	DNAJB8	protein_coding	0	0	0	0.0000	0.0000	0.0000
ENSG00000179409.11	GEMIN4	protein_coding	1585	779	814	15.6404	3.8787	4.1937
ENSG00000179412.11	HNRNPCL4	protein_coding	0	0	0	0.0000	0.0000	0.0000
ENSG00000179420.11	OR6W1P	transcribed_unprocessed_pseudogene	0	0	0	0.0000	0.0000	0.0000
ENSG00000179428.2	IL6-AS1	lncRNA	1	2	4	0.0416	0.0103	0.0111
ENSG00000179431.7	FJX1	protein_coding	982	481	501	23.1460	5.7400	6.2062
ENSG00000179443.5	OR13C6P	unprocessed_pseudogene	0	0	0	0.0000	0.0000	0.0000
ENSG00000179447.2	SLC24A3-AS1	lncRNA	4	2	2	0.1268	0.0314	0.0340
ENSG00000179452.2	LINC01699	lncRNA	0	0	0	0.0000	0.0000	0.0000
ENSG00000179454.14	KLHL28	protein_coding	1930	1017	1042	13.5609	3.3630	3.6361
ENSG00000179455.10	MKRN3	protein_coding	124	64	72	0.9872	0.2448	0.2647
ENSG00000179456.10	ZBTB18	protein_coding	827	404	423	12.0070	2.9776	3.2195
ENSG00000179460.5	EEF1A1P27	processed_pseudogene	0	0	0	0.0000	0.0000	0.0000
ENSG00000179468.5	OR9A2	protein_coding	1	1	0	0.0546	0.0135	0.0146
ENSG00000179476.8	C14orf28	protein_coding	381	174	207	5.5630	1.3796	1.4916
ENSG00000179477.11	ALOX12B	protein_coding	9	4	8	0.1859	0.0461	0.0498
ENSG00000179520.11	SLC17A8	protein_coding	1	0	1	0.0133	0.0033	0.0036
ENSG00000179523.5	EIF3J-DT	lncRNA	612	372	365	10.0511	2.4926	2.6950
ENSG00000179526.17	SHARPIN	protein_coding	4528	2649	2799	92.2683	22.8816	24.7402
ENSG00000179528.16	LBX2	protein_coding	52	119	96	1.2957	0.3213	0.3474
ENSG00000179532.13	DNHD1	protein_coding	976	508	473	2.8198	0.6993	0.7561
ENSG00000179542.16	SLITRK4	protein_coding	534	280	254	3.2781	0.8129	0.8790
ENSG00000179546.4	HTR1D	protein_coding	73	38	35	1.4603	0.3621	0.3915
ENSG00000179562.3	GCC1	protein_coding	1907	1644	1729	21.7773	5.4005	5.8392
ENSG00000179564.4	LSMEM2	protein_coding	6	219	254	0.2373	0.0588	0.0636
ENSG00000179571.10	NBPF17P	unprocessed_pseudogene	1	1	0	0.0268	0.0066	0.0072
ENSG00000179577.3	AP003471.1	lncRNA	0	0	0	0.0000	0.0000	0.0000
ENSG00000179580.10	RNF151	protein_coding	2	2	0	0.1160	0.0288	0.0311
ENSG00000179583.19	CIITA	protein_coding	693	1263	1173	1.8933	0.4695	0.5077
ENSG00000179588.9	ZFPM1	protein_coding	288	146	142	2.6505	0.6573	0.7107
ENSG00000179593.16	ALOX15B	protein_coding	872	414	458	16.4235	4.0729	4.4037
ENSG00000179598.6	PLD6	protein_coding	309	200	224	6.7973	1.6857	1.8226
ENSG00000179600.4	GPHB5	protein_coding	0	0	0	0.0000	0.0000	0.0000
ENSG00000179603.18	GRM8	protein_coding	121	64	70	1.0969	0.2720	0.2941
ENSG00000179604.10	CDC42EP4	protein_coding	10015	4951	5064	117.4179	29.1185	31.4837
ENSG00000179611.3	DGKZP1	processed_pseudogene	18	12	6	0.3677	0.0912	0.0986
ENSG00000179615.3	OR2AP1	protein_coding	0	0	0	0.0000	0.0000	0.0000
ENSG00000179626.4	OR6C4	protein_coding	0	0	0	0.0000	0.0000	0.0000
ENSG00000179627.10	ZBTB42	protein_coding	1648	802	846	25.1434	6.2353	6.7418
ENSG00000179630.11	LACC1	protein_coding	1144	603	564	14.4845	3.5920	3.8838
ENSG00000179632.10	MAF1	protein_coding	7496	4260	4157	176.0240	43.6522	47.1979
ENSG00000179636.15	TPPP2	protein_coding	0	0	2	0.0000	0.0000	0.0000
ENSG00000179639.10	FCER1A	protein_coding	53	28	25	2.5799	0.6398	0.6918
ENSG00000179673.5	RPRML	protein_coding	1	0	1	0.0516	0.0128	0.0138
ENSG00000179674.4	ARL14	protein_coding	0	0	0	0.0000	0.0000	0.0000
ENSG00000179676.7	LINC00305	lncRNA	0	0	0	0.0000	0.0000	0.0000
ENSG00000179695.3	OR6C2	protein_coding	0	0	0	0.0000	0.0000	0.0000
ENSG00000179698.14	WDR97	protein_coding	38	15	23	0.2400	0.0595	0.0643
ENSG00000179709.8	NLRP8	protein_coding	0	0	0	0.0000	0.0000	0.0000
ENSG00000179715.13	PCED1B	protein_coding	2449	1672	1800	53.0492	13.1557	14.2243
ENSG00000179743.4	FLJ37453	lncRNA	311	161	191	7.1317	1.7686	1.9123
ENSG00000179750.16	APOBEC3B	protein_coding	243	154	155	7.2682	1.8024	1.9488
ENSG00000179751.7	SYCN	protein_coding	0	0	0	0.0000	0.0000	0.0000
ENSG00000179755.3	AC135776.1	lncRNA	0	0	0	0.0000	0.0000	0.0000
ENSG00000179761.12	PIPOX	protein_coding	87	47	42	1.2936	0.3208	0.3469
ENSG00000179766.19	ATP8B5P	transcribed_unprocessed_pseudogene	4	1	3	0.0361	0.0089	0.0097
ENSG00000179772.8	FOXS1	protein_coding	105	47	59	4.5734	1.1342	1.2263
ENSG00000179774.9	ATOH7	protein_coding	2	1	1	0.0747	0.0185	0.0200
ENSG00000179776.19	CDH5	protein_coding	2662	1284	1378	24.8293	6.1574	6.6576
ENSG00000179796.12	LRRC3B	protein_coding	0	0	0	0.0000	0.0000	0.0000
ENSG00000179799.9	OR7E22P	transcribed_unprocessed_pseudogene	25	10	15	1.1102	0.2753	0.2977
ENSG00000179813.7	FAM216B	protein_coding	2	0	2	0.0343	0.0085	0.0092
ENSG00000179817.5	MRGPRX4	protein_coding	0	0	0	0.0000	0.0000	0.0000
ENSG00000179818.14	PCBP1-AS1	lncRNA	1363	10239	10531	2.5256	0.6263	0.6772
ENSG00000179820.16	MYADM	protein_coding	12406	11418	10455	163.6910	40.5937	43.8910
ENSG00000179826.7	MRGPRX3	protein_coding	12	10	2	0.4147	0.1028	0.1112
ENSG00000179832.17	MROH1	protein_coding	3582	1813	1772	18.6311	4.6203	4.9956
ENSG00000179833.4	SERTAD2	protein_coding	4031	2085	1946	36.4358	9.0357	9.7696
ENSG00000179840.5	PIK3CD-AS1	lncRNA	1	1	0	0.0311	0.0077	0.0083
ENSG00000179841.8	AKAP5	protein_coding	327	160	167	2.4686	0.6122	0.6619
ENSG00000179846.10	NKPD1	protein_coding	12	5	7	0.1365	0.0338	0.0366
ENSG00000179855.9	GIPC3	protein_coding	294	159	136	3.7696	0.9348	1.0107
ENSG00000179859.9	RNF227	protein_coding	449	234	215	8.6227	2.1383	2.3120
ENSG00000179862.7	CITED4	protein_coding	2314	1137	1177	100.1732	24.8419	26.8598
ENSG00000179869.15	ABCA13	protein_coding	13	7	6	0.0386	0.0096	0.0104
ENSG00000179873.14	NLRP11	protein_coding	3	2	1	0.0395	0.0098	0.0106
ENSG00000179886.6	TIGD5	protein_coding	778	436	429	8.1795	2.0284	2.1932
ENSG00000179889.19	PDXDC1	protein_coding	10480	5605	6018	63.1584	15.6626	16.9349
ENSG00000179899.8	PHC1P1	processed_pseudogene	77	36	42	1.4265	0.3538	0.3825
ENSG00000179902.13	C1orf194	protein_coding	15	9	10	0.6933	0.1719	0.1859
ENSG00000179909.15	ZNF154	protein_coding	195	96	100	1.9357	0.4800	0.5190
ENSG00000179912.20	R3HDM2	protein_coding	3137	1593	1545	30.1371	7.4737	8.0808
ENSG00000179913.11	B3GNT3	protein_coding	196	98	98	4.0141	0.9955	1.0763
ENSG00000179914.5	ITLN1	protein_coding	0	0	0	0.0000	0.0000	0.0000
ENSG00000179915.24	NRXN1	protein_coding	1	1	0	0.0021	0.0005	0.0006
ENSG00000179918.19	SEPHS2	protein_coding	11172	5725	5447	282.3368	70.0167	75.7039
ENSG00000179919.3	OR10A7	protein_coding	0	0	0	0.0000	0.0000	0.0000
ENSG00000179921.15	GPBAR1	protein_coding	29	14	15	0.6105	0.1514	0.1637
ENSG00000179922.6	ZNF784	protein_coding	264	123	142	7.3970	1.8344	1.9834
ENSG00000179930.6	ZNF648	protein_coding	12	3	9	0.1865	0.0462	0.0500
ENSG00000179933.6	C14orf119	protein_coding	2876	1663	1722	55.6648	13.8043	14.9256
ENSG00000179934.7	CCR8	protein_coding	60	25	35	2.2929	0.5686	0.6148
ENSG00000179935.10	LINC00652	lncRNA	7	13	16	0.0960	0.0238	0.0257
ENSG00000179938.12	GOLGA8J	protein_coding	0	0	0	0.0000	0.0000	0.0000
ENSG00000179941.9	BBS10	protein_coding	1726	855	871	27.4331	6.8031	7.3557
ENSG00000179943.8	FIZ1	protein_coding	1101	599	629	9.2023	2.2821	2.4674
ENSG00000179950.14	PUF60	protein_coding	12431	6153	6278	143.3723	35.5549	38.4429
ENSG00000179954.16	SSC5D	protein_coding	5085	2393	2693	39.4218	9.7762	10.5703
ENSG00000179958.10	DCTPP1	protein_coding	2116	1461	1417	76.7253	19.0271	20.5726
ENSG00000179965.12	ZNF771	protein_coding	182	478	466	1.8674	0.4631	0.5007
ENSG00000179967.11	PPP1R14BP3	processed_pseudogene	283	141	142	36.0650	8.9438	9.6702
ENSG00000179978.11	NAIPP2	unprocessed_pseudogene	79	42	37	1.2641	0.3135	0.3390
ENSG00000179981.11	TSHZ1	protein_coding	2047	985	1062	13.5519	3.3607	3.6337
ENSG00000179988.15	PSTK	protein_coding	198	182	168	1.8353	0.4551	0.4921
ENSG00000179994.11	SPDYE7P	transcribed_unprocessed_pseudogene	1	1	0	0.0399	0.0099	0.0107
ENSG00000179997.8	RPA3P1	processed_pseudogene	1	1	0	0.1571	0.0390	0.0421
ENSG00000180008.9	SOCS4	protein_coding	2307	1210	1097	18.5732	4.6060	4.9801
ENSG00000180011.7	ZADH2	protein_coding	1752	891	861	12.5086	3.1020	3.3540
ENSG00000180015.12	AC093909.1	processed_pseudogene	19	8	11	0.9603	0.2382	0.2575
ENSG00000180016.2	OR1E1	protein_coding	0	0	0	0.0000	0.0000	0.0000
ENSG00000180019.6	AC079741.1	transcribed_processed_pseudogene	0	0	0	0.0000	0.0000	0.0000
ENSG00000180035.13	ZNF48	protein_coding	1309	672	733	19.9231	4.9407	5.3420
ENSG00000180042.5	OR1R1P	protein_coding	0	2	1	0.0000	0.0000	0.0000
ENSG00000180043.11	FAM71E2	protein_coding	0	0	0	0.0000	0.0000	0.0000
ENSG00000180044.5	C3orf80	protein_coding	1118	782	827	23.3266	5.7848	6.2546
ENSG00000180053.7	NKX2-6	protein_coding	0	0	0	0.0000	0.0000	0.0000
ENSG00000180061.10	TMEM150B	protein_coding	64	31	33	2.1175	0.5251	0.5678
ENSG00000180066.10	LINC02870	lncRNA	2	0	2	0.0556	0.0138	0.0149
ENSG00000180068.10	OR3A4P	transcribed_unprocessed_pseudogene	0	0	0	0.0000	0.0000	0.0000
ENSG00000180071.20	ANKRD18A	protein_coding	25	12	13	0.2706	0.0671	0.0726
ENSG00000180083.11	WFDC11	protein_coding	0	0	0	0.0000	0.0000	0.0000
ENSG00000180089.6	TMEM86B	protein_coding	36	24	12	0.9509	0.2358	0.2550
ENSG00000180090.5	OR3A1	protein_coding	3	1	2	0.1024	0.0254	0.0274
ENSG00000180096.12	SEPTIN1	protein_coding	308	205	201	4.1420	1.0272	1.1106
ENSG00000180098.9	TRNAU1AP	protein_coding	1072	559	516	14.1019	3.4971	3.7812
ENSG00000180104.16	EXOC3	protein_coding	4491	3032	3041	31.1922	7.7354	8.3637
ENSG00000180105.11	ACER2P1	processed_pseudogene	0	0	0	0.0000	0.0000	0.0000
ENSG00000180113.16	TDRD6	protein_coding	85	51	55	0.5332	0.1322	0.1430
ENSG00000180116.15	C12orf40	protein_coding	0	8	11	0.0000	0.0000	0.0000
ENSG00000180138.7	CSNK1A1L	protein_coding	1	1	0	0.0236	0.0058	0.0063
ENSG00000180139.11	ACTA2-AS1	lncRNA	149	12232	12197	2.6547	0.6583	0.7118
ENSG00000180150.5	HMGN2P9	processed_pseudogene	0	0	0	0.0000	0.0000	0.0000
ENSG00000180152.3	XIAPP3	processed_pseudogene	1	1	0	0.0713	0.0177	0.0191
ENSG00000180155.20	LYNX1	protein_coding	1063	549	516	12.0037	2.9768	3.2186
ENSG00000180172.7	RPS12P23	processed_pseudogene	1	1	0	0.1418	0.0352	0.0380
ENSG00000180176.15	TH	protein_coding	19	12	7	0.3387	0.0840	0.0908
ENSG00000180178.11	FAR2P1	transcribed_unprocessed_pseudogene	15	8	7	0.1694	0.0420	0.0454
ENSG00000180182.11	MED14	protein_coding	5444	2759	2729	31.9331	7.9191	8.5623
ENSG00000180185.11	FAHD1	protein_coding	2113	1049	1087	39.4301	9.7783	10.5725
ENSG00000180189.10	HMGB1P14	processed_pseudogene	17	10	8	1.6313	0.4045	0.4374
ENSG00000180190.12	TDRP	protein_coding	254	121	135	3.9990	0.9917	1.0723
ENSG00000180198.16	RCC1	protein_coding	4760	2382	2379	69.4289	17.2177	18.6162
ENSG00000180205.4	WFDC9	protein_coding	0	0	0	0.0000	0.0000	0.0000
ENSG00000180209.12	MYLPF	protein_coding	7	4	3	0.3629	0.0900	0.0973
ENSG00000180210.15	F2	protein_coding	0	0	0	0.0000	0.0000	0.0000
ENSG00000180211.5	FO393411.1	processed_pseudogene	21	15	6	2.8355	0.7032	0.7603
ENSG00000180219.2	FAM71C	protein_coding	5	1	4	0.1521	0.0377	0.0408
ENSG00000180221.6	TPT1P10	processed_pseudogene	1	1	0	0.1143	0.0284	0.0307
ENSG00000180228.14	PRKRA	protein_coding	2334	2087	2047	10.9743	2.7215	2.9426
ENSG00000180229.12	HERC2P3	transcribed_unprocessed_pseudogene	11	6	5	0.0663	0.0164	0.0178
ENSG00000180230.6	NACAP2	processed_pseudogene	0	0	0	0.0000	0.0000	0.0000
ENSG00000180233.11	ZNRF2	protein_coding	1333	664	669	22.2140	5.5089	5.9563
ENSG00000180245.7	RRH	protein_coding	26	14	12	0.2059	0.0511	0.0552
ENSG00000180251.5	SLC9A4	protein_coding	1	0	1	0.0125	0.0031	0.0033
ENSG00000180257.14	ZNF816	protein_coding	768	417	351	13.1581	3.2631	3.5281
ENSG00000180259.10	PRNT	lncRNA	0	0	0	0.0000	0.0000	0.0000
ENSG00000180263.14	FGD6	protein_coding	2898	1441	1457	16.3626	4.0577	4.3873
ENSG00000180264.11	ADGRD2	protein_coding	1	0	2	0.0102	0.0025	0.0027
ENSG00000180269.8	GPR139	protein_coding	587	315	272	6.7509	1.6742	1.8101
ENSG00000180279.7	LINC01869	transcribed_unitary_pseudogene	8	5	4	0.3204	0.0795	0.0859
ENSG00000180284.5	CNEP1R1P1	processed_pseudogene	6	2	4	0.9147	0.2268	0.2453
ENSG00000180287.17	PLD5	protein_coding	17	11	6	0.1010	0.0250	0.0271
ENSG00000180304.14	OAZ2	protein_coding	5611	2852	2787	41.4809	10.2868	11.1224
ENSG00000180305.5	WFDC10A	protein_coding	0	0	0	0.0000	0.0000	0.0000
ENSG00000180316.12	PNPLA1	protein_coding	8	2	6	0.1495	0.0371	0.0401
ENSG00000180318.4	ALX1	protein_coding	3	3	0	0.1277	0.0317	0.0342
ENSG00000180329.14	CCDC43	protein_coding	1837	1519	1520	36.4890	9.0489	9.7839
ENSG00000180332.6	KCTD4	protein_coding	0	0	0	0.0000	0.0000	0.0000
ENSG00000180336.18	MEIOC	protein_coding	27	613	651	0.1778	0.0441	0.0477
ENSG00000180340.7	FZD2	protein_coding	712	328	384	10.6847	2.6497	2.8649
ENSG00000180346.4	TIGD2	protein_coding	382	189	193	6.7995	1.6862	1.8232
ENSG00000180347.13	ITPRID1	protein_coding	3	0	3	0.0235	0.0058	0.0063
ENSG00000180353.11	HCLS1	protein_coding	2689	1369	1320	29.9417	7.4252	8.0284
ENSG00000180354.16	MTURN	protein_coding	294	161	133	2.6231	0.6505	0.7034
ENSG00000180357.9	ZNF609	protein_coding	4249	2066	2185	19.8944	4.9336	5.3343
ENSG00000180370.10	PAK2	protein_coding	13811	6998	6813	124.9157	30.9778	33.4941
ENSG00000180376.17	CCDC66	protein_coding	1647	961	1006	10.0583	2.4944	2.6970
ENSG00000180383.3	DEFB124	protein_coding	2	11	17	0.1556	0.0386	0.0417
ENSG00000180385.8	EMC3-AS1	transcribed_unprocessed_pseudogene	135	189	222	2.0613	0.5112	0.5527
ENSG00000180386.7	KRTAP9-7	protein_coding	0	0	0	0.0000	0.0000	0.0000
ENSG00000180389.7	ATP5F1EP2	processed_pseudogene	2	0	2	0.7271	0.1803	0.1949
ENSG00000180398.13	MCFD2	protein_coding	10397	5540	5710	99.2281	24.6076	26.6064
ENSG00000180409.3	OR10AA1P	unprocessed_pseudogene	0	0	0	0.0000	0.0000	0.0000
ENSG00000180422.3	LINC00304	lncRNA	1	1	0	0.0143	0.0036	0.0038
ENSG00000180423.4	HARBI1	protein_coding	544	521	460	11.5891	2.8740	3.1074
ENSG00000180424.7	DEFB123	protein_coding	0	0	0	0.0000	0.0000	0.0000
ENSG00000180425.11	C11orf71	protein_coding	479	335	319	12.3305	3.0578	3.3062
ENSG00000180432.6	CYP8B1	protein_coding	1	0	1	0.0136	0.0034	0.0036
ENSG00000180433.5	OR6K6	protein_coding	1	0	1	0.0484	0.0120	0.0130
ENSG00000180437.5	OR6K4P	unprocessed_pseudogene	0	0	0	0.0000	0.0000	0.0000
ENSG00000180438.15	TPRXL	transcribed_processed_pseudogene	50	23	27	0.7565	0.1876	0.2029
ENSG00000180440.4	SERTM1	protein_coding	1	1	0	0.0183	0.0045	0.0049
ENSG00000180447.7	GAS1	protein_coding	6214	3188	3026	112.0495	27.7872	30.0442
ENSG00000180448.10	ARHGAP45	protein_coding	1778	976	983	16.1639	4.0085	4.3341
ENSG00000180458.2	AC022148.1	lncRNA	1	5	9	0.0174	0.0043	0.0047
ENSG00000180475.4	OR10Q1	protein_coding	0	0	0	0.0000	0.0000	0.0000
ENSG00000180479.14	ZNF571	protein_coding	369	214	210	3.3708	0.8359	0.9038
ENSG00000180481.11	GLIPR1L2	protein_coding	215	99	116	3.2333	0.8018	0.8669
ENSG00000180483.7	DEFB119	protein_coding	0	0	0	0.0000	0.0000	0.0000
ENSG00000180488.15	MIGA1	protein_coding	3044	1516	1528	17.0443	4.2268	4.5702
ENSG00000180509.12	KCNE1	protein_coding	6	2	4	0.0602	0.0149	0.0162
ENSG00000180525.13	PRR26	lncRNA	20	9	11	0.1227	0.0304	0.0329
ENSG00000180530.11	NRIP1	protein_coding	10880	6242	6489	72.6144	18.0076	19.4703
ENSG00000180532.10	ZSCAN4	protein_coding	0	0	0	0.0000	0.0000	0.0000
ENSG00000180535.4	BHLHA15	protein_coding	33	31	19	0.5734	0.1422	0.1537
ENSG00000180537.13	RNF182	protein_coding	25	13	12	0.3460	0.0858	0.0928
ENSG00000180539.8	C9orf139	lncRNA	36	18	24	0.4091	0.1015	0.1097
ENSG00000180543.5	TSPYL5	protein_coding	1097	563	534	14.0083	3.4739	3.7561
ENSG00000180549.8	FUT7	protein_coding	15	9	6	0.5118	0.1269	0.1372
ENSG00000180573.9	H2AC6	protein_coding	1261	660	601	42.8725	10.6319	11.4955
ENSG00000180574.3	EIF2S3B	protein_coding	17	8	9	0.3979	0.0987	0.1067
ENSG00000180581.7	SRP9P1	processed_pseudogene	18	9	9	3.9110	0.9699	1.0487
ENSG00000180592.17	SKIDA1	protein_coding	31	14	17	0.2623	0.0650	0.0703
ENSG00000180596.7	H2BC4	protein_coding	27	16	11	1.8359	0.4553	0.4923
ENSG00000180610.10	ZBTB12BP	processed_pseudogene	7	3	4	0.3538	0.0877	0.0949
ENSG00000180611.7	MB21D2	protein_coding	1045	538	507	19.3477	4.7980	5.1878
ENSG00000180613.11	GSX2	protein_coding	1	0	1	0.0317	0.0079	0.0085
ENSG00000180616.9	SSTR2	protein_coding	149	75	74	1.0759	0.2668	0.2885
ENSG00000180626.10	ZNF594	protein_coding	715	347	368	7.6505	1.8972	2.0514
ENSG00000180628.15	PCGF5	protein_coding	7038	3512	3526	48.0179	11.9080	12.8752
ENSG00000180638.19	SLC47A2	protein_coding	9	3	6	0.0763	0.0189	0.0205
ENSG00000180644.8	PRF1	protein_coding	127	55	72	2.8603	0.7093	0.7669
ENSG00000180658.4	OR2A4	protein_coding	0	0	0	0.0000	0.0000	0.0000
ENSG00000180660.8	MAB21L1	protein_coding	143	77	67	2.7954	0.6932	0.7495
ENSG00000180662.8	RPL21P8	processed_pseudogene	0	0	0	0.0000	0.0000	0.0000
ENSG00000180663.5	VN1R3	unitary_pseudogene	0	0	0	0.0000	0.0000	0.0000
ENSG00000180667.10	YOD1	protein_coding	1041	582	565	9.0531	2.2451	2.4274
ENSG00000180673.9	EXOC5P1	processed_pseudogene	0	0	0	0.0000	0.0000	0.0000
ENSG00000180694.14	TMEM64	protein_coding	1424	733	691	13.7572	3.4117	3.6888
ENSG00000180697.9	C3orf22	protein_coding	3	0	3	0.0785	0.0195	0.0210
ENSG00000180708.6	OR10K2	protein_coding	0	0	0	0.0000	0.0000	0.0000
ENSG00000180712.4	LINC02363	lncRNA	14	7	7	0.2923	0.0725	0.0784
ENSG00000180714.3	OR5AZ1P	unprocessed_pseudogene	0	0	0	0.0000	0.0000	0.0000
ENSG00000180720.7	CHRM4	protein_coding	14	8	6	0.5254	0.1303	0.1409
ENSG00000180723.6	OR51A9P	unitary_pseudogene	0	0	0	0.0000	0.0000	0.0000
ENSG00000180730.5	SHISA2	protein_coding	952	511	441	14.0411	3.4820	3.7649
ENSG00000180739.14	S1PR5	protein_coding	79	42	37	1.5983	0.3964	0.4286
ENSG00000180745.5	CLRN3	protein_coding	5	1	4	0.2474	0.0614	0.0663
ENSG00000180747.15	SMG1P3	transcribed_unprocessed_pseudogene	95	44	51	0.7580	0.1880	0.2033
ENSG00000180758.12	GPR157	protein_coding	832	416	416	8.8957	2.2060	2.3852
ENSG00000180764.13	PIPSL	transcribed_processed_pseudogene	32	12	20	0.5417	0.1343	0.1452
ENSG00000180767.10	CHST13	protein_coding	34	19	15	1.0058	0.2494	0.2697
ENSG00000180769.10	WDFY3-AS2	lncRNA	218	121	109	1.3212	0.3277	0.3543
ENSG00000180770.3	OR7E129P	unprocessed_pseudogene	0	0	0	0.0000	0.0000	0.0000
ENSG00000180772.7	AGTR2	protein_coding	1	0	1	0.0198	0.0049	0.0053
ENSG00000180773.15	SLC36A4	protein_coding	724	360	364	4.2289	1.0487	1.1339
ENSG00000180776.16	ZDHHC20	protein_coding	5136	2574	2565	52.2350	12.9538	14.0059
ENSG00000180777.14	ANKRD30B	protein_coding	1	1	0	0.0091	0.0023	0.0024
ENSG00000180785.10	OR51E1	protein_coding	112	52	60	1.7584	0.4361	0.4715
ENSG00000180787.6	ZFP3	protein_coding	788	407	382	8.9608	2.2222	2.4027
ENSG00000180801.14	ARSJ	protein_coding	1142	562	580	12.5851	3.1210	3.3745
ENSG00000180803.3	AL157366.1	processed_pseudogene	1	1	0	0.1357	0.0336	0.0364
ENSG00000180806.5	HOXC9	protein_coding	143	73	70	4.8677	1.2071	1.3052
ENSG00000180815.14	MAP3K15	protein_coding	6	237	251	0.0611	0.0151	0.0164
ENSG00000180817.12	PPA1	protein_coding	13603	6784	6819	149.3275	37.0317	40.0397
ENSG00000180818.5	HOXC10	protein_coding	107	59	59	2.5592	0.6347	0.6862
ENSG00000180822.12	PSMG4	protein_coding	482	625	669	2.6245	0.6509	0.7037
ENSG00000180828.3	BHLHE22	protein_coding	97	60	52	1.6858	0.4181	0.4520
ENSG00000180834.8	MAP6D1	protein_coding	3	1	2	0.0720	0.0179	0.0193
ENSG00000180846.8	CSNK1G2-AS1	lncRNA	0	0	0	0.0000	0.0000	0.0000
ENSG00000180855.16	ZNF443	protein_coding	386	202	184	8.2201	2.0385	2.2041
ENSG00000180861.9	LINC01559	lncRNA	1	1	0	0.0143	0.0036	0.0038
ENSG00000180867.11	PDIA3P1	transcribed_processed_pseudogene	387	196	195	6.5946	1.6354	1.7682
ENSG00000180869.4	LINC01555	lncRNA	1	0	1	0.0197	0.0049	0.0053
ENSG00000180871.8	CXCR2	protein_coding	36	18	19	0.6352	0.1575	0.1703
ENSG00000180872.7	DEFB112	protein_coding	0	0	0	0.0000	0.0000	0.0000
ENSG00000180875.5	GREM2	protein_coding	132	57	75	1.7926	0.4445	0.4806
ENSG00000180878.3	C11orf42	protein_coding	21	15	11	1.0320	0.2559	0.2767
ENSG00000180879.14	SSR4	protein_coding	5597	2851	2934	69.5455	17.2466	18.6475
ENSG00000180881.19	CAPS2	protein_coding	326	163	167	2.7639	0.6854	0.7411
ENSG00000180884.10	ZNF792	protein_coding	593	294	299	7.6187	1.8894	2.0428
ENSG00000180891.13	CUEDC1	protein_coding	3718	1873	1845	37.2128	9.2284	9.9780
ENSG00000180900.20	SCRIB	protein_coding	4708	2296	2412	40.5391	10.0533	10.8699
ENSG00000180901.11	KCTD2	protein_coding	5572	4907	4992	59.8575	14.8441	16.0498
ENSG00000180902.18	D2HGDH	protein_coding	599	341	377	6.4630	1.6027	1.7329
ENSG00000180909.2	OR52B1P	unprocessed_pseudogene	0	0	0	0.0000	0.0000	0.0000
ENSG00000180910.8	TTTY11	transcribed_unprocessed_pseudogene	0	0	0	0.0000	0.0000	0.0000
ENSG00000180913.3	OR56B3P	unprocessed_pseudogene	0	0	0	0.0000	0.0000	0.0000
ENSG00000180914.10	OXTR	protein_coding	128	59	69	1.6081	0.3988	0.4312
ENSG00000180917.18	CMTR2	protein_coding	2282	1141	1185	17.0683	4.2328	4.5766
ENSG00000180919.3	OR56B4	protein_coding	2	1	3	0.0985	0.0244	0.0264
ENSG00000180921.7	FAM83H	protein_coding	9256	4664	4597	84.3903	20.9279	22.6278
ENSG00000180926.6	OR7E18P	unprocessed_pseudogene	0	0	0	0.0000	0.0000	0.0000
ENSG00000180929.6	GPR62	protein_coding	3	7	6	0.0803	0.0199	0.0215
ENSG00000180934.7	OR56A1	protein_coding	0	0	0	0.0000	0.0000	0.0000
ENSG00000180938.6	ZNF572	protein_coding	568	297	271	9.8265	2.4369	2.6348
ENSG00000180953.11	ST20	protein_coding	38	13	25	1.3352	0.3311	0.3580
ENSG00000180957.18	PITPNB	protein_coding	5412	2674	2741	59.8390	14.8395	16.0448
ENSG00000180964.17	TCEAL8	protein_coding	3415	1754	1662	159.9212	39.6588	42.8802
ENSG00000180974.4	OR52E4	protein_coding	0	0	0	0.0000	0.0000	0.0000
ENSG00000180979.10	LRRC57	protein_coding	1071	541	530	7.4854	1.8563	2.0071
ENSG00000180988.2	OR52N2	protein_coding	1	0	1	0.0548	0.0136	0.0147
ENSG00000180992.7	MRPL14	protein_coding	2373	1180	1194	140.6194	34.8722	37.7048
ENSG00000180998.12	GPR137C	protein_coding	344	172	172	2.9990	0.7437	0.8041
ENSG00000180999.11	C1orf105	protein_coding	2	1	1	0.0656	0.0163	0.0176
ENSG00000181001.3	OR52N1	protein_coding	0	0	0	0.0000	0.0000	0.0000
ENSG00000181004.10	BBS12	protein_coding	630	318	312	10.4131	2.5823	2.7921
ENSG00000181007.9	ZFP82	protein_coding	702	364	338	4.3206	1.0715	1.1585
ENSG00000181009.5	OR52N5	protein_coding	0	0	0	0.0000	0.0000	0.0000
ENSG00000181016.9	LSMEM1	protein_coding	11	6	5	0.2407	0.0597	0.0645
ENSG00000181017.6	OR56B2P	protein_coding	4	3	1	0.0925	0.0229	0.0248
ENSG00000181019.13	NQO1	protein_coding	11392	6902	7024	217.4487	53.9251	58.3052
ENSG00000181023.8	OR56B1	protein_coding	3	2	1	0.0820	0.0203	0.0220
ENSG00000181026.15	AEN	protein_coding	1884	930	954	17.8784	4.4337	4.7938
ENSG00000181027.11	FKRP	protein_coding	755	1081	1065	8.2800	2.0534	2.2202
ENSG00000181029.9	TRAPPC5	protein_coding	61	28	33	0.6091	0.1511	0.1633
ENSG00000181031.16	RPH3AL	protein_coding	500	280	254	4.6744	1.1592	1.2534
ENSG00000181035.14	SLC25A42	protein_coding	648	341	307	7.8757	1.9531	2.1117
ENSG00000181036.14	FCRL6	protein_coding	10	4	6	0.2118	0.0525	0.0568
ENSG00000181038.14	METTL23	protein_coding	1180	576	605	34.9623	8.6703	9.3745
ENSG00000181045.15	SLC26A11	protein_coding	2754	1392	1412	31.8538	7.8994	8.5411
ENSG00000181061.14	HIGD1A	protein_coding	2139	1084	1055	40.1133	9.9477	10.7557
ENSG00000181072.11	CHRM2	protein_coding	1	1	0	0.0068	0.0017	0.0018
ENSG00000181074.4	OR52N4	protein_coding	13	8	5	0.5778	0.1433	0.1549
ENSG00000181085.15	MAPK15	protein_coding	1799	1120	1158	34.2929	8.5043	9.1951
ENSG00000181090.21	EHMT1	protein_coding	2831	1540	1602	7.2357	1.7944	1.9401
ENSG00000181092.10	ADIPOQ	protein_coding	5	4	2	0.0617	0.0153	0.0165
ENSG00000181097.5	LINC02878	lncRNA	39	21	18	1.1267	0.2794	0.3021
ENSG00000181101.7	ENTR1P2	processed_pseudogene	0	0	0	0.0000	0.0000	0.0000
ENSG00000181104.7	F2R	protein_coding	5706	2811	2912	81.4670	20.2030	21.8440
ENSG00000181109.3	OR52P1P	polymorphic_pseudogene	1	0	1	0.0589	0.0146	0.0158
ENSG00000181123.8	AC004832.1	lncRNA	0	0	0	0.0000	0.0000	0.0000
ENSG00000181126.13	HLA-V	transcribed_unprocessed_pseudogene	12	112	139	0.1202	0.0298	0.0322
ENSG00000181135.16	ZNF707	protein_coding	1117	596	522	10.0119	2.4828	2.6845
ENSG00000181143.15	MUC16	protein_coding	34	19	15	0.0440	0.0109	0.0118
ENSG00000181163.14	NPM1	protein_coding	60682	30272	30411	414.0626	102.6834	111.0240
ENSG00000181171.5	FER1L6-AS1	lncRNA	0	0	0	0.0000	0.0000	0.0000
ENSG00000181191.12	PJA1	protein_coding	2766	1388	1378	55.1352	13.6730	14.7836
ENSG00000181192.12	DHTKD1	protein_coding	3403	1718	1685	36.4465	9.0384	9.7725
ENSG00000181195.11	PENK	protein_coding	8	5	4	0.1337	0.0332	0.0359
ENSG00000181201.3	H2BU2P	unitary_pseudogene	0	0	1	0.0000	0.0000	0.0000
ENSG00000181211.1	HECW1-IT1	lncRNA	0	0	0	0.0000	0.0000	0.0000
ENSG00000181214.8	OR8G2P	polymorphic_pseudogene	0	0	0	0.0000	0.0000	0.0000
ENSG00000181215.15	C4orf50	protein_coding	2	1	2	0.0055	0.0014	0.0015
ENSG00000181218.5	H2AW	protein_coding	576	288	288	36.4971	9.0509	9.7861
ENSG00000181220.17	ZNF746	protein_coding	1700	846	855	11.4729	2.8452	3.0763
ENSG00000181222.19	POLR2A	protein_coding	15229	7517	7714	103.3676	25.6341	27.7163
ENSG00000181227.3	DLSTP1	processed_pseudogene	25	11	15	1.0471	0.2597	0.2808
ENSG00000181234.9	TMEM132C	protein_coding	6	1	5	0.0688	0.0171	0.0184
ENSG00000181240.14	SLC25A41	protein_coding	21	8	13	0.7222	0.1791	0.1936
ENSG00000181260.8	MTHFD2P7	processed_pseudogene	1	0	1	0.0577	0.0143	0.0155
ENSG00000181264.9	TLCD5	protein_coding	544	268	276	7.1661	1.7771	1.9215
ENSG00000181273.2	OR5AK2	protein_coding	0	0	0	0.0000	0.0000	0.0000
ENSG00000181274.7	FRAT2	protein_coding	810	408	409	20.5710	5.1014	5.5158
ENSG00000181282.5	OR5AK3P	polymorphic_pseudogene	0	0	0	0.0000	0.0000	0.0000
ENSG00000181284.3	TMEM102	protein_coding	196	161	158	5.2013	1.2899	1.3946
ENSG00000181291.8	TMEM132E	protein_coding	19	8	11	0.1762	0.0437	0.0472
ENSG00000181296.3	OR5G1P	unprocessed_pseudogene	0	0	0	0.0000	0.0000	0.0000
ENSG00000181315.11	ZNF322	protein_coding	807	432	375	9.0462	2.2434	2.4256
ENSG00000181322.15	NME9	protein_coding	24	13	11	0.3304	0.0819	0.0886
ENSG00000181323.8	SPEM1	protein_coding	1	0	1	0.0557	0.0138	0.0149
ENSG00000181325.7	OR9G3P	unprocessed_pseudogene	0	0	0	0.0000	0.0000	0.0000
ENSG00000181333.12	HEPHL1	protein_coding	17	6	11	0.1660	0.0412	0.0445
ENSG00000181350.12	LRRC75A	protein_coding	193	6907	7669	2.9304	0.7267	0.7857
ENSG00000181355.21	OFCC1	transcribed_unitary_pseudogene	1	0	1	0.0119	0.0029	0.0032
ENSG00000181358.3	CTAGE10P	processed_pseudogene	0	0	0	0.0000	0.0000	0.0000
ENSG00000181359.5	HSP90AA6P	transcribed_processed_pseudogene	4	2	2	0.2659	0.0659	0.0713
ENSG00000181371.4	OR5M8	protein_coding	0	0	0	0.0000	0.0000	0.0000
ENSG00000181374.8	CCL13	protein_coding	21	13	8	1.4470	0.3588	0.3880
ENSG00000181378.14	CFAP65	protein_coding	1	0	1	0.0054	0.0013	0.0014
ENSG00000181381.14	DDX60L	protein_coding	4455	2196	2259	20.7902	5.1558	5.5746
ENSG00000181392.17	SYNE4	protein_coding	691	346	345	15.3794	3.8139	4.1237
ENSG00000181396.13	OGFOD3	protein_coding	3231	1600	1663	28.6118	7.0954	7.6718
ENSG00000181404.17	WASHC1	protein_coding	262	131	131	6.4154	1.5909	1.7202
ENSG00000181408.4	UTS2R	protein_coding	5	3	2	0.1302	0.0323	0.0349
ENSG00000181409.14	AATK	protein_coding	442	530	506	1.9022	0.4717	0.5101
ENSG00000181418.8	DDN	protein_coding	11	7	4	0.1635	0.0406	0.0438
ENSG00000181433.9	SAGE1	protein_coding	2	0	2	0.0384	0.0095	0.0103
ENSG00000181444.13	ZNF467	protein_coding	704	347	358	14.0428	3.4825	3.7654
ENSG00000181449.4	SOX2	protein_coding	0	0	0	0.0000	0.0000	0.0000
ENSG00000181450.18	ZNF678	protein_coding	753	395	358	4.7900	1.1879	1.2844
ENSG00000181458.10	TMEM45A	protein_coding	4663	2401	2262	44.0364	10.9206	11.8076
ENSG00000181467.5	RAP2B	protein_coding	4380	2297	2083	29.5632	7.3314	7.9269
ENSG00000181472.5	ZBTB2	protein_coding	2518	1240	1279	46.0186	11.4121	12.3391
ENSG00000181481.14	RNF135	protein_coding	3463	1808	1655	87.4384	21.6838	23.4452
ENSG00000181499.2	OR6T1	protein_coding	2	1	1	0.1042	0.0258	0.0279
ENSG00000181511.5	GLRX5P1	processed_pseudogene	0	0	0	0.0000	0.0000	0.0000
ENSG00000181513.15	ACBD4	protein_coding	1045	541	509	15.6944	3.8920	4.2082
ENSG00000181514.6	FO393414.1	processed_pseudogene	0	0	0	0.0000	0.0000	0.0000
ENSG00000181518.4	OR8D4	protein_coding	0	0	0	0.0000	0.0000	0.0000
ENSG00000181523.13	SGSH	protein_coding	2735	1457	1392	23.2851	5.7745	6.2435
ENSG00000181524.6	RPL24P4	processed_pseudogene	46	25	21	6.1963	1.5366	1.6614
ENSG00000181541.6	MAB21L2	protein_coding	6	7	4	0.1338	0.0332	0.0359
ENSG00000181544.15	FANCB	protein_coding	107	50	57	1.6888	0.4188	0.4528
ENSG00000181552.4	EDDM3B	protein_coding	30	14	16	1.8513	0.4591	0.4964
ENSG00000181555.21	SETD2	protein_coding	7451	3784	3667	41.2441	10.2281	11.0589
ENSG00000181562.5	EDDM3A	protein_coding	14	5	9	0.8519	0.2113	0.2284
ENSG00000181577.16	C6orf223	lncRNA	10	26	23	0.1018	0.0252	0.0273
ENSG00000181585.7	TMIE	protein_coding	5	4	1	0.1313	0.0326	0.0352
ENSG00000181588.16	MEX3D	protein_coding	1591	772	819	31.6581	7.8509	8.4886
ENSG00000181609.5	OR52D1	protein_coding	0	0	0	0.0000	0.0000	0.0000
ENSG00000181610.13	MRPS23	protein_coding	5431	2711	2720	48.2822	11.9735	12.9461
ENSG00000181616.9	OR52H1	protein_coding	1	1	0	0.0496	0.0123	0.0133
ENSG00000181617.6	FDCSP	protein_coding	7	1	6	0.7738	0.1919	0.2075
ENSG00000181619.11	GPR135	protein_coding	191	91	100	2.1763	0.5397	0.5835
ENSG00000181625.17	SLX1B	protein_coding	1	1	0	0.0230	0.0057	0.0062
ENSG00000181626.12	ANKRD62	protein_coding	6	3	3	0.0703	0.0174	0.0189
ENSG00000181631.7	P2RY13	protein_coding	175	85	90	3.5892	0.8901	0.9624
ENSG00000181634.8	TNFSF15	protein_coding	123	69	54	0.8960	0.2222	0.2402
ENSG00000181638.20	ZFP41	protein_coding	999	502	497	8.1987	2.0332	2.1984
ENSG00000181649.8	PHLDA2	protein_coding	340	166	174	20.9580	5.1974	5.6195
ENSG00000181652.19	ATG9B	protein_coding	74	91	91	0.6566	0.1628	0.1761
ENSG00000181656.7	GPR88	protein_coding	72	44	28	1.1693	0.2900	0.3135
ENSG00000181666.18	ZNF875	protein_coding	2159	1095	1064	16.6876	4.1384	4.4745
ENSG00000181690.8	PLAG1	protein_coding	96	44	52	0.6955	0.1725	0.1865
ENSG00000181693.8	OR8H1	protein_coding	0	0	0	0.0000	0.0000	0.0000
ENSG00000181698.4	OR5T1	protein_coding	0	0	0	0.0000	0.0000	0.0000
ENSG00000181704.12	YIPF6	protein_coding	7006	3503	3503	46.1559	11.4462	12.3759
ENSG00000181705.2	AL596028.1	processed_pseudogene	0	0	0	0.0000	0.0000	0.0000
ENSG00000181718.6	OR5T2	protein_coding	0	0	0	0.0000	0.0000	0.0000
ENSG00000181722.17	ZBTB20	protein_coding	404	221	199	0.7158	0.1775	0.1919
ENSG00000181733.4	OR2Z1	protein_coding	0	0	0	0.0000	0.0000	0.0000
ENSG00000181741.7	FDX1P1	processed_pseudogene	2	0	4	0.2058	0.0510	0.0552
ENSG00000181744.9	DIPK2A	protein_coding	1600	816	784	16.6092	4.1189	4.4535
ENSG00000181751.10	MACIR	protein_coding	6662	3425	3237	107.7279	26.7154	28.8855
ENSG00000181752.3	OR8K5	protein_coding	0	0	0	0.0000	0.0000	0.0000
ENSG00000181754.7	AMIGO1	protein_coding	1427	682	745	15.7411	3.9036	4.2207
ENSG00000181761.5	OR8H3	protein_coding	0	0	0	0.0000	0.0000	0.0000
ENSG00000181767.3	OR8H2	protein_coding	0	0	0	0.0000	0.0000	0.0000
ENSG00000181773.7	GPR3	protein_coding	39	19	20	1.0350	0.2567	0.2775
ENSG00000181778.5	TMEM252	protein_coding	13	8	5	0.5846	0.1450	0.1568
ENSG00000181780.4	OR5J1P	unprocessed_pseudogene	0	0	0	0.0000	0.0000	0.0000
ENSG00000181781.9	ODF3L2	protein_coding	0	0	1	0.0000	0.0000	0.0000
ENSG00000181785.3	OR5AS1	protein_coding	0	0	0	0.0000	0.0000	0.0000
ENSG00000181786.5	ACTL9	protein_coding	0	0	0	0.0000	0.0000	0.0000
ENSG00000181788.4	SIAH2	protein_coding	5428	2988	2903	117.5341	29.1473	31.5148
ENSG00000181789.14	COPG1	protein_coding	16722	8397	8387	214.3060	53.1457	57.4626
ENSG00000181790.11	ADGRB1	protein_coding	26	12	14	0.2004	0.0497	0.0537
ENSG00000181798.3	LINC00471	lncRNA	4	2	2	0.1728	0.0428	0.0463
ENSG00000181800.6	CELF2-AS1	lncRNA	6	2	4	0.1378	0.0342	0.0370
ENSG00000181803.3	OR6S1	protein_coding	0	0	0	0.0000	0.0000	0.0000
ENSG00000181804.15	SLC9A9	protein_coding	558	291	295	7.8308	1.9420	2.0997
ENSG00000181817.6	LSM10	protein_coding	1250	625	625	47.0700	11.6729	12.6210
ENSG00000181819.14	KCTD9P2	processed_pseudogene	1	1	0	0.0560	0.0139	0.0150
ENSG00000181826.10	RELL1	protein_coding	5280	3098	3051	71.0557	17.6211	19.0524
ENSG00000181827.15	RFX7	protein_coding	2480	1206	1274	12.2233	3.0312	3.2775
ENSG00000181830.9	SLC35C1	protein_coding	1110	561	549	16.2447	4.0285	4.3557
ENSG00000181837.7	OR5D17P	unprocessed_pseudogene	0	0	0	0.0000	0.0000	0.0000
ENSG00000181847.12	TIGIT	protein_coding	213	99	114	1.9831	0.4918	0.5317
ENSG00000181852.18	RNF41	protein_coding	3820	1934	1886	33.1597	8.2233	8.8912
ENSG00000181856.15	SLC2A4	protein_coding	18	12	18	0.2555	0.0634	0.0685
ENSG00000181867.3	FTMT	protein_coding	0	0	0	0.0000	0.0000	0.0000
ENSG00000181873.13	IBA57	protein_coding	514	268	246	2.8494	0.7066	0.7640
ENSG00000181885.18	CLDN7	protein_coding	3208	1566	1668	73.0038	18.1042	19.5748
ENSG00000181894.15	ZNF329	protein_coding	1158	592	568	15.2190	3.7742	4.0807
ENSG00000181896.12	ZNF101	protein_coding	1128	587	542	9.7513	2.4182	2.6147
ENSG00000181903.5	OR4C6	protein_coding	0	0	0	0.0000	0.0000	0.0000
ENSG00000181904.9	C5orf24	protein_coding	8182	4065	4117	80.5697	19.9805	21.6034
ENSG00000181908.5	LINC02724	lncRNA	14	7	7	0.3393	0.0841	0.0910
ENSG00000181915.5	ADO	protein_coding	2575	1415	1384	38.8373	9.6313	10.4136
ENSG00000181924.7	COA4	protein_coding	4712	2383	2333	123.7691	30.6935	33.1866
ENSG00000181927.4	OR4P4	protein_coding	0	0	0	0.0000	0.0000	0.0000
ENSG00000181929.13	PRKAG1	protein_coding	5199	2725	2737	70.7718	17.5507	18.9763
ENSG00000181938.14	GINS3	protein_coding	249	160	153	2.7644	0.6856	0.7412
ENSG00000181939.3	OR4C15	protein_coding	0	0	0	0.0000	0.0000	0.0000
ENSG00000181943.5	OR4A21P	unprocessed_pseudogene	0	0	0	0.0000	0.0000	0.0000
ENSG00000181950.3	OR4A13P	unprocessed_pseudogene	0	0	0	0.0000	0.0000	0.0000
ENSG00000181958.5	OR4A15	protein_coding	0	0	0	0.0000	0.0000	0.0000
ENSG00000181961.4	OR4A16	protein_coding	0	0	0	0.0000	0.0000	0.0000
ENSG00000181963.5	OR52K2	protein_coding	0	0	0	0.0000	0.0000	0.0000
ENSG00000181965.6	NEUROG1	protein_coding	0	0	0	0.0000	0.0000	0.0000
ENSG00000181977.3	PYY3	processed_pseudogene	0	0	0	0.0000	0.0000	0.0000
ENSG00000181982.19	CCDC149	protein_coding	1534	770	764	8.9962	2.2310	2.4122
ENSG00000181984.11	GOLGA8CP	unprocessed_pseudogene	0	0	0	0.0000	0.0000	0.0000
ENSG00000181991.16	MRPS11	protein_coding	905	799	804	9.1191	2.2615	2.4451
ENSG00000181995.12	LINC00301	transcribed_unitary_pseudogene	0	0	0	0.0000	0.0000	0.0000
ENSG00000181997.8	AQP7P2	unprocessed_pseudogene	0	0	0	0.0000	0.0000	0.0000
ENSG00000182000.9	PPIAP73	processed_pseudogene	3	0	3	0.4222	0.1047	0.1132
ENSG00000182004.13	SNRPE	protein_coding	3398	1695	1703	92.6445	22.9749	24.8411
ENSG00000182010.11	RTKN2	protein_coding	348	175	173	2.0152	0.4998	0.5403
ENSG00000182013.18	PNMA8A	protein_coding	633	318	315	9.7125	2.4086	2.6042
ENSG00000182021.10	AL591379.1	transcribed_unprocessed_pseudogene	0	0	0	0.0000	0.0000	0.0000
ENSG00000182022.18	CHST15	protein_coding	16355	8267	8088	141.7533	35.1534	38.0088
ENSG00000182035.12	ADIG	protein_coding	0	0	0	0.0000	0.0000	0.0000
ENSG00000182040.9	USH1G	protein_coding	2	1	1	0.0319	0.0079	0.0085
ENSG00000182048.11	TRPC2	transcribed_unprocessed_pseudogene	13	5	8	0.2260	0.0560	0.0606
ENSG00000182050.13	MGAT4C	protein_coding	1	1	0	0.0020	0.0005	0.0005
ENSG00000182053.12	TRIM49B	protein_coding	0	0	0	0.0000	0.0000	0.0000
ENSG00000182054.10	IDH2	protein_coding	3425	1718	1707	69.6920	17.2829	18.6868
ENSG00000182057.5	OGFRP1	lncRNA	138	61	77	1.3122	0.3254	0.3518
ENSG00000182070.6	OR52A1	protein_coding	0	0	0	0.0000	0.0000	0.0000
ENSG00000182077.12	PTCHD3	polymorphic_pseudogene	3	1	2	0.0473	0.0117	0.0127
ENSG00000182083.7	OR6B2	protein_coding	0	0	0	0.0000	0.0000	0.0000
ENSG00000182087.14	TMEM259	protein_coding	3592	2194	2403	50.5339	12.5319	13.5498
ENSG00000182093.16	GET1	protein_coding	1133	568	599	7.4375	1.8444	1.9942
ENSG00000182095.14	TNRC18	protein_coding	12022	6053	6125	54.2290	13.4483	14.5406
ENSG00000182103.5	FAM181B	protein_coding	1	0	1	0.0144	0.0036	0.0039
ENSG00000182107.7	TMEM30B	protein_coding	3103	1574	1561	40.0663	9.9360	10.7431
ENSG00000182108.11	DEXI	protein_coding	159	926	993	1.3474	0.3341	0.3613
ENSG00000182111.9	ZNF716	protein_coding	4	0	4	0.0435	0.0108	0.0117
ENSG00000182117.6	NOP10	protein_coding	2514	1218	1296	281.2009	69.7350	75.3994
ENSG00000182118.8	FAM89A	protein_coding	246	136	110	5.8079	1.4403	1.5573
ENSG00000182132.14	KCNIP1	protein_coding	9	6	3	0.1516	0.0376	0.0406
ENSG00000182134.16	TDRKH	protein_coding	1266	636	722	14.0995	3.4965	3.7806
ENSG00000182141.10	ZNF708	protein_coding	516	271	245	6.7659	1.6779	1.8142
ENSG00000182149.21	IST1	protein_coding	8912	4534	4467	66.8341	16.5742	17.9204
ENSG00000182150.18	ERCC6L2	protein_coding	1645	817	859	5.5410	1.3741	1.4857
ENSG00000182154.8	MRPL41	protein_coding	1195	621	574	116.4406	28.8761	31.2216
ENSG00000182156.10	ENPP7	protein_coding	5	3	3	0.0805	0.0200	0.0216
ENSG00000182158.15	CREB3L2	protein_coding	7693	3935	3758	49.5367	12.2846	13.2824
ENSG00000182162.11	P2RY8	protein_coding	191	95	96	2.3921	0.5932	0.6414
ENSG00000182162.11_PAR_Y	P2RY8	protein_coding	0	0	0	0.0000	0.0000	0.0000
ENSG00000182165.18	TP53TG1	lncRNA	425	639	679	4.1052	1.0181	1.1007
ENSG00000182168.15	UNC5C	protein_coding	2200	1087	1114	11.6764	2.8956	3.1308
ENSG00000182170.3	MRGPRG	protein_coding	0	0	0	0.0000	0.0000	0.0000
ENSG00000182173.13	TSEN54	protein_coding	3061	1561	1503	50.5354	12.5323	13.5502
ENSG00000182175.14	RGMA	protein_coding	332	170	162	1.4241	0.3532	0.3818
ENSG00000182177.14	ASB18	protein_coding	0	0	0	0.0000	0.0000	0.0000
ENSG00000182179.13	UBA7	protein_coding	2593	1284	1309	32.3185	8.0147	8.6657
ENSG00000182180.14	MRPS16	protein_coding	6922	4331	4114	140.4962	34.8416	37.6717
ENSG00000182183.15	SHISAL2A	protein_coding	26	13	13	0.5494	0.1362	0.1473
ENSG00000182185.18	RAD51B	protein_coding	443	217	232	3.3600	0.8332	0.9009
ENSG00000182187.4	CRYGB	protein_coding	0	0	0	0.0000	0.0000	0.0000
ENSG00000182195.9	LDOC1	protein_coding	2297	1122	1175	26.1414	6.4828	7.0094
ENSG00000182196.13	ARL6IP4	protein_coding	11	6	5	0.2243	0.0556	0.0601
ENSG00000182197.12	EXT1	protein_coding	6054	3013	3041	41.3741	10.2604	11.0938
ENSG00000182199.11	SHMT2	protein_coding	3321	1812	1808	41.0135	10.1709	10.9971
ENSG00000182208.14	MOB2	protein_coding	1299	688	612	16.2082	4.0195	4.3460
ENSG00000182218.9	HHIPL1	protein_coding	799	383	416	5.7824	1.4340	1.5505
ENSG00000182220.15	ATP6AP2	protein_coding	16818	8534	8285	99.9631	24.7898	26.8035
ENSG00000182223.7	ZAR1	protein_coding	0	0	0	0.0000	0.0000	0.0000
ENSG00000182224.12	CYB5D1	protein_coding	3	90	99	0.0427	0.0106	0.0115
ENSG00000182230.12	FAM153B	protein_coding	0	0	0	0.0000	0.0000	0.0000
ENSG00000182240.16	BACE2	protein_coding	3489	1773	1716	20.5442	5.0948	5.5086
ENSG00000182247.10	UBE2E2	protein_coding	1660	844	816	29.0461	7.2032	7.7882
ENSG00000182253.15	SYNM	protein_coding	1245	935	887	9.0821	2.2523	2.4352
ENSG00000182255.7	KCNA4	protein_coding	2	1	1	0.0269	0.0067	0.0072
ENSG00000182256.13	GABRG3	protein_coding	0	0	0	0.0000	0.0000	0.0000
ENSG00000182257.8	PRR34	lncRNA	59	159	160	1.1877	0.2945	0.3185
ENSG00000182261.4	NLRP10	protein_coding	6	3	3	0.0770	0.0191	0.0207
ENSG00000182263.14	FIGN	protein_coding	64	26	38	0.3651	0.0905	0.0979
ENSG00000182264.9	IZUMO1	protein_coding	6	4	2	0.0996	0.0247	0.0267
ENSG00000182271.13	TMIGD1	protein_coding	0	0	0	0.0000	0.0000	0.0000
ENSG00000182272.12	B4GALNT4	protein_coding	1357	692	665	18.9592	4.7017	5.0836
ENSG00000182287.15	AP1S2	protein_coding	2320	1178	1142	24.2386	6.0109	6.4992
ENSG00000182307.14	C8orf33	protein_coding	6029	3080	2949	78.5446	19.4783	21.0604
ENSG00000182308.7	DCAF4L1	protein_coding	11	6	5	0.1324	0.0328	0.0355
ENSG00000182310.15	SPACA6	protein_coding	713	356	375	9.8308	2.4379	2.6360
ENSG00000182315.9	MBD3L3	protein_coding	0	0	0	0.0000	0.0000	0.0000
ENSG00000182318.6	ZSCAN22	protein_coding	623	364	327	7.5914	1.8826	2.0355
ENSG00000182324.7	KCNJ14	protein_coding	65	44	52	0.8623	0.2138	0.2312
ENSG00000182325.11	FBXL6	protein_coding	574	780	702	9.6449	2.3918	2.5861
ENSG00000182326.15	C1S	protein_coding	58365	29644	28722	512.2064	127.0220	137.3396
ENSG00000182327.8	GLTPD2	protein_coding	20	11	9	0.9320	0.2311	0.2499
ENSG00000182329.14	KIAA2012	protein_coding	26	13	14	0.1852	0.0459	0.0497
ENSG00000182330.10	PRAMEF8	protein_coding	0	0	0	0.0000	0.0000	0.0000
ENSG00000182333.15	LIPF	protein_coding	0	0	0	0.0000	0.0000	0.0000
ENSG00000182334.3	OR5P3	protein_coding	0	0	0	0.0000	0.0000	0.0000
ENSG00000182346.20	DAOA	protein_coding	0	0	0	0.0000	0.0000	0.0000
ENSG00000182347.10	PDSS1P1	processed_pseudogene	1	0	1	0.0509	0.0126	0.0136
ENSG00000182348.7	ZNF804B	protein_coding	0	0	0	0.0000	0.0000	0.0000
ENSG00000182351.7	CRIP1P4	processed_pseudogene	1	0	1	0.2476	0.0614	0.0664
ENSG00000182352.8	C17orf77	lncRNA	0	0	0	0.0000	0.0000	0.0000
ENSG00000182359.15	KBTBD3	protein_coding	433	232	201	4.7131	1.1688	1.2637
ENSG00000182362.14	YBEY	protein_coding	666	348	320	20.9594	5.1977	5.6199
ENSG00000182365.4	OR5F2P	unprocessed_pseudogene	0	0	0	0.0000	0.0000	0.0000
ENSG00000182366.10	FAM87A	lncRNA	6	1	5	0.0668	0.0166	0.0179
ENSG00000182372.10	CLN8	protein_coding	407	189	220	2.4546	0.6087	0.6582
ENSG00000182376.2	AC138028.1	lncRNA	0	0	0	0.0000	0.0000	0.0000
ENSG00000182378.14	PLCXD1	protein_coding	701	353	348	6.5546	1.6255	1.7575
ENSG00000182378.14_PAR_Y	PLCXD1	protein_coding	0	0	0	0.0000	0.0000	0.0000
ENSG00000182379.10	NXPH4	protein_coding	35	15	20	0.9228	0.2288	0.2474
ENSG00000182383.8	RPL27AP5	processed_pseudogene	0	0	0	0.0000	0.0000	0.0000
ENSG00000182389.20	CACNB4	protein_coding	367	192	179	0.5788	0.1435	0.1552
ENSG00000182393.3	IFNL1	protein_coding	6	5	1	0.4390	0.1089	0.1177
ENSG00000182397.14	DNM1P46	transcribed_unprocessed_pseudogene	10	6	7	0.1425	0.0353	0.0382
ENSG00000182400.15	TRAPPC6B	protein_coding	343	1151	1078	4.2911	1.0641	1.1506
ENSG00000182405.6	PGBD4	protein_coding	173	82	92	1.4856	0.3684	0.3983
ENSG00000182415.10	CDY2A	protein_coding	0	0	0	0.0000	0.0000	0.0000
ENSG00000182446.14	NPLOC4	protein_coding	8975	4560	4417	53.3514	13.2306	14.3053
ENSG00000182447.4	OTOL1	protein_coding	0	0	0	0.0000	0.0000	0.0000
ENSG00000182450.13	KCNK4	protein_coding	0	0	0	0.0000	0.0000	0.0000
ENSG00000182459.5	TEX19	protein_coding	5	8	4	0.1465	0.0363	0.0393
ENSG00000182463.16	TSHZ2	protein_coding	944	515	546	4.2387	1.0511	1.1365
ENSG00000182472.9	CAPN12	protein_coding	128	1421	1596	1.2167	0.3017	0.3262
ENSG00000182473.22	EXOC7	protein_coding	5477	5417	5556	30.7039	7.6143	8.2327
ENSG00000182477.5	OR2B8P	polymorphic_pseudogene	0	0	0	0.0000	0.0000	0.0000
ENSG00000182481.10	KPNA2	protein_coding	8621	4260	4361	66.3811	16.4618	17.7990
ENSG00000182484.15	WASH6P	protein_coding	223	118	105	2.7385	0.6791	0.7343
ENSG00000182484.15_PAR_Y	WASH6P	protein_coding	0	0	0	0.0000	0.0000	0.0000
ENSG00000182487.12	NCF1B	transcribed_unprocessed_pseudogene	87	45	42	2.5940	0.6433	0.6955
ENSG00000182489.9	XKRX	protein_coding	54	28	26	0.9082	0.2252	0.2435
ENSG00000182492.16	BGN	protein_coding	76620	37331	39294	1807.4535	448.2302	484.6386
ENSG00000182504.11	CEP97	protein_coding	1733	854	879	11.0649	2.7440	2.9669
ENSG00000182508.14	LHFPL1	protein_coding	35	22	13	1.1342	0.2813	0.3041
ENSG00000182511.12	FES	protein_coding	543	270	273	7.3283	1.8173	1.9650
ENSG00000182512.5	GLRX5	protein_coding	2709	1479	1331	64.3330	15.9539	17.2498
ENSG00000182518.13	FAM104B	protein_coding	1089	534	555	24.7127	6.1285	6.6263
ENSG00000182521.5	TBPL2	protein_coding	0	0	0	0.0000	0.0000	0.0000
ENSG00000182531.7	OR7E115P	unprocessed_pseudogene	1	1	0	0.0554	0.0137	0.0148
ENSG00000182533.7	CAV3	protein_coding	1	1	0	0.0291	0.0072	0.0078
ENSG00000182534.13	MXRA7	protein_coding	12362	6289	6136	75.7317	18.7807	20.3062
ENSG00000182541.18	LIMK2	protein_coding	8232	4241	3991	75.6623	18.7635	20.2876
ENSG00000182544.9	MFSD5	protein_coding	3291	1684	1607	72.2542	17.9183	19.3738
ENSG00000182545.6	RNASE10	protein_coding	2	2	0	0.0945	0.0234	0.0253
ENSG00000182551.14	ADI1	protein_coding	3402	1791	1759	36.0612	8.9428	9.6692
ENSG00000182552.15	RWDD4	protein_coding	989	485	504	20.3653	5.0504	5.4606
ENSG00000182557.8	SPNS3	protein_coding	23	16	15	0.5363	0.1330	0.1438
ENSG00000182565.8	OR4C2P	unprocessed_pseudogene	0	0	0	0.0000	0.0000	0.0000
ENSG00000182566.14	CLEC4G	protein_coding	0	0	0	0.0000	0.0000	0.0000
ENSG00000182568.17	SATB1	protein_coding	1383	720	663	5.8447	1.4494	1.5672
ENSG00000182574.8	CSGALNACT2P1	processed_pseudogene	6	1	5	0.3597	0.0892	0.0964
ENSG00000182575.8	NXPH3	protein_coding	1045	526	521	10.5168	2.6080	2.8199
ENSG00000182578.14	CSF1R	protein_coding	7079	3472	3614	77.9363	19.3274	20.8973
ENSG00000182580.3	EPHB3	protein_coding	3068	1521	1547	38.4075	9.5247	10.2983
ENSG00000182583.12	VCX	protein_coding	0	0	0	0.0000	0.0000	0.0000
ENSG00000182584.6	ACTL10	protein_coding	7	22	13	0.1957	0.0485	0.0525
ENSG00000182585.10	EPGN	protein_coding	7	6	1	0.1203	0.0298	0.0323
ENSG00000182586.9	LINC00334	lncRNA	4	212	228	0.0976	0.0242	0.0262
ENSG00000182591.6	KRTAP11-1	protein_coding	0	0	0	0.0000	0.0000	0.0000
ENSG00000182600.9	SNORC	protein_coding	46	25	21	0.7054	0.1749	0.1891
ENSG00000182601.7	HS3ST4	protein_coding	0	0	0	0.0000	0.0000	0.0000
ENSG00000182606.17	TRAK1	protein_coding	7222	3617	3605	37.9257	9.4052	10.1691
ENSG00000182612.10	TSPAN10	protein_coding	332	146	189	3.9679	0.9840	1.0639
ENSG00000182613.3	OR2V2	protein_coding	0	1	0	0.0000	0.0000	0.0000
ENSG00000182621.18	PLCB1	protein_coding	860	451	409	2.8010	0.6946	0.7510
ENSG00000182625.3	AC091046.1	processed_pseudogene	1	0	1	0.2740	0.0679	0.0735
ENSG00000182628.13	SKA2	protein_coding	2614	1312	1302	45.8521	11.3709	12.2945
ENSG00000182631.7	RXFP3	protein_coding	7	6	1	0.1567	0.0389	0.0420
ENSG00000182632.15	CCNYL2	transcribed_unprocessed_pseudogene	0	0	0	0.0000	0.0000	0.0000
ENSG00000182634.9	OR10G7	protein_coding	0	0	0	0.0000	0.0000	0.0000
ENSG00000182636.8	NDN	protein_coding	1564	834	730	46.5343	11.5400	12.4774
ENSG00000182645.6	CCDC172	protein_coding	0	0	0	0.0000	0.0000	0.0000
ENSG00000182648.13	LINC01006	lncRNA	102	46	57	0.4176	0.1036	0.1120
ENSG00000182652.4	OR4Q3	protein_coding	0	0	0	0.0000	0.0000	0.0000
ENSG00000182667.14	NTM	protein_coding	3329	1658	1672	27.1402	6.7305	7.2772
ENSG00000182670.13	TTC3	protein_coding	17478	9061	9195	62.4049	15.4758	16.7328
ENSG00000182674.6	KCNB2	protein_coding	49	26	23	0.7414	0.1839	0.1988
ENSG00000182676.5	PPP1R27	protein_coding	3	2	1	0.1174	0.0291	0.0315
ENSG00000182685.7	BRICD5	protein_coding	64	122	124	1.7424	0.4321	0.4672
ENSG00000182687.4	GALR2	protein_coding	7	2	5	0.2891	0.0717	0.0775
ENSG00000182698.12	RESP18	protein_coding	0	0	0	0.0000	0.0000	0.0000
ENSG00000182700.5	IGIP	protein_coding	1653	860	793	27.1243	6.7266	7.2729
ENSG00000182704.8	TSKU	protein_coding	9516	4796	4724	134.4760	33.3487	36.0575
ENSG00000182707.4	FXYD6P3	processed_pseudogene	1	1	0	0.1990	0.0493	0.0534
ENSG00000182712.16	CMC4	protein_coding	0	0	0	0.0000	0.0000	0.0000
ENSG00000182718.18	ANXA2	protein_coding	44695	22497	22199	218.9954	54.3086	58.7200
ENSG00000182722.5	SEPHS1P1	processed_pseudogene	9	5	4	0.5328	0.1321	0.1429
ENSG00000182732.18	RGS6	protein_coding	15	5	10	0.0951	0.0236	0.0255
ENSG00000182742.6	HOXB4	protein_coding	139	73	66	3.9374	0.9764	1.0557
ENSG00000182747.5	SLC35D3	protein_coding	8	4	4	0.1936	0.0480	0.0519
ENSG00000182749.6	PAQR7	protein_coding	1261	858	873	22.0442	5.4667	5.9108
ENSG00000182752.10	PAPPA	protein_coding	467	347	330	2.2860	0.5669	0.6130
ENSG00000182759.4	MAFA	protein_coding	20	10	10	0.4013	0.0995	0.1076
ENSG00000182768.9	NGRN	protein_coding	700	368	333	12.7397	3.1593	3.4159
ENSG00000182771.19	GRID1	protein_coding	223	128	143	2.0293	0.5032	0.5441
ENSG00000182774.13	RPS17	protein_coding	134	77	57	2.3837	0.5911	0.6391
ENSG00000182776.4	AC239585.1	lncRNA	0	0	0	0.0000	0.0000	0.0000
ENSG00000182782.8	HCAR2	protein_coding	64	40	26	1.7576	0.4359	0.4713
ENSG00000182783.5	OR2T29	protein_coding	0	0	0	0.0000	0.0000	0.0000
ENSG00000182791.5	CCDC87	protein_coding	155	72	83	3.0436	0.7548	0.8161
ENSG00000182793.12	GSTA5	protein_coding	1	0	1	0.0636	0.0158	0.0170
ENSG00000182795.13	C1orf116	protein_coding	115	50	65	1.1855	0.2940	0.3179
ENSG00000182796.14	TMEM198B	transcribed_unitary_pseudogene	622	557	588	8.0589	1.9985	2.1608
ENSG00000182798.10	MAGEB17	protein_coding	4	5	6	0.1408	0.0349	0.0378
ENSG00000182809.11	CRIP2	protein_coding	4084	1975	2109	55.6071	13.7900	14.9101
ENSG00000182810.7	DDX28	protein_coding	484	229	255	11.8462	2.9377	3.1764
ENSG00000182814.7	FUNDC2P2	transcribed_processed_pseudogene	1	1	0	0.0464	0.0115	0.0124
ENSG00000182816.9	KRTAP13-2	protein_coding	0	0	0	0.0000	0.0000	0.0000
ENSG00000182824.7	FAM230E	lncRNA	0	0	0	0.0000	0.0000	0.0000
ENSG00000182827.9	ACBD3	protein_coding	6942	3931	3993	109.6909	27.2022	29.4118
ENSG00000182831.12	C16orf72	protein_coding	5512	2758	2755	19.6917	4.8833	5.2800
ENSG00000182836.10	PLCXD3	protein_coding	0	0	0	0.0000	0.0000	0.0000
ENSG00000182841.12	RRP7BP	transcribed_unprocessed_pseudogene	170	231	213	1.8933	0.4695	0.5077
ENSG00000182853.12	VMO1	protein_coding	196	73	123	13.8420	3.4327	3.7115
ENSG00000182854.8	OR4F15	protein_coding	0	0	0	0.0000	0.0000	0.0000
ENSG00000182858.14	ALG12	protein_coding	961	1082	1094	10.2248	2.5357	2.7416
ENSG00000182866.17	LCK	protein_coding	180	85	95	3.0571	0.7581	0.8197
ENSG00000182870.13	GALNT9	protein_coding	2	2	2	0.0157	0.0039	0.0042
ENSG00000182871.16	COL18A1	protein_coding	8910	7977	8213	59.6982	14.8046	16.0071
ENSG00000182872.16	RBM10	protein_coding	2828	1422	1411	45.3423	11.2444	12.1578
ENSG00000182873.5	PRKCZ-AS1	lncRNA	67	33	40	2.1912	0.5434	0.5875
ENSG00000182885.17	ADGRG3	protein_coding	10	6	5	0.1750	0.0434	0.0469
ENSG00000182888.5	RPS27AP20	processed_pseudogene	0	0	0	0.0000	0.0000	0.0000
ENSG00000182890.5	GLUD2	protein_coding	192	101	91	4.3816	1.0866	1.1749
ENSG00000182896.13	TMEM95	protein_coding	0	0	0	0.0000	0.0000	0.0000
ENSG00000182898.4	TCHHL1	protein_coding	0	0	0	0.0000	0.0000	0.0000
ENSG00000182899.17	RPL35A	protein_coding	23595	11757	11841	461.5632	114.4630	123.7605
ENSG00000182901.17	RGS7	protein_coding	19	17	17	0.4183	0.1037	0.1122
ENSG00000182902.14	SLC25A18	protein_coding	64	39	26	0.7672	0.1902	0.2057
ENSG00000182903.16	ZNF721	protein_coding	883	395	488	7.8364	1.9434	2.1012
ENSG00000182912.6	TSPEAR-AS2	lncRNA	11	3	8	0.2061	0.0511	0.0553
ENSG00000182916.8	TCEAL7	protein_coding	264	134	130	13.0869	3.2454	3.5090
ENSG00000182919.15	C11orf54	protein_coding	1640	847	800	14.8356	3.6791	3.9779
ENSG00000182921.9	CCDC75P1	processed_pseudogene	0	0	0	0.0000	0.0000	0.0000
ENSG00000182923.19	CEP63	protein_coding	3011	1728	1726	16.4408	4.0771	4.4083
ENSG00000182931.9	WFDC10B	protein_coding	2	2	2	0.1800	0.0446	0.0483
ENSG00000182934.12	SRPRA	protein_coding	9692	4987	4906	132.5056	32.8600	35.5292
ENSG00000182938.7	OTOP3	protein_coding	0	0	0	0.0000	0.0000	0.0000
ENSG00000182944.18	EWSR1	protein_coding	16199	8133	8084	88.9643	22.0622	23.8543
ENSG00000182950.3	ODF3L1	protein_coding	12	6	6	0.6012	0.1491	0.1612
ENSG00000182952.5	HMGN4	protein_coding	6246	3064	3182	177.8165	44.0967	47.6785
ENSG00000182957.16	SPATA13	protein_coding	2970	1431	1539	16.9377	4.2004	4.5416
ENSG00000182963.11	GJC1	protein_coding	1448	716	732	9.4213	2.3364	2.5262
ENSG00000182965.6	NPM1P14	processed_pseudogene	0	1	0	0.0000	0.0000	0.0000
ENSG00000182968.5	SOX1	protein_coding	0	0	0	0.0000	0.0000	0.0000
ENSG00000182973.19	CNOT10	protein_coding	2360	1267	1279	27.6177	6.8489	7.4052
ENSG00000182974.3	AC135068.1	protein_coding	0	0	0	0.0000	0.0000	0.0000
ENSG00000182979.18	MTA1	protein_coding	1112	684	744	9.0528	2.2450	2.4273
ENSG00000182983.15	ZNF662	protein_coding	652	323	329	5.8210	1.4435	1.5608
ENSG00000182985.18	CADM1	protein_coding	7779	3958	3822	40.1956	9.9681	10.7778
ENSG00000182986.14	ZNF320	protein_coding	2922	1490	1432	14.6617	3.6360	3.9313
ENSG00000182993.5	C12orf60	protein_coding	352	4712	4762	4.4183	1.0957	1.1847
ENSG00000183010.17	PYCR1	protein_coding	2637	2314	2231	51.8171	12.8501	13.8939
ENSG00000183011.13	NAA38	protein_coding	1638	962	925	47.8080	11.8559	12.8189
ENSG00000183018.9	SPNS2	protein_coding	212	156	163	2.9554	0.7329	0.7924
ENSG00000183019.7	MCEMP1	protein_coding	10	6	4	0.2975	0.0738	0.0798
ENSG00000183020.14	AP2A2	protein_coding	4911	2344	2568	28.8963	7.1660	7.7481
ENSG00000183022.5	TPM3P8	processed_pseudogene	2	1	1	0.1764	0.0437	0.0473
ENSG00000183023.18	SLC8A1	protein_coding	1690	1098	1000	4.3719	1.0842	1.1722
ENSG00000183024.3	OR1G1	protein_coding	0	0	0	0.0000	0.0000	0.0000
ENSG00000183032.12	SLC25A21	protein_coding	20	137	132	0.2384	0.0591	0.0639
ENSG00000183034.13	OTOP2	protein_coding	1	0	1	0.0189	0.0047	0.0051
ENSG00000183035.13	CYLC1	protein_coding	0	0	0	0.0000	0.0000	0.0000
ENSG00000183036.11	PCP4	protein_coding	11	6	5	0.6333	0.1571	0.1698
ENSG00000183044.12	ABAT	protein_coding	1813	960	968	10.5853	2.6251	2.8383
ENSG00000183048.12	SLC25A10	protein_coding	339	170	169	7.3349	1.8190	1.9667
ENSG00000183049.13	CAMK1D	protein_coding	3278	1593	1685	21.3746	5.3007	5.7313
ENSG00000183054.11	RGPD6	protein_coding	2	1	2	0.0085	0.0021	0.0023
ENSG00000183055.5	FAM133CP	processed_pseudogene	2	1	1	0.1611	0.0400	0.0432
ENSG00000183060.15	LYSMD4	protein_coding	332	747	666	3.3048	0.8196	0.8861
ENSG00000183066.14	WBP2NL	protein_coding	158	142	167	1.4499	0.3596	0.3888
ENSG00000183067.5	IGSF5	protein_coding	20	7	13	0.4280	0.1061	0.1148
ENSG00000183072.10	NKX2-5	protein_coding	0	0	0	0.0000	0.0000	0.0000
ENSG00000183077.15	AFMID	protein_coding	974	501	475	13.6451	3.3839	3.6587
ENSG00000183087.15	GAS6	protein_coding	10060	7111	7020	94.8466	23.5210	25.4315
ENSG00000183090.5	FREM3	protein_coding	0	0	0	0.0000	0.0000	0.0000
ENSG00000183091.19	NEB	protein_coding	164	102	86	0.3043	0.0755	0.0816
ENSG00000183092.16	BEGAIN	protein_coding	29	12	22	0.2088	0.0518	0.0560
ENSG00000183098.11	GPC6	protein_coding	2983	1542	1517	23.7526	5.8904	6.3689
ENSG00000183111.12	ARHGEF37	protein_coding	2997	1459	1538	32.0739	7.9540	8.6001
ENSG00000183114.8	FAM43B	protein_coding	16	11	5	0.3707	0.0919	0.0994
ENSG00000183117.19	CSMD1	protein_coding	43	20	23	0.1304	0.0323	0.0350
ENSG00000183122.5	OR2A3P	transcribed_unprocessed_pseudogene	0	0	0	0.0000	0.0000	0.0000
ENSG00000183128.7	CALHM3	protein_coding	13	4	9	0.4463	0.1107	0.1197
ENSG00000183134.5	PTGDR2	protein_coding	20	10	11	0.3937	0.0976	0.1056
ENSG00000183137.15	CEP57L1	protein_coding	1025	526	500	3.4359	0.8521	0.9213
ENSG00000183145.9	RIPPLY3	protein_coding	214	102	112	5.5593	1.3786	1.4906
ENSG00000183146.4	PRORY	lncRNA	0	0	0	0.0000	0.0000	0.0000
ENSG00000183148.7	ANKRD20A2P	protein_coding	0	0	0	0.0000	0.0000	0.0000
ENSG00000183150.8	GPR19	protein_coding	48	27	21	1.0374	0.2573	0.2782
ENSG00000183153.7	GJD3	protein_coding	150	676	678	2.0819	0.5163	0.5582
ENSG00000183154.1	AC138356.1	lncRNA	9	121	128	0.2447	0.0607	0.0656
ENSG00000183155.5	RABIF	protein_coding	1472	744	728	26.7641	6.6372	7.1763
ENSG00000183160.9	TMEM119	protein_coding	7490	3662	3829	133.4038	33.0828	35.7700
ENSG00000183161.6	FANCF	protein_coding	1937	1035	1042	33.3781	8.2774	8.9498
ENSG00000183166.11	CALN1	protein_coding	47	27	20	0.2666	0.0661	0.0715
ENSG00000183169.6	POM121L1P	transcribed_unprocessed_pseudogene	0	0	0	0.0000	0.0000	0.0000
ENSG00000183171.5	BX322650.1	processed_pseudogene	11	7	4	0.2911	0.0722	0.0781
ENSG00000183172.9	SMDT1	protein_coding	2434	1219	1215	79.7412	19.7750	21.3813
ENSG00000183185.9	GABRR3	protein_coding	1	1	0	0.0099	0.0025	0.0027
ENSG00000183186.8	C2CD4C	protein_coding	11	8	3	0.2013	0.0499	0.0540
ENSG00000183196.10	CHST6	protein_coding	215	125	112	1.4145	0.3508	0.3793
ENSG00000183199.6	HSP90AB3P	processed_pseudogene	44	28	16	1.1483	0.2848	0.3079
ENSG00000183206.17	POTEC	protein_coding	0	0	0	0.0000	0.0000	0.0000
ENSG00000183207.14	RUVBL2	protein_coding	4650	2185	2465	74.6818	18.5203	20.0247
ENSG00000183208.12	GDPGP1	protein_coding	225	395	466	2.2083	0.5476	0.5921
ENSG00000183230.17	CTNNA3	protein_coding	7	4	3	0.0356	0.0088	0.0095
ENSG00000183239.5	AL109615.1	processed_pseudogene	2	0	2	0.2493	0.0618	0.0668
ENSG00000183242.12	WT1-AS	lncRNA	45	28	17	0.4589	0.1138	0.1230
ENSG00000183246.7	RIMBP3C	protein_coding	2	0	2	0.0196	0.0049	0.0053
ENSG00000183248.12	PRR36	protein_coding	1923	1476	1524	24.4131	6.0542	6.5460
ENSG00000183249.8	NF1P3	unprocessed_pseudogene	0	0	0	0.0000	0.0000	0.0000
ENSG00000183250.12	LINC01547	lncRNA	184	94	90	2.1097	0.5232	0.5657
ENSG00000183251.4	OR51B4	protein_coding	0	0	0	0.0000	0.0000	0.0000
ENSG00000183255.12	PTTG1IP	protein_coding	24253	12083	12170	388.8569	96.4326	104.2655
ENSG00000183258.12	DDX41	protein_coding	5041	2431	2610	68.4403	16.9725	18.3511
ENSG00000183260.7	ABHD16B	protein_coding	0	63	81	0.0000	0.0000	0.0000
ENSG00000183269.5	OR52E8	protein_coding	0	0	0	0.0000	0.0000	0.0000
ENSG00000183273.7	CCDC60	protein_coding	0	0	0	0.0000	0.0000	0.0000
ENSG00000183281.14	PLGLB1	protein_coding	4	4	3	0.0704	0.0175	0.0189
ENSG00000183283.16	DAZAP2	protein_coding	29853	15696	14676	319.4872	79.2296	85.6652
ENSG00000183287.14	CCBE1	protein_coding	113	59	55	0.9489	0.2353	0.2544
ENSG00000183291.17	SELENOF	protein_coding	10352	5202	5150	266.7250	66.1451	71.5179
ENSG00000183292.13	PRSS40A	transcribed_unprocessed_pseudogene	0	0	0	0.0000	0.0000	0.0000
ENSG00000183298.5	RPSAP19	processed_pseudogene	4	94	76	0.2578	0.0639	0.0691
ENSG00000183303.2	OR5P2	protein_coding	0	0	0	0.0000	0.0000	0.0000
ENSG00000183304.10	FAM9A	protein_coding	0	0	0	0.0000	0.0000	0.0000
ENSG00000183305.13	MAGEA2B	protein_coding	0	0	0	0.0000	0.0000	0.0000
ENSG00000183307.4	TMEM121B	protein_coding	88	44	44	0.9841	0.2441	0.2639
ENSG00000183308.6	AC005037.1	lncRNA	0	115	109	0.0000	0.0000	0.0000
ENSG00000183309.12	ZNF623	protein_coding	6012	3052	2960	47.7508	11.8417	12.8036
ENSG00000183310.3	OR2T34	protein_coding	0	0	0	0.0000	0.0000	0.0000
ENSG00000183313.4	OR52L1	protein_coding	0	0	0	0.0000	0.0000	0.0000
ENSG00000183317.17	EPHA10	protein_coding	686	357	329	4.7722	1.1835	1.2796
ENSG00000183318.11	SPDYE4	protein_coding	1	1	0	0.0533	0.0132	0.0143
ENSG00000183323.13	CCDC125	protein_coding	4384	2270	2117	31.1550	7.7261	8.3537
ENSG00000183324.11	REC114	protein_coding	0	0	0	0.0000	0.0000	0.0000
ENSG00000183336.8	BOLA2	protein_coding	0	0	0	0.0000	0.0000	0.0000
ENSG00000183337.17	BCOR	protein_coding	2629	1232	1397	14.9195	3.6999	4.0004
ENSG00000183340.7	JRKL	protein_coding	789	400	389	11.7285	2.9085	3.1448
ENSG00000183346.9	CABCOCO1	protein_coding	67	31	36	2.0865	0.5174	0.5595
ENSG00000183347.15	GBP6	protein_coding	82	33	53	0.9926	0.2461	0.2661
ENSG00000183354.12	KIAA2026	protein_coding	3395	1661	1737	22.6586	5.6191	6.0755
ENSG00000183378.12	OVCH2	protein_coding	2	1	1	0.0543	0.0135	0.0146
ENSG00000183379.9	SYNDIG1L	protein_coding	19	10	9	0.3963	0.0983	0.1063
ENSG00000183385.9	TTTY8	lncRNA	0	0	0	0.0000	0.0000	0.0000
ENSG00000183386.10	FHL3	protein_coding	2075	1022	1053	58.7192	14.5618	15.7446
ENSG00000183389.5	OR56A4	protein_coding	0	0	0	0.0000	0.0000	0.0000
ENSG00000183395.5	PMCH	protein_coding	0	62	58	0.0000	0.0000	0.0000
ENSG00000183396.4	TMEM89	protein_coding	0	0	0	0.0000	0.0000	0.0000
ENSG00000183397.5	C19orf71	protein_coding	33	66	58	2.7766	0.6886	0.7445
ENSG00000183401.12	CCDC159	protein_coding	1054	3611	3663	14.7078	3.6474	3.9436
ENSG00000183421.12	RIPK4	protein_coding	72	50	43	1.0167	0.2521	0.2726
ENSG00000183423.12	LRIT3	protein_coding	24	14	10	0.3409	0.0846	0.0914
ENSG00000183426.17	NPIPA1	protein_coding	73	35	38	0.5620	0.1394	0.1507
ENSG00000183431.12	SF3A3	protein_coding	5776	2777	2999	84.1183	20.8605	22.5549
ENSG00000183432.6	ZBTB8OSP1	processed_pseudogene	0	0	0	0.0000	0.0000	0.0000
ENSG00000183434.10	TFDP3	protein_coding	22	9	13	0.7369	0.1828	0.1976
ENSG00000183439.9	TRIM61	protein_coding	65	34	31	1.3724	0.3403	0.3680
ENSG00000183444.10	OR7E38P	unprocessed_pseudogene	5	3	2	0.2879	0.0714	0.0772
ENSG00000183454.18	GRIN2A	protein_coding	45	21	25	0.1367	0.0339	0.0367
ENSG00000183458.14	PKD1P3	transcribed_unprocessed_pseudogene	92	52	40	0.7541	0.1870	0.2022
ENSG00000183463.6	URAD	protein_coding	0	0	0	0.0000	0.0000	0.0000
ENSG00000183470.9	FLJ40288	lncRNA	0	0	0	0.0000	0.0000	0.0000
ENSG00000183474.16	GTF2H2C	protein_coding	468	222	247	3.3258	0.8248	0.8918
ENSG00000183475.13	ASB7	protein_coding	1473	766	776	15.6489	3.8808	4.1960
ENSG00000183476.12	SH2D7	protein_coding	4	55	56	0.0787	0.0195	0.0211
ENSG00000183479.12	TREX2	protein_coding	10	5	5	0.2089	0.0518	0.0560
ENSG00000183484.12	GPR132	protein_coding	200	105	95	2.7043	0.6706	0.7251
ENSG00000183486.13	MX2	protein_coding	9225	4847	4378	40.2609	9.9843	10.7953
ENSG00000183495.14	EP400	protein_coding	5322	2883	2898	16.7291	4.1487	4.4856
ENSG00000183496.6	MEX3B	protein_coding	321	172	149	4.1925	1.0397	1.1242
ENSG00000183506.17	PI4KAP2	transcribed_unitary_pseudogene	162	69	93	1.2292	0.3048	0.3296
ENSG00000183508.5	TENT5C	protein_coding	5562	2797	2766	55.7872	13.8347	14.9584
ENSG00000183513.9	COA5	protein_coding	1697	866	831	34.9190	8.6596	9.3630
ENSG00000183514.4	TDGF1P2	processed_pseudogene	0	0	0	0.0000	0.0000	0.0000
ENSG00000183520.12	UTP11	protein_coding	1920	967	953	32.2044	7.9864	8.6351
ENSG00000183527.12	PSMG1	protein_coding	1239	617	622	32.6504	8.0970	8.7547
ENSG00000183530.14	PRR14L	protein_coding	4911	2466	2446	23.5839	5.8486	6.3236
ENSG00000183535.9	COL18A1-AS1	lncRNA	0	0	0	0.0000	0.0000	0.0000
ENSG00000183542.5	KLRC4	protein_coding	3	2	1	0.1829	0.0454	0.0491
ENSG00000183549.10	ACSM5	protein_coding	30	14	22	0.4293	0.1065	0.1151
ENSG00000183559.12	C10orf120	protein_coding	0	0	0	0.0000	0.0000	0.0000
ENSG00000183560.9	IZUMO1R	protein_coding	2	2	0	0.1371	0.0340	0.0368
ENSG00000183562.3	AC131971.1	lncRNA	11	7	7	0.4209	0.1044	0.1129
ENSG00000183566.10	BPIFA4P	transcribed_unprocessed_pseudogene	0	0	0	0.0000	0.0000	0.0000
ENSG00000183569.18	SERHL2	protein_coding	162	206	231	3.2567	0.8076	0.8732
ENSG00000183570.16	PCBP3	protein_coding	69	31	38	0.5731	0.1421	0.1537
ENSG00000183571.11	PGPEP1L	protein_coding	1	1	0	0.0349	0.0086	0.0093
ENSG00000183576.13	SETD3	protein_coding	5050	2495	2555	55.2228	13.6947	14.8071
ENSG00000183578.8	TNFAIP8L3	protein_coding	436	221	216	9.6134	2.3840	2.5777
ENSG00000183579.16	ZNRF3	protein_coding	2091	1019	1073	16.9667	4.2076	4.5493
ENSG00000183580.10	FBXL7	protein_coding	4901	2440	2461	57.0710	14.1530	15.3026
ENSG00000183586.8	HMGN3P1	processed_pseudogene	0	0	0	0.0000	0.0000	0.0000
ENSG00000183597.16	TANGO2	protein_coding	663	952	972	5.0843	1.2609	1.3633
ENSG00000183598.4	H3C13	protein_coding	1	0	1	0.1209	0.0300	0.0324
ENSG00000183604.14	SMG1P5	transcribed_unprocessed_pseudogene	59	27	32	0.6984	0.1732	0.1873
ENSG00000183605.17	SFXN4	protein_coding	1294	681	613	38.3200	9.5030	10.2749
ENSG00000183607.10	GKN2	protein_coding	1	1	0	0.0360	0.0089	0.0096
ENSG00000183615.6	FAM167B	protein_coding	170	84	86	10.1802	2.5246	2.7297
ENSG00000183617.5	MRPL54	protein_coding	1514	745	769	87.1664	21.6164	23.3722
ENSG00000183621.15	ZNF438	protein_coding	942	436	506	12.5195	3.1047	3.3569
ENSG00000183624.14	HMCES	protein_coding	4504	2250	2254	91.7793	22.7603	24.6091
ENSG00000183625.15	CCR3	protein_coding	15	7	8	0.2384	0.0591	0.0639
ENSG00000183628.14	DGCR6	protein_coding	10	8	8	0.1098	0.0272	0.0294
ENSG00000183629.13	GOLGA8G	protein_coding	0	0	0	0.0000	0.0000	0.0000
ENSG00000183631.5	PRR32	protein_coding	0	0	0	0.0000	0.0000	0.0000
ENSG00000183632.14	TP53TG3	protein_coding	1	1	1	0.0189	0.0047	0.0051
ENSG00000183638.6	RP1L1	protein_coding	5	1	4	0.0318	0.0079	0.0085
ENSG00000183640.6	KRTAP8-1	protein_coding	0	0	0	0.0000	0.0000	0.0000
ENSG00000183643.4	C15orf32	lncRNA	0	0	0	0.0000	0.0000	0.0000
ENSG00000183644.13	HOATZ	protein_coding	13	9	4	0.2248	0.0557	0.0603
ENSG00000183647.10	ZNF530	protein_coding	134	67	67	1.5141	0.3755	0.4060
ENSG00000183648.11	NDUFB1	protein_coding	2303	1256	1047	57.7124	14.3121	15.4746
ENSG00000183654.9	MARCHF11	protein_coding	2	0	2	0.0604	0.0150	0.0162
ENSG00000183655.13	KLHL25	protein_coding	623	307	316	4.9684	1.2321	1.3322
ENSG00000183662.11	TAFA1	protein_coding	1	0	1	0.0196	0.0049	0.0052
ENSG00000183663.6	GAPDHP30	processed_pseudogene	0	0	0	0.0000	0.0000	0.0000
ENSG00000183665.5	TRMT12	protein_coding	1960	986	974	47.6841	11.8252	12.7857
ENSG00000183666.17	GUSBP1	transcribed_unprocessed_pseudogene	534	254	280	4.6404	1.1508	1.2442
ENSG00000183668.18	PSG9	protein_coding	0	0	0	0.0000	0.0000	0.0000
ENSG00000183671.12	GPR1	protein_coding	417	225	192	8.3444	2.0693	2.2374
ENSG00000183674.12	LINC00518	lncRNA	0	0	0	0.0000	0.0000	0.0000
ENSG00000183682.8	BMP8A	protein_coding	1431	850	875	14.3989	3.5708	3.8608
ENSG00000183684.8	ALYREF	protein_coding	3613	1940	1919	129.4334	32.0982	34.7054
ENSG00000183688.4	RFLNB	protein_coding	2372	1219	1153	37.1489	9.2125	9.9609
ENSG00000183690.13	EFHC2	protein_coding	76	35	41	1.2947	0.3211	0.3471
ENSG00000183691.6	NOG	protein_coding	16	10	6	0.4743	0.1176	0.1272
ENSG00000183695.3	MRGPRX2	protein_coding	0	0	0	0.0000	0.0000	0.0000
ENSG00000183696.14	UPP1	protein_coding	631	314	317	7.8131	1.9376	2.0950
ENSG00000183704.7	SLC9B1P1	unprocessed_pseudogene	0	0	0	0.0000	0.0000	0.0000
ENSG00000183706.5	OR4N4	protein_coding	0	0	0	0.0000	0.0000	0.0000
ENSG00000183709.8	IFNL2	protein_coding	9	4	5	0.5367	0.1331	0.1439
ENSG00000183715.13	OPCML	protein_coding	100	58	42	0.7479	0.1855	0.2005
ENSG00000183718.5	TRIM52	protein_coding	1037	1157	1124	8.9619	2.2225	2.4030
ENSG00000183722.9	LHFPL6	protein_coding	2712	1375	1337	33.6980	8.3568	9.0355
ENSG00000183723.13	CMTM4	protein_coding	2287	1154	1133	15.9077	3.9450	4.2654
ENSG00000183726.11	TMEM50A	protein_coding	10856	5696	5560	204.5327	50.7220	54.8420
ENSG00000183733.6	FIGLA	protein_coding	0	0	0	0.0000	0.0000	0.0000
ENSG00000183734.4	ASCL2	protein_coding	218	109	109	6.6754	1.6554	1.7899
ENSG00000183735.11	TBK1	protein_coding	3042	1567	1517	11.7227	2.9071	3.1433
ENSG00000183741.12	CBX6	protein_coding	3924	2016	1909	27.8406	6.9042	7.4650
ENSG00000183742.13	MACC1	protein_coding	1368	696	672	7.8379	1.9437	2.1016
ENSG00000183747.12	ACSM2A	protein_coding	0	0	0	0.0000	0.0000	0.0000
ENSG00000183751.15	TBL3	protein_coding	3181	1686	1695	25.3399	6.2840	6.7945
ENSG00000183753.10	BPY2	protein_coding	0	0	0	0.0000	0.0000	0.0000
ENSG00000183760.11	ACP7	protein_coding	2	1	1	0.0373	0.0092	0.0100
ENSG00000183762.13	KREMEN1	protein_coding	2224	1096	1128	15.7261	3.8999	4.2167
ENSG00000183763.9	TRAIP	protein_coding	334	167	167	5.8084	1.4404	1.5574
ENSG00000183765.23	CHEK2	protein_coding	595	416	426	7.5100	1.8624	2.0137
ENSG00000183770.7	FOXL2	protein_coding	3	0	3	0.0584	0.0145	0.0157
ENSG00000183773.15	AIFM3	protein_coding	67	29	38	0.7035	0.1745	0.1886
ENSG00000183775.11	KCTD16	protein_coding	44	21	23	0.1751	0.0434	0.0469
ENSG00000183778.17	B3GALT5	protein_coding	614	294	330	2.4317	0.6030	0.6520
ENSG00000183779.7	ZNF703	protein_coding	19413	9948	9465	331.9996	82.3326	89.0202
ENSG00000183780.13	SLC35F3	protein_coding	24	13	11	0.3948	0.0979	0.1059
ENSG00000183783.7	KCTD8	protein_coding	1	1	0	0.0209	0.0052	0.0056
ENSG00000183784.7	DOCK8-AS1	lncRNA	6	9	6	0.1108	0.0275	0.0297
ENSG00000183785.15	TUBA8	protein_coding	21	18	7	0.3270	0.0811	0.0877
ENSG00000183793.14	NPIPA5	protein_coding	57	35	27	2.1322	0.5288	0.5717
ENSG00000183795.8	BPY2B	protein_coding	0	0	0	0.0000	0.0000	0.0000
ENSG00000183798.5	EMILIN3	protein_coding	5	156	188	0.0748	0.0185	0.0201
ENSG00000183801.8	OLFML1	protein_coding	1780	899	881	29.3783	7.2855	7.8773
ENSG00000183807.8	FAM162B	protein_coding	23	10	13	1.2639	0.3134	0.3389
ENSG00000183808.11	RBM12B	protein_coding	1924	1585	1608	14.3227	3.5519	3.8404
ENSG00000183813.7	CCR4	protein_coding	118	54	64	2.2122	0.5486	0.5932
ENSG00000183814.15	LIN9	protein_coding	515	280	235	6.5749	1.6305	1.7629
ENSG00000183822.3	NCF4-AS1	lncRNA	3	33	38	0.1397	0.0346	0.0375
ENSG00000183826.18	BTBD9	protein_coding	2248	1148	1100	13.3673	3.3150	3.5842
ENSG00000183828.15	NUDT14	protein_coding	793	393	400	23.4713	5.8206	6.2934
ENSG00000183831.7	ANKRD45	protein_coding	10	7	3	0.1375	0.0341	0.0369
ENSG00000183833.16	CFAP91	protein_coding	349	182	167	2.7852	0.6907	0.7468
ENSG00000183837.9	PNMA3	protein_coding	2	1	1	0.0303	0.0075	0.0081
ENSG00000183840.7	GPR39	protein_coding	4	157	179	0.0714	0.0177	0.0191
ENSG00000183844.17	FAM3B	protein_coding	82	40	42	1.2148	0.3013	0.3257
ENSG00000183850.14	ZNF730	protein_coding	88	47	42	1.5388	0.3816	0.4126
ENSG00000183853.18	KIRREL1	protein_coding	3254	1620	1634	23.4419	5.8133	6.2855
ENSG00000183856.11	IQGAP3	protein_coding	1337	666	671	11.2461	2.7889	3.0155
ENSG00000183862.5	CNGA2	protein_coding	0	0	0	0.0000	0.0000	0.0000
ENSG00000183864.5	TOB2	protein_coding	5556	2731	2826	72.5825	17.9997	19.4618
ENSG00000183873.18	SCN5A	protein_coding	30	17	14	0.1697	0.0421	0.0455
ENSG00000183876.9	ARSI	protein_coding	653	342	311	11.4969	2.8511	3.0827
ENSG00000183878.15	UTY	protein_coding	0	0	0	0.0000	0.0000	0.0000
ENSG00000183888.4	SRARP	protein_coding	113	164	187	2.1087	0.5229	0.5654
ENSG00000183889.12	AC138969.1	protein_coding	8	7	6	0.0574	0.0142	0.0154
ENSG00000183891.6	TTC32	protein_coding	704	321	386	20.0119	4.9628	5.3659
ENSG00000183908.7	LRRC55	protein_coding	11	5	6	0.1153	0.0286	0.0309
ENSG00000183909.6	OR4G2P	transcribed_unprocessed_pseudogene	0	0	0	0.0000	0.0000	0.0000
ENSG00000183911.7	RPL21P132	processed_pseudogene	2	2	0	0.2455	0.0609	0.0658
ENSG00000183914.14	DNAH2	protein_coding	96	49	48	0.3160	0.0784	0.0847
ENSG00000183918.17	SH2D1A	protein_coding	69	42	27	1.2978	0.3219	0.3480
ENSG00000183921.7	SDR42E2	protein_coding	11	4	8	0.2372	0.0588	0.0636
ENSG00000183929.7	DUSP5P1	processed_pseudogene	1	0	1	0.0498	0.0123	0.0134
ENSG00000183935.5	HTR7P1	transcribed_processed_pseudogene	700	369	331	8.9995	2.2318	2.4131
ENSG00000183938.5	TRBV21OR9-2	TR_V_pseudogene	0	0	0	0.0000	0.0000	0.0000
ENSG00000183943.6	PRKX	protein_coding	644	332	312	5.5988	1.3885	1.5012
ENSG00000183955.13	KMT5A	protein_coding	1532	746	786	18.9942	4.7104	5.0930
ENSG00000183960.9	KCNH8	protein_coding	5	4	2	0.0466	0.0116	0.0125
ENSG00000183963.19	SMTN	protein_coding	3049	1641	1692	16.8823	4.1866	4.5267
ENSG00000183971.10	NPW	protein_coding	93	47	46	5.6832	1.4094	1.5239
ENSG00000183977.14	PP2D1	protein_coding	45	469	498	1.0232	0.2538	0.2744
ENSG00000183978.8	COA3	protein_coding	4116	2110	2195	120.8795	29.9769	32.4118
ENSG00000183979.8	NPB	protein_coding	0	21	24	0.0000	0.0000	0.0000
ENSG00000183981.8	MAGEA13P	processed_pseudogene	0	0	0	0.0000	0.0000	0.0000
ENSG00000184005.11	ST6GALNAC3	protein_coding	118	68	50	0.9279	0.2301	0.2488
ENSG00000184007.22	PTP4A2	protein_coding	42587	21329	21260	360.0339	89.2848	96.5371
ENSG00000184009.12	ACTG1	protein_coding	303612	151264	152361	5896.5165	1462.2766	1581.0528
ENSG00000184012.13	TMPRSS2	protein_coding	296	127	169	2.5476	0.6318	0.6831
ENSG00000184014.8	DENND5A	protein_coding	8358	4189	4172	55.0630	13.6551	14.7642
ENSG00000184022.4	OR2T10	protein_coding	0	0	0	0.0000	0.0000	0.0000
ENSG00000184029.9	DSCR4	lncRNA	0	0	0	0.0000	0.0000	0.0000
ENSG00000184032.3	KRTAP20-2	protein_coding	0	0	0	0.0000	0.0000	0.0000
ENSG00000184033.13	CTAG1B	protein_coding	0	0	0	0.0000	0.0000	0.0000
ENSG00000184047.20	DIABLO	protein_coding	39	20	19	0.3178	0.0788	0.0852
ENSG00000184055.4	OR7E87P	unprocessed_pseudogene	0	0	0	0.0000	0.0000	0.0000
ENSG00000184056.15	VPS33B	protein_coding	127	66	61	1.9180	0.4756	0.5143
ENSG00000184058.14	TBX1	protein_coding	870	410	468	13.7815	3.4177	3.6953
ENSG00000184060.11	ADAP2	protein_coding	1419	844	871	21.4591	5.3216	5.7539
ENSG00000184068.2	SREBF2-AS1	lncRNA	4	199	177	0.0759	0.0188	0.0203
ENSG00000184076.13	UQCR10	protein_coding	1352	1982	2062	78.6378	19.5014	21.0854
ENSG00000184083.12	FAM120C	protein_coding	1618	833	785	10.4281	2.5861	2.7961
ENSG00000184084.7	AC091868.1	processed_pseudogene	3	2	1	0.5596	0.1388	0.1501
ENSG00000184100.6	BRD7P2	processed_pseudogene	14	8	6	0.4084	0.1013	0.1095
ENSG00000184106.8	TREML3P	transcribed_unprocessed_pseudogene	12	6	6	0.6958	0.1726	0.1866
ENSG00000184108.8	TRIML1	protein_coding	0	0	0	0.0000	0.0000	0.0000
ENSG00000184110.15	EIF3C	protein_coding	700	382	332	5.7324	1.4216	1.5371
ENSG00000184111.6	RPL11P4	processed_pseudogene	0	0	0	0.0000	0.0000	0.0000
ENSG00000184113.9	CLDN5	protein_coding	129	53	76	2.1334	0.5291	0.5720
ENSG00000184115.17	AC112229.1	transcribed_unprocessed_pseudogene	0	0	0	0.0000	0.0000	0.0000
ENSG00000184117.12	NIPSNAP1	protein_coding	5005	2446	2559	95.1503	23.5963	25.5130
ENSG00000184139.8	RPL7AP28	processed_pseudogene	9	3	6	0.8939	0.2217	0.2397
ENSG00000184140.6	OR4F6	protein_coding	1	0	1	0.0458	0.0114	0.0123
ENSG00000184144.12	CNTN2	protein_coding	7	4	3	0.0224	0.0056	0.0060
ENSG00000184148.4	SPRR4	protein_coding	0	0	0	0.0000	0.0000	0.0000
ENSG00000184154.15	LRTOMT	protein_coding	545	275	270	8.7283	2.1645	2.3404
ENSG00000184155.8	OR10J5	protein_coding	0	0	0	0.0000	0.0000	0.0000
ENSG00000184156.17	KCNQ3	protein_coding	837	418	419	3.7313	0.9253	1.0005
ENSG00000184160.8	ADRA2C	protein_coding	29	13	16	0.7547	0.1872	0.2024
ENSG00000184162.15	NR2C2AP	protein_coding	936	937	930	29.6374	7.3498	7.9468
ENSG00000184163.3	C1QTNF12	protein_coding	7	3	4	0.2213	0.0549	0.0593
ENSG00000184164.15	CRELD2	protein_coding	1640	913	835	18.0032	4.4646	4.8272
ENSG00000184166.2	OR1D2	protein_coding	0	0	0	0.0000	0.0000	0.0000
ENSG00000184178.16	SCFD2	protein_coding	1191	579	612	21.2662	5.2738	5.7022
ENSG00000184182.19	UBE2F	protein_coding	1366	689	678	18.2789	4.5330	4.9012
ENSG00000184185.10	KCNJ12	protein_coding	143	63	80	1.4866	0.3687	0.3986
ENSG00000184188.6	AC026410.1	processed_pseudogene	9	3	6	0.4636	0.1150	0.1243
ENSG00000184194.6	GPR173	protein_coding	258	135	123	2.9799	0.7390	0.7990
ENSG00000184203.8	PPP1R2	protein_coding	6442	3295	3147	71.3109	17.6844	19.1208
ENSG00000184205.14	TSPYL2	protein_coding	2141	1074	1067	24.5384	6.0853	6.5796
ENSG00000184206.12	GOLGA6L4	protein_coding	8	6	2	0.0748	0.0186	0.0201
ENSG00000184207.9	PGP	protein_coding	892	537	612	15.9878	3.9648	4.2869
ENSG00000184208.12	C22orf46	transcribed_unitary_pseudogene	2396	1195	1267	25.2231	6.2551	6.7632
ENSG00000184209.15	SNRNP35	protein_coding	1585	1213	1105	19.1531	4.7498	5.1356
ENSG00000184210.6	DGAT2L6	protein_coding	1	1	0	0.0331	0.0082	0.0089
ENSG00000184216.14	IRAK1	protein_coding	6737	3377	3360	97.5377	24.1884	26.1531
ENSG00000184220.12	CMSS1	protein_coding	2357	1191	1166	18.5466	4.5994	4.9730
ENSG00000184221.13	OLIG1	protein_coding	0	0	0	0.0000	0.0000	0.0000
ENSG00000184224.3	C11orf72	lncRNA	1	1	0	0.0233	0.0058	0.0062
ENSG00000184226.15	PCDH9	protein_coding	48	22	26	0.0880	0.0218	0.0236
ENSG00000184227.8	ACOT1	protein_coding	155	81	74	5.2136	1.2929	1.3979
ENSG00000184232.9	OAF	protein_coding	1410	674	736	27.4497	6.8073	7.3602
ENSG00000184254.17	ALDH1A3	protein_coding	198	328	305	2.1047	0.5219	0.5643
ENSG00000184260.6	H2AC20	protein_coding	30	15	15	3.4439	0.8541	0.9234
ENSG00000184261.5	KCNK12	protein_coding	34	23	23	0.1375	0.0341	0.0369
ENSG00000184270.6	H2AC21	protein_coding	3	3	1	0.3423	0.0849	0.0918
ENSG00000184271.17	POU6F1	protein_coding	1038	518	521	9.7330	2.4137	2.6097
ENSG00000184274.3	LINC00315	lncRNA	1	6	5	0.0244	0.0061	0.0065
ENSG00000184276.3	DEFB108B	protein_coding	0	0	0	0.0000	0.0000	0.0000
ENSG00000184277.13	TM2D3	protein_coding	2394	1212	1182	11.4145	2.8307	3.0606
ENSG00000184281.15	TSSC4	protein_coding	1576	797	779	33.6122	8.3355	9.0126
ENSG00000184292.7	TACSTD2	protein_coding	5584	2860	2724	173.9937	43.1487	46.6535
ENSG00000184293.7	CLECL1	protein_coding	14	5	9	0.4613	0.1144	0.1237
ENSG00000184302.7	SIX6	protein_coding	0	0	0	0.0000	0.0000	0.0000
ENSG00000184303.5	DRD5P1	processed_pseudogene	0	0	0	0.0000	0.0000	0.0000
ENSG00000184304.16	PRKD1	protein_coding	1080	536	544	11.7309	2.9091	3.1454
ENSG00000184305.15	CCSER1	protein_coding	216	117	99	1.1695	0.2900	0.3136
ENSG00000184307.16	ZDHHC23	protein_coding	816	532	457	6.4830	1.6077	1.7383
ENSG00000184313.20	MROH7	protein_coding	10	2	8	0.0624	0.0155	0.0167
ENSG00000184319.16	RPL23AP82	transcribed_unprocessed_pseudogene	584	321	323	7.7926	1.9325	2.0895
ENSG00000184321.1	OR51J1	unprocessed_pseudogene	0	0	0	0.0000	0.0000	0.0000
ENSG00000184330.12	S100A7A	protein_coding	0	0	0	0.0000	0.0000	0.0000
ENSG00000184343.11	SRPK3	protein_coding	20	11	9	0.2391	0.0593	0.0641
ENSG00000184344.4	GDF3	protein_coding	2	2	0	0.0918	0.0228	0.0246
ENSG00000184345.5	IQCF2	protein_coding	0	0	0	0.0000	0.0000	0.0000
ENSG00000184347.15	SLIT3	protein_coding	11868	7239	7305	47.1643	11.6963	12.6463
ENSG00000184349.13	EFNA5	protein_coding	1115	584	531	11.0064	2.7295	2.9512
ENSG00000184350.11	MRGPRE	protein_coding	44	33	21	0.6074	0.1506	0.1629
ENSG00000184351.8	KRTAP19-1	protein_coding	0	0	0	0.0000	0.0000	0.0000
ENSG00000184357.5	H1-5	protein_coding	3	2	1	0.2135	0.0529	0.0572
ENSG00000184361.13	SPATA32	protein_coding	3	1	3	0.0882	0.0219	0.0237
ENSG00000184363.10	PKP3	protein_coding	3264	1638	1626	48.7751	12.0957	13.0782
ENSG00000184368.16	MAP7D2	protein_coding	26	12	14	0.3377	0.0837	0.0906
ENSG00000184371.14	CSF1	protein_coding	4518	2212	2306	48.9148	12.1304	13.1157
ENSG00000184374.3	COLEC10	protein_coding	20	7	13	0.3207	0.0795	0.0860
ENSG00000184378.3	ACTRT3	protein_coding	95	46	49	3.2241	0.7995	0.8645
ENSG00000184381.20	PLA2G6	protein_coding	610	445	428	4.2446	1.0526	1.1381
ENSG00000184384.14	MAML2	protein_coding	1518	814	815	12.0839	2.9967	3.2401
ENSG00000184385.2	UMODL1-AS1	lncRNA	0	0	0	0.0000	0.0000	0.0000
ENSG00000184388.6	PABPC1L2B	protein_coding	0	0	0	0.0000	0.0000	0.0000
ENSG00000184389.9	A3GALT2	protein_coding	0	0	0	0.0000	0.0000	0.0000
ENSG00000184394.2	OR4N5	protein_coding	0	0	0	0.0000	0.0000	0.0000
ENSG00000184402.15	SS18L1	protein_coding	1956	955	1001	21.5388	5.3414	5.7753
ENSG00000184408.10	KCND2	protein_coding	1059	526	533	9.9200	2.4601	2.6599
ENSG00000184414.2	IRS3P	processed_pseudogene	1	0	1	0.0564	0.0140	0.0151
ENSG00000184423.5	RPL23AP38	processed_pseudogene	0	0	0	0.0000	0.0000	0.0000
ENSG00000184428.13	TOP1MT	protein_coding	2069	1072	997	18.2619	4.5288	4.8966
ENSG00000184432.11	COPB2	protein_coding	18686	9823	9794	56.6040	14.0372	15.1774
ENSG00000184434.8	LRRC19	protein_coding	4	1	3	0.0632	0.0157	0.0170
ENSG00000184436.12	THAP7	protein_coding	1512	802	745	29.7831	7.3859	7.9858
ENSG00000184441.4	AP001062.1	lncRNA	52	208	254	0.6773	0.1680	0.1816
ENSG00000184445.12	KNTC1	protein_coding	1864	917	947	9.3340	2.3147	2.5028
ENSG00000184451.5	CCR10	protein_coding	35	39	31	0.7579	0.1879	0.2032
ENSG00000184454.7	NCMAP	protein_coding	24	14	10	0.3283	0.0814	0.0880
ENSG00000184459.8	BPIFC	protein_coding	4	2	2	0.1018	0.0252	0.0273
ENSG00000184465.16	WDR27	protein_coding	673	336	337	3.0266	0.7506	0.8115
ENSG00000184470.21	TXNRD2	protein_coding	1037	484	553	7.1709	1.7783	1.9227
ENSG00000184471.8	C1QTNF8	protein_coding	0	0	0	0.0000	0.0000	0.0000
ENSG00000184478.7	OR56A3	protein_coding	0	0	0	0.0000	0.0000	0.0000
ENSG00000184481.17	FOXO4	protein_coding	1907	966	941	28.5345	7.0763	7.6511
ENSG00000184486.10	POU3F2	protein_coding	4	3	1	0.0464	0.0115	0.0125
ENSG00000184489.12	PTP4A3	protein_coding	1498	773	726	29.5484	7.3277	7.9229
ENSG00000184492.6	FOXD4L1	protein_coding	2	0	2	0.0455	0.0113	0.0122
ENSG00000184497.13	TMEM255B	protein_coding	250	136	114	1.9419	0.4816	0.5207
ENSG00000184500.16	PROS1	protein_coding	1944	953	991	20.9192	5.1878	5.6091
ENSG00000184502.4	GAST	protein_coding	0	0	0	0.0000	0.0000	0.0000
ENSG00000184507.16	NUTM1	protein_coding	0	0	0	0.0000	0.0000	0.0000
ENSG00000184508.12	HDDC3	protein_coding	291	474	541	3.1560	0.7827	0.8462
ENSG00000184515.11	BEX5	protein_coding	106	55	51	6.1152	1.5165	1.6397
ENSG00000184517.12	ZFP1	protein_coding	929	461	468	14.0153	3.4757	3.7580
ENSG00000184523.4	PTGER4P2	transcribed_processed_pseudogene	6	3	3	0.6469	0.1604	0.1735
ENSG00000184524.6	CEND1	protein_coding	12	6	6	0.4180	0.1037	0.1121
ENSG00000184530.9	C6orf58	protein_coding	11	4	7	0.4069	0.1009	0.1091
ENSG00000184544.12	DHRS7C	protein_coding	0	0	0	0.0000	0.0000	0.0000
ENSG00000184545.11	DUSP8	protein_coding	525	281	245	6.0026	1.4886	1.6095
ENSG00000184557.4	SOCS3	protein_coding	4597	2265	2332	95.3532	23.6466	25.5674
ENSG00000184560.8	SPEM2	protein_coding	0	0	0	0.0000	0.0000	0.0000
ENSG00000184564.11	SLITRK6	protein_coding	1944	945	999	24.9647	6.1910	6.6939
ENSG00000184566.3	AC132216.1	lncRNA	0	0	0	0.0000	0.0000	0.0000
ENSG00000184571.13	PIWIL3	protein_coding	1	1	0	0.0149	0.0037	0.0040
ENSG00000184574.10	LPAR5	protein_coding	826	440	387	16.9045	4.1922	4.5327
ENSG00000184575.12	XPOT	protein_coding	9451	4656	4795	73.2194	18.1577	19.6326
ENSG00000184584.13	STING1	protein_coding	5147	2550	2597	60.8350	15.0865	16.3119
ENSG00000184588.18	PDE4B	protein_coding	748	390	358	4.7502	1.1780	1.2737
ENSG00000184599.13	TAFA3	protein_coding	26	13	13	1.1501	0.2852	0.3084
ENSG00000184601.11	C14orf180	protein_coding	0	0	0	0.0000	0.0000	0.0000
ENSG00000184602.6	SNN	protein_coding	1775	1013	884	30.8395	7.6479	8.2691
ENSG00000184608.9	FAM167A-AS1	lncRNA	0	0	0	0.0000	0.0000	0.0000
ENSG00000184611.12	KCNH7	protein_coding	6	4	4	0.0679	0.0168	0.0182
ENSG00000184612.8	RPL7P26	processed_pseudogene	8	3	6	0.6017	0.1492	0.1613
ENSG00000184613.11	NELL2	protein_coding	5818	2917	2901	51.5127	12.7746	13.8123
ENSG00000184616.9	SPDYE12P	unprocessed_pseudogene	31	14	17	2.1309	0.5284	0.5714
ENSG00000184617.10	ZNF840P	unprocessed_pseudogene	0	0	0	0.0000	0.0000	0.0000
ENSG00000184619.8	KRBA2	protein_coding	435	222	241	1.8261	0.4529	0.4896
ENSG00000184624.4	ZNF72P	unprocessed_pseudogene	0	0	0	0.0000	0.0000	0.0000
ENSG00000184634.16	MED12	protein_coding	3434	1754	1680	26.2279	6.5043	7.0326
ENSG00000184635.16	ZNF93	protein_coding	519	266	253	5.2756	1.3083	1.4146
ENSG00000184640.19	SEPTIN9	protein_coding	25645	12807	12848	105.5773	26.1821	28.3088
ENSG00000184647.11	PRSS55	protein_coding	0	0	0	0.0000	0.0000	0.0000
ENSG00000184650.11	ODF4	protein_coding	3	2	1	0.1258	0.0312	0.0337
ENSG00000184659.5	FOXD4L4	protein_coding	1	1	0	0.0254	0.0063	0.0068
ENSG00000184661.14	CDCA2	protein_coding	138	64	74	2.1168	0.5250	0.5676
ENSG00000184669.9	OR7E14P	transcribed_unprocessed_pseudogene	210	130	160	6.5832	1.6326	1.7652
ENSG00000184672.12	RALYL	protein_coding	0	0	0	0.0000	0.0000	0.0000
ENSG00000184675.11	AMER1	protein_coding	679	345	334	4.5802	1.1359	1.2281
ENSG00000184677.18	ZBTB40	protein_coding	2879	1476	1403	17.8065	4.4158	4.7745
ENSG00000184678.10	H2BC21	protein_coding	1014	485	529	26.2096	6.4997	7.0277
ENSG00000184697.7	CLDN6	protein_coding	3	3	0	0.0978	0.0243	0.0262
ENSG00000184698.5	OR51M1	protein_coding	1	0	1	0.0138	0.0034	0.0037
ENSG00000184702.20	SEPTIN5	protein_coding	14	4	10	0.1740	0.0431	0.0466
ENSG00000184708.18	EIF4ENIF1	protein_coding	2390	1560	1689	22.2119	5.5083	5.9557
ENSG00000184709.7	LRRC26	protein_coding	1	1	0	0.0469	0.0116	0.0126
ENSG00000184716.13	SERINC4	protein_coding	0	932	920	0.0000	0.0000	0.0000
ENSG00000184719.12	RNLS	protein_coding	537	267	270	6.3577	1.5766	1.7047
ENSG00000184724.5	KRTAP6-1	protein_coding	0	0	0	0.0000	0.0000	0.0000
ENSG00000184730.11	APOBR	protein_coding	868	497	461	12.9606	3.2141	3.4752
ENSG00000184731.6	FAM110C	protein_coding	1649	801	848	22.8754	5.6729	6.1337
ENSG00000184735.7	DDX53	protein_coding	5	1	4	0.0781	0.0194	0.0209
ENSG00000184741.6	OR5AQ1P	transcribed_unprocessed_pseudogene	0	0	0	0.0000	0.0000	0.0000
ENSG00000184743.13	ATL3	protein_coding	8598	4561	4312	64.1569	15.9103	17.2026
ENSG00000184752.13	NDUFA12	protein_coding	1983	1029	954	62.7194	15.5538	16.8172
ENSG00000184761.8	PRSS40B	transcribed_unprocessed_pseudogene	0	0	0	0.0000	0.0000	0.0000
ENSG00000184774.10	MGAT4EP	transcribed_unitary_pseudogene	8	5	3	0.1615	0.0400	0.0433
ENSG00000184785.6	SMIM10	protein_coding	422	210	212	16.1373	4.0019	4.3269
ENSG00000184786.6	TCTE3	protein_coding	125	47	78	2.6943	0.6682	0.7224
ENSG00000184787.19	UBE2G2	protein_coding	6122	3022	3101	48.2527	11.9662	12.9382
ENSG00000184788.14	SATL1	protein_coding	0	209	173	0.0000	0.0000	0.0000
ENSG00000184789.6	OR4C10P	unprocessed_pseudogene	0	0	0	0.0000	0.0000	0.0000
ENSG00000184792.16	OSBP2	protein_coding	1308	661	647	11.1847	2.7737	2.9990
ENSG00000184795.9	UNC93B5	unprocessed_pseudogene	2	0	2	0.1623	0.0402	0.0435
ENSG00000184809.13	B3GALT5-AS1	lncRNA	141	61	90	1.0399	0.2579	0.2788
ENSG00000184811.4	TRARG1	protein_coding	0	0	0	0.0000	0.0000	0.0000
ENSG00000184814.5	PRR23B	protein_coding	0	0	0	0.0000	0.0000	0.0000
ENSG00000184828.10	ZBTB7C	protein_coding	326	173	153	2.4294	0.6025	0.6514
ENSG00000184831.14	APOO	protein_coding	947	441	506	22.7850	5.6505	6.1094
ENSG00000184838.15	PRR16	protein_coding	221	109	112	5.5652	1.3801	1.4922
ENSG00000184840.12	TMED9	protein_coding	15578	7941	7637	251.4739	62.3630	67.4286
ENSG00000184844.6	CYCSP45	processed_pseudogene	0	0	0	0.0000	0.0000	0.0000
ENSG00000184845.4	DRD1	protein_coding	1	0	1	0.0141	0.0035	0.0038
ENSG00000184856.7	LINC00308	lncRNA	1	1	1	0.0687	0.0170	0.0184
ENSG00000184857.8	TMEM186	protein_coding	579	452	474	16.6506	4.1292	4.4646
ENSG00000184860.10	SDR42E1	protein_coding	54	26	28	0.2573	0.0638	0.0690
ENSG00000184863.11	RBM33	protein_coding	3006	1511	1495	12.9813	3.2192	3.4807
ENSG00000184867.14	ARMCX2	protein_coding	3199	1622	1577	51.1317	12.6801	13.7101
ENSG00000184887.13	BTBD6	protein_coding	2358	1301	1238	55.9039	13.8636	14.9897
ENSG00000184895.8	SRY	protein_coding	0	0	0	0.0000	0.0000	0.0000
ENSG00000184897.6	H1-10	protein_coding	2996	2746	2837	112.0733	27.7930	30.0506
ENSG00000184898.7	RBM43	protein_coding	1936	965	971	23.3547	5.7917	6.2622
ENSG00000184900.16	SUMO3	protein_coding	6231	3106	3125	129.3411	32.0753	34.6807
ENSG00000184903.10	IMMP2L	protein_coding	566	297	269	8.0851	2.0050	2.1679
ENSG00000184905.9	TCEAL2	protein_coding	26	14	12	0.4662	0.1156	0.1250
ENSG00000184906.11	AMYH02020865.1	transcribed_unprocessed_pseudogene	1	1	0	0.0157	0.0039	0.0042
ENSG00000184908.18	CLCNKB	protein_coding	25	14	11	0.4824	0.1196	0.1293
ENSG00000184911.14	DMRTC1B	protein_coding	0	0	0	0.0000	0.0000	0.0000
ENSG00000184916.9	JAG2	protein_coding	1010	501	509	8.9551	2.2208	2.4012
ENSG00000184922.14	FMNL1	protein_coding	1716	1204	1219	13.0117	3.2268	3.4889
ENSG00000184923.12	NUTM2A	protein_coding	40	24	17	0.4464	0.1107	0.1197
ENSG00000184924.5	PTRHD1	protein_coding	374	307	286	11.0639	2.7437	2.9666
ENSG00000184925.12	LCN12	protein_coding	38	18	20	0.7530	0.1867	0.2019
ENSG00000184933.5	OR6A2	protein_coding	0	0	0	0.0000	0.0000	0.0000
ENSG00000184937.16	WT1	protein_coding	186	113	73	1.2969	0.3216	0.3478
ENSG00000184939.16	ZFP90	protein_coding	2352	1180	1172	19.0138	4.7152	5.0982
ENSG00000184945.14	AQP12A	protein_coding	0	0	0	0.0000	0.0000	0.0000
ENSG00000184949.16	FAM227A	protein_coding	442	222	220	2.3256	0.5767	0.6236
ENSG00000184954.4	OR6C70	protein_coding	0	0	0	0.0000	0.0000	0.0000
ENSG00000184956.16	MUC6	protein_coding	17	3	14	0.1143	0.0283	0.0306
ENSG00000184961.5	RPL7AP49	processed_pseudogene	0	0	0	0.0000	0.0000	0.0000
ENSG00000184967.7	NOC4L	protein_coding	1099	552	547	30.8536	7.6514	8.2729
ENSG00000184979.10	USP18	protein_coding	1711	902	809	52.2232	12.9508	14.0028
ENSG00000184983.11	NDUFA6	protein_coding	3667	1856	1811	154.7288	38.3712	41.4879
ENSG00000184984.10	CHRM5	protein_coding	25	18	15	0.2347	0.0582	0.0629
ENSG00000184985.16	SORCS2	protein_coding	1771	883	888	15.8989	3.9428	4.2630
ENSG00000184986.11	TMEM121	protein_coding	224	114	110	6.6024	1.6373	1.7703
ENSG00000184988.8	TMEM106A	protein_coding	1057	629	622	16.7577	4.1558	4.4933
ENSG00000184990.13	SIVA1	protein_coding	1430	712	718	17.1485	4.2527	4.5981
ENSG00000184991.3	TTTY13	lncRNA	0	0	0	0.0000	0.0000	0.0000
ENSG00000184992.13	BRI3BP	protein_coding	3386	2362	2448	28.6469	7.1041	7.6812
ENSG00000184995.7	IFNE	protein_coding	2	1	1	0.0769	0.0191	0.0206
ENSG00000184999.12	SLC22A10	protein_coding	5	1	6	0.0864	0.0214	0.0232
ENSG00000185000.12	DGAT1	protein_coding	2548	1287	1270	34.9787	8.6744	9.3790
ENSG00000185002.10	RFX6	protein_coding	0	0	0	0.0000	0.0000	0.0000
ENSG00000185008.17	ROBO2	protein_coding	19	10	9	0.0647	0.0160	0.0173
ENSG00000185009.13	AP3M1	protein_coding	6559	3486	3472	65.3595	16.2085	17.5251
ENSG00000185010.15	F8	protein_coding	1602	907	875	8.2922	2.0564	2.2234
ENSG00000185013.16	NT5C1B	protein_coding	3	2	1	0.0427	0.0106	0.0114
ENSG00000185015.8	CA13	protein_coding	386	204	184	3.9110	0.9699	1.0487
ENSG00000185019.17	UBOX5	protein_coding	1226	677	738	14.6742	3.6391	3.9346
ENSG00000185022.12	MAFF	protein_coding	764	413	408	7.7217	1.9149	2.0704
ENSG00000185024.17	BRF1	protein_coding	1784	974	993	7.6836	1.9055	2.0602
ENSG00000185028.4	LRRC14B	protein_coding	11	6	5	0.2427	0.0602	0.0651
ENSG00000185031.6	SLC2A3P2	processed_pseudogene	6	2	4	0.2299	0.0570	0.0616
ENSG00000185033.14	SEMA4B	protein_coding	4635	2250	2385	37.5179	9.3041	10.0598
ENSG00000185037.9	ZNF733P	transcribed_unprocessed_pseudogene	0	0	0	0.0000	0.0000	0.0000
ENSG00000185038.14	MROH2A	protein_coding	2	1	1	0.0198	0.0049	0.0053
ENSG00000185040.13	SPDYE16	protein_coding	1	1	0	0.0157	0.0039	0.0042
ENSG00000185043.12	CIB1	protein_coding	3425	2073	1990	131.9509	32.7225	35.3804
ENSG00000185046.18	ANKS1B	protein_coding	866	675	641	4.4432	1.1019	1.1914
ENSG00000185049.16	NELFA	protein_coding	1436	688	748	16.1035	3.9935	4.3179
ENSG00000185052.12	SLC24A3	protein_coding	5207	2907	2919	75.2137	18.6522	20.1673
ENSG00000185053.14	SGCZ	protein_coding	0	0	0	0.0000	0.0000	0.0000
ENSG00000185055.11	EFCAB10	protein_coding	32	292	268	0.7039	0.1746	0.1887
ENSG00000185056.10	C5orf47	protein_coding	8	6	3	0.1652	0.0410	0.0443
ENSG00000185065.6	AC000068.1	lncRNA	70	64	53	1.8930	0.4695	0.5076
ENSG00000185069.2	KRT76	protein_coding	0	0	0	0.0000	0.0000	0.0000
ENSG00000185070.11	FLRT2	protein_coding	1752	900	867	2.8468	0.7060	0.7633
ENSG00000185074.7	OR7E31P	unprocessed_pseudogene	0	0	0	0.0000	0.0000	0.0000
ENSG00000185078.3	RPL9P14	processed_pseudogene	0	0	0	0.0000	0.0000	0.0000
ENSG00000185085.2	INTS5	protein_coding	1440	757	683	24.8592	6.1648	6.6656
ENSG00000185088.14	RPS27L	protein_coding	6611	3361	3250	42.4827	10.5353	11.3910
ENSG00000185090.14	MANEAL	protein_coding	266	380	415	4.9983	1.2395	1.3402
ENSG00000185100.11	ADSS1	protein_coding	252	142	111	2.4932	0.6183	0.6685
ENSG00000185101.13	ANO9	protein_coding	833	435	398	7.6107	1.8874	2.0407
ENSG00000185104.20	FAF1	protein_coding	3068	1551	1521	23.0476	5.7156	6.1798
ENSG00000185105.5	MYADML2	protein_coding	7	4	4	0.1619	0.0401	0.0434
ENSG00000185112.6	FAM43A	protein_coding	417	207	210	7.4954	1.8588	2.0098
ENSG00000185115.6	NSMCE3	protein_coding	1315	672	643	15.4269	3.8257	4.1365
ENSG00000185122.11	HSF1	protein_coding	5317	2922	2952	56.8383	14.0953	15.2402
ENSG00000185127.6	C6orf120	protein_coding	1657	1054	1009	35.2338	8.7376	9.4473
ENSG00000185129.8	PURA	protein_coding	5791	2984	2839	26.2327	6.5055	7.0339
ENSG00000185130.5	H2BC13	protein_coding	2	2	0	0.2324	0.0576	0.0623
ENSG00000185133.14	INPP5J	protein_coding	5470	2773	2698	64.3176	15.9501	17.2457
ENSG00000185149.6	NPY2R	protein_coding	0	0	0	0.0000	0.0000	0.0000
ENSG00000185155.12	MIXL1	protein_coding	7	5	2	0.1951	0.0484	0.0523
ENSG00000185156.6	MFSD6L	protein_coding	3	2	1	0.0754	0.0187	0.0202
ENSG00000185158.12	LRRC37B	protein_coding	685	348	338	6.1847	1.5338	1.6583
ENSG00000185163.10	DDX51	protein_coding	1805	885	921	16.1225	3.9982	4.3230
ENSG00000185164.14	NOMO2	protein_coding	985	450	535	8.2134	2.0368	2.2023
ENSG00000185168.5	LINC00482	lncRNA	229	120	109	5.9111	1.4659	1.5850
ENSG00000185176.13	AQP12B	protein_coding	0	0	0	0.0000	0.0000	0.0000
ENSG00000185177.13	ZNF479	protein_coding	0	0	0	0.0000	0.0000	0.0000
ENSG00000185182.14	GOLGA8EP	transcribed_unprocessed_pseudogene	0	0	0	0.0000	0.0000	0.0000
ENSG00000185186.10	LINC00313	lncRNA	0	0	0	0.0000	0.0000	0.0000
ENSG00000185187.13	SIGIRR	protein_coding	3620	1792	1829	58.7214	14.5623	15.7452
ENSG00000185189.18	NRBP2	protein_coding	2577	1530	1607	29.6193	7.3453	7.9419
ENSG00000185198.12	PRSS57	protein_coding	1	0	1	0.0520	0.0129	0.0140
ENSG00000185201.16	IFITM2	protein_coding	11220	5461	5767	412.3693	102.2634	110.5700
ENSG00000185203.12	WASIR1	lncRNA	0	0	0	0.0000	0.0000	0.0000
ENSG00000185203.12_PAR_Y	WASIR1	lncRNA	0	0	0	0.0000	0.0000	0.0000
ENSG00000185215.11	TNFAIP2	protein_coding	7605	3777	3828	85.2668	21.1453	22.8629
ENSG00000185219.17	ZNF445	protein_coding	3212	1659	1554	9.6448	2.3918	2.5861
ENSG00000185220.12	PGBD2	protein_coding	477	255	222	7.4091	1.8374	1.9866
ENSG00000185221.6	GAPDHP24	processed_pseudogene	0	0	0	0.0000	0.0000	0.0000
ENSG00000185222.10	TCEAL9	protein_coding	2920	1431	1489	83.8871	20.8032	22.4929
ENSG00000185231.5	MC2R	protein_coding	0	0	0	0.0000	0.0000	0.0000
ENSG00000185236.12	RAB11B	protein_coding	3529	2160	1987	86.6737	21.4942	23.2401
ENSG00000185238.13	PRMT3	protein_coding	2016	1013	1003	20.8512	5.1709	5.5909
ENSG00000185245.8	GP1BA	protein_coding	58	29	35	1.3083	0.3245	0.3508
ENSG00000185246.18	PRPF39	protein_coding	2125	2141	2061	24.4737	6.0692	6.5622
ENSG00000185247.15	MAGEA11	protein_coding	1	0	1	0.0164	0.0041	0.0044
ENSG00000185250.16	PPIL6	protein_coding	358	230	212	4.5307	1.1236	1.2148
ENSG00000185252.19	ZNF74	protein_coding	998	490	510	9.0540	2.2453	2.4277
ENSG00000185261.14	KIAA0825	protein_coding	433	198	235	2.3604	0.5854	0.6329
ENSG00000185262.9	UBALD2	protein_coding	1577	777	800	54.2010	13.4413	14.5331
ENSG00000185264.12	TEX33	protein_coding	0	0	0	0.0000	0.0000	0.0000
ENSG00000185267.10	CDNF	protein_coding	126	101	84	4.1958	1.0405	1.1250
ENSG00000185269.12	NOTUM	protein_coding	36	20	16	0.7008	0.1738	0.1879
ENSG00000185271.9	KLHL33	protein_coding	10	4	6	0.1029	0.0255	0.0276
ENSG00000185272.14	RBM11	protein_coding	73	36	37	1.7542	0.4350	0.4704
ENSG00000185274.12	GALNT17	protein_coding	41	23	18	0.4750	0.1178	0.1274
ENSG00000185275.6	CD24P4	processed_pseudogene	21	8	13	4.9009	1.2154	1.3141
ENSG00000185278.15	ZBTB37	protein_coding	2193	1117	1081	6.3895	1.5845	1.7132
ENSG00000185290.4	NUPR2	protein_coding	24	12	12	2.1952	0.5444	0.5886
ENSG00000185291.12	IL3RA	protein_coding	422	205	227	13.9951	3.4706	3.7526
ENSG00000185291.12_PAR_Y	IL3RA	protein_coding	0	0	0	0.0000	0.0000	0.0000
ENSG00000185294.7	SPPL2C	protein_coding	0	0	0	0.0000	0.0000	0.0000
ENSG00000185296.8	AC026785.1	processed_pseudogene	0	0	0	0.0000	0.0000	0.0000
ENSG00000185298.13	CCDC137	protein_coding	1789	926	864	42.4672	10.5314	11.3869
ENSG00000185303.17	SFTPA2	protein_coding	3	1	2	0.0631	0.0157	0.0169
ENSG00000185304.15	RGPD2	protein_coding	165	93	121	1.3333	0.3306	0.3575
ENSG00000185305.11	ARL15	protein_coding	947	464	483	14.1327	3.5048	3.7895
ENSG00000185306.13	C12orf56	protein_coding	3	3	3	0.0336	0.0083	0.0090
ENSG00000185313.8	SCN10A	protein_coding	1	0	1	0.0084	0.0021	0.0023
ENSG00000185319.5	SSXP4	unprocessed_pseudogene	0	0	0	0.0000	0.0000	0.0000
ENSG00000185324.22	CDK10	protein_coding	822	399	424	6.8765	1.7053	1.8438
ENSG00000185332.8	TMEM105	lncRNA	4	1	3	0.0598	0.0148	0.0160
ENSG00000185338.6	SOCS1	protein_coding	101	48	53	3.1874	0.7904	0.8546
ENSG00000185339.9	TCN2	protein_coding	1998	963	1050	38.4090	9.5250	10.2987
ENSG00000185340.15	GAS2L1	protein_coding	2148	1109	1040	27.1843	6.7414	7.2890
ENSG00000185344.15	ATP6V0A2	protein_coding	2905	1550	1555	9.5703	2.3733	2.5661
ENSG00000185345.23	PRKN	protein_coding	314	155	159	1.4809	0.3673	0.3971
ENSG00000185347.18	TEDC1	protein_coding	304	144	161	2.5739	0.6383	0.6901
ENSG00000185352.8	HS6ST3	protein_coding	699	340	359	5.0782	1.2593	1.3616
ENSG00000185359.14	HGS	protein_coding	3929	2863	2859	20.5377	5.0931	5.5068
ENSG00000185361.9	TNFAIP8L1	protein_coding	1411	945	965	11.9985	2.9755	3.2172
ENSG00000185372.3	OR2V1	protein_coding	0	0	0	0.0000	0.0000	0.0000
ENSG00000185379.20	RAD51D	protein_coding	1170	564	616	5.8697	1.4556	1.5739
ENSG00000185385.4	OR7A17	protein_coding	1	1	0	0.0151	0.0037	0.0040
ENSG00000185386.15	MAPK11	protein_coding	327	195	132	6.8989	1.7109	1.8498
ENSG00000185390.2	FGF7P2	unprocessed_pseudogene	0	0	0	0.0000	0.0000	0.0000
ENSG00000185404.17	SP140L	protein_coding	1097	527	571	11.0108	2.7306	2.9524
ENSG00000185414.20	MRPL30	protein_coding	2310	1149	1161	27.5210	6.8249	7.3793
ENSG00000185418.16	TARS3	protein_coding	1218	643	575	15.5045	3.8450	4.1573
ENSG00000185420.19	SMYD3	protein_coding	2369	1226	1144	22.9025	5.6796	6.1409
ENSG00000185432.12	METTL7A	protein_coding	3458	1736	1722	48.1117	11.9312	12.9003
ENSG00000185433.10	LINC00158	lncRNA	8	5	3	0.1098	0.0272	0.0295
ENSG00000185436.12	IFNLR1	protein_coding	495	244	251	5.6825	1.4092	1.5237
ENSG00000185437.13	SH3BGR	protein_coding	20	12	8	0.7587	0.1881	0.2034
ENSG00000185442.13	FAM174B	protein_coding	4703	2340	2367	59.6793	14.7999	16.0020
ENSG00000185448.10	FAM47A	protein_coding	5	2	3	0.1108	0.0275	0.0297
ENSG00000185453.13	ZSWIM9	protein_coding	359	195	196	5.4103	1.3417	1.4507
ENSG00000185467.7	KPNA7	protein_coding	101	45	56	3.3204	0.8234	0.8903
ENSG00000185475.11	TMEM179B	protein_coding	1278	1428	1292	48.1884	11.9502	12.9209
ENSG00000185477.5	GPRIN3	protein_coding	1650	793	857	6.2389	1.5472	1.6729
ENSG00000185479.6	KRT6B	protein_coding	396	211	185	9.7555	2.4193	2.6158
ENSG00000185480.12	PARPBP	protein_coding	229	173	171	2.7357	0.6784	0.7335
ENSG00000185482.8	STAC3	protein_coding	278	128	150	7.5396	1.8698	2.0216
ENSG00000185483.12	ROR1	protein_coding	852	445	408	7.1900	1.7831	1.9279
ENSG00000185485.14	SDHAP1	transcribed_unprocessed_pseudogene	389	185	204	6.5792	1.6316	1.7641
ENSG00000185495.10	AC138393.1	transcribed_unprocessed_pseudogene	215	108	107	2.8036	0.6953	0.7517
ENSG00000185499.16	MUC1	protein_coding	5629	2814	2815	67.6745	16.7826	18.1458
ENSG00000185504.17	FAAP100	protein_coding	3190	1518	1672	33.7950	8.3808	9.0616
ENSG00000185507.21	IRF7	protein_coding	3899	1869	2030	84.6524	20.9930	22.6981
ENSG00000185513.17	L3MBTL1	protein_coding	363	232	215	1.3235	0.3282	0.3549
ENSG00000185515.15	BRCC3	protein_coding	2202	1110	1092	39.2073	9.7230	10.5128
ENSG00000185518.12	SV2B	protein_coding	185	87	98	0.7652	0.1898	0.2052
ENSG00000185519.9	FAM131C	protein_coding	63	24	39	2.0772	0.5151	0.5570
ENSG00000185522.9	LMNTD2	protein_coding	154	293	314	3.0136	0.7473	0.8080
ENSG00000185523.6	SPATA45	protein_coding	0	0	0	0.0000	0.0000	0.0000
ENSG00000185527.12	PDE6G	protein_coding	43	17	26	2.2270	0.5523	0.5971
ENSG00000185532.20	PRKG1	protein_coding	2831	1654	1688	12.4156	3.0789	3.3290
ENSG00000185551.15	NR2F2	protein_coding	3403	1697	1706	29.7999	7.3901	7.9903
ENSG00000185559.16	DLK1	protein_coding	0	0	0	0.0000	0.0000	0.0000
ENSG00000185561.10	TLCD2	protein_coding	761	368	393	7.3345	1.8189	1.9666
ENSG00000185565.12	LSAMP	protein_coding	243	121	122	1.3397	0.3322	0.3592
ENSG00000185567.7	AHNAK2	protein_coding	4455	2500	2469	13.4470	3.3347	3.6056
ENSG00000185585.20	OLFML2A	protein_coding	5456	2730	2726	45.6963	11.3322	12.2527
ENSG00000185591.10	SP1	protein_coding	12947	6507	6442	90.8356	22.5263	24.3561
ENSG00000185594.7	SPATA8	lncRNA	1	0	1	0.0380	0.0094	0.0102
ENSG00000185596.16	WASH3P	transcribed_unprocessed_pseudogene	268	143	125	6.4646	1.6032	1.7334
ENSG00000185607.5	ACTBP7	processed_pseudogene	6	2	4	0.3027	0.0751	0.0812
ENSG00000185608.8	MRPL40	protein_coding	3179	1513	1666	91.7461	22.7521	24.6002
ENSG00000185610.6	DBX2	protein_coding	9	2	7	0.1819	0.0451	0.0488
ENSG00000185614.7	INKA1	protein_coding	129	71	58	7.0819	1.7562	1.8989
ENSG00000185615.16	PDIA2	protein_coding	0	0	0	0.0000	0.0000	0.0000
ENSG00000185619.18	PCGF3	protein_coding	1882	1485	1508	14.3742	3.5646	3.8542
ENSG00000185621.11	LMLN	protein_coding	1225	741	708	7.9924	1.9820	2.1430
ENSG00000185624.15	P4HB	protein_coding	46595	33243	33368	505.1426	125.2703	135.4456
ENSG00000185627.18	PSMD13	protein_coding	6914	3512	3402	90.1985	22.3683	24.1852
ENSG00000185630.19	PBX1	protein_coding	24003	11906	12097	63.6972	15.7963	17.0793
ENSG00000185631.7	RPL14P6	processed_pseudogene	0	0	0	0.0000	0.0000	0.0000
ENSG00000185633.10	NDUFA4L2	protein_coding	477	226	262	9.6403	2.3907	2.5849
ENSG00000185634.12	SHC4	protein_coding	105	41	66	0.9116	0.2261	0.2444
ENSG00000185638.9	FTH1P14	processed_pseudogene	0	0	0	0.0000	0.0000	0.0000
ENSG00000185640.6	KRT79	protein_coding	5	0	5	0.1108	0.0275	0.0297
ENSG00000185641.6	AC034236.1	processed_pseudogene	80	38	42	12.1630	3.0163	3.2613
ENSG00000185650.10	ZFP36L1	protein_coding	32908	16514	16394	361.6690	89.6902	96.9755
ENSG00000185651.15	UBE2L3	protein_coding	6327	3022	3305	93.4872	23.1839	25.0670
ENSG00000185652.12	NTF3	protein_coding	122	57	65	2.3670	0.5870	0.6347
ENSG00000185658.14	BRWD1	protein_coding	7399	3844	3755	18.5704	4.6053	4.9793
ENSG00000185662.10	SMIM23	protein_coding	11	7	4	0.3678	0.0912	0.0986
ENSG00000185664.14	PMEL	protein_coding	278	355	373	4.0414	1.0022	1.0836
ENSG00000185666.15	SYN3	protein_coding	65	22	43	0.3619	0.0898	0.0970
ENSG00000185668.8	POU3F1	protein_coding	427	230	197	8.1670	2.0253	2.1898
ENSG00000185669.6	SNAI3	protein_coding	51	27	31	1.6622	0.4122	0.4457
ENSG00000185670.9	ZBTB3	protein_coding	229	112	117	3.8835	0.9631	1.0413
ENSG00000185674.9	LYG2	protein_coding	9	3	6	0.4232	0.1050	0.1135
ENSG00000185681.13	MORN5	protein_coding	0	0	0	0.0000	0.0000	0.0000
ENSG00000185684.15	EP400P1	transcribed_unprocessed_pseudogene	1289	675	659	5.7033	1.4144	1.5292
ENSG00000185686.18	PRAME	protein_coding	10	4	6	0.1490	0.0370	0.0400
ENSG00000185689.16	C6orf201	protein_coding	9	591	559	0.1536	0.0381	0.0412
ENSG00000185697.16	MYBL1	protein_coding	810	392	418	6.3455	1.5736	1.7014
ENSG00000185700.10	TTTY8B	lncRNA	0	0	0	0.0000	0.0000	0.0000
ENSG00000185701.7	OR5M5P	unprocessed_pseudogene	0	0	0	0.0000	0.0000	0.0000
ENSG00000185710.9	SMG1P4	transcribed_unprocessed_pseudogene	82	35	48	0.7393	0.1833	0.1982
ENSG00000185716.12	MOSMO	protein_coding	1658	945	933	15.0899	3.7421	4.0461
ENSG00000185721.13	DRG1	protein_coding	4522	2289	2233	116.6708	28.9332	31.2833
ENSG00000185722.18	ANKFY1	protein_coding	5099	3077	2989	20.3293	5.0415	5.4510
ENSG00000185728.17	YTHDF3	protein_coding	10132	4987	5145	93.2315	23.1205	24.9985
ENSG00000185730.8	ZNF696	protein_coding	1418	745	723	13.6227	3.3783	3.6527
ENSG00000185736.16	ADARB2	protein_coding	39	18	21	0.2093	0.0519	0.0561
ENSG00000185737.13	NRG3	protein_coding	4	4	1	0.0437	0.0108	0.0117
ENSG00000185739.13	SRL	protein_coding	24	13	11	0.2387	0.0592	0.0640
ENSG00000185742.7	C11orf87	protein_coding	13	6	7	0.1257	0.0312	0.0337
ENSG00000185745.10	IFIT1	protein_coding	27858	13862	13998	342.3984	84.9114	91.8084
ENSG00000185753.13	CXorf38	protein_coding	1761	883	878	16.5068	4.0935	4.4260
ENSG00000185758.9	CLDN24	protein_coding	4	1	3	0.3421	0.0848	0.0917
ENSG00000185760.17	KCNQ5	protein_coding	332	163	178	2.3082	0.5724	0.6189
ENSG00000185761.11	ADAMTSL5	protein_coding	211	118	118	3.3046	0.8195	0.8861
ENSG00000185774.16	KCNIP4	protein_coding	9	89	73	0.1204	0.0299	0.0323
ENSG00000185775.10	SPATA31A6	protein_coding	0	0	0	0.0000	0.0000	0.0000
ENSG00000185787.15	MORF4L1	protein_coding	18352	9220	9132	158.8433	39.3915	42.5912
ENSG00000185792.10	NLRP9	protein_coding	2	2	5	0.0316	0.0078	0.0085
ENSG00000185798.8	WDR53	protein_coding	728	374	354	22.9743	5.6974	6.1602
ENSG00000185800.12	DMWD	protein_coding	1510	741	770	15.0205	3.7249	4.0275
ENSG00000185803.12	SLC52A2	protein_coding	3039	1998	1956	45.1156	11.1882	12.0970
ENSG00000185808.14	PIGP	protein_coding	1435	728	707	19.1615	4.7519	5.1378
ENSG00000185811.19	IKZF1	protein_coding	1344	677	692	6.9790	1.7307	1.8713
ENSG00000185813.11	PCYT2	protein_coding	1421	775	691	11.7266	2.9081	3.1443
ENSG00000185818.8	NAT8L	protein_coding	960	488	477	8.9897	2.2294	2.4104
ENSG00000185821.3	OR6C76	protein_coding	0	0	0	0.0000	0.0000	0.0000
ENSG00000185823.5	NPAP1	protein_coding	0	0	0	0.0000	0.0000	0.0000
ENSG00000185825.17	BCAP31	protein_coding	13876	7081	6796	238.3846	59.1170	63.9189
ENSG00000185829.18	ARL17A	protein_coding	135	110	100	1.1764	0.2917	0.3154
ENSG00000185834.10	RPL12P4	processed_pseudogene	19	5	14	2.1680	0.5376	0.5813
ENSG00000185837.3	HDHD5-AS1	lncRNA	9	7	12	0.8089	0.2006	0.2169
ENSG00000185838.14	GNB1L	protein_coding	342	173	177	2.7750	0.6882	0.7441
ENSG00000185839.3	AL035411.1	processed_pseudogene	7	3	4	0.5753	0.1427	0.1543
ENSG00000185842.15	DNAH14	protein_coding	413	208	205	1.1893	0.2949	0.3189
ENSG00000185847.8	LINC01405	lncRNA	0	0	0	0.0000	0.0000	0.0000
ENSG00000185860.13	CCDC190	protein_coding	1	0	1	0.0131	0.0033	0.0035
ENSG00000185862.7	EVI2B	protein_coding	1025	508	517	28.2036	6.9942	7.5623
ENSG00000185863.8	TMEM210	protein_coding	1	0	1	0.0722	0.0179	0.0193
ENSG00000185864.16	NPIPB4	protein_coding	119	71	51	0.8682	0.2153	0.2328
ENSG00000185869.15	ZNF829	protein_coding	587	301	289	4.2998	1.0663	1.1529
ENSG00000185873.8	TMPRSS11B	protein_coding	0	0	0	0.0000	0.0000	0.0000
ENSG00000185875.13	THNSL1	protein_coding	488	255	233	7.2182	1.7900	1.9354
ENSG00000185880.13	TRIM69	protein_coding	4111	2079	2032	25.1629	6.2402	6.7470
ENSG00000185883.12	ATP6V0C	protein_coding	5	5	0	0.2002	0.0497	0.0537
ENSG00000185885.16	IFITM1	protein_coding	18696	7864	10894	1132.7454	280.9094	303.7268
ENSG00000185888.5	PRSS38	protein_coding	0	0	0	0.0000	0.0000	0.0000
ENSG00000185894.8	BPY2C	protein_coding	0	0	0	0.0000	0.0000	0.0000
ENSG00000185896.11	LAMP1	protein_coding	22411	10997	11414	221.3773	54.8993	59.3586
ENSG00000185897.7	FFAR3	protein_coding	1	1	0	0.0305	0.0076	0.0082
ENSG00000185899.1	TAS2R60	protein_coding	0	0	0	0.0000	0.0000	0.0000
ENSG00000185900.11	POMK	protein_coding	2558	1365	1389	11.6321	2.8846	3.1190
ENSG00000185903.10	OR11N1P	unprocessed_pseudogene	0	0	0	0.0000	0.0000	0.0000
ENSG00000185904.12	LINC00839	lncRNA	55	28	27	0.3703	0.0918	0.0993
ENSG00000185905.4	C16orf54	protein_coding	90	42	48	1.9867	0.4927	0.5327
ENSG00000185909.15	KLHDC8B	protein_coding	2355	1146	1209	61.5163	15.2554	16.4946
ENSG00000185915.5	KLHL34	protein_coding	2	3	0	0.0312	0.0077	0.0084
ENSG00000185917.14	SETD4	protein_coding	834	446	413	6.4896	1.6094	1.7401
ENSG00000185920.16	PTCH1	protein_coding	388	208	194	1.2796	0.3173	0.3431
ENSG00000185924.7	RTN4RL1	protein_coding	1126	570	556	17.6689	4.3817	4.7376
ENSG00000185926.1	OR4C46	protein_coding	0	0	0	0.0000	0.0000	0.0000
ENSG00000185933.7	CALHM1	protein_coding	80	42	40	1.4125	0.3503	0.3787
ENSG00000185940.10	KRTAP5-5	protein_coding	0	0	0	0.0000	0.0000	0.0000
ENSG00000185942.13	NKAIN3	protein_coding	52	35	20	0.1027	0.0255	0.0275
ENSG00000185946.16	RNPC3	protein_coding	674	329	345	5.5661	1.3803	1.4925
ENSG00000185947.15	ZNF267	protein_coding	1197	578	619	10.8023	2.6789	2.8965
ENSG00000185950.9	IRS2	protein_coding	2923	1411	1528	20.3241	5.0402	5.4496
ENSG00000185955.5	C7orf61	protein_coding	4	3	1	0.1931	0.0479	0.0518
ENSG00000185958.10	FAM186A	protein_coding	17	6	11	0.1162	0.0288	0.0312
ENSG00000185960.14	SHOX	protein_coding	0	0	0	0.0000	0.0000	0.0000
ENSG00000185960.14_PAR_Y	SHOX	protein_coding	0	0	0	0.0000	0.0000	0.0000
ENSG00000185962.1	LCE3A	protein_coding	0	0	0	0.0000	0.0000	0.0000
ENSG00000185963.14	BICD2	protein_coding	3277	1653	1624	28.8211	7.1473	7.7279
ENSG00000185966.4	LCE3E	protein_coding	0	0	0	0.0000	0.0000	0.0000
ENSG00000185972.6	CCIN	protein_coding	95	47	49	2.7671	0.6862	0.7419
ENSG00000185973.12	TMLHE	protein_coding	549	256	297	6.0915	1.5106	1.6333
ENSG00000185974.7	GRK1	protein_coding	4	4	0	0.0465	0.0115	0.0125
ENSG00000185982.7	DEFB128	protein_coding	0	0	0	0.0000	0.0000	0.0000
ENSG00000185985.11	SLITRK2	protein_coding	4	4	0	0.0191	0.0047	0.0051
ENSG00000185986.12	SDHAP3	transcribed_unprocessed_pseudogene	396	219	177	7.3031	1.8111	1.9582
ENSG00000185988.15	PLK5	protein_coding	7	5	10	0.0999	0.0248	0.0268
ENSG00000185989.11	RASA3	protein_coding	2451	1273	1178	29.1091	7.2188	7.8051
ENSG00000186001.14	LRCH3	protein_coding	2561	1317	1386	11.4910	2.8496	3.0811
ENSG00000186007.10	LEMD1	protein_coding	5	4	1	0.2724	0.0675	0.0730
ENSG00000186008.7	RPS4XP21	processed_pseudogene	0	0	0	0.0000	0.0000	0.0000
ENSG00000186009.5	ATP4B	protein_coding	2	2	0	0.0756	0.0188	0.0203
ENSG00000186010.19	NDUFA13	protein_coding	57	33	29	1.1937	0.2960	0.3201
ENSG00000186017.14	ZNF566	protein_coding	729	372	386	6.3789	1.5819	1.7104
ENSG00000186019.11	AC021092.1	lncRNA	17	492	479	0.1612	0.0400	0.0432
ENSG00000186020.13	ZNF529	protein_coding	744	445	404	5.1599	1.2796	1.3835
ENSG00000186026.7	ZNF284	protein_coding	245	132	113	3.2043	0.7946	0.8592
ENSG00000186038.9	HTR3E	protein_coding	1	1	0	0.0225	0.0056	0.0060
ENSG00000186047.10	DLEU7	protein_coding	104	93	75	0.7859	0.1949	0.2107
ENSG00000186049.8	KRT73	protein_coding	0	1	1	0.0000	0.0000	0.0000
ENSG00000186051.7	TAL2	protein_coding	4	1	3	0.3396	0.0842	0.0911
ENSG00000186056.10	MATN1-AS1	lncRNA	88	71	64	1.2402	0.3076	0.3325
ENSG00000186063.13	AIDA	protein_coding	2633	1345	1373	35.2829	8.7498	9.4605
ENSG00000186073.14	CDIN1	protein_coding	408	194	214	2.4938	0.6184	0.6687
ENSG00000186074.19	CD300LF	protein_coding	202	107	95	5.3010	1.3146	1.4214
ENSG00000186075.13	ZPBP2	protein_coding	0	0	0	0.0000	0.0000	0.0000
ENSG00000186076.5	AC012085.1	processed_pseudogene	6	4	3	0.4448	0.1103	0.1193
ENSG00000186081.12	KRT5	protein_coding	2817	1406	1411	38.6528	9.5855	10.3641
ENSG00000186082.9	KRT18P14	processed_pseudogene	1	0	1	0.0454	0.0113	0.0122
ENSG00000186086.18	NBPF6	protein_coding	95	54	42	2.0833	0.5166	0.5586
ENSG00000186088.16	GSAP	protein_coding	1280	615	674	8.1105	2.0113	2.1747
ENSG00000186090.11	HTR3D	protein_coding	0	0	0	0.0000	0.0000	0.0000
ENSG00000186092.6	OR4F5	protein_coding	0	0	0	0.0000	0.0000	0.0000
ENSG00000186094.17	AGBL4	protein_coding	14	9	5	0.1058	0.0262	0.0284
ENSG00000186103.5	ARGFX	protein_coding	0	0	0	0.0000	0.0000	0.0000
ENSG00000186104.11	CYP2R1	protein_coding	843	434	409	10.6355	2.6375	2.8517
ENSG00000186105.8	LRRC70	protein_coding	14	8	6	0.3671	0.0910	0.0984
ENSG00000186106.11	ANKRD46	protein_coding	2342	1153	1189	22.8204	5.6592	6.1189
ENSG00000186111.10	PIP5K1C	protein_coding	4450	2245	2207	36.3003	9.0021	9.7333
ENSG00000186113.1	OR5D14	protein_coding	0	0	0	0.0000	0.0000	0.0000
ENSG00000186115.13	CYP4F2	protein_coding	1	0	1	0.0183	0.0045	0.0049
ENSG00000186118.9	TEX38	protein_coding	2	2	0	0.0775	0.0192	0.0208
ENSG00000186119.8	OR5D18	protein_coding	0	0	0	0.0000	0.0000	0.0000
ENSG00000186124.4	OR9M1P	transcribed_unprocessed_pseudogene	0	0	0	0.0000	0.0000	0.0000
ENSG00000186130.5	ZBTB6	protein_coding	1664	835	829	23.0216	5.7091	6.1728
ENSG00000186132.15	C2orf76	protein_coding	575	282	293	20.9834	5.2037	5.6264
ENSG00000186136.1	TAS2R42	protein_coding	0	1	0	0.0000	0.0000	0.0000
ENSG00000186141.9	POLR3C	protein_coding	2565	1318	1260	31.0152	7.6914	8.3162
ENSG00000186143.11	PRR30	protein_coding	1	0	1	0.0282	0.0070	0.0076
ENSG00000186146.1	DEFB131A	protein_coding	0	0	0	0.0000	0.0000	0.0000
ENSG00000186148.13	AC013268.1	transcribed_unprocessed_pseudogene	0	0	0	0.0000	0.0000	0.0000
ENSG00000186150.5	UBL4B	protein_coding	19	8	11	0.7159	0.1775	0.1920
ENSG00000186152.6	LILRP1	unprocessed_pseudogene	1	0	1	0.0414	0.0103	0.0111
ENSG00000186153.17	WWOX	protein_coding	548	260	289	6.3826	1.5828	1.7114
ENSG00000186160.5	CYP4Z1	protein_coding	36466	17923	18603	918.2886	227.7263	246.2238
ENSG00000186162.10	CIDECP1	transcribed_unprocessed_pseudogene	590	298	294	11.0901	2.7502	2.9736
ENSG00000186163.9	TRY2P	transcribed_unitary_pseudogene	0	0	0	0.0000	0.0000	0.0000
ENSG00000186166.9	CENATAC	protein_coding	459	539	520	5.0929	1.2630	1.3656
ENSG00000186174.12	BCL9L	protein_coding	4285	3443	3530	23.2094	5.7557	6.2232
ENSG00000186184.19	POLR1D	protein_coding	3610	1853	1763	18.2625	4.5289	4.8968
ENSG00000186185.14	KIF18B	protein_coding	501	261	240	6.0233	1.4937	1.6150
ENSG00000186187.12	ZNRF1	protein_coding	990	685	667	6.3582	1.5768	1.7048
ENSG00000186188.11	FFAR4	protein_coding	228	122	106	3.1847	0.7898	0.8539
ENSG00000186190.7	BPIFB3	protein_coding	0	0	0	0.0000	0.0000	0.0000
ENSG00000186191.8	BPIFB4	protein_coding	6	4	2	0.1209	0.0300	0.0324
ENSG00000186193.9	SAPCD2	protein_coding	260	252	266	3.8659	0.9587	1.0366
ENSG00000186197.15	EDARADD	protein_coding	176	94	82	2.4977	0.6194	0.6697
ENSG00000186198.4	SLC51B	protein_coding	25	16	21	1.5344	0.3805	0.4114
ENSG00000186204.15	CYP4F12	protein_coding	19	10	9	0.2117	0.0525	0.0568
ENSG00000186205.13	MTARC1	protein_coding	150	82	68	0.9342	0.2317	0.2505
ENSG00000186207.5	LCE5A	protein_coding	0	0	0	0.0000	0.0000	0.0000
ENSG00000186212.4	SOWAHB	protein_coding	640	324	316	9.0895	2.2541	2.4372
ENSG00000186222.5	BLOC1S4	protein_coding	876	410	466	33.3185	8.2627	8.9338
ENSG00000186226.9	LCE1E	protein_coding	0	0	0	0.0000	0.0000	0.0000
ENSG00000186230.7	ZNF749	protein_coding	300	152	148	3.6690	0.9099	0.9838
ENSG00000186231.17	KLHL32	protein_coding	74	40	34	1.0176	0.2524	0.2728
ENSG00000186234.7	FAM86MP	unprocessed_pseudogene	3	2	1	0.1922	0.0477	0.0515
ENSG00000186235.11	LINC02610	lncRNA	6	2	5	0.0882	0.0219	0.0236
ENSG00000186244.7	AC091180.1	processed_pseudogene	0	0	0	0.0000	0.0000	0.0000
ENSG00000186260.17	MRTFB	protein_coding	6626	3357	3269	22.6635	5.6203	6.0768
ENSG00000186265.10	BTLA	protein_coding	18	5	13	0.2828	0.0701	0.0758
ENSG00000186268.4	OR10D4P	unprocessed_pseudogene	1	0	1	0.0603	0.0149	0.0162
ENSG00000186272.13	ZNF17	protein_coding	382	198	184	5.7630	1.4292	1.5453
ENSG00000186280.7	KDM4D	protein_coding	124	52	72	2.3829	0.5909	0.6389
ENSG00000186281.12	GPAT2	protein_coding	633	540	569	6.3155	1.5662	1.6934
ENSG00000186283.14	TOR3A	protein_coding	3032	1550	1482	53.3327	13.2260	14.3003
ENSG00000186288.5	PABPC1L2A	protein_coding	0	0	0	0.0000	0.0000	0.0000
ENSG00000186297.12	GABRA5	protein_coding	1	0	1	0.0157	0.0039	0.0042
ENSG00000186298.12	PPP1CC	protein_coding	10921	5457	5464	89.6799	22.2397	24.0462
ENSG00000186300.12	ZNF555	protein_coding	914	514	464	6.0680	1.5048	1.6270
ENSG00000186301.8	MST1P2	unprocessed_pseudogene	64	40	24	1.5842	0.3929	0.4248
ENSG00000186306.1	OR10T2	protein_coding	0	0	0	0.0000	0.0000	0.0000
ENSG00000186310.10	NAP1L3	protein_coding	591	299	292	12.6522	3.1376	3.3925
ENSG00000186312.10	CA5BP1	transcribed_unprocessed_pseudogene	151	199	156	3.5547	0.8815	0.9531
ENSG00000186314.11	PRELID2	protein_coding	271	139	132	2.8592	0.7091	0.7667
ENSG00000186318.16	BACE1	protein_coding	2029	2575	2685	16.0034	3.9687	4.2910
ENSG00000186326.4	RGS9BP	protein_coding	2	1	1	0.0462	0.0115	0.0124
ENSG00000186328.4	AL451165.1	processed_pseudogene	0	0	0	0.0000	0.0000	0.0000
ENSG00000186329.9	TMEM212	protein_coding	0	0	0	0.0000	0.0000	0.0000
ENSG00000186334.10	SLC36A3	protein_coding	1	0	2	0.0114	0.0028	0.0031
ENSG00000186335.9	SLC36A2	protein_coding	1	0	1	0.0133	0.0033	0.0036
ENSG00000186340.16	THBS2	protein_coding	55021	62275	62071	433.5472	107.5153	116.2485
ENSG00000186350.12	RXRA	protein_coding	6180	3095	3085	29.0194	7.1965	7.7811
ENSG00000186352.9	ANKRD37	protein_coding	146	475	489	3.6749	0.9113	0.9854
ENSG00000186364.12	NUDT17	protein_coding	105	446	459	3.5936	0.8912	0.9636
ENSG00000186367.7	MINAR2	protein_coding	3	2	1	0.0727	0.0180	0.0195
ENSG00000186369.10	LINC00643	transcribed_unitary_pseudogene	0	0	0	0.0000	0.0000	0.0000
ENSG00000186376.15	ZNF75D	protein_coding	1239	640	599	10.2755	2.5482	2.7552
ENSG00000186377.8	CYP4X1	protein_coding	7641	3704	3938	177.0825	43.9147	47.4817
ENSG00000186393.5	KRT26	protein_coding	0	0	0	0.0000	0.0000	0.0000
ENSG00000186395.8	KRT10	protein_coding	1762	981	890	46.1965	11.4563	12.3868
ENSG00000186399.10	GOLGA8R	protein_coding	16	7	9	0.2047	0.0508	0.0549
ENSG00000186407.7	CD300E	protein_coding	307	149	158	4.6377	1.1501	1.2435
ENSG00000186409.18	CCDC30	protein_coding	629	321	308	1.4152	0.3509	0.3795
ENSG00000186416.17	NKRF	protein_coding	775	548	597	9.6551	2.3944	2.5889
ENSG00000186417.14	GLDN	protein_coding	35	20	15	0.2792	0.0692	0.0749
ENSG00000186431.19	FCAR	protein_coding	7	2	5	0.1193	0.0296	0.0320
ENSG00000186432.10	KPNA4	protein_coding	9184	4610	4574	38.1752	9.4671	10.2360
ENSG00000186439.14	TRDN	protein_coding	4	2	2	0.0232	0.0058	0.0062
ENSG00000186440.2	OR6P1	protein_coding	0	0	0	0.0000	0.0000	0.0000
ENSG00000186442.7	KRT3	protein_coding	8	6	3	0.1956	0.0485	0.0525
ENSG00000186446.12	ZNF501	protein_coding	697	369	328	10.1092	2.5070	2.7106
ENSG00000186448.15	ZNF197	protein_coding	2613	1296	1318	18.5345	4.5964	4.9697
ENSG00000186451.2	SPATA12	protein_coding	11	7	4	0.2848	0.0706	0.0764
ENSG00000186452.11	TMPRSS12	protein_coding	2	2	0	0.0340	0.0084	0.0091
ENSG00000186453.13	FAM228A	protein_coding	7	3	4	0.1740	0.0432	0.0467
ENSG00000186458.5	DEFB132	protein_coding	0	0	0	0.0000	0.0000	0.0000
ENSG00000186462.9	NAP1L2	protein_coding	43	20	23	0.9552	0.2369	0.2561
ENSG00000186466.5	AQP7P1	unprocessed_pseudogene	2	1	1	0.1085	0.0269	0.0291
ENSG00000186468.13	RPS23	protein_coding	21331	36108	36656	297.8775	73.8706	79.8709
ENSG00000186469.8	GNG2	protein_coding	1509	911	909	13.4152	3.3268	3.5971
ENSG00000186470.14	BTN3A2	protein_coding	1860	924	936	14.9788	3.7146	4.0163
ENSG00000186471.13	AKAP14	protein_coding	0	2	5	0.0000	0.0000	0.0000
ENSG00000186472.20	PCLO	protein_coding	1588	765	823	3.9370	0.9763	1.0556
ENSG00000186474.15	KLK12	protein_coding	0	0	0	0.0000	0.0000	0.0000
ENSG00000186479.5	RGS7BP	protein_coding	1	1	0	0.0123	0.0030	0.0033
ENSG00000186480.13	INSIG1	protein_coding	4731	2353	2378	73.5054	18.2286	19.7093
ENSG00000186481.16	ANKRD20A5P	transcribed_unprocessed_pseudogene	42	19	23	0.3779	0.0937	0.1013
ENSG00000186487.20	MYT1L	protein_coding	1	1	1	0.0016	0.0004	0.0004
ENSG00000186493.13	C5orf38	protein_coding	1212	615	598	35.7052	8.8545	9.5738
ENSG00000186496.12	ZNF396	protein_coding	467	240	227	4.3558	1.0802	1.1679
ENSG00000186501.14	TMEM222	protein_coding	2782	1366	1417	35.2474	8.7410	9.4510
ENSG00000186508.4	OR9I2P	unprocessed_pseudogene	0	0	0	0.0000	0.0000	0.0000
ENSG00000186509.4	OR9Q1	protein_coding	0	0	0	0.0000	0.0000	0.0000
ENSG00000186510.12	CLCNKA	protein_coding	64	30	37	1.0441	0.2589	0.2800
ENSG00000186513.3	OR9Q2	protein_coding	0	0	0	0.0000	0.0000	0.0000
ENSG00000186517.14	ARHGAP30	protein_coding	1639	830	810	18.3546	4.5518	4.9215
ENSG00000186522.15	SEPTIN10	protein_coding	5346	2639	2708	71.3177	17.6861	19.1227
ENSG00000186523.14	FAM86B1	protein_coding	20	12	10	0.2680	0.0665	0.0719
ENSG00000186526.13	CYP4F8	protein_coding	82	38	46	0.6597	0.1636	0.1769
ENSG00000186529.16	CYP4F3	protein_coding	128	61	67	1.3157	0.3263	0.3528
ENSG00000186532.12	SMYD4	protein_coding	581	289	317	4.8468	1.2020	1.2996
ENSG00000186543.7	CROCCP5	unprocessed_pseudogene	2	2	0	0.1367	0.0339	0.0366
ENSG00000186562.7	DEFB105A	protein_coding	0	0	0	0.0000	0.0000	0.0000
ENSG00000186564.6	FOXD2	protein_coding	99	54	45	2.1202	0.5258	0.5685
ENSG00000186566.13	GPATCH8	protein_coding	6028	3047	2981	35.1081	8.7065	9.4137
ENSG00000186567.13	CEACAM19	protein_coding	82	43	39	0.8938	0.2216	0.2396
ENSG00000186572.2	DEFB107A	protein_coding	0	0	0	0.0000	0.0000	0.0000
ENSG00000186575.19	NF2	protein_coding	2550	1334	1217	19.5631	4.8515	5.2455
ENSG00000186577.14	SMIM29	protein_coding	1711	886	828	51.9993	12.8953	13.9428
ENSG00000186579.3	DEFB106A	protein_coding	0	0	0	0.0000	0.0000	0.0000
ENSG00000186583.12	SPATC1	protein_coding	19	16	20	0.4965	0.1231	0.1331
ENSG00000186591.13	UBE2H	protein_coding	13693	6856	6837	119.2093	29.5627	31.9640
ENSG00000186594.14	MIR22HG	lncRNA	1446	718	728	27.4624	6.8104	7.3636
ENSG00000186599.8	DEFB105B	protein_coding	0	0	0	0.0000	0.0000	0.0000
ENSG00000186603.6	HPDL	protein_coding	54	19	35	1.7156	0.4255	0.4600
ENSG00000186615.11	KTN1-AS1	lncRNA	649	360	350	4.5365	1.1250	1.2164
ENSG00000186625.14	KATNA1	protein_coding	1018	625	624	25.6012	6.3488	6.8645
ENSG00000186628.12	FSD2	protein_coding	8	99	99	0.0694	0.0172	0.0186
ENSG00000186635.14	ARAP1	protein_coding	5406	3892	3791	33.8531	8.3952	9.0772
ENSG00000186638.16	KIF24	protein_coding	531	338	364	4.9116	1.2180	1.3170
ENSG00000186642.16	PDE2A	protein_coding	203	116	109	1.6029	0.3975	0.4298
ENSG00000186645.10	SPDYE17	protein_coding	0	3	0	0.0000	0.0000	0.0000
ENSG00000186648.15	CARMIL3	protein_coding	50	27	23	0.4259	0.1056	0.1142
ENSG00000186652.10	PRG2	protein_coding	1	1	0	0.0307	0.0076	0.0082
ENSG00000186654.21	PRR5	protein_coding	515	254	261	5.5725	1.3819	1.4942
ENSG00000186660.15	ZFP91	protein_coding	5621	2810	2812	55.1882	13.6861	14.7978
ENSG00000186665.10	C17orf58	protein_coding	1841	924	917	42.8584	10.6285	11.4918
ENSG00000186666.6	BCDIN3D	protein_coding	356	473	402	5.4653	1.3553	1.4654
ENSG00000186675.7	MAGEE2	protein_coding	1	0	1	0.0250	0.0062	0.0067
ENSG00000186676.3	EEF1GP1	processed_pseudogene	58	28	30	2.5321	0.6279	0.6789
ENSG00000186678.7	AL590240.1	unprocessed_pseudogene	0	0	0	0.0000	0.0000	0.0000
ENSG00000186684.14	CYP27C1	protein_coding	15	9	6	0.1634	0.0405	0.0438
ENSG00000186687.16	LYRM7	protein_coding	1558	745	813	14.2071	3.5232	3.8094
ENSG00000186704.9	DTX2P1	transcribed_unprocessed_pseudogene	1	1	0	0.0347	0.0086	0.0093
ENSG00000186710.11	CFAP73	protein_coding	4	377	386	0.1314	0.0326	0.0352
ENSG00000186714.12	CCDC73	protein_coding	17	1218	1150	0.1224	0.0304	0.0328
ENSG00000186715.11	MST1L	transcribed_unprocessed_pseudogene	23	13	10	0.2462	0.0611	0.0660
ENSG00000186716.21	BCR	protein_coding	4123	2101	2023	19.1119	4.7396	5.1245
ENSG00000186723.4	OR10H1	protein_coding	3	2	1	0.0382	0.0095	0.0102
ENSG00000186732.14	MPPED1	protein_coding	7	2	5	0.0682	0.0169	0.0183
ENSG00000186743.2	TPI1P3	processed_pseudogene	1	0	1	0.0766	0.0190	0.0205
ENSG00000186765.12	FSCN2	protein_coding	162	85	77	4.5079	1.1179	1.2087
ENSG00000186766.8	FOXI2	protein_coding	10	4	6	0.1737	0.0431	0.0466
ENSG00000186767.7	SPIN4	protein_coding	496	253	286	6.8522	1.6993	1.8373
ENSG00000186777.12	ZNF732	protein_coding	23	11	12	0.5560	0.1379	0.1491
ENSG00000186787.9	SPIN2B	protein_coding	102	50	52	3.9163	0.9712	1.0501
ENSG00000186788.13	SPATA31D3	protein_coding	0	0	0	0.0000	0.0000	0.0000
ENSG00000186790.6	FOXE3	protein_coding	0	0	0	0.0000	0.0000	0.0000
ENSG00000186792.17	HYAL3	protein_coding	201	99	102	5.7950	1.4371	1.5538
ENSG00000186795.1	KCNK18	protein_coding	0	0	0	0.0000	0.0000	0.0000
ENSG00000186803.3	IFNA10	protein_coding	0	0	0	0.0000	0.0000	0.0000
ENSG00000186806.5	VSIG10L	protein_coding	158	80	78	2.3761	0.5892	0.6371
ENSG00000186810.8	CXCR3	protein_coding	86	47	39	2.6193	0.6495	0.7023
ENSG00000186812.13	ZNF397	protein_coding	1615	846	853	10.5091	2.6061	2.8178
ENSG00000186814.14	ZSCAN30	protein_coding	981	521	545	6.7262	1.6680	1.8035
ENSG00000186815.13	TPCN1	protein_coding	4850	2476	2396	31.5128	7.8148	8.4496
ENSG00000186818.12	LILRB4	protein_coding	1217	608	610	10.9065	2.7047	2.9244
ENSG00000186825.6	CDRT15P3	transcribed_unprocessed_pseudogene	4	2	3	0.1399	0.0347	0.0375
ENSG00000186827.11	TNFRSF4	protein_coding	116	55	62	3.8202	0.9474	1.0243
ENSG00000186831.11	KRT17P2	transcribed_unprocessed_pseudogene	1	0	1	0.0264	0.0066	0.0071
ENSG00000186832.9	KRT16	protein_coding	132	69	63	3.0221	0.7494	0.8103
ENSG00000186834.4	HEXIM1	protein_coding	5995	3654	3594	93.7866	23.2581	25.1473
ENSG00000186838.13	SELENOV	protein_coding	0	0	0	0.0000	0.0000	0.0000
ENSG00000186844.6	LCE1A	protein_coding	0	0	0	0.0000	0.0000	0.0000
ENSG00000186847.6	KRT14	protein_coding	877	430	447	22.0553	5.4695	5.9138
ENSG00000186854.11	TRABD2A	protein_coding	92	312	314	0.5948	0.1475	0.1595
ENSG00000186860.5	KRTAP17-1	protein_coding	0	0	0	0.0000	0.0000	0.0000
ENSG00000186862.20	PDZD7	protein_coding	71	165	155	0.6099	0.1512	0.1635
ENSG00000186866.17	POFUT2	protein_coding	1836	1112	1162	17.7618	4.4047	4.7625
ENSG00000186867.11	QRFPR	protein_coding	2	1	1	0.0401	0.0099	0.0107
ENSG00000186868.16	MAPT	protein_coding	1487	782	757	5.7167	1.4177	1.5329
ENSG00000186871.7	ERCC6L	protein_coding	224	113	111	2.9243	0.7252	0.7841
ENSG00000186881.3	OR13F1	protein_coding	0	0	0	0.0000	0.0000	0.0000
ENSG00000186886.8	OR5D3P	protein_coding	0	0	0	0.0000	0.0000	0.0000
ENSG00000186889.10	TMEM17	protein_coding	188	86	102	3.5717	0.8857	0.9577
ENSG00000186891.14	TNFRSF18	protein_coding	234	118	116	10.4407	2.5892	2.7995
ENSG00000186895.4	FGF3	protein_coding	0	0	0	0.0000	0.0000	0.0000
ENSG00000186897.5	C1QL4	protein_coding	7	3	4	0.1915	0.0475	0.0513
ENSG00000186907.8	RTN4RL2	protein_coding	150	157	141	3.5326	0.8760	0.9472
ENSG00000186908.14	ZDHHC17	protein_coding	2992	1535	1458	19.2814	4.7816	5.1700
ENSG00000186910.4	SERPINA11	protein_coding	261	125	137	9.9605	2.4701	2.6707
ENSG00000186912.6	P2RY4	protein_coding	11	5	6	0.3911	0.0970	0.1049
ENSG00000186918.14	ZNF395	protein_coding	2038	1045	993	19.8993	4.9348	5.3357
ENSG00000186919.13	ZACN	protein_coding	7	2565	2483	0.0922	0.0229	0.0247
ENSG00000186924.3	KRTAP22-1	protein_coding	0	0	0	0.0000	0.0000	0.0000
ENSG00000186925.6	KRTAP19-6	protein_coding	0	0	0	0.0000	0.0000	0.0000
ENSG00000186930.4	KRTAP6-2	protein_coding	0	0	0	0.0000	0.0000	0.0000
ENSG00000186940.6	CHCHD2P9	processed_pseudogene	97	35	62	12.0633	2.9916	3.2346
ENSG00000186943.1	OR13C8	protein_coding	0	0	0	0.0000	0.0000	0.0000
ENSG00000186951.16	PPARA	protein_coding	802	409	393	3.4406	0.8532	0.9225
ENSG00000186952.15	TMEM232	protein_coding	79	41	40	0.4405	0.1092	0.1181
ENSG00000186960.12	LINC01551	lncRNA	0	0	0	0.0000	0.0000	0.0000
ENSG00000186965.5	KRTAP19-2	protein_coding	0	0	0	0.0000	0.0000	0.0000
ENSG00000186967.7	KRTAP19-4	protein_coding	0	0	0	0.0000	0.0000	0.0000
ENSG00000186970.4	KRTAP15-1	protein_coding	0	0	0	0.0000	0.0000	0.0000
ENSG00000186971.3	KRTAP13-4	protein_coding	0	0	0	0.0000	0.0000	0.0000
ENSG00000186973.11	FAM183A	protein_coding	86	46	40	5.7854	1.4347	1.5512
ENSG00000186976.15	EFCAB6	protein_coding	418	204	226	2.7702	0.6870	0.7428
ENSG00000186977.3	KRTAP19-5	protein_coding	0	0	0	0.0000	0.0000	0.0000
ENSG00000186980.7	KRTAP23-1	protein_coding	0	0	0	0.0000	0.0000	0.0000
ENSG00000186994.11	KANK3	protein_coding	127	287	259	2.0039	0.4970	0.5373
ENSG00000186998.16	EMID1	protein_coding	599	288	313	6.9982	1.7355	1.8765
ENSG00000187003.7	ACTL7A	protein_coding	1	1	0	0.0380	0.0094	0.0102
ENSG00000187005.5	KRTAP21-1	protein_coding	0	0	0	0.0000	0.0000	0.0000
ENSG00000187010.21	RHD	protein_coding	16	11	15	0.2739	0.0679	0.0734
ENSG00000187012.11	LINC00207	lncRNA	0	0	0	0.0000	0.0000	0.0000
ENSG00000187013.4	LINC02875	lncRNA	19	12	8	0.7042	0.1746	0.1888
ENSG00000187017.17	ESPN	protein_coding	359	210	201	2.9285	0.7262	0.7852
ENSG00000187021.15	PNLIPRP1	protein_coding	1	0	1	0.0114	0.0028	0.0030
ENSG00000187024.15	PTRH1	protein_coding	4	255	273	0.0557	0.0138	0.0149
ENSG00000187026.3	KRTAP21-2	protein_coding	0	0	0	0.0000	0.0000	0.0000
ENSG00000187033.9	SAMD7	protein_coding	1	1	0	0.0226	0.0056	0.0061
ENSG00000187037.8	GPR141	protein_coding	103	42	61	2.5264	0.6265	0.6774
ENSG00000187045.19	TMPRSS6	protein_coding	1585	761	825	21.2394	5.2672	5.6950
ENSG00000187048.13	CYP4A11	protein_coding	22	10	12	0.3207	0.0795	0.0860
ENSG00000187049.10	TMEM216	protein_coding	903	467	436	30.2833	7.5100	8.1200
ENSG00000187051.9	RPS19BP1	protein_coding	1848	927	921	28.5636	7.0835	7.6589
ENSG00000187054.16	TMPRSS11A	protein_coding	1	0	1	0.0143	0.0036	0.0038
ENSG00000187066.8	TMEM262	protein_coding	3	491	507	0.0406	0.0101	0.0109
ENSG00000187068.3	C3orf70	protein_coding	154	79	75	1.2199	0.3025	0.3271
ENSG00000187079.20	TEAD1	protein_coding	10830	5403	5427	57.3990	14.2344	15.3906
ENSG00000187080.10	OR2AK2	protein_coding	0	0	0	0.0000	0.0000	0.0000
ENSG00000187082.2	DEFB106B	protein_coding	0	0	0	0.0000	0.0000	0.0000
ENSG00000187091.14	PLCD1	protein_coding	659	324	337	8.9108	2.2098	2.3893
ENSG00000187094.12	CCK	protein_coding	0	0	0	0.0000	0.0000	0.0000
ENSG00000187097.13	ENTPD5	protein_coding	1888	1489	1577	10.8787	2.6978	2.9169
ENSG00000187098.17	MITF	protein_coding	1815	888	927	14.3936	3.5695	3.8594
ENSG00000187103.3	FUNDC2P3	processed_pseudogene	1	0	1	0.1064	0.0264	0.0285
ENSG00000187105.9	HEATR4	protein_coding	55	131	143	0.7410	0.1838	0.1987
ENSG00000187109.15	NAP1L1	protein_coding	32443	16165	16292	107.8517	26.7461	28.9186
ENSG00000187116.14	LILRA5	protein_coding	166	68	99	5.2680	1.3064	1.4125
ENSG00000187118.14	CMC1	protein_coding	1053	2114	2016	5.6694	1.4059	1.5202
ENSG00000187122.17	SLIT1	protein_coding	4293	2151	2142	26.6305	6.6041	7.1405
ENSG00000187123.15	LYPD6	protein_coding	700	354	346	7.9825	1.9796	2.1404
ENSG00000187134.14	AKR1C1	protein_coding	212	96	120	1.3717	0.3402	0.3678
ENSG00000187135.7	VSTM2B	protein_coding	0	0	0	0.0000	0.0000	0.0000
ENSG00000187140.6	FOXD3	protein_coding	24	18	21	0.5312	0.1317	0.1424
ENSG00000187144.11	SPATA21	protein_coding	1	1925	1900	0.0126	0.0031	0.0034
ENSG00000187147.18	RNF220	protein_coding	1885	1508	1521	11.0352	2.7366	2.9589
ENSG00000187151.7	ANGPTL5	protein_coding	1	0	1	0.0239	0.0059	0.0064
ENSG00000187164.20	SHTN1	protein_coding	8671	4408	4315	59.5895	14.7776	15.9779
ENSG00000187166.1	H1-7	protein_coding	0	0	0	0.0000	0.0000	0.0000
ENSG00000187170.5	LCE4A	protein_coding	0	0	0	0.0000	0.0000	0.0000
ENSG00000187172.15	BAGE2	transcribed_unprocessed_pseudogene	52	21	31	0.7228	0.1792	0.1938
ENSG00000187173.4	LCE2A	protein_coding	0	0	0	0.0000	0.0000	0.0000
ENSG00000187175.5	KRTAP12-1	protein_coding	0	0	0	0.0000	0.0000	0.0000
ENSG00000187180.3	LCE2C	protein_coding	0	0	0	0.0000	0.0000	0.0000
ENSG00000187185.4	AC092118.1	lncRNA	0	0	0	0.0000	0.0000	0.0000
ENSG00000187186.15	AL162231.1	protein_coding	9	18	23	0.2791	0.0692	0.0748
ENSG00000187187.14	ZNF546	protein_coding	420	212	209	2.6383	0.6543	0.7074
ENSG00000187189.11	TSPYL4	protein_coding	2942	1471	1473	40.5741	10.0620	10.8793
ENSG00000187191.14	DAZ3	protein_coding	0	0	0	0.0000	0.0000	0.0000
ENSG00000187193.9	MT1X	protein_coding	200	121	79	6.5675	1.6287	1.7610
ENSG00000187210.14	GCNT1	protein_coding	1826	982	906	11.1936	2.7759	3.0014
ENSG00000187223.4	LCE2D	protein_coding	0	0	0	0.0000	0.0000	0.0000
ENSG00000187229.3	AC100800.1	lncRNA	1	0	1	0.0276	0.0068	0.0074
ENSG00000187231.14	SESTD1	protein_coding	14673	7282	7391	72.9597	18.0933	19.5629
ENSG00000187238.5	LCE3B	protein_coding	0	0	0	0.0000	0.0000	0.0000
ENSG00000187239.17	FNBP1	protein_coding	3492	1686	1806	30.0047	7.4409	8.0453
ENSG00000187240.16	DYNC2H1	protein_coding	1447	732	715	5.4662	1.3556	1.4657
ENSG00000187242.6	KRT12	protein_coding	8	6	3	0.1802	0.0447	0.0483
ENSG00000187243.16	MAGED4B	protein_coding	2	1	2	0.0229	0.0057	0.0061
ENSG00000187244.12	BCAM	protein_coding	7042	3426	3616	79.9183	19.8189	21.4288
ENSG00000187257.16	RSBN1L	protein_coding	2760	1438	1323	21.7691	5.3985	5.8370
ENSG00000187258.14	NPSR1	protein_coding	0	0	0	0.0000	0.0000	0.0000
ENSG00000187260.16	WDR86	protein_coding	203	610	619	2.8467	0.7060	0.7633
ENSG00000187266.14	EPOR	protein_coding	233	109	125	4.2943	1.0649	1.1514
ENSG00000187268.12	FAM9C	protein_coding	1	1	0	0.0097	0.0024	0.0026
ENSG00000187272.7	KRTAP9-8	protein_coding	0	0	0	0.0000	0.0000	0.0000
ENSG00000187288.12	CIDEC	protein_coding	0	0	0	0.0000	0.0000	0.0000
ENSG00000187323.12	DCC	protein_coding	4	2	4	0.0173	0.0043	0.0046
ENSG00000187325.5	TAF9B	protein_coding	4452	2212	2241	92.3118	22.8924	24.7519
ENSG00000187372.11	PCDHB13	protein_coding	212	101	111	2.3755	0.5891	0.6370
ENSG00000187391.22	MAGI2	protein_coding	1553	805	762	2.5877	0.6417	0.6939
ENSG00000187398.12	LUZP2	protein_coding	25	12	13	0.1601	0.0397	0.0429
ENSG00000187416.12	LHFPL3	protein_coding	0	0	0	0.0000	0.0000	0.0000
ENSG00000187446.12	CHP1	protein_coding	7638	3938	3700	109.7418	27.2149	29.4254
ENSG00000187472.4	AL589826.1	processed_pseudogene	1	1	0	0.2278	0.0565	0.0611
ENSG00000187474.5	FPR3	protein_coding	4023	2083	1942	82.0958	20.3589	22.0126
ENSG00000187475.6	H1-6	protein_coding	0	0	0	0.0000	0.0000	0.0000
ENSG00000187479.8	C11orf96	protein_coding	436	390	334	12.9250	3.2053	3.4656
ENSG00000187481.2	HSD3BP1	unprocessed_pseudogene	0	0	0	0.0000	0.0000	0.0000
ENSG00000187483.10	SERPINA13P	transcribed_unprocessed_pseudogene	0	0	0	0.0000	0.0000	0.0000
ENSG00000187486.5	KCNJ11	protein_coding	709	380	329	12.5491	3.1121	3.3648
ENSG00000187492.9	CDHR4	protein_coding	2	2	0	0.0354	0.0088	0.0095
ENSG00000187498.16	COL4A1	protein_coding	52502	26322	26182	203.0683	50.3589	54.4494
ENSG00000187504.6	RPL7P48	processed_pseudogene	2	1	1	0.1520	0.0377	0.0408
ENSG00000187510.10	PLEKHG7	protein_coding	4	6	4	0.0350	0.0087	0.0094
ENSG00000187513.9	GJA4	protein_coding	636	311	325	21.0184	5.2123	5.6357
ENSG00000187514.17	PTMA	protein_coding	36404	17185	19223	610.6092	151.4249	163.7247
ENSG00000187516.7	H2AP	protein_coding	0	0	0	0.0000	0.0000	0.0000
ENSG00000187522.16	HSPA14	protein_coding	995	499	498	22.5525	5.5928	6.0471
ENSG00000187527.11	ATP13A5	protein_coding	6	2	4	0.0548	0.0136	0.0147
ENSG00000187531.14	SIRT7	protein_coding	1126	573	553	10.4101	2.5816	2.7913
ENSG00000187533.14	PRR27	protein_coding	0	0	0	0.0000	0.0000	0.0000
ENSG00000187534.6	PRR13P5	processed_pseudogene	122	45	77	15.6530	3.8818	4.1971
ENSG00000187535.14	IFT140	protein_coding	4420	2255	2230	30.8313	7.6458	8.2669
ENSG00000187536.4	TPM3P7	processed_pseudogene	1	1	0	0.0775	0.0192	0.0208
ENSG00000187537.13	POTEG	protein_coding	1	2	1	0.0226	0.0056	0.0061
ENSG00000187545.5	PRAMEF10	protein_coding	0	0	0	0.0000	0.0000	0.0000
ENSG00000187546.14	AGMO	protein_coding	3	1	2	0.0474	0.0118	0.0127
ENSG00000187550.9	SBK2	protein_coding	24	14	10	0.6028	0.1495	0.1616
ENSG00000187553.10	CYP26C1	protein_coding	5	1	4	0.0648	0.0161	0.0174
ENSG00000187554.14	TLR5	protein_coding	1746	853	893	12.8043	3.1753	3.4333
ENSG00000187555.16	USP7	protein_coding	11360	5811	5550	74.7101	18.5274	20.0323
ENSG00000187556.7	NANOS3	protein_coding	25	11	14	1.4350	0.3559	0.3848
ENSG00000187559.6	FOXD4L3	protein_coding	0	0	0	0.0000	0.0000	0.0000
ENSG00000187566.6	NHLRC1	protein_coding	221	109	112	5.6000	1.3888	1.5016
ENSG00000187569.3	DPPA3	protein_coding	0	0	0	0.0000	0.0000	0.0000
ENSG00000187581.3	COX8C	protein_coding	0	0	0	0.0000	0.0000	0.0000
ENSG00000187583.11	PLEKHN1	protein_coding	113	81	84	1.8569	0.4605	0.4979
ENSG00000187589.8	TERF1P2	processed_pseudogene	0	0	0	0.0000	0.0000	0.0000
ENSG00000187595.16	ZNF385C	protein_coding	226	147	166	2.4657	0.6115	0.6611
ENSG00000187600.14	LINC02583	lncRNA	0	0	0	0.0000	0.0000	0.0000
ENSG00000187601.5	MAGEH1	protein_coding	1667	867	800	65.6497	16.2805	17.6029
ENSG00000187605.15	TET3	protein_coding	1921	977	944	8.8778	2.2016	2.3804
ENSG00000187607.16	ZNF286A	protein_coding	377	188	189	3.1655	0.7850	0.8488
ENSG00000187608.10	ISG15	protein_coding	19337	9849	9490	1264.8221	313.6631	339.1410
ENSG00000187609.16	EXD3	protein_coding	378	188	190	2.8299	0.7018	0.7588
ENSG00000187612.1	OR5W2	protein_coding	0	0	0	0.0000	0.0000	0.0000
ENSG00000187616.5	MYMK	protein_coding	10	2	8	0.5554	0.1377	0.1489
ENSG00000187621.15	TCL6	lncRNA	3	0	3	0.0161	0.0040	0.0043
ENSG00000187624.9	C17orf97	protein_coding	238	202	227	4.9768	1.2342	1.3344
ENSG00000187626.9	ZKSCAN4	protein_coding	657	335	322	6.9694	1.7283	1.8687
ENSG00000187627.17	RGPD1	protein_coding	2	3	3	0.0156	0.0039	0.0042
ENSG00000187630.17	DHRS4L2	protein_coding	586	347	294	13.2083	3.2755	3.5416
ENSG00000187634.12	SAMD11	protein_coding	72	352	390	0.9785	0.2426	0.2624
ENSG00000187642.9	PERM1	protein_coding	13	36	29	0.2153	0.0534	0.0577
ENSG00000187650.4	VMAC	protein_coding	412	212	201	10.4306	2.5867	2.7968
ENSG00000187653.11	TMSB4XP8	processed_pseudogene	68	32	36	28.5650	7.0838	7.6592
ENSG00000187657.6	TSPY13P	unprocessed_pseudogene	0	0	0	0.0000	0.0000	0.0000
ENSG00000187658.7	C5orf52	protein_coding	0	0	0	0.0000	0.0000	0.0000
ENSG00000187664.9	HAPLN4	protein_coding	0	0	0	0.0000	0.0000	0.0000
ENSG00000187672.14	ERC2	protein_coding	13	8	5	0.0918	0.0228	0.0246
ENSG00000187676.8	B3GLCT	protein_coding	2734	1397	1337	34.2490	8.4934	9.1833
ENSG00000187678.10	SPRY4	protein_coding	4093	2087	2006	35.4102	8.7814	9.4947
ENSG00000187682.2	ERAS	protein_coding	0	0	0	0.0000	0.0000	0.0000
ENSG00000187686.4	KRT18P59	transcribed_processed_pseudogene	8	5	3	0.1359	0.0337	0.0364
ENSG00000187688.15	TRPV2	protein_coding	567	290	306	9.5104	2.3585	2.5500
ENSG00000187689.10	AMTN	protein_coding	1	0	1	0.0562	0.0139	0.0151
ENSG00000187690.4	EZHIP	protein_coding	0	0	0	0.0000	0.0000	0.0000
ENSG00000187699.10	C2orf88	protein_coding	91	51	40	0.8605	0.2134	0.2307
ENSG00000187701.4	OR2T27	protein_coding	0	0	0	0.0000	0.0000	0.0000
ENSG00000187713.7	TMEM203	protein_coding	2223	1116	1107	80.4507	19.9510	21.5715
ENSG00000187714.7	SLC18A3	protein_coding	0	0	0	0.0000	0.0000	0.0000
ENSG00000187715.13	KBTBD12	protein_coding	1	1	0	0.0097	0.0024	0.0026
ENSG00000187720.14	THSD4	protein_coding	9860	4990	4873	35.3072	8.7558	9.4670
ENSG00000187721.8	GTF2IP3	unprocessed_pseudogene	1	0	1	0.1148	0.0285	0.0308
ENSG00000187726.9	DNAJB13	protein_coding	26	26	21	0.5329	0.1321	0.1429
ENSG00000187730.9	GABRD	protein_coding	211	105	107	2.1658	0.5371	0.5807
ENSG00000187733.6	AMY1C	protein_coding	0	0	0	0.0000	0.0000	0.0000
ENSG00000187735.14	TCEA1	protein_coding	8509	4259	4250	111.1343	27.5602	29.7988
ENSG00000187736.13	NHEJ1	protein_coding	258	161	167	1.6133	0.4001	0.4326
ENSG00000187741.15	FANCA	protein_coding	370	424	386	2.1552	0.5345	0.5779
ENSG00000187742.15	SECISBP2	protein_coding	4529	2270	2267	26.1547	6.4861	7.0130
ENSG00000187747.2	OR52B6	protein_coding	1	1	0	0.0563	0.0140	0.0151
ENSG00000187753.13	C9orf153	protein_coding	10	4	6	0.1937	0.0480	0.0519
ENSG00000187754.9	SSX7	protein_coding	0	0	0	0.0000	0.0000	0.0000
ENSG00000187758.8	ADH1A	protein_coding	1	5	2	0.0254	0.0063	0.0068
ENSG00000187762.5	HSPE1P11	processed_pseudogene	0	0	0	0.0000	0.0000	0.0000
ENSG00000187763.3	OR2B7P	unprocessed_pseudogene	1	0	1	0.0607	0.0151	0.0163
ENSG00000187764.11	SEMA4D	protein_coding	2318	1165	1161	9.2835	2.3022	2.4892
ENSG00000187766.1	KRTAP10-8	protein_coding	0	0	0	0.0000	0.0000	0.0000
ENSG00000187772.8	LIN28B	protein_coding	3	1	2	0.0286	0.0071	0.0077
ENSG00000187773.8	DIPK1C	protein_coding	6	3	3	0.0885	0.0220	0.0237
ENSG00000187775.17	DNAH17	protein_coding	139	165	195	0.4893	0.1213	0.1312
ENSG00000187778.14	MCRS1	protein_coding	3218	1658	1633	55.9622	13.8781	15.0053
ENSG00000187783.12	TMEM72	protein_coding	1	1	0	0.0186	0.0046	0.0050
ENSG00000187790.11	FANCM	protein_coding	531	261	270	3.5519	0.8808	0.9524
ENSG00000187791.13	FAM205C	protein_coding	1	0	2	0.0418	0.0104	0.0112
ENSG00000187792.5	ZNF70	protein_coding	754	387	367	6.1613	1.5279	1.6520
ENSG00000187796.15	CARD9	protein_coding	223	109	114	1.8878	0.4682	0.5062
ENSG00000187800.13	PEAR1	protein_coding	234	117	118	2.3997	0.5951	0.6434
ENSG00000187801.15	ZFP69B	protein_coding	116	60	56	2.5637	0.6358	0.6874
ENSG00000187806.9	TMEM202	protein_coding	0	0	0	0.0000	0.0000	0.0000
ENSG00000187808.5	SOWAHD	protein_coding	40	28	13	1.4046	0.3483	0.3766
ENSG00000187812.12	AC019294.1	transcribed_unprocessed_pseudogene	0	0	0	0.0000	0.0000	0.0000
ENSG00000187815.10	ZFP69	protein_coding	463	258	205	8.2750	2.0521	2.2188
ENSG00000187821.8	HELT	protein_coding	0	0	0	0.0000	0.0000	0.0000
ENSG00000187823.3	RTL4	protein_coding	0	0	0	0.0000	0.0000	0.0000
ENSG00000187824.9	TMEM220	protein_coding	161	96	79	2.8399	0.7043	0.7615
ENSG00000187833.7	C2orf78	protein_coding	0	0	0	0.0000	0.0000	0.0000
ENSG00000187837.4	H1-2	protein_coding	554	247	307	42.9786	10.6582	11.5240
ENSG00000187838.17	PLSCR3	protein_coding	2	2	2	0.0400	0.0099	0.0107
ENSG00000187840.5	EIF4EBP1	protein_coding	768	384	384	49.4923	12.2736	13.2705
ENSG00000187847.4	OR7E25P	transcribed_unprocessed_pseudogene	0	1	1	0.0000	0.0000	0.0000
ENSG00000187848.15	P2RX2	protein_coding	1	1	0	0.0287	0.0071	0.0077
ENSG00000187855.5	ASCL4	protein_coding	13	7	6	0.3262	0.0809	0.0875
ENSG00000187857.4	OR6C75	protein_coding	0	0	0	0.0000	0.0000	0.0000
ENSG00000187860.10	CCDC157	protein_coding	277	360	353	2.3852	0.5915	0.6395
ENSG00000187862.12	TTC24	protein_coding	3	0	3	0.0601	0.0149	0.0161
ENSG00000187866.10	FAM122A	protein_coding	1845	890	955	19.0167	4.7160	5.0990
ENSG00000187867.10	PALM3	protein_coding	96	53	43	1.9478	0.4830	0.5223
ENSG00000187870.7	RNFT1P3	unprocessed_pseudogene	7	3	4	0.3773	0.0936	0.1012
ENSG00000187871.2	GFRAL	protein_coding	0	0	0	0.0000	0.0000	0.0000
ENSG00000187889.13	FYB2	protein_coding	275	135	140	3.3553	0.8321	0.8997
ENSG00000187893.10	CXXC1P1	transcribed_unprocessed_pseudogene	5	2	3	0.0901	0.0223	0.0242
ENSG00000187900.4	OR5H7P	unprocessed_pseudogene	0	0	0	0.0000	0.0000	0.0000
ENSG00000187902.11	SHISA7	protein_coding	6	2	4	0.0559	0.0139	0.0150
ENSG00000187904.3	AC097382.1	lncRNA	3	0	3	0.2879	0.0714	0.0772
ENSG00000187905.10	LRRC74B	protein_coding	5	3	2	0.0512	0.0127	0.0137
ENSG00000187908.20	DMBT1	protein_coding	0	0	0	0.0000	0.0000	0.0000
ENSG00000187912.12	CLEC17A	protein_coding	1	1	0	0.0182	0.0045	0.0049
ENSG00000187918.5	OR51I2	protein_coding	0	0	0	0.0000	0.0000	0.0000
ENSG00000187922.14	LCN10	protein_coding	1	0	1	0.0133	0.0033	0.0036
ENSG00000187942.12	LDLRAD2	protein_coding	28	3848	3687	0.3533	0.0876	0.0947
ENSG00000187944.5	C2orf66	protein_coding	16	6	10	0.6807	0.1688	0.1825
ENSG00000187950.8	OVCH1	protein_coding	4	4	4	0.0573	0.0142	0.0154
ENSG00000187951.11	AC091057.1	lncRNA	131	65	66	1.3179	0.3268	0.3534
ENSG00000187952.9	HS6ST1P1	processed_pseudogene	8	2	6	0.3676	0.0912	0.0986
ENSG00000187953.10	PMS2CL	transcribed_unprocessed_pseudogene	345	185	162	5.0438	1.2508	1.3524
ENSG00000187954.13	CYHR1	protein_coding	3638	2634	2662	21.0801	5.2277	5.6523
ENSG00000187955.12	COL14A1	protein_coding	12756	6277	6479	70.9904	17.6049	19.0349
ENSG00000187957.8	DNER	protein_coding	5	3	2	0.0721	0.0179	0.0193
ENSG00000187959.9	CPSF4L	protein_coding	5	115	115	0.1856	0.0460	0.0498
ENSG00000187961.14	KLHL17	protein_coding	318	153	165	5.3009	1.3146	1.4214
ENSG00000187969.6	ZCCHC13	protein_coding	0	0	0	0.0000	0.0000	0.0000
ENSG00000187979.4	FAM230D	lncRNA	0	0	0	0.0000	0.0000	0.0000
ENSG00000187980.7	PLA2G2C	protein_coding	13	6	7	0.1912	0.0474	0.0513
ENSG00000187984.13	ANKRD19P	transcribed_unprocessed_pseudogene	48	20	28	1.0888	0.2700	0.2920
ENSG00000187987.9	ZSCAN23	protein_coding	32	19	13	0.5528	0.1371	0.1482
ENSG00000187988.5	KCTD9P3	processed_pseudogene	1	0	1	0.0485	0.0120	0.0130
ENSG00000187994.14	RINL	protein_coding	901	474	441	12.1627	3.0162	3.2612
ENSG00000187997.11	C17orf99	protein_coding	0	0	0	0.0000	0.0000	0.0000
ENSG00000187999.4	HNRNPA1P61	processed_pseudogene	0	0	0	0.0000	0.0000	0.0000
ENSG00000188000.5	OR7D2	protein_coding	0	0	0	0.0000	0.0000	0.0000
ENSG00000188001.10	TPRG1	protein_coding	1813	1017	1013	10.7795	2.6732	2.8904
ENSG00000188002.10	AC026412.1	transcribed_unprocessed_pseudogene	802	408	394	13.5200	3.3528	3.6252
ENSG00000188004.11	SNHG28	lncRNA	1	0	1	0.0100	0.0025	0.0027
ENSG00000188010.15	MORN2	protein_coding	921	489	432	38.2917	9.4960	10.2673
ENSG00000188011.5	RTP5	protein_coding	1	0	1	0.0218	0.0054	0.0058
ENSG00000188013.6	MEIS3P2	processed_pseudogene	325	158	167	17.1449	4.2518	4.5971
ENSG00000188015.10	S100A3	protein_coding	81	44	37	5.4620	1.3545	1.4645
ENSG00000188021.9	UBQLN2	protein_coding	5257	2569	2688	70.2792	17.4285	18.8442
ENSG00000188026.13	RILPL1	protein_coding	827	766	795	5.4087	1.3413	1.4503
ENSG00000188029.8	CTSL3P	transcribed_unprocessed_pseudogene	0	0	0	0.0000	0.0000	0.0000
ENSG00000188032.10	C19orf67	protein_coding	6	1	5	0.2217	0.0550	0.0594
ENSG00000188033.10	ZNF490	protein_coding	541	247	294	4.5171	1.1202	1.2112
ENSG00000188037.12	CLCN1	protein_coding	32	16	16	0.5464	0.1355	0.1465
ENSG00000188038.8	NRN1L	protein_coding	0	0	0	0.0000	0.0000	0.0000
ENSG00000188039.16	NWD1	protein_coding	56	26	30	0.3468	0.0860	0.0930
ENSG00000188042.8	ARL4C	protein_coding	6324	3207	3117	88.7488	22.0088	23.7965
ENSG00000188050.3	RNF133	protein_coding	3	2	1	0.1230	0.0305	0.0330
ENSG00000188051.7	TMEM221	protein_coding	140	85	55	3.2835	0.8143	0.8804
ENSG00000188056.12	TREML4	protein_coding	1	0	1	0.0210	0.0052	0.0056
ENSG00000188060.7	RAB42	protein_coding	735	372	363	18.9463	4.6985	5.0801
ENSG00000188064.10	WNT7B	protein_coding	2927	1467	1461	32.6752	8.1031	8.7613
ENSG00000188070.9	C11orf95	protein_coding	1294	646	649	12.3374	3.0595	3.3081
ENSG00000188076.3	SCGB1C1	protein_coding	2	1	1	0.2607	0.0647	0.0699
ENSG00000188078.5	AL022313.1	unprocessed_pseudogene	0	0	0	0.0000	0.0000	0.0000
ENSG00000188086.15	PRSS45P	protein_coding	2	2	0	0.0879	0.0218	0.0236
ENSG00000188089.13	PLA2G4E	protein_coding	2	1	1	0.0195	0.0048	0.0052
ENSG00000188092.15	GPR89B	protein_coding	183	90	93	1.9904	0.4936	0.5337
ENSG00000188095.6	MESP2	protein_coding	11	3	8	0.3448	0.0855	0.0925
ENSG00000188100.9	FAM25A	protein_coding	1	1	0	0.1589	0.0394	0.0426
ENSG00000188101.5	ALOX15P2	unprocessed_pseudogene	1	0	1	0.0299	0.0074	0.0080
ENSG00000188107.15	EYS	protein_coding	34	48	60	0.1129	0.0280	0.0303
ENSG00000188112.9	C6orf132	protein_coding	2203	1120	1085	18.2329	4.5216	4.8889
ENSG00000188120.14	DAZ1	protein_coding	0	0	0	0.0000	0.0000	0.0000
ENSG00000188124.3	OR2AG2	protein_coding	0	0	0	0.0000	0.0000	0.0000
ENSG00000188130.14	MAPK12	protein_coding	332	155	177	2.0212	0.5012	0.5420
ENSG00000188133.6	TMEM215	protein_coding	25	16	9	0.2654	0.0658	0.0712
ENSG00000188152.13	NUTM2G	protein_coding	15	5	10	0.2179	0.0540	0.0584
ENSG00000188153.14	COL4A5	protein_coding	6328	3150	3178	30.2300	7.4967	8.1057
ENSG00000188155.11	KRTAP10-6	protein_coding	0	0	0	0.0000	0.0000	0.0000
ENSG00000188157.15	AGRN	protein_coding	11723	5776	5950	61.7797	15.3207	16.5652
ENSG00000188158.16	NHS	protein_coding	2049	1028	1021	10.9477	2.7149	2.9354
ENSG00000188162.12	OTOG	protein_coding	0	0	1	0.0000	0.0000	0.0000
ENSG00000188163.8	FAM166A	protein_coding	2	575	553	0.0630	0.0156	0.0169
ENSG00000188167.9	TMPPE	protein_coding	102	58	44	1.3418	0.3327	0.3598
ENSG00000188171.16	ZNF626	protein_coding	615	316	301	5.1027	1.2654	1.3682
ENSG00000188175.10	HEPACAM2	protein_coding	60	33	27	1.3720	0.3402	0.3679
ENSG00000188176.12	SMTNL2	protein_coding	9	3	6	0.2058	0.0510	0.0552
ENSG00000188177.14	ZC3H6	protein_coding	1589	782	807	7.6366	1.8938	2.0476
ENSG00000188185.13	LINC00265	lncRNA	383	194	189	2.9676	0.7359	0.7957
ENSG00000188186.10	LAMTOR4	protein_coding	3899	2129	1982	114.2108	28.3231	30.6237
ENSG00000188191.15	PRKAR1B	protein_coding	325	178	171	4.1039	1.0177	1.1004
ENSG00000188199.10	NUTM2B	protein_coding	12	6	6	0.1340	0.0332	0.0359
ENSG00000188211.9	NCR3LG1	protein_coding	291	142	149	2.5931	0.6431	0.6953
ENSG00000188215.10	DCUN1D3	protein_coding	862	434	428	7.8566	1.9484	2.1066
ENSG00000188219.14	POTEE	protein_coding	3	3	1	0.0406	0.0101	0.0109
ENSG00000188223.9	AD000671.1	protein_coding	0	0	0	0.0000	0.0000	0.0000
ENSG00000188227.13	ZNF793	protein_coding	555	318	281	2.6213	0.6501	0.7029
ENSG00000188229.6	TUBB4B	protein_coding	10583	5974	5735	294.6302	73.0653	79.0002
ENSG00000188234.13	AGAP4	protein_coding	115	51	66	1.8773	0.4655	0.5034
ENSG00000188242.4	PP7080	lncRNA	4	3	1	0.0820	0.0203	0.0220
ENSG00000188243.13	COMMD6	protein_coding	3083	1578	1505	60.3510	14.9664	16.1821
ENSG00000188257.12	PLA2G2A	protein_coding	2	1	1	0.0695	0.0172	0.0186
ENSG00000188263.10	IL17REL	protein_coding	25	16	10	0.3836	0.0951	0.1029
ENSG00000188266.14	HYKK	protein_coding	217	116	101	2.1563	0.5347	0.5782
ENSG00000188269.10	OR7A5	protein_coding	6	4	2	0.1567	0.0389	0.0420
ENSG00000188277.10	C15orf62	protein_coding	41	29	24	0.9413	0.2334	0.2524
ENSG00000188280.11	FAM230G	lncRNA	0	0	0	0.0000	0.0000	0.0000
ENSG00000188282.12	RUFY4	protein_coding	40	20	20	0.5206	0.1291	0.1396
ENSG00000188283.11	ZNF383	protein_coding	720	412	396	4.8510	1.2030	1.3007
ENSG00000188290.11	HES4	protein_coding	249	142	108	12.6304	3.1322	3.3866
ENSG00000188293.6	IGFL1	protein_coding	16	12	9	1.1648	0.2889	0.3123
ENSG00000188295.15	ZNF669	protein_coding	298	155	143	8.5351	2.1166	2.2886
ENSG00000188305.6	PEAK3	protein_coding	37	22	15	0.8184	0.2029	0.2194
ENSG00000188306.6	LRRIQ4	protein_coding	3	2	1	0.0931	0.0231	0.0250
ENSG00000188312.14	CENPP	protein_coding	466	879	946	2.8352	0.7031	0.7602
ENSG00000188313.13	PLSCR1	protein_coding	9386	4727	4659	122.8716	30.4709	32.9460
ENSG00000188314.3	OR7D1P	unprocessed_pseudogene	0	0	0	0.0000	0.0000	0.0000
ENSG00000188315.8	C3orf62	protein_coding	570	326	340	7.8041	1.9353	2.0925
ENSG00000188316.15	ENO4	protein_coding	67	71	72	1.1960	0.2966	0.3207
ENSG00000188321.13	ZNF559	protein_coding	921	463	458	7.7001	1.9096	2.0647
ENSG00000188322.8	SBK1	protein_coding	1727	821	906	18.6798	4.6324	5.0087
ENSG00000188324.4	OR6C6	protein_coding	0	0	0	0.0000	0.0000	0.0000
ENSG00000188334.3	BSPH1	protein_coding	0	0	0	0.0000	0.0000	0.0000
ENSG00000188338.15	SLC38A3	protein_coding	80	36	44	1.1433	0.2835	0.3066
ENSG00000188340.2	OR6N2	protein_coding	0	0	0	0.0000	0.0000	0.0000
ENSG00000188342.12	GTF2F2	protein_coding	1167	569	598	18.3427	4.5488	4.9183
ENSG00000188343.13	CIBAR1	protein_coding	2612	1605	1737	19.9551	4.9487	5.3506
ENSG00000188352.12	FOCAD	protein_coding	2473	1242	1234	13.9741	3.4654	3.7469
ENSG00000188365.3	AC092171.1	lncRNA	7	2	5	0.5272	0.1307	0.1414
ENSG00000188368.10	PRR19	protein_coding	108	564	601	2.3785	0.5898	0.6378
ENSG00000188372.15	ZP3	protein_coding	346	204	200	7.3407	1.8204	1.9683
ENSG00000188373.5	C10orf99	protein_coding	0	0	0	0.0000	0.0000	0.0000
ENSG00000188375.5	H3-5	protein_coding	20	7	14	1.0181	0.2525	0.2730
ENSG00000188379.7	IFNA2	protein_coding	0	0	0	0.0000	0.0000	0.0000
ENSG00000188383.8	GPAT2P2	unprocessed_pseudogene	5	3	2	0.3286	0.0815	0.0881
ENSG00000188385.12	JAKMIP3	protein_coding	56	33	30	0.2165	0.0537	0.0580
ENSG00000188386.8	PPP3R2	protein_coding	1	1	0	0.0166	0.0041	0.0044
ENSG00000188388.10	GOLGA6L3	unprocessed_pseudogene	0	0	0	0.0000	0.0000	0.0000
ENSG00000188389.11	PDCD1	protein_coding	65	36	29	1.7578	0.4359	0.4713
ENSG00000188393.9	CLEC2A	protein_coding	1	0	1	0.0469	0.0116	0.0126
ENSG00000188394.8	GPR21	protein_coding	46	24	22	1.6605	0.4118	0.4452
ENSG00000188396.4	TCTEX1D4	protein_coding	25	47	51	1.0463	0.2595	0.2806
ENSG00000188399.5	ANKRD36P1	unprocessed_pseudogene	0	0	0	0.0000	0.0000	0.0000
ENSG00000188403.7	IGHV1OR15-9	IG_V_gene	4	0	4	0.6426	0.1594	0.1723
ENSG00000188404.10	SELL	protein_coding	1305	642	663	27.0987	6.7202	7.2661
ENSG00000188408.5	MAGEB5	protein_coding	0	0	0	0.0000	0.0000	0.0000
ENSG00000188419.14	CHM	protein_coding	2224	1142	1082	14.5908	3.6184	3.9123
ENSG00000188425.4	NANOS2	protein_coding	0	0	0	0.0000	0.0000	0.0000
ENSG00000188428.20	BLOC1S5	protein_coding	1026	513	513	17.6477	4.3764	4.7319
ENSG00000188438.4	DEFB108F	unprocessed_pseudogene	0	0	0	0.0000	0.0000	0.0000
ENSG00000188439.3	OR4P1P	unprocessed_pseudogene	0	0	0	0.0000	0.0000	0.0000
ENSG00000188451.8	SRP72P2	processed_pseudogene	4	0	5	0.1146	0.0284	0.0307
ENSG00000188452.14	CERKL	protein_coding	97	506	492	1.1535	0.2860	0.3093
ENSG00000188459.4	WASF4P	processed_pseudogene	1	0	1	0.0380	0.0094	0.0102
ENSG00000188460.4	ACTBP11	processed_pseudogene	5	2	3	0.2518	0.0624	0.0675
ENSG00000188467.11	SLC24A5	protein_coding	0	207	235	0.0000	0.0000	0.0000
ENSG00000188483.8	IER5L	protein_coding	745	753	759	15.5900	3.8662	4.1802
ENSG00000188486.3	H2AX	protein_coding	813	405	408	28.5658	7.0840	7.6594
ENSG00000188487.12	INSC	protein_coding	4	1	3	0.0658	0.0163	0.0176
ENSG00000188488.14	SERPINA5	protein_coding	3442	1773	1670	52.0383	12.9050	13.9532
ENSG00000188493.15	C19orf54	protein_coding	940	865	867	14.2686	3.5385	3.8259
ENSG00000188501.11	LCTL	protein_coding	29	140	143	0.4675	0.1159	0.1253
ENSG00000188505.5	NCCRP1	protein_coding	107	48	59	3.0724	0.7619	0.8238
ENSG00000188508.11	KRTDAP	protein_coding	2	1	1	0.1716	0.0426	0.0460
ENSG00000188511.12	C22orf34	lncRNA	56	30	26	0.4692	0.1163	0.1258
ENSG00000188512.6	AF279873.1	processed_pseudogene	0	0	0	0.0000	0.0000	0.0000
ENSG00000188517.16	COL25A1	protein_coding	39	20	19	0.2529	0.0627	0.0678
ENSG00000188522.15	FAM83G	protein_coding	1305	828	804	9.4444	2.3421	2.5324
ENSG00000188523.9	CFAP77	protein_coding	92	44	48	2.4278	0.6021	0.6510
ENSG00000188525.4	AC010969.1	lncRNA	0	2	1	0.0000	0.0000	0.0000
ENSG00000188529.15	SRSF10	protein_coding	7094	3632	3462	33.9208	8.4120	9.0953
ENSG00000188536.13	HBA2	protein_coding	39	14	25	2.6744	0.6632	0.7171
ENSG00000188542.10	DUSP28	protein_coding	337	190	219	3.8601	0.9573	1.0350
ENSG00000188549.12	CCDC9B	protein_coding	229	117	112	1.7292	0.4288	0.4637
ENSG00000188554.15	NBR1	protein_coding	20995	10758	10405	141.6569	35.1295	37.9829
ENSG00000188558.6	OR2G6	protein_coding	0	0	0	0.0000	0.0000	0.0000
ENSG00000188559.15	RALGAPA2	protein_coding	8687	4350	4337	42.2903	10.4876	11.3394
ENSG00000188566.14	NDOR1	protein_coding	784	411	373	15.6772	3.8878	4.2036
ENSG00000188573.8	FBLL1	protein_coding	281	146	135	11.9816	2.9713	3.2127
ENSG00000188580.15	NKAIN2	protein_coding	11	8	6	0.1400	0.0347	0.0375
ENSG00000188581.9	KRTAP1-1	protein_coding	0	0	0	0.0000	0.0000	0.0000
ENSG00000188582.10	PAQR9	protein_coding	0	0	0	0.0000	0.0000	0.0000
ENSG00000188585.9	CLEC20A	protein_coding	0	8	8	0.0000	0.0000	0.0000
ENSG00000188596.11	CFAP54	protein_coding	143	78	65	0.6280	0.1557	0.1684
ENSG00000188599.17	NPIPP1	transcribed_unprocessed_pseudogene	84	40	44	3.3150	0.8221	0.8889
ENSG00000188603.22	CLN3	protein_coding	112	105	96	0.6473	0.1605	0.1736
ENSG00000188610.12	FAM72B	protein_coding	29	5	26	0.5422	0.1345	0.1454
ENSG00000188611.16	ASAH2	protein_coding	16	10	6	0.1247	0.0309	0.0334
ENSG00000188612.12	SUMO2	protein_coding	11147	5570	5578	188.8130	46.8237	50.6271
ENSG00000188613.7	NANOS1	protein_coding	905	477	445	12.7763	3.1684	3.4258
ENSG00000188620.11	HMX3	protein_coding	118	63	55	2.3505	0.5829	0.6302
ENSG00000188624.3	IGFL3	protein_coding	8	3	5	0.6672	0.1655	0.1789
ENSG00000188626.6	GOLGA8M	protein_coding	3	2	1	0.0773	0.0192	0.0207
ENSG00000188629.13	ZNF177	protein_coding	0	0	0	0.0000	0.0000	0.0000
ENSG00000188636.4	RTL6	protein_coding	4317	2200	2117	45.1775	11.2036	12.1136
ENSG00000188641.14	DPYD	protein_coding	4910	2605	2626	39.0473	9.6833	10.4699
ENSG00000188643.11	S100A16	protein_coding	13296	6736	6560	443.2780	109.9285	118.8576
ENSG00000188646.6	AC123904.1	processed_pseudogene	0	0	0	0.0000	0.0000	0.0000
ENSG00000188647.13	PTAR1	protein_coding	3958	1954	2004	18.3201	4.5432	4.9122
ENSG00000188649.15	CC2D2B	protein_coding	35	39	20	0.2627	0.0652	0.0704
ENSG00000188655.10	RNASE9	protein_coding	0	0	0	0.0000	0.0000	0.0000
ENSG00000188656.8	TSPY7P	unprocessed_pseudogene	0	0	0	0.0000	0.0000	0.0000
ENSG00000188659.9	SAXO2	protein_coding	126	54	72	1.7177	0.4260	0.4606
ENSG00000188660.4	LINC00319	lncRNA	0	0	0	0.0000	0.0000	0.0000
ENSG00000188662.6	H1-9P	transcribed_unitary_pseudogene	11	5	7	0.5117	0.1269	0.1372
ENSG00000188668.4	OR7E90P	unprocessed_pseudogene	0	0	0	0.0000	0.0000	0.0000
ENSG00000188672.19	RHCE	protein_coding	133	276	257	3.1001	0.7688	0.8312
ENSG00000188674.11	C2orf80	protein_coding	0	0	0	0.0000	0.0000	0.0000
ENSG00000188676.13	IDO2	protein_coding	0	0	0	0.0000	0.0000	0.0000
ENSG00000188677.15	PARVB	protein_coding	1046	494	552	8.0508	1.9965	2.1587
ENSG00000188681.11	TEKT4P2	transcribed_unprocessed_pseudogene	45	26	19	1.1052	0.2741	0.2963
ENSG00000188687.17	SLC4A5	protein_coding	79	271	273	0.5583	0.1384	0.1497
ENSG00000188690.15	UROS	protein_coding	4010	2034	1976	23.9250	5.9332	6.4151
ENSG00000188691.5	OR56A5	protein_coding	0	0	0	0.0000	0.0000	0.0000
ENSG00000188693.8	CYP51A1-AS1	lncRNA	11	16	18	0.1798	0.0446	0.0482
ENSG00000188694.6	KRTAP24-1	protein_coding	0	0	0	0.0000	0.0000	0.0000
ENSG00000188706.13	ZDHHC9	protein_coding	5333	2683	2650	57.6834	14.3049	15.4669
ENSG00000188707.6	ZBED6CL	protein_coding	532	281	295	5.8288	1.4455	1.5629
ENSG00000188710.3	QRFP	protein_coding	7	6	1	0.2402	0.0596	0.0644
ENSG00000188712.4	OR13D3P	unprocessed_pseudogene	0	0	0	0.0000	0.0000	0.0000
ENSG00000188716.5	DUSP29	protein_coding	0	0	0	0.0000	0.0000	0.0000
ENSG00000188725.8	SMIM15	protein_coding	6723	3715	3556	132.0156	32.7385	35.3978
ENSG00000188729.6	OSTN	protein_coding	0	0	0	0.0000	0.0000	0.0000
ENSG00000188730.5	VWC2	protein_coding	6	2	4	0.0301	0.0075	0.0081
ENSG00000188732.11	FAM221A	protein_coding	92	47	58	0.6996	0.1735	0.1876
ENSG00000188735.13	TMEM120B	protein_coding	937	867	819	6.2892	1.5597	1.6863
ENSG00000188738.15	FSIP2	protein_coding	59	26	37	0.1419	0.0352	0.0380
ENSG00000188739.15	RBM34	protein_coding	32	17	15	0.6175	0.1531	0.1656
ENSG00000188747.8	NOXA1	protein_coding	441	236	221	14.9041	3.6961	3.9963
ENSG00000188755.10	TBC1D3P2	transcribed_unprocessed_pseudogene	0	0	0	0.0000	0.0000	0.0000
ENSG00000188760.11	TMEM198	protein_coding	248	142	170	5.4554	1.3529	1.4628
ENSG00000188761.13	BCL2L15	protein_coding	42	21	21	0.2619	0.0649	0.0702
ENSG00000188763.5	FZD9	protein_coding	10	3	7	0.2420	0.0600	0.0649
ENSG00000188765.7	TMSB4XP2	unprocessed_pseudogene	5	2	3	1.3502	0.3348	0.3620
ENSG00000188766.12	SPRED3	protein_coding	423	187	237	4.0908	1.0145	1.0969
ENSG00000188770.10	OPTC	protein_coding	1	0	1	0.0395	0.0098	0.0106
ENSG00000188771.5	PLET1	protein_coding	1	1	3	0.0368	0.0091	0.0099
ENSG00000188778.6	ADRB3	protein_coding	0	0	0	0.0000	0.0000	0.0000
ENSG00000188779.12	SKOR1	protein_coding	17	9	13	0.2139	0.0530	0.0574
ENSG00000188782.9	CATSPER4	protein_coding	1	0	1	0.0279	0.0069	0.0075
ENSG00000188783.6	PRELP	protein_coding	11818	5799	6020	116.1724	28.8096	31.1497
ENSG00000188784.4	PLA2G2E	protein_coding	0	0	0	0.0000	0.0000	0.0000
ENSG00000188785.12	ZNF548	protein_coding	956	470	486	8.7997	2.1822	2.3595
ENSG00000188786.10	MTF1	protein_coding	2280	1177	1103	16.1846	4.0136	4.3396
ENSG00000188800.6	TMCO2	protein_coding	0	0	0	0.0000	0.0000	0.0000
ENSG00000188801.9	ZNF322P1	processed_pseudogene	3	1	2	0.1407	0.0349	0.0377
ENSG00000188803.15	SHISA6	protein_coding	190	106	90	1.2563	0.3115	0.3368
ENSG00000188807.13	TMEM201	protein_coding	810	423	387	6.5800	1.6318	1.7643
ENSG00000188811.14	NHLRC3	protein_coding	2536	1295	1241	22.4398	5.5648	6.0169
ENSG00000188816.3	HMX2	protein_coding	6	3	3	0.2090	0.0518	0.0560
ENSG00000188817.8	SNTN	protein_coding	2	0	2	0.0221	0.0055	0.0059
ENSG00000188818.12	ZDHHC11	protein_coding	60	33	27	0.4894	0.1214	0.1312
ENSG00000188820.13	CALHM6	protein_coding	38	20	18	1.8170	0.4506	0.4872
ENSG00000188822.8	CNR2	protein_coding	4	1	3	0.0431	0.0107	0.0116
ENSG00000188825.14	LINC00910	lncRNA	480	230	251	2.4985	0.6196	0.6699
ENSG00000188827.11	SLX4	protein_coding	1423	808	815	9.3846	2.3273	2.5163
ENSG00000188828.12	GLRA4	protein_coding	4	4	1	0.0285	0.0071	0.0076
ENSG00000188831.4	DPPA3P2	transcribed_unprocessed_pseudogene	0	0	0	0.0000	0.0000	0.0000
ENSG00000188833.10	ENTPD8	protein_coding	289	158	147	5.7790	1.4331	1.5495
ENSG00000188846.14	RPL14	protein_coding	34374	17001	17376	225.9852	56.0421	60.5942
ENSG00000188848.16	BEND4	protein_coding	3	2	1	0.0192	0.0048	0.0052
ENSG00000188850.9	AC114947.1	transcribed_processed_pseudogene	1	2	0	0.0979	0.0243	0.0263
ENSG00000188856.6	RPSAP47	processed_pseudogene	25	10	15	1.5966	0.3959	0.4281
ENSG00000188859.7	FAM78B	protein_coding	163	88	91	1.6163	0.4008	0.4334
ENSG00000188868.14	ZNF563	protein_coding	385	191	194	7.6689	1.9018	2.0563
ENSG00000188869.13	TMC3	protein_coding	5	14	11	0.0570	0.0141	0.0153
ENSG00000188873.4	RPL10AP2	processed_pseudogene	3	1	2	0.2601	0.0645	0.0698
ENSG00000188877.12	POTEA	polymorphic_pseudogene	0	0	0	0.0000	0.0000	0.0000
ENSG00000188878.19	FBF1	protein_coding	305	150	155	2.5701	0.6374	0.6891
ENSG00000188883.5	KLRG2	protein_coding	410	210	200	10.7744	2.6719	2.8890
ENSG00000188886.3	ASTL	protein_coding	0	0	0	0.0000	0.0000	0.0000
ENSG00000188895.12	MSL1	protein_coding	9721	4966	4755	71.3628	17.6973	19.1347
ENSG00000188897.9	AC099489.1	protein_coding	20	11	12	0.0943	0.0234	0.0253
ENSG00000188906.16	LRRK2	protein_coding	644	318	326	2.7043	0.6706	0.7251
ENSG00000188909.5	BSX	protein_coding	0	0	0	0.0000	0.0000	0.0000
ENSG00000188910.8	GJB3	protein_coding	13	5	8	0.3121	0.0774	0.0837
ENSG00000188916.9	INSYN2A	protein_coding	1561	779	782	18.2901	4.5358	4.9042
ENSG00000188917.15	TRMT2B	protein_coding	1378	688	699	19.2716	4.7792	5.1674
ENSG00000188921.14	HACD4	protein_coding	4457	2238	2222	27.5875	6.8414	7.3971
ENSG00000188931.4	CFAP126	protein_coding	884	431	494	64.7695	16.0622	17.3669
ENSG00000188933.16	USP32P1	transcribed_unprocessed_pseudogene	18	11	7	0.1330	0.0330	0.0357
ENSG00000188937.6	NYX	protein_coding	1	1	0	0.0184	0.0046	0.0049
ENSG00000188938.17	FAM120AOS	protein_coding	9145	5038	4999	51.1251	12.6785	13.7083
ENSG00000188958.9	UTS2B	protein_coding	4	13	17	0.0589	0.0146	0.0158
ENSG00000188959.9	C9orf152	protein_coding	485	239	246	9.3330	2.3145	2.5025
ENSG00000188976.11	NOC2L	protein_coding	4368	2597	2441	44.7128	11.0883	11.9890
ENSG00000188981.11	MSANTD1	protein_coding	9	3	6	0.0852	0.0211	0.0229
ENSG00000188984.12	AADACL3	protein_coding	0	0	0	0.0000	0.0000	0.0000
ENSG00000188985.6	DHFRP1	processed_pseudogene	35	15	20	3.5507	0.8805	0.9521
ENSG00000188986.9	NELFB	protein_coding	3626	1796	1830	80.9568	20.0765	21.7072
ENSG00000188991.3	SLC15A5	protein_coding	1	1	0	0.0194	0.0048	0.0052
ENSG00000188992.11	LIPI	protein_coding	5	1	4	0.1626	0.0403	0.0436
ENSG00000188993.3	LRRC66	protein_coding	34	20	14	0.5795	0.1437	0.1554
ENSG00000188994.13	ZNF292	protein_coding	7321	3695	3636	27.9371	6.9281	7.4909
ENSG00000188996.4	HUS1B	protein_coding	1	0	1	0.0553	0.0137	0.0148
ENSG00000188997.8	KCTD21	protein_coding	1088	835	879	15.5495	3.8561	4.1693
ENSG00000189001.11	SBSN	protein_coding	10	5	5	0.2855	0.0708	0.0766
ENSG00000189002.10	PROS2P	unprocessed_pseudogene	0	0	0	0.0000	0.0000	0.0000
ENSG00000189007.16	ADAT2	protein_coding	296	146	150	2.3324	0.5784	0.6254
ENSG00000189013.14	KIR2DL4	protein_coding	16	7	9	0.5263	0.1305	0.1411
ENSG00000189014.7	SHLD2P3	unprocessed_pseudogene	19	13	6	0.3973	0.0985	0.1065
ENSG00000189023.10	MAGEB16	protein_coding	0	0	0	0.0000	0.0000	0.0000
ENSG00000189030.10	VHLL	protein_coding	1	0	1	0.0829	0.0206	0.0222
ENSG00000189037.8	DUSP21	protein_coding	0	0	0	0.0000	0.0000	0.0000
ENSG00000189042.13	ZNF567	protein_coding	429	225	204	5.1500	1.2771	1.3809
ENSG00000189043.10	NDUFA4	protein_coding	9572	4848	4724	156.8413	38.8951	42.0544
ENSG00000189045.15	ANKDD1B	protein_coding	34	17	18	0.5197	0.1289	0.1394
ENSG00000189046.11	ALKBH2	protein_coding	944	482	462	23.3774	5.7974	6.2683
ENSG00000189050.16	RNFT1	protein_coding	695	349	346	11.5956	2.8756	3.1092
ENSG00000189051.5	RNF222	protein_coding	2	0	2	0.0369	0.0092	0.0099
ENSG00000189052.7	CGB5	protein_coding	0	0	0	0.0000	0.0000	0.0000
ENSG00000189056.14	RELN	protein_coding	6	3	3	0.0266	0.0066	0.0071
ENSG00000189057.11	FAM111B	protein_coding	488	244	244	7.1603	1.7757	1.9199
ENSG00000189058.9	APOD	protein_coding	23071	11588	11483	647.0602	160.4644	173.4984
ENSG00000189060.5	H1-0	protein_coding	41451	21030	20423	1002.8520	248.6972	268.8981
ENSG00000189064.8	GAGE2A	protein_coding	0	0	0	0.0000	0.0000	0.0000
ENSG00000189067.13	LITAF	protein_coding	10263	5138	5125	115.0681	28.5357	30.8536
ENSG00000189068.11	VSTM1	protein_coding	8	5	3	0.3229	0.0801	0.0866
ENSG00000189077.11	TMEM120A	protein_coding	1522	788	743	43.1563	10.7023	11.5716
ENSG00000189079.17	ARID2	protein_coding	3828	1882	1946	17.9618	4.4543	4.8161
ENSG00000189089.5	RIMKLBP1	processed_pseudogene	10	5	5	0.4872	0.1208	0.1306
ENSG00000189090.7	FAM25G	protein_coding	0	0	0	0.0000	0.0000	0.0000
ENSG00000189091.13	SF3B3	protein_coding	8707	4362	4345	39.7691	9.8623	10.6634
ENSG00000189099.11	PRSS48	protein_coding	0	0	0	0.0000	0.0000	0.0000
ENSG00000189108.13	IL1RAPL2	protein_coding	60	29	31	1.0428	0.2586	0.2796
ENSG00000189114.8	BLOC1S3	protein_coding	1642	835	809	27.5823	6.8401	7.3957
ENSG00000189120.5	SP6	protein_coding	414	226	188	5.8042	1.4394	1.5563
ENSG00000189127.8	ANKRD34B	protein_coding	652	296	356	9.6894	2.4029	2.5981
ENSG00000189129.14	PLAC9	protein_coding	186	96	90	8.5065	2.1095	2.2809
ENSG00000189132.6	FAM47B	protein_coding	0	0	0	0.0000	0.0000	0.0000
ENSG00000189134.4	NKAPL	protein_coding	19	8	11	0.6483	0.1608	0.1738
ENSG00000189136.9	UBE2Q2P1	transcribed_unprocessed_pseudogene	82	38	55	1.4433	0.3579	0.3870
ENSG00000189139.6	FSCB	protein_coding	0	0	0	0.0000	0.0000	0.0000
ENSG00000189143.9	CLDN4	protein_coding	8664	4426	4244	104.4949	25.9137	28.0186
ENSG00000189144.14	ZNF573	protein_coding	151	84	73	1.8262	0.4529	0.4897
ENSG00000189145.7	RPL32P36	processed_pseudogene	0	0	0	0.0000	0.0000	0.0000
ENSG00000189149.12	CRYM-AS1	transcribed_unitary_pseudogene	10	5	5	0.2065	0.0512	0.0554
ENSG00000189152.11	GRAPL	protein_coding	0	0	1	0.0000	0.0000	0.0000
ENSG00000189157.14	FAM47E	protein_coding	212	104	108	1.2641	0.3135	0.3389
ENSG00000189159.16	JPT1	protein_coding	4766	2412	2356	79.3540	19.6790	21.2775
ENSG00000189164.15	ZNF527	protein_coding	445	204	241	3.9211	0.9724	1.0514
ENSG00000189166.6	TNRC18P3	unprocessed_pseudogene	3	2	1	0.0632	0.0157	0.0170
ENSG00000189167.12	ZAR1L	protein_coding	0	0	0	0.0000	0.0000	0.0000
ENSG00000189169.7	KRTAP10-12	protein_coding	0	0	0	0.0000	0.0000	0.0000
ENSG00000189171.14	S100A13	protein_coding	1371	715	674	35.0855	8.7008	9.4076
ENSG00000189180.16	ZNF33A	protein_coding	6243	3120	3123	46.9114	11.6336	12.5785
ENSG00000189181.5	OR14I1	protein_coding	0	0	0	0.0000	0.0000	0.0000
ENSG00000189182.10	KRT77	protein_coding	1	0	2	0.0141	0.0035	0.0038
ENSG00000189184.12	PCDH18	protein_coding	2996	1514	1482	25.4118	6.3019	6.8137
ENSG00000189186.10	DCAF8L2	protein_coding	0	0	0	0.0000	0.0000	0.0000
ENSG00000189190.10	ZNF600	protein_coding	1081	523	559	8.8029	2.1830	2.3604
ENSG00000189195.15	BTBD8	protein_coding	998	506	492	6.7845	1.6825	1.8192
ENSG00000189196.4	LINC00994	lncRNA	2	0	2	0.0533	0.0132	0.0143
ENSG00000189212.12	DPY19L2P1	transcribed_unprocessed_pseudogene	3	4	0	0.0206	0.0051	0.0055
ENSG00000189221.10	MAOA	protein_coding	6699	3354	3346	68.7229	17.0426	18.4269
ENSG00000189223.15	PAX8-AS1	lncRNA	2066	1133	1080	5.3003	1.3144	1.4212
ENSG00000189227.6	C15orf61	protein_coding	319	270	277	3.8077	0.9443	1.0210
ENSG00000189229.11	AC069277.1	lncRNA	1	1	0	0.0089	0.0022	0.0024
ENSG00000189233.12	NUGGC	protein_coding	40	23	17	0.5637	0.1398	0.1512
ENSG00000189238.6	LINC00943	lncRNA	2	3	2	0.0127	0.0032	0.0034
ENSG00000189241.8	TSPYL1	protein_coding	9345	5264	5332	58.3073	14.4596	15.6341
ENSG00000189252.4	SPANXN3	protein_coding	0	0	0	0.0000	0.0000	0.0000
ENSG00000189253.7	TRIM64B	protein_coding	0	0	0	0.0000	0.0000	0.0000
ENSG00000189266.13	PNRC2	protein_coding	6150	3054	3097	126.2274	31.3031	33.8458
ENSG00000189269.12	DRICH1	protein_coding	9	3	6	0.3920	0.0972	0.1051
ENSG00000189275.4	LINC01164	lncRNA	1	0	1	0.0157	0.0039	0.0042
ENSG00000189280.3	GJB5	protein_coding	9	5	4	0.3767	0.0934	0.1010
ENSG00000189283.10	FHIT	protein_coding	855	411	444	6.4892	1.6092	1.7400
ENSG00000189292.16	ALKAL2	protein_coding	8	5	4	0.2284	0.0567	0.0613
ENSG00000189295.13	ANKRD62P1-PARP4P3	lncRNA	25	8	17	1.2005	0.2977	0.3219
ENSG00000189298.14	ZKSCAN3	protein_coding	610	305	305	7.2009	1.7857	1.9308
ENSG00000189299.7	FOXR2	protein_coding	0	0	0	0.0000	0.0000	0.0000
ENSG00000189306.11	RRP7A	protein_coding	1935	1740	1689	19.2515	4.7742	5.1620
ENSG00000189308.11	LIN54	protein_coding	1626	838	788	13.6366	3.3817	3.6564
ENSG00000189316.3	AC073349.1	lncRNA	9	25	23	0.4806	0.1192	0.1289
ENSG00000189319.14	FAM53B	protein_coding	1073	596	509	9.3142	2.3098	2.4975
ENSG00000189320.9	FAM180A	protein_coding	604	300	304	13.7011	3.3977	3.6737
ENSG00000189325.7	BNIP5	protein_coding	2	0	2	0.0304	0.0075	0.0081
ENSG00000189326.4	SPANXN4	protein_coding	0	0	0	0.0000	0.0000	0.0000
ENSG00000189332.5	SLC25A51P4	transcribed_unprocessed_pseudogene	0	0	0	0.0000	0.0000	0.0000
ENSG00000189334.9	S100A14	protein_coding	19587	9999	9590	869.8342	215.7101	233.2316
ENSG00000189337.17	KAZN	protein_coding	3182	1775	1696	13.0196	3.2287	3.4910
ENSG00000189339.12	SLC35E2B	protein_coding	2249	1258	1278	15.0722	3.7377	4.0414
ENSG00000189343.7	RPS2P46	processed_pseudogene	303	147	156	19.4599	4.8259	5.2179
ENSG00000189348.6	FAM90A27P	transcribed_unprocessed_pseudogene	0	0	0	0.0000	0.0000	0.0000
ENSG00000189350.13	TOGARAM2	protein_coding	5	1	4	0.0266	0.0066	0.0071
ENSG00000189357.8	SPATA31D4	protein_coding	0	0	0	0.0000	0.0000	0.0000
ENSG00000189362.12	NEMP2	protein_coding	268	161	128	2.3292	0.5776	0.6245
ENSG00000189366.9	ALG1L	protein_coding	16	40	36	1.0763	0.2669	0.2886
ENSG00000189367.15	KIAA0408	protein_coding	3	1	2	0.0186	0.0046	0.0050
ENSG00000189369.9	GSPT2	protein_coding	375	178	197	7.6196	1.8896	2.0431
ENSG00000189372.4	AL034369.1	unprocessed_pseudogene	0	0	0	0.0000	0.0000	0.0000
ENSG00000189375.12	TBC1D28	protein_coding	0	0	0	0.0000	0.0000	0.0000
ENSG00000189376.12	C8orf76	protein_coding	202	94	108	4.7026	1.1662	1.2609
ENSG00000189377.9	CXCL17	protein_coding	279	110	169	14.4230	3.5768	3.8673
ENSG00000189398.5	OR7E12P	unprocessed_pseudogene	1	1	0	0.0583	0.0145	0.0156
ENSG00000189401.3	OTUD6A	protein_coding	0	0	0	0.0000	0.0000	0.0000
ENSG00000189403.15	HMGB1	protein_coding	19938	10132	9806	146.9183	36.4343	39.3937
ENSG00000189409.14	MMP23B	protein_coding	0	1	0	0.0000	0.0000	0.0000
ENSG00000189410.12	SH2D5	protein_coding	31	17	14	0.3918	0.0972	0.1051
ENSG00000189419.8	SPATA41	lncRNA	270	130	140	2.6477	0.6566	0.7099
ENSG00000189420.8	ZFP92	protein_coding	131	67	64	1.2169	0.3018	0.3263
ENSG00000189423.13	USP32P3	transcribed_unprocessed_pseudogene	46	21	26	0.3150	0.0781	0.0845
ENSG00000189430.13	NCR1	protein_coding	3	1	2	0.0898	0.0223	0.0241
ENSG00000189431.8	RASSF10	protein_coding	335	182	153	6.7753	1.6802	1.8167
ENSG00000189433.7	GJB4	protein_coding	3	2	2	0.1178	0.0292	0.0316
ENSG00000194297.2	RNU1-75P	snRNA	0	0	0	0.0000	0.0000	0.0000
ENSG00000194717.4	MIR494	miRNA	0	0	0	0.0000	0.0000	0.0000
ENSG00000195024.2	RNU1-15P	snRNA	0	0	0	0.0000	0.0000	0.0000
ENSG00000195401.2	Y_RNA	misc_RNA	0	0	0	0.0000	0.0000	0.0000
ENSG00000196071.5	OR2L13	protein_coding	4	2	2	0.1124	0.0279	0.0301
ENSG00000196072.12	BLOC1S2	protein_coding	2802	1504	1298	54.5865	13.5369	14.6365
ENSG00000196074.13	SYCP2	protein_coding	1484	760	725	13.0174	3.2282	3.4904
ENSG00000196081.10	ZNF724	protein_coding	54	32	22	0.9207	0.2283	0.2469
ENSG00000196083.10	IL1RAP	protein_coding	1725	895	830	8.4638	2.0989	2.2694
ENSG00000196085.5	SMIM7P1	processed_pseudogene	0	0	0	0.0000	0.0000	0.0000
ENSG00000196090.12	PTPRT	protein_coding	19769	9756	10013	86.6182	21.4804	23.2252
ENSG00000196091.15	MYBPC1	protein_coding	62	38	36	0.4716	0.1170	0.1265
ENSG00000196092.14	PAX5	protein_coding	5	1	5	0.0296	0.0073	0.0079
ENSG00000196096.3	SPAG16-DT	lncRNA	3	0	3	0.0985	0.0244	0.0264
ENSG00000196098.2	OR5K4	protein_coding	0	0	0	0.0000	0.0000	0.0000
ENSG00000196099.4	OR6M1	protein_coding	0	0	0	0.0000	0.0000	0.0000
ENSG00000196104.11	SPOCK3	protein_coding	1	0	1	0.0127	0.0031	0.0034
ENSG00000196109.9	ZNF676	protein_coding	40	22	18	0.4792	0.1188	0.1285
ENSG00000196110.8	ZNF699	protein_coding	772	452	468	6.4783	1.6065	1.7370
ENSG00000196114.3	IFITM3P3	processed_pseudogene	4	4	0	0.5685	0.1410	0.1524
ENSG00000196115.13	ADAM5	transcribed_unitary_pseudogene	0	0	0	0.0000	0.0000	0.0000
ENSG00000196116.8	TDRD7	protein_coding	3248	1655	1593	44.1289	10.9435	11.8324
ENSG00000196118.12	CCDC189	protein_coding	17	185	205	0.3719	0.0922	0.0997
ENSG00000196119.8	OR8A1	protein_coding	0	0	0	0.0000	0.0000	0.0000
ENSG00000196123.13	KIAA0895L	protein_coding	429	262	276	5.0865	1.2614	1.3639
ENSG00000196126.11	HLA-DRB1	protein_coding	26888	13392	13511	1240.6979	307.6806	332.6725
ENSG00000196131.6	VN1R2	protein_coding	0	0	0	0.0000	0.0000	0.0000
ENSG00000196132.14	MYT1	protein_coding	18	6	13	0.1487	0.0369	0.0399
ENSG00000196136.18	SERPINA3	protein_coding	538	263	275	6.1020	1.5132	1.6361
ENSG00000196139.14	AKR1C3	protein_coding	1588	801	798	23.0262	5.7103	6.1741
ENSG00000196141.14	SPATS2L	protein_coding	8265	5718	5629	44.8396	11.1198	12.0230
ENSG00000196143.4	OR11H13P	unprocessed_pseudogene	1	0	1	0.0579	0.0144	0.0155
ENSG00000196150.14	ZNF250	protein_coding	1495	739	756	11.5239	2.8578	3.0899
ENSG00000196151.11	WDSUB1	protein_coding	1001	506	495	27.9089	6.9211	7.4833
ENSG00000196152.10	ZNF79	protein_coding	526	256	273	12.9581	3.2135	3.4745
ENSG00000196154.12	S100A4	protein_coding	8433	4300	4134	505.5340	125.3673	135.5505
ENSG00000196155.13	PLEKHG4	protein_coding	415	209	208	3.2116	0.7964	0.8611
ENSG00000196156.5	KRTAP4-3	protein_coding	0	0	0	0.0000	0.0000	0.0000
ENSG00000196159.14	FAT4	protein_coding	1635	859	776	4.3594	1.0811	1.1689
ENSG00000196166.5	C8orf86	lncRNA	13	5	8	0.2669	0.0662	0.0716
ENSG00000196167.10	COLCA1	lncRNA	32	32	22	0.1976	0.0490	0.0530
ENSG00000196169.15	KIF19	protein_coding	4	3	1	0.0402	0.0100	0.0108
ENSG00000196171.3	OR6K2	protein_coding	0	0	0	0.0000	0.0000	0.0000
ENSG00000196172.9	ZNF681	protein_coding	1062	537	525	9.2698	2.2988	2.4855
ENSG00000196177.13	ACADSB	protein_coding	19815	9914	9901	180.2548	44.7014	48.3323
ENSG00000196182.11	STK40	protein_coding	2292	1118	1174	23.1362	5.7375	6.2036
ENSG00000196183.5	RPS2P4	processed_pseudogene	6	3	4	0.3975	0.0986	0.1066
ENSG00000196184.10	OR10J1	protein_coding	0	0	0	0.0000	0.0000	0.0000
ENSG00000196187.12	TMEM63A	protein_coding	3220	1643	1661	17.6431	4.3753	4.7307
ENSG00000196188.12	CTSE	protein_coding	2	1	2	0.0318	0.0079	0.0085
ENSG00000196189.13	SEMA4A	protein_coding	1048	521	527	8.7774	2.1767	2.3535
ENSG00000196196.3	HRCT1	protein_coding	37	22	15	2.2441	0.5565	0.6017
ENSG00000196199.14	MPHOSPH8	protein_coding	6563	3274	3292	75.8174	18.8019	20.3292
ENSG00000196204.12	RNF216P1	lncRNA	335	163	172	3.4491	0.8554	0.9248
ENSG00000196205.8	EEF1A1P5	processed_pseudogene	568	305	266	23.1903	5.7509	6.2181
ENSG00000196208.14	GREB1	protein_coding	4111	2088	2023	18.7528	4.6505	5.0282
ENSG00000196209.13	SIRPB2	protein_coding	200	101	99	2.2473	0.5573	0.6026
ENSG00000196214.11	ZNF766	protein_coding	2353	1170	1184	18.2318	4.5213	4.8886
ENSG00000196218.13	RYR1	protein_coding	356	187	177	1.2639	0.3134	0.3389
ENSG00000196220.16	SRGAP3	protein_coding	327	154	186	0.9799	0.2430	0.2628
ENSG00000196224.7	KRTAP5-3	protein_coding	0	0	0	0.0000	0.0000	0.0000
ENSG00000196227.11	FAM217B	protein_coding	1452	833	830	15.3253	3.8005	4.1092
ENSG00000196228.3	SULT1C3	protein_coding	0	0	0	0.0000	0.0000	0.0000
ENSG00000196230.13	TUBB	protein_coding	37733	28059	27205	667.0316	165.4171	178.8534
ENSG00000196233.14	LCOR	protein_coding	4820	2399	2421	9.1560	2.2706	2.4550
ENSG00000196235.14	SUPT5H	protein_coding	8348	4202	4147	55.2538	13.7024	14.8154
ENSG00000196236.13	XPNPEP3	protein_coding	2337	1255	1226	13.8428	3.4329	3.7117
ENSG00000196240.4	OR2T2	protein_coding	0	0	0	0.0000	0.0000	0.0000
ENSG00000196242.10	OR2C3	protein_coding	1	0	1	0.0067	0.0017	0.0018
ENSG00000196243.5	LINC00615	lncRNA	0	0	0	0.0000	0.0000	0.0000
ENSG00000196247.11	ZNF107	protein_coding	2099	1033	1068	16.6203	4.1217	4.4564
ENSG00000196248.5	OR10S1	protein_coding	0	0	0	0.0000	0.0000	0.0000
ENSG00000196260.5	SFTA2	protein_coding	1	2	0	0.0473	0.0117	0.0127
ENSG00000196262.15	PPIA	protein_coding	24826	12416	12415	207.6522	51.4956	55.6785
ENSG00000196263.8	ZNF471	protein_coding	521	277	244	4.3604	1.0813	1.1692
ENSG00000196266.5	OR10J3	polymorphic_pseudogene	0	0	0	0.0000	0.0000	0.0000
ENSG00000196267.12	ZNF836	protein_coding	536	255	282	7.1622	1.7762	1.9204
ENSG00000196268.12	ZNF493	protein_coding	940	448	493	4.7519	1.1784	1.2742
ENSG00000196273.8	LINC00523	lncRNA	0	0	0	0.0000	0.0000	0.0000
ENSG00000196274.5	Metazoa_SRP	misc_RNA	4	1	3	0.6613	0.1640	0.1773
ENSG00000196275.14	GTF2IRD2	protein_coding	189	105	86	1.2184	0.3021	0.3267
ENSG00000196277.16	GRM7	protein_coding	1	0	1	0.0069	0.0017	0.0019
ENSG00000196284.17	SUPT3H	protein_coding	443	258	246	4.7807	1.1856	1.2819
ENSG00000196289.7	BECN2	protein_coding	0	0	0	0.0000	0.0000	0.0000
ENSG00000196290.16	NIF3L1	protein_coding	1490	721	770	42.3973	10.5141	11.3681
ENSG00000196295.12	GARS1-DT	lncRNA	1275	726	751	2.3509	0.5830	0.6304
ENSG00000196296.14	ATP2A1	protein_coding	32	58	42	0.3994	0.0990	0.1071
ENSG00000196301.3	HLA-DRB9	unprocessed_pseudogene	5	0	5	0.8267	0.2050	0.2217
ENSG00000196302.5	GUSBP15	unprocessed_pseudogene	0	0	0	0.0000	0.0000	0.0000
ENSG00000196305.18	IARS1	protein_coding	9692	4754	4939	74.2647	18.4169	19.9128
ENSG00000196312.15	MFSD14C	transcribed_unprocessed_pseudogene	1250	622	628	5.8377	1.4477	1.5653
ENSG00000196313.11	POM121	protein_coding	1764	1151	1243	10.1849	2.5258	2.7309
ENSG00000196323.14	ZBTB44	protein_coding	3098	1567	1531	15.9253	3.9493	4.2701
ENSG00000196329.11	GIMAP5	protein_coding	13	7	6	0.1222	0.0303	0.0328
ENSG00000196335.13	STK31	protein_coding	12	6	6	0.1107	0.0275	0.0297
ENSG00000196337.12	CGB7	protein_coding	1	0	1	0.0167	0.0042	0.0045
ENSG00000196338.13	NLGN3	protein_coding	82	49	33	1.1608	0.2879	0.3113
ENSG00000196341.3	OR8D1	protein_coding	0	0	0	0.0000	0.0000	0.0000
ENSG00000196344.11	ADH7	protein_coding	0	0	0	0.0000	0.0000	0.0000
ENSG00000196345.13	ZKSCAN7	protein_coding	231	137	115	3.1131	0.7720	0.8347
ENSG00000196350.9	ZNF729	protein_coding	47	27	20	0.6934	0.1720	0.1859
ENSG00000196352.16	CD55	protein_coding	15324	7557	7767	151.0820	37.4668	40.5101
ENSG00000196353.11	CPNE4	protein_coding	1	1	0	0.0088	0.0022	0.0024
ENSG00000196357.12	ZNF565	protein_coding	285	177	161	4.3250	1.0725	1.1597
ENSG00000196358.11	NTNG2	protein_coding	249	136	114	1.8277	0.4533	0.4901
ENSG00000196361.10	ELAVL3	protein_coding	99	45	54	1.1792	0.2924	0.3162
ENSG00000196363.9	WDR5	protein_coding	2264	1130	1138	35.3793	8.7737	9.4864
ENSG00000196364.9	PRSS29P	transcribed_unprocessed_pseudogene	1	1	0	0.0288	0.0072	0.0077
ENSG00000196365.12	LONP1	protein_coding	4930	2550	2438	55.5604	13.7784	14.8976
ENSG00000196366.3	C9orf163	lncRNA	35	22	20	0.7714	0.1913	0.2068
ENSG00000196367.14	TRRAP	protein_coding	6234	3812	3911	17.7013	4.3897	4.7463
ENSG00000196368.5	NUDT11	protein_coding	179	104	75	4.2634	1.0573	1.1432
ENSG00000196369.11	SRGAP2B	protein_coding	279	152	127	2.1884	0.5427	0.5868
ENSG00000196371.3	FUT4	protein_coding	374	245	235	3.5005	0.8681	0.9386
ENSG00000196372.13	ASB13	protein_coding	4689	2324	2365	88.5491	21.9593	23.7430
ENSG00000196376.11	SLC35F1	protein_coding	63	35	28	0.6982	0.1731	0.1872
ENSG00000196378.13	ZNF34	protein_coding	669	337	333	12.1990	3.0252	3.2710
ENSG00000196381.11	ZNF781	protein_coding	62	26	36	0.9740	0.2415	0.2612
ENSG00000196383.6	OR4Q2	polymorphic_pseudogene	0	0	0	0.0000	0.0000	0.0000
ENSG00000196387.9	ZNF140	protein_coding	855	584	567	9.0225	2.2375	2.4192
ENSG00000196388.8	INCA1	protein_coding	333	193	188	12.1600	3.0155	3.2605
ENSG00000196390.6	AC116337.1	processed_pseudogene	2	1	1	0.1651	0.0409	0.0443
ENSG00000196391.11	ZNF774	protein_coding	422	204	218	2.8248	0.7005	0.7574
ENSG00000196395.7	AC244505.1	unprocessed_pseudogene	0	0	0	0.0000	0.0000	0.0000
ENSG00000196396.10	PTPN1	protein_coding	9697	5441	5444	136.0843	33.7475	36.4887
ENSG00000196403.4	OR10D1P	unprocessed_pseudogene	0	0	0	0.0000	0.0000	0.0000
ENSG00000196405.13	EVL	protein_coding	12036	6786	6905	65.1175	16.1485	17.4602
ENSG00000196406.4	SPANXD	protein_coding	0	0	0	0.0000	0.0000	0.0000
ENSG00000196407.12	THEM5	protein_coding	44	21	23	2.1492	0.5330	0.5763
ENSG00000196408.12	NOXO1	protein_coding	0	101	100	0.0000	0.0000	0.0000
ENSG00000196411.10	EPHB4	protein_coding	9495	4881	4853	83.6510	20.7446	22.4296
ENSG00000196415.10	PRTN3	protein_coding	141	66	75	7.2232	1.7913	1.9368
ENSG00000196417.13	ZNF765	protein_coding	1047	516	535	4.8093	1.1927	1.2895
ENSG00000196418.12	ZNF124	protein_coding	253	143	110	3.1764	0.7877	0.8517
ENSG00000196419.13	XRCC6	protein_coding	26707	13399	13308	466.8783	115.7811	125.1857
ENSG00000196420.7	S100A5	protein_coding	15	6	9	1.0850	0.2691	0.2909
ENSG00000196421.8	C20orf204	protein_coding	112	55	57	1.1590	0.2874	0.3108
ENSG00000196422.11	PPP1R26	protein_coding	1412	728	688	15.0885	3.7418	4.0457
ENSG00000196427.13	NBPF4	protein_coding	189	105	85	4.1447	1.0278	1.1113
ENSG00000196428.12	TSC22D2	protein_coding	3427	1664	1765	16.6448	4.1278	4.4630
ENSG00000196431.4	CRYBA4	protein_coding	2	0	2	0.1402	0.0348	0.0376
ENSG00000196433.13	ASMT	protein_coding	7	2	5	0.2220	0.0551	0.0595
ENSG00000196433.13_PAR_Y	ASMT	protein_coding	0	0	0	0.0000	0.0000	0.0000
ENSG00000196436.8	NPIPB15	protein_coding	3	1	2	0.1000	0.0248	0.0268
ENSG00000196437.12	ZNF569	protein_coding	685	335	356	7.7445	1.9206	2.0766
ENSG00000196440.11	ARMCX4	protein_coding	429	222	209	1.8222	0.4519	0.4886
ENSG00000196449.4	YRDC	protein_coding	895	572	519	27.4651	6.8111	7.3643
ENSG00000196453.8	ZNF777	protein_coding	1637	848	789	29.2668	7.2579	7.8474
ENSG00000196455.8	PIK3R4	protein_coding	4264	2123	2141	44.9714	11.1525	12.0583
ENSG00000196456.13	ZNF775	protein_coding	156	72	84	3.4816	0.8634	0.9335
ENSG00000196458.11	ZNF605	protein_coding	1417	707	711	7.4227	1.8408	1.9903
ENSG00000196459.14	TRAPPC2	protein_coding	1185	562	625	11.0040	2.7289	2.9505
ENSG00000196460.14	RFX8	protein_coding	132	67	66	2.2927	0.5686	0.6148
ENSG00000196465.10	MYL6B	protein_coding	1645	996	1022	28.6247	7.0986	7.6752
ENSG00000196466.10	ZNF799	protein_coding	306	161	145	3.4329	0.8513	0.9205
ENSG00000196468.8	FGF16	protein_coding	79	38	41	2.6891	0.6669	0.7210
ENSG00000196470.12	SIAH1	protein_coding	572	1025	1051	4.8502	1.2028	1.3005
ENSG00000196472.4	AC111000.1	transcribed_unprocessed_pseudogene	0	0	0	0.0000	0.0000	0.0000
ENSG00000196475.6	GK2	protein_coding	0	0	0	0.0000	0.0000	0.0000
ENSG00000196476.12	C20orf96	protein_coding	948	462	486	31.0758	7.7065	8.3324
ENSG00000196482.18	ESRRG	protein_coding	910	434	476	4.7206	1.1707	1.2658
ENSG00000196497.17	IPO4	protein_coding	6	2	8	0.0693	0.0172	0.0186
ENSG00000196498.13	NCOR2	protein_coding	11316	5586	5730	45.9199	11.3877	12.3126
ENSG00000196502.12	SULT1A1	protein_coding	521	264	271	2.9078	0.7211	0.7797
ENSG00000196503.5	ARL9	protein_coding	16	9	7	0.4026	0.0998	0.1079
ENSG00000196504.19	PRPF40A	protein_coding	9495	4769	4748	56.5017	14.0119	15.1500
ENSG00000196505.11	GDAP2	protein_coding	1041	547	497	5.6294	1.3960	1.5094
ENSG00000196507.11	TCEAL3	protein_coding	10710	5309	5415	263.4984	65.3449	70.6527
ENSG00000196510.12	ANAPC7	protein_coding	2764	1386	1379	26.0853	6.4689	6.9943
ENSG00000196511.14	TPK1	protein_coding	189	88	101	1.2696	0.3149	0.3404
ENSG00000196517.13	SLC6A9	protein_coding	2225	1200	1169	24.0388	5.9614	6.4456
ENSG00000196526.10	AFAP1	protein_coding	741	2090	2048	4.1871	1.0384	1.1227
ENSG00000196531.14	NACA	protein_coding	26983	13481	13504	135.8130	33.6803	36.4160
ENSG00000196534.5	OR9K1P	transcribed_unitary_pseudogene	0	0	0	0.0000	0.0000	0.0000
ENSG00000196535.17	MYO18A	protein_coding	4471	2191	2282	16.8640	4.1821	4.5218
ENSG00000196539.3	OR2T3	protein_coding	0	0	0	0.0000	0.0000	0.0000
ENSG00000196542.8	SPTSSB	protein_coding	12019	6266	5754	182.0019	45.1346	48.8008
ENSG00000196544.8	BORCS6	protein_coding	394	358	340	12.1698	3.0180	3.2631
ENSG00000196547.15	MAN2A2	protein_coding	2339	1532	1632	13.5865	3.3693	3.6430
ENSG00000196549.12	MME	protein_coding	3691	1970	2019	21.6863	5.3780	5.8148
ENSG00000196550.10	FAM72A	protein_coding	36	20	23	0.5397	0.1338	0.1447
ENSG00000196553.15	CCDC196	protein_coding	398	209	189	7.9924	1.9820	2.1430
ENSG00000196557.13	CACNA1H	protein_coding	280	152	152	1.8421	0.4568	0.4939
ENSG00000196562.14	SULF2	protein_coding	47398	27802	28310	403.7764	100.1325	108.2659
ENSG00000196564.4	BLOC1S6P1	processed_pseudogene	0	0	0	0.0000	0.0000	0.0000
ENSG00000196565.15	HBG2	protein_coding	0	0	0	0.0000	0.0000	0.0000
ENSG00000196566.2	AL138767.1	lncRNA	3	297	334	0.2287	0.0567	0.0613
ENSG00000196569.13	LAMA2	protein_coding	3473	2162	2134	19.0146	4.7154	5.0985
ENSG00000196570.3	PFN3	protein_coding	0	0	0	0.0000	0.0000	0.0000
ENSG00000196576.15	PLXNB2	protein_coding	18833	9451	9383	146.7865	36.4016	39.3584
ENSG00000196578.4	OR5AC2	protein_coding	0	0	0	0.0000	0.0000	0.0000
ENSG00000196581.11	AJAP1	protein_coding	73	35	38	0.3304	0.0819	0.0886
ENSG00000196584.3	XRCC2	protein_coding	395	196	199	4.6359	1.1496	1.2430
ENSG00000196586.16	MYO6	protein_coding	43600	21825	21777	230.4983	57.1612	61.8043
ENSG00000196588.20	MRTFA	protein_coding	4657	2333	2332	34.4551	8.5445	9.2386
ENSG00000196589.7	MBD3L2B	protein_coding	0	0	0	0.0000	0.0000	0.0000
ENSG00000196591.12	HDAC2	protein_coding	6559	3213	3350	24.2588	6.0159	6.5046
ENSG00000196593.9	ANKRD20A19P	transcribed_unprocessed_pseudogene	0	0	0	0.0000	0.0000	0.0000
ENSG00000196597.13	ZNF782	protein_coding	444	221	224	5.1905	1.2872	1.3918
ENSG00000196600.12	SLC22A25	protein_coding	6	5	3	0.0907	0.0225	0.0243
ENSG00000196604.13	POTEF	protein_coding	2	2	1	0.0241	0.0060	0.0065
ENSG00000196605.7	ZNF846	protein_coding	464	228	236	6.7263	1.6681	1.8036
ENSG00000196611.5	MMP1	protein_coding	631	384	412	18.1552	4.5023	4.8680
ENSG00000196616.14	ADH1B	protein_coding	10	6	4	0.0527	0.0131	0.0141
ENSG00000196620.10	UGT2B15	protein_coding	4	2	2	0.1063	0.0264	0.0285
ENSG00000196628.20	TCF4	protein_coding	10195	5153	5042	19.8230	4.9159	5.3152
ENSG00000196632.10	WNK3	protein_coding	168	92	77	0.8305	0.2060	0.2227
ENSG00000196634.3	LUADT1	lncRNA	0	0	0	0.0000	0.0000	0.0000
ENSG00000196636.8	SDHAF3	protein_coding	186	91	95	8.8268	2.1890	2.3668
ENSG00000196639.7	HRH1	protein_coding	1419	687	732	14.4188	3.5757	3.8662
ENSG00000196642.19	RABL6	protein_coding	2850	1406	1445	15.8797	3.9380	4.2579
ENSG00000196646.12	ZNF136	protein_coding	1315	673	643	13.3692	3.3154	3.5847
ENSG00000196652.12	ZKSCAN5	protein_coding	1916	974	959	17.9746	4.4575	4.8196
ENSG00000196653.12	ZNF502	protein_coding	200	119	82	3.4653	0.8594	0.9292
ENSG00000196655.12	TRAPPC4	protein_coding	1760	1089	1082	20.7547	5.1470	5.5650
ENSG00000196656.7	AC004057.1	transcribed_processed_pseudogene	0	0	0	0.0000	0.0000	0.0000
ENSG00000196659.10	TTC30B	protein_coding	811	493	435	12.1063	3.0022	3.2461
ENSG00000196660.11	SLC30A10	protein_coding	0	0	0	0.0000	0.0000	0.0000
ENSG00000196663.16	TECPR2	protein_coding	2278	1199	1163	13.7402	3.4074	3.6842
ENSG00000196664.5	TLR7	protein_coding	1515	731	784	16.5191	4.0966	4.4293
ENSG00000196666.6	FAM180B	protein_coding	2	1	1	0.0808	0.0200	0.0217
ENSG00000196668.4	LINC00173	lncRNA	553	278	275	12.0294	2.9832	3.2255
ENSG00000196670.14	ZFP62	protein_coding	4887	2442	2445	66.0333	16.3756	17.7057
ENSG00000196678.14	ERI2	protein_coding	938	667	687	7.8678	1.9511	2.1096
ENSG00000196683.11	TOMM7	protein_coding	8569	4427	4142	277.5258	68.8236	74.4139
ENSG00000196684.12	HSH2D	protein_coding	3795	1887	1909	63.3356	15.7066	16.9824
ENSG00000196689.12	TRPV1	protein_coding	349	184	165	3.5861	0.8893	0.9616
ENSG00000196693.15	ZNF33B	protein_coding	2796	1440	1475	19.0831	4.7324	5.1168
ENSG00000196696.13	PDXDC2P-NPIPB14P	lncRNA	44	16	28	0.4010	0.0994	0.1075
ENSG00000196700.9	ZNF512B	protein_coding	2343	1175	1212	22.2119	5.5083	5.9557
ENSG00000196704.13	AMZ2	protein_coding	7879	3969	3910	97.7934	24.2518	26.2217
ENSG00000196705.8	ZNF431	protein_coding	1296	635	662	5.2007	1.2897	1.3945
ENSG00000196711.9	ALKAL1	protein_coding	0	0	0	0.0000	0.0000	0.0000
ENSG00000196712.18	NF1	protein_coding	13365	7024	7010	27.9369	6.9281	7.4908
ENSG00000196715.7	VKORC1L1	protein_coding	5635	2803	2832	52.4558	13.0085	14.0651
ENSG00000196724.13	ZNF418	protein_coding	331	165	166	4.1602	1.0317	1.1155
ENSG00000196730.13	DAPK1	protein_coding	1860	937	923	11.8411	2.9365	3.1750
ENSG00000196734.9	LCE1B	protein_coding	0	0	0	0.0000	0.0000	0.0000
ENSG00000196735.13	HLA-DQA1	protein_coding	8334	4276	4065	68.6650	17.0282	18.4114
ENSG00000196739.15	COL27A1	protein_coding	1064	544	520	4.3066	1.0680	1.1547
ENSG00000196741.5	LINC01560	lncRNA	169	80	89	7.6488	1.8968	2.0509
ENSG00000196743.9	GM2A	protein_coding	6890	3524	3367	93.3425	23.1480	25.0282
ENSG00000196747.4	H2AC13	protein_coding	15	6	9	1.6912	0.4194	0.4535
ENSG00000196748.10	CLPSL2	protein_coding	102	47	55	9.4671	2.3478	2.5385
ENSG00000196754.13	S100A2	protein_coding	205	109	96	7.5198	1.8648	2.0163
ENSG00000196756.13	SNHG17	lncRNA	764	393	371	3.6643	0.9087	0.9825
ENSG00000196757.8	ZNF700	protein_coding	979	479	500	16.7276	4.1483	4.4852
ENSG00000196758.3	AC079612.1	lncRNA	0	0	0	0.0000	0.0000	0.0000
ENSG00000196767.9	POU3F4	protein_coding	0	0	0	0.0000	0.0000	0.0000
ENSG00000196772.4	OR14A16	protein_coding	0	0	0	0.0000	0.0000	0.0000
ENSG00000196776.17	CD47	protein_coding	14768	7450	7319	101.7115	25.2234	27.2723
ENSG00000196778.3	OR52K1	protein_coding	1	1	0	0.0104	0.0026	0.0028
ENSG00000196781.16	TLE1	protein_coding	794	387	407	8.5653	2.1241	2.2966
ENSG00000196782.12	MAML3	protein_coding	797	408	423	6.4458	1.5985	1.7283
ENSG00000196787.3	H2AC11	protein_coding	53	26	27	1.3358	0.3313	0.3582
ENSG00000196792.12	STRN3	protein_coding	3036	1693	1694	34.6770	8.5996	9.2981
ENSG00000196793.14	ZNF239	protein_coding	766	351	415	17.3136	4.2936	4.6424
ENSG00000196796.5	NPIPB10P	unprocessed_pseudogene	3	2	1	0.1256	0.0312	0.0337
ENSG00000196800.6	SPINK14	protein_coding	2	1	1	0.3858	0.0957	0.1034
ENSG00000196805.7	SPRR2B	protein_coding	0	0	0	0.0000	0.0000	0.0000
ENSG00000196810.5	CTBP1-DT	lncRNA	1364	738	710	9.8916	2.4530	2.6523
ENSG00000196811.13	CHRNG	protein_coding	0	4	3	0.0000	0.0000	0.0000
ENSG00000196812.5	ZSCAN16	protein_coding	284	206	197	12.5924	3.1228	3.3764
ENSG00000196814.15	MVB12B	protein_coding	1234	636	598	8.8538	2.1956	2.3740
ENSG00000196821.10	ILRUN	protein_coding	9616	5150	4914	119.8249	29.7154	32.1291
ENSG00000196826.7	AC008758.1	protein_coding	0	0	0	0.0000	0.0000	0.0000
ENSG00000196832.4	OR11G2	protein_coding	0	0	0	0.0000	0.0000	0.0000
ENSG00000196834.13	POTEI	protein_coding	34	14	21	0.2816	0.0698	0.0755
ENSG00000196839.13	ADA	protein_coding	308	178	171	6.2181	1.5420	1.6673
ENSG00000196843.17	ARID5A	protein_coding	1431	694	737	22.7891	5.6515	6.1105
ENSG00000196844.9	PATE2	protein_coding	0	0	0	0.0000	0.0000	0.0000
ENSG00000196850.6	PPTC7	protein_coding	3052	1717	1687	30.4448	7.5500	8.1633
ENSG00000196859.8	KRT39	protein_coding	34	13	21	0.9679	0.2400	0.2595
ENSG00000196860.8	TOMM20L	protein_coding	24	51	52	2.2349	0.5542	0.5992
ENSG00000196862.10	RGPD4	protein_coding	98	40	58	0.7706	0.1911	0.2066
ENSG00000196865.4	NHLRC2	protein_coding	3429	1692	1737	17.3268	4.2969	4.6459
ENSG00000196866.3	H2AC7	protein_coding	0	0	0	0.0000	0.0000	0.0000
ENSG00000196867.8	ZFP28	protein_coding	504	246	258	4.0995	1.0166	1.0992
ENSG00000196872.12	CRACDL	protein_coding	1379	671	708	16.6213	4.1219	4.4567
ENSG00000196873.16	CBWD3	protein_coding	46	17	29	0.2180	0.0541	0.0585
ENSG00000196876.18	SCN8A	protein_coding	240	126	139	0.8431	0.2091	0.2261
ENSG00000196878.15	LAMB3	protein_coding	866	438	428	10.5683	2.6208	2.8337
ENSG00000196890.4	H2BU1	protein_coding	153	89	64	3.6703	0.9102	0.9841
ENSG00000196893.3	AC090286.1	lncRNA	0	0	0	0.0000	0.0000	0.0000
ENSG00000196900.5	TEX43	protein_coding	1	0	1	0.1157	0.0287	0.0310
ENSG00000196911.11	KPNA5	protein_coding	883	418	466	4.3856	1.0876	1.1759
ENSG00000196912.12	ANKRD36B	protein_coding	110	52	59	0.9213	0.2285	0.2470
ENSG00000196914.9	ARHGEF12	protein_coding	16486	8304	8182	37.5380	9.3090	10.0652
ENSG00000196917.6	HCAR1	protein_coding	2056	1057	999	24.4487	6.0630	6.5555
ENSG00000196922.10	ZNF252P	transcribed_unprocessed_pseudogene	4858	2728	2549	30.1155	7.4684	8.0750
ENSG00000196923.14	PDLIM7	protein_coding	4272	2150	2123	54.9728	13.6327	14.7400
ENSG00000196924.19	FLNA	protein_coding	70824	35752	35076	369.8368	91.7158	99.1656
ENSG00000196932.12	TMEM26	protein_coding	1618	909	905	13.4167	3.3272	3.5975
ENSG00000196933.5	RPS26P11	processed_pseudogene	0	0	0	0.0000	0.0000	0.0000
ENSG00000196935.9	SRGAP1	protein_coding	2301	1361	1442	4.9748	1.2337	1.3339
ENSG00000196937.11	FAM3C	protein_coding	2452	1252	1200	40.9581	10.1572	10.9822
ENSG00000196943.14	NOP9	protein_coding	1972	2330	2345	18.4999	4.5878	4.9604
ENSG00000196944.4	OR2T4	protein_coding	1	1	0	0.0542	0.0134	0.0145
ENSG00000196946.10	ZNF705A	protein_coding	0	0	0	0.0000	0.0000	0.0000
ENSG00000196950.14	SLC39A10	protein_coding	4096	2079	2018	33.5816	8.3279	9.0044
ENSG00000196951.11	SCOC-AS1	lncRNA	27	16	11	0.1790	0.0444	0.0480
ENSG00000196954.14	CASP4	protein_coding	2115	1044	1071	17.9957	4.4628	4.8253
ENSG00000196961.13	AP2A1	protein_coding	5333	2897	2871	34.7067	8.6069	9.3060
ENSG00000196967.11	ZNF585A	protein_coding	442	212	230	2.3300	0.5778	0.6247
ENSG00000196968.11	FUT11	protein_coding	2299	1155	1165	26.4723	6.5649	7.0981
ENSG00000196970.8	NXF4	transcribed_unprocessed_pseudogene	0	0	0	0.0000	0.0000	0.0000
ENSG00000196972.9	SMIM10L2B	protein_coding	55	26	29	1.1072	0.2746	0.2969
ENSG00000196975.16	ANXA4	protein_coding	6643	3510	3133	34.0619	8.4470	9.1331
ENSG00000196976.7	LAGE3	protein_coding	787	409	381	47.0292	11.6628	12.6101
ENSG00000196979.1	GPRACR	lncRNA	12	11	1	0.2089	0.0518	0.0560
ENSG00000196981.4	WDR5B	protein_coding	1311	811	746	17.6303	4.3721	4.7273
ENSG00000196990.9	FAM163B	protein_coding	1	1	0	0.0189	0.0047	0.0051
ENSG00000196993.8	NPIPB9	protein_coding	0	0	0	0.0000	0.0000	0.0000
ENSG00000196998.19	WDR45	protein_coding	1030	570	461	12.4518	3.0879	3.3387
ENSG00000197006.14	METTL9	protein_coding	6179	3074	3146	50.3971	12.4980	13.5131
ENSG00000197008.10	ZNF138	protein_coding	810	377	433	16.1176	3.9970	4.3217
ENSG00000197013.10	ZNF429	protein_coding	962	491	472	7.2058	1.7870	1.9321
ENSG00000197016.12	ZNF470	protein_coding	366	183	185	2.1464	0.5323	0.5755
ENSG00000197019.5	SERTAD1	protein_coding	1400	739	661	38.0969	9.4476	10.2151
ENSG00000197020.11	ZNF100	protein_coding	568	278	291	4.9118	1.2181	1.3170
ENSG00000197021.9	EOLA2	protein_coding	1551	808	842	36.6794	9.0961	9.8350
ENSG00000197023.6	OR51A6P	unprocessed_pseudogene	0	0	0	0.0000	0.0000	0.0000
ENSG00000197024.9	ZNF398	protein_coding	2531	1261	1270	22.7686	5.6464	6.1050
ENSG00000197037.11	ZSCAN25	protein_coding	1223	634	605	9.7754	2.4242	2.6211
ENSG00000197038.6	RBMY1A3P	unprocessed_pseudogene	0	0	0	0.0000	0.0000	0.0000
ENSG00000197043.14	ANXA6	protein_coding	28290	14311	13980	292.8669	72.6280	78.5274
ENSG00000197044.11	ZNF441	protein_coding	1090	545	545	13.0189	3.2286	3.4908
ENSG00000197045.13	GMFB	protein_coding	6655	3389	3266	48.4101	12.0052	12.9804
ENSG00000197046.12	SIGLEC15	protein_coding	45	23	22	0.7399	0.1835	0.1984
ENSG00000197050.11	ZNF420	protein_coding	739	421	463	10.2793	2.5492	2.7562
ENSG00000197054.12	ZNF763	protein_coding	165	74	91	3.0370	0.7532	0.8143
ENSG00000197056.11	ZMYM1	protein_coding	919	446	473	10.0128	2.4831	2.6848
ENSG00000197057.10	DTHD1	protein_coding	1	0	1	0.0077	0.0019	0.0021
ENSG00000197061.5	H4C3	protein_coding	2	0	2	0.2800	0.0694	0.0751
ENSG00000197062.11	ZSCAN26	protein_coding	1147	563	584	22.1774	5.4998	5.9465
ENSG00000197063.11	MAFG	protein_coding	1978	1028	1003	21.4028	5.3077	5.7388
ENSG00000197067.6	OR2T32P	transcribed_unprocessed_pseudogene	0	0	0	0.0000	0.0000	0.0000
ENSG00000197070.14	ARRDC1	protein_coding	1210	624	599	18.1053	4.4899	4.8546
ENSG00000197077.13	KIAA1671	protein_coding	11329	5827	5952	39.0819	9.6919	10.4792
ENSG00000197079.8	KRT35	protein_coding	12	7	5	0.3827	0.0949	0.1026
ENSG00000197081.16	IGF2R	protein_coding	16392	8207	8187	41.1086	10.1945	11.0226
ENSG00000197083.11	ZNF300P1	transcribed_unprocessed_pseudogene	215	108	107	3.8992	0.9670	1.0455
ENSG00000197084.5	LCE1C	protein_coding	0	0	0	0.0000	0.0000	0.0000
ENSG00000197085.11	NPSR1-AS1	lncRNA	0	0	0	0.0000	0.0000	0.0000
ENSG00000197092.5	GOLGA6L16P	unprocessed_pseudogene	0	0	0	0.0000	0.0000	0.0000
ENSG00000197093.11	GAL3ST4	protein_coding	2146	1084	1062	37.2854	9.2464	9.9975
ENSG00000197099.8	AC068631.1	lncRNA	0	11	13	0.0000	0.0000	0.0000
ENSG00000197102.12	DYNC1H1	protein_coding	31475	18125	17789	48.5185	12.0321	13.0094
ENSG00000197106.7	SLC6A17	protein_coding	61	32	36	0.5213	0.1293	0.1398
ENSG00000197110.9	IFNL3	protein_coding	10	3	7	0.7355	0.1824	0.1972
ENSG00000197111.16	PCBP2	protein_coding	10512	8278	8000	75.2126	18.6520	20.1670
ENSG00000197114.12	ZGPAT	protein_coding	180	91	90	3.0645	0.7600	0.8217
ENSG00000197119.13	SLC25A29	protein_coding	1279	843	801	9.7411	2.4157	2.6119
ENSG00000197121.15	PGAP1	protein_coding	1447	713	734	6.4305	1.5947	1.7242
ENSG00000197122.12	SRC	protein_coding	3610	1790	1820	31.5833	7.8323	8.4685
ENSG00000197123.9	ZNF679	protein_coding	2	1	1	0.0724	0.0179	0.0194
ENSG00000197124.12	ZNF682	protein_coding	314	150	164	3.5850	0.8891	0.9613
ENSG00000197125.3	OR8B8	protein_coding	0	0	0	0.0000	0.0000	0.0000
ENSG00000197128.12	ZNF772	protein_coding	323	173	150	3.0048	0.7452	0.8057
ENSG00000197134.13	ZNF257	protein_coding	251	135	117	2.7543	0.6830	0.7385
ENSG00000197136.4	PCNX3	protein_coding	2963	1488	1478	21.0777	5.2271	5.6516
ENSG00000197140.15	ADAM32	protein_coding	35	14	21	0.1975	0.0490	0.0530
ENSG00000197142.10	ACSL5	protein_coding	367	254	247	4.9133	1.2184	1.3174
ENSG00000197147.15	LRRC8B	protein_coding	1636	1002	920	11.2226	2.7831	3.0092
ENSG00000197149.5	AC107956.1	processed_pseudogene	147	69	78	9.5491	2.3681	2.5604
ENSG00000197150.13	ABCB8	protein_coding	2868	1438	1453	17.4212	4.3203	4.6712
ENSG00000197153.5	H3C12	protein_coding	3	3	0	0.1983	0.0492	0.0532
ENSG00000197157.11	SND1	protein_coding	9932	4904	5030	86.8399	21.5354	23.2847
ENSG00000197161.7	OR4C4P	unprocessed_pseudogene	0	0	0	0.0000	0.0000	0.0000
ENSG00000197162.10	ZNF785	protein_coding	871	652	617	9.9787	2.4746	2.6756
ENSG00000197165.11	SULT1A2	protein_coding	5	2	3	0.1280	0.0317	0.0343
ENSG00000197168.13	NEK5	protein_coding	1008	520	504	8.1026	2.0094	2.1726
ENSG00000197170.10	PSMD12	protein_coding	6793	3417	3376	72.1136	17.8834	19.3361
ENSG00000197171.6	AL672167.1	transcribed_unprocessed_pseudogene	0	0	0	0.0000	0.0000	0.0000
ENSG00000197172.10	MAGEA6	protein_coding	0	0	0	0.0000	0.0000	0.0000
ENSG00000197176.7	LINC02291	lncRNA	0	0	0	0.0000	0.0000	0.0000
ENSG00000197177.15	ADGRA1	protein_coding	0	0	0	0.0000	0.0000	0.0000
ENSG00000197180.2	CH17-340M24.3	lncRNA	331	159	172	31.3896	7.7843	8.4166
ENSG00000197181.12	PIWIL2	protein_coding	116	53	63	1.1467	0.2844	0.3075
ENSG00000197182.14	MIRLET7BHG	lncRNA	144	73	71	1.4257	0.3536	0.3823
ENSG00000197183.14	NOL4L	protein_coding	4689	2521	2554	28.1449	6.9797	7.5466
ENSG00000197185.7	SSXP1	unprocessed_pseudogene	0	0	0	0.0000	0.0000	0.0000
ENSG00000197191.6	CYSRT1	protein_coding	150	80	70	6.5384	1.6215	1.7532
ENSG00000197208.6	SLC22A4	protein_coding	1129	773	756	23.5302	5.8352	6.3092
ENSG00000197210.7	AP000550.1	lncRNA	0	6	1	0.0000	0.0000	0.0000
ENSG00000197213.10	ZSCAN5B	protein_coding	5	3	3	0.1377	0.0342	0.0369
ENSG00000197214.5	TCEA1P1	processed_pseudogene	0	0	0	0.0000	0.0000	0.0000
ENSG00000197217.13	ENTPD4	protein_coding	1916	941	975	15.4035	3.8199	4.1302
ENSG00000197223.12	C1D	protein_coding	883	428	455	14.0463	3.4833	3.7663
ENSG00000197226.13	TBC1D9B	protein_coding	15700	7890	7810	77.3475	19.1814	20.7394
ENSG00000197233.7	OR1J2	protein_coding	0	0	0	0.0000	0.0000	0.0000
ENSG00000197238.5	H4C11	protein_coding	8	5	3	1.1663	0.2892	0.3127
ENSG00000197241.3	SLC2A7	protein_coding	0	0	0	0.0000	0.0000	0.0000
ENSG00000197245.6	FAM110D	protein_coding	54	23	31	1.0941	0.2713	0.2934
ENSG00000197249.14	SERPINA1	protein_coding	2479	1336	1148	28.6789	7.1121	7.6898
ENSG00000197251.3	LINC00336	lncRNA	2	3	0	0.0538	0.0133	0.0144
ENSG00000197253.13	TPSB2	protein_coding	1642	853	836	53.5775	13.2867	14.3659
ENSG00000197254.4	AP000445.1	processed_pseudogene	0	0	0	0.0000	0.0000	0.0000
ENSG00000197256.11	KANK2	protein_coding	7867	4005	3866	58.4332	14.4908	15.6679
ENSG00000197258.5	EIF4BP6	processed_pseudogene	151	75	76	4.6845	1.1617	1.2561
ENSG00000197261.11	C6orf141	protein_coding	251	130	121	4.8416	1.2007	1.2982
ENSG00000197265.9	GTF2E2	protein_coding	1127	576	553	24.7721	6.1432	6.6422
ENSG00000197272.2	IL27	protein_coding	45	20	25	2.0094	0.4983	0.5388
ENSG00000197273.4	GUCA2A	protein_coding	0	0	0	0.0000	0.0000	0.0000
ENSG00000197275.14	RAD54B	protein_coding	151	73	78	1.6099	0.3992	0.4317
ENSG00000197279.4	ZNF165	protein_coding	451	336	311	10.1735	2.5229	2.7279
ENSG00000197283.17	SYNGAP1	protein_coding	1722	1007	954	11.7983	2.9259	3.1635
ENSG00000197291.9	RAMP2-AS1	lncRNA	79	49	39	1.0749	0.2666	0.2882
ENSG00000197296.6	FITM2	protein_coding	1621	844	777	19.8632	4.9259	5.3260
ENSG00000197299.12	BLM	protein_coding	413	227	229	3.5188	0.8726	0.9435
ENSG00000197301.7	HMGA2-AS1	lncRNA	413	217	212	3.8822	0.9627	1.0409
ENSG00000197302.10	ZNF720	protein_coding	1096	567	532	6.3319	1.5703	1.6978
ENSG00000197308.9	GATA3-AS1	lncRNA	283	411	364	6.7660	1.6779	1.8142
ENSG00000197309.3	OR10D3	protein_coding	0	0	0	0.0000	0.0000	0.0000
ENSG00000197312.12	DDI2	protein_coding	4047	2030	2019	18.8459	4.6736	5.0532
ENSG00000197320.5	AC060834.1	processed_pseudogene	1	1	0	0.0279	0.0069	0.0075
ENSG00000197321.15	SVIL	protein_coding	6644	3950	3832	30.0559	7.4536	8.0590
ENSG00000197322.4	C17orf102	lncRNA	1	0	1	0.0142	0.0035	0.0038
ENSG00000197323.12	TRIM33	protein_coding	5300	2736	2564	31.2956	7.7610	8.3914
ENSG00000197324.9	LRP10	protein_coding	18205	9115	9091	145.0415	35.9688	38.8905
ENSG00000197329.12	PELI1	protein_coding	1159	572	587	16.0662	3.9843	4.3079
ENSG00000197332.9	AC008543.1	lncRNA	17	9	8	0.2758	0.0684	0.0740
ENSG00000197334.2	Metazoa_SRP	misc_RNA	1	1	0	0.2108	0.0523	0.0565
ENSG00000197343.11	ZNF655	protein_coding	4295	2149	2167	28.9929	7.1899	7.7740
ENSG00000197345.13	MRPL21	protein_coding	1071	534	537	21.4996	5.3317	5.7648
ENSG00000197353.4	LYPD2	protein_coding	0	0	0	0.0000	0.0000	0.0000
ENSG00000197355.11	UAP1L1	protein_coding	1525	768	758	16.4197	4.0719	4.4027
ENSG00000197358.9	BNIP3P1	transcribed_processed_pseudogene	5	3	2	0.1789	0.0444	0.0480
ENSG00000197360.9	ZNF98	protein_coding	32	18	18	0.5514	0.1367	0.1479
ENSG00000197361.8	FBXL22	protein_coding	51	42	40	0.8003	0.1985	0.2146
ENSG00000197362.15	ZNF786	protein_coding	700	358	342	12.1286	3.0078	3.2521
ENSG00000197363.9	ZNF517	protein_coding	1747	897	852	18.6647	4.6287	5.0046
ENSG00000197364.7	S100A7L2	protein_coding	0	0	0	0.0000	0.0000	0.0000
ENSG00000197372.10	ZNF675	protein_coding	1235	595	641	10.3223	2.5598	2.7678
ENSG00000197375.13	SLC22A5	protein_coding	3560	1794	1806	15.7368	3.9026	4.2196
ENSG00000197376.3	AC089987.1	transcribed_processed_pseudogene	0	0	0	0.0000	0.0000	0.0000
ENSG00000197380.11	DACT3	protein_coding	925	444	481	9.5969	2.3799	2.5733
ENSG00000197381.16	ADARB1	protein_coding	3607	1832	1783	20.3555	5.0480	5.4580
ENSG00000197385.6	ZNF860	protein_coding	164	70	94	2.7524	0.6826	0.7380
ENSG00000197386.12	HTT	protein_coding	6497	3300	3201	18.6121	4.6156	4.9905
ENSG00000197403.4	OR6N1	protein_coding	0	0	0	0.0000	0.0000	0.0000
ENSG00000197405.8	C5AR1	protein_coding	2085	1025	1060	39.8921	9.8928	10.6964
ENSG00000197406.7	DIO3	protein_coding	289	157	132	7.7969	1.9336	2.0906
ENSG00000197408.10	CYP2B6	protein_coding	56	32	24	0.8507	0.2110	0.2281
ENSG00000197409.8	H3C4	protein_coding	0	0	0	0.0000	0.0000	0.0000
ENSG00000197410.14	DCHS2	protein_coding	34	45	37	0.1157	0.0287	0.0310
ENSG00000197415.12	VEPH1	protein_coding	737	433	439	6.3878	1.5841	1.7128
ENSG00000197416.4	FABP12	protein_coding	0	0	0	0.0000	0.0000	0.0000
ENSG00000197417.9	SHPK	protein_coding	180	85	95	2.6948	0.6683	0.7226
ENSG00000197421.10	GGT3P	transcribed_unprocessed_pseudogene	0	0	0	0.0000	0.0000	0.0000
ENSG00000197428.3	OR51D1	protein_coding	0	0	0	0.0000	0.0000	0.0000
ENSG00000197429.11	IPP	protein_coding	1269	678	703	19.4080	4.8130	5.2039
ENSG00000197430.11	OPALIN	protein_coding	0	0	0	0.0000	0.0000	0.0000
ENSG00000197437.4	OR13G1	protein_coding	0	0	0	0.0000	0.0000	0.0000
ENSG00000197442.10	MAP3K5	protein_coding	3668	1836	1832	39.5235	9.8014	10.5976
ENSG00000197444.10	OGDHL	protein_coding	1	1	0	0.0099	0.0025	0.0027
ENSG00000197446.9	CYP2F1	protein_coding	4	1	4	0.0754	0.0187	0.0202
ENSG00000197448.14	GSTK1	protein_coding	7570	3725	3845	101.8734	25.2636	27.3157
ENSG00000197451.12	HNRNPAB	protein_coding	12046	7066	7209	322.5346	79.9853	86.4823
ENSG00000197454.2	OR2L5	protein_coding	0	0	0	0.0000	0.0000	0.0000
ENSG00000197457.10	STMN3	protein_coding	7211	3598	3613	135.0068	33.4803	36.1998
ENSG00000197461.13	PDGFA	protein_coding	1871	953	918	25.5612	6.3389	6.8538
ENSG00000197462.3	AC003975.1	lncRNA	0	0	0	0.0000	0.0000	0.0000
ENSG00000197465.14	GYPE	protein_coding	6	3	3	0.1695	0.0420	0.0455
ENSG00000197467.16	COL13A1	protein_coding	149	72	77	0.8560	0.2123	0.2295
ENSG00000197468.5	AC073648.1	unprocessed_pseudogene	0	0	0	0.0000	0.0000	0.0000
ENSG00000197471.12	SPN	protein_coding	360	181	179	2.7656	0.6858	0.7415
ENSG00000197472.15	ZNF695	protein_coding	24	15	9	0.3624	0.0899	0.0972
ENSG00000197475.11	ADAM3A	transcribed_unitary_pseudogene	1	0	1	0.0189	0.0047	0.0051
ENSG00000197476.3	AC034105.1	processed_pseudogene	2	0	2	0.3555	0.0882	0.0953
ENSG00000197479.7	PCDHB11	protein_coding	160	89	79	2.1759	0.5396	0.5834
ENSG00000197483.10	ZNF628	protein_coding	215	106	109	3.4191	0.8479	0.9168
ENSG00000197487.9	GALP	protein_coding	0	0	0	0.0000	0.0000	0.0000
ENSG00000197496.6	SLC2A10	protein_coding	13645	6844	6802	159.9437	39.6644	42.8862
ENSG00000197497.11	ZNF665	protein_coding	320	159	191	2.3875	0.5921	0.6402
ENSG00000197498.13	RPF2	protein_coding	2080	1073	1008	30.0757	7.4585	8.0643
ENSG00000197503.4	LINC00477	lncRNA	2	1	2	0.0663	0.0164	0.0178
ENSG00000197506.8	SLC28A3	protein_coding	295	148	171	3.2560	0.8075	0.8730
ENSG00000197520.10	FAM177B	protein_coding	20	9	15	0.4357	0.1081	0.1168
ENSG00000197530.12	MIB2	protein_coding	751	377	386	4.8579	1.2047	1.3026
ENSG00000197532.2	OR6Y1	protein_coding	0	0	0	0.0000	0.0000	0.0000
ENSG00000197535.15	MYO5A	protein_coding	5605	2811	2794	24.5054	6.0771	6.5707
ENSG00000197536.11	IRF1-AS1	lncRNA	619	884	846	3.6085	0.8949	0.9676
ENSG00000197540.8	GZMM	protein_coding	17	5	12	1.0202	0.2530	0.2735
ENSG00000197548.12	ATG7	protein_coding	2253	3764	3822	14.4648	3.5871	3.8785
ENSG00000197549.9	PRAMENP	transcribed_unprocessed_pseudogene	0	2	0	0.0000	0.0000	0.0000
ENSG00000197550.3	AL359955.1	unprocessed_pseudogene	0	0	0	0.0000	0.0000	0.0000
ENSG00000197555.9	SIPA1L1	protein_coding	4758	3626	3433	21.7391	5.3911	5.8290
ENSG00000197557.7	TTC30A	protein_coding	676	387	368	6.6741	1.6551	1.7895
ENSG00000197558.13	SSPOP	transcribed_unitary_pseudogene	235	124	111	0.6317	0.1567	0.1694
ENSG00000197561.7	ELANE	protein_coding	12	4	8	0.6620	0.1642	0.1775
ENSG00000197562.10	RAB40C	protein_coding	1593	762	831	21.6019	5.3570	5.7922
ENSG00000197563.11	PIGN	protein_coding	2363	1168	1195	7.0518	1.7488	1.8908
ENSG00000197565.16	COL4A6	protein_coding	334	170	164	2.0406	0.5061	0.5472
ENSG00000197566.10	ZNF624	protein_coding	593	291	303	6.6030	1.6375	1.7705
ENSG00000197568.14	HHLA3	lncRNA	406	225	182	18.8414	4.6725	5.0520
ENSG00000197575.6	RPS17P2	processed_pseudogene	0	0	0	0.0000	0.0000	0.0000
ENSG00000197576.14	HOXA4	protein_coding	6	17	10	0.1969	0.0488	0.0528
ENSG00000197579.8	TOPORS	protein_coding	2156	1170	1170	29.5974	7.3398	7.9360
ENSG00000197580.13	BCO2	protein_coding	62	35	27	0.5199	0.1289	0.1394
ENSG00000197582.5	GPX1P1	processed_pseudogene	9	6	3	0.8422	0.2089	0.2258
ENSG00000197584.12	KCNMB2	protein_coding	5	2	3	0.0801	0.0199	0.0215
ENSG00000197585.10	AC068051.1	lncRNA	10	5	5	0.4406	0.1093	0.1181
ENSG00000197586.13	ENTPD6	protein_coding	4069	2380	2374	34.5801	8.5755	9.2721
ENSG00000197587.11	DMBX1	protein_coding	154	91	63	1.7232	0.4273	0.4621
ENSG00000197588.9	KLKP1	transcribed_unprocessed_pseudogene	29	14	15	0.8601	0.2133	0.2306
ENSG00000197591.3	OR11L1	protein_coding	0	0	0	0.0000	0.0000	0.0000
ENSG00000197594.13	ENPP1	protein_coding	18018	9034	8990	102.6007	25.4439	27.5107
ENSG00000197595.4	ATP11AUN	lncRNA	1	1	0	0.0253	0.0063	0.0068
ENSG00000197599.12	CCDC154	protein_coding	45	28	40	0.9362	0.2322	0.2510
ENSG00000197601.13	FAR1	protein_coding	7027	3569	3458	53.1122	13.1713	14.2412
ENSG00000197603.15	CPLANE1	protein_coding	3548	1748	1818	9.4233	2.3369	2.5267
ENSG00000197608.11	ZNF841	protein_coding	518	253	265	6.8523	1.6993	1.8373
ENSG00000197614.11	MFAP5	protein_coding	10351	5177	5236	150.9398	37.4316	40.4720
ENSG00000197616.13	MYH6	protein_coding	0	1	0	0.0000	0.0000	0.0000
ENSG00000197617.9	VN1R5	polymorphic_pseudogene	8	1	7	0.3662	0.0908	0.0982
ENSG00000197619.14	ZNF615	protein_coding	765	403	363	8.8573	2.1965	2.3749
ENSG00000197620.11	EOLA1	protein_coding	1331	691	742	14.7251	3.6517	3.9483
ENSG00000197622.13	CDC42SE1	protein_coding	6860	4690	4589	92.9805	23.0582	24.9312
ENSG00000197627.3	UBE2Q2P12	unprocessed_pseudogene	0	0	0	0.0000	0.0000	0.0000
ENSG00000197629.6	MPEG1	protein_coding	3090	1583	1570	39.6636	9.8362	10.6351
ENSG00000197632.9	SERPINB2	protein_coding	14	8	6	0.2897	0.0718	0.0777
ENSG00000197635.11	DPP4	protein_coding	1404	740	694	5.5170	1.3682	1.4793
ENSG00000197641.12	SERPINB13	protein_coding	1	1	0	0.0125	0.0031	0.0034
ENSG00000197644.2	AC106870.1	lncRNA	0	0	0	0.0000	0.0000	0.0000
ENSG00000197646.8	PDCD1LG2	protein_coding	495	246	249	11.5425	2.8624	3.0949
ENSG00000197647.11	ZNF433	protein_coding	353	180	200	6.5017	1.6123	1.7433
ENSG00000197651.4	CCER1	protein_coding	0	0	0	0.0000	0.0000	0.0000
ENSG00000197653.16	DNAH10	protein_coding	224	381	303	0.7825	0.1941	0.2098
ENSG00000197658.9	SLC22A24	protein_coding	1	1	0	0.0228	0.0056	0.0061
ENSG00000197665.7	AC007952.1	lncRNA	0	1	0	0.0000	0.0000	0.0000
ENSG00000197670.6	AL157838.1	lncRNA	125	366	386	2.8332	0.7026	0.7597
ENSG00000197674.7	OR51C1P	protein_coding	0	0	0	0.0000	0.0000	0.0000
ENSG00000197683.5	KRTAP26-1	protein_coding	0	0	0	0.0000	0.0000	0.0000
ENSG00000197692.5	CBX3P7	processed_pseudogene	1	0	1	0.1130	0.0280	0.0303
ENSG00000197694.18	SPTAN1	protein_coding	24250	12569	12609	84.3433	20.9163	22.6152
ENSG00000197696.10	NMB	protein_coding	200	100	100	11.0978	2.7522	2.9757
ENSG00000197702.14	PARVA	protein_coding	13892	6918	6974	63.1718	15.6660	16.9385
ENSG00000197705.10	KLHL14	protein_coding	2	2	1	0.0229	0.0057	0.0061
ENSG00000197706.3	OR6C74	protein_coding	0	0	0	0.0000	0.0000	0.0000
ENSG00000197712.12	FAM114A1	protein_coding	7571	3817	3754	88.1444	21.8589	23.6344
ENSG00000197713.15	RPE	protein_coding	2486	1494	1488	40.0173	9.9239	10.7300
ENSG00000197714.9	ZNF460	protein_coding	113	72	74	1.6001	0.3968	0.4290
ENSG00000197721.17	CR1L	protein_coding	0	0	0	0.0000	0.0000	0.0000
ENSG00000197724.11	PHF2	protein_coding	4263	2197	2066	44.8358	11.1188	12.0220
ENSG00000197728.11	RPS26	protein_coding	4821	2344	2477	133.1704	33.0249	35.7074
ENSG00000197734.10	C14orf178	lncRNA	0	72	79	0.0000	0.0000	0.0000
ENSG00000197744.5	PTMAP2	processed_pseudogene	25	17	8	4.3356	1.0752	1.1625
ENSG00000197745.3	SCGB1D4	protein_coding	0	0	0	0.0000	0.0000	0.0000
ENSG00000197746.14	PSAP	protein_coding	160145	79541	80607	2847.8578	706.2400	763.6057
ENSG00000197747.9	S100A10	protein_coding	15748	7770	7978	882.4789	218.8459	236.6220
ENSG00000197748.13	CFAP43	protein_coding	407	213	194	3.2119	0.7965	0.8612
ENSG00000197753.11	LHFPL5	protein_coding	66	1122	1106	0.4969	0.1232	0.1332
ENSG00000197756.10	RPL37A	protein_coding	34930	17494	17440	319.2392	79.1681	85.5987
ENSG00000197757.8	HOXC6	protein_coding	529	266	263	8.6754	2.1514	2.3262
ENSG00000197763.19	TXNRD3	protein_coding	833	425	408	12.5270	3.1066	3.3589
ENSG00000197766.8	CFD	protein_coding	7321	3745	3577	342.5526	84.9496	91.8498
ENSG00000197768.10	STPG3	protein_coding	13	19	17	0.4576	0.1135	0.1227
ENSG00000197769.6	MAP1LC3C	protein_coding	27	10	17	1.2686	0.3146	0.3401
ENSG00000197771.13	MCMBP	protein_coding	7346	3735	3611	69.5014	17.2356	18.6356
ENSG00000197774.13	EME2	protein_coding	584	1147	1032	4.5331	1.1242	1.2155
ENSG00000197776.8	KLHDC1	protein_coding	343	151	192	6.4752	1.6058	1.7362
ENSG00000197779.15	ZNF81	protein_coding	1476	742	735	7.0851	1.7570	1.8998
ENSG00000197780.10	TAF13	protein_coding	1545	765	780	62.5388	15.5090	16.7687
ENSG00000197782.14	ZNF780A	protein_coding	1186	593	600	8.4368	2.0922	2.2622
ENSG00000197785.14	ATAD3A	protein_coding	944	466	478	16.0090	3.9701	4.2926
ENSG00000197786.3	OR5B17	protein_coding	0	0	0	0.0000	0.0000	0.0000
ENSG00000197790.1	OR52M1	protein_coding	0	0	0	0.0000	0.0000	0.0000
ENSG00000197794.2	IGKV7-3	IG_V_pseudogene	0	0	0	0.0000	0.0000	0.0000
ENSG00000197798.9	FAM118B	protein_coding	887	525	554	14.2337	3.5298	3.8165
ENSG00000197808.12	ZNF461	protein_coding	438	235	204	5.1986	1.2892	1.3939
ENSG00000197813.6	AC011450.1	lncRNA	1	46	54	0.0802	0.0199	0.0215
ENSG00000197815.4	AC122129.1	lncRNA	48	25	23	1.4998	0.3719	0.4021
ENSG00000197816.16	CCDC180	protein_coding	62	27	35	0.2445	0.0606	0.0656
ENSG00000197818.12	SLC9A8	protein_coding	2590	1326	1264	21.1458	5.2439	5.6699
ENSG00000197822.11	OCLN	protein_coding	2369	1212	1157	19.8707	4.9277	5.3280
ENSG00000197826.12	CFAP299	protein_coding	0	0	0	0.0000	0.0000	0.0000
ENSG00000197837.3	H4-16	protein_coding	86	43	43	1.8918	0.4691	0.5073
ENSG00000197838.5	CYP2A13	protein_coding	0	1	0	0.0000	0.0000	0.0000
ENSG00000197841.15	ZNF181	protein_coding	1083	535	549	9.8016	2.4307	2.6281
ENSG00000197847.12	SLC22A20P	transcribed_unitary_pseudogene	10	6	4	0.1424	0.0353	0.0382
ENSG00000197849.6	OR8G1	protein_coding	0	0	0	0.0000	0.0000	0.0000
ENSG00000197852.12	INKA2	protein_coding	385	198	192	3.4152	0.8469	0.9157
ENSG00000197857.14	ZNF44	protein_coding	1375	726	725	12.8568	3.1883	3.4473
ENSG00000197858.11	GPAA1	protein_coding	8950	4396	4555	155.3104	38.5154	41.6439
ENSG00000197859.11	ADAMTSL2	protein_coding	1232	615	618	14.9384	3.7046	4.0055
ENSG00000197860.10	SGTB	protein_coding	1425	816	806	14.1107	3.4993	3.7835
ENSG00000197863.9	ZNF790	protein_coding	378	204	220	5.5621	1.3793	1.4914
ENSG00000197866.3	OR5M12P	unprocessed_pseudogene	0	0	0	0.0000	0.0000	0.0000
ENSG00000197870.12	PRB3	protein_coding	1	1	0	0.0409	0.0101	0.0110
ENSG00000197872.11	CYRIA	protein_coding	904	475	476	9.4100	2.3336	2.5231
ENSG00000197879.17	MYO1C	protein_coding	14142	7065	7077	102.7405	25.4786	27.5482
ENSG00000197880.9	MDS2	lncRNA	7	2	5	0.1853	0.0460	0.0497
ENSG00000197882.3	OR7E13P	unprocessed_pseudogene	4	13	7	0.2493	0.0618	0.0668
ENSG00000197885.11	NKIRAS1	protein_coding	1707	3153	3183	18.9551	4.7007	5.0825
ENSG00000197887.4	OR1S2	protein_coding	0	0	0	0.0000	0.0000	0.0000
ENSG00000197888.2	UGT2B17	protein_coding	1	0	1	0.0273	0.0068	0.0073
ENSG00000197889.10	MEIG1	protein_coding	12	6	8	0.4648	0.1153	0.1246
ENSG00000197891.12	SLC22A12	protein_coding	0	0	0	0.0000	0.0000	0.0000
ENSG00000197892.13	KIF13B	protein_coding	2189	1367	1367	11.1705	2.7702	2.9952
ENSG00000197893.14	NRAP	protein_coding	1	0	1	0.0100	0.0025	0.0027
ENSG00000197894.11	ADH5	protein_coding	6745	3559	3186	78.6085	19.4941	21.0776
ENSG00000197901.12	SLC22A6	protein_coding	0	0	0	0.0000	0.0000	0.0000
ENSG00000197903.8	H2BC12	protein_coding	201	156	180	23.0277	5.7106	6.1745
ENSG00000197905.10	TEAD4	protein_coding	562	283	279	14.0092	3.4741	3.7563
ENSG00000197912.16	SPG7	protein_coding	2974	1490	1484	4.7162	1.1696	1.2646
ENSG00000197915.7	HRNR	protein_coding	7	3	4	0.0412	0.0102	0.0111
ENSG00000197919.6	IFNA1	protein_coding	0	0	0	0.0000	0.0000	0.0000
ENSG00000197921.6	HES5	protein_coding	4	3	1	0.1713	0.0425	0.0459
ENSG00000197927.13	NBEAP2	transcribed_unprocessed_pseudogene	102	59	43	4.6990	1.1653	1.2599
ENSG00000197928.10	ZNF677	protein_coding	373	217	216	2.2628	0.5612	0.6067
ENSG00000197930.13	ERO1A	protein_coding	5880	3571	3421	44.1720	10.9542	11.8440
ENSG00000197933.13	ZNF823	protein_coding	510	258	252	11.7617	2.9168	3.1537
ENSG00000197934.8	CYYR1-AS1	lncRNA	1	0	1	0.0153	0.0038	0.0041
ENSG00000197935.7	ZNF311	protein_coding	60	26	34	1.0713	0.2657	0.2873
ENSG00000197937.13	ZNF347	protein_coding	1507	779	728	9.3575	2.3206	2.5091
ENSG00000197938.5	OR5H2	protein_coding	0	0	0	0.0000	0.0000	0.0000
ENSG00000197943.10	PLCG2	protein_coding	1175	603	572	4.9820	1.2355	1.3358
ENSG00000197948.11	FCHSD1	protein_coding	1207	798	894	11.2729	2.7956	3.0226
ENSG00000197951.10	ZNF71	protein_coding	627	308	319	5.7967	1.4375	1.5543
ENSG00000197953.6	AADACL2	protein_coding	0	0	0	0.0000	0.0000	0.0000
ENSG00000197956.10	S100A6	protein_coding	46866	23534	23353	2737.1469	678.7848	733.9204
ENSG00000197958.13	RPL12	protein_coding	27844	13567	14278	643.7148	159.6348	172.6014
ENSG00000197959.14	DNM3	protein_coding	227	116	114	1.1363	0.2818	0.3047
ENSG00000197961.12	ZNF121	protein_coding	1568	797	771	12.2718	3.0433	3.2905
ENSG00000197965.12	MPZL1	protein_coding	12546	6381	6167	100.6484	24.9598	26.9872
ENSG00000197969.14	VPS13A	protein_coding	2991	1494	1507	8.4388	2.0927	2.2627
ENSG00000197971.16	MBP	protein_coding	981	524	503	2.9702	0.7366	0.7964
ENSG00000197976.12	AKAP17A	protein_coding	2501	1202	1299	34.8481	8.6420	9.3439
ENSG00000197976.12_PAR_Y	AKAP17A	protein_coding	0	0	0	0.0000	0.0000	0.0000
ENSG00000197977.4	ELOVL2	protein_coding	2768	1405	1364	39.3614	9.7612	10.5541
ENSG00000197978.9	GOLGA6L9	protein_coding	95	46	49	0.8193	0.2032	0.2197
ENSG00000197980.13	LEKR1	protein_coding	98	48	50	0.9921	0.2460	0.2660
ENSG00000197982.14	C1orf122	protein_coding	1443	793	846	36.6797	9.0962	9.8351
ENSG00000197984.4	OR51A8P	transcribed_unprocessed_pseudogene	0	0	0	0.0000	0.0000	0.0000
ENSG00000197989.14	SNHG12	lncRNA	747	378	371	9.9302	2.4626	2.6626
ENSG00000197990.6	ZNF734P	unprocessed_pseudogene	0	0	0	0.0000	0.0000	0.0000
ENSG00000197991.11	AL592490.1	protein_coding	0	0	0	0.0000	0.0000	0.0000
ENSG00000197992.7	CLEC9A	protein_coding	5	4	2	0.0992	0.0246	0.0266
ENSG00000197993.9	KEL	protein_coding	13	8	5	0.2014	0.0500	0.0540
ENSG00000198000.12	NOL8	protein_coding	2710	1322	1388	19.0770	4.7309	5.1152
ENSG00000198001.14	IRAK4	protein_coding	2472	1170	1302	24.9044	6.1760	6.6777
ENSG00000198003.12	CCDC151	protein_coding	198	486	499	4.1882	1.0386	1.1230
ENSG00000198010.13	DLGAP2	protein_coding	1	1	0	0.0037	0.0009	0.0010
ENSG00000198015.14	MRPL42	protein_coding	4021	2000	2021	13.9315	3.4549	3.7355
ENSG00000198018.7	ENTPD7	protein_coding	3299	1780	1812	21.6160	5.3605	5.7960
ENSG00000198019.13	FCGR1B	protein_coding	118	63	66	1.5805	0.3919	0.4238
ENSG00000198021.7	SPANXA1	protein_coding	0	0	0	0.0000	0.0000	0.0000
ENSG00000198022.6	SAGE2P	unprocessed_pseudogene	0	0	0	0.0000	0.0000	0.0000
ENSG00000198026.8	ZNF335	protein_coding	1944	936	1009	14.6116	3.6235	3.9178
ENSG00000198028.4	ZNF560	protein_coding	0	0	0	0.0000	0.0000	0.0000
ENSG00000198033.12	TUBA3C	protein_coding	2	0	2	0.0746	0.0185	0.0200
ENSG00000198034.11	RPS4X	protein_coding	83200	41693	41520	1610.3310	399.3458	431.7835
ENSG00000198039.11	ZNF273	protein_coding	565	298	306	3.7033	0.9184	0.9930
ENSG00000198040.11	ZNF84	protein_coding	2382	1191	1192	14.1894	3.5188	3.8047
ENSG00000198042.11	MAK16	protein_coding	616	573	539	7.9106	1.9618	2.1211
ENSG00000198046.12	ZNF667	protein_coding	235	99	143	1.5127	0.3751	0.4056
ENSG00000198049.7	AVPR1B	protein_coding	0	0	0	0.0000	0.0000	0.0000
ENSG00000198053.12	SIRPA	protein_coding	6250	3127	3135	71.5024	17.7319	19.1722
ENSG00000198054.12	DSCR8	lncRNA	0	0	0	0.0000	0.0000	0.0000
ENSG00000198055.11	GRK6	protein_coding	2165	1163	1085	28.1793	6.9882	7.5558
ENSG00000198056.15	PRIM1	protein_coding	531	347	323	10.5475	2.6157	2.8281
ENSG00000198060.10	MARCHF5	protein_coding	4442	2239	2203	54.4308	13.4983	14.5947
ENSG00000198062.15	POTEH	protein_coding	7	4	3	0.1731	0.0429	0.0464
ENSG00000198064.13	NPIPB13	protein_coding	0	0	0	0.0000	0.0000	0.0000
ENSG00000198074.10	AKR1B10	protein_coding	319	163	156	10.2033	2.5303	2.7358
ENSG00000198075.10	SULT1C4	protein_coding	95	52	43	1.4066	0.3488	0.3772
ENSG00000198077.10	CYP2A7	protein_coding	17	7	10	0.3732	0.0926	0.1001
ENSG00000198081.11	ZBTB14	protein_coding	838	601	560	11.4679	2.8439	3.0749
ENSG00000198083.9	KRTAP9-9	protein_coding	0	0	0	0.0000	0.0000	0.0000
ENSG00000198087.7	CD2AP	protein_coding	5884	2908	2976	49.4270	12.2574	13.2530
ENSG00000198088.10	NUP62CL	protein_coding	116	58	58	3.5235	0.8738	0.9448
ENSG00000198089.16	SFI1	protein_coding	1626	951	926	7.5731	1.8781	2.0306
ENSG00000198090.3	KRTAP4-6	protein_coding	0	0	0	0.0000	0.0000	0.0000
ENSG00000198092.6	TMPRSS11F	protein_coding	0	0	0	0.0000	0.0000	0.0000
ENSG00000198093.11	ZNF649	protein_coding	568	332	344	7.3981	1.8347	1.9837
ENSG00000198099.9	ADH4	protein_coding	0	0	0	0.0000	0.0000	0.0000
ENSG00000198104.3	OR2T6	protein_coding	0	0	0	0.0000	0.0000	0.0000
ENSG00000198105.15	ZNF248	protein_coding	1103	563	551	8.5816	2.1281	2.3010
ENSG00000198106.8	AC025279.1	lncRNA	2	2	0	0.0235	0.0058	0.0063
ENSG00000198108.4	CHSY3	protein_coding	1340	695	712	19.2627	4.7770	5.1650
ENSG00000198113.3	TOR4A	protein_coding	646	344	303	8.7832	2.1781	2.3551
ENSG00000198121.13	LPAR1	protein_coding	3425	1725	1700	46.7015	11.5815	12.5222
ENSG00000198125.13	MB	protein_coding	3239	1696	1543	85.9942	21.3257	23.0579
ENSG00000198128.4	OR2L3	protein_coding	0	0	0	0.0000	0.0000	0.0000
ENSG00000198129.3	DEFB107B	protein_coding	0	0	0	0.0000	0.0000	0.0000
ENSG00000198130.16	HIBCH	protein_coding	1464	707	758	11.3981	2.8266	3.0562
ENSG00000198131.14	ZNF544	protein_coding	850	483	477	6.6801	1.6566	1.7912
ENSG00000198133.8	TMEM229B	protein_coding	1551	777	774	13.7929	3.4205	3.6983
ENSG00000198134.3	PTMAP9	processed_pseudogene	20	10	10	3.4685	0.8602	0.9300
ENSG00000198142.5	SOWAHC	protein_coding	3663	1830	1833	44.8949	11.1335	12.0378
ENSG00000198146.4	ZNF770	protein_coding	2903	2523	2511	30.2683	7.5062	8.1159
ENSG00000198153.8	ZNF849P	unprocessed_pseudogene	5	3	3	0.1811	0.0449	0.0485
ENSG00000198155.5	ZNF876P	transcribed_unprocessed_pseudogene	60	32	28	1.2135	0.3009	0.3254
ENSG00000198156.10	NPIPB6	protein_coding	5	2	3	0.1328	0.0329	0.0356
ENSG00000198157.11	HMGN5	protein_coding	710	376	348	16.8539	4.1796	4.5191
ENSG00000198160.15	MIER1	protein_coding	4860	2390	2470	33.3145	8.2616	8.9327
ENSG00000198162.12	MAN1A2	protein_coding	5139	2546	2593	30.1472	7.4762	8.0835
ENSG00000198168.9	SVIP	protein_coding	3251	1625	1631	35.4478	8.7907	9.5047
ENSG00000198169.9	ZNF251	protein_coding	2697	1391	1306	30.3165	7.5182	8.1289
ENSG00000198171.13	DDRGK1	protein_coding	4838	2417	2423	149.7614	37.1393	40.1560
ENSG00000198173.5	FAM47C	protein_coding	0	0	0	0.0000	0.0000	0.0000
ENSG00000198176.13	TFDP1	protein_coding	3484	1702	1782	52.7718	13.0869	14.1499
ENSG00000198178.11	CLEC4C	protein_coding	0	0	0	0.0000	0.0000	0.0000
ENSG00000198182.13	ZNF607	protein_coding	776	421	355	9.3572	2.3205	2.5090
ENSG00000198183.12	BPIFA1	protein_coding	0	0	0	0.0000	0.0000	0.0000
ENSG00000198185.11	ZNF334	protein_coding	194	99	95	1.6026	0.3974	0.4297
ENSG00000198189.11	HSD17B11	protein_coding	1495	745	750	36.3557	9.0158	9.7482
ENSG00000198198.17	SZT2	protein_coding	2561	2157	2340	5.5109	1.3666	1.4777
ENSG00000198203.10	SULT1C2	protein_coding	311	167	144	2.0999	0.5207	0.5630
ENSG00000198205.6	ZXDA	protein_coding	406	203	203	5.5979	1.3882	1.5010
ENSG00000198208.12	RPS6KL1	protein_coding	54	24	31	0.4069	0.1009	0.1091
ENSG00000198211.8	AC092143.1	protein_coding	0	0	0	0.0000	0.0000	0.0000
ENSG00000198216.12	CACNA1E	protein_coding	31	12	19	0.0962	0.0239	0.0258
ENSG00000198217.4	OR51H2P	transcribed_unprocessed_pseudogene	0	0	0	0.0000	0.0000	0.0000
ENSG00000198218.11	QRICH1	protein_coding	6296	3075	3223	67.0131	16.6186	17.9685
ENSG00000198221.10	AFDN-DT	lncRNA	39	32	34	0.5315	0.1318	0.1425
ENSG00000198223.17	CSF2RA	protein_coding	1462	738	724	21.6475	5.3684	5.8044
ENSG00000198223.17_PAR_Y	CSF2RA	protein_coding	0	0	0	0.0000	0.0000	0.0000
ENSG00000198225.5	FKBP1C	protein_coding	29	13	16	1.0415	0.2583	0.2793
ENSG00000198231.13	DDX42	protein_coding	12355	6091	6284	82.2265	20.3913	22.0477
ENSG00000198237.8	GUSBP13	unprocessed_pseudogene	38	20	18	3.4044	0.8443	0.9128
ENSG00000198242.14	RPL23A	protein_coding	13272	21459	20958	337.2109	83.6249	90.4175
ENSG00000198246.9	SLC29A3	protein_coding	4482	2242	2241	46.7404	11.5911	12.5327
ENSG00000198251.7	CYP2A7P2	unprocessed_pseudogene	9	3	6	0.7962	0.1975	0.2135
ENSG00000198252.12	STYX	protein_coding	1950	964	987	22.1923	5.5035	5.9505
ENSG00000198258.11	UBL5	protein_coding	7188	3751	3437	211.0985	52.3503	56.6026
ENSG00000198261.3	OR5BB1P	unprocessed_pseudogene	0	0	0	0.0000	0.0000	0.0000
ENSG00000198265.12	HELZ	protein_coding	6054	3069	3007	21.8955	5.4299	5.8709
ENSG00000198270.13	TMEM116	protein_coding	680	327	362	4.8270	1.1970	1.2943
ENSG00000198271.5	KRTAP4-5	protein_coding	0	0	0	0.0000	0.0000	0.0000
ENSG00000198276.16	UCKL1	protein_coding	1360	753	667	24.2152	6.0051	6.4929
ENSG00000198277.6	AC021146.1	unprocessed_pseudogene	0	0	0	0.0000	0.0000	0.0000
ENSG00000198283.2	OR5B21	protein_coding	0	0	0	0.0000	0.0000	0.0000
ENSG00000198284.9	NUP210P1	transcribed_processed_pseudogene	0	0	0	0.0000	0.0000	0.0000
ENSG00000198286.10	CARD11	protein_coding	400	218	233	4.9015	1.2155	1.3142
ENSG00000198298.13	ZNF485	protein_coding	169	87	82	4.0168	0.9961	1.0770
ENSG00000198300.14	PEG3	protein_coding	851	1129	1092	4.9401	1.2251	1.3246
ENSG00000198301.12	SDAD1	protein_coding	4311	2094	2217	70.0306	17.3669	18.7775
ENSG00000198312.4	BMS1P9	unprocessed_pseudogene	0	0	0	0.0000	0.0000	0.0000
ENSG00000198315.11	ZKSCAN8	protein_coding	3585	1808	1777	26.8213	6.6514	7.1917
ENSG00000198324.13	PHETA1	protein_coding	763	392	371	12.8741	3.1926	3.4520
ENSG00000198326.10	TMEM239	protein_coding	0	0	0	0.0000	0.0000	0.0000
ENSG00000198331.11	HYLS1	protein_coding	452	219	234	10.7296	2.6608	2.8770
ENSG00000198336.9	MYL4	protein_coding	23	11	14	0.7973	0.1977	0.2138
ENSG00000198342.10	ZNF442	protein_coding	193	104	89	1.6593	0.4115	0.4449
ENSG00000198346.11	ZNF813	protein_coding	492	232	263	4.4671	1.1078	1.1978
ENSG00000198353.8	HOXC4	protein_coding	200	105	95	4.0990	1.0165	1.0991
ENSG00000198354.7	DCAF12L2	protein_coding	32	15	17	0.6502	0.1612	0.1743
ENSG00000198355.5	PIM3	protein_coding	2416	1205	1211	62.3345	15.4583	16.7140
ENSG00000198356.12	GET3	protein_coding	5541	2728	2814	216.5610	53.7049	58.0672
ENSG00000198358.4	AL354714.1	lncRNA	0	0	0	0.0000	0.0000	0.0000
ENSG00000198363.18	ASPH	protein_coding	79056	43443	42476	223.6376	55.4599	59.9647
ENSG00000198367.3	OR7A11P	unprocessed_pseudogene	0	0	0	0.0000	0.0000	0.0000
ENSG00000198369.10	SPRED2	protein_coding	6239	3098	3141	64.2713	15.9386	17.2333
ENSG00000198373.13	WWP2	protein_coding	3193	1618	1575	20.1351	4.9933	5.3989
ENSG00000198380.13	GFPT1	protein_coding	9472	4842	4630	60.6888	15.0502	16.2727
ENSG00000198382.9	UVRAG	protein_coding	3259	1620	1652	25.1590	6.2392	6.7460
ENSG00000198390.5	KRTAP13-1	protein_coding	0	0	0	0.0000	0.0000	0.0000
ENSG00000198393.8	ZNF26	protein_coding	953	489	464	2.5906	0.6424	0.6946
ENSG00000198398.2	TMEM207	protein_coding	0	0	0	0.0000	0.0000	0.0000
ENSG00000198399.15	ITSN2	protein_coding	3263	1714	1729	15.6235	3.8745	4.1892
ENSG00000198400.12	NTRK1	protein_coding	47	30	21	0.5121	0.1270	0.1373
ENSG00000198406.7	BZW1P2	processed_pseudogene	20	10	10	1.3731	0.3405	0.3682
ENSG00000198408.14	OGA	protein_coding	16190	8280	7911	126.6917	31.4183	33.9703
ENSG00000198414.5	TATDN2P1	processed_pseudogene	0	0	0	0.0000	0.0000	0.0000
ENSG00000198416.9	ZNF658B	transcribed_unprocessed_pseudogene	73	40	33	1.0623	0.2634	0.2848
ENSG00000198417.7	MT1F	protein_coding	74	37	37	2.2659	0.5619	0.6076
ENSG00000198420.10	TCAF1	protein_coding	1997	1019	978	17.9477	4.4508	4.8124
ENSG00000198429.10	ZNF69	protein_coding	354	191	163	5.9712	1.4808	1.6011
ENSG00000198431.16	TXNRD1	protein_coding	7079	3558	3521	59.8286	14.8369	16.0420
ENSG00000198435.4	NRARP	protein_coding	724	464	421	15.5464	3.8553	4.1685
ENSG00000198440.9	ZNF583	protein_coding	292	137	155	2.0545	0.5095	0.5509
ENSG00000198443.6	KRTAP4-1	protein_coding	0	0	0	0.0000	0.0000	0.0000
ENSG00000198445.4	CCT8L2	protein_coding	0	1	0	0.0000	0.0000	0.0000
ENSG00000198452.8	OR14L1P	protein_coding	3	3	0	0.0565	0.0140	0.0152
ENSG00000198453.13	ZNF568	protein_coding	973	479	496	5.8471	1.4500	1.5678
ENSG00000198454.2	LINC02692	lncRNA	0	0	0	0.0000	0.0000	0.0000
ENSG00000198455.4	ZXDB	protein_coding	2439	1236	1203	23.4672	5.8196	6.2923
ENSG00000198464.14	ZNF480	protein_coding	1634	828	853	19.1297	4.7440	5.1293
ENSG00000198466.12	ZNF587	protein_coding	2265	1708	1782	17.4688	4.3321	4.6840
ENSG00000198467.16	TPM2	protein_coding	11180	5601	5580	199.1887	49.3968	53.4091
ENSG00000198468.9	FLVCR1-DT	lncRNA	17	10	7	0.2258	0.0560	0.0605
ENSG00000198471.1	RTP2	protein_coding	0	0	0	0.0000	0.0000	0.0000
ENSG00000198478.8	SH3BGRL2	protein_coding	2266	1143	1124	27.9176	6.9233	7.4856
ENSG00000198482.14	ZNF808	protein_coding	594	293	303	6.7264	1.6681	1.8036
ENSG00000198483.13	ANKRD35	protein_coding	141	71	70	2.3777	0.5896	0.6375
ENSG00000198488.10	B3GNT6	protein_coding	0	0	0	0.0000	0.0000	0.0000
ENSG00000198491.3	AC007920.1	lncRNA	1	0	1	0.0212	0.0053	0.0057
ENSG00000198492.16	YTHDF2	protein_coding	5583	2696	2887	84.9053	21.0557	22.7659
ENSG00000198496.12	NBR2	lncRNA	894	461	433	16.6334	4.1249	4.4600
ENSG00000198498.10	TMA16	protein_coding	1363	697	667	22.6940	5.6279	6.0850
ENSG00000198502.6	HLA-DRB5	protein_coding	16914	8511	8412	767.3540	190.2960	205.7532
ENSG00000198513.13	ATL1	protein_coding	850	874	954	6.0277	1.4948	1.6162
ENSG00000198515.16	CNGA1	protein_coding	4	3	1	0.0632	0.0157	0.0169
ENSG00000198517.10	MAFK	protein_coding	895	824	802	11.3547	2.8158	3.0446
ENSG00000198520.12	ARMH1	protein_coding	84	50	34	1.4479	0.3591	0.3882
ENSG00000198521.12	ZNF43	protein_coding	2043	990	1058	13.4235	3.3289	3.5993
ENSG00000198522.14	GPN1	protein_coding	1842	1052	1028	27.8634	6.9098	7.4711
ENSG00000198523.6	PLN	protein_coding	474	227	247	8.9932	2.2302	2.4114
ENSG00000198526.7	PABPC1P2	processed_pseudogene	0	0	0	0.0000	0.0000	0.0000
ENSG00000198535.5	C2CD4A	protein_coding	23	11	12	0.3786	0.0939	0.1015
ENSG00000198538.11	ZNF28	protein_coding	1910	961	957	18.1282	4.4956	4.8608
ENSG00000198542.14	ITGBL1	protein_coding	4497	6144	6156	41.2929	10.2402	11.0720
ENSG00000198546.15	ZNF511	protein_coding	222	136	106	5.5000	1.3640	1.4747
ENSG00000198547.10	C20orf203	protein_coding	5	2	3	0.0481	0.0119	0.0129
ENSG00000198551.10	ZNF627	protein_coding	1897	1092	1070	28.2285	7.0004	7.5690
ENSG00000198553.9	KCNRG	protein_coding	3	1	2	0.1047	0.0260	0.0281
ENSG00000198554.12	WDHD1	protein_coding	973	506	467	8.6406	2.1428	2.3168
ENSG00000198555.7	AC133561.1	unprocessed_pseudogene	0	0	0	0.0000	0.0000	0.0000
ENSG00000198556.14	ZNF789	protein_coding	754	524	516	6.4348	1.5958	1.7254
ENSG00000198561.15	CTNND1	protein_coding	836	414	423	4.8441	1.2013	1.2989
ENSG00000198563.14	DDX39B	protein_coding	2655	1338	1317	21.4878	5.3288	5.7616
ENSG00000198569.10	SLC34A3	protein_coding	26	14	12	0.6400	0.1587	0.1716
ENSG00000198570.6	RD3	protein_coding	4	1	4	0.0646	0.0160	0.0173
ENSG00000198573.7	SPANXC	protein_coding	0	0	0	0.0000	0.0000	0.0000
ENSG00000198574.6	SH2D1B	protein_coding	4	4	0	0.0812	0.0201	0.0218
ENSG00000198576.4	ARC	protein_coding	30	13	18	0.5684	0.1410	0.1524
ENSG00000198580.7	AC073343.1	unprocessed_pseudogene	41	18	23	3.5716	0.8857	0.9577
ENSG00000198585.12	NUDT16	protein_coding	3854	1929	1925	31.0941	7.7110	8.3374
ENSG00000198586.14	TLK1	protein_coding	4659	2346	2313	28.0927	6.9667	7.5326
ENSG00000198589.14	LRBA	protein_coding	19190	9638	9557	64.9439	16.1054	17.4136
ENSG00000198590.12	C3orf35	lncRNA	49	22	28	0.3100	0.0769	0.0831
ENSG00000198597.9	ZNF536	protein_coding	3	0	3	0.0196	0.0049	0.0053
ENSG00000198598.6	MMP17	protein_coding	152	78	74	2.1534	0.5340	0.5774
ENSG00000198601.3	OR2M2	protein_coding	0	0	0	0.0000	0.0000	0.0000
ENSG00000198604.11	BAZ1A	protein_coding	3531	1859	1799	26.0123	6.4508	6.9748
ENSG00000198610.11	AKR1C4	protein_coding	3	0	4	0.0889	0.0220	0.0238
ENSG00000198612.11	COPS8	protein_coding	5318	2629	2690	72.1319	17.8880	19.3410
ENSG00000198618.5	PPIAP22	processed_pseudogene	2035	1033	1002	231.7365	57.4683	62.1363
ENSG00000198624.13	CCDC69	protein_coding	657	328	329	7.5407	1.8700	2.0219
ENSG00000198625.13	MDM4	protein_coding	2816	1446	1370	14.5072	3.5976	3.8899
ENSG00000198626.17	RYR2	protein_coding	29	16	13	0.0921	0.0228	0.0247
ENSG00000198633.10	ZNF534	protein_coding	6	1	5	0.1038	0.0257	0.0278
ENSG00000198642.7	KLHL9	protein_coding	5158	2615	2543	50.9599	12.6376	13.6641
ENSG00000198643.7	FAM3D	protein_coding	1	1	2	0.0349	0.0086	0.0094
ENSG00000198646.14	NCOA6	protein_coding	7404	3942	4070	37.7150	9.3529	10.1126
ENSG00000198648.11	STK39	protein_coding	4170	2049	2121	63.8964	15.8457	17.1328
ENSG00000198650.11	TAT	protein_coding	31	28	19	0.3274	0.0812	0.0878
ENSG00000198658.4	ABHD17AP1	unprocessed_pseudogene	4	3	1	0.2431	0.0603	0.0652
ENSG00000198663.17	C6orf89	protein_coding	10099	5071	5126	78.1329	19.3762	20.9500
ENSG00000198668.13	CALM1	protein_coding	24824	14023	13405	179.7228	44.5694	48.1897
ENSG00000198670.12	LPA	protein_coding	4	2	2	0.0352	0.0087	0.0095
ENSG00000198671.3	AC135895.1	lncRNA	0	0	0	0.0000	0.0000	0.0000
ENSG00000198673.10	TAFA2	protein_coding	72	37	35	0.4412	0.1094	0.1183
ENSG00000198674.3	OR10G6	protein_coding	0	0	0	0.0000	0.0000	0.0000
ENSG00000198677.12	TTC37	protein_coding	13462	6677	6785	73.2377	18.1622	19.6375
ENSG00000198678.5	OR5BS1P	protein_coding	0	0	0	0.0000	0.0000	0.0000
ENSG00000198680.4	TUSC1	protein_coding	1118	599	519	30.8975	7.6623	8.2847
ENSG00000198681.7	MAGEA1	protein_coding	1	0	1	0.0331	0.0082	0.0089
ENSG00000198682.13	PAPSS2	protein_coding	28779	14728	14679	399.7199	99.1265	107.1782
ENSG00000198685.4	LINC01565	lncRNA	0	0	0	0.0000	0.0000	0.0000
ENSG00000198689.13	SLC9A6	protein_coding	1239	639	668	6.1624	1.5282	1.6523
ENSG00000198690.10	FAN1	protein_coding	1696	1471	1450	5.7202	1.4186	1.5338
ENSG00000198691.13	ABCA4	protein_coding	531	277	254	3.5232	0.8737	0.9447
ENSG00000198692.10	EIF1AY	protein_coding	0	0	0	0.0000	0.0000	0.0000
ENSG00000198695.2	MT-ND6	protein_coding	47822	37123	36213	5165.6844	1281.0376	1385.0924
ENSG00000198700.10	IPO9	protein_coding	6284	3195	3242	29.9366	7.4240	8.0270
ENSG00000198703.2	OR10R3P	unprocessed_pseudogene	0	0	0	0.0000	0.0000	0.0000
ENSG00000198704.9	GPX6	protein_coding	0	0	0	0.0000	0.0000	0.0000
ENSG00000198707.17	CEP290	protein_coding	2822	1659	1601	6.3681	1.5792	1.7075
ENSG00000198711.5	SSBP3-AS1	lncRNA	33	18	22	0.7132	0.1769	0.1912
ENSG00000198712.1	MT-CO2	protein_coding	217705	103682	114035	18049.7729	4476.1615	4839.7464
ENSG00000198715.13	GLMP	protein_coding	2839	2410	2293	46.3842	11.5028	12.4372
ENSG00000198718.13	TOGARAM1	protein_coding	2108	1158	1079	11.6153	2.8805	3.1144
ENSG00000198719.9	DLL1	protein_coding	327	172	159	4.8558	1.2042	1.3020
ENSG00000198720.13	ANKRD13B	protein_coding	603	290	317	7.9397	1.9690	2.1289
ENSG00000198721.13	ECI2	protein_coding	1107	1212	1226	13.7220	3.4029	3.6793
ENSG00000198722.14	UNC13B	protein_coding	2958	1465	1493	9.3630	2.3219	2.5105
ENSG00000198723.11	TEX45	protein_coding	87	43	44	1.6879	0.4186	0.4526
ENSG00000198727.2	MT-CYB	protein_coding	155301	76334	79705	7718.7691	1914.1768	2069.6595
ENSG00000198728.11	LDB1	protein_coding	5609	2742	2867	84.2389	20.8904	22.5873
ENSG00000198729.5	PPP1R14C	protein_coding	83	44	39	2.1212	0.5260	0.5688
ENSG00000198730.9	CTR9	protein_coding	7531	3725	3820	74.0178	18.3557	19.8466
ENSG00000198732.11	SMOC1	protein_coding	113	45	68	1.4667	0.3637	0.3933
ENSG00000198734.12	F5	protein_coding	56	27	29	0.3388	0.0840	0.0908
ENSG00000198736.12	MSRB1	protein_coding	1634	814	820	44.0209	10.9168	11.8035
ENSG00000198738.4	SMIM11P1	processed_pseudogene	0	0	0	0.0000	0.0000	0.0000
ENSG00000198739.11	LRRTM3	protein_coding	0	0	0	0.0000	0.0000	0.0000
ENSG00000198740.9	ZNF652	protein_coding	5010	3216	3175	24.0512	5.9645	6.4489
ENSG00000198742.10	SMURF1	protein_coding	3348	2127	2230	30.2237	7.4952	8.1040
ENSG00000198743.7	SLC5A3	protein_coding	5934	2973	2961	29.0954	7.2154	7.8014
ENSG00000198744.5	MTCO3P12	unprocessed_pseudogene	67	32	36	6.9462	1.7226	1.8625
ENSG00000198746.13	GPATCH3	protein_coding	845	491	443	21.5274	5.3386	5.7722
ENSG00000198752.11	CDC42BPB	protein_coding	7820	5112	5273	54.7834	13.5857	14.6893
ENSG00000198753.12	PLXNB3	protein_coding	52	25	27	0.4209	0.1044	0.1128
ENSG00000198754.5	OXCT2	protein_coding	9	3	6	0.2795	0.0693	0.0749
ENSG00000198755.11	RPL10A	protein_coding	25909	12885	13024	974.3360	241.6255	261.2520
ENSG00000198756.12	COLGALT2	protein_coding	24	17	7	0.1744	0.0432	0.0468
ENSG00000198758.11	EPS8L3	protein_coding	0	2	0	0.0000	0.0000	0.0000
ENSG00000198759.12	EGFL6	protein_coding	440	218	222	9.5566	2.3700	2.5625
ENSG00000198763.3	MT-ND2	protein_coding	143647	75281	68392	7817.8671	1938.7521	2096.2310
ENSG00000198765.12	SYCP1	protein_coding	0	0	0	0.0000	0.0000	0.0000
ENSG00000198768.11	APCDD1L	protein_coding	492	242	251	6.6274	1.6435	1.7770
ENSG00000198771.11	RCSD1	protein_coding	1154	580	587	8.0151	1.9877	2.1491
ENSG00000198774.5	RASSF9	protein_coding	201	107	94	2.0669	0.5126	0.5542
ENSG00000198780.12	FAM169A	protein_coding	1964	2081	2082	16.2005	4.0176	4.3439
ENSG00000198783.6	ZNF830	protein_coding	1252	656	596	31.7252	7.8675	8.5066
ENSG00000198785.7	GRIN3A	protein_coding	147	80	67	1.0180	0.2525	0.2730
ENSG00000198786.2	MT-ND5	protein_coding	129633	75684	79320	4057.1103	1006.1224	1087.8466
ENSG00000198787.5	OR7E103P	unprocessed_pseudogene	0	0	0	0.0000	0.0000	0.0000
ENSG00000198788.9	MUC2	protein_coding	5	0	5	0.0224	0.0056	0.0060
ENSG00000198791.12	CNOT7	protein_coding	3207	1626	1582	16.6227	4.1223	4.4571
ENSG00000198792.13	TMEM184B	protein_coding	6835	3518	3619	54.9338	13.6230	14.7296
ENSG00000198793.13	MTOR	protein_coding	5438	2761	2816	25.3547	6.2877	6.7984
ENSG00000198794.12	SCAMP5	protein_coding	747	384	363	8.7129	2.1607	2.3362
ENSG00000198795.11	ZNF521	protein_coding	2025	1029	997	18.4478	4.5749	4.9465
ENSG00000198796.7	ALPK2	protein_coding	337	280	276	1.9980	0.4955	0.5357
ENSG00000198797.7	BRINP2	protein_coding	2	1	1	0.0252	0.0063	0.0068
ENSG00000198798.5	MAGEB3	protein_coding	0	0	0	0.0000	0.0000	0.0000
ENSG00000198799.12	LRIG2	protein_coding	1732	980	1006	7.8785	1.9538	2.1125
ENSG00000198804.2	MT-CO1	protein_coding	592878	308756	309657	21804.2123	5407.2246	5846.4368
ENSG00000198805.12	PNP	protein_coding	1719	1436	1495	23.5811	5.8479	6.3229
ENSG00000198807.13	PAX9	protein_coding	517	374	358	5.1600	1.2796	1.3836
ENSG00000198812.5	LRRC10	protein_coding	0	0	0	0.0000	0.0000	0.0000
ENSG00000198814.13	GK	protein_coding	924	513	547	9.7670	2.4221	2.6189
ENSG00000198815.9	FOXJ3	protein_coding	4358	2141	2217	35.8385	8.8876	9.6095
ENSG00000198816.7	ZNF358	protein_coding	1425	842	874	38.7958	9.6210	10.4025
ENSG00000198818.10	SFT2D1	protein_coding	1585	811	774	29.0985	7.2161	7.8023
ENSG00000198821.11	CD247	protein_coding	136	68	68	1.9119	0.4741	0.5126
ENSG00000198822.10	GRM3	protein_coding	2	0	3	0.0254	0.0063	0.0068
ENSG00000198824.7	CHAMP1	protein_coding	1990	934	1056	20.0985	4.9842	5.3891
ENSG00000198825.15	INPP5F	protein_coding	2575	1288	1287	19.5251	4.8420	5.2353
ENSG00000198826.11	ARHGAP11A	protein_coding	609	446	424	5.3913	1.3370	1.4456
ENSG00000198829.6	SUCNR1	protein_coding	85	38	47	1.1529	0.2859	0.3091
ENSG00000198830.11	HMGN2	protein_coding	13077	6670	6407	232.5482	57.6696	62.3539
ENSG00000198832.10	SELENOM	protein_coding	4007	1991	2018	71.3012	17.6820	19.1182
ENSG00000198833.7	UBE2J1	protein_coding	5845	3002	2843	79.6037	19.7409	21.3444
ENSG00000198835.4	GJC2	protein_coding	35	17	18	0.9168	0.2274	0.2458
ENSG00000198836.11	OPA1	protein_coding	5489	2862	2820	34.4337	8.5392	9.2328
ENSG00000198837.10	DENND4B	protein_coding	2341	1257	1222	17.4544	4.3285	4.6801
ENSG00000198838.14	RYR3	protein_coding	121	68	76	0.3371	0.0836	0.0904
ENSG00000198839.10	ZNF277	protein_coding	966	497	469	11.5452	2.8631	3.0956
ENSG00000198840.2	MT-ND3	protein_coding	49262	24254	25008	8074.1234	2002.3011	2164.9419
ENSG00000198841.4	KTI12	protein_coding	206	102	104	6.8397	1.6962	1.8340
ENSG00000198842.10	STYXL2	protein_coding	138	59	79	1.8311	0.4541	0.4910
ENSG00000198843.13	SELENOT	protein_coding	8877	4547	4393	121.7447	30.1915	32.6438
ENSG00000198844.12	ARHGEF15	protein_coding	524	267	294	5.6153	1.3925	1.5056
ENSG00000198846.6	TOX	protein_coding	89	50	44	1.2383	0.3071	0.3320
ENSG00000198848.13	CES1	protein_coding	1607	780	829	31.0293	7.6949	8.3200
ENSG00000198851.10	CD3E	protein_coding	339	166	173	7.2300	1.7930	1.9386
ENSG00000198853.12	RUSC2	protein_coding	4644	2278	2382	46.2199	11.4621	12.3931
ENSG00000198854.5	C1orf68	protein_coding	0	0	0	0.0000	0.0000	0.0000
ENSG00000198855.7	FICD	protein_coding	970	614	571	13.1757	3.2674	3.5329
ENSG00000198856.13	OSTC	protein_coding	6462	3273	3189	226.7697	56.2366	60.8045
ENSG00000198857.3	HSD3BP5	transcribed_unprocessed_pseudogene	22	10	12	1.1021	0.2733	0.2955
ENSG00000198858.10	R3HDM4	protein_coding	5642	2836	2807	108.2035	26.8334	29.0130
ENSG00000198860.13	TSEN15	protein_coding	1552	774	778	8.6314	2.1405	2.3144
ENSG00000198862.14	LTN1	protein_coding	3386	1727	1659	21.6336	5.3649	5.8007
ENSG00000198863.7	RUNDC1	protein_coding	6044	3039	3009	72.0528	17.8684	19.3198
ENSG00000198865.10	CCDC152	protein_coding	113	9729	9477	1.8346	0.4550	0.4919
ENSG00000198868.3	MTND4LP30	processed_pseudogene	1	1	1	0.1909	0.0474	0.0512
ENSG00000198870.8	STKLD1	protein_coding	115	63	75	1.4792	0.3668	0.3966
ENSG00000198873.12	GRK5	protein_coding	574	293	281	4.6363	1.1498	1.2431
ENSG00000198874.13	TYW1	protein_coding	1282	1126	1012	18.7136	4.6408	5.0177
ENSG00000198876.13	DCAF12	protein_coding	5820	3002	2818	76.4895	18.9686	20.5094
ENSG00000198879.12	SFMBT2	protein_coding	758	403	357	4.2632	1.0572	1.1431
ENSG00000198881.10	ASB12	protein_coding	1	0	1	0.0448	0.0111	0.0120
ENSG00000198883.12	PNMA5	protein_coding	1	0	1	0.0165	0.0041	0.0044
ENSG00000198885.10	ITPRIPL1	protein_coding	72	34	38	0.8751	0.2170	0.2346
ENSG00000198886.2	MT-ND4	protein_coding	299213	145296	153920	12313.7599	3053.6882	3301.7299
ENSG00000198887.9	SMC5	protein_coding	3293	1655	1638	28.2691	7.0105	7.5799
ENSG00000198888.2	MT-ND1	protein_coding	185650	91714	93937	11012.7683	2731.0554	2952.8906
ENSG00000198889.5	DCAF12L1	protein_coding	1	1	0	0.0170	0.0042	0.0045
ENSG00000198890.9	PRMT6	protein_coding	1540	786	754	20.1229	4.9903	5.3956
ENSG00000198892.7	SHISA4	protein_coding	1175	540	636	34.8688	8.6471	9.3495
ENSG00000198894.8	CIPC	protein_coding	2065	1000	1065	22.2171	5.5096	5.9571
ENSG00000198898.14	CAPZA2	protein_coding	7215	3637	3584	48.8961	12.1257	13.1107
ENSG00000198899.2	MT-ATP6	protein_coding	125838	63143	62697	10479.1036	2598.7119	2809.7973
ENSG00000198900.6	TOP1	protein_coding	9945	5797	5978	151.0393	37.4562	40.4987
ENSG00000198901.14	PRC1	protein_coding	8	4	4	0.0821	0.0204	0.0220
ENSG00000198908.12	BHLHB9	protein_coding	1	0	1	0.0103	0.0025	0.0028
ENSG00000198909.8	MAP3K3	protein_coding	3301	1876	1792	30.6433	7.5992	8.2165
ENSG00000198910.14	L1CAM	protein_coding	45	25	20	0.3511	0.0871	0.0941
ENSG00000198911.12	SREBF2	protein_coding	8575	4385	4391	64.3579	15.9601	17.2565
ENSG00000198912.11	C1orf174	protein_coding	1503	747	756	19.4246	4.8171	5.2084
ENSG00000198914.5	POU3F3	protein_coding	1	1	0	0.0118	0.0029	0.0032
ENSG00000198915.12	RASGEF1A	protein_coding	908	442	466	8.2799	2.0533	2.2201
ENSG00000198917.13	SPOUT1	protein_coding	1	0	1	0.0124	0.0031	0.0033
ENSG00000198918.8	RPL39	protein_coding	7244	3701	3545	193.0484	47.8741	51.7627
ENSG00000198919.13	DZIP3	protein_coding	2226	1122	1125	18.1818	4.5089	4.8752
ENSG00000198920.11	KIAA0753	protein_coding	1053	550	503	10.7538	2.6668	2.8834
ENSG00000198923.4	AC011611.1	processed_pseudogene	0	0	0	0.0000	0.0000	0.0000
ENSG00000198924.8	DCLRE1A	protein_coding	1351	694	657	16.7209	4.1466	4.4834
ENSG00000198925.12	ATG9A	protein_coding	1608	846	762	19.3035	4.7871	5.1759
ENSG00000198929.13	NOS1AP	protein_coding	67	40	27	0.4838	0.1200	0.1297
ENSG00000198930.13	CSAG1	protein_coding	4	2	2	0.2077	0.0515	0.0557
ENSG00000198931.11	APRT	protein_coding	3031	1512	1519	95.7060	23.7341	25.6620
ENSG00000198932.13	GPRASP1	protein_coding	638	314	324	5.3294	1.3216	1.4290
ENSG00000198933.9	TBKBP1	protein_coding	624	342	282	8.2680	2.0504	2.2169
ENSG00000198934.5	MAGEE1	protein_coding	789	418	371	12.3160	3.0543	3.3023
ENSG00000198937.9	CCDC167	protein_coding	804	415	390	79.7112	19.7676	21.3732
ENSG00000198938.2	MT-CO3	protein_coding	301883	148378	153505	21836.4500	5415.2192	5855.0808
ENSG00000198939.8	ZFP2	protein_coding	187	84	103	4.0215	0.9973	1.0783
ENSG00000198944.6	SOWAHA	protein_coding	84	37	47	1.3669	0.3390	0.3665
ENSG00000198945.8	L3MBTL3	protein_coding	908	516	525	10.0749	2.4985	2.7014
ENSG00000198947.16	DMD	protein_coding	611	313	298	1.8324	0.4544	0.4913
ENSG00000198948.12	MFAP3L	protein_coding	1144	573	626	7.4221	1.8406	1.9901
ENSG00000198951.12	NAGA	protein_coding	6273	3144	3246	95.4755	23.6770	25.6002
ENSG00000198952.8	SMG5	protein_coding	7308	3625	3683	78.1366	19.3771	20.9510
ENSG00000198954.9	KIFBP	protein_coding	4882	2400	2482	37.6985	9.3489	10.1082
ENSG00000198959.12	TGM2	protein_coding	23946	11942	12026	170.8577	42.3710	45.8127
ENSG00000198960.11	ARMCX6	protein_coding	647	333	316	14.7414	3.6557	3.9527
ENSG00000198961.10	PJA2	protein_coding	21326	10807	10520	232.8898	57.7543	62.4455
ENSG00000198963.11	RORB	protein_coding	386	193	193	2.2752	0.5642	0.6101
ENSG00000198964.14	SGMS1	protein_coding	2277	1171	1126	20.1041	4.9856	5.3906
ENSG00000198965.4	OR10R2	protein_coding	0	0	0	0.0000	0.0000	0.0000
ENSG00000198967.4	OR10Z1	protein_coding	0	2	1	0.0000	0.0000	0.0000
ENSG00000198972.3	MIRLET7E	miRNA	0	0	0	0.0000	0.0000	0.0000
ENSG00000198973.4	MIR375	miRNA	0	0	0	0.0000	0.0000	0.0000
ENSG00000198974.3	MIR30E	miRNA	0	0	0	0.0000	0.0000	0.0000
ENSG00000198975.2	MIRLET7A2	miRNA	0	0	0	0.0000	0.0000	0.0000
ENSG00000198976.1	MIR429	miRNA	9	7	2	6.1493	1.5250	1.6488
ENSG00000198982.4	MIR380	miRNA	0	0	0	0.0000	0.0000	0.0000
ENSG00000198983.1	MIR449A	miRNA	0	0	0	0.0000	0.0000	0.0000
ENSG00000198984.1	MIR345	miRNA	0	0	0	0.0000	0.0000	0.0000
ENSG00000198987.1	MIR16-2	miRNA	0	0	0	0.0000	0.0000	0.0000
ENSG00000198995.3	MIR340	miRNA	0	0	0	0.0000	0.0000	0.0000
ENSG00000198997.2	MIR107	miRNA	0	0	0	0.0000	0.0000	0.0000
ENSG00000199001.1	MIR448	miRNA	0	0	0	0.0000	0.0000	0.0000
ENSG00000199005.4	MIR370	miRNA	0	0	0	0.0000	0.0000	0.0000
ENSG00000199012.2	MIR412	miRNA	0	0	0	0.0000	0.0000	0.0000
ENSG00000199015.4	MIR377	miRNA	0	0	0	0.0000	0.0000	0.0000
ENSG00000199017.2	MIR1-1	miRNA	0	0	0	0.0000	0.0000	0.0000
ENSG00000199020.3	MIR381	miRNA	0	0	0	0.0000	0.0000	0.0000
ENSG00000199023.3	MIR339	miRNA	0	0	0	0.0000	0.0000	0.0000
ENSG00000199024.1	MIR103A2	miRNA	3	5	5	2.1812	0.5409	0.5848
ENSG00000199025.4	MIR369	miRNA	0	0	0	0.0000	0.0000	0.0000
ENSG00000199030.2	MIRLET7C	miRNA	0	0	0	0.0000	0.0000	0.0000
ENSG00000199031.1	MIR371A	miRNA	0	0	0	0.0000	0.0000	0.0000
ENSG00000199032.1	MIR425	miRNA	1	1	0	0.6518	0.1616	0.1748
ENSG00000199035.2	MIR103A1	miRNA	0	0	0	0.0000	0.0000	0.0000
ENSG00000199036.1	MIR219A1	miRNA	2	1	1	1.0311	0.2557	0.2765
ENSG00000199038.1	MIR210	miRNA	0	0	0	0.0000	0.0000	0.0000
ENSG00000199043.1	MIR335	miRNA	0	0	0	0.0000	0.0000	0.0000
ENSG00000199047.3	MIR378A	miRNA	0	0	0	0.0000	0.0000	0.0000
ENSG00000199051.3	MIR361	miRNA	0	0	0	0.0000	0.0000	0.0000
ENSG00000199053.3	MIR324	miRNA	1	7	7	0.6833	0.1694	0.1832
ENSG00000199059.3	MIR135B	miRNA	0	0	0	0.0000	0.0000	0.0000
ENSG00000199065.3	MIR101-2	miRNA	1	1	0	0.7178	0.1780	0.1925
ENSG00000199069.3	MIR323A	miRNA	0	0	0	0.0000	0.0000	0.0000
ENSG00000199072.3	MIRLET7F1	miRNA	0	0	0	0.0000	0.0000	0.0000
ENSG00000199075.1	MIR26A1	miRNA	0	0	0	0.0000	0.0000	0.0000
ENSG00000199077.3	MIR129-2	miRNA	0	0	0	0.0000	0.0000	0.0000
ENSG00000199080.1	MIR133B	miRNA	0	0	0	0.0000	0.0000	0.0000
ENSG00000199082.1	MIR342	miRNA	3	2	4	1.7185	0.4262	0.4608
ENSG00000199085.3	MIR148A	miRNA	0	0	0	0.0000	0.0000	0.0000
ENSG00000199088.5	MIR379	miRNA	0	0	0	0.0000	0.0000	0.0000
ENSG00000199090.1	MIR326	miRNA	0	0	0	0.0000	0.0000	0.0000
ENSG00000199092.4	MIR410	miRNA	0	0	0	0.0000	0.0000	0.0000
ENSG00000199094.3	MIR30C2	miRNA	0	0	0	0.0000	0.0000	0.0000
ENSG00000199095.1	MIR372	miRNA	0	0	0	0.0000	0.0000	0.0000
ENSG00000199102.1	MIR302C	miRNA	0	0	0	0.0000	0.0000	0.0000
ENSG00000199104.2	MIR346	miRNA	0	0	0	0.0000	0.0000	0.0000
ENSG00000199107.3	MIR409	miRNA	0	0	0	0.0000	0.0000	0.0000
ENSG00000199109.4	MIR411	miRNA	0	0	0	0.0000	0.0000	0.0000
ENSG00000199121.4	MIR26B	miRNA	0	0	0	0.0000	0.0000	0.0000
ENSG00000199122.3	MIR148B	miRNA	0	0	0	0.0000	0.0000	0.0000
ENSG00000199127.1	MIR383	miRNA	0	0	0	0.0000	0.0000	0.0000
ENSG00000199130.3	MIR365A	miRNA	0	0	0	0.0000	0.0000	0.0000
ENSG00000199132.1	MIR450A1	miRNA	0	0	0	0.0000	0.0000	0.0000
ENSG00000199133.3	MIRLET7D	miRNA	0	0	0	0.0000	0.0000	0.0000
ENSG00000199135.1	MIR101-1	miRNA	1	0	1	0.7561	0.1875	0.2027
ENSG00000199143.1	MIR373	miRNA	0	0	0	0.0000	0.0000	0.0000
ENSG00000199145.1	MIR302D	miRNA	1	0	1	0.8340	0.2068	0.2236
ENSG00000199150.3	MIRLET7G	miRNA	1	1	0	0.6751	0.1674	0.1810
ENSG00000199151.3	MIR337	miRNA	0	0	0	0.0000	0.0000	0.0000
ENSG00000199153.1	MIR30D	miRNA	0	0	0	0.0000	0.0000	0.0000
ENSG00000199156.1	MIR422A	miRNA	0	0	0	0.0000	0.0000	0.0000
ENSG00000199157.2	MIR208A	miRNA	0	0	0	0.0000	0.0000	0.0000
ENSG00000199158.1	MIR96	miRNA	0	0	0	0.0000	0.0000	0.0000
ENSG00000199161.1	MIR126	miRNA	2	2	0	1.3344	0.3309	0.3578
ENSG00000199165.3	MIRLET7A1	miRNA	0	0	0	0.0000	0.0000	0.0000
ENSG00000199168.3	MIR374A	miRNA	0	0	0	0.0000	0.0000	0.0000
ENSG00000199169.1	MIR367	miRNA	0	1	0	0.0000	0.0000	0.0000
ENSG00000199172.3	MIR331	miRNA	5	3	2	3.0165	0.7481	0.8088
ENSG00000199177.1	MIR31	miRNA	0	0	0	0.0000	0.0000	0.0000
ENSG00000199179.3	MIRLET7I	miRNA	0	0	0	0.0000	0.0000	0.0000
ENSG00000199196.1	AL160394.1	snoRNA	0	0	0	0.0000	0.0000	0.0000
ENSG00000199197.1	RN7SKP72	misc_RNA	0	0	0	0.0000	0.0000	0.0000
ENSG00000199200.2	Y_RNA	misc_RNA	0	0	0	0.0000	0.0000	0.0000
ENSG00000199201.1	Y_RNA	misc_RNA	0	0	0	0.0000	0.0000	0.0000
ENSG00000199202.1	RNA5SP289	rRNA_pseudogene	0	0	0	0.0000	0.0000	0.0000
ENSG00000199203.1	Y_RNA	misc_RNA	0	0	0	0.0000	0.0000	0.0000
ENSG00000199204.1	Y_RNA	misc_RNA	0	0	0	0.0000	0.0000	0.0000
ENSG00000199212.1	RNU105C	snoRNA	0	0	0	0.0000	0.0000	0.0000
ENSG00000199217.1	RNU6-1123P	snRNA	0	0	0	0.0000	0.0000	0.0000
ENSG00000199218.1	RN7SKP184	misc_RNA	0	0	0	0.0000	0.0000	0.0000
ENSG00000199219.1	RNU6-500P	snRNA	0	0	0	0.0000	0.0000	0.0000
ENSG00000199220.1	Y_RNA	misc_RNA	0	0	0	0.0000	0.0000	0.0000
ENSG00000199222.1	Y_RNA	misc_RNA	0	0	0	0.0000	0.0000	0.0000
ENSG00000199223.1	Y_RNA	misc_RNA	0	0	0	0.0000	0.0000	0.0000
ENSG00000199224.1	Y_RNA	misc_RNA	0	0	0	0.0000	0.0000	0.0000
ENSG00000199226.1	RNU6-50P	snRNA	1	1	0	0.5506	0.1365	0.1476
ENSG00000199231.1	AC069285.1	snoRNA	0	0	0	0.0000	0.0000	0.0000
ENSG00000199237.1	RNU6-834P	snRNA	4	4	0	2.0622	0.5114	0.5529
ENSG00000199240.1	RNA5SP46	rRNA_pseudogene	0	0	0	0.0000	0.0000	0.0000
ENSG00000199241.1	Y_RNA	misc_RNA	0	0	0	0.0000	0.0000	0.0000
ENSG00000199245.1	Y_RNA	misc_RNA	2	1	1	1.0405	0.2580	0.2790
ENSG00000199246.1	RNU6-896P	snRNA	0	0	0	0.0000	0.0000	0.0000
ENSG00000199248.1	RNU6-28P	snRNA	0	0	0	0.0000	0.0000	0.0000
ENSG00000199251.1	RNU6-664P	snRNA	0	0	0	0.0000	0.0000	0.0000
ENSG00000199260.1	RNU6-874P	snRNA	0	0	0	0.0000	0.0000	0.0000
ENSG00000199263.1	Y_RNA	misc_RNA	0	0	0	0.0000	0.0000	0.0000
ENSG00000199266.1	SNORA60	snoRNA	0	0	0	0.0000	0.0000	0.0000
ENSG00000199270.1	RNA5S12	rRNA	0	0	0	0.0000	0.0000	0.0000
ENSG00000199272.1	RNU6-349P	snRNA	0	0	0	0.0000	0.0000	0.0000
ENSG00000199273.1	Y_RNA	misc_RNA	0	0	0	0.0000	0.0000	0.0000
ENSG00000199276.1	RNA5SP26	rRNA_pseudogene	0	0	0	0.0000	0.0000	0.0000
ENSG00000199279.1	RNU6-661P	snRNA	0	0	0	0.0000	0.0000	0.0000
ENSG00000199282.1	AL356754.1	snoRNA	0	0	0	0.0000	0.0000	0.0000
ENSG00000199283.1	RNU1-58P	snRNA	1	0	1	0.3479	0.0863	0.0933
ENSG00000199285.1	Y_RNA	misc_RNA	0	0	0	0.0000	0.0000	0.0000
ENSG00000199286.1	RNU6-1094P	snRNA	0	0	0	0.0000	0.0000	0.0000
ENSG00000199289.1	RNU6-502P	snRNA	0	0	0	0.0000	0.0000	0.0000
ENSG00000199290.1	Y_RNA	misc_RNA	0	0	0	0.0000	0.0000	0.0000
ENSG00000199291.1	Y_RNA	misc_RNA	0	0	0	0.0000	0.0000	0.0000
ENSG00000199293.1	SNORA21	snoRNA	0	0	0	0.0000	0.0000	0.0000
ENSG00000199295.1	RNU6-1312P	snRNA	0	0	0	0.0000	0.0000	0.0000
ENSG00000199299.1	RNA5SP430	rRNA_pseudogene	0	0	0	0.0000	0.0000	0.0000
ENSG00000199301.1	RNU6-208P	snRNA	0	0	0	0.0000	0.0000	0.0000
ENSG00000199303.1	Y_RNA	misc_RNA	0	0	0	0.0000	0.0000	0.0000
ENSG00000199306.1	RNU6-858P	snRNA	0	0	0	0.0000	0.0000	0.0000
ENSG00000199308.1	RNU6-222P	snRNA	0	0	0	0.0000	0.0000	0.0000
ENSG00000199311.1	SNORD115-34	snoRNA	0	0	0	0.0000	0.0000	0.0000
ENSG00000199313.1	RNU4-82P	snRNA	2	1	1	0.8101	0.2009	0.2172
ENSG00000199315.1	RNA5SP347	rRNA_pseudogene	0	0	0	0.0000	0.0000	0.0000
ENSG00000199318.1	RNA5SP52	rRNA_pseudogene	0	0	0	0.0000	0.0000	0.0000
ENSG00000199319.1	RN7SKP25	misc_RNA	0	0	0	0.0000	0.0000	0.0000
ENSG00000199321.1	AL512272.1	snoRNA	0	0	0	0.0000	0.0000	0.0000
ENSG00000199322.1	RNA5SP183	rRNA_pseudogene	0	0	0	0.0000	0.0000	0.0000
ENSG00000199325.1	RNU4-39P	snRNA	5	3	2	2.2327	0.5537	0.5987
ENSG00000199326.1	RNU6-1298P	snRNA	0	0	0	0.0000	0.0000	0.0000
ENSG00000199327.1	RNU6-230P	snRNA	0	0	0	0.0000	0.0000	0.0000
ENSG00000199331.1	Y_RNA	misc_RNA	1	1	0	0.5560	0.1379	0.1491
ENSG00000199332.1	Y_RNA	misc_RNA	0	2	6	0.0000	0.0000	0.0000
ENSG00000199334.1	RNA5S11	rRNA	0	0	0	0.0000	0.0000	0.0000
ENSG00000199335.1	RNU6-204P	snRNA	0	0	0	0.0000	0.0000	0.0000
ENSG00000199337.1	RNA5S3	rRNA	0	0	0	0.0000	0.0000	0.0000
ENSG00000199347.1	RNU5E-1	snRNA	0	0	0	0.0000	0.0000	0.0000
ENSG00000199348.1	RNU6-766P	snRNA	0	0	0	0.0000	0.0000	0.0000
ENSG00000199349.1	Y_RNA	misc_RNA	0	0	0	0.0000	0.0000	0.0000
ENSG00000199350.1	RNA5SP432	rRNA_pseudogene	0	0	0	0.0000	0.0000	0.0000
ENSG00000199352.1	RNA5S1	rRNA	0	0	0	0.0000	0.0000	0.0000
ENSG00000199354.1	RNA5SP273	rRNA_pseudogene	0	0	0	0.0000	0.0000	0.0000
ENSG00000199357.1	Y_RNA	misc_RNA	0	0	0	0.0000	0.0000	0.0000
ENSG00000199360.1	RNU6-1115P	snRNA	0	0	0	0.0000	0.0000	0.0000
ENSG00000199361.1	RNU1-150P	snRNA	0	0	0	0.0000	0.0000	0.0000
ENSG00000199362.1	Y_RNA	misc_RNA	0	0	0	0.0000	0.0000	0.0000
ENSG00000199363.1	SNORA63E	snoRNA	0	0	0	0.0000	0.0000	0.0000
ENSG00000199364.1	RNA5SP327	rRNA_pseudogene	0	0	0	0.0000	0.0000	0.0000
ENSG00000199366.1	Y_RNA	misc_RNA	0	0	0	0.0000	0.0000	0.0000
ENSG00000199368.1	RNU6-1084P	snRNA	0	0	0	0.0000	0.0000	0.0000
ENSG00000199370.2	U3	snoRNA	160	84	76	42.2028	10.4659	11.3160
ENSG00000199373.1	RNA5SP453	rRNA_pseudogene	0	0	0	0.0000	0.0000	0.0000
ENSG00000199377.1	RNU5F-1	snRNA	5	1	4	2.4235	0.6010	0.6498
ENSG00000199378.1	Y_RNA	misc_RNA	0	0	0	0.0000	0.0000	0.0000
ENSG00000199381.1	RNU6-79P	snRNA	0	0	0	0.0000	0.0000	0.0000
ENSG00000199385.1	RNU6-369P	snRNA	0	0	0	0.0000	0.0000	0.0000
ENSG00000199390.1	SNORD114-7	snoRNA	0	0	0	0.0000	0.0000	0.0000
ENSG00000199392.1	AC124254.1	snoRNA	0	0	0	0.0000	0.0000	0.0000
ENSG00000199394.1	RNU6-600P	snRNA	0	0	0	0.0000	0.0000	0.0000
ENSG00000199395.1	RNA5SP93	rRNA_pseudogene	0	0	0	0.0000	0.0000	0.0000
ENSG00000199396.1	RNA5S5	rRNA	0	0	0	0.0000	0.0000	0.0000
ENSG00000199398.1	Y_RNA	misc_RNA	0	0	0	0.0000	0.0000	0.0000
ENSG00000199400.1	RNY4P19	misc_RNA	1	0	1	0.5907	0.1465	0.1584
ENSG00000199402.1	RNA5SP308	rRNA_pseudogene	0	0	0	0.0000	0.0000	0.0000
ENSG00000199405.1	SNORA1B	snoRNA	1	1	0	0.4264	0.1057	0.1143
ENSG00000199407.1	RNA5SP301	rRNA_pseudogene	2	1	1	0.9374	0.2325	0.2513
ENSG00000199409.1	Y_RNA	misc_RNA	0	0	0	0.0000	0.0000	0.0000
ENSG00000199410.1	Y_RNA	misc_RNA	0	0	0	0.0000	0.0000	0.0000
ENSG00000199411.1	SNORD62	snoRNA	0	0	0	0.0000	0.0000	0.0000
ENSG00000199415.1	RNA5SP370	rRNA_pseudogene	0	0	0	0.0000	0.0000	0.0000
ENSG00000199420.1	RN7SKP170	misc_RNA	0	0	0	0.0000	0.0000	0.0000
ENSG00000199422.1	VTRNA3-1P	misc_RNA	0	0	0	0.0000	0.0000	0.0000
ENSG00000199424.1	Y_RNA	misc_RNA	1	0	1	0.5109	0.1267	0.1370
ENSG00000199426.1	RNU1-108P	snRNA	0	0	0	0.0000	0.0000	0.0000
ENSG00000199436.1	SNORD9	snoRNA	4	3	1	2.1812	0.5409	0.5848
ENSG00000199440.1	Y_RNA	misc_RNA	0	0	0	0.0000	0.0000	0.0000
ENSG00000199442.1	Y_RNA	misc_RNA	0	0	0	0.0000	0.0000	0.0000
ENSG00000199444.1	Y_RNA	misc_RNA	0	0	0	0.0000	0.0000	0.0000
ENSG00000199446.1	RNU6-543P	snRNA	0	0	0	0.0000	0.0000	0.0000
ENSG00000199448.1	RNU6-845P	snRNA	0	0	0	0.0000	0.0000	0.0000
ENSG00000199450.1	RNA5SP276	rRNA_pseudogene	1	0	1	0.6033	0.1496	0.1618
ENSG00000199453.1	SNORD115-12	snoRNA	0	0	0	0.0000	0.0000	0.0000
ENSG00000199454.1	RNA5SP388	rRNA_pseudogene	0	0	0	0.0000	0.0000	0.0000
ENSG00000199455.1	RNA5SP191	rRNA_pseudogene	0	0	0	0.0000	0.0000	0.0000
ENSG00000199458.1	RNU4-35P	snRNA	0	0	0	0.0000	0.0000	0.0000
ENSG00000199459.1	Y_RNA	misc_RNA	0	0	0	0.0000	0.0000	0.0000
ENSG00000199460.2	RNU6-1216P	snRNA	0	0	0	0.0000	0.0000	0.0000
ENSG00000199461.1	Y_RNA	misc_RNA	0	0	0	0.0000	0.0000	0.0000
ENSG00000199466.1	Y_RNA	misc_RNA	2	0	2	1.1120	0.2758	0.2982
ENSG00000199468.1	RNU6-556P	snRNA	0	0	0	0.0000	0.0000	0.0000
ENSG00000199469.1	RNU1-62P	snRNA	0	0	0	0.0000	0.0000	0.0000
ENSG00000199470.1	AC011891.1	snoRNA	0	0	0	0.0000	0.0000	0.0000
ENSG00000199471.1	Y_RNA	misc_RNA	3	1	2	1.6845	0.4177	0.4517
ENSG00000199472.1	Y_RNA	misc_RNA	1	1	0	0.5063	0.1256	0.1358
ENSG00000199473.1	SNORA63	snoRNA	0	0	0	0.0000	0.0000	0.0000
ENSG00000199474.1	AC092324.1	snoRNA	0	0	0	0.0000	0.0000	0.0000
ENSG00000199475.1	RN7SKP104	misc_RNA	0	0	0	0.0000	0.0000	0.0000
ENSG00000199476.1	Y_RNA	misc_RNA	8	3	5	4.2007	1.0417	1.1264
ENSG00000199477.1	SNORA31	snoRNA	1	1	0	0.4362	0.1082	0.1170
ENSG00000199480.1	RNA5SP389	rRNA_pseudogene	0	0	0	0.0000	0.0000	0.0000
ENSG00000199482.1	RNU6-633P	snRNA	4	2	2	2.2023	0.5462	0.5905
ENSG00000199483.1	RNU4-15P	snRNA	0	0	0	0.0000	0.0000	0.0000
ENSG00000199487.1	Y_RNA	misc_RNA	0	0	0	0.0000	0.0000	0.0000
ENSG00000199488.1	RNU1-70P	snRNA	0	0	0	0.0000	0.0000	0.0000
ENSG00000199489.1	SNORD115-25	snoRNA	0	0	0	0.0000	0.0000	0.0000
ENSG00000199490.1	Y_RNA	misc_RNA	1	0	1	0.5787	0.1435	0.1552
ENSG00000199492.1	RNU6-1313P	snRNA	0	0	0	0.0000	0.0000	0.0000
ENSG00000199497.1	RNU1-94P	snRNA	1	0	1	0.3278	0.0813	0.0879
ENSG00000199506.1	RNU6-247P	snRNA	2	1	1	1.0600	0.2629	0.2842
ENSG00000199508.1	RNA5SP110	rRNA_pseudogene	0	0	0	0.0000	0.0000	0.0000
ENSG00000199509.1	RNA5SP477	rRNA_pseudogene	1	2	0	0.4766	0.1182	0.1278
ENSG00000199512.1	RNU6-212P	snRNA	0	0	0	0.0000	0.0000	0.0000
ENSG00000199514.1	RNU6-235P	snRNA	0	0	0	0.0000	0.0000	0.0000
ENSG00000199515.1	Y_RNA	misc_RNA	0	0	0	0.0000	0.0000	0.0000
ENSG00000199516.1	Y_RNA	misc_RNA	0	0	0	0.0000	0.0000	0.0000
ENSG00000199520.1	RNU6-386P	snRNA	0	0	0	0.0000	0.0000	0.0000
ENSG00000199523.1	RNA5SP226	rRNA_pseudogene	0	0	0	0.0000	0.0000	0.0000
ENSG00000199525.1	RNA5SP295	rRNA_pseudogene	0	0	0	0.0000	0.0000	0.0000
ENSG00000199529.1	RNU6-462P	snRNA	0	0	0	0.0000	0.0000	0.0000
ENSG00000199530.1	Y_RNA	misc_RNA	0	0	0	0.0000	0.0000	0.0000
ENSG00000199535.1	RNA5SP305	rRNA_pseudogene	0	0	0	0.0000	0.0000	0.0000
ENSG00000199536.1	RNU6-315P	snRNA	1	0	1	0.5300	0.1314	0.1421
ENSG00000199540.1	Y_RNA	misc_RNA	0	0	0	0.0000	0.0000	0.0000
ENSG00000199545.1	RNA5SP195	rRNA_pseudogene	2	1	1	0.9694	0.2404	0.2599
ENSG00000199546.1	Y_RNA	misc_RNA	0	17	19	0.0000	0.0000	0.0000
ENSG00000199550.1	Y_RNA	misc_RNA	1	1	0	0.5019	0.1245	0.1346
ENSG00000199551.1	RNU6-545P	snRNA	0	0	0	0.0000	0.0000	0.0000
ENSG00000199552.1	SNORA63	snoRNA	0	0	0	0.0000	0.0000	0.0000
ENSG00000199556.1	RNA5SP361	rRNA_pseudogene	0	0	0	0.0000	0.0000	0.0000
ENSG00000199562.1	RNU6-37P	snRNA	1	1	1	0.5300	0.1314	0.1421
ENSG00000199564.1	RNA5SP502	rRNA_pseudogene	0	0	0	0.0000	0.0000	0.0000
ENSG00000199565.1	Y_RNA	misc_RNA	0	0	0	0.0000	0.0000	0.0000
ENSG00000199566.1	AC008083.1	snoRNA	0	0	0	0.0000	0.0000	0.0000
ENSG00000199567.1	Y_RNA	misc_RNA	0	0	0	0.0000	0.0000	0.0000
ENSG00000199568.1	RNU5A-1	snRNA	0	0	0	0.0000	0.0000	0.0000
ENSG00000199570.1	RNU6-228P	snRNA	1	1	0	0.5350	0.1327	0.1435
ENSG00000199571.1	AC121336.1	snoRNA	0	0	0	0.0000	0.0000	0.0000
ENSG00000199572.1	RNA5SP174	rRNA_pseudogene	0	0	0	0.0000	0.0000	0.0000
ENSG00000199574.1	SNORD18C	snoRNA	0	0	0	0.0000	0.0000	0.0000
ENSG00000199575.1	SNORD114-1	snoRNA	0	0	0	0.0000	0.0000	0.0000
ENSG00000199577.1	RNU6-822P	snRNA	0	0	0	0.0000	0.0000	0.0000
ENSG00000199580.1	Y_RNA	misc_RNA	0	0	0	0.0000	0.0000	0.0000
ENSG00000199584.1	Y_RNA	misc_RNA	0	0	0	0.0000	0.0000	0.0000
ENSG00000199585.1	RNA5SP119	rRNA_pseudogene	0	0	0	0.0000	0.0000	0.0000
ENSG00000199591.1	Y_RNA	misc_RNA	0	0	0	0.0000	0.0000	0.0000
ENSG00000199592.1	RNA5SP321	rRNA_pseudogene	0	0	0	0.0000	0.0000	0.0000
ENSG00000199593.1	SNORD114-14	snoRNA	0	0	0	0.0000	0.0000	0.0000
ENSG00000199594.1	RNU6-1301P	snRNA	0	0	0	0.0000	0.0000	0.0000
ENSG00000199595.1	Y_RNA	misc_RNA	0	0	0	0.0000	0.0000	0.0000
ENSG00000199598.1	RNU6-859P	snRNA	0	0	0	0.0000	0.0000	0.0000
ENSG00000199601.1	RNU6-562P	snRNA	0	0	0	0.0000	0.0000	0.0000
ENSG00000199603.1	RNU6-951P	snRNA	0	0	0	0.0000	0.0000	0.0000
ENSG00000199605.1	RNY4P24	misc_RNA	0	0	0	0.0000	0.0000	0.0000
ENSG00000199609.1	RNA5SP124	rRNA_pseudogene	1	0	1	0.5155	0.1279	0.1382
ENSG00000199620.1	RNA5SP258	rRNA_pseudogene	0	0	0	0.0000	0.0000	0.0000
ENSG00000199622.1	RN7SKP20	misc_RNA	0	0	0	0.0000	0.0000	0.0000
ENSG00000199626.1	RNU6-989P	snRNA	0	0	0	0.0000	0.0000	0.0000
ENSG00000199627.1	RNU6-1010P	snRNA	1	1	0	0.5300	0.1314	0.1421
ENSG00000199629.1	RNU1-14P	snRNA	0	0	0	0.0000	0.0000	0.0000
ENSG00000199630.1	Y_RNA	misc_RNA	1	1	0	0.5907	0.1465	0.1584
ENSG00000199631.1	SNORD33	snoRNA	0	0	0	0.0000	0.0000	0.0000
ENSG00000199633.1	SNORA63	snoRNA	0	0	0	0.0000	0.0000	0.0000
ENSG00000199634.1	RNU4-79P	snRNA	0	0	0	0.0000	0.0000	0.0000
ENSG00000199635.1	Y_RNA	misc_RNA	0	0	0	0.0000	0.0000	0.0000
ENSG00000199636.1	Y_RNA	misc_RNA	0	0	0	0.0000	0.0000	0.0000
ENSG00000199638.1	RNA5SP319	rRNA_pseudogene	0	0	0	0.0000	0.0000	0.0000
ENSG00000199640.1	RN7SKP294	misc_RNA	0	0	0	0.0000	0.0000	0.0000
ENSG00000199643.1	RNU4-90P	snRNA	0	0	0	0.0000	0.0000	0.0000
ENSG00000199645.1	RNU6-1330P	snRNA	0	0	0	0.0000	0.0000	0.0000
ENSG00000199646.1	RNU6-1272P	snRNA	1	0	1	0.5300	0.1314	0.1421
ENSG00000199652.2	RNU1-35P	snRNA	0	0	0	0.0000	0.0000	0.0000
ENSG00000199664.1	RNU6-1266P	snRNA	0	0	0	0.0000	0.0000	0.0000
ENSG00000199666.2	SNORD3G	snoRNA	0	0	0	0.0000	0.0000	0.0000
ENSG00000199667.1	Y_RNA	misc_RNA	3	0	3	1.6679	0.4136	0.4472
ENSG00000199668.1	Y_RNA	misc_RNA	0	0	0	0.0000	0.0000	0.0000
ENSG00000199672.1	RNU4-21P	snRNA	0	0	0	0.0000	0.0000	0.0000
ENSG00000199673.1	SNORD16	snoRNA	0	0	0	0.0000	0.0000	0.0000
ENSG00000199674.1	RNU6-862P	snRNA	0	0	0	0.0000	0.0000	0.0000
ENSG00000199676.1	Y_RNA	misc_RNA	1	0	1	0.5019	0.1245	0.1346
ENSG00000199677.1	Y_RNA	misc_RNA	0	0	0	0.0000	0.0000	0.0000
ENSG00000199683.1	RN7SKP185	misc_RNA	0	0	0	0.0000	0.0000	0.0000
ENSG00000199687.1	RNU1-38P	snRNA	0	0	0	0.0000	0.0000	0.0000
ENSG00000199691.1	RN7SKP173	misc_RNA	7	3	4	1.2602	0.3125	0.3379
ENSG00000199695.1	RNU6-1128P	snRNA	0	0	0	0.0000	0.0000	0.0000
ENSG00000199697.1	RNU6-446P	snRNA	0	0	0	0.0000	0.0000	0.0000
ENSG00000199698.1	Y_RNA	misc_RNA	0	0	0	0.0000	0.0000	0.0000
ENSG00000199700.1	RNU6-223P	snRNA	0	0	0	0.0000	0.0000	0.0000
ENSG00000199701.1	Y_RNA	misc_RNA	0	0	0	0.0000	0.0000	0.0000
ENSG00000199702.1	RNU6-170P	snRNA	0	0	0	0.0000	0.0000	0.0000
ENSG00000199704.1	SNORD115-29	snoRNA	0	0	0	0.0000	0.0000	0.0000
ENSG00000199705.1	Y_RNA	misc_RNA	0	0	0	0.0000	0.0000	0.0000
ENSG00000199709.1	RNU4-23P	snRNA	1	1	0	0.4051	0.1005	0.1086
ENSG00000199710.1	Y_RNA	misc_RNA	0	0	0	0.0000	0.0000	0.0000
ENSG00000199711.1	Y_RNA	misc_RNA	0	0	0	0.0000	0.0000	0.0000
ENSG00000199712.1	SNORD115-2	snoRNA	0	0	0	0.0000	0.0000	0.0000
ENSG00000199713.1	U8	snoRNA	0	0	0	0.0000	0.0000	0.0000
ENSG00000199715.1	Y_RNA	misc_RNA	0	0	0	0.0000	0.0000	0.0000
ENSG00000199716.1	Y_RNA	misc_RNA	0	0	0	0.0000	0.0000	0.0000
ENSG00000199719.1	RN7SKP74	misc_RNA	5	2	3	0.9176	0.2276	0.2460
ENSG00000199728.1	RNU6-655P	snRNA	0	0	0	0.0000	0.0000	0.0000
ENSG00000199730.1	RN7SKP95	misc_RNA	0	0	0	0.0000	0.0000	0.0000
ENSG00000199731.1	RNU6-1079P	snRNA	1	0	1	0.5155	0.1279	0.1382
ENSG00000199732.1	Y_RNA	misc_RNA	0	0	0	0.0000	0.0000	0.0000
ENSG00000199733.1	RNA5SP307	rRNA_pseudogene	0	0	0	0.0000	0.0000	0.0000
ENSG00000199735.1	RNU6-227P	snRNA	0	0	0	0.0000	0.0000	0.0000
ENSG00000199739.1	RNU6-552P	snRNA	0	0	0	0.0000	0.0000	0.0000
ENSG00000199740.1	Y_RNA	misc_RNA	0	0	0	0.0000	0.0000	0.0000
ENSG00000199744.1	SNORD36A	snoRNA	0	0	0	0.0000	0.0000	0.0000
ENSG00000199751.1	Y_RNA	misc_RNA	0	0	0	0.0000	0.0000	0.0000
ENSG00000199753.1	SNORD104	snoRNA	34	22	12	27.5448	6.8308	7.3857
ENSG00000199755.1	Y_RNA	misc_RNA	0	0	0	0.0000	0.0000	0.0000
ENSG00000199756.1	Y_RNA	misc_RNA	0	0	0	0.0000	0.0000	0.0000
ENSG00000199762.1	Y_RNA	misc_RNA	0	0	0	0.0000	0.0000	0.0000
ENSG00000199764.1	Y_RNA	misc_RNA	0	0	0	0.0000	0.0000	0.0000
ENSG00000199765.1	RNU6-363P	snRNA	0	0	0	0.0000	0.0000	0.0000
ENSG00000199767.1	RNU6-78P	snRNA	0	0	0	0.0000	0.0000	0.0000
ENSG00000199771.1	RNA5SP426	rRNA_pseudogene	0	0	0	0.0000	0.0000	0.0000
ENSG00000199773.1	RNU1-76P	snRNA	0	0	0	0.0000	0.0000	0.0000
ENSG00000199780.1	Y_RNA	misc_RNA	0	0	0	0.0000	0.0000	0.0000
ENSG00000199781.1	Y_RNA	misc_RNA	0	0	0	0.0000	0.0000	0.0000
ENSG00000199782.1	SNORD115-9	snoRNA	0	0	0	0.0000	0.0000	0.0000
ENSG00000199783.1	AL049759.1	snoRNA	0	0	0	0.0000	0.0000	0.0000
ENSG00000199784.1	RNU6-1287P	snRNA	0	0	0	0.0000	0.0000	0.0000
ENSG00000199785.1	SNORA52	snoRNA	0	0	0	0.0000	0.0000	0.0000
ENSG00000199786.1	RNA5SP188	rRNA_pseudogene	0	0	0	0.0000	0.0000	0.0000
ENSG00000199787.1	SNORA80C	snoRNA	0	0	0	0.0000	0.0000	0.0000
ENSG00000199788.1	RNY3P2	misc_RNA	0	0	0	0.0000	0.0000	0.0000
ENSG00000199790.1	RNU6-836P	snRNA	0	0	0	0.0000	0.0000	0.0000
ENSG00000199791.1	RNU6-451P	snRNA	0	0	0	0.0000	0.0000	0.0000
ENSG00000199792.1	RNU6-1233P	snRNA	0	0	0	0.0000	0.0000	0.0000
ENSG00000199796.1	RNU6-924P	snRNA	0	0	0	0.0000	0.0000	0.0000
ENSG00000199797.1	Y_RNA	misc_RNA	0	0	0	0.0000	0.0000	0.0000
ENSG00000199798.1	SNORD114-5	snoRNA	0	0	0	0.0000	0.0000	0.0000
ENSG00000199801.1	Y_RNA	misc_RNA	0	0	0	0.0000	0.0000	0.0000
ENSG00000199803.1	RNU6-1159P	snRNA	0	0	0	0.0000	0.0000	0.0000
ENSG00000199804.1	RNA5SP383	rRNA_pseudogene	9	4	5	4.2532	1.0548	1.1404
ENSG00000199805.1	RNU1-134P	snRNA	1	0	1	0.3437	0.0852	0.0922
ENSG00000199806.1	RNA5SP491	rRNA_pseudogene	0	0	0	0.0000	0.0000	0.0000
ENSG00000199809.1	RNA5SP374	rRNA_pseudogene	0	0	0	0.0000	0.0000	0.0000
ENSG00000199812.1	RNU6-428P	snRNA	0	0	0	0.0000	0.0000	0.0000
ENSG00000199814.1	RNU6-1260P	snRNA	0	0	0	0.0000	0.0000	0.0000
ENSG00000199815.2	AC034186.1	snoRNA	0	0	0	0.0000	0.0000	0.0000
ENSG00000199824.1	RNU6-199P	snRNA	0	0	0	0.0000	0.0000	0.0000
ENSG00000199827.1	RNU6-1290P	snRNA	0	0	0	0.0000	0.0000	0.0000
ENSG00000199831.1	RN7SKP291	misc_RNA	0	0	0	0.0000	0.0000	0.0000
ENSG00000199832.1	Y_RNA	misc_RNA	0	0	0	0.0000	0.0000	0.0000
ENSG00000199833.1	SNORD115-21	snoRNA	0	0	0	0.0000	0.0000	0.0000
ENSG00000199836.1	RNU1-47P	snRNA	1	1	0	0.3479	0.0863	0.0933
ENSG00000199839.1	RNA5SP150	rRNA	0	0	0	0.0000	0.0000	0.0000
ENSG00000199840.1	Y_RNA	misc_RNA	0	0	0	0.0000	0.0000	0.0000
ENSG00000199843.1	RNA5SP358	rRNA_pseudogene	0	0	0	0.0000	0.0000	0.0000
ENSG00000199845.1	RNA5SP375	rRNA_pseudogene	0	0	0	0.0000	0.0000	0.0000
ENSG00000199846.1	RNU1-72P	snRNA	0	0	0	0.0000	0.0000	0.0000
ENSG00000199849.1	RNU5F-6P	snRNA	0	0	0	0.0000	0.0000	0.0000
ENSG00000199851.2	U3	snoRNA	0	0	0	0.0000	0.0000	0.0000
ENSG00000199855.1	RNU6-490P	snRNA	0	0	0	0.0000	0.0000	0.0000
ENSG00000199856.2	U3	snoRNA	0	0	0	0.0000	0.0000	0.0000
ENSG00000199857.1	AC096743.1	snoRNA	0	0	0	0.0000	0.0000	0.0000
ENSG00000199858.1	RNU6-1120P	snRNA	0	0	0	0.0000	0.0000	0.0000
ENSG00000199859.1	RNU6-582P	snRNA	0	0	0	0.0000	0.0000	0.0000
ENSG00000199862.1	Y_RNA	misc_RNA	0	0	0	0.0000	0.0000	0.0000
ENSG00000199865.1	RNU6-495P	snRNA	1	0	1	0.5300	0.1314	0.1421
ENSG00000199866.1	Y_RNA	misc_RNA	0	0	0	0.0000	0.0000	0.0000
ENSG00000199867.1	Y_RNA	misc_RNA	0	0	0	0.0000	0.0000	0.0000
ENSG00000199870.1	Y_RNA	misc_RNA	0	0	0	0.0000	0.0000	0.0000
ENSG00000199872.1	RNU6-942P	snRNA	0	0	0	0.0000	0.0000	0.0000
ENSG00000199874.1	RNA5SP452	rRNA_pseudogene	0	0	0	0.0000	0.0000	0.0000
ENSG00000199875.1	Y_RNA	misc_RNA	0	0	0	0.0000	0.0000	0.0000
ENSG00000199878.1	RN7SKP149	misc_RNA	0	0	0	0.0000	0.0000	0.0000
ENSG00000199879.1	RNVU1-22	snRNA	0	0	0	0.0000	0.0000	0.0000
ENSG00000199880.1	RNU6-888P	snRNA	0	0	0	0.0000	0.0000	0.0000
ENSG00000199881.1	Y_RNA	misc_RNA	0	0	0	0.0000	0.0000	0.0000
ENSG00000199883.1	RN7SKP90	misc_RNA	1	0	1	0.1693	0.0420	0.0454
ENSG00000199884.1	Y_RNA	misc_RNA	0	0	0	0.0000	0.0000	0.0000
ENSG00000199885.1	RNU6-330P	snRNA	0	0	0	0.0000	0.0000	0.0000
ENSG00000199886.1	RNU6-249P	snRNA	0	0	0	0.0000	0.0000	0.0000
ENSG00000199890.1	Y_RNA	misc_RNA	2	1	1	1.0218	0.2534	0.2740
ENSG00000199892.2	RNU1-17P	snRNA	0	0	0	0.0000	0.0000	0.0000
ENSG00000199894.1	AC093872.1	snoRNA	0	0	0	0.0000	0.0000	0.0000
ENSG00000199895.1	Y_RNA	misc_RNA	0	0	0	0.0000	0.0000	0.0000
ENSG00000199899.2	Y_RNA	misc_RNA	1	0	1	0.5728	0.1421	0.1536
ENSG00000199901.1	Y_RNA	misc_RNA	0	0	0	0.0000	0.0000	0.0000
ENSG00000199903.1	RNU6-1273P	snRNA	0	0	0	0.0000	0.0000	0.0000
ENSG00000199905.1	RNU6-492P	snRNA	0	0	0	0.0000	0.0000	0.0000
ENSG00000199906.1	RNU5B-2P	snRNA	19	9	10	9.5353	2.3647	2.5567
ENSG00000199910.1	RNA5S10	rRNA	0	0	0	0.0000	0.0000	0.0000
ENSG00000199911.1	Y_RNA	misc_RNA	0	0	0	0.0000	0.0000	0.0000
ENSG00000199912.1	Y_RNA	misc_RNA	0	0	0	0.0000	0.0000	0.0000
ENSG00000199913.1	Y_RNA	misc_RNA	0	0	0	0.0000	0.0000	0.0000
ENSG00000199914.1	SNORD114-16	snoRNA	0	0	0	0.0000	0.0000	0.0000
ENSG00000199920.1	RNU4-44P	snRNA	0	0	0	0.0000	0.0000	0.0000
ENSG00000199921.1	RNU6-161P	snRNA	0	0	0	0.0000	0.0000	0.0000
ENSG00000199924.1	RNU6-1252P	snRNA	0	0	0	0.0000	0.0000	0.0000
ENSG00000199927.2	AC025614.1	snoRNA	0	0	0	0.0000	0.0000	0.0000
ENSG00000199929.1	RNA5SP405	rRNA_pseudogene	0	0	0	0.0000	0.0000	0.0000
ENSG00000199932.1	RNU1-18P	snRNA	0	0	0	0.0000	0.0000	0.0000
ENSG00000199933.1	RNY1P16	misc_RNA	1	1	0	0.5109	0.1267	0.1370
ENSG00000199934.1	SNORD81	snoRNA	0	0	0	0.0000	0.0000	0.0000
ENSG00000199936.1	Y_RNA	misc_RNA	0	0	0	0.0000	0.0000	0.0000
ENSG00000199938.1	Y_RNA	misc_RNA	0	0	0	0.0000	0.0000	0.0000
ENSG00000199940.1	RN7SKP75	misc_RNA	0	0	0	0.0000	0.0000	0.0000
ENSG00000199942.1	SNORD114-19	snoRNA	0	0	0	0.0000	0.0000	0.0000
ENSG00000199944.1	RNU6-653P	snRNA	2	1	1	1.0700	0.2653	0.2869
ENSG00000199949.2	Y_RNA	misc_RNA	0	0	0	0.0000	0.0000	0.0000
ENSG00000199953.1	RNA5SP443	rRNA	0	0	0	0.0000	0.0000	0.0000
ENSG00000199959.1	AL359273.1	snoRNA	0	0	0	0.0000	0.0000	0.0000
ENSG00000199960.1	SNORD115-14	snoRNA	0	0	0	0.0000	0.0000	0.0000
ENSG00000199961.1	SNORD1B	snoRNA	2	1	1	1.3502	0.3348	0.3620
ENSG00000199962.1	Y_RNA	misc_RNA	0	0	0	0.0000	0.0000	0.0000
ENSG00000199963.1	RNU6-605P	snRNA	0	0	0	0.0000	0.0000	0.0000
ENSG00000199964.1	Y_RNA	misc_RNA	0	0	0	0.0000	0.0000	0.0000
ENSG00000199968.1	SNORD115-19	snoRNA	0	0	0	0.0000	0.0000	0.0000
ENSG00000199970.1	SNORD115-3	snoRNA	0	0	0	0.0000	0.0000	0.0000
ENSG00000199971.1	RNU6-797P	snRNA	0	0	0	0.0000	0.0000	0.0000
ENSG00000199975.1	RN7SKP243	misc_RNA	2	1	1	0.3671	0.0910	0.0984
ENSG00000199977.1	SNORA73	snoRNA	2	0	2	0.5533	0.1372	0.1483
ENSG00000199979.1	Y_RNA	misc_RNA	0	0	0	0.0000	0.0000	0.0000
ENSG00000199985.1	RNA5SP264	rRNA_pseudogene	0	0	0	0.0000	0.0000	0.0000
ENSG00000199986.1	RNU6-486P	snRNA	0	0	0	0.0000	0.0000	0.0000
ENSG00000199990.1	VTRNA1-1	misc_RNA	0	0	0	0.0000	0.0000	0.0000
ENSG00000199994.1	RNA5SP145	rRNA_pseudogene	0	0	0	0.0000	0.0000	0.0000
ENSG00000200003.1	RNU6-986P	snRNA	0	0	0	0.0000	0.0000	0.0000
ENSG00000200008.1	Y_RNA	misc_RNA	0	0	0	0.0000	0.0000	0.0000
ENSG00000200011.1	Y_RNA	misc_RNA	0	0	0	0.0000	0.0000	0.0000
ENSG00000200013.1	RNU6-623P	snRNA	0	0	0	0.0000	0.0000	0.0000
ENSG00000200021.1	RNA5SP448	rRNA_pseudogene	0	0	0	0.0000	0.0000	0.0000
ENSG00000200024.1	Y_RNA	misc_RNA	0	0	0	0.0000	0.0000	0.0000
ENSG00000200026.1	U8	snoRNA	0	0	0	0.0000	0.0000	0.0000
ENSG00000200028.1	RNA5SP98	rRNA_pseudogene	0	0	0	0.0000	0.0000	0.0000
ENSG00000200029.1	RNU6-642P	snRNA	0	0	0	0.0000	0.0000	0.0000
ENSG00000200033.1	RNU6-403P	snRNA	23	11	12	12.5416	3.1102	3.3628
ENSG00000200034.1	RNU4-73P	snRNA	0	0	0	0.0000	0.0000	0.0000
ENSG00000200036.1	RNA5SP65	rRNA_pseudogene	0	0	0	0.0000	0.0000	0.0000
ENSG00000200040.1	Y_RNA	misc_RNA	2	0	2	1.0037	0.2489	0.2691
ENSG00000200041.1	Y_RNA	misc_RNA	0	0	0	0.0000	0.0000	0.0000
ENSG00000200047.1	RN7SKP115	misc_RNA	0	0	0	0.0000	0.0000	0.0000
ENSG00000200048.1	RNU6-812P	snRNA	0	0	0	0.0000	0.0000	0.0000
ENSG00000200049.1	Y_RNA	misc_RNA	0	0	0	0.0000	0.0000	0.0000
ENSG00000200051.1	AC011399.1	snoRNA	0	0	0	0.0000	0.0000	0.0000
ENSG00000200052.1	Y_RNA	misc_RNA	0	0	0	0.0000	0.0000	0.0000
ENSG00000200057.1	RN7SKP63	misc_RNA	0	0	0	0.0000	0.0000	0.0000
ENSG00000200058.1	RNA5SP218	rRNA_pseudogene	0	0	0	0.0000	0.0000	0.0000
ENSG00000200059.1	Y_RNA	misc_RNA	0	0	0	0.0000	0.0000	0.0000
ENSG00000200060.1	Y_RNA	misc_RNA	0	0	0	0.0000	0.0000	0.0000
ENSG00000200062.1	RNU4-58P	snRNA	0	0	0	0.0000	0.0000	0.0000
ENSG00000200063.1	AC061992.1	snoRNA	0	0	0	0.0000	0.0000	0.0000
ENSG00000200064.1	RNY4P9	misc_RNA	0	0	0	0.0000	0.0000	0.0000
ENSG00000200065.1	Y_RNA	misc_RNA	0	0	0	0.0000	0.0000	0.0000
ENSG00000200070.1	RNU4-80P	snRNA	1	0	1	0.4022	0.0997	0.1078
ENSG00000200072.1	AL138691.1	snoRNA	0	0	0	0.0000	0.0000	0.0000
ENSG00000200075.1	AC022973.1	snoRNA	2	1	1	0.8931	0.2215	0.2395
ENSG00000200079.1	RNA5SP326	rRNA_pseudogene	0	0	0	0.0000	0.0000	0.0000
ENSG00000200084.1	SNORD68	snoRNA	0	0	0	0.0000	0.0000	0.0000
ENSG00000200085.1	Y_RNA	misc_RNA	0	0	0	0.0000	0.0000	0.0000
ENSG00000200086.1	RNU6-433P	snRNA	0	0	0	0.0000	0.0000	0.0000
ENSG00000200087.1	SNORA73B	snoRNA	41	22	19	11.3976	2.8265	3.0561
ENSG00000200089.1	SNORD114-31	snoRNA	0	0	0	0.0000	0.0000	0.0000
ENSG00000200090.1	Y_RNA	misc_RNA	19	10	9	10.8837	2.6991	2.9183
ENSG00000200091.1	RN7SKP163	misc_RNA	0	0	0	0.0000	0.0000	0.0000
ENSG00000200095.1	RNU6-181P	snRNA	4	2	2	2.1200	0.5257	0.5684
ENSG00000200097.1	RNU6-1167P	snRNA	0	0	0	0.0000	0.0000	0.0000
ENSG00000200101.1	RNU6-508P	snRNA	0	0	0	0.0000	0.0000	0.0000
ENSG00000200102.1	RNU6-252P	snRNA	0	0	0	0.0000	0.0000	0.0000
ENSG00000200105.1	RNU6-251P	snRNA	1	0	1	0.5453	0.1352	0.1462
ENSG00000200106.1	RNU6-984P	snRNA	0	0	0	0.0000	0.0000	0.0000
ENSG00000200107.1	RNU6-1249P	snRNA	0	0	0	0.0000	0.0000	0.0000
ENSG00000200108.1	RNU6-774P	snRNA	0	0	0	0.0000	0.0000	0.0000
ENSG00000200112.1	AC012157.1	snoRNA	0	0	0	0.0000	0.0000	0.0000
ENSG00000200113.1	AC078843.1	snoRNA	0	0	0	0.0000	0.0000	0.0000
ENSG00000200114.1	RNA5SP123	rRNA_pseudogene	2	2	0	0.9531	0.2364	0.2556
ENSG00000200118.1	Y_RNA	misc_RNA	0	0	0	0.0000	0.0000	0.0000
ENSG00000200120.1	Y_RNA	misc_RNA	0	0	0	0.0000	0.0000	0.0000
ENSG00000200121.2	Y_RNA	misc_RNA	0	0	0	0.0000	0.0000	0.0000
ENSG00000200131.1	RN7SKP77	misc_RNA	0	0	0	0.0000	0.0000	0.0000
ENSG00000200132.1	RNU6-1021P	snRNA	0	0	0	0.0000	0.0000	0.0000
ENSG00000200135.1	Y_RNA	misc_RNA	1	0	1	0.5019	0.1245	0.1346
ENSG00000200138.1	RNY1P10	misc_RNA	1	0	1	0.5019	0.1245	0.1346
ENSG00000200139.1	RNU6-778P	snRNA	0	0	0	0.0000	0.0000	0.0000
ENSG00000200142.1	Y_RNA	misc_RNA	0	0	0	0.0000	0.0000	0.0000
ENSG00000200146.1	RNU6-544P	snRNA	0	0	0	0.0000	0.0000	0.0000
ENSG00000200150.1	AL132709.1	snoRNA	0	0	0	0.0000	0.0000	0.0000
ENSG00000200151.1	RN7SKP231	misc_RNA	0	0	0	0.0000	0.0000	0.0000
ENSG00000200152.1	RNU6-216P	snRNA	1	0	1	0.5453	0.1352	0.1462
ENSG00000200153.1	RNU6-23P	snRNA	0	0	0	0.0000	0.0000	0.0000
ENSG00000200156.1	RNU5B-1	snRNA	0	0	0	0.0000	0.0000	0.0000
ENSG00000200161.1	RN7SKP145	misc_RNA	0	0	0	0.0000	0.0000	0.0000
ENSG00000200162.1	Y_RNA	misc_RNA	0	0	0	0.0000	0.0000	0.0000
ENSG00000200163.1	SNORD115-18	snoRNA	0	0	0	0.0000	0.0000	0.0000
ENSG00000200164.1	Y_RNA	misc_RNA	1	1	0	0.5615	0.1392	0.1506
ENSG00000200168.1	RNA5SP350	rRNA_pseudogene	0	0	0	0.0000	0.0000	0.0000
ENSG00000200169.1	RNU5D-1	snRNA	1	1	0	0.4889	0.1212	0.1311
ENSG00000200170.1	Y_RNA	misc_RNA	10	5	5	5.6148	1.3924	1.5055
ENSG00000200171.1	Y_RNA	misc_RNA	0	0	0	0.0000	0.0000	0.0000
ENSG00000200174.1	Y_RNA	misc_RNA	0	0	0	0.0000	0.0000	0.0000
ENSG00000200175.1	RNU6-1309P	snRNA	0	0	0	0.0000	0.0000	0.0000
ENSG00000200176.1	RNU1-19P	snRNA	0	0	0	0.0000	0.0000	0.0000
ENSG00000200179.1	Y_RNA	misc_RNA	0	0	0	0.0000	0.0000	0.0000
ENSG00000200183.1	RNU6-238P	snRNA	2	2	0	1.0700	0.2653	0.2869
ENSG00000200184.1	RNU1-20P	snRNA	0	0	0	0.0000	0.0000	0.0000
ENSG00000200189.1	RNU6-832P	snRNA	0	0	0	0.0000	0.0000	0.0000
ENSG00000200191.1	U8	snoRNA	0	0	0	0.0000	0.0000	0.0000
ENSG00000200197.1	RNU1-21P	snRNA	0	0	0	0.0000	0.0000	0.0000
ENSG00000200198.1	RN7SKP211	misc_RNA	0	0	0	0.0000	0.0000	0.0000
ENSG00000200201.1	Y_RNA	misc_RNA	0	0	0	0.0000	0.0000	0.0000
ENSG00000200204.1	RNU1-22P	snRNA	0	0	0	0.0000	0.0000	0.0000
ENSG00000200206.1	AC016180.1	snoRNA	0	0	0	0.0000	0.0000	0.0000
ENSG00000200208.1	Y_RNA	misc_RNA	0	0	0	0.0000	0.0000	0.0000
ENSG00000200209.1	Y_RNA	misc_RNA	2	1	1	1.2196	0.3024	0.3270
ENSG00000200211.1	RNY4P27	misc_RNA	0	0	0	0.0000	0.0000	0.0000
ENSG00000200213.1	RNU6-992P	snRNA	0	0	0	0.0000	0.0000	0.0000
ENSG00000200215.3	SNORD113-6	snoRNA	0	0	0	0.0000	0.0000	0.0000
ENSG00000200216.2	RNU6-745P	snRNA	0	0	0	0.0000	0.0000	0.0000
ENSG00000200217.1	RNU6-839P	snRNA	0	0	0	0.0000	0.0000	0.0000
ENSG00000200218.1	RNU6-697P	snRNA	0	0	0	0.0000	0.0000	0.0000
ENSG00000200220.1	RNU6-179P	snRNA	0	0	0	0.0000	0.0000	0.0000
ENSG00000200222.2	U3	snoRNA	0	0	0	0.0000	0.0000	0.0000
ENSG00000200224.2	RNU6-626P	snRNA	0	0	0	0.0000	0.0000	0.0000
ENSG00000200225.1	RNA5SP382	rRNA_pseudogene	0	0	0	0.0000	0.0000	0.0000
ENSG00000200227.1	RNA5SP197	rRNA_pseudogene	0	0	0	0.0000	0.0000	0.0000
ENSG00000200231.1	RNU1-23P	snRNA	0	0	0	0.0000	0.0000	0.0000
ENSG00000200235.1	AC116353.1	snoRNA	0	0	0	0.0000	0.0000	0.0000
ENSG00000200237.1	SNORA70	snoRNA	0	0	0	0.0000	0.0000	0.0000
ENSG00000200238.1	RNA5SP133	rRNA_pseudogene	0	0	0	0.0000	0.0000	0.0000
ENSG00000200241.1	Y_RNA	misc_RNA	0	0	0	0.0000	0.0000	0.0000
ENSG00000200243.1	RN7SKP79	misc_RNA	0	0	0	0.0000	0.0000	0.0000
ENSG00000200246.1	RNA5SP263	rRNA_pseudogene	0	0	0	0.0000	0.0000	0.0000
ENSG00000200247.1	RNU6-254P	snRNA	0	0	0	0.0000	0.0000	0.0000
ENSG00000200248.1	RNA5SP214	rRNA_pseudogene	0	0	0	0.0000	0.0000	0.0000
ENSG00000200250.1	RNU6-1147P	snRNA	0	0	0	0.0000	0.0000	0.0000
ENSG00000200252.1	Y_RNA	misc_RNA	0	0	0	0.0000	0.0000	0.0000
ENSG00000200253.1	RNU6-529P	snRNA	7	4	3	3.8170	0.9466	1.0235
ENSG00000200254.1	RNU6-536P	snRNA	1	1	0	0.5300	0.1314	0.1421
ENSG00000200256.1	Y_RNA	misc_RNA	1	1	0	0.5203	0.1290	0.1395
ENSG00000200257.1	RNU6-97P	snRNA	2	0	2	1.0906	0.2705	0.2924
ENSG00000200259.1	SNORD35A	snoRNA	0	0	0	0.0000	0.0000	0.0000
ENSG00000200261.1	Y_RNA	misc_RNA	0	0	0	0.0000	0.0000	0.0000
ENSG00000200262.1	Y_RNA	misc_RNA	0	0	0	0.0000	0.0000	0.0000
ENSG00000200267.1	RNU6-66P	snRNA	0	0	0	0.0000	0.0000	0.0000
ENSG00000200269.1	RNU6-838P	snRNA	0	0	0	0.0000	0.0000	0.0000
ENSG00000200274.1	RNU4-32P	snRNA	0	0	0	0.0000	0.0000	0.0000
ENSG00000200275.1	RNA5SP199	rRNA_pseudogene	1	0	1	0.6164	0.1529	0.1653
ENSG00000200278.1	RNA5SP352	rRNA_pseudogene	0	151	153	0.0000	0.0000	0.0000
ENSG00000200279.1	SNORD114-10	snoRNA	0	0	0	0.0000	0.0000	0.0000
ENSG00000200281.1	RNU6-624P	snRNA	0	0	0	0.0000	0.0000	0.0000
ENSG00000200283.1	Y_RNA	misc_RNA	0	0	0	0.0000	0.0000	0.0000
ENSG00000200287.1	Y_RNA	misc_RNA	0	0	0	0.0000	0.0000	0.0000
ENSG00000200288.1	AC026355.1	snoRNA	0	0	0	0.0000	0.0000	0.0000
ENSG00000200291.1	Y_RNA	misc_RNA	0	0	0	0.0000	0.0000	0.0000
ENSG00000200293.1	RNA5SP393	rRNA_pseudogene	0	0	0	0.0000	0.0000	0.0000
ENSG00000200294.1	AL607035.1	snoRNA	0	0	0	0.0000	0.0000	0.0000
ENSG00000200295.1	RNU6-527P	snRNA	0	0	0	0.0000	0.0000	0.0000
ENSG00000200296.1	RNU1-83P	snRNA	0	0	0	0.0000	0.0000	0.0000
ENSG00000200298.1	Y_RNA	misc_RNA	0	0	0	0.0000	0.0000	0.0000
ENSG00000200301.1	RNA5SP483	rRNA_pseudogene	0	0	0	0.0000	0.0000	0.0000
ENSG00000200303.1	RNU6-940P	snRNA	0	0	0	0.0000	0.0000	0.0000
ENSG00000200304.1	RNU6-1255P	snRNA	0	0	0	0.0000	0.0000	0.0000
ENSG00000200305.1	Y_RNA	misc_RNA	0	0	0	0.0000	0.0000	0.0000
ENSG00000200309.1	Y_RNA	misc_RNA	0	0	0	0.0000	0.0000	0.0000
ENSG00000200310.1	RNA5SP215	rRNA_pseudogene	0	0	0	0.0000	0.0000	0.0000
ENSG00000200312.1	RN7SKP255	misc_RNA	1	0	1	0.1812	0.0449	0.0486
ENSG00000200313.1	RNA5-8SP7	rRNA_pseudogene	0	0	0	0.0000	0.0000	0.0000
ENSG00000200314.1	Y_RNA	misc_RNA	0	0	0	0.0000	0.0000	0.0000
ENSG00000200318.2	SNORD3P1	snoRNA	0	0	0	0.0000	0.0000	0.0000
ENSG00000200320.1	SNORA63	snoRNA	0	0	0	0.0000	0.0000	0.0000
ENSG00000200325.1	Y_RNA	misc_RNA	0	0	0	0.0000	0.0000	0.0000
ENSG00000200326.1	RNA5SP391	rRNA_pseudogene	0	0	0	0.0000	0.0000	0.0000
ENSG00000200327.1	RNA5SP62	rRNA_pseudogene	0	0	0	0.0000	0.0000	0.0000
ENSG00000200331.1	RNU6-183P	snRNA	0	0	0	0.0000	0.0000	0.0000
ENSG00000200332.1	Y_RNA	misc_RNA	0	0	0	0.0000	0.0000	0.0000
ENSG00000200334.1	Y_RNA	misc_RNA	0	0	0	0.0000	0.0000	0.0000
ENSG00000200336.1	RNA5SP333	rRNA_pseudogene	0	0	0	0.0000	0.0000	0.0000
ENSG00000200338.1	RNU1-49P	snRNA	0	0	0	0.0000	0.0000	0.0000
ENSG00000200340.1	RNU1-105P	snRNA	0	0	0	0.0000	0.0000	0.0000
ENSG00000200343.1	RNA5S8	rRNA	0	0	0	0.0000	0.0000	0.0000
ENSG00000200344.1	Y_RNA	misc_RNA	2	1	1	1.1012	0.2731	0.2953
ENSG00000200345.2	RNU6-485P	snRNA	0	1	0	0.0000	0.0000	0.0000
ENSG00000200350.1	RNU6-1285P	snRNA	1	0	1	0.5401	0.1339	0.1448
ENSG00000200351.1	Y_RNA	misc_RNA	1	0	1	0.5155	0.1279	0.1382
ENSG00000200354.1	SNORA71D	snoRNA	0	0	0	0.0000	0.0000	0.0000
ENSG00000200355.1	SNORA72	snoRNA	0	0	0	0.0000	0.0000	0.0000
ENSG00000200356.1	RNU6-833P	snRNA	3	2	1	1.5900	0.3943	0.4263
ENSG00000200360.1	RNU6-792P	snRNA	1	1	0	0.5300	0.1314	0.1421
ENSG00000200361.1	Y_RNA	misc_RNA	0	1	1	0.0000	0.0000	0.0000
ENSG00000200366.1	RNU6-511P	snRNA	0	0	0	0.0000	0.0000	0.0000
ENSG00000200367.1	SNORD113-8	snoRNA	0	0	0	0.0000	0.0000	0.0000
ENSG00000200369.1	RNU6-666P	snRNA	0	0	0	0.0000	0.0000	0.0000
ENSG00000200370.1	RNA5S17	rRNA	0	0	0	0.0000	0.0000	0.0000
ENSG00000200372.1	RNU5E-8P	snRNA	0	0	0	0.0000	0.0000	0.0000
ENSG00000200376.1	RNU5E-10P	snRNA	3	1	2	1.4418	0.3575	0.3866
ENSG00000200377.1	AC012501.1	snoRNA	0	0	0	0.0000	0.0000	0.0000
ENSG00000200378.1	RNU5B-4P	snRNA	1	0	1	0.5109	0.1267	0.1370
ENSG00000200379.1	RN7SKP45	misc_RNA	0	0	0	0.0000	0.0000	0.0000
ENSG00000200381.1	RNA5S4	rRNA	0	0	0	0.0000	0.0000	0.0000
ENSG00000200385.1	AL136296.1	snoRNA	12	6	6	4.9673	1.2318	1.3319
ENSG00000200388.1	RNU6-618P	snRNA	1	1	0	0.5063	0.1256	0.1358
ENSG00000200389.1	RNU6-509P	snRNA	0	0	0	0.0000	0.0000	0.0000
ENSG00000200390.1	Y_RNA	misc_RNA	0	0	0	0.0000	0.0000	0.0000
ENSG00000200391.1	Y_RNA	misc_RNA	0	0	0	0.0000	0.0000	0.0000
ENSG00000200393.1	RNU6-698P	snRNA	0	0	0	0.0000	0.0000	0.0000
ENSG00000200394.1	SNORA38B	snoRNA	2	0	2	0.8658	0.2147	0.2322
ENSG00000200397.1	Y_RNA	misc_RNA	1	0	1	0.5560	0.1379	0.1491
ENSG00000200398.1	SNORD115-24	snoRNA	0	0	0	0.0000	0.0000	0.0000
ENSG00000200403.1	RNU6-1099P	snRNA	1	0	1	0.5300	0.1314	0.1421
ENSG00000200406.1	SNORD114-23	snoRNA	0	0	0	0.0000	0.0000	0.0000
ENSG00000200407.1	RNU6-1169P	snRNA	0	0	0	0.0000	0.0000	0.0000
ENSG00000200408.1	RNA5SP74	rRNA_pseudogene	0	0	0	0.0000	0.0000	0.0000
ENSG00000200411.1	RNA5SP346	rRNA_pseudogene	0	0	0	0.0000	0.0000	0.0000
ENSG00000200413.1	SNORD114-26	snoRNA	0	0	0	0.0000	0.0000	0.0000
ENSG00000200418.1	SNORA63B	snoRNA	0	0	0	0.0000	0.0000	0.0000
ENSG00000200419.1	Y_RNA	misc_RNA	1	1	0	0.5560	0.1379	0.1491
ENSG00000200421.1	Y_RNA	misc_RNA	0	0	0	0.0000	0.0000	0.0000
ENSG00000200422.1	AL590229.1	snoRNA	0	0	0	0.0000	0.0000	0.0000
ENSG00000200424.1	RNU6-1155P	snRNA	0	0	0	0.0000	0.0000	0.0000
ENSG00000200427.1	Y_RNA	misc_RNA	0	0	0	0.0000	0.0000	0.0000
ENSG00000200428.1	Y_RNA	misc_RNA	3	2	1	1.4541	0.3606	0.3899
ENSG00000200431.1	RNU4-81P	snRNA	0	0	0	0.0000	0.0000	0.0000
ENSG00000200432.1	Y_RNA	misc_RNA	0	0	0	0.0000	0.0000	0.0000
ENSG00000200434.1	RNA5-8SP2	rRNA_pseudogene	0	0	0	0.0000	0.0000	0.0000
ENSG00000200436.1	Y_RNA	misc_RNA	0	0	0	0.0000	0.0000	0.0000
ENSG00000200437.1	RNU6-799P	snRNA	0	0	0	0.0000	0.0000	0.0000
ENSG00000200443.1	RNU6-1066P	snRNA	0	0	0	0.0000	0.0000	0.0000
ENSG00000200444.1	RNU6-1339P	snRNA	0	0	0	0.0000	0.0000	0.0000
ENSG00000200446.1	RNU6-1085P	snRNA	0	0	0	0.0000	0.0000	0.0000
ENSG00000200448.1	Y_RNA	misc_RNA	0	0	0	0.0000	0.0000	0.0000
ENSG00000200455.1	RNU6-1112P	snRNA	0	0	0	0.0000	0.0000	0.0000
ENSG00000200456.1	RNU6-1097P	snRNA	0	0	0	0.0000	0.0000	0.0000
ENSG00000200462.1	RNU6-727P	snRNA	0	0	0	0.0000	0.0000	0.0000
ENSG00000200463.1	SNORD118	snoRNA	0	0	0	0.0000	0.0000	0.0000
ENSG00000200468.1	RNA5SP403	rRNA_pseudogene	0	0	0	0.0000	0.0000	0.0000
ENSG00000200469.1	RNU6-112P	snRNA	0	0	0	0.0000	0.0000	0.0000
ENSG00000200471.1	RNU6-1125P	snRNA	0	0	0	0.0000	0.0000	0.0000
ENSG00000200472.1	RN7SKP44	misc_RNA	1	1	0	0.1795	0.0445	0.0481
ENSG00000200473.1	RNA5SP507	rRNA_pseudogene	5	5	0	2.3434	0.5811	0.6283
ENSG00000200475.1	RN7SKP162	misc_RNA	0	0	0	0.0000	0.0000	0.0000
ENSG00000200478.1	SNORD115-41	snoRNA	0	0	0	0.0000	0.0000	0.0000
ENSG00000200480.1	SNORD114-28	snoRNA	0	0	0	0.0000	0.0000	0.0000
ENSG00000200483.1	RNU6-1017P	snRNA	0	0	0	0.0000	0.0000	0.0000
ENSG00000200484.1	RNU6-1244P	snRNA	0	0	0	0.0000	0.0000	0.0000
ENSG00000200485.1	Y_RNA	misc_RNA	0	0	0	0.0000	0.0000	0.0000
ENSG00000200486.1	SNORD115-11	snoRNA	0	0	0	0.0000	0.0000	0.0000
ENSG00000200487.1	RNA5SP322	rRNA_pseudogene	0	0	0	0.0000	0.0000	0.0000
ENSG00000200488.1	RN7SKP203	misc_RNA	0	0	0	0.0000	0.0000	0.0000
ENSG00000200492.2	U3	snoRNA	0	0	0	0.0000	0.0000	0.0000
ENSG00000200494.1	Y_RNA	misc_RNA	0	0	0	0.0000	0.0000	0.0000
ENSG00000200495.1	RNU6-1205P	snRNA	0	0	0	0.0000	0.0000	0.0000
ENSG00000200496.1	U8	snoRNA	0	0	0	0.0000	0.0000	0.0000
ENSG00000200502.1	Y_RNA	misc_RNA	4	3	1	2.2459	0.5570	0.6022
ENSG00000200503.1	SNORD115-5	snoRNA	0	0	0	0.0000	0.0000	0.0000
ENSG00000200506.1	Y_RNA	misc_RNA	0	0	0	0.0000	0.0000	0.0000
ENSG00000200508.1	Y_RNA	misc_RNA	0	0	0	0.0000	0.0000	0.0000
ENSG00000200516.1	RNA5SP378	rRNA_pseudogene	0	0	0	0.0000	0.0000	0.0000
ENSG00000200520.1	RNU6-1214P	snRNA	0	0	0	0.0000	0.0000	0.0000
ENSG00000200521.1	Y_RNA	misc_RNA	0	0	0	0.0000	0.0000	0.0000
ENSG00000200522.1	RNU6-957P	snRNA	0	0	0	0.0000	0.0000	0.0000
ENSG00000200525.1	RNU6-1209P	snRNA	11	7	4	5.8300	1.4458	1.5632
ENSG00000200526.1	RNY4P14	misc_RNA	0	0	0	0.0000	0.0000	0.0000
ENSG00000200527.1	RNA5SP457	rRNA_pseudogene	0	0	0	0.0000	0.0000	0.0000
ENSG00000200528.1	RNU6-1331P	snRNA	1	0	1	0.5350	0.1327	0.1435
ENSG00000200530.1	SNORD35B	snoRNA	0	0	0	0.0000	0.0000	0.0000
ENSG00000200534.1	SNORA33	snoRNA	38	18	20	16.5768	4.1109	4.4448
ENSG00000200536.1	AL137790.1	snoRNA	0	0	0	0.0000	0.0000	0.0000
ENSG00000200537.1	RNY4P6	misc_RNA	1	0	1	0.5907	0.1465	0.1584
ENSG00000200538.2	U3	snoRNA	0	0	0	0.0000	0.0000	0.0000
ENSG00000200544.1	Y_RNA	misc_RNA	0	0	0	0.0000	0.0000	0.0000
ENSG00000200545.2	U3	snoRNA	0	0	0	0.0000	0.0000	0.0000
ENSG00000200547.1	Y_RNA	misc_RNA	0	1	0	0.0000	0.0000	0.0000
ENSG00000200550.1	RNU6-137P	snRNA	14	8	6	7.3513	1.8230	1.9711
ENSG00000200552.1	Y_RNA	misc_RNA	0	0	0	0.0000	0.0000	0.0000
ENSG00000200553.1	Y_RNA	misc_RNA	0	0	0	0.0000	0.0000	0.0000
ENSG00000200554.1	RNU6-1020P	snRNA	0	0	0	0.0000	0.0000	0.0000
ENSG00000200555.1	RNU6-525P	snRNA	0	0	0	0.0000	0.0000	0.0000
ENSG00000200556.1	RNU6-103P	snRNA	0	0	0	0.0000	0.0000	0.0000
ENSG00000200558.1	RNA5SP429	rRNA_pseudogene	0	0	0	0.0000	0.0000	0.0000
ENSG00000200560.1	RNU6-288P	snRNA	0	0	0	0.0000	0.0000	0.0000
ENSG00000200563.1	RNU6-640P	snRNA	0	0	0	0.0000	0.0000	0.0000
ENSG00000200564.1	SNORD115-39	snoRNA	0	0	0	0.0000	0.0000	0.0000
ENSG00000200566.1	RNU5F-7P	snRNA	0	0	0	0.0000	0.0000	0.0000
ENSG00000200570.1	RNU6-829P	snRNA	0	0	0	0.0000	0.0000	0.0000
ENSG00000200571.1	RNU6-1284P	snRNA	0	0	0	0.0000	0.0000	0.0000
ENSG00000200572.1	Y_RNA	misc_RNA	0	0	0	0.0000	0.0000	0.0000
ENSG00000200575.1	RNU6-414P	snRNA	0	0	0	0.0000	0.0000	0.0000
ENSG00000200579.1	Y_RNA	misc_RNA	3	1	2	1.6679	0.4136	0.4472
ENSG00000200587.1	RNA5SP514	rRNA_pseudogene	0	0	0	0.0000	0.0000	0.0000
ENSG00000200591.1	Y_RNA	misc_RNA	4	2	2	2.2239	0.5515	0.5963
ENSG00000200593.1	SNORD115-33	snoRNA	0	0	0	0.0000	0.0000	0.0000
ENSG00000200594.1	RNU6-824P	snRNA	1	0	1	0.5453	0.1352	0.1462
ENSG00000200597.1	RNVU1-33	snRNA	1	1	0	0.3336	0.0827	0.0894
ENSG00000200600.1	Y_RNA	misc_RNA	0	0	0	0.0000	0.0000	0.0000
ENSG00000200601.1	RNA5SP50	rRNA_pseudogene	0	0	0	0.0000	0.0000	0.0000
ENSG00000200605.1	Y_RNA	misc_RNA	0	0	0	0.0000	0.0000	0.0000
ENSG00000200608.1	SNORD114-11	snoRNA	0	0	0	0.0000	0.0000	0.0000
ENSG00000200610.1	Y_RNA	misc_RNA	0	0	0	0.0000	0.0000	0.0000
ENSG00000200612.1	SNORD114-25	snoRNA	0	0	0	0.0000	0.0000	0.0000
ENSG00000200613.1	RNA5SP349	rRNA_pseudogene	0	0	0	0.0000	0.0000	0.0000
ENSG00000200615.1	Y_RNA	misc_RNA	0	0	0	0.0000	0.0000	0.0000
ENSG00000200616.1	Y_RNA	misc_RNA	0	0	0	0.0000	0.0000	0.0000
ENSG00000200619.1	RNA5SP447	rRNA_pseudogene	0	0	0	0.0000	0.0000	0.0000
ENSG00000200620.1	AC112497.1	snoRNA	0	0	0	0.0000	0.0000	0.0000
ENSG00000200622.1	RNU6-1059P	snRNA	0	0	0	0.0000	0.0000	0.0000
ENSG00000200623.1	SNORD18A	snoRNA	0	0	0	0.0000	0.0000	0.0000
ENSG00000200624.1	RNA5S6	rRNA	0	0	0	0.0000	0.0000	0.0000
ENSG00000200626.1	RNA5SP325	rRNA_pseudogene	0	0	0	0.0000	0.0000	0.0000
ENSG00000200629.1	RNY1P11	misc_RNA	0	0	0	0.0000	0.0000	0.0000
ENSG00000200630.1	Y_RNA	misc_RNA	1	1	0	0.5560	0.1379	0.1491
ENSG00000200632.1	SNORD113-7	snoRNA	0	0	0	0.0000	0.0000	0.0000
ENSG00000200635.1	Y_RNA	misc_RNA	0	0	0	0.0000	0.0000	0.0000
ENSG00000200636.1	SNORD114-27	snoRNA	0	0	0	0.0000	0.0000	0.0000
ENSG00000200637.1	RNU5F-3P	snRNA	0	0	0	0.0000	0.0000	0.0000
ENSG00000200638.1	SNORD115-37	snoRNA	0	0	0	0.0000	0.0000	0.0000
ENSG00000200645.1	RNU6-1210P	snRNA	0	0	0	0.0000	0.0000	0.0000
ENSG00000200646.1	Y_RNA	misc_RNA	0	2	3	0.0000	0.0000	0.0000
ENSG00000200648.1	RNU6-226P	snRNA	0	0	0	0.0000	0.0000	0.0000
ENSG00000200650.1	RNA5SP114	rRNA_pseudogene	0	1	0	0.0000	0.0000	0.0000
ENSG00000200651.1	Y_RNA	misc_RNA	5	2	3	2.7005	0.6697	0.7241
ENSG00000200652.1	AC136611.1	snoRNA	0	0	0	0.0000	0.0000	0.0000
ENSG00000200653.1	RNU4-92P	snRNA	0	1	0	0.0000	0.0000	0.0000
ENSG00000200656.1	SNORA5B	snoRNA	0	0	0	0.0000	0.0000	0.0000
ENSG00000200661.1	SNORD116-10	snoRNA	0	0	0	0.0000	0.0000	0.0000
ENSG00000200664.1	Y_RNA	misc_RNA	0	0	0	0.0000	0.0000	0.0000
ENSG00000200665.1	RNU6-1188P	snRNA	0	0	0	0.0000	0.0000	0.0000
ENSG00000200670.1	RNU6-912P	snRNA	0	0	0	0.0000	0.0000	0.0000
ENSG00000200673.1	RN7SKP174	misc_RNA	0	0	0	0.0000	0.0000	0.0000
ENSG00000200674.1	RN7SKP160	misc_RNA	3	2	1	0.5004	0.1241	0.1342
ENSG00000200677.1	SNORD18	snoRNA	0	0	0	0.0000	0.0000	0.0000
ENSG00000200680.1	SNORD115-4	snoRNA	0	0	0	0.0000	0.0000	0.0000
ENSG00000200681.1	RNU6-263P	snRNA	0	0	0	0.0000	0.0000	0.0000
ENSG00000200683.1	RNU6-379P	snRNA	0	0	0	0.0000	0.0000	0.0000
ENSG00000200685.1	Y_RNA	misc_RNA	0	0	0	0.0000	0.0000	0.0000
ENSG00000200686.1	RNY3P3	misc_RNA	0	0	0	0.0000	0.0000	0.0000
ENSG00000200687.1	RNA5SP335	rRNA_pseudogene	2	0	2	1.0311	0.2557	0.2765
ENSG00000200688.1	Y_RNA	misc_RNA	0	0	0	0.0000	0.0000	0.0000
ENSG00000200693.2	U3	snoRNA	0	8	5	0.0000	0.0000	0.0000
ENSG00000200701.1	RNU6-674P	snRNA	0	0	0	0.0000	0.0000	0.0000
ENSG00000200702.1	Y_RNA	misc_RNA	0	0	0	0.0000	0.0000	0.0000
ENSG00000200703.1	RNU6-873P	snRNA	0	0	0	0.0000	0.0000	0.0000
ENSG00000200706.1	AL033518.1	snoRNA	0	0	0	0.0000	0.0000	0.0000
ENSG00000200708.1	RN7SKP93	misc_RNA	0	0	0	0.0000	0.0000	0.0000
ENSG00000200709.1	RNA5SP27	rRNA_pseudogene	0	0	0	0.0000	0.0000	0.0000
ENSG00000200711.1	RNA5SP28	rRNA_pseudogene	1	1	0	0.4766	0.1182	0.1278
ENSG00000200713.1	RNU6-682P	snRNA	0	0	0	0.0000	0.0000	0.0000
ENSG00000200714.1	Y_RNA	misc_RNA	14	9	7	8.8216	2.1877	2.3654
ENSG00000200718.1	RN7SKP103	misc_RNA	0	0	0	0.0000	0.0000	0.0000
ENSG00000200719.1	RNA5SP260	rRNA_pseudogene	1	0	1	0.5109	0.1267	0.1370
ENSG00000200720.1	RNU6-931P	snRNA	0	0	0	0.0000	0.0000	0.0000
ENSG00000200726.1	SNORD115-8	snoRNA	0	0	0	0.0000	0.0000	0.0000
ENSG00000200728.1	RNU6-271P	snRNA	0	0	0	0.0000	0.0000	0.0000
ENSG00000200731.1	RNU1-124P	snRNA	1	0	1	0.3911	0.0970	0.1049
ENSG00000200732.1	RNU6-194P	snRNA	0	0	0	0.0000	0.0000	0.0000
ENSG00000200733.1	AL355821.1	snoRNA	0	0	0	0.0000	0.0000	0.0000
ENSG00000200737.1	Y_RNA	misc_RNA	13	6	7	6.5242	1.6179	1.7493
ENSG00000200738.1	RNA5SP472	rRNA_pseudogene	0	0	0	0.0000	0.0000	0.0000
ENSG00000200741.1	RNA5SP161	rRNA_pseudogene	0	0	0	0.0000	0.0000	0.0000
ENSG00000200742.1	Y_RNA	misc_RNA	2	2	0	1.1230	0.2785	0.3011
ENSG00000200745.1	RNU1-31P	snRNA	0	0	0	0.0000	0.0000	0.0000
ENSG00000200750.1	Y_RNA	misc_RNA	1	0	1	0.5109	0.1267	0.1370
ENSG00000200752.1	Y_RNA	misc_RNA	0	0	0	0.0000	0.0000	0.0000
ENSG00000200753.1	AC004130.1	snoRNA	0	0	0	0.0000	0.0000	0.0000
ENSG00000200754.1	Y_RNA	misc_RNA	0	0	0	0.0000	0.0000	0.0000
ENSG00000200755.1	RNA5SP68	rRNA_pseudogene	0	0	0	0.0000	0.0000	0.0000
ENSG00000200756.1	RNU6-236P	snRNA	0	0	0	0.0000	0.0000	0.0000
ENSG00000200757.1	SNORD115-16	snoRNA	0	0	0	0.0000	0.0000	0.0000
ENSG00000200759.1	RNU6-884P	snRNA	0	0	0	0.0000	0.0000	0.0000
ENSG00000200761.1	RN7SKP113	misc_RNA	0	0	0	0.0000	0.0000	0.0000
ENSG00000200763.1	RNU6-961P	snRNA	0	0	0	0.0000	0.0000	0.0000
ENSG00000200764.1	Y_RNA	misc_RNA	0	0	0	0.0000	0.0000	0.0000
ENSG00000200769.1	Y_RNA	misc_RNA	6	5	1	3.6985	0.9172	0.9917
ENSG00000200774.1	RNU6-478P	snRNA	0	0	0	0.0000	0.0000	0.0000
ENSG00000200779.1	RNU6-105P	snRNA	0	4	4	0.0000	0.0000	0.0000
ENSG00000200783.1	RN7SKP180	misc_RNA	1	0	1	0.1718	0.0426	0.0461
ENSG00000200785.1	SNORD8	snoRNA	0	0	0	0.0000	0.0000	0.0000
ENSG00000200786.1	RNA5SP234	rRNA_pseudogene	0	0	0	0.0000	0.0000	0.0000
ENSG00000200788.1	Y_RNA	misc_RNA	4	4	0	2.0074	0.4978	0.5383
ENSG00000200789.1	RNU1-65P	snRNA	0	0	0	0.0000	0.0000	0.0000
ENSG00000200790.1	RNU6-631P	snRNA	0	0	0	0.0000	0.0000	0.0000
ENSG00000200792.1	SNORA80A	snoRNA	0	0	0	0.0000	0.0000	0.0000
ENSG00000200794.1	RN7SKP250	misc_RNA	0	0	0	0.0000	0.0000	0.0000
ENSG00000200795.1	RNU4-1	snRNA	0	0	0	0.0000	0.0000	0.0000
ENSG00000200796.1	RNU6-753P	snRNA	0	0	0	0.0000	0.0000	0.0000
ENSG00000200799.1	RNU6-770P	snRNA	0	0	0	0.0000	0.0000	0.0000
ENSG00000200800.1	RNU1-130P	snRNA	0	0	0	0.0000	0.0000	0.0000
ENSG00000200801.1	SNORD115-28	snoRNA	0	0	0	0.0000	0.0000	0.0000
ENSG00000200806.1	RNA5SP275	rRNA_pseudogene	1	1	0	0.4806	0.1192	0.1289
ENSG00000200807.1	RNU1-32P	snRNA	0	0	0	0.0000	0.0000	0.0000
ENSG00000200812.1	SNORD115-6	snoRNA	0	0	0	0.0000	0.0000	0.0000
ENSG00000200814.1	RNU6-595P	snRNA	4	2	2	2.1200	0.5257	0.5684
ENSG00000200815.1	RNU6-1091P	snRNA	2	0	2	1.0600	0.2629	0.2842
ENSG00000200816.1	SNORA38	snoRNA	0	0	0	0.0000	0.0000	0.0000
ENSG00000200817.1	RNU6-899P	snRNA	0	0	0	0.0000	0.0000	0.0000
ENSG00000200818.1	RNU6-1204P	snRNA	0	0	0	0.0000	0.0000	0.0000
ENSG00000200822.1	Y_RNA	misc_RNA	0	0	0	0.0000	0.0000	0.0000
ENSG00000200823.1	SNORD114-2	snoRNA	0	0	0	0.0000	0.0000	0.0000
ENSG00000200827.1	RNU6-324P	snRNA	0	0	0	0.0000	0.0000	0.0000
ENSG00000200829.1	Y_RNA	misc_RNA	0	0	0	0.0000	0.0000	0.0000
ENSG00000200830.1	RN7SKP134	misc_RNA	1	1	0	0.2108	0.0523	0.0565
ENSG00000200831.1	SNORD36B	snoRNA	0	0	0	0.0000	0.0000	0.0000
ENSG00000200832.1	SNORD114-4	snoRNA	0	0	0	0.0000	0.0000	0.0000
ENSG00000200834.1	Y_RNA	misc_RNA	0	0	0	0.0000	0.0000	0.0000
ENSG00000200839.1	RNA5SP48	rRNA_pseudogene	0	0	0	0.0000	0.0000	0.0000
ENSG00000200840.1	RNU6-82P	snRNA	0	0	0	0.0000	0.0000	0.0000
ENSG00000200842.1	Y_RNA	misc_RNA	0	0	0	0.0000	0.0000	0.0000
ENSG00000200847.1	Y_RNA	misc_RNA	0	0	0	0.0000	0.0000	0.0000
ENSG00000200849.1	Y_RNA	misc_RNA	0	0	0	0.0000	0.0000	0.0000
ENSG00000200852.1	RNA5SP499	rRNA_pseudogene	0	0	0	0.0000	0.0000	0.0000
ENSG00000200855.1	Y_RNA	misc_RNA	1	0	1	0.5560	0.1379	0.1491
ENSG00000200857.1	Y_RNA	misc_RNA	0	0	0	0.0000	0.0000	0.0000
ENSG00000200860.1	Y_RNA	misc_RNA	0	0	0	0.0000	0.0000	0.0000
ENSG00000200867.1	RN7SKP36	misc_RNA	0	0	0	0.0000	0.0000	0.0000
ENSG00000200869.1	RNU6-457P	snRNA	0	0	0	0.0000	0.0000	0.0000
ENSG00000200871.1	RNU6-810P	snRNA	0	0	0	0.0000	0.0000	0.0000
ENSG00000200872.1	RNA5SP456	rRNA_pseudogene	0	0	0	0.0000	0.0000	0.0000
ENSG00000200873.1	RNA5SP399	rRNA_pseudogene	0	0	0	0.0000	0.0000	0.0000
ENSG00000200874.1	Y_RNA	misc_RNA	0	0	0	0.0000	0.0000	0.0000
ENSG00000200875.1	RNU6-340P	snRNA	0	0	0	0.0000	0.0000	0.0000
ENSG00000200877.1	RNU6-560P	snRNA	0	0	0	0.0000	0.0000	0.0000
ENSG00000200879.1	SNORD14E	snoRNA	7	3	4	4.6702	1.1582	1.2522
ENSG00000200882.1	RNU6-681P	snRNA	0	0	0	0.0000	0.0000	0.0000
ENSG00000200883.1	Y_RNA	misc_RNA	1	0	1	0.5787	0.1435	0.1552
ENSG00000200884.1	Y_RNA	misc_RNA	0	0	0	0.0000	0.0000	0.0000
ENSG00000200885.1	RNU1-146P	snRNA	0	0	0	0.0000	0.0000	0.0000
ENSG00000200887.1	RNU6-598P	snRNA	0	0	0	0.0000	0.0000	0.0000
ENSG00000200888.1	Y_RNA	misc_RNA	1	0	1	0.5560	0.1379	0.1491
ENSG00000200889.1	RNU4-13P	snRNA	0	0	0	0.0000	0.0000	0.0000
ENSG00000200890.1	RNA5SP99	rRNA_pseudogene	0	0	0	0.0000	0.0000	0.0000
ENSG00000200891.1	AC063965.1	snoRNA	0	0	0	0.0000	0.0000	0.0000
ENSG00000200893.1	RNU6-944P	snRNA	1	0	1	0.5300	0.1314	0.1421
ENSG00000200895.1	RN7SKP245	misc_RNA	1	1	0	0.1772	0.0439	0.0475
ENSG00000200897.1	AC009774.1	snoRNA	0	0	0	0.0000	0.0000	0.0000
ENSG00000200898.1	RNU6-1243P	snRNA	0	0	0	0.0000	0.0000	0.0000
ENSG00000200902.1	RNU6-627P	snRNA	0	0	0	0.0000	0.0000	0.0000
ENSG00000200903.1	RNU1-42P	snRNA	0	0	0	0.0000	0.0000	0.0000
ENSG00000200906.1	RNU6-854P	snRNA	0	0	0	0.0000	0.0000	0.0000
ENSG00000200913.1	SNORD46	snoRNA	4	3	1	2.1812	0.5409	0.5848
ENSG00000200914.1	RNA5SP435	rRNA_pseudogene	4	3	1	2.1004	0.5209	0.5632
ENSG00000200917.1	RNU6-553P	snRNA	3	3	0	1.7722	0.4395	0.4752
ENSG00000200922.1	Y_RNA	misc_RNA	0	0	0	0.0000	0.0000	0.0000
ENSG00000200924.1	RNU6-1048P	snRNA	7	5	2	3.7100	0.9200	0.9948
ENSG00000200926.1	RNU6-960P	snRNA	0	0	0	0.0000	0.0000	0.0000
ENSG00000200935.1	RNU6-1090P	snRNA	0	0	0	0.0000	0.0000	0.0000
ENSG00000200941.1	RNU6-694P	snRNA	0	0	0	0.0000	0.0000	0.0000
ENSG00000200942.1	RNU6-501P	snRNA	1	1	0	0.5671	0.1406	0.1521
ENSG00000200949.1	SNORD115-32	snoRNA	0	0	0	0.0000	0.0000	0.0000
ENSG00000200953.1	Y_RNA	misc_RNA	1	1	0	0.5155	0.1279	0.1382
ENSG00000200957.1	RNU6-801P	snRNA	0	0	0	0.0000	0.0000	0.0000
ENSG00000200959.1	SNORA74A	snoRNA	0	0	0	0.0000	0.0000	0.0000
ENSG00000200963.1	RNU6-289P	snRNA	0	0	0	0.0000	0.0000	0.0000
ENSG00000200966.1	RN7SKP87	misc_RNA	0	0	0	0.0000	0.0000	0.0000
ENSG00000200969.1	AL158154.1	snoRNA	0	0	0	0.0000	0.0000	0.0000
ENSG00000200972.1	RNU5A-8P	snRNA	0	0	0	0.0000	0.0000	0.0000
ENSG00000200974.1	RNU4-87P	snRNA	0	0	0	0.0000	0.0000	0.0000
ENSG00000200975.1	RNU1-7P	snRNA	0	0	0	0.0000	0.0000	0.0000
ENSG00000200976.1	Y_RNA	misc_RNA	0	0	0	0.0000	0.0000	0.0000
ENSG00000200982.1	Y_RNA	misc_RNA	0	0	0	0.0000	0.0000	0.0000
ENSG00000200983.1	SNORA3A	snoRNA	0	0	0	0.0000	0.0000	0.0000
ENSG00000200985.1	RNA5SP493	rRNA_pseudogene	2	1	1	1.2464	0.3091	0.3342
ENSG00000200986.1	RNU6-819P	snRNA	1	1	0	0.5300	0.1314	0.1421
ENSG00000200987.1	SNORD115-30	snoRNA	0	0	0	0.0000	0.0000	0.0000
ENSG00000200991.1	AC012291.1	snoRNA	0	0	0	0.0000	0.0000	0.0000
ENSG00000200997.1	RNVU1-34	snRNA	0	0	0	0.0000	0.0000	0.0000
ENSG00000200998.1	Y_RNA	misc_RNA	0	0	0	0.0000	0.0000	0.0000
ENSG00000200999.1	AC107390.1	snoRNA	0	0	0	0.0000	0.0000	0.0000
ENSG00000201000.1	RNA5SP516	rRNA_pseudogene	0	0	0	0.0000	0.0000	0.0000
ENSG00000201001.1	RNU6-270P	snRNA	0	0	0	0.0000	0.0000	0.0000
ENSG00000201003.1	AL049745.1	snoRNA	0	0	0	0.0000	0.0000	0.0000
ENSG00000201006.1	Y_RNA	misc_RNA	0	0	0	0.0000	0.0000	0.0000
ENSG00000201009.1	AC009365.1	snoRNA	0	0	0	0.0000	0.0000	0.0000
ENSG00000201010.1	RN7SKP224	misc_RNA	0	0	0	0.0000	0.0000	0.0000
ENSG00000201012.1	Y_RNA	misc_RNA	0	0	0	0.0000	0.0000	0.0000
ENSG00000201013.1	Y_RNA	misc_RNA	0	0	0	0.0000	0.0000	0.0000
ENSG00000201014.1	RNA5SP232	rRNA_pseudogene	0	0	0	0.0000	0.0000	0.0000
ENSG00000201015.1	RNU6-280P	snRNA	0	0	0	0.0000	0.0000	0.0000
ENSG00000201016.1	RNU6-374P	snRNA	0	0	0	0.0000	0.0000	0.0000
ENSG00000201021.1	RNU6-743P	snRNA	0	0	0	0.0000	0.0000	0.0000
ENSG00000201023.1	RNY3P11	misc_RNA	0	0	1	0.0000	0.0000	0.0000
ENSG00000201025.1	SNORD74B	snoRNA	0	0	0	0.0000	0.0000	0.0000
ENSG00000201026.1	Y_RNA	misc_RNA	0	0	0	0.0000	0.0000	0.0000
ENSG00000201027.1	RN7SKP107	misc_RNA	0	0	0	0.0000	0.0000	0.0000
ENSG00000201028.1	RNU6-151P	snRNA	0	0	0	0.0000	0.0000	0.0000
ENSG00000201031.1	Y_RNA	misc_RNA	0	0	0	0.0000	0.0000	0.0000
ENSG00000201032.1	RNU6-704P	snRNA	0	0	0	0.0000	0.0000	0.0000
ENSG00000201033.1	RNU1-96P	snRNA	0	0	0	0.0000	0.0000	0.0000
ENSG00000201034.1	Y_RNA	misc_RNA	0	0	0	0.0000	0.0000	0.0000
ENSG00000201035.1	RNA5SP469	rRNA_pseudogene	0	0	0	0.0000	0.0000	0.0000
ENSG00000201036.1	AL132709.2	snoRNA	0	0	0	0.0000	0.0000	0.0000
ENSG00000201041.1	RNA5SP242	rRNA_pseudogene	0	0	0	0.0000	0.0000	0.0000
ENSG00000201042.1	AC087863.1	snoRNA	0	0	0	0.0000	0.0000	0.0000
ENSG00000201044.1	RNU6-268P	snRNA	2	1	1	1.0600	0.2629	0.2842
ENSG00000201047.1	Y_RNA	misc_RNA	0	0	0	0.0000	0.0000	0.0000
ENSG00000201048.1	Y_RNA	misc_RNA	0	0	0	0.0000	0.0000	0.0000
ENSG00000201050.1	RNU6-668P	snRNA	0	0	0	0.0000	0.0000	0.0000
ENSG00000201059.1	RNA5SP336	rRNA_pseudogene	0	0	0	0.0000	0.0000	0.0000
ENSG00000201065.1	RNU6-461P	snRNA	0	0	0	0.0000	0.0000	0.0000
ENSG00000201066.1	RN7SKP280	misc_RNA	0	0	0	0.0000	0.0000	0.0000
ENSG00000201070.1	RNU4-84P	snRNA	0	0	0	0.0000	0.0000	0.0000
ENSG00000201071.1	Y_RNA	misc_RNA	0	0	0	0.0000	0.0000	0.0000
ENSG00000201074.1	Y_RNA	misc_RNA	0	0	0	0.0000	0.0000	0.0000
ENSG00000201075.2	Y_RNA	misc_RNA	0	0	0	0.0000	0.0000	0.0000
ENSG00000201076.1	RNU4-51P	snRNA	2	1	1	0.8101	0.2009	0.2172
ENSG00000201077.1	RNU6-188P	snRNA	0	0	0	0.0000	0.0000	0.0000
ENSG00000201078.1	RN7SKP214	misc_RNA	0	0	0	0.0000	0.0000	0.0000
ENSG00000201084.1	Y_RNA	misc_RNA	0	0	0	0.0000	0.0000	0.0000
ENSG00000201085.1	RNU6-173P	snRNA	0	0	0	0.0000	0.0000	0.0000
ENSG00000201086.1	RNA5SP394	rRNA_pseudogene	0	0	0	0.0000	0.0000	0.0000
ENSG00000201088.1	Y_RNA	misc_RNA	0	0	0	0.0000	0.0000	0.0000
ENSG00000201095.1	RNU6-266P	snRNA	0	0	0	0.0000	0.0000	0.0000
ENSG00000201096.1	RNA5SP387	rRNA_pseudogene	0	0	0	0.0000	0.0000	0.0000
ENSG00000201097.1	RNU6-366P	snRNA	0	0	0	0.0000	0.0000	0.0000
ENSG00000201098.1	RNY1	misc_RNA	0	0	0	0.0000	0.0000	0.0000
ENSG00000201102.1	Y_RNA	misc_RNA	0	0	0	0.0000	0.0000	0.0000
ENSG00000201104.1	RNU6-11P	snRNA	0	0	0	0.0000	0.0000	0.0000
ENSG00000201109.1	RNA5SP245	rRNA_pseudogene	0	0	0	0.0000	0.0000	0.0000
ENSG00000201113.1	RNU6-647P	snRNA	0	0	0	0.0000	0.0000	0.0000
ENSG00000201114.1	Y_RNA	misc_RNA	0	0	0	0.0000	0.0000	0.0000
ENSG00000201118.1	Y_RNA	misc_RNA	0	1	1	0.0000	0.0000	0.0000
ENSG00000201119.1	RNU1-33P	snRNA	0	0	0	0.0000	0.0000	0.0000
ENSG00000201121.1	RNY1P12	misc_RNA	1	0	1	0.5401	0.1339	0.1448
ENSG00000201129.1	SNORA58B	snoRNA	0	0	0	0.0000	0.0000	0.0000
ENSG00000201133.1	AC004830.1	snoRNA	0	0	0	0.0000	0.0000	0.0000
ENSG00000201134.1	Y_RNA	misc_RNA	3	11	9	1.6679	0.4136	0.4472
ENSG00000201135.1	RNU6-777P	snRNA	0	0	0	0.0000	0.0000	0.0000
ENSG00000201136.1	RNU6-353P	snRNA	2	0	2	1.0502	0.2604	0.2816
ENSG00000201140.1	RN7SKP128	misc_RNA	0	0	0	0.0000	0.0000	0.0000
ENSG00000201142.1	RNU1-151P	snRNA	0	0	0	0.0000	0.0000	0.0000
ENSG00000201143.1	SNORD115-42	snoRNA	0	0	0	0.0000	0.0000	0.0000
ENSG00000201145.1	RNA5SP175	rRNA_pseudogene	0	0	0	0.0000	0.0000	0.0000
ENSG00000201148.1	RNA5SP42	rRNA_pseudogene	1	1	0	0.4931	0.1223	0.1322
ENSG00000201151.1	AL135844.1	snoRNA	3	2	1	2.3629	0.5860	0.6336
ENSG00000201153.1	RNU6-371P	snRNA	0	0	0	0.0000	0.0000	0.0000
ENSG00000201155.1	RNU1-24P	snRNA	0	0	0	0.0000	0.0000	0.0000
ENSG00000201157.1	SNORA62	snoRNA	0	0	0	0.0000	0.0000	0.0000
ENSG00000201160.1	Y_RNA	misc_RNA	0	0	0	0.0000	0.0000	0.0000
ENSG00000201161.1	RN7SKP10	misc_RNA	0	0	0	0.0000	0.0000	0.0000
ENSG00000201162.1	RNU6-454P	snRNA	0	0	0	0.0000	0.0000	0.0000
ENSG00000201164.1	RNU4-36P	snRNA	0	0	0	0.0000	0.0000	0.0000
ENSG00000201165.1	RNU6-1229P	snRNA	0	0	0	0.0000	0.0000	0.0000
ENSG00000201168.1	RNA5SP368	rRNA_pseudogene	0	1	3	0.0000	0.0000	0.0000
ENSG00000201170.1	RNU1-132P	snRNA	0	0	0	0.0000	0.0000	0.0000
ENSG00000201176.1	RNU6-853P	snRNA	1	1	0	0.5300	0.1314	0.1421
ENSG00000201178.1	Y_RNA	misc_RNA	0	0	0	0.0000	0.0000	0.0000
ENSG00000201179.1	RNU6-1322P	snRNA	0	0	0	0.0000	0.0000	0.0000
ENSG00000201180.1	RNU6-115P	snRNA	0	0	0	0.0000	0.0000	0.0000
ENSG00000201182.1	RNU6-670P	snRNA	0	0	0	0.0000	0.0000	0.0000
ENSG00000201183.1	RNVU1-3	snRNA	4	3	1	1.4089	0.3494	0.3778
ENSG00000201184.1	RNU4-68P	snRNA	0	0	0	0.0000	0.0000	0.0000
ENSG00000201185.1	RNA5SP202	rRNA_pseudogene	0	0	0	0.0000	0.0000	0.0000
ENSG00000201186.1	RNU4-33P	snRNA	0	0	0	0.0000	0.0000	0.0000
ENSG00000201196.1	Y_RNA	misc_RNA	0	0	0	0.0000	0.0000	0.0000
ENSG00000201198.1	RNU6-879P	snRNA	1	1	0	0.5251	0.1302	0.1408
ENSG00000201201.1	RN7SKP118	misc_RNA	0	0	0	0.0000	0.0000	0.0000
ENSG00000201207.1	Y_RNA	misc_RNA	9	5	4	4.4771	1.1103	1.2005
ENSG00000201208.1	Y_RNA	misc_RNA	1	1	0	0.5846	0.1450	0.1568
ENSG00000201209.1	SNORD42	snoRNA	0	0	0	0.0000	0.0000	0.0000
ENSG00000201210.1	RNA5SP139	rRNA_pseudogene	0	0	0	0.0000	0.0000	0.0000
ENSG00000201216.1	Y_RNA	misc_RNA	0	0	0	0.0000	0.0000	0.0000
ENSG00000201217.1	Y_RNA	misc_RNA	6	3	3	3.0111	0.7467	0.8074
ENSG00000201218.1	Y_RNA	misc_RNA	0	0	0	0.0000	0.0000	0.0000
ENSG00000201221.1	RNU4-40P	snRNA	3	0	3	1.1897	0.2950	0.3190
ENSG00000201223.1	RNU6-1305P	snRNA	0	0	0	0.0000	0.0000	0.0000
ENSG00000201228.1	Y_RNA	misc_RNA	0	0	0	0.0000	0.0000	0.0000
ENSG00000201229.1	SNORA63D	snoRNA	0	0	0	0.0000	0.0000	0.0000
ENSG00000201231.1	RNU4-50P	snRNA	0	0	0	0.0000	0.0000	0.0000
ENSG00000201239.1	Y_RNA	misc_RNA	1	0	1	0.5907	0.1465	0.1584
ENSG00000201240.1	SNORD114-9	snoRNA	0	0	0	0.0000	0.0000	0.0000
ENSG00000201241.1	RNU6-978P	snRNA	0	0	0	0.0000	0.0000	0.0000
ENSG00000201242.1	RNY1P1	misc_RNA	0	0	0	0.0000	0.0000	0.0000
ENSG00000201243.1	RNU6-654P	snRNA	0	0	0	0.0000	0.0000	0.0000
ENSG00000201245.1	AL137139.1	snoRNA	0	0	0	0.0000	0.0000	0.0000
ENSG00000201247.1	SNORD114-13	snoRNA	0	0	0	0.0000	0.0000	0.0000
ENSG00000201253.1	RNU4-10P	snRNA	0	0	0	0.0000	0.0000	0.0000
ENSG00000201255.1	RNU6-990P	snRNA	0	0	0	0.0000	0.0000	0.0000
ENSG00000201260.1	RNU6-1075P	snRNA	0	0	0	0.0000	0.0000	0.0000
ENSG00000201263.1	SNORD114-6	snoRNA	1	0	1	0.7876	0.1953	0.2112
ENSG00000201264.1	SNORD73B	snoRNA	5	1	4	3.9382	0.9766	1.0560
ENSG00000201270.1	RNU6-755P	snRNA	0	0	0	0.0000	0.0000	0.0000
ENSG00000201271.1	RNU1-112P	snRNA	0	0	0	0.0000	0.0000	0.0000
ENSG00000201273.1	RNU6-776P	snRNA	0	0	0	0.0000	0.0000	0.0000
ENSG00000201274.1	RNA5SP192	rRNA_pseudogene	1	1	0	0.4726	0.1172	0.1267
ENSG00000201277.1	Y_RNA	misc_RNA	0	0	0	0.0000	0.0000	0.0000
ENSG00000201279.1	Y_RNA	misc_RNA	0	0	0	0.0000	0.0000	0.0000
ENSG00000201282.1	Y_RNA	misc_RNA	0	0	0	0.0000	0.0000	0.0000
ENSG00000201285.1	RNA5SP524	rRNA	0	0	0	0.0000	0.0000	0.0000
ENSG00000201287.1	RN7SKP171	misc_RNA	0	0	0	0.0000	0.0000	0.0000
ENSG00000201288.1	RNU6-1047P	snRNA	0	0	0	0.0000	0.0000	0.0000
ENSG00000201289.1	RN7SKP76	misc_RNA	0	0	0	0.0000	0.0000	0.0000
ENSG00000201291.1	RNU1-34P	snRNA	0	0	0	0.0000	0.0000	0.0000
ENSG00000201292.1	RNU6-153P	snRNA	0	0	0	0.0000	0.0000	0.0000
ENSG00000201294.1	RNU6-1019P	snRNA	2	0	2	1.0600	0.2629	0.2842
ENSG00000201296.1	RNU4-41P	snRNA	0	0	0	0.0000	0.0000	0.0000
ENSG00000201297.1	Y_RNA	misc_RNA	0	0	0	0.0000	0.0000	0.0000
ENSG00000201298.1	RNU6-1164P	snRNA	1	1	0	0.5300	0.1314	0.1421
ENSG00000201300.1	SNORD115-27	snoRNA	0	0	0	0.0000	0.0000	0.0000
ENSG00000201301.1	RNA5SP130	rRNA_pseudogene	0	0	0	0.0000	0.0000	0.0000
ENSG00000201302.1	SNORA65	snoRNA	11	7	7	4.7985	1.1900	1.2866
ENSG00000201308.1	RNU6-512P	snRNA	0	0	0	0.0000	0.0000	0.0000
ENSG00000201309.1	Y_RNA	misc_RNA	0	0	0	0.0000	0.0000	0.0000
ENSG00000201311.1	Y_RNA	misc_RNA	0	0	0	0.0000	0.0000	0.0000
ENSG00000201312.1	RNA5SP72	rRNA_pseudogene	0	0	0	0.0000	0.0000	0.0000
ENSG00000201314.1	Y_RNA	misc_RNA	0	0	0	0.0000	0.0000	0.0000
ENSG00000201315.1	RN7SKP227	misc_RNA	0	0	0	0.0000	0.0000	0.0000
ENSG00000201316.1	AC090919.1	snoRNA	0	0	0	0.0000	0.0000	0.0000
ENSG00000201317.1	RNU4-59P	snRNA	0	0	0	0.0000	0.0000	0.0000
ENSG00000201318.1	SNORD114-30	snoRNA	0	0	0	0.0000	0.0000	0.0000
ENSG00000201321.1	RNA5S9	rRNA	0	0	0	0.0000	0.0000	0.0000
ENSG00000201324.1	RNU6-361P	snRNA	0	0	0	0.0000	0.0000	0.0000
ENSG00000201325.1	RNA5SP142	rRNA_pseudogene	0	0	0	0.0000	0.0000	0.0000
ENSG00000201326.1	SNORD115-22	snoRNA	0	0	0	0.0000	0.0000	0.0000
ENSG00000201329.2	U3	snoRNA	0	0	0	0.0000	0.0000	0.0000
ENSG00000201330.1	SNORD32B	snoRNA	0	0	0	0.0000	0.0000	0.0000
ENSG00000201331.1	SNORD115-23	snoRNA	0	0	0	0.0000	0.0000	0.0000
ENSG00000201339.1	Y_RNA	misc_RNA	0	0	0	0.0000	0.0000	0.0000
ENSG00000201340.1	Y_RNA	misc_RNA	0	1	0	0.0000	0.0000	0.0000
ENSG00000201341.1	RNU6-421P	snRNA	0	0	0	0.0000	0.0000	0.0000
ENSG00000201342.1	RNU4-38P	snRNA	1	0	1	0.4396	0.1090	0.1179
ENSG00000201343.1	Y_RNA	misc_RNA	1	1	0	0.5155	0.1279	0.1382
ENSG00000201346.2	U3	snoRNA	1	0	1	0.2675	0.0663	0.0717
ENSG00000201347.1	RNA5SP69	rRNA_pseudogene	0	0	0	0.0000	0.0000	0.0000
ENSG00000201348.1	RNU105B	snoRNA	0	0	0	0.0000	0.0000	0.0000
ENSG00000201351.1	Y_RNA	misc_RNA	0	0	0	0.0000	0.0000	0.0000
ENSG00000201354.1	Y_RNA	misc_RNA	0	0	0	0.0000	0.0000	0.0000
ENSG00000201355.1	RNA5S14	rRNA	0	0	0	0.0000	0.0000	0.0000
ENSG00000201356.1	RNA5SP500	rRNA_pseudogene	0	0	0	0.0000	0.0000	0.0000
ENSG00000201358.1	RN7SKP193	misc_RNA	0	0	0	0.0000	0.0000	0.0000
ENSG00000201361.1	RNA5SP433	rRNA_pseudogene	0	0	0	0.0000	0.0000	0.0000
ENSG00000201363.2	Y_RNA	misc_RNA	0	0	0	0.0000	0.0000	0.0000
ENSG00000201364.1	RN7SKP37	misc_RNA	0	0	0	0.0000	0.0000	0.0000
ENSG00000201365.1	Y_RNA	misc_RNA	0	0	0	0.0000	0.0000	0.0000
ENSG00000201367.1	RNU6-522P	snRNA	0	0	0	0.0000	0.0000	0.0000
ENSG00000201368.2	U3	snoRNA	0	0	0	0.0000	0.0000	0.0000
ENSG00000201370.1	Y_RNA	misc_RNA	0	0	0	0.0000	0.0000	0.0000
ENSG00000201371.1	Y_RNA	misc_RNA	1	0	1	0.5203	0.1290	0.1395
ENSG00000201372.1	RNU6-1251P	snRNA	1	1	0	0.5300	0.1314	0.1421
ENSG00000201376.1	SNORA70	snoRNA	0	0	0	0.0000	0.0000	0.0000
ENSG00000201377.1	RNY4P23	misc_RNA	0	0	0	0.0000	0.0000	0.0000
ENSG00000201379.1	RNU4-76P	snRNA	0	0	0	0.0000	0.0000	0.0000
ENSG00000201382.1	RNU6-558P	snRNA	1	1	0	0.5453	0.1352	0.1462
ENSG00000201384.1	AC007375.1	snoRNA	0	0	0	0.0000	0.0000	0.0000
ENSG00000201386.1	RNU6-1163P	snRNA	0	0	0	0.0000	0.0000	0.0000
ENSG00000201388.1	SNORA68B	snoRNA	1	1	0	0.4264	0.1057	0.1143
ENSG00000201390.1	RNU6-1141P	snRNA	1	1	0	0.5300	0.1314	0.1421
ENSG00000201392.1	RNU6-1078P	snRNA	0	0	0	0.0000	0.0000	0.0000
ENSG00000201393.1	SNORA71	snoRNA	0	0	0	0.0000	0.0000	0.0000
ENSG00000201394.1	RNA5SP140	rRNA_pseudogene	0	0	0	0.0000	0.0000	0.0000
ENSG00000201395.1	RN7SKP257	misc_RNA	0	0	0	0.0000	0.0000	0.0000
ENSG00000201398.1	U8	snoRNA	0	0	0	0.0000	0.0000	0.0000
ENSG00000201403.1	SNORD14B	snoRNA	0	0	0	0.0000	0.0000	0.0000
ENSG00000201405.1	Y_RNA	misc_RNA	0	0	0	0.0000	0.0000	0.0000
ENSG00000201407.1	AC079169.1	snoRNA	1	1	0	0.4296	0.1065	0.1152
ENSG00000201410.1	AC107024.1	snoRNA	0	0	0	0.0000	0.0000	0.0000
ENSG00000201412.1	Y_RNA	misc_RNA	0	0	0	0.0000	0.0000	0.0000
ENSG00000201413.1	RNA5SP141	rRNA_pseudogene	0	0	0	0.0000	0.0000	0.0000
ENSG00000201415.1	RNA5SP204	rRNA_pseudogene	0	0	0	0.0000	0.0000	0.0000
ENSG00000201420.1	RNA5SP512	rRNA_pseudogene	0	0	0	0.0000	0.0000	0.0000
ENSG00000201421.1	Y_RNA	misc_RNA	0	0	0	0.0000	0.0000	0.0000
ENSG00000201423.1	RN7SKP246	misc_RNA	0	0	0	0.0000	0.0000	0.0000
ENSG00000201426.1	Y_RNA	misc_RNA	0	0	0	0.0000	0.0000	0.0000
ENSG00000201428.1	RN7SKP71	misc_RNA	1	1	0	0.1783	0.0442	0.0478
ENSG00000201431.1	RNU6-1277P	snRNA	1	1	0	0.5300	0.1314	0.1421
ENSG00000201432.1	Y_RNA	misc_RNA	0	0	0	0.0000	0.0000	0.0000
ENSG00000201433.1	RNU6-335P	snRNA	0	0	0	0.0000	0.0000	0.0000
ENSG00000201435.1	RNU4-24P	snRNA	0	0	0	0.0000	0.0000	0.0000
ENSG00000201436.1	RNU6-660P	snRNA	0	0	0	0.0000	0.0000	0.0000
ENSG00000201439.1	RNU4-67P	snRNA	0	0	0	0.0000	0.0000	0.0000
ENSG00000201440.1	RNA5SP515	rRNA_pseudogene	0	0	0	0.0000	0.0000	0.0000
ENSG00000201441.1	RNU6-646P	snRNA	0	0	0	0.0000	0.0000	0.0000
ENSG00000201442.2	Y_RNA	misc_RNA	0	0	0	0.0000	0.0000	0.0000
ENSG00000201443.1	RNU6-309P	snRNA	0	0	0	0.0000	0.0000	0.0000
ENSG00000201444.1	RNU6-1082P	snRNA	0	0	0	0.0000	0.0000	0.0000
ENSG00000201447.1	RNA5SP509	rRNA_pseudogene	0	0	0	0.0000	0.0000	0.0000
ENSG00000201448.1	SNORA63C	snoRNA	0	0	0	0.0000	0.0000	0.0000
ENSG00000201451.1	Y_RNA	misc_RNA	2	1	1	1.1693	0.2900	0.3135
ENSG00000201452.1	RNU6-1317P	snRNA	0	0	0	0.0000	0.0000	0.0000
ENSG00000201457.1	SNORA55	snoRNA	0	0	0	0.0000	0.0000	0.0000
ENSG00000201458.1	RNU4-4P	snRNA	0	0	0	0.0000	0.0000	0.0000
ENSG00000201464.1	Y_RNA	misc_RNA	0	0	0	0.0000	0.0000	0.0000
ENSG00000201465.1	AC083867.1	snoRNA	0	0	0	0.0000	0.0000	0.0000
ENSG00000201466.1	Y_RNA	misc_RNA	0	0	0	0.0000	0.0000	0.0000
ENSG00000201467.1	AL732371.1	snoRNA	0	0	0	0.0000	0.0000	0.0000
ENSG00000201469.1	RNA5SP379	rRNA_pseudogene	0	0	0	0.0000	0.0000	0.0000
ENSG00000201470.1	RNY4P7	misc_RNA	0	0	0	0.0000	0.0000	0.0000
ENSG00000201474.1	RNU6-164P	snRNA	0	0	0	0.0000	0.0000	0.0000
ENSG00000201476.1	RNA5SP353	rRNA_pseudogene	0	0	0	0.0000	0.0000	0.0000
ENSG00000201482.1	SNORD115-17	snoRNA	0	0	0	0.0000	0.0000	0.0000
ENSG00000201483.1	Y_RNA	misc_RNA	0	0	0	0.0000	0.0000	0.0000
ENSG00000201487.1	SNORD45B	snoRNA	0	0	0	0.0000	0.0000	0.0000
ENSG00000201489.1	Y_RNA	misc_RNA	1	1	0	0.5615	0.1392	0.1506
ENSG00000201491.1	RNU4-75P	snRNA	0	0	0	0.0000	0.0000	0.0000
ENSG00000201492.1	RNA5SP78	rRNA_pseudogene	3	1	2	1.4418	0.3575	0.3866
ENSG00000201493.1	RNU1-141P	snRNA	0	0	0	0.0000	0.0000	0.0000
ENSG00000201496.1	RN7SKP275	misc_RNA	12	5	7	2.2609	0.5607	0.6062
ENSG00000201498.1	Y_RNA	misc_RNA	0	0	0	0.0000	0.0000	0.0000
ENSG00000201499.1	RNU6-312P	snRNA	4	2	2	2.1200	0.5257	0.5684
ENSG00000201500.1	AL132709.3	snoRNA	0	0	0	0.0000	0.0000	0.0000
ENSG00000201501.1	Y_RNA	misc_RNA	0	0	0	0.0000	0.0000	0.0000
ENSG00000201502.1	AC126172.1	snoRNA	0	0	0	0.0000	0.0000	0.0000
ENSG00000201510.1	RN7SKP217	misc_RNA	0	0	0	0.0000	0.0000	0.0000
ENSG00000201511.1	Y_RNA	misc_RNA	0	0	0	0.0000	0.0000	0.0000
ENSG00000201512.1	SNORA71C	snoRNA	0	0	0	0.0000	0.0000	0.0000
ENSG00000201516.1	AC093605.1	snoRNA	0	0	0	0.0000	0.0000	0.0000
ENSG00000201517.1	RNU6-707P	snRNA	0	0	0	0.0000	0.0000	0.0000
ENSG00000201518.1	RNA5SP513	rRNA_pseudogene	0	0	0	0.0000	0.0000	0.0000
ENSG00000201519.1	RNU6-645P	snRNA	0	0	0	0.0000	0.0000	0.0000
ENSG00000201523.1	RNA5SP205	rRNA_pseudogene	0	0	0	0.0000	0.0000	0.0000
ENSG00000201524.1	RNU6-450P	snRNA	0	0	0	0.0000	0.0000	0.0000
ENSG00000201527.1	RNA5SP478	rRNA_pseudogene	0	0	0	0.0000	0.0000	0.0000
ENSG00000201529.1	Y_RNA	misc_RNA	0	0	0	0.0000	0.0000	0.0000
ENSG00000201532.1	RNA5SP194	rRNA	0	0	0	0.0000	0.0000	0.0000
ENSG00000201533.1	RN7SKP237	misc_RNA	0	0	0	0.0000	0.0000	0.0000
ENSG00000201535.2	Y_RNA	misc_RNA	0	0	0	0.0000	0.0000	0.0000
ENSG00000201541.1	AC004125.1	snoRNA	0	0	0	0.0000	0.0000	0.0000
ENSG00000201542.1	SNORA62	snoRNA	0	0	0	0.0000	0.0000	0.0000
ENSG00000201544.1	SNORA16B	snoRNA	1	0	1	0.4201	0.1042	0.1126
ENSG00000201545.1	RNU4-85P	snRNA	0	0	0	0.0000	0.0000	0.0000
ENSG00000201547.1	Y_RNA	misc_RNA	0	0	0	0.0000	0.0000	0.0000
ENSG00000201548.1	Y_RNA	misc_RNA	0	0	0	0.0000	0.0000	0.0000
ENSG00000201549.1	Y_RNA	misc_RNA	0	0	0	0.0000	0.0000	0.0000
ENSG00000201550.1	RNU6-726P	snRNA	0	0	0	0.0000	0.0000	0.0000
ENSG00000201554.1	Y_RNA	misc_RNA	0	0	0	0.0000	0.0000	0.0000
ENSG00000201555.1	Y_RNA	misc_RNA	0	0	0	0.0000	0.0000	0.0000
ENSG00000201557.1	SNORD114-15	snoRNA	0	0	0	0.0000	0.0000	0.0000
ENSG00000201558.1	RNVU1-6	snRNA	0	0	0	0.0000	0.0000	0.0000
ENSG00000201560.1	RNU6-973P	snRNA	0	0	0	0.0000	0.0000	0.0000
ENSG00000201563.1	Y_RNA	misc_RNA	1	1	0	0.5453	0.1352	0.1462
ENSG00000201564.1	RN7SKP50	misc_RNA	1	0	1	0.1800	0.0446	0.0483
ENSG00000201565.1	Y_RNA	misc_RNA	0	0	0	0.0000	0.0000	0.0000
ENSG00000201566.1	Y_RNA	misc_RNA	0	0	0	0.0000	0.0000	0.0000
ENSG00000201567.1	RNA5SP510	rRNA_pseudogene	0	0	0	0.0000	0.0000	0.0000
ENSG00000201569.1	SNORD114-17	snoRNA	0	0	0	0.0000	0.0000	0.0000
ENSG00000201570.1	RNU4-56P	snRNA	0	0	0	0.0000	0.0000	0.0000
ENSG00000201573.1	Y_RNA	misc_RNA	1	1	0	0.5560	0.1379	0.1491
ENSG00000201574.1	RNU1-93P	snRNA	0	0	0	0.0000	0.0000	0.0000
ENSG00000201579.1	RNU6-343P	snRNA	5	5	0	2.7264	0.6761	0.7310
ENSG00000201581.1	RN7SKP78	misc_RNA	0	0	0	0.0000	0.0000	0.0000
ENSG00000201583.1	RN7SKP191	misc_RNA	0	0	0	0.0000	0.0000	0.0000
ENSG00000201584.1	Y_RNA	misc_RNA	0	0	0	0.0000	0.0000	0.0000
ENSG00000201586.1	RNU6-593P	snRNA	2	2	0	1.0127	0.2511	0.2715
ENSG00000201588.1	RNA5S2	rRNA	0	0	0	0.0000	0.0000	0.0000
ENSG00000201591.1	RNU6-99P	snRNA	0	0	0	0.0000	0.0000	0.0000
ENSG00000201592.1	AL732366.1	snoRNA	0	0	0	0.0000	0.0000	0.0000
ENSG00000201594.1	RNA5SP517	rRNA_pseudogene	0	0	0	0.0000	0.0000	0.0000
ENSG00000201595.1	RNA5SP132	rRNA_pseudogene	2	2	0	0.9612	0.2384	0.2577
ENSG00000201596.1	Y_RNA	misc_RNA	0	0	0	0.0000	0.0000	0.0000
ENSG00000201598.1	RNU6-219P	snRNA	0	0	0	0.0000	0.0000	0.0000
ENSG00000201600.1	RN7SKP124	misc_RNA	3	2	1	0.4989	0.1237	0.1338
ENSG00000201602.1	Y_RNA	misc_RNA	0	0	0	0.0000	0.0000	0.0000
ENSG00000201604.1	RNU6-740P	snRNA	0	0	0	0.0000	0.0000	0.0000
ENSG00000201607.1	RNU4-16P	snRNA	0	0	0	0.0000	0.0000	0.0000
ENSG00000201608.1	RNU4-42P	snRNA	0	0	0	0.0000	0.0000	0.0000
ENSG00000201609.1	RNU4-28P	snRNA	0	0	0	0.0000	0.0000	0.0000
ENSG00000201610.1	RNA5SP84	rRNA_pseudogene	0	0	0	0.0000	0.0000	0.0000
ENSG00000201612.1	RN7SKP15	misc_RNA	0	0	0	0.0000	0.0000	0.0000
ENSG00000201613.1	RNU6-200P	snRNA	0	0	0	0.0000	0.0000	0.0000
ENSG00000201616.1	RNU1-91P	snRNA	2	1	1	0.6958	0.1726	0.1866
ENSG00000201618.1	RNA5SP505	rRNA_pseudogene	0	0	0	0.0000	0.0000	0.0000
ENSG00000201619.1	AL512326.1	snoRNA	0	0	0	0.0000	0.0000	0.0000
ENSG00000201620.1	RNA5SP51	rRNA_pseudogene	0	0	0	0.0000	0.0000	0.0000
ENSG00000201622.1	RNU6-621P	snRNA	0	0	0	0.0000	0.0000	0.0000
ENSG00000201623.1	RNU6-923P	snRNA	0	0	0	0.0000	0.0000	0.0000
ENSG00000201624.1	Y_RNA	misc_RNA	0	0	0	0.0000	0.0000	0.0000
ENSG00000201627.1	Y_RNA	misc_RNA	0	0	0	0.0000	0.0000	0.0000
ENSG00000201628.1	RNU4-7P	snRNA	0	0	0	0.0000	0.0000	0.0000
ENSG00000201633.1	Y_RNA	misc_RNA	0	0	0	0.0000	0.0000	0.0000
ENSG00000201634.1	SNORD115-48	snoRNA	0	0	0	0.0000	0.0000	0.0000
ENSG00000201635.1	Y_RNA	misc_RNA	0	0	0	0.0000	0.0000	0.0000
ENSG00000201638.2	RNY4P16	misc_RNA	0	0	0	0.0000	0.0000	0.0000
ENSG00000201640.2	RN7SKP28	misc_RNA	0	0	0	0.0000	0.0000	0.0000
ENSG00000201641.1	RNU6-1187P	snRNA	0	0	0	0.0000	0.0000	0.0000
ENSG00000201642.1	RNU6-865P	snRNA	0	0	0	0.0000	0.0000	0.0000
ENSG00000201643.1	SNORA14A	snoRNA	1	1	0	0.4201	0.1042	0.1126
ENSG00000201644.2	Y_RNA	misc_RNA	0	0	0	0.0000	0.0000	0.0000
ENSG00000201648.1	RNU4-91P	snRNA	0	0	0	0.0000	0.0000	0.0000
ENSG00000201649.1	RNY4P34	misc_RNA	0	0	0	0.0000	0.0000	0.0000
ENSG00000201654.1	RNU6-7	snRNA	0	0	0	0.0000	0.0000	0.0000
ENSG00000201658.1	RNU6-283P	snRNA	0	0	0	0.0000	0.0000	0.0000
ENSG00000201659.1	RNU12-2P	snRNA	1	1	0	0.3635	0.0902	0.0975
ENSG00000201660.1	AC095353.1	snoRNA	0	0	0	0.0000	0.0000	0.0000
ENSG00000201662.1	RNU6-60P	snRNA	0	0	0	0.0000	0.0000	0.0000
ENSG00000201663.1	Y_RNA	misc_RNA	0	0	0	0.0000	0.0000	0.0000
ENSG00000201665.1	RN7SKP6	misc_RNA	0	0	0	0.0000	0.0000	0.0000
ENSG00000201666.1	AC121343.1	snoRNA	0	0	0	0.0000	0.0000	0.0000
ENSG00000201668.1	Y_RNA	misc_RNA	0	0	0	0.0000	0.0000	0.0000
ENSG00000201671.1	RNA5SP90	rRNA_pseudogene	0	0	0	0.0000	0.0000	0.0000
ENSG00000201672.1	SNORD113-4	snoRNA	0	0	0	0.0000	0.0000	0.0000
ENSG00000201674.2	U3	snoRNA	0	0	0	0.0000	0.0000	0.0000
ENSG00000201675.1	SNORD32A	snoRNA	0	0	0	0.0000	0.0000	0.0000
ENSG00000201676.1	Y_RNA	misc_RNA	0	0	0	0.0000	0.0000	0.0000
ENSG00000201679.1	SNORD115-15	snoRNA	0	0	0	0.0000	0.0000	0.0000
ENSG00000201680.1	Y_RNA	misc_RNA	1	1	0	0.5560	0.1379	0.1491
ENSG00000201683.1	Y_RNA	misc_RNA	0	0	0	0.0000	0.0000	0.0000
ENSG00000201684.1	RN7SKP239	misc_RNA	9	7	2	1.7301	0.4291	0.4639
ENSG00000201687.1	RNU6-1107P	snRNA	0	0	0	0.0000	0.0000	0.0000
ENSG00000201689.1	SNORD114-29	snoRNA	0	0	0	0.0000	0.0000	0.0000
ENSG00000201690.1	RNY1P2	misc_RNA	0	0	0	0.0000	0.0000	0.0000
ENSG00000201695.1	RNA5SP334	rRNA_pseudogene	0	0	0	0.0000	0.0000	0.0000
ENSG00000201699.1	RNVU1-24	snRNA	0	0	0	0.0000	0.0000	0.0000
ENSG00000201700.3	SNORD113-3	snoRNA	0	0	0	0.0000	0.0000	0.0000
ENSG00000201701.1	AC094019.1	snoRNA	0	0	0	0.0000	0.0000	0.0000
ENSG00000201704.1	RNA5SP396	rRNA_pseudogene	0	0	0	0.0000	0.0000	0.0000
ENSG00000201707.1	RNU6-818P	snRNA	0	0	0	0.0000	0.0000	0.0000
ENSG00000201708.1	RNA5SP359	rRNA_pseudogene	0	0	0	0.0000	0.0000	0.0000
ENSG00000201709.1	RNU6-686P	snRNA	1	1	0	0.5300	0.1314	0.1421
ENSG00000201710.1	AL132709.4	snoRNA	0	0	0	0.0000	0.0000	0.0000
ENSG00000201711.1	RNU6-1303P	snRNA	0	0	0	0.0000	0.0000	0.0000
ENSG00000201713.1	RNA5SP125	rRNA_pseudogene	0	0	0	0.0000	0.0000	0.0000
ENSG00000201715.1	RN7SKP133	misc_RNA	0	0	0	0.0000	0.0000	0.0000
ENSG00000201723.2	Y_RNA	misc_RNA	0	0	0	0.0000	0.0000	0.0000
ENSG00000201724.1	Y_RNA	misc_RNA	1	1	0	0.6164	0.1529	0.1653
ENSG00000201725.1	RNU6-304P	snRNA	2	0	2	1.0600	0.2629	0.2842
ENSG00000201727.1	RNA5SP173	rRNA_pseudogene	0	0	0	0.0000	0.0000	0.0000
ENSG00000201728.1	RNA5SP479	rRNA_pseudogene	1	1	0	0.4847	0.1202	0.1300
ENSG00000201733.1	AP002748.1	snoRNA	1	0	1	0.4051	0.1005	0.1086
ENSG00000201736.1	RNA5SP160	rRNA_pseudogene	4	1	3	1.8903	0.4688	0.5069
ENSG00000201737.1	RNU1-133P	snRNA	0	0	0	0.0000	0.0000	0.0000
ENSG00000201741.1	Y_RNA	misc_RNA	0	0	0	0.0000	0.0000	0.0000
ENSG00000201742.1	RNU6-563P	snRNA	0	0	0	0.0000	0.0000	0.0000
ENSG00000201744.1	RNU6-34P	snRNA	0	0	0	0.0000	0.0000	0.0000
ENSG00000201746.1	RNU6-828P	snRNA	2	2	0	1.0600	0.2629	0.2842
ENSG00000201747.1	RNU6-534P	snRNA	1	0	1	0.5350	0.1327	0.1435
ENSG00000201749.1	Y_RNA	misc_RNA	0	0	0	0.0000	0.0000	0.0000
ENSG00000201752.1	RNU6-119P	snRNA	0	0	0	0.0000	0.0000	0.0000
ENSG00000201754.1	SNORD52	snoRNA	0	0	0	0.0000	0.0000	0.0000
ENSG00000201756.1	Y_RNA	misc_RNA	0	0	0	0.0000	0.0000	0.0000
ENSG00000201758.1	RN7SKP55	misc_RNA	0	0	0	0.0000	0.0000	0.0000
ENSG00000201761.1	RNU6-336P	snRNA	0	0	0	0.0000	0.0000	0.0000
ENSG00000201763.1	RNA5SP267	rRNA_pseudogene	0	0	0	0.0000	0.0000	0.0000
ENSG00000201766.1	RNA5SP302	rRNA_pseudogene	0	0	0	0.0000	0.0000	0.0000
ENSG00000201770.1	RNU6-384P	snRNA	0	0	0	0.0000	0.0000	0.0000
ENSG00000201772.1	SNORA5C	snoRNA	8	3	5	3.3115	0.8212	0.8879
ENSG00000201774.1	Y_RNA	misc_RNA	0	0	0	0.0000	0.0000	0.0000
ENSG00000201775.1	RNU6-1325P	snRNA	0	0	0	0.0000	0.0000	0.0000
ENSG00000201778.1	Y_RNA	misc_RNA	0	25	19	0.0000	0.0000	0.0000
ENSG00000201780.1	RNU6-275P	snRNA	0	0	0	0.0000	0.0000	0.0000
ENSG00000201782.1	RN7SKP226	misc_RNA	0	0	0	0.0000	0.0000	0.0000
ENSG00000201785.1	SNORD117	snoRNA	2	2	0	1.4924	0.3701	0.4002
ENSG00000201786.1	Y_RNA	misc_RNA	0	0	0	0.0000	0.0000	0.0000
ENSG00000201788.1	Y_RNA	misc_RNA	0	0	0	0.0000	0.0000	0.0000
ENSG00000201789.1	RNU6-1071P	snRNA	0	0	0	0.0000	0.0000	0.0000
ENSG00000201790.1	RNA5SP189	rRNA_pseudogene	0	0	0	0.0000	0.0000	0.0000
ENSG00000201791.1	SNORA63	snoRNA	0	0	0	0.0000	0.0000	0.0000
ENSG00000201793.1	RN7SKP9	misc_RNA	0	0	0	0.0000	0.0000	0.0000
ENSG00000201794.1	RN7SKP130	misc_RNA	0	0	0	0.0000	0.0000	0.0000
ENSG00000201796.1	RNU6-392P	snRNA	0	0	0	0.0000	0.0000	0.0000
ENSG00000201800.1	Y_RNA	misc_RNA	0	0	0	0.0000	0.0000	0.0000
ENSG00000201801.1	RNU5E-4P	snRNA	0	0	0	0.0000	0.0000	0.0000
ENSG00000201805.1	RNU6-1180P	snRNA	0	0	0	0.0000	0.0000	0.0000
ENSG00000201806.1	RNU4-8P	snRNA	1	0	1	0.4022	0.0997	0.1078
ENSG00000201807.1	AL121933.1	snoRNA	0	0	0	0.0000	0.0000	0.0000
ENSG00000201809.1	U8	snoRNA	0	0	0	0.0000	0.0000	0.0000
ENSG00000201810.1	U8	snoRNA	0	0	0	0.0000	0.0000	0.0000
ENSG00000201811.1	SNORA71	snoRNA	0	0	0	0.0000	0.0000	0.0000
ENSG00000201812.1	RNA5SP488	rRNA_pseudogene	0	0	0	0.0000	0.0000	0.0000
ENSG00000201813.1	RNU6-915P	snRNA	0	0	0	0.0000	0.0000	0.0000
ENSG00000201815.1	RNU6-526P	snRNA	0	0	0	0.0000	0.0000	0.0000
ENSG00000201816.1	SNORA73	snoRNA	0	0	0	0.0000	0.0000	0.0000
ENSG00000201818.1	RNY4P17	misc_RNA	2	2	0	1.1815	0.2930	0.3168
ENSG00000201820.1	Y_RNA	misc_RNA	2	2	0	1.2464	0.3091	0.3342
ENSG00000201821.1	RNU4-9P	snRNA	0	0	0	0.0000	0.0000	0.0000
ENSG00000201822.1	RNA5SP149	rRNA_pseudogene	0	0	0	0.0000	0.0000	0.0000
ENSG00000201823.1	SNORD48	snoRNA	2	0	2	1.7722	0.4395	0.4752
ENSG00000201825.1	RNU6-1131P	snRNA	0	0	0	0.0000	0.0000	0.0000
ENSG00000201826.1	RNU6-867P	snRNA	0	0	0	0.0000	0.0000	0.0000
ENSG00000201827.1	AC022296.1	snoRNA	0	0	0	0.0000	0.0000	0.0000
ENSG00000201830.1	Y_RNA	misc_RNA	0	0	0	0.0000	0.0000	0.0000
ENSG00000201831.1	SNORD115-1	snoRNA	0	0	0	0.0000	0.0000	0.0000
ENSG00000201839.1	SNORD114-3	snoRNA	3	0	3	2.2684	0.5625	0.6082
ENSG00000201843.1	Y_RNA	misc_RNA	0	0	0	0.0000	0.0000	0.0000
ENSG00000201846.1	RNA5SP166	rRNA_pseudogene	0	0	0	0.0000	0.0000	0.0000
ENSG00000201847.1	SNORD31B	snoRNA	0	0	0	0.0000	0.0000	0.0000
ENSG00000201850.1	Y_RNA	misc_RNA	0	0	0	0.0000	0.0000	0.0000
ENSG00000201852.1	RNU6-702P	snRNA	0	0	0	0.0000	0.0000	0.0000
ENSG00000201856.1	RNA5SP331	rRNA_pseudogene	0	0	0	0.0000	0.0000	0.0000
ENSG00000201860.1	Y_RNA	misc_RNA	0	0	0	0.0000	0.0000	0.0000
ENSG00000201861.1	RNA5SP298	rRNA_pseudogene	1	1	0	0.5109	0.1267	0.1370
ENSG00000201863.1	AC098591.1	snoRNA	0	0	0	0.0000	0.0000	0.0000
ENSG00000201867.1	Y_RNA	misc_RNA	0	0	0	0.0000	0.0000	0.0000
ENSG00000201868.1	Y_RNA	misc_RNA	0	0	0	0.0000	0.0000	0.0000
ENSG00000201869.1	RNU6-294P	snRNA	0	0	0	0.0000	0.0000	0.0000
ENSG00000201875.1	RN7SKP178	misc_RNA	0	0	0	0.0000	0.0000	0.0000
ENSG00000201876.1	RNA5SP97	rRNA_pseudogene	0	0	0	0.0000	0.0000	0.0000
ENSG00000201881.1	Y_RNA	misc_RNA	0	0	0	0.0000	0.0000	0.0000
ENSG00000201882.1	AL732366.2	snoRNA	0	0	0	0.0000	0.0000	0.0000
ENSG00000201884.1	Y_RNA	misc_RNA	0	0	0	0.0000	0.0000	0.0000
ENSG00000201885.1	Y_RNA	misc_RNA	1	1	0	0.5560	0.1379	0.1491
ENSG00000201892.1	Y_RNA	misc_RNA	0	0	0	0.0000	0.0000	0.0000
ENSG00000201894.1	RNU6-967P	snRNA	0	0	0	0.0000	0.0000	0.0000
ENSG00000201896.1	RN7SKP153	misc_RNA	0	0	0	0.0000	0.0000	0.0000
ENSG00000201898.1	SNORA72	snoRNA	0	0	0	0.0000	0.0000	0.0000
ENSG00000201899.1	SNORD114-24	snoRNA	0	0	0	0.0000	0.0000	0.0000
ENSG00000201900.1	RNY1P13	misc_RNA	2	1	1	1.0802	0.2679	0.2896
ENSG00000201901.1	RN7SKP48	misc_RNA	0	0	0	0.0000	0.0000	0.0000
ENSG00000201907.1	SNORD115-38	snoRNA	0	0	0	0.0000	0.0000	0.0000
ENSG00000201909.1	RNU6-590P	snRNA	0	0	0	0.0000	0.0000	0.0000
ENSG00000201910.1	RNU1-140P	snRNA	0	0	0	0.0000	0.0000	0.0000
ENSG00000201912.1	RN7SKP189	misc_RNA	0	0	0	0.0000	0.0000	0.0000
ENSG00000201913.1	Y_RNA	misc_RNA	0	0	0	0.0000	0.0000	0.0000
ENSG00000201916.1	Y_RNA	misc_RNA	0	0	0	0.0000	0.0000	0.0000
ENSG00000201919.1	RNU6-1022P	snRNA	0	0	0	0.0000	0.0000	0.0000
ENSG00000201920.1	RNA5SP442	rRNA_pseudogene	0	0	0	0.0000	0.0000	0.0000
ENSG00000201922.1	RNU1-43P	snRNA	0	0	0	0.0000	0.0000	0.0000
ENSG00000201923.1	RNA5SP485	rRNA_pseudogene	0	0	0	0.0000	0.0000	0.0000
ENSG00000201925.1	RNA5S15	rRNA	0	0	0	0.0000	0.0000	0.0000
ENSG00000201931.1	RNA5SP172	rRNA	2	0	2	0.9612	0.2384	0.2577
ENSG00000201933.1	Y_RNA	misc_RNA	0	0	0	0.0000	0.0000	0.0000
ENSG00000201938.1	Y_RNA	misc_RNA	0	0	0	0.0000	0.0000	0.0000
ENSG00000201939.1	RNA5SP224	rRNA_pseudogene	0	0	0	0.0000	0.0000	0.0000
ENSG00000201942.1	RNA5SP363	rRNA_pseudogene	0	0	0	0.0000	0.0000	0.0000
ENSG00000201943.1	SNORD115-10	snoRNA	0	0	0	0.0000	0.0000	0.0000
ENSG00000201944.1	SNORA72	snoRNA	4	4	0	1.7185	0.4262	0.4608
ENSG00000201945.1	SNORA70	snoRNA	0	0	0	0.0000	0.0000	0.0000
ENSG00000201950.1	SNORD113-9	snoRNA	0	0	0	0.0000	0.0000	0.0000
ENSG00000201954.1	RNU6-673P	snRNA	0	0	0	0.0000	0.0000	0.0000
ENSG00000201955.1	RNY3P1	misc_RNA	0	0	0	0.0000	0.0000	0.0000
ENSG00000201957.1	AC076966.1	snoRNA	2	0	2	0.8861	0.2197	0.2376
ENSG00000201959.1	Y_RNA	misc_RNA	0	0	0	0.0000	0.0000	0.0000
ENSG00000201962.1	RNA5SP126	rRNA_pseudogene	0	0	0	0.0000	0.0000	0.0000
ENSG00000201965.1	Y_RNA	misc_RNA	0	0	0	0.0000	0.0000	0.0000
ENSG00000201966.1	RNA5-8SP4	rRNA_pseudogene	0	0	0	0.0000	0.0000	0.0000
ENSG00000201967.1	RN7SKP22	misc_RNA	0	0	0	0.0000	0.0000	0.0000
ENSG00000201968.1	RNA5SP138	rRNA_pseudogene	1	1	0	0.4975	0.1234	0.1334
ENSG00000201969.1	SNORD115-20	snoRNA	0	0	0	0.0000	0.0000	0.0000
ENSG00000201980.1	SNORA62	snoRNA	0	0	0	0.0000	0.0000	0.0000
ENSG00000201984.1	Y_RNA	misc_RNA	0	0	0	0.0000	0.0000	0.0000
ENSG00000201987.1	Y_RNA	misc_RNA	0	0	0	0.0000	0.0000	0.0000
ENSG00000201988.2	Y_RNA	misc_RNA	5	1	4	2.5545	0.6335	0.6849
ENSG00000201990.1	Y_RNA	misc_RNA	0	0	0	0.0000	0.0000	0.0000
ENSG00000201992.1	SNORD115-35	snoRNA	0	0	0	0.0000	0.0000	0.0000
ENSG00000201998.1	SNORA23	snoRNA	0	0	0	0.0000	0.0000	0.0000
ENSG00000201999.1	RNA5SP428	rRNA_pseudogene	0	0	0	0.0000	0.0000	0.0000
ENSG00000202000.1	RNU1-36P	snRNA	0	0	0	0.0000	0.0000	0.0000
ENSG00000202001.2	Y_RNA	misc_RNA	0	0	0	0.0000	0.0000	0.0000
ENSG00000202008.1	Y_RNA	misc_RNA	0	0	0	0.0000	0.0000	0.0000
ENSG00000202014.1	Y_RNA	misc_RNA	0	0	0	0.0000	0.0000	0.0000
ENSG00000202016.1	RNU6-619P	snRNA	0	0	0	0.0000	0.0000	0.0000
ENSG00000202017.1	RNU6-806P	snRNA	0	0	0	0.0000	0.0000	0.0000
ENSG00000202019.1	Y_RNA	misc_RNA	1	0	1	0.5560	0.1379	0.1491
ENSG00000202021.1	Y_RNA	misc_RNA	0	0	0	0.0000	0.0000	0.0000
ENSG00000202023.1	SNORD81	snoRNA	0	0	0	0.0000	0.0000	0.0000
ENSG00000202024.1	RNU6-934P	snRNA	0	0	0	0.0000	0.0000	0.0000
ENSG00000202025.1	RNU6-1240P	snRNA	0	0	0	0.0000	0.0000	0.0000
ENSG00000202026.1	RNU6-1134P	snRNA	0	0	0	0.0000	0.0000	0.0000
ENSG00000202027.1	Y_RNA	misc_RNA	0	0	0	0.0000	0.0000	0.0000
ENSG00000202029.1	RNU6-580P	snRNA	0	0	0	0.0000	0.0000	0.0000
ENSG00000202031.1	SNORD38A	snoRNA	0	0	0	0.0000	0.0000	0.0000
ENSG00000202034.1	RNU6-399P	snRNA	0	0	0	0.0000	0.0000	0.0000
ENSG00000202035.1	Y_RNA	misc_RNA	0	0	0	0.0000	0.0000	0.0000
ENSG00000202039.1	RNU6-215P	snRNA	0	0	0	0.0000	0.0000	0.0000
ENSG00000202041.1	Y_RNA	misc_RNA	0	0	0	0.0000	0.0000	0.0000
ENSG00000202044.1	RNA5SP223	rRNA_pseudogene	0	0	0	0.0000	0.0000	0.0000
ENSG00000202046.1	Y_RNA	misc_RNA	0	0	0	0.0000	0.0000	0.0000
ENSG00000202047.1	RNA5SP324	rRNA_pseudogene	0	0	0	0.0000	0.0000	0.0000
ENSG00000202048.1	SNORD114-20	snoRNA	0	0	0	0.0000	0.0000	0.0000
ENSG00000202050.1	RNU6-391P	snRNA	0	0	0	0.0000	0.0000	0.0000
ENSG00000202051.1	RNU6-382P	snRNA	0	0	0	0.0000	0.0000	0.0000
ENSG00000202054.1	RNA5SP152	rRNA_pseudogene	0	0	0	0.0000	0.0000	0.0000
ENSG00000202056.1	RNA5SP19	rRNA_pseudogene	0	0	0	0.0000	0.0000	0.0000
ENSG00000202058.1	RN7SKP80	misc_RNA	10	4	7	2.0039	0.4969	0.5373
ENSG00000202059.1	AC023271.1	snoRNA	0	0	0	0.0000	0.0000	0.0000
ENSG00000202060.1	RNA5SP455	rRNA_pseudogene	0	0	0	0.0000	0.0000	0.0000
ENSG00000202063.1	RNA5SP79	rRNA_pseudogene	4	3	1	2.0811	0.5161	0.5580
ENSG00000202069.1	RNU4-66P	snRNA	0	0	0	0.0000	0.0000	0.0000
ENSG00000202070.1	RNU6-1175P	snRNA	0	0	1	0.0000	0.0000	0.0000
ENSG00000202071.1	Y_RNA	misc_RNA	0	0	0	0.0000	0.0000	0.0000
ENSG00000202074.1	RNU6-715P	snRNA	0	0	0	0.0000	0.0000	0.0000
ENSG00000202078.1	Y_RNA	misc_RNA	12	3	9	6.0223	1.4935	1.6148
ENSG00000202079.1	Y_RNA	misc_RNA	18	8	10	9.5400	2.3658	2.5580
ENSG00000202081.1	RNU6-1280P	snRNA	3	1	2	1.5900	0.3943	0.4263
ENSG00000202082.2	RNU6-290P	snRNA	0	0	0	0.0000	0.0000	0.0000
ENSG00000202089.1	RNU6-1306P	snRNA	0	0	0	0.0000	0.0000	0.0000
ENSG00000202092.1	RNA5SP190	rRNA_pseudogene	0	0	0	0.0000	0.0000	0.0000
ENSG00000202093.1	SNORD58C	snoRNA	0	0	0	0.0000	0.0000	0.0000
ENSG00000202095.1	RNU6-1172P	snRNA	0	0	0	0.0000	0.0000	0.0000
ENSG00000202099.1	RNU6-234P	snRNA	0	0	0	0.0000	0.0000	0.0000
ENSG00000202100.1	Y_RNA	misc_RNA	0	0	0	0.0000	0.0000	0.0000
ENSG00000202103.1	RNU4-12P	snRNA	0	0	0	0.0000	0.0000	0.0000
ENSG00000202111.1	VTRNA1-2	misc_RNA	0	0	0	0.0000	0.0000	0.0000
ENSG00000202112.1	RNU6-690P	snRNA	0	0	0	0.0000	0.0000	0.0000
ENSG00000202119.1	RNU6-302P	snRNA	0	0	0	0.0000	0.0000	0.0000
ENSG00000202124.1	RNY4P3	misc_RNA	0	0	0	0.0000	0.0000	0.0000
ENSG00000202125.1	RNU1-100P	snRNA	0	0	0	0.0000	0.0000	0.0000
ENSG00000202137.1	Y_RNA	misc_RNA	0	0	0	0.0000	0.0000	0.0000
ENSG00000202141.1	Y_RNA	misc_RNA	0	0	0	0.0000	0.0000	0.0000
ENSG00000202142.1	SNORD114-18	snoRNA	0	0	0	0.0000	0.0000	0.0000
ENSG00000202144.1	Y_RNA	misc_RNA	0	0	0	0.0000	0.0000	0.0000
ENSG00000202146.1	Y_RNA	misc_RNA	0	0	0	0.0000	0.0000	0.0000
ENSG00000202147.1	RNA5SP329	rRNA_pseudogene	0	0	0	0.0000	0.0000	0.0000
ENSG00000202150.1	RNU6-407P	snRNA	3	3	0	1.6359	0.4057	0.4386
ENSG00000202151.1	RNY4P28	misc_RNA	0	0	0	0.0000	0.0000	0.0000
ENSG00000202157.1	RNU4-11P	snRNA	0	0	0	0.0000	0.0000	0.0000
ENSG00000202159.1	RNU6-742P	snRNA	0	0	0	0.0000	0.0000	0.0000
ENSG00000202160.1	RNU5E-7P	snRNA	0	0	0	0.0000	0.0000	0.0000
ENSG00000202164.1	RNA5SP117	rRNA_pseudogene	0	0	0	0.0000	0.0000	0.0000
ENSG00000202167.1	RNU1-114P	snRNA	0	0	0	0.0000	0.0000	0.0000
ENSG00000202169.1	Y_RNA	misc_RNA	0	0	0	0.0000	0.0000	0.0000
ENSG00000202172.1	RNU6-1327P	snRNA	0	0	0	0.0000	0.0000	0.0000
ENSG00000202174.1	RNA5-8SP5	rRNA_pseudogene	0	0	0	0.0000	0.0000	0.0000
ENSG00000202175.1	RNA5SP128	rRNA_pseudogene	0	0	0	0.0000	0.0000	0.0000
ENSG00000202177.1	Y_RNA	misc_RNA	0	0	0	0.0000	0.0000	0.0000
ENSG00000202182.1	Y_RNA	misc_RNA	0	0	0	0.0000	0.0000	0.0000
ENSG00000202183.1	AL109931.1	snoRNA	0	0	0	0.0000	0.0000	0.0000
ENSG00000202184.1	RNU6-1283P	snRNA	0	0	0	0.0000	0.0000	0.0000
ENSG00000202186.1	RNU6-497P	snRNA	0	0	0	0.0000	0.0000	0.0000
ENSG00000202187.1	RNA5SP355	rRNA_pseudogene	0	0	0	0.0000	0.0000	0.0000
ENSG00000202188.1	SNORD115-31	snoRNA	0	0	0	0.0000	0.0000	0.0000
ENSG00000202189.1	SNORA30B	snoRNA	0	0	0	0.0000	0.0000	0.0000
ENSG00000202190.1	Y_RNA	misc_RNA	0	0	0	0.0000	0.0000	0.0000
ENSG00000202191.1	SNORD113-1	snoRNA	0	0	0	0.0000	0.0000	0.0000
ENSG00000202193.1	RNA5SP427	rRNA_pseudogene	0	0	0	0.0000	0.0000	0.0000
ENSG00000202195.1	Y_RNA	misc_RNA	0	0	0	0.0000	0.0000	0.0000
ENSG00000202198.1	7SK	misc_RNA	0	0	0	0.0000	0.0000	0.0000
ENSG00000202199.1	RNU1-115P	snRNA	7	5	2	2.4811	0.6153	0.6653
ENSG00000202200.1	Y_RNA	misc_RNA	0	0	0	0.0000	0.0000	0.0000
ENSG00000202205.1	RNU6-1034P	snRNA	0	0	0	0.0000	0.0000	0.0000
ENSG00000202206.1	RNU6-169P	snRNA	0	0	0	0.0000	0.0000	0.0000
ENSG00000202211.1	Y_RNA	misc_RNA	0	0	0	0.0000	0.0000	0.0000
ENSG00000202215.1	RNU1-51P	snRNA	0	0	0	0.0000	0.0000	0.0000
ENSG00000202216.2	AC096587.1	snoRNA	0	0	0	0.0000	0.0000	0.0000
ENSG00000202217.1	RN7SKP47	misc_RNA	0	0	0	0.0000	0.0000	0.0000
ENSG00000202222.1	Y_RNA	misc_RNA	0	0	0	0.0000	0.0000	0.0000
ENSG00000202224.1	Y_RNA	misc_RNA	0	0	0	0.0000	0.0000	0.0000
ENSG00000202225.1	RNA5SP240	rRNA_pseudogene	0	0	0	0.0000	0.0000	0.0000
ENSG00000202227.1	RNU6-282P	snRNA	2	2	0	1.1012	0.2731	0.2953
ENSG00000202229.1	RNU6-1138P	snRNA	0	0	0	0.0000	0.0000	0.0000
ENSG00000202231.1	Z95327.1	snoRNA	0	0	0	0.0000	0.0000	0.0000
ENSG00000202233.2	U3	snoRNA	0	0	0	0.0000	0.0000	0.0000
ENSG00000202237.1	RNU6-53P	snRNA	0	0	0	0.0000	0.0000	0.0000
ENSG00000202239.1	RNU6-396P	snRNA	0	0	0	0.0000	0.0000	0.0000
ENSG00000202240.1	RNU6-737P	snRNA	0	0	0	0.0000	0.0000	0.0000
ENSG00000202241.1	RN7SKP186	misc_RNA	0	0	0	0.0000	0.0000	0.0000
ENSG00000202242.1	RNU6-1276P	snRNA	0	0	0	0.0000	0.0000	0.0000
ENSG00000202245.1	RNU6-728P	snRNA	0	0	0	0.0000	0.0000	0.0000
ENSG00000202249.1	RNU5E-5P	snRNA	0	0	0	0.0000	0.0000	0.0000
ENSG00000202251.1	Y_RNA	misc_RNA	2	1	1	1.0127	0.2511	0.2715
ENSG00000202252.1	SNORD14C	snoRNA	0	0	0	0.0000	0.0000	0.0000
ENSG00000202254.1	Y_RNA	misc_RNA	0	0	0	0.0000	0.0000	0.0000
ENSG00000202255.1	Y_RNA	misc_RNA	0	0	0	0.0000	0.0000	0.0000
ENSG00000202257.1	RNA5S16	rRNA	0	0	0	0.0000	0.0000	0.0000
ENSG00000202259.1	RNU6-1318P	snRNA	0	0	0	0.0000	0.0000	0.0000
ENSG00000202260.1	RN7SKP69	misc_RNA	1	0	1	0.1859	0.0461	0.0499
ENSG00000202261.1	SNORD115-44	snoRNA	0	0	0	0.0000	0.0000	0.0000
ENSG00000202263.1	RNA5SP22	rRNA_pseudogene	0	0	0	0.0000	0.0000	0.0000
ENSG00000202264.1	RNA5SP77	rRNA_pseudogene	0	0	0	0.0000	0.0000	0.0000
ENSG00000202265.1	RNU6-596P	snRNA	0	0	0	0.0000	0.0000	0.0000
ENSG00000202268.2	U3	snoRNA	0	0	0	0.0000	0.0000	0.0000
ENSG00000202269.1	U8	snoRNA	0	0	0	0.0000	0.0000	0.0000
ENSG00000202270.1	SNORD114-12	snoRNA	0	0	0	0.0000	0.0000	0.0000
ENSG00000202272.1	Y_RNA	misc_RNA	0	0	0	0.0000	0.0000	0.0000
ENSG00000202273.1	Y_RNA	misc_RNA	0	0	0	0.0000	0.0000	0.0000
ENSG00000202275.1	AL049840.1	snoRNA	0	0	0	0.0000	0.0000	0.0000
ENSG00000202276.1	Y_RNA	misc_RNA	0	0	0	0.0000	0.0000	0.0000
ENSG00000202279.1	Y_RNA	misc_RNA	2	0	2	1.1573	0.2870	0.3103
ENSG00000202281.1	RNA5SP235	rRNA_pseudogene	0	0	0	0.0000	0.0000	0.0000
ENSG00000202283.1	AL591387.1	snoRNA	0	0	0	0.0000	0.0000	0.0000
ENSG00000202285.1	RNU6-117P	snRNA	0	0	0	0.0000	0.0000	0.0000
ENSG00000202290.1	RNA5SP37	rRNA_pseudogene	2	0	2	0.8725	0.2164	0.2339
ENSG00000202293.1	SNORD114-22	snoRNA	0	0	0	0.0000	0.0000	0.0000
ENSG00000202296.1	RNU6-1335P	snRNA	0	0	0	0.0000	0.0000	0.0000
ENSG00000202297.1	RNY3P12	misc_RNA	0	0	0	0.0000	0.0000	0.0000
ENSG00000202300.1	RNU6-487P	snRNA	0	0	0	0.0000	0.0000	0.0000
ENSG00000202304.1	RNU6-1130P	snRNA	0	0	0	0.0000	0.0000	0.0000
ENSG00000202306.1	Y_RNA	misc_RNA	0	0	0	0.0000	0.0000	0.0000
ENSG00000202308.1	RNU6-996P	snRNA	0	0	0	0.0000	0.0000	0.0000
ENSG00000202309.1	Y_RNA	misc_RNA	0	0	0	0.0000	0.0000	0.0000
ENSG00000202310.1	Y_RNA	misc_RNA	0	0	0	0.0000	0.0000	0.0000
ENSG00000202313.1	RNU1-64P	snRNA	0	0	0	0.0000	0.0000	0.0000
ENSG00000202314.1	SNORD6	snoRNA	20	13	7	15.5370	3.8530	4.1660
ENSG00000202317.1	RNU1-84P	snRNA	0	0	0	0.0000	0.0000	0.0000
ENSG00000202318.1	Y_RNA	misc_RNA	11	7	4	5.6199	1.3937	1.5069
ENSG00000202322.1	RNA5SP131	rRNA_pseudogene	0	0	0	0.0000	0.0000	0.0000
ENSG00000202324.1	RNA5SP366	rRNA_pseudogene	1	0	1	0.4611	0.1143	0.1236
ENSG00000202329.1	RNU6-609P	snRNA	0	0	0	0.0000	0.0000	0.0000
ENSG00000202331.1	RNA5SP167	rRNA_pseudogene	0	0	0	0.0000	0.0000	0.0000
ENSG00000202332.1	Y_RNA	misc_RNA	0	0	0	0.0000	0.0000	0.0000
ENSG00000202334.1	RNA5SP238	rRNA_pseudogene	0	0	0	0.0000	0.0000	0.0000
ENSG00000202335.1	AC002350.1	snoRNA	0	0	0	0.0000	0.0000	0.0000
ENSG00000202336.1	RNU6-359P	snRNA	0	0	0	0.0000	0.0000	0.0000
ENSG00000202337.1	RNU6-8	snRNA	9	6	3	4.7700	1.1829	1.2790
ENSG00000202339.1	RNU4-45P	snRNA	0	0	0	0.0000	0.0000	0.0000
ENSG00000202341.1	RNU6-1051P	snRNA	0	0	0	0.0000	0.0000	0.0000
ENSG00000202343.1	AL078581.1	snoRNA	22	13	25	9.2416	2.2918	2.4780
ENSG00000202344.1	RN7SKP208	misc_RNA	0	0	0	0.0000	0.0000	0.0000
ENSG00000202345.1	Y_RNA	misc_RNA	0	0	0	0.0000	0.0000	0.0000
ENSG00000202347.1	RNU1-16P	snRNA	1	1	0	0.3458	0.0858	0.0927
ENSG00000202350.1	RNU6-326P	snRNA	1	0	1	0.5300	0.1314	0.1421
ENSG00000202351.1	RN7SKP204	misc_RNA	0	0	0	0.0000	0.0000	0.0000
ENSG00000202354.1	RNY3	misc_RNA	0	0	0	0.0000	0.0000	0.0000
ENSG00000202356.1	RNA5SP277	rRNA_pseudogene	0	0	0	0.0000	0.0000	0.0000
ENSG00000202357.1	Y_RNA	misc_RNA	0	0	0	0.0000	0.0000	0.0000
ENSG00000202358.1	RNU6-652P	snRNA	5	1	4	2.6500	0.6572	0.7106
ENSG00000202360.1	RN7SKP249	misc_RNA	0	0	0	0.0000	0.0000	0.0000
ENSG00000202361.1	Y_RNA	misc_RNA	2	0	2	1.1457	0.2841	0.3072
ENSG00000202363.1	SNORA62	snoRNA	0	0	0	0.0000	0.0000	0.0000
ENSG00000202368.1	Y_RNA	misc_RNA	0	0	0	0.0000	0.0000	0.0000
ENSG00000202373.1	SNORD115-43	snoRNA	0	0	0	0.0000	0.0000	0.0000
ENSG00000202374.1	SNORA62	snoRNA	0	0	0	0.0000	0.0000	0.0000
ENSG00000202377.1	SNORA25B	snoRNA	0	0	0	0.0000	0.0000	0.0000
ENSG00000202379.1	SNORA70	snoRNA	0	0	0	0.0000	0.0000	0.0000
ENSG00000202380.1	RNU1-55P	snRNA	0	0	0	0.0000	0.0000	0.0000
ENSG00000202382.1	Y_RNA	misc_RNA	2	1	1	1.1120	0.2758	0.2982
ENSG00000202383.1	RNA5SP279	rRNA_pseudogene	0	0	0	0.0000	0.0000	0.0000
ENSG00000202385.1	Y_RNA	misc_RNA	1	1	0	0.4726	0.1172	0.1267
ENSG00000202386.1	RNA5SP211	rRNA_pseudogene	0	0	0	0.0000	0.0000	0.0000
ENSG00000202388.1	Y_RNA	misc_RNA	0	0	0	0.0000	0.0000	0.0000
ENSG00000202389.1	SNORA70	snoRNA	0	0	0	0.0000	0.0000	0.0000
ENSG00000202392.1	RN7SKP292	misc_RNA	0	0	0	0.0000	0.0000	0.0000
ENSG00000202395.1	RN7SKP1	misc_RNA	0	0	0	0.0000	0.0000	0.0000
ENSG00000202398.1	RNU6-61P	snRNA	0	0	0	0.0000	0.0000	0.0000
ENSG00000202399.1	Y_RNA	misc_RNA	6	1	5	3.0111	0.7467	0.8074
ENSG00000202400.1	SNORD82	snoRNA	0	0	0	0.0000	0.0000	0.0000
ENSG00000202402.1	Y_RNA	misc_RNA	0	0	0	0.0000	0.0000	0.0000
ENSG00000202406.1	RN7SKP187	misc_RNA	0	0	0	0.0000	0.0000	0.0000
ENSG00000202407.1	Y_RNA	misc_RNA	0	0	0	0.0000	0.0000	0.0000
ENSG00000202408.2	RNVU1-21	snRNA	0	0	0	0.0000	0.0000	0.0000
ENSG00000202410.1	Y_RNA	misc_RNA	1	0	1	0.5560	0.1379	0.1491
ENSG00000202411.1	RNA5SP259	rRNA_pseudogene	0	0	0	0.0000	0.0000	0.0000
ENSG00000202412.1	RNY3P13	misc_RNA	0	0	0	0.0000	0.0000	0.0000
ENSG00000202414.1	Y_RNA	misc_RNA	0	0	0	0.0000	0.0000	0.0000
ENSG00000202415.1	RN7SKP269	misc_RNA	4	3	1	0.7111	0.1763	0.1907
ENSG00000202417.1	Y_RNA	misc_RNA	0	0	0	0.0000	0.0000	0.0000
ENSG00000202422.1	RNA5SP30	rRNA_pseudogene	0	0	0	0.0000	0.0000	0.0000
ENSG00000202423.1	RNU6-827P	snRNA	0	0	0	0.0000	0.0000	0.0000
ENSG00000202427.1	RNU6-744P	snRNA	0	1	0	0.0000	0.0000	0.0000
ENSG00000202428.1	RNU6-108P	snRNA	0	0	0	0.0000	0.0000	0.0000
ENSG00000202429.1	RNU4-48P	snRNA	1	0	1	0.3116	0.0773	0.0835
ENSG00000202430.1	RNA5SP88	rRNA_pseudogene	0	0	0	0.0000	0.0000	0.0000
ENSG00000202431.1	RNU6-438P	snRNA	0	0	0	0.0000	0.0000	0.0000
ENSG00000202433.1	RNU6-54P	snRNA	2	1	1	1.0600	0.2629	0.2842
ENSG00000202434.1	AC010746.1	snoRNA	2	2	1	0.8279	0.2053	0.2220
ENSG00000202438.1	Y_RNA	misc_RNA	0	0	0	0.0000	0.0000	0.0000
ENSG00000202440.1	SNORD42	snoRNA	0	0	0	0.0000	0.0000	0.0000
ENSG00000202441.2	RNY4P10	misc_RNA	10	3	7	5.9073	1.4649	1.5839
ENSG00000202444.1	RNU5E-6P	snRNA	0	0	0	0.0000	0.0000	0.0000
ENSG00000202445.1	RNU6-669P	snRNA	1	1	0	0.5300	0.1314	0.1421
ENSG00000202449.1	SNORA63	snoRNA	2	0	2	0.9221	0.2287	0.2472
ENSG00000202459.1	Y_RNA	misc_RNA	0	0	0	0.0000	0.0000	0.0000
ENSG00000202461.1	Y_RNA	misc_RNA	2	0	2	1.0037	0.2489	0.2691
ENSG00000202468.1	RNU4-17P	snRNA	0	0	0	0.0000	0.0000	0.0000
ENSG00000202469.1	Y_RNA	misc_RNA	0	0	0	0.0000	0.0000	0.0000
ENSG00000202470.1	Y_RNA	misc_RNA	0	0	0	0.0000	0.0000	0.0000
ENSG00000202471.1	RNU4-20P	snRNA	0	0	0	0.0000	0.0000	0.0000
ENSG00000202472.1	RNA5SP248	rRNA_pseudogene	0	0	0	0.0000	0.0000	0.0000
ENSG00000202473.1	RN7SKP81	misc_RNA	0	0	0	0.0000	0.0000	0.0000
ENSG00000202474.1	RNA5SP283	rRNA_pseudogene	0	1	1	0.0000	0.0000	0.0000
ENSG00000202476.1	Y_RNA	misc_RNA	0	0	0	0.0000	0.0000	0.0000
ENSG00000202478.1	RNU6-81P	snRNA	0	0	0	0.0000	0.0000	0.0000
ENSG00000202479.1	SNORD14	snoRNA	0	0	0	0.0000	0.0000	0.0000
ENSG00000202485.1	RNU6-499P	snRNA	0	0	0	0.0000	0.0000	0.0000
ENSG00000202490.1	RNU6-597P	snRNA	0	0	0	0.0000	0.0000	0.0000
ENSG00000202491.1	RNU6-716P	snRNA	0	0	0	0.0000	0.0000	0.0000
ENSG00000202495.1	Y_RNA	misc_RNA	0	0	0	0.0000	0.0000	0.0000
ENSG00000202497.1	RNU6-898P	snRNA	0	0	0	0.0000	0.0000	0.0000
ENSG00000202498.1	SNORD116	snoRNA	0	0	0	0.0000	0.0000	0.0000
ENSG00000202499.1	SNORD115-36	snoRNA	0	0	0	0.0000	0.0000	0.0000
ENSG00000202502.1	RNA5SP151	rRNA_pseudogene	1	1	0	0.4847	0.1202	0.1300
ENSG00000202503.1	SNORD34	snoRNA	0	0	0	0.0000	0.0000	0.0000
ENSG00000202508.1	Y_RNA	misc_RNA	0	0	0	0.0000	0.0000	0.0000
ENSG00000202512.1	RN7SKP230	misc_RNA	0	0	0	0.0000	0.0000	0.0000
ENSG00000202513.1	RNU6-805P	snRNA	0	0	0	0.0000	0.0000	0.0000
ENSG00000202514.1	Y_RNA	misc_RNA	0	0	0	0.0000	0.0000	0.0000
ENSG00000202515.1	VTRNA1-3	misc_RNA	3	1	2	1.9116	0.4741	0.5126
ENSG00000202517.1	AC099331.1	snoRNA	0	0	0	0.0000	0.0000	0.0000
ENSG00000202521.1	RNA5S7	rRNA	0	0	0	0.0000	0.0000	0.0000
ENSG00000202522.1	Y_RNA	misc_RNA	24	12	12	12.0446	2.9869	3.2296
ENSG00000202523.1	Y_RNA	misc_RNA	0	0	0	0.0000	0.0000	0.0000
ENSG00000202526.1	RNA5S13	rRNA	0	0	0	0.0000	0.0000	0.0000
ENSG00000202528.1	RNU6-650P	snRNA	0	0	0	0.0000	0.0000	0.0000
ENSG00000202529.1	SNORD18B	snoRNA	0	0	0	0.0000	0.0000	0.0000
ENSG00000202532.1	RNU6-395P	snRNA	0	49	55	0.0000	0.0000	0.0000
ENSG00000202533.1	Y_RNA	misc_RNA	17	5	12	8.6853	2.1539	2.3288
ENSG00000202534.1	RNU6-1329P	snRNA	0	0	0	0.0000	0.0000	0.0000
ENSG00000202536.2	Y_RNA	misc_RNA	0	0	0	0.0000	0.0000	0.0000
ENSG00000202537.1	U8	snoRNA	0	0	0	0.0000	0.0000	0.0000
ENSG00000202538.1	RNU4-2	snRNA	7	3	4	2.8154	0.6982	0.7549
ENSG00000202542.1	Y_RNA	misc_RNA	0	0	0	0.0000	0.0000	0.0000
ENSG00000202560.4	MIR539	miRNA	0	0	0	0.0000	0.0000	0.0000
ENSG00000202566.4	MIR421	miRNA	0	0	0	0.0000	0.0000	0.0000
ENSG00000202569.4	MIR146B	miRNA	0	0	0	0.0000	0.0000	0.0000
ENSG00000202601.4	MIR582	miRNA	0	0	0	0.0000	0.0000	0.0000
ENSG00000202609.4	MIR488	miRNA	0	0	0	0.0000	0.0000	0.0000
ENSG00000203258.3	AC013549.1	lncRNA	2	2	0	0.2004	0.0497	0.0537
ENSG00000203262.3	AL137845.1	processed_pseudogene	0	0	0	0.0000	0.0000	0.0000
ENSG00000203266.3	AL157414.1	lncRNA	1	1	0	0.0360	0.0089	0.0097
ENSG00000203279.4	AL590705.1	lncRNA	10	13	15	0.6633	0.1645	0.1778
ENSG00000203280.4	KIAA1671-AS1	lncRNA	66	233	209	3.9110	0.9699	1.0487
ENSG00000203286.5	Metazoa_SRP	misc_RNA	3	2	1	0.6033	0.1496	0.1618
ENSG00000203288.4	TDRKH-AS1	lncRNA	16	24	27	0.7952	0.1972	0.2132
ENSG00000203307.2	FAM78B-AS1	lncRNA	4	1	3	0.3819	0.0947	0.1024
ENSG00000203321.2	CARNMT1-AS1	lncRNA	7	4	3	0.5521	0.1369	0.1480
ENSG00000203325.3	AL445248.1	lncRNA	1	1	0	0.0909	0.0225	0.0244
ENSG00000203326.12	ZNF525	protein_coding	1035	508	529	8.1600	2.0236	2.1880
ENSG00000203327.2	AC012358.1	lncRNA	2	0	2	0.1238	0.0307	0.0332
ENSG00000203334.4	AP003027.1	lncRNA	0	0	0	0.0000	0.0000	0.0000
ENSG00000203335.5	AC006019.1	lncRNA	1	0	1	0.0140	0.0035	0.0037
ENSG00000203356.2	LINC01562	lncRNA	2	0	2	0.0479	0.0119	0.0129
ENSG00000203362.2	POLH-AS1	lncRNA	21	10	11	1.2029	0.2983	0.3225
ENSG00000203363.2	GPR160P1	processed_pseudogene	0	0	0	0.0000	0.0000	0.0000
ENSG00000203364.2	AL390760.1	lncRNA	51	33	18	7.0542	1.7494	1.8915
ENSG00000203387.2	SNF8P1	processed_pseudogene	0	0	0	0.0000	0.0000	0.0000
ENSG00000203392.3	AC105020.1	lncRNA	35	16	19	0.9002	0.2232	0.2414
ENSG00000203395.2	AC015969.1	lncRNA	0	0	0	0.0000	0.0000	0.0000
ENSG00000203396.3	AL512646.1	processed_pseudogene	0	0	0	0.0000	0.0000	0.0000
ENSG00000203397.2	SHISA5P2	processed_pseudogene	1	0	1	0.1112	0.0276	0.0298
ENSG00000203402.2	AL591503.1	lncRNA	0	0	0	0.0000	0.0000	0.0000
ENSG00000203408.4	OR6C71P	transcribed_unprocessed_pseudogene	0	0	0	0.0000	0.0000	0.0000
ENSG00000203411.3	Metazoa_SRP	misc_RNA	1	0	1	0.1903	0.0472	0.0510
ENSG00000203413.3	ACTBP6	processed_pseudogene	0	0	0	0.0000	0.0000	0.0000
ENSG00000203414.2	BTBD7P1	processed_pseudogene	3	2	1	0.1171	0.0290	0.0314
ENSG00000203416.3	FAM32BP	processed_pseudogene	1	1	0	0.1703	0.0422	0.0457
ENSG00000203434.2	AL353740.1	lncRNA	1	0	1	0.0986	0.0245	0.0264
ENSG00000203435.2	E2F3P2	processed_pseudogene	6	2	4	0.2393	0.0593	0.0642
ENSG00000203436.2	Metazoa_SRP	misc_RNA	0	0	0	0.0000	0.0000	0.0000
ENSG00000203437.3	AC022080.1	processed_pseudogene	0	0	0	0.0000	0.0000	0.0000
ENSG00000203441.2	LINC00449	lncRNA	6	8	14	0.3902	0.0968	0.1046
ENSG00000203446.2	SUGCT-AS1	lncRNA	36	16	20	1.1528	0.2859	0.3091
ENSG00000203462.2	AC093392.1	unprocessed_pseudogene	0	0	0	0.0000	0.0000	0.0000
ENSG00000203469.2	AL354956.1	lncRNA	0	161	167	0.0000	0.0000	0.0000
ENSG00000203472.3	AC009163.1	lncRNA	0	10	12	0.0000	0.0000	0.0000
ENSG00000203485.14	INF2	protein_coding	3591	1787	1805	14.9443	3.7060	4.0071
ENSG00000203489.3	HMGB1P39	processed_pseudogene	1	0	1	0.0644	0.0160	0.0173
ENSG00000203492.4	AL645937.1	transcribed_unprocessed_pseudogene	0	0	0	0.0000	0.0000	0.0000
ENSG00000203496.9	AL133216.1	lncRNA	0	0	0	0.0000	0.0000	0.0000
ENSG00000203497.2	PDCD4-AS1	lncRNA	70	46	35	5.1024	1.2654	1.3681
ENSG00000203498.3	AL139390.1	lncRNA	0	0	0	0.0000	0.0000	0.0000
ENSG00000203499.12	IQANK1	protein_coding	3503	1769	1743	39.8586	9.8845	10.6874
ENSG00000203506.5	RBMS3-AS2	lncRNA	0	0	0	0.0000	0.0000	0.0000
ENSG00000203520.3	AP000753.1	lncRNA	1	1	0	0.0990	0.0245	0.0265
ENSG00000203523.3	TAS2R2P	processed_pseudogene	0	0	0	0.0000	0.0000	0.0000
ENSG00000203527.2	SCUBE1-AS1	lncRNA	0	0	0	0.0000	0.0000	0.0000
ENSG00000203531.3	AC104772.1	processed_pseudogene	0	0	0	0.0000	0.0000	0.0000
ENSG00000203546.7	AL139353.1	protein_coding	14	6	8	0.1795	0.0445	0.0481
ENSG00000203560.3	OR52J1P	unprocessed_pseudogene	0	0	0	0.0000	0.0000	0.0000
ENSG00000203565.3	AL450313.1	lncRNA	0	0	0	0.0000	0.0000	0.0000
ENSG00000203573.4	Metazoa_SRP	misc_RNA	1	0	2	0.1903	0.0472	0.0510
ENSG00000203581.7	OR1F2P	unprocessed_pseudogene	0	0	0	0.0000	0.0000	0.0000
ENSG00000203585.4	LINC02408	lncRNA	36	16	20	0.6911	0.1714	0.1853
ENSG00000203588.3	IGBP1-AS1	lncRNA	3	3	0	0.3139	0.0778	0.0842
ENSG00000203593.3	AC005342.1	lncRNA	3	2	1	0.2705	0.0671	0.0725
ENSG00000203601.3	LINC00970	lncRNA	0	0	0	0.0000	0.0000	0.0000
ENSG00000203605.3	AC096543.1	lncRNA	0	0	0	0.0000	0.0000	0.0000
ENSG00000203616.2	RHOT1P2	processed_pseudogene	1	1	0	0.1703	0.0422	0.0457
ENSG00000203618.6	GP1BB	protein_coding	0	0	0	0.0000	0.0000	0.0000
ENSG00000203620.2	AL354919.1	lncRNA	1	0	1	0.0251	0.0062	0.0067
ENSG00000203635.2	AC144450.1	lncRNA	449	228	221	15.5166	3.8480	4.1605
ENSG00000203643.3	AC012456.1	lncRNA	0	0	0	0.0000	0.0000	0.0000
ENSG00000203644.3	AC083799.1	lncRNA	540	268	272	33.6521	8.3454	9.0232
ENSG00000203645.2	LINC00501	lncRNA	1	1	0	0.0277	0.0069	0.0074
ENSG00000203647.2	AC106827.1	processed_pseudogene	0	0	0	0.0000	0.0000	0.0000
ENSG00000203648.3	AC007618.1	processed_pseudogene	0	0	0	0.0000	0.0000	0.0000
ENSG00000203650.9	LINC01285	lncRNA	23	10	13	0.2042	0.0506	0.0547
ENSG00000203661.4	OR2T5	protein_coding	0	0	0	0.0000	0.0000	0.0000
ENSG00000203663.4	OR2L2	protein_coding	0	0	0	0.0000	0.0000	0.0000
ENSG00000203664.7	OR2W5	transcribed_unprocessed_pseudogene	0	0	0	0.0000	0.0000	0.0000
ENSG00000203666.12	EFCAB2	protein_coding	267	158	157	1.7592	0.4363	0.4717
ENSG00000203667.10	COX20	protein_coding	61	2418	2399	0.7570	0.1877	0.2030
ENSG00000203668.3	CHML	protein_coding	3091	1572	1519	22.5367	5.5889	6.0428
ENSG00000203684.5	IBA57-DT	lncRNA	16	9	7	1.4155	0.3510	0.3796
ENSG00000203685.10	STUM	protein_coding	17	11	6	0.1229	0.0305	0.0330
ENSG00000203688.6	LINC02487	lncRNA	9	4	5	0.1267	0.0314	0.0340
ENSG00000203690.13	TCP10L3	transcribed_unprocessed_pseudogene	1	1	0	0.0065	0.0016	0.0017
ENSG00000203697.12	CAPN8	protein_coding	6615	3306	3310	72.5041	17.9803	19.4408
ENSG00000203705.11	TATDN3	protein_coding	1045	506	539	14.8452	3.6815	3.9805
ENSG00000203706.8	SERTAD4-AS1	lncRNA	255	143	136	14.4034	3.5719	3.8620
ENSG00000203709.12	MIR29B2CHG	lncRNA	833	436	398	2.8211	0.6996	0.7564
ENSG00000203710.12	CR1	protein_coding	71	36	35	0.3200	0.0794	0.0858
ENSG00000203711.14	C6orf99	lncRNA	93	50	43	2.8836	0.7151	0.7732
ENSG00000203721.7	LINC00862	lncRNA	12	4	8	0.1925	0.0477	0.0516
ENSG00000203722.8	RAET1G	protein_coding	8	6	5	0.3053	0.0757	0.0819
ENSG00000203724.11	C1orf53	protein_coding	38	21	17	3.4315	0.8510	0.9201
ENSG00000203727.4	SAMD5	protein_coding	117	57	60	1.0119	0.2509	0.2713
ENSG00000203729.8	LINC00272	lncRNA	2	1	1	0.1533	0.0380	0.0411
ENSG00000203730.3	TEDDM1	protein_coding	3	2	1	0.0667	0.0165	0.0179
ENSG00000203733.5	GJE1	protein_coding	0	0	0	0.0000	0.0000	0.0000
ENSG00000203734.12	ECT2L	protein_coding	31	25	26	0.3790	0.0940	0.1016
ENSG00000203737.5	GPR52	protein_coding	1	0	1	0.0358	0.0089	0.0096
ENSG00000203739.4	PRDX6-AS1	lncRNA	71	34	38	0.8394	0.2082	0.2251
ENSG00000203740.4	METTL11B	protein_coding	75	34	41	1.8317	0.4542	0.4911
ENSG00000203747.12	FCGR3A	protein_coding	13949	6985	6967	290.2926	71.9896	77.8371
ENSG00000203756.8	TMEM244	protein_coding	12	5	7	0.9531	0.2364	0.2556
ENSG00000203757.2	OR6K3	protein_coding	4	3	1	0.1210	0.0300	0.0324
ENSG00000203758.4	OR10T1P	unprocessed_pseudogene	0	0	0	0.0000	0.0000	0.0000
ENSG00000203760.9	CENPW	protein_coding	268	126	142	17.7966	4.4134	4.7719
ENSG00000203761.5	MSTO2P	unprocessed_pseudogene	174	117	100	5.7739	1.4319	1.5482
ENSG00000203772.7	SPRN	protein_coding	12	112	111	0.2176	0.0540	0.0583
ENSG00000203778.8	FAM229B	protein_coding	554	270	284	12.3157	3.0542	3.3022
ENSG00000203780.12	FANK1	protein_coding	574	294	282	9.6908	2.4032	2.5984
ENSG00000203781.4	S100A7P1	unprocessed_pseudogene	0	0	0	0.0000	0.0000	0.0000
ENSG00000203782.6	LORICRIN	protein_coding	0	0	0	0.0000	0.0000	0.0000
ENSG00000203783.5	PRR9	protein_coding	0	0	0	0.0000	0.0000	0.0000
ENSG00000203784.3	LELP1	protein_coding	0	0	0	0.0000	0.0000	0.0000
ENSG00000203785.9	SPRR2E	protein_coding	0	0	0	0.0000	0.0000	0.0000
ENSG00000203786.6	KPRP	protein_coding	0	0	0	0.0000	0.0000	0.0000
ENSG00000203791.15	EEF1AKMT2	protein_coding	489	242	247	4.7656	1.1818	1.2778
ENSG00000203795.3	FAM24A	protein_coding	0	0	0	0.0000	0.0000	0.0000
ENSG00000203797.12	DDO	protein_coding	226	111	115	5.9806	1.4831	1.6036
ENSG00000203799.13	CCDC162P	transcribed_unitary_pseudogene	52	21	31	0.2945	0.0730	0.0790
ENSG00000203801.8	LINC00222	lncRNA	3	2	2	0.0514	0.0127	0.0138
ENSG00000203804.5	ADAMTSL4-AS1	lncRNA	7	138	164	0.2074	0.0514	0.0556
ENSG00000203805.11	PLPP4	protein_coding	2066	1060	1006	31.4785	7.8063	8.4404
ENSG00000203808.12	BVES-AS1	lncRNA	27	12	19	0.2283	0.0566	0.0612
ENSG00000203809.7	LIN28B-AS1	lncRNA	1	0	1	0.0112	0.0028	0.0030
ENSG00000203811.1	H3C14	protein_coding	0	0	0	0.0000	0.0000	0.0000
ENSG00000203812.2	H2AC18	protein_coding	0	0	0	0.0000	0.0000	0.0000
ENSG00000203814.6	H2BC18	protein_coding	58	70	64	1.0292	0.2552	0.2760
ENSG00000203825.4	AC239859.1	unprocessed_pseudogene	0	0	0	0.0000	0.0000	0.0000
ENSG00000203837.5	PNLIPRP3	protein_coding	1	1	0	0.0239	0.0059	0.0064
ENSG00000203852.3	H3C15	protein_coding	0	0	1	0.0000	0.0000	0.0000
ENSG00000203855.7	HSD3BP4	unprocessed_pseudogene	7	4	3	0.3544	0.0879	0.0950
ENSG00000203857.10	HSD3B1	protein_coding	0	0	0	0.0000	0.0000	0.0000
ENSG00000203858.3	HSD3BP2	unprocessed_pseudogene	0	0	0	0.0000	0.0000	0.0000
ENSG00000203859.10	HSD3B2	protein_coding	0	0	0	0.0000	0.0000	0.0000
ENSG00000203864.3	LINC02868	lncRNA	0	0	0	0.0000	0.0000	0.0000
ENSG00000203865.11	ATP1A1-AS1	lncRNA	401	20261	20218	1.7487	0.4337	0.4689
ENSG00000203867.8	RBM20	protein_coding	20	7	13	0.1379	0.0342	0.0370
ENSG00000203870.5	SMIM9	protein_coding	0	0	0	0.0000	0.0000	0.0000
ENSG00000203872.7	C6orf163	protein_coding	33	14	19	0.6409	0.1589	0.1718
ENSG00000203875.13	SNHG5	lncRNA	5349	2702	2647	24.0671	5.9684	6.4532
ENSG00000203876.10	ADD3-AS1	lncRNA	5	33	29	0.0312	0.0077	0.0084
ENSG00000203877.8	RIPPLY2	protein_coding	1	1	0	0.0136	0.0034	0.0036
ENSG00000203878.11	CHIAP2	transcribed_unprocessed_pseudogene	0	0	0	0.0000	0.0000	0.0000
ENSG00000203879.12	GDI1	protein_coding	10772	5435	5337	116.2252	28.8227	31.1639
ENSG00000203880.12	PCMTD2	protein_coding	6747	3414	3333	63.8449	15.8329	17.1189
ENSG00000203883.7	SOX18	protein_coding	255	127	128	7.7664	1.9260	2.0824
ENSG00000203896.10	LIME1	protein_coding	84	48	36	1.8681	0.4633	0.5009
ENSG00000203897.4	SPATA42	lncRNA	1	2	0	0.0899	0.0223	0.0241
ENSG00000203900.2	AL121827.1	lncRNA	0	0	0	0.0000	0.0000	0.0000
ENSG00000203907.9	OOEP	protein_coding	0	0	2	0.0000	0.0000	0.0000
ENSG00000203908.4	KHDC3L	protein_coding	1	1	0	0.0547	0.0136	0.0147
ENSG00000203909.4	DPPA5	protein_coding	0	0	0	0.0000	0.0000	0.0000
ENSG00000203910.9	C1orf146	protein_coding	3	2	1	0.1567	0.0388	0.0420
ENSG00000203914.4	HSP90B3P	processed_pseudogene	3	1	2	0.1086	0.0269	0.0291
ENSG00000203923.5	SPANXN1	protein_coding	0	0	0	0.0000	0.0000	0.0000
ENSG00000203926.5	SPANXA2	protein_coding	0	0	0	0.0000	0.0000	0.0000
ENSG00000203930.12	LINC00632	lncRNA	162	151	126	0.3182	0.0789	0.0853
ENSG00000203933.3	CXorf66	protein_coding	0	0	0	0.0000	0.0000	0.0000
ENSG00000203942.5	C10orf62	protein_coding	0	0	0	0.0000	0.0000	0.0000
ENSG00000203943.9	SAMD13	protein_coding	5	2	3	0.0833	0.0207	0.0223
ENSG00000203950.6	RTL8A	protein_coding	2220	1138	1083	99.5226	24.6806	26.6853
ENSG00000203952.9	CCDC160	protein_coding	59	32	27	1.8692	0.4635	0.5012
ENSG00000203963.11	C1orf141	protein_coding	0	0	0	0.0000	0.0000	0.0000
ENSG00000203965.13	EFCAB7	protein_coding	653	340	325	6.4922	1.6100	1.7408
ENSG00000203970.4	DEFB110	protein_coding	0	0	0	0.0000	0.0000	0.0000
ENSG00000203971.2	AL354984.1	lncRNA	0	0	0	0.0000	0.0000	0.0000
ENSG00000203972.10	GLYATL3	protein_coding	0	0	0	0.0000	0.0000	0.0000
ENSG00000203985.11	LDLRAD1	protein_coding	18	13	5	0.4296	0.1065	0.1152
ENSG00000203987.3	AL772363.1	lncRNA	0	0	1	0.0000	0.0000	0.0000
ENSG00000203989.5	RHOXF2B	protein_coding	0	0	0	0.0000	0.0000	0.0000
ENSG00000203993.6	ARRDC1-AS1	lncRNA	572	302	283	9.1504	2.2692	2.4535
ENSG00000203995.10	ZYG11A	protein_coding	78	43	41	0.9423	0.2337	0.2527
ENSG00000203999.9	LINC01270	lncRNA	42	36	35	0.4403	0.1092	0.1181
ENSG00000204001.9	LCN8	protein_coding	0	0	0	0.0000	0.0000	0.0000
ENSG00000204003.8	AL355987.1	protein_coding	0	0	0	0.0000	0.0000	0.0000
ENSG00000204006.10	C1orf185	protein_coding	2	0	2	0.1014	0.0252	0.0272
ENSG00000204007.7	GLT6D1	protein_coding	0	0	0	0.0000	0.0000	0.0000
ENSG00000204010.3	IFIT1B	protein_coding	5	4	1	0.1438	0.0357	0.0386
ENSG00000204011.5	COL5A1-AS1	lncRNA	1	1	0	0.1002	0.0248	0.0269
ENSG00000204019.5	CT83	protein_coding	0	0	0	0.0000	0.0000	0.0000
ENSG00000204020.6	LIPN	protein_coding	6	1	5	0.0605	0.0150	0.0162
ENSG00000204021.4	LIPK	protein_coding	3	0	3	0.1418	0.0352	0.0380
ENSG00000204022.9	LIPJ	protein_coding	1	1	0	0.0125	0.0031	0.0034
ENSG00000204025.8	TRPC5OS	protein_coding	0	0	0	0.0000	0.0000	0.0000
ENSG00000204031.3	LCN1P2	unprocessed_pseudogene	0	0	0	0.0000	0.0000	0.0000
ENSG00000204033.10	LRIT2	protein_coding	0	0	0	0.0000	0.0000	0.0000
ENSG00000204044.6	SLC12A5-AS1	lncRNA	29	1206	1243	0.7329	0.1817	0.1965
ENSG00000204049.1	AL391421.1	lncRNA	32	48	58	0.9442	0.2341	0.2532
ENSG00000204052.4	LRRC73	protein_coding	250	132	120	6.6843	1.6576	1.7923
ENSG00000204053.6	MYCLP1	processed_pseudogene	0	0	0	0.0000	0.0000	0.0000
ENSG00000204054.14	LINC00963	lncRNA	2637	1907	1909	10.6316	2.6365	2.8507
ENSG00000204055.5	AL158151.1	lncRNA	0	383	382	0.0000	0.0000	0.0000
ENSG00000204060.7	FOXO6	protein_coding	293	141	152	6.9291	1.7184	1.8579
ENSG00000204065.3	TCEAL5	protein_coding	5	12	7	0.2711	0.0672	0.0727
ENSG00000204070.10	SYS1	protein_coding	4685	2396	2346	44.2810	10.9813	11.8732
ENSG00000204071.10	TCEAL6	protein_coding	5	1	4	0.2062	0.0511	0.0553
ENSG00000204072.3	ARMCX7P	transcribed_unprocessed_pseudogene	0	1	1	0.0000	0.0000	0.0000
ENSG00000204084.13	INPP5B	protein_coding	972	589	565	6.1727	1.5308	1.6551
ENSG00000204086.4	RPA4	protein_coding	3	2	1	0.1091	0.0270	0.0292
ENSG00000204091.8	TDRG1	lncRNA	9	5	4	0.1718	0.0426	0.0461
ENSG00000204092.2	LINC00951	lncRNA	1	0	1	0.1024	0.0254	0.0274
ENSG00000204099.12	NEU4	protein_coding	1	0	2	0.0127	0.0032	0.0034
ENSG00000204103.4	MAFB	protein_coding	7840	3841	3999	131.1910	32.5340	35.1767
ENSG00000204104.12	TRAF3IP1	protein_coding	2361	1232	1129	29.0187	7.1963	7.7809
ENSG00000204110.6	LINC02520	lncRNA	1	1	0	0.1056	0.0262	0.0283
ENSG00000204113.6	BMP2KL	processed_pseudogene	0	0	0	0.0000	0.0000	0.0000
ENSG00000204116.11	CHIC1	protein_coding	1322	668	654	10.8042	2.6793	2.8970
ENSG00000204117.2	AL162293.1	lncRNA	1	0	1	0.0266	0.0066	0.0071
ENSG00000204118.2	NAP1L6P	transcribed_processed_pseudogene	3	2	1	0.0832	0.0206	0.0223
ENSG00000204120.16	GIGYF2	protein_coding	7237	3786	3751	26.5191	6.5765	7.1107
ENSG00000204121.2	ECEL1P1	unprocessed_pseudogene	0	0	0	0.0000	0.0000	0.0000
ENSG00000204128.6	C2orf72	protein_coding	22	13	9	0.3268	0.0810	0.0876
ENSG00000204130.14	RUFY2	protein_coding	1989	1704	1741	13.8621	3.4377	3.7169
ENSG00000204131.9	NHSL2	protein_coding	1892	924	969	6.0598	1.5028	1.6248
ENSG00000204136.11	GGTA1	protein_coding	403	218	241	5.0776	1.2592	1.3615
ENSG00000204138.13	PHACTR4	protein_coding	4768	2357	2411	36.9541	9.1642	9.9086
ENSG00000204140.10	CLPSL1	protein_coding	19	9	10	1.3709	0.3400	0.3676
ENSG00000204147.11	ASAH2B	protein_coding	163	78	85	1.4263	0.3537	0.3824
ENSG00000204148.3	LINC00474	lncRNA	0	0	0	0.0000	0.0000	0.0000
ENSG00000204149.13	AGAP6	protein_coding	14	11	11	0.2507	0.0622	0.0672
ENSG00000204152.14	TIMM23B	protein_coding	158	68	90	2.9474	0.7309	0.7903
ENSG00000204160.12	ZDHHC18	protein_coding	2081	1005	1076	21.6142	5.3601	5.7955
ENSG00000204161.14	TMEM273	protein_coding	247	117	130	3.3974	0.8425	0.9109
ENSG00000204165.6	CXorf65	protein_coding	1	1	0	0.0503	0.0125	0.0135
ENSG00000204172.12	AGAP9	protein_coding	112	72	56	2.6609	0.6599	0.7135
ENSG00000204173.11	LRRC37A5P	transcribed_unprocessed_pseudogene	45	24	21	1.0981	0.2723	0.2944
ENSG00000204174.8	NPY4R	protein_coding	0	0	0	0.0000	0.0000	0.0000
ENSG00000204175.5	GPRIN2	protein_coding	3	2	1	0.0864	0.0214	0.0232
ENSG00000204176.14	SYT15	protein_coding	3	3	3	0.0238	0.0059	0.0064
ENSG00000204177.10	BMS1P1	transcribed_unprocessed_pseudogene	131	68	69	1.6288	0.4039	0.4367
ENSG00000204178.11	MACO1	protein_coding	4312	2187	2125	61.4560	15.2405	16.4784
ENSG00000204179.10	PTPN20	protein_coding	108	54	56	1.3592	0.3371	0.3645
ENSG00000204183.3	GDF5-AS1	lncRNA	0	4	3	0.0000	0.0000	0.0000
ENSG00000204186.10	ZDBF2	protein_coding	646	322	324	3.3607	0.8334	0.9011
ENSG00000204188.7	GGNBP1	transcribed_unitary_pseudogene	4	121	114	0.1306	0.0324	0.0350
ENSG00000204193.11	TXNDC8	protein_coding	0	0	0	0.0000	0.0000	0.0000
ENSG00000204194.1	RPL12P1	processed_pseudogene	0	3	3	0.0000	0.0000	0.0000
ENSG00000204195.4	AWAT1	protein_coding	1	0	1	0.0387	0.0096	0.0104
ENSG00000204196.5	RPL12P16	processed_pseudogene	0	0	0	0.0000	0.0000	0.0000
ENSG00000204209.13	DAXX	protein_coding	3251	1586	1666	59.7808	14.8250	16.0292
ENSG00000204217.15	BMPR2	protein_coding	12049	5945	6104	54.6245	13.5463	14.6467
ENSG00000204219.11	TCEA3	protein_coding	4231	2100	2131	65.2898	16.1912	17.5064
ENSG00000204220.12	PFDN6	protein_coding	2050	1185	1208	39.3686	9.7630	10.5560
ENSG00000204227.5	RING1	protein_coding	1921	946	975	60.0882	14.9013	16.1116
ENSG00000204228.4	HSD17B8	protein_coding	650	332	318	31.8320	7.8940	8.5352
ENSG00000204231.11	RXRB	protein_coding	2733	1475	1347	39.7712	9.8629	10.6640
ENSG00000204237.5	OXLD1	protein_coding	1480	738	742	52.4567	13.0087	14.0654
ENSG00000204241.8	LINC02731	lncRNA	11	6	5	0.0911	0.0226	0.0244
ENSG00000204246.3	OR13C3	protein_coding	0	0	0	0.0000	0.0000	0.0000
ENSG00000204248.11	COL11A2	protein_coding	18	7	11	0.1515	0.0376	0.0406
ENSG00000204250.3	LINC00587	lncRNA	0	0	0	0.0000	0.0000	0.0000
ENSG00000204252.14	HLA-DOA	protein_coding	2122	1056	1066	30.1827	7.4850	8.0930
ENSG00000204253.4	HNRNPCP2	processed_pseudogene	584	307	277	37.5921	9.3225	10.0797
ENSG00000204256.14	BRD2	protein_coding	12661	6823	7390	79.8227	19.7952	21.4031
ENSG00000204257.15	HLA-DMA	protein_coding	2924	1488	1481	65.8016	16.3181	17.6436
ENSG00000204261.9	PSMB8-AS1	lncRNA	293	1791	1759	6.8576	1.7006	1.8388
ENSG00000204262.14	COL5A2	protein_coding	148840	74753	74095	1153.2603	285.9969	309.2276
ENSG00000204264.12	PSMB8	protein_coding	3844	2078	2034	62.6417	15.5345	16.7963
ENSG00000204267.16	TAP2	protein_coding	2088	1046	1042	18.5596	4.6026	4.9765
ENSG00000204271.13	SPIN3	protein_coding	1272	671	643	4.5537	1.1293	1.2210
ENSG00000204272.13	NBDY	protein_coding	1893	969	954	42.8380	10.6234	11.4863
ENSG00000204277.1	LINC01993	lncRNA	2	1	1	0.0387	0.0096	0.0104
ENSG00000204278.12	TMEM235	protein_coding	1	0	1	0.0218	0.0054	0.0058
ENSG00000204279.7	PAGE3	protein_coding	1	1	0	0.0747	0.0185	0.0200
ENSG00000204283.4	LINC01973	lncRNA	3	0	3	0.0325	0.0081	0.0087
ENSG00000204287.14	HLA-DRA	protein_coding	46816	23469	23351	2134.1914	529.2579	572.2479
ENSG00000204290.10	BTNL2	protein_coding	0	0	1	0.0000	0.0000	0.0000
ENSG00000204291.11	COL15A1	protein_coding	17890	9008	8906	152.4938	37.8169	40.8887
ENSG00000204296.11	TSBP1	protein_coding	0	0	0	0.0000	0.0000	0.0000
ENSG00000204300.7	TMEM225	protein_coding	0	0	0	0.0000	0.0000	0.0000
ENSG00000204301.6	NOTCH4	protein_coding	1144	582	563	6.6553	1.6505	1.7845
ENSG00000204304.12	PBX2	protein_coding	2615	1278	1339	33.9507	8.4194	9.1033
ENSG00000204305.14	AGER	protein_coding	79	42	40	2.1591	0.5354	0.5789
ENSG00000204308.8	RNF5	protein_coding	1965	978	991	98.8776	24.5207	26.5124
ENSG00000204310.13	AGPAT1	protein_coding	2608	3095	3110	41.1633	10.2081	11.0372
ENSG00000204311.15	PJVK	protein_coding	75	41	37	0.9492	0.2354	0.2545
ENSG00000204314.12	PRRT1	protein_coding	165	87	78	2.9933	0.7423	0.8026
ENSG00000204315.4	FKBPL	protein_coding	505	280	227	21.3402	5.2922	5.7220
ENSG00000204316.13	MRPL38	protein_coding	63	32	42	1.0690	0.2651	0.2866
ENSG00000204323.5	SMIM5	protein_coding	34	24	28	0.3768	0.0934	0.1010
ENSG00000204334.7	ERICH2	protein_coding	54	26	28	5.0954	1.2636	1.3662
ENSG00000204335.4	SP5	protein_coding	6	2	4	0.1641	0.0407	0.0440
ENSG00000204338.8	CYP21A1P	transcribed_unprocessed_pseudogene	569	274	297	16.3714	4.0599	4.3897
ENSG00000204344.14	STK19	protein_coding	751	498	496	10.7712	2.6711	2.8881
ENSG00000204345.1	CD300LD	protein_coding	0	0	0	0.0000	0.0000	0.0000
ENSG00000204347.4	BTBD17	protein_coding	0	0	0	0.0000	0.0000	0.0000
ENSG00000204348.10	DXO	protein_coding	571	421	395	13.0518	3.2367	3.4996
ENSG00000204351.12	SKIV2L	protein_coding	3032	1469	1566	31.1268	7.7191	8.3461
ENSG00000204352.4	C9orf129	transcribed_unprocessed_pseudogene	1	17	27	0.0491	0.0122	0.0132
ENSG00000204356.14	NELFE	protein_coding	4014	1984	2030	85.9969	21.3264	23.0586
ENSG00000204361.10	NXPE2	protein_coding	10	5	5	0.3036	0.0753	0.0814
ENSG00000204362.6	LINC02783	lncRNA	1	1	0	0.0121	0.0030	0.0033
ENSG00000204363.5	SPANXN5	protein_coding	0	0	0	0.0000	0.0000	0.0000
ENSG00000204366.4	ZBTB12	protein_coding	228	154	163	6.5868	1.6335	1.7661
ENSG00000204368.6	AC245047.1	processed_pseudogene	0	0	0	0.0000	0.0000	0.0000
ENSG00000204370.13	SDHD	protein_coding	2223	1134	1089	45.1850	11.2054	12.1156
ENSG00000204371.11	EHMT2	protein_coding	2407	1879	1739	18.7270	4.6441	5.0213
ENSG00000204379.11	XAGE1A	protein_coding	0	0	0	0.0000	0.0000	0.0000
ENSG00000204380.4	PKP4-AS1	lncRNA	33	278	287	0.3186	0.0790	0.0854
ENSG00000204381.12	LAYN	protein_coding	1681	810	871	30.3211	7.5193	8.1301
ENSG00000204382.11	XAGE1B	protein_coding	0	0	0	0.0000	0.0000	0.0000
ENSG00000204385.13	SLC44A4	protein_coding	1350	718	632	22.7244	5.6354	6.0932
ENSG00000204386.12	NEU1	protein_coding	5010	2565	2446	58.9332	14.6148	15.8020
ENSG00000204387.14	SNHG32	lncRNA	263	118	145	8.2814	2.0537	2.2205
ENSG00000204388.7	HSPA1B	protein_coding	9799	5090	4713	220.7791	54.7510	59.1982
ENSG00000204389.10	HSPA1A	protein_coding	11847	5996	5854	279.4688	69.3054	74.9349
ENSG00000204390.10	HSPA1L	protein_coding	417	208	217	8.5619	2.1233	2.2957
ENSG00000204392.11	LSM2	protein_coding	1710	884	826	91.5713	22.7088	24.5533
ENSG00000204393.7	NOL4L-DT	lncRNA	2	2	0	0.1304	0.0323	0.0350
ENSG00000204394.13	VARS1	protein_coding	3493	1781	1713	33.6884	8.3544	9.0330
ENSG00000204396.11	VWA7	protein_coding	88	53	36	1.3591	0.3370	0.3644
ENSG00000204397.8	CARD16	protein_coding	247	123	124	8.2982	2.0579	2.2250
ENSG00000204398.5	AL359649.1	lncRNA	0	0	0	0.0000	0.0000	0.0000
ENSG00000204399.3	AC012306.1	processed_pseudogene	0	0	0	0.0000	0.0000	0.0000
ENSG00000204403.9	CASP12	polymorphic_pseudogene	4	4	0	0.1270	0.0315	0.0341
ENSG00000204406.14	MBD5	protein_coding	1850	976	953	4.2992	1.0662	1.1528
ENSG00000204410.16	MSH5	protein_coding	48	29	37	0.4332	0.1074	0.1161
ENSG00000204414.13	CSHL1	protein_coding	0	0	0	0.0000	0.0000	0.0000
ENSG00000204420.10	MPIG6B	protein_coding	48	24	27	0.9268	0.2298	0.2485
ENSG00000204421.3	LY6G6C	protein_coding	33	13	23	1.8640	0.4622	0.4998
ENSG00000204422.7	AL662899.1	protein_coding	0	0	0	0.0000	0.0000	0.0000
ENSG00000204424.10	LY6G6F	protein_coding	0	0	0	0.0000	0.0000	0.0000
ENSG00000204427.12	ABHD16A	protein_coding	45	26	19	0.6287	0.1559	0.1686
ENSG00000204428.12	LY6G5C	protein_coding	64	32	32	1.3848	0.3434	0.3713
ENSG00000204429.4	AL451142.1	processed_pseudogene	7	4	3	0.5122	0.1270	0.1373
ENSG00000204434.6	POTEKP	unprocessed_pseudogene	661	332	329	10.5030	2.6046	2.8162
ENSG00000204435.15	CSNK2B	protein_coding	592	329	273	8.8628	2.1979	2.3764
ENSG00000204437.7	CTSLP6	unprocessed_pseudogene	0	0	0	0.0000	0.0000	0.0000
ENSG00000204438.11	GPANK1	protein_coding	1348	1077	998	23.5723	5.8457	6.3205
ENSG00000204439.4	C6orf47	protein_coding	1570	1144	1070	35.8866	8.8995	9.6224
ENSG00000204442.4	FAM155A	protein_coding	212	95	117	1.2978	0.3218	0.3480
ENSG00000204444.11	APOM	protein_coding	88	271	287	4.0343	1.0005	1.0817
ENSG00000204446.4	LINC02872	lncRNA	11	6	5	0.1926	0.0478	0.0516
ENSG00000204449.3	TRIM49C	protein_coding	0	0	0	0.0000	0.0000	0.0000
ENSG00000204450.8	TRIM64	protein_coding	0	0	0	0.0000	0.0000	0.0000
ENSG00000204455.7	TRIM51BP	unprocessed_pseudogene	0	0	0	0.0000	0.0000	0.0000
ENSG00000204456.4	AP003122.1	unprocessed_pseudogene	0	0	0	0.0000	0.0000	0.0000
ENSG00000204460.3	LINC01854	lncRNA	0	0	0	0.0000	0.0000	0.0000
ENSG00000204463.13	BAG6	protein_coding	10868	5673	5667	97.4733	24.1724	26.1359
ENSG00000204464.7	C1orf195	lncRNA	2	1	1	0.2029	0.0503	0.0544
ENSG00000204469.13	PRRC2A	protein_coding	13659	6686	6976	84.9344	21.0629	22.7737
ENSG00000204471.3	TBC1D3P4	unprocessed_pseudogene	0	0	0	0.0000	0.0000	0.0000
ENSG00000204472.13	AIF1	protein_coding	1728	893	838	78.8374	19.5509	21.1389
ENSG00000204475.10	NCR3	protein_coding	11	9	5	0.5059	0.1255	0.1357
ENSG00000204478.10	PRAMEF20	protein_coding	0	0	0	0.0000	0.0000	0.0000
ENSG00000204479.4	PRAMEF17	protein_coding	0	0	0	0.0000	0.0000	0.0000
ENSG00000204480.8	PRAMEF19	protein_coding	0	0	0	0.0000	0.0000	0.0000
ENSG00000204481.8	PRAMEF14	protein_coding	0	0	0	0.0000	0.0000	0.0000
ENSG00000204482.11	LST1	protein_coding	404	200	209	10.0442	2.4909	2.6932
ENSG00000204498.11	NFKBIL1	protein_coding	718	460	463	23.2407	5.7635	6.2316
ENSG00000204501.7	PRAMEF15	protein_coding	0	0	0	0.0000	0.0000	0.0000
ENSG00000204505.4	PRAMEF9	protein_coding	0	0	0	0.0000	0.0000	0.0000
ENSG00000204510.5	PRAMEF7	protein_coding	0	0	0	0.0000	0.0000	0.0000
ENSG00000204511.3	MCCD1	protein_coding	0	1	5	0.0000	0.0000	0.0000
ENSG00000204514.10	ZNF814	protein_coding	1141	1256	1281	4.8213	1.1956	1.2927
ENSG00000204516.10	MICB	protein_coding	865	440	443	17.5319	4.3477	4.7009
ENSG00000204518.2	AADACL4	protein_coding	0	0	0	0.0000	0.0000	0.0000
ENSG00000204519.11	ZNF551	protein_coding	351	173	178	4.2324	1.0496	1.1349
ENSG00000204520.14	MICA	protein_coding	1361	665	713	20.0421	4.9702	5.3740
ENSG00000204524.7	ZNF805	protein_coding	1050	527	523	5.8556	1.4521	1.5701
ENSG00000204525.17	HLA-C	protein_coding	83484	42006	41514	1888.4625	468.3196	506.3598
ENSG00000204528.3	PSORS1C3	lncRNA	1	1	0	0.0956	0.0237	0.0256
ENSG00000204529.4	GUCY2EP	transcribed_unprocessed_pseudogene	5	3	2	0.1087	0.0270	0.0291
ENSG00000204531.20	POU5F1	protein_coding	22	17	11	0.4325	0.1072	0.1160
ENSG00000204532.7	ZSCAN5C	protein_coding	0	0	1	0.0000	0.0000	0.0000
ENSG00000204536.14	CCHCR1	protein_coding	849	426	425	9.2912	2.3041	2.4913
ENSG00000204538.4	PSORS1C2	protein_coding	2	3	3	0.1307	0.0324	0.0350
ENSG00000204539.4	CDSN	protein_coding	0	430	416	0.0000	0.0000	0.0000
ENSG00000204540.11	PSORS1C1	protein_coding	137	486	502	1.3439	0.3333	0.3604
ENSG00000204542.3	C6orf15	protein_coding	6	4	2	0.2943	0.0730	0.0789
ENSG00000204544.5	MUC21	protein_coding	1	0	1	0.0150	0.0037	0.0040
ENSG00000204547.7	DEFB122	transcribed_unprocessed_pseudogene	0	0	0	0.0000	0.0000	0.0000
ENSG00000204548.4	DEFB121	protein_coding	0	0	0	0.0000	0.0000	0.0000
ENSG00000204555.3	CFTRP3	processed_pseudogene	0	0	0	0.0000	0.0000	0.0000
ENSG00000204556.4	AL450124.1	unprocessed_pseudogene	1	1	0	0.1607	0.0398	0.0431
ENSG00000204560.10	DHX16	protein_coding	2882	1439	1481	41.0958	10.1914	11.0192
ENSG00000204564.12	C6orf136	protein_coding	637	354	322	17.0558	4.2297	4.5732
ENSG00000204568.12	MRPS18B	protein_coding	4486	2226	2261	144.7928	35.9072	38.8238
ENSG00000204569.10	PPP1R10	protein_coding	4820	2449	2374	52.5456	13.0308	14.0892
ENSG00000204571.6	KRTAP5-11	protein_coding	0	0	0	0.0000	0.0000	0.0000
ENSG00000204572.10	KRTAP5-10	protein_coding	6	2	4	0.2901	0.0719	0.0778
ENSG00000204574.14	ABCF1	protein_coding	6317	3202	3115	79.6790	19.7596	21.3646
ENSG00000204576.12	PRR3	protein_coding	817	404	422	11.9197	2.9560	3.1961
ENSG00000204577.11	LILRB3	protein_coding	230	117	115	3.4912	0.8658	0.9361
ENSG00000204580.13	DDR1	protein_coding	11149	5685	5469	69.3115	17.1886	18.5847
ENSG00000204581.3	ACOXL-AS1	lncRNA	24	10	15	0.2331	0.0578	0.0625
ENSG00000204583.10	LRCOL1	protein_coding	0	0	0	0.0000	0.0000	0.0000
ENSG00000204584.1	AC027801.1	lncRNA	38	24	21	1.0262	0.2545	0.2752
ENSG00000204588.5	LINC01123	lncRNA	38	28	18	0.6540	0.1622	0.1754
ENSG00000204590.12	GNL1	protein_coding	4255	2123	2143	27.9090	6.9211	7.4833
ENSG00000204592.9	HLA-E	protein_coding	37212	18674	18571	722.2079	179.1003	193.6480
ENSG00000204595.1	DPRX	protein_coding	0	0	0	0.0000	0.0000	0.0000
ENSG00000204599.14	TRIM39	protein_coding	848	449	436	11.3796	2.8220	3.0512
ENSG00000204603.7	LINC01257	lncRNA	13	9	4	0.1739	0.0431	0.0466
ENSG00000204604.12	ZNF468	protein_coding	1878	964	914	20.1745	5.0031	5.4095
ENSG00000204610.13	TRIM15	protein_coding	2	1	1	0.0452	0.0112	0.0121
ENSG00000204611.7	ZNF616	protein_coding	947	463	484	10.9444	2.7141	2.9346
ENSG00000204612.1	FOXB2	protein_coding	0	0	0	0.0000	0.0000	0.0000
ENSG00000204613.11	TRIM10	protein_coding	1	0	1	0.0148	0.0037	0.0040
ENSG00000204614.9	TRIM40	protein_coding	0	0	0	0.0000	0.0000	0.0000
ENSG00000204616.11	TRIM31	protein_coding	3	1	2	0.0483	0.0120	0.0130
ENSG00000204618.8	RNF39	protein_coding	220	341	335	5.6556	1.4025	1.5164
ENSG00000204619.8	PPP1R11	protein_coding	5448	2905	2998	127.2471	31.5560	34.1192
ENSG00000204620.3	AC115618.1	lncRNA	20	1826	1623	2.0659	0.5123	0.5539
ENSG00000204622.11	HLA-J	transcribed_unprocessed_pseudogene	9	42	34	0.2623	0.0650	0.0703
ENSG00000204623.9	ZNRD1ASP	transcribed_unitary_pseudogene	314	781	902	1.0153	0.2518	0.2722
ENSG00000204624.8	DISP3	protein_coding	29	22	11	0.2687	0.0666	0.0721
ENSG00000204625.10	HCG9	lncRNA	6	5	1	0.4861	0.1205	0.1303
ENSG00000204628.12	RACK1	protein_coding	77280	38648	38732	763.5099	189.3427	204.7225
ENSG00000204632.11	HLA-G	protein_coding	34	15	23	1.0937	0.2712	0.2932
ENSG00000204634.13	TBC1D8	protein_coding	2481	1243	1286	21.9257	5.4374	5.8790
ENSG00000204637.4	ARPP19P2	processed_pseudogene	1	0	1	0.1688	0.0419	0.0453
ENSG00000204640.1	NMS	protein_coding	0	0	0	0.0000	0.0000	0.0000
ENSG00000204642.14	HLA-F	protein_coding	2755	2009	1933	36.2076	8.9791	9.7085
ENSG00000204644.10	ZFP57	protein_coding	1	0	1	0.0272	0.0067	0.0073
ENSG00000204648.11	SSX9P	transcribed_unprocessed_pseudogene	0	0	0	0.0000	0.0000	0.0000
ENSG00000204650.14	LINC02210	transcribed_unitary_pseudogene	975	493	482	3.5494	0.8802	0.9517
ENSG00000204652.6	RPS26P8	processed_pseudogene	3	1	2	0.4889	0.1212	0.1311
ENSG00000204653.10	ASPDH	protein_coding	19	11	8	0.6410	0.1590	0.1719
ENSG00000204655.12	MOG	protein_coding	0	0	0	0.0000	0.0000	0.0000
ENSG00000204657.4	OR2H2	protein_coding	1	1	0	0.0173	0.0043	0.0046
ENSG00000204658.5	CST9LP2	unprocessed_pseudogene	1	0	1	0.1772	0.0439	0.0475
ENSG00000204659.5	CBY3	protein_coding	19	30	31	1.2413	0.3078	0.3328
ENSG00000204661.9	C5orf60	lncRNA	5	4	2	0.0863	0.0214	0.0232
ENSG00000204662.2	CST9LP1	unprocessed_pseudogene	3	1	2	0.3832	0.0950	0.1027
ENSG00000204663.9	CST13P	transcribed_unprocessed_pseudogene	3	1	2	0.1470	0.0365	0.0394
ENSG00000204666.3	AC010624.1	lncRNA	11	6	6	0.4091	0.1014	0.1097
ENSG00000204669.11	C9orf57	protein_coding	0	0	0	0.0000	0.0000	0.0000
ENSG00000204670.7	IGKV1OR2-3	IG_V_pseudogene	2	2	0	0.3938	0.0977	0.1056
ENSG00000204671.2	IL31	protein_coding	0	0	0	0.0000	0.0000	0.0000
ENSG00000204673.11	AKT1S1	protein_coding	2940	1534	1471	29.0618	7.2070	7.7924
ENSG00000204677.13	FAM153CP	lncRNA	607	274	333	1.3395	0.3322	0.3592
ENSG00000204681.11	GABBR1	protein_coding	1361	687	675	9.1146	2.2603	2.4439
ENSG00000204682.8	MIR1915HG	lncRNA	124	64	60	1.8510	0.4590	0.4963
ENSG00000204684.4	AL133464.1	lncRNA	0	0	0	0.0000	0.0000	0.0000
ENSG00000204685.7	STARD7-AS1	lncRNA	186	127	125	2.3902	0.5928	0.6409
ENSG00000204687.4	MAS1L	protein_coding	3	2	1	0.1350	0.0335	0.0362
ENSG00000204688.9	OR2H1	protein_coding	0	0	0	0.0000	0.0000	0.0000
ENSG00000204694.11	OR11A1	protein_coding	0	0	0	0.0000	0.0000	0.0000
ENSG00000204695.4	OR14J1	protein_coding	0	0	0	0.0000	0.0000	0.0000
ENSG00000204697.3	OR2U1P	unprocessed_pseudogene	0	0	0	0.0000	0.0000	0.0000
ENSG00000204699.4	UBTFL3	unprocessed_pseudogene	0	0	0	0.0000	0.0000	0.0000
ENSG00000204700.5	OR2J2	protein_coding	0	0	0	0.0000	0.0000	0.0000
ENSG00000204701.2	OR2J3	protein_coding	0	0	0	0.0000	0.0000	0.0000
ENSG00000204702.5	OR2J1	protein_coding	0	0	0	0.0000	0.0000	0.0000
ENSG00000204703.5	OR2B3	protein_coding	0	0	0	0.0000	0.0000	0.0000
ENSG00000204704.2	OR2W1	protein_coding	0	0	0	0.0000	0.0000	0.0000
ENSG00000204705.3	UBTFL5	unprocessed_pseudogene	0	0	0	0.0000	0.0000	0.0000
ENSG00000204706.14	MAMDC2-AS1	lncRNA	15	22	20	0.0863	0.0214	0.0231
ENSG00000204709.4	LINC01556	lncRNA	15	9	6	1.8254	0.4527	0.4895
ENSG00000204710.2	SPDYC	protein_coding	4	1	3	0.2289	0.0568	0.0614
ENSG00000204711.9	C9orf135	protein_coding	0	0	0	0.0000	0.0000	0.0000
ENSG00000204713.11	TRIM27	protein_coding	3375	1699	1677	23.9695	5.9442	6.4270
ENSG00000204718.3	CNN2P12	processed_pseudogene	0	0	0	0.0000	0.0000	0.0000
ENSG00000204740.11	MALRD1	protein_coding	29	14	15	0.2122	0.0526	0.0569
ENSG00000204745.4	AC083899.1	unprocessed_pseudogene	97	46	51	1.4495	0.3595	0.3887
ENSG00000204754.3	LINC01951	lncRNA	0	0	0	0.0000	0.0000	0.0000
ENSG00000204758.8	AC008429.1	lncRNA	29	36	28	0.5916	0.1467	0.1586
ENSG00000204764.14	RANBP17	protein_coding	860	440	420	4.4478	1.1030	1.1926
ENSG00000204767.4	INSYN2B	protein_coding	111	64	47	1.1015	0.2731	0.2953
ENSG00000204776.6	IGKV1OR-3	IG_V_pseudogene	0	0	0	0.0000	0.0000	0.0000
ENSG00000204778.4	CBWD4P	unprocessed_pseudogene	30	16	16	2.5974	0.6441	0.6965
ENSG00000204779.2	FOXD4L5	protein_coding	1	1	0	0.0182	0.0045	0.0049
ENSG00000204780.5	IGKV1OR9-1	IG_V_pseudogene	0	0	0	0.0000	0.0000	0.0000
ENSG00000204787.8	REG1CP	transcribed_unprocessed_pseudogene	0	0	0	0.0000	0.0000	0.0000
ENSG00000204789.4	ZNF204P	processed_pseudogene	424	216	208	10.0313	2.4877	2.6897
ENSG00000204790.9	AL163540.1	unprocessed_pseudogene	4	1	3	0.5877	0.1457	0.1576
ENSG00000204791.10	SMPD5	transcribed_unitary_pseudogene	40	49	38	1.2143	0.3011	0.3256
ENSG00000204792.2	LINC01291	lncRNA	1	0	1	0.0136	0.0034	0.0036
ENSG00000204801.7	FGF7P7	unprocessed_pseudogene	0	0	0	0.0000	0.0000	0.0000
ENSG00000204802.3	AL590399.1	lncRNA	0	3	5	0.0000	0.0000	0.0000
ENSG00000204805.9	AL391987.2	protein_coding	1	1	1	0.0405	0.0100	0.0109
ENSG00000204814.5	AL935212.1	lncRNA	0	0	0	0.0000	0.0000	0.0000
ENSG00000204815.10	TTC25	protein_coding	453	242	211	7.6230	1.8904	2.0440
ENSG00000204816.5	FGF7P5	unprocessed_pseudogene	0	0	0	0.0000	0.0000	0.0000
ENSG00000204818.4	ADGRF5P2	transcribed_unprocessed_pseudogene	0	0	0	0.0000	0.0000	0.0000
ENSG00000204822.7	MRPL53	protein_coding	0	0	0	0.0000	0.0000	0.0000
ENSG00000204832.10	ST8SIA6-AS1	lncRNA	4	2	2	0.0814	0.0202	0.0218
ENSG00000204837.5	FGF7P3	transcribed_unprocessed_pseudogene	0	0	0	0.0000	0.0000	0.0000
ENSG00000204839.9	MROH6	protein_coding	335	171	166	4.5190	1.1207	1.2117
ENSG00000204842.18	ATXN2	protein_coding	3572	1948	2023	12.2472	3.0372	3.2839
ENSG00000204843.12	DCTN1	protein_coding	9499	4848	4788	51.6034	12.7971	13.8366
ENSG00000204849.10	SPATA31A1	protein_coding	0	0	0	0.0000	0.0000	0.0000
ENSG00000204850.4	AC011484.1	lncRNA	24	52	63	0.6822	0.1692	0.1829
ENSG00000204851.7	PNMA8B	protein_coding	83	93	81	0.9632	0.2389	0.2583
ENSG00000204852.16	TCTN1	protein_coding	3354	1848	1856	19.8027	4.9109	5.3098
ENSG00000204856.12	FAM216A	protein_coding	355	198	215	7.4508	1.8477	1.9978
ENSG00000204859.13	ZBTB48	protein_coding	777	381	396	9.7702	2.4229	2.6197
ENSG00000204860.5	FAM201A	lncRNA	37	17	20	0.5454	0.1353	0.1462
ENSG00000204866.8	IGFL2	protein_coding	72	21	51	1.6831	0.4174	0.4513
ENSG00000204869.8	IGFL4	protein_coding	6	4	2	0.0913	0.0227	0.0245
ENSG00000204872.4	NAT8B	polymorphic_pseudogene	10	6	4	0.7413	0.1838	0.1988
ENSG00000204873.5	KRTAP9-3	protein_coding	0	0	0	0.0000	0.0000	0.0000
ENSG00000204876.4	AC021218.1	lncRNA	3	2	1	0.0671	0.0166	0.0180
ENSG00000204880.8	KRTAP4-8	protein_coding	0	0	0	0.0000	0.0000	0.0000
ENSG00000204882.4	GPR20	protein_coding	1	1	0	0.0363	0.0090	0.0097
ENSG00000204887.4	KRTAP1-4	protein_coding	0	0	0	0.0000	0.0000	0.0000
ENSG00000204889.10	KRT40	protein_coding	3	2	1	0.0765	0.0190	0.0205
ENSG00000204894.4	AC104692.1	processed_pseudogene	11	4	7	6.9312	1.7189	1.8585
ENSG00000204897.7	KRT25	protein_coding	0	0	0	0.0000	0.0000	0.0000
ENSG00000204899.6	MZT1	protein_coding	1232	634	598	31.3163	7.7661	8.3969
ENSG00000204904.7	LINC01545	lncRNA	6	3	3	0.6396	0.1586	0.1715
ENSG00000204909.8	SPINK9	protein_coding	2	2	1	0.1344	0.0333	0.0360
ENSG00000204913.6	LRRC3C	protein_coding	4	3	1	0.2584	0.0641	0.0693
ENSG00000204915.3	MFFP3	processed_pseudogene	0	0	0	0.0000	0.0000	0.0000
ENSG00000204918.3	PRR20B	protein_coding	0	0	0	0.0000	0.0000	0.0000
ENSG00000204919.1	PRR20A	protein_coding	0	0	0	0.0000	0.0000	0.0000
ENSG00000204920.11	ZNF155	protein_coding	174	252	235	2.8560	0.7083	0.7658
ENSG00000204922.5	UQCC3	protein_coding	162	262	260	3.8327	0.9505	1.0277
ENSG00000204923.4	FBXO48	protein_coding	314	161	153	3.1246	0.7749	0.8378
ENSG00000204928.2	GRXCR2	protein_coding	1	0	1	0.0259	0.0064	0.0069
ENSG00000204929.13	AC007389.1	lncRNA	17	8	12	0.0781	0.0194	0.0209
ENSG00000204930.10	FAM221B	protein_coding	3	1	2	0.0432	0.0107	0.0116
ENSG00000204933.3	CD177P1	unprocessed_pseudogene	0	0	0	0.0000	0.0000	0.0000
ENSG00000204934.10	ATP6V0E2-AS1	lncRNA	140	444	446	2.4125	0.5983	0.6469
ENSG00000204936.10	CD177	protein_coding	63	41	34	1.4441	0.3581	0.3872
ENSG00000204941.14	PSG5	protein_coding	24	16	12	0.2909	0.0722	0.0780
ENSG00000204946.10	ZNF783	protein_coding	1256	659	601	10.5946	2.6274	2.8408
ENSG00000204947.9	ZNF425	protein_coding	550	267	283	8.5104	2.1105	2.2819
ENSG00000204949.9	FAM83A-AS1	lncRNA	11	7	5	0.2468	0.0612	0.0662
ENSG00000204950.4	LRRC10B	protein_coding	180	87	93	4.4968	1.1152	1.2057
ENSG00000204952.3	FBXO47	protein_coding	1	0	1	0.0246	0.0061	0.0066
ENSG00000204954.10	C12orf73	protein_coding	518	5084	5102	6.6236	1.6426	1.7760
ENSG00000204956.5	PCDHGA1	protein_coding	36	16	20	0.3265	0.0810	0.0876
ENSG00000204959.4	ARHGEF34P	unprocessed_pseudogene	208	98	113	2.6028	0.6455	0.6979
ENSG00000204960.7	BLACE	lncRNA	0	0	0	0.0000	0.0000	0.0000
ENSG00000204961.7	PCDHA9	protein_coding	3	2	2	0.0174	0.0043	0.0047
ENSG00000204962.6	PCDHA8	protein_coding	6	4	2	0.0620	0.0154	0.0166
ENSG00000204963.6	PCDHA7	protein_coding	16	9	7	0.1567	0.0389	0.0420
ENSG00000204965.9	PCDHA5	protein_coding	14	9	7	0.1116	0.0277	0.0299
ENSG00000204967.12	PCDHA4	protein_coding	101	49	54	0.4261	0.1057	0.1142
ENSG00000204969.7	PCDHA2	protein_coding	10	7	3	0.0936	0.0232	0.0251
ENSG00000204970.10	PCDHA1	protein_coding	0	2	0	0.0000	0.0000	0.0000
ENSG00000204971.3	AP000812.1	lncRNA	0	0	0	0.0000	0.0000	0.0000
ENSG00000204977.10	TRIM13	protein_coding	1851	1037	974	12.9657	3.2154	3.4765
ENSG00000204978.3	ERICH4	protein_coding	1	0	1	0.0598	0.0148	0.0160
ENSG00000204979.8	MS4A13	protein_coding	0	0	0	0.0000	0.0000	0.0000
ENSG00000204982.3	PRSS3P4	unprocessed_pseudogene	0	0	0	0.0000	0.0000	0.0000
ENSG00000204983.14	PRSS1	protein_coding	0	0	0	0.0000	0.0000	0.0000
ENSG00000204989.3	OR4D8P	unprocessed_pseudogene	0	0	0	0.0000	0.0000	0.0000
ENSG00000204990.3	AC005692.1	lncRNA	0	0	0	0.0000	0.0000	0.0000
ENSG00000204991.11	SPIRE2	protein_coding	184	97	87	1.3045	0.3235	0.3498
ENSG00000204993.3	CRTC1P1	processed_pseudogene	1	0	1	0.0302	0.0075	0.0081
ENSG00000205002.4	AARD	protein_coding	19439	9521	9919	458.5629	113.7190	122.9560
ENSG00000205015.1	LINC02138	lncRNA	0	0	0	0.0000	0.0000	0.0000
ENSG00000205018.2	AC092384.1	lncRNA	2	1	1	0.0626	0.0155	0.0168
ENSG00000205022.9	PABPN1L	protein_coding	1	0	1	0.0432	0.0107	0.0116
ENSG00000205025.8	OR5G5P	transcribed_unprocessed_pseudogene	0	0	0	0.0000	0.0000	0.0000
ENSG00000205029.1	OR5D16	protein_coding	0	0	0	0.0000	0.0000	0.0000
ENSG00000205030.1	OR5L2	protein_coding	0	0	0	0.0000	0.0000	0.0000
ENSG00000205035.8	AC136759.1	transcribed_unprocessed_pseudogene	0	0	0	0.0000	0.0000	0.0000
ENSG00000205037.2	AC134312.1	lncRNA	5	1	4	0.0784	0.0194	0.0210
ENSG00000205038.12	PKHD1L1	protein_coding	5	3	2	0.0138	0.0034	0.0037
ENSG00000205041.1	AC118344.1	lncRNA	15	3	12	0.5818	0.1443	0.1560
ENSG00000205044.5	AC027369.1	transcribed_unprocessed_pseudogene	0	0	0	0.0000	0.0000	0.0000
ENSG00000205045.11	SLFN12L	protein_coding	24	11	13	0.3566	0.0884	0.0956
ENSG00000205054.8	LINC01121	lncRNA	10	23	14	0.1165	0.0289	0.0312
ENSG00000205056.8	LINC02397	lncRNA	4	2	2	0.0213	0.0053	0.0057
ENSG00000205057.6	CLLU1-AS1	lncRNA	2	1	1	0.1653	0.0410	0.0443
ENSG00000205060.11	SLC35B4	protein_coding	1590	789	801	12.9034	3.1999	3.4598
ENSG00000205076.4	LGALS7	protein_coding	5	2	3	0.3567	0.0884	0.0956
ENSG00000205078.6	SYCE1L	protein_coding	13	5	8	0.5979	0.1483	0.1603
ENSG00000205084.11	TMEM231	protein_coding	584	298	286	5.5198	1.3688	1.4800
ENSG00000205085.12	FAM71F2	protein_coding	60	31	30	0.5792	0.1436	0.1553
ENSG00000205086.8	C2orf91	lncRNA	3	1	4	0.0391	0.0097	0.0105
ENSG00000205089.8	CCNI2	protein_coding	98	180	170	1.7471	0.4333	0.4685
ENSG00000205090.9	TMEM240	protein_coding	47	27	20	1.3267	0.3290	0.3557
ENSG00000205097.7	FRG2	protein_coding	0	0	0	0.0000	0.0000	0.0000
ENSG00000205100.2	HSP90AA4P	transcribed_processed_pseudogene	1	0	1	0.0255	0.0063	0.0068
ENSG00000205105.6	COX17P1	processed_pseudogene	0	0	0	0.0000	0.0000	0.0000
ENSG00000205106.4	LINC02716	lncRNA	5	2	3	0.4369	0.1083	0.1171
ENSG00000205108.6	FAM205A	protein_coding	0	0	0	0.0000	0.0000	0.0000
ENSG00000205111.8	CDKL4	protein_coding	1	1	0	0.0273	0.0068	0.0073
ENSG00000205116.3	TMEM88B	protein_coding	0	0	1	0.0000	0.0000	0.0000
ENSG00000205126.2	ACCSL	protein_coding	1	0	1	0.0304	0.0075	0.0081
ENSG00000205129.8	C4orf47	protein_coding	90	44	46	3.7364	0.9266	1.0018
ENSG00000205133.12	TRIQK	protein_coding	6379	3177	3210	53.8243	13.3479	14.4321
ENSG00000205138.4	SDHAF1	protein_coding	572	303	270	28.8339	7.1505	7.7313
ENSG00000205143.3	ARID3C	protein_coding	4	1	3	0.1632	0.0405	0.0438
ENSG00000205155.8	PSENEN	protein_coding	1446	858	833	60.3404	14.9638	16.1793
ENSG00000205174.4	C7orf66	lncRNA	0	0	0	0.0000	0.0000	0.0000
ENSG00000205176.3	REXO1L1P	transcribed_processed_pseudogene	0	0	0	0.0000	0.0000	0.0000
ENSG00000205177.6	C11orf91	protein_coding	0	0	0	0.0000	0.0000	0.0000
ENSG00000205181.7	LINC00654	lncRNA	373	204	180	2.6179	0.6492	0.7020
ENSG00000205184.2	SLC10A5P1	unprocessed_pseudogene	0	0	0	0.0000	0.0000	0.0000
ENSG00000205186.4	FABP9	protein_coding	0	0	0	0.0000	0.0000	0.0000
ENSG00000205189.12	ZBTB10	protein_coding	5747	3020	2794	31.9021	7.9114	8.5540
ENSG00000205208.5	C4orf46	protein_coding	768	401	382	11.9981	2.9754	3.2171
ENSG00000205209.7	SCGB2B2	protein_coding	28	14	14	0.5311	0.1317	0.1424
ENSG00000205212.5	CCDC144NL	transcribed_unprocessed_pseudogene	0	0	0	0.0000	0.0000	0.0000
ENSG00000205213.14	LGR4	protein_coding	1743	898	849	15.5540	3.8572	4.1705
ENSG00000205215.8	KRT17P7	transcribed_unprocessed_pseudogene	0	0	0	0.0000	0.0000	0.0000
ENSG00000205220.12	PSMB10	protein_coding	573	277	296	19.9845	4.9560	5.3585
ENSG00000205221.12	VIT	protein_coding	33	18	15	0.5044	0.1251	0.1353
ENSG00000205231.1	TTLL10-AS1	lncRNA	0	0	2	0.0000	0.0000	0.0000
ENSG00000205236.6	AC105052.1	protein_coding	0	0	0	0.0000	0.0000	0.0000
ENSG00000205238.9	SPDYE2	protein_coding	4	1	3	0.1095	0.0271	0.0294
ENSG00000205240.4	OR7E36P	unprocessed_pseudogene	1	1	0	0.0594	0.0147	0.0159
ENSG00000205250.9	E2F4	protein_coding	2155	1078	1077	33.9850	8.4279	9.1125
ENSG00000205266.10	KRT17P5	transcribed_unprocessed_pseudogene	0	0	0	0.0000	0.0000	0.0000
ENSG00000205267.5	DGAT2L7P	unprocessed_pseudogene	0	0	0	0.0000	0.0000	0.0000
ENSG00000205268.11	PDE7A	protein_coding	3044	1703	1752	16.2839	4.0382	4.3662
ENSG00000205269.6	TMEM170B	protein_coding	866	430	436	5.5237	1.3698	1.4811
ENSG00000205274.3	TRBV20OR9-2	TR_V_gene	10	7	3	1.3632	0.3381	0.3655
ENSG00000205277.9	MUC12	protein_coding	15	19	10	0.0497	0.0123	0.0133
ENSG00000205279.8	CTXN3	protein_coding	0	0	0	0.0000	0.0000	0.0000
ENSG00000205293.5	LINC01602	lncRNA	0	0	0	0.0000	0.0000	0.0000
ENSG00000205300.3	AL356414.1	lncRNA	0	0	0	0.0000	0.0000	0.0000
ENSG00000205301.12	MGAT4D	protein_coding	0	0	0	0.0000	0.0000	0.0000
ENSG00000205302.7	SNX2	protein_coding	11278	5636	5642	74.3173	18.4300	19.9270
ENSG00000205307.12	SAP25	protein_coding	0	0	0	0.0000	0.0000	0.0000
ENSG00000205309.14	NT5M	protein_coding	317	165	152	9.1673	2.2734	2.4581
ENSG00000205312.8	KRT17P4	transcribed_unprocessed_pseudogene	0	0	0	0.0000	0.0000	0.0000
ENSG00000205318.5	GCNT2P1	processed_pseudogene	0	0	0	0.0000	0.0000	0.0000
ENSG00000205323.9	SARNP	protein_coding	3	56	50	0.0506	0.0125	0.0136
ENSG00000205325.3	AC005863.1	lncRNA	3	3	0	0.0494	0.0123	0.0133
ENSG00000205327.3	OR6C68	protein_coding	0	0	0	0.0000	0.0000	0.0000
ENSG00000205328.2	OR6C65	protein_coding	0	0	0	0.0000	0.0000	0.0000
ENSG00000205329.2	OR6C3	protein_coding	0	0	0	0.0000	0.0000	0.0000
ENSG00000205330.4	OR6C1	protein_coding	0	0	0	0.0000	0.0000	0.0000
ENSG00000205331.5	OR6C72P	unprocessed_pseudogene	0	0	0	0.0000	0.0000	0.0000
ENSG00000205333.5	GOLGA2P1	processed_pseudogene	0	0	0	0.0000	0.0000	0.0000
ENSG00000205334.2	LINC01460	lncRNA	2	1	1	0.0397	0.0098	0.0106
ENSG00000205336.14	ADGRG1	protein_coding	4086	2099	1987	25.7149	6.3770	6.8950
ENSG00000205339.10	IPO7	protein_coding	27972	13937	14037	219.8297	54.5156	58.9437
ENSG00000205352.11	PRR13	protein_coding	3761	1990	1771	75.5263	18.7298	20.2511
ENSG00000205356.10	TECPR1	protein_coding	1045	522	540	6.5505	1.6244	1.7564
ENSG00000205358.4	MT1H	protein_coding	12	6	6	0.9412	0.2334	0.2524
ENSG00000205359.10	SLCO6A1	protein_coding	0	0	0	0.0000	0.0000	0.0000
ENSG00000205360.6	MT1CP	transcribed_unprocessed_pseudogene	0	0	0	0.0000	0.0000	0.0000
ENSG00000205361.8	MT1DP	transcribed_unprocessed_pseudogene	1	1	0	0.2969	0.0736	0.0796
ENSG00000205362.11	MT1A	protein_coding	7	2	5	1.0024	0.2486	0.2688
ENSG00000205363.6	INSYN1	protein_coding	110	57	60	0.9490	0.2354	0.2545
ENSG00000205364.4	MT1M	protein_coding	53	27	26	5.8819	1.4586	1.5771
ENSG00000205396.11	LINC00661	lncRNA	0	0	0	0.0000	0.0000	0.0000
ENSG00000205403.13	CFI	protein_coding	212	105	107	2.4662	0.6116	0.6613
ENSG00000205409.3	OR52E6	protein_coding	0	0	0	0.0000	0.0000	0.0000
ENSG00000205412.5	HNRNPA1P20	processed_pseudogene	0	0	0	0.0000	0.0000	0.0000
ENSG00000205413.8	SAMD9	protein_coding	6361	3129	3232	52.6232	13.0500	14.1100
ENSG00000205414.1	AC007608.1	lncRNA	4	3	5	0.0919	0.0228	0.0246
ENSG00000205420.11	KRT6A	protein_coding	57	26	31	1.1047	0.2740	0.2962
ENSG00000205423.11	CNEP1R1	protein_coding	1077	542	535	14.6186	3.6253	3.9197
ENSG00000205424.2	PCBP3-AS1	lncRNA	0	1	0	0.0000	0.0000	0.0000
ENSG00000205426.10	KRT81	protein_coding	116	55	61	3.4102	0.8457	0.9144
ENSG00000205433.4	SNRPGP6	processed_pseudogene	0	0	0	0.0000	0.0000	0.0000
ENSG00000205436.7	EXOC3L4	protein_coding	69	35	34	1.1244	0.2788	0.3015
ENSG00000205439.10	KRTAP12-3	protein_coding	0	0	0	0.0000	0.0000	0.0000
ENSG00000205442.13	IZUMO3	protein_coding	0	0	0	0.0000	0.0000	0.0000
ENSG00000205444.3	KU-MEL-3	lncRNA	17	10	7	0.8435	0.2092	0.2262
ENSG00000205445.3	KRTAP10-2	protein_coding	0	0	0	0.0000	0.0000	0.0000
ENSG00000205449.11	NBPF22P	transcribed_unprocessed_pseudogene	2	1	1	0.0708	0.0175	0.0190
ENSG00000205452.5	AC140658.1	lncRNA	0	0	0	0.0000	0.0000	0.0000
ENSG00000205456.11	TP53TG3D	protein_coding	18	13	10	0.3493	0.0866	0.0937
ENSG00000205457.11	TP53TG3C	protein_coding	0	0	0	0.0000	0.0000	0.0000
ENSG00000205464.12	ATP6AP1L	protein_coding	900	402	498	7.0603	1.7509	1.8931
ENSG00000205476.9	CCDC85C	protein_coding	587	1887	1863	1.8893	0.4685	0.5066
ENSG00000205482.9	SPDYE18	unprocessed_pseudogene	29	13	16	1.5663	0.3884	0.4200
ENSG00000205485.13	AC004980.1	transcribed_unprocessed_pseudogene	38	182	168	0.6929	0.1718	0.1858
ENSG00000205488.9	CALML3-AS1	lncRNA	342	201	196	2.1070	0.5225	0.5650
ENSG00000205494.9	OR52A4P	transcribed_unprocessed_pseudogene	0	0	0	0.0000	0.0000	0.0000
ENSG00000205495.1	OR52J3	protein_coding	0	0	0	0.0000	0.0000	0.0000
ENSG00000205496.1	OR51A2	protein_coding	0	0	0	0.0000	0.0000	0.0000
ENSG00000205497.4	OR51A4	protein_coding	0	0	0	0.0000	0.0000	0.0000
ENSG00000205500.8	MAPRE3-AS1	lncRNA	2	0	2	0.0443	0.0110	0.0119
ENSG00000205502.4	C2CD4B	protein_coding	22	14	8	0.7891	0.1957	0.2116
ENSG00000205517.13	RGL3	protein_coding	146	73	75	1.9060	0.4727	0.5111
ENSG00000205531.13	NAP1L4	protein_coding	9756	4756	5003	106.3966	26.3853	28.5285
ENSG00000205534.6	SMG1P2	transcribed_unprocessed_pseudogene	51	24	27	0.6852	0.1699	0.1837
ENSG00000205537.2	AC121338.1	lncRNA	0	15	12	0.0000	0.0000	0.0000
ENSG00000205542.11	TMSB4X	protein_coding	89465	43982	45483	2979.1883	738.8086	798.8198
ENSG00000205544.4	TMEM256	protein_coding	364	220	144	30.9482	7.6748	8.2982
ENSG00000205549.10	C9orf92	lncRNA	2	1	1	0.1809	0.0449	0.0485
ENSG00000205559.5	CHKB-DT	lncRNA	873	459	415	11.9181	2.9556	3.1956
ENSG00000205560.13	CPT1B	protein_coding	37	19	18	0.5115	0.1269	0.1372
ENSG00000205562.3	AL049775.1	lncRNA	21	22	22	0.2840	0.0704	0.0762
ENSG00000205571.14	SMN2	protein_coding	422	202	221	8.0173	1.9882	2.1497
ENSG00000205572.10	SERF1B	protein_coding	102	49	53	1.8959	0.4702	0.5084
ENSG00000205578.6	POM121B	unprocessed_pseudogene	26	18	8	0.5957	0.1477	0.1597
ENSG00000205579.3	DYNLL1P1	processed_pseudogene	1	0	2	0.2108	0.0523	0.0565
ENSG00000205581.11	HMGN1	protein_coding	6966	3400	3566	78.3502	19.4301	21.0083
ENSG00000205583.13	STAG3L1	transcribed_unprocessed_pseudogene	13	14	10	0.3521	0.0873	0.0944
ENSG00000205584.6	AC211476.1	unprocessed_pseudogene	0	1	1	0.0000	0.0000	0.0000
ENSG00000205592.15	MUC19	protein_coding	19	12	7	0.0365	0.0091	0.0098
ENSG00000205593.12	DENND6B	protein_coding	518	374	377	4.9899	1.2375	1.3380
ENSG00000205596.4	AC068533.1	processed_pseudogene	2	2	0	0.2733	0.0678	0.0733
ENSG00000205609.13	EIF3CL	protein_coding	23	9	29	0.4272	0.1059	0.1146
ENSG00000205611.5	LINC01597	lncRNA	14	5	9	0.1335	0.0331	0.0358
ENSG00000205622.11	AP001042.1	lncRNA	2	107	116	0.0105	0.0026	0.0028
ENSG00000205625.2	AL591499.1	processed_pseudogene	1	1	0	0.0492	0.0122	0.0132
ENSG00000205628.4	LINC01446	lncRNA	167	84	95	1.1937	0.2960	0.3201
ENSG00000205629.12	LCMT1	protein_coding	3391	1714	1677	73.8493	18.3139	19.8015
ENSG00000205632.4	LINC01310	lncRNA	0	0	0	0.0000	0.0000	0.0000
ENSG00000205634.7	LINC00898	lncRNA	4	3	4	0.0455	0.0113	0.0122
ENSG00000205636.3	LINC00583	lncRNA	0	0	0	0.0000	0.0000	0.0000
ENSG00000205639.12	MFSD2B	protein_coding	26	17	9	0.3261	0.0809	0.0874
ENSG00000205642.10	VCX3B	protein_coding	0	0	0	0.0000	0.0000	0.0000
ENSG00000205643.11	CDPF1	protein_coding	538	289	249	18.6377	4.6220	4.9974
ENSG00000205644.5	AC025186.1	processed_pseudogene	1	0	1	0.0652	0.0162	0.0175
ENSG00000205649.9	HTN3	protein_coding	0	0	0	0.0000	0.0000	0.0000
ENSG00000205653.2	AL035696.1	lncRNA	0	0	0	0.0000	0.0000	0.0000
ENSG00000205659.11	LIN52	protein_coding	921	450	471	14.1468	3.5083	3.7932
ENSG00000205667.3	ARSH	protein_coding	13	5	8	0.2970	0.0737	0.0796
ENSG00000205669.4	ACOT6	protein_coding	1	11	10	0.0334	0.0083	0.0089
ENSG00000205670.12	SMIM11A	protein_coding	2	2	1	0.0144	0.0036	0.0039
ENSG00000205678.8	TECRL	protein_coding	0	0	0	0.0000	0.0000	0.0000
ENSG00000205682.2	AC020741.1	lncRNA	1	0	1	0.0273	0.0068	0.0073
ENSG00000205683.11	DPF3	protein_coding	5	2	3	0.0412	0.0102	0.0110
ENSG00000205693.4	MANSC4	protein_coding	10	5	6	0.3402	0.0844	0.0912
ENSG00000205695.3	AL390205.1	processed_pseudogene	0	0	0	0.0000	0.0000	0.0000
ENSG00000205696.4	ADARB2-AS1	lncRNA	0	0	0	0.0000	0.0000	0.0000
ENSG00000205702.11	CYP2D7	polymorphic_pseudogene	44	16	28	0.6493	0.1610	0.1741
ENSG00000205704.7	LINC00634	protein_coding	3	2	1	0.1127	0.0279	0.0302
ENSG00000205707.11	ETFRF1	protein_coding	3360	2125	2104	77.0192	19.1000	20.6514
ENSG00000205710.4	C17orf107	protein_coding	42	128	124	0.6985	0.1732	0.1873
ENSG00000205716.4	FAM183DP	processed_pseudogene	1	0	1	0.1421	0.0352	0.0381
ENSG00000205718.9	MBD3L4	protein_coding	0	0	0	0.0000	0.0000	0.0000
ENSG00000205726.15	ITSN1	protein_coding	3890	1932	1958	10.1435	2.5155	2.7198
ENSG00000205730.6	ITPRIPL2	protein_coding	4091	3092	3016	31.1829	7.7330	8.3612
ENSG00000205740.2	AL359878.1	lncRNA	28	14	14	0.3199	0.0793	0.0858
ENSG00000205744.10	DENND1C	protein_coding	1373	859	987	16.7555	4.1552	4.4927
ENSG00000205745.2	AC083864.1	lncRNA	0	0	0	0.0000	0.0000	0.0000
ENSG00000205746.9	PKD1P4	transcribed_unprocessed_pseudogene	21	12	9	0.1750	0.0434	0.0469
ENSG00000205754.12	SLCO1B7	transcribed_unprocessed_pseudogene	0	0	0	0.0000	0.0000	0.0000
ENSG00000205755.12	CRLF2	protein_coding	4	4	0	0.1144	0.0284	0.0307
ENSG00000205755.12_PAR_Y	CRLF2	protein_coding	0	0	0	0.0000	0.0000	0.0000
ENSG00000205758.12	CRYZL1	protein_coding	1546	792	754	14.1936	3.5199	3.8058
ENSG00000205763.13	RP9P	transcribed_unprocessed_pseudogene	402	190	212	15.9089	3.9452	4.2657
ENSG00000205765.9	C5orf51	protein_coding	5492	2741	2751	55.8456	13.8492	14.9741
ENSG00000205767.4	AL136038.1	processed_pseudogene	0	0	0	0.0000	0.0000	0.0000
ENSG00000205771.6	CATSPER2P1	transcribed_unprocessed_pseudogene	103	921	953	1.4882	0.3691	0.3990
ENSG00000205777.18	GAGE1	protein_coding	0	0	0	0.0000	0.0000	0.0000
ENSG00000205784.4	ARRDC5	protein_coding	8	1	7	0.2722	0.0675	0.0730
ENSG00000205786.8	LINC01531	lncRNA	0	0	0	0.0000	0.0000	0.0000
ENSG00000205790.1	DPP9-AS1	lncRNA	3	304	309	0.0554	0.0137	0.0149
ENSG00000205791.3	LOH12CR2	lncRNA	162	77	86	5.9656	1.4794	1.5996
ENSG00000205794.4	AC098591.2	transcribed_processed_pseudogene	14	13	6	0.4922	0.1221	0.1320
ENSG00000205795.4	CYS1	protein_coding	959	474	485	19.1025	4.7372	5.1220
ENSG00000205808.7	PLPP6	protein_coding	826	469	530	15.7985	3.9179	4.2361
ENSG00000205809.9	KLRC2	protein_coding	4	4	0	0.1513	0.0375	0.0406
ENSG00000205810.9	KLRC3	protein_coding	0	0	0	0.0000	0.0000	0.0000
ENSG00000205822.10	TPTE2P6	transcribed_unprocessed_pseudogene	0	0	0	0.0000	0.0000	0.0000
ENSG00000205830.1	AC024132.1	lncRNA	0	0	0	0.0000	0.0000	0.0000
ENSG00000205832.7	C16orf96	protein_coding	6	2	5	0.0890	0.0221	0.0239
ENSG00000205835.9	GMNC	protein_coding	0	0	0	0.0000	0.0000	0.0000
ENSG00000205837.7	LINC00487	lncRNA	30	13	17	0.7726	0.1916	0.2072
ENSG00000205838.14	TTC23L	protein_coding	256	173	168	3.3206	0.8235	0.8904
ENSG00000205846.4	CLEC6A	protein_coding	4	1	3	0.1378	0.0342	0.0370
ENSG00000205847.6	OR7E91P	transcribed_unprocessed_pseudogene	27	10	17	1.2781	0.3170	0.3427
ENSG00000205853.12	RFPL3S	lncRNA	16	13	12	0.1315	0.0326	0.0352
ENSG00000205856.4	C22orf42	protein_coding	0	0	0	0.0000	0.0000	0.0000
ENSG00000205857.2	NANOGNB	protein_coding	1	1	0	0.0569	0.0141	0.0153
ENSG00000205858.10	LRRC72	protein_coding	0	0	0	0.0000	0.0000	0.0000
ENSG00000205861.13	PCOTH	lncRNA	0	18	19	0.0000	0.0000	0.0000
ENSG00000205863.11	C1QTNF9B	protein_coding	0	16	17	0.0000	0.0000	0.0000
ENSG00000205864.1	KRTAP5-6	protein_coding	1	1	0	0.1011	0.0251	0.0271
ENSG00000205865.4	FAM99B	lncRNA	0	0	0	0.0000	0.0000	0.0000
ENSG00000205866.4	FAM99A	lncRNA	0	0	0	0.0000	0.0000	0.0000
ENSG00000205867.3	KRTAP5-2	protein_coding	0	11	6	0.0000	0.0000	0.0000
ENSG00000205869.2	KRTAP5-1	protein_coding	20	15	6	1.2040	0.2986	0.3228
ENSG00000205871.5	RPS3AP47	processed_pseudogene	14	3	11	1.0024	0.2486	0.2688
ENSG00000205879.5	FAM90A2P	unprocessed_pseudogene	1	1	0	0.0407	0.0101	0.0109
ENSG00000205882.8	DEFB134	protein_coding	0	0	0	0.0000	0.0000	0.0000
ENSG00000205883.2	DEFB135	protein_coding	0	0	0	0.0000	0.0000	0.0000
ENSG00000205884.2	DEFB136	protein_coding	0	0	0	0.0000	0.0000	0.0000
ENSG00000205885.7	C1RL-AS1	lncRNA	108	322	272	1.0050	0.2492	0.2695
ENSG00000205890.3	AC108134.1	lncRNA	56	84	78	1.0375	0.2573	0.2782
ENSG00000205897.5	OR7E136P	unprocessed_pseudogene	0	0	0	0.0000	0.0000	0.0000
ENSG00000205898.3	AC019155.1	processed_pseudogene	0	2	2	0.0000	0.0000	0.0000
ENSG00000205899.4	BHLHA9	protein_coding	1	0	1	0.0413	0.0103	0.0111
ENSG00000205903.7	ZNF316	protein_coding	1789	915	874	13.2412	3.2837	3.5504
ENSG00000205913.7	SRRM2-AS1	lncRNA	155	67	89	1.3408	0.3325	0.3595
ENSG00000205916.11	DAZ4	protein_coding	0	0	0	0.0000	0.0000	0.0000
ENSG00000205918.9	PDPK2P	transcribed_unprocessed_pseudogene	56	24	32	0.7175	0.1779	0.1924
ENSG00000205922.5	ONECUT3	protein_coding	1	1	1	0.0079	0.0020	0.0021
ENSG00000205923.3	CEMP1	protein_coding	0	293	279	0.0000	0.0000	0.0000
ENSG00000205927.5	OLIG2	protein_coding	2	0	2	0.0348	0.0086	0.0093
ENSG00000205929.11	C21orf62	protein_coding	8	5	3	0.1101	0.0273	0.0295
ENSG00000205930.10	C21orf62-AS1	lncRNA	134	70	64	0.5893	0.1461	0.1580
ENSG00000205936.3	PPP1R12BP2	unprocessed_pseudogene	0	0	0	0.0000	0.0000	0.0000
ENSG00000205937.12	RNPS1	protein_coding	6680	3344	3346	44.2188	10.9658	11.8565
ENSG00000205940.8	HSP90AB2P	transcribed_processed_pseudogene	75	34	42	1.8500	0.4588	0.4961
ENSG00000205944.11	DAZ2	protein_coding	0	0	0	0.0000	0.0000	0.0000
ENSG00000205946.1	USP17L6P	unprocessed_pseudogene	0	0	0	0.0000	0.0000	0.0000
ENSG00000205955.4	HSP90AA5P	transcribed_processed_pseudogene	0	0	0	0.0000	0.0000	0.0000
ENSG00000205959.4	AC105345.1	lncRNA	35	19	16	0.4398	0.1091	0.1179
ENSG00000205971.3	AC074389.1	lncRNA	0	0	0	0.0000	0.0000	0.0000
ENSG00000205976.4	AC091951.1	unprocessed_pseudogene	0	0	0	0.0000	0.0000	0.0000
ENSG00000205978.6	NYNRIN	protein_coding	1066	532	534	7.8175	1.9387	2.0961
ENSG00000205981.8	DNAJC19	protein_coding	1788	897	896	28.2759	7.0121	7.5817
ENSG00000205989.1	DEFB109C	unprocessed_pseudogene	0	0	0	0.0000	0.0000	0.0000
ENSG00000206013.2	IFITM5	protein_coding	6	3	3	0.4623	0.1146	0.1240
ENSG00000206014.7	OR7E161P	transcribed_unprocessed_pseudogene	7	3	4	0.3791	0.0940	0.1017
ENSG00000206026.7	SMIM21	protein_coding	0	0	0	0.0000	0.0000	0.0000
ENSG00000206028.1	Z99774.1	lncRNA	0	89	101	0.0000	0.0000	0.0000
ENSG00000206034.1	DEFB109B	unprocessed_pseudogene	0	0	0	0.0000	0.0000	0.0000
ENSG00000206042.1	DEFA7P	unprocessed_pseudogene	0	0	0	0.0000	0.0000	0.0000
ENSG00000206043.7	C18orf63	protein_coding	0	0	0	0.0000	0.0000	0.0000
ENSG00000206047.2	DEFA1	protein_coding	0	0	0	0.0000	0.0000	0.0000
ENSG00000206052.11	DOK6	protein_coding	262	162	121	1.5552	0.3857	0.4170
ENSG00000206053.13	JPT2	protein_coding	10978	5465	5514	130.5709	32.3803	35.0104
ENSG00000206062.4	AL121823.1	lncRNA	0	0	0	0.0000	0.0000	0.0000
ENSG00000206066.3	IGLL3P	unprocessed_pseudogene	0	0	0	0.0000	0.0000	0.0000
ENSG00000206069.6	TMEM211	protein_coding	0	0	0	0.0000	0.0000	0.0000
ENSG00000206072.13	SERPINB11	protein_coding	0	0	0	0.0000	0.0000	0.0000
ENSG00000206073.11	SERPINB4	protein_coding	0	0	0	0.0000	0.0000	0.0000
ENSG00000206075.14	SERPINB5	protein_coding	270	138	132	4.0918	1.0147	1.0972
ENSG00000206077.13	ZDHHC11B	protein_coding	50	30	20	0.5038	0.1249	0.1351
ENSG00000206090.4	AP000350.1	unprocessed_pseudogene	0	0	0	0.0000	0.0000	0.0000
ENSG00000206102.2	KRTAP19-8	protein_coding	0	0	0	0.0000	0.0000	0.0000
ENSG00000206104.2	KRTAP20-3	protein_coding	0	0	0	0.0000	0.0000	0.0000
ENSG00000206105.2	KRTAP20-4	protein_coding	0	0	0	0.0000	0.0000	0.0000
ENSG00000206106.2	KRTAP22-2	protein_coding	0	0	0	0.0000	0.0000	0.0000
ENSG00000206107.2	KRTAP27-1	protein_coding	0	0	0	0.0000	0.0000	0.0000
ENSG00000206113.11	CFAP99	protein_coding	102	58	44	1.1128	0.2760	0.2984
ENSG00000206120.11	EGFEM1P	transcribed_unitary_pseudogene	2	2	0	0.0243	0.0060	0.0065
ENSG00000206127.11	GOLGA8O	protein_coding	10	4	6	0.1058	0.0262	0.0284
ENSG00000206129.4	AC006305.1	lncRNA	1	2	2	0.0178	0.0044	0.0048
ENSG00000206140.11	TMEM191C	protein_coding	18	7	11	0.2374	0.0589	0.0637
ENSG00000206142.9	FAM230H	lncRNA	0	0	0	0.0000	0.0000	0.0000
ENSG00000206144.5	MAPK6P1	processed_pseudogene	0	0	0	0.0000	0.0000	0.0000
ENSG00000206145.8	P2RX6P	transcribed_unprocessed_pseudogene	5	5	0	0.5146	0.1276	0.1380
ENSG00000206147.5	RPL23AP57	processed_pseudogene	0	0	0	0.0000	0.0000	0.0000
ENSG00000206149.10	HERC2P9	transcribed_unprocessed_pseudogene	327	159	177	2.2315	0.5534	0.5984
ENSG00000206150.4	RNASE13	protein_coding	0	1	0	0.0000	0.0000	0.0000
ENSG00000206159.11	GYG2P1	transcribed_unprocessed_pseudogene	0	0	0	0.0000	0.0000	0.0000
ENSG00000206168.1	Z69890.1	processed_pseudogene	24	16	8	4.0149	0.9956	1.0765
ENSG00000206172.8	HBA1	protein_coding	0	0	0	0.0000	0.0000	0.0000
ENSG00000206177.7	HBM	protein_coding	0	0	0	0.0000	0.0000	0.0000
ENSG00000206178.2	HBZP1	unprocessed_pseudogene	0	0	0	0.0000	0.0000	0.0000
ENSG00000206181.6	ELOA2	protein_coding	0	0	0	0.0000	0.0000	0.0000
ENSG00000206187.4	LINC02346	lncRNA	0	0	0	0.0000	0.0000	0.0000
ENSG00000206190.12	ATP10A	protein_coding	2658	1320	1338	7.2900	1.8078	1.9547
ENSG00000206192.7	ANKRD20A9P	unprocessed_pseudogene	0	0	0	0.0000	0.0000	0.0000
ENSG00000206195.11	DUXAP8	lncRNA	271	139	132	1.5195	0.3768	0.4074
ENSG00000206199.11	ANKUB1	protein_coding	0	275	295	0.0000	0.0000	0.0000
ENSG00000206203.5	TSSK2	protein_coding	0	26	19	0.0000	0.0000	0.0000
ENSG00000206228.4	HNRNPA1P4	processed_pseudogene	29	4	25	2.1754	0.5395	0.5833
ENSG00000206249.3	AL359555.1	lncRNA	0	4	1	0.0000	0.0000	0.0000
ENSG00000206260.4	PRR23A	protein_coding	0	0	0	0.0000	0.0000	0.0000
ENSG00000206262.9	FOXL2NB	protein_coding	3	1	2	0.0332	0.0082	0.0089
ENSG00000206337.12	HCP5	lncRNA	2337	1168	1172	11.9851	2.9722	3.2136
ENSG00000206341.7	HLA-H	unprocessed_pseudogene	653	759	794	33.7880	8.3791	9.0597
ENSG00000206344.7	HCG27	lncRNA	21	14	24	0.4595	0.1139	0.1232
ENSG00000206356.5	AC114324.1	processed_pseudogene	0	0	0	0.0000	0.0000	0.0000
ENSG00000206384.10	COL6A6	protein_coding	332	166	166	1.9370	0.4804	0.5194
ENSG00000206417.8	H1-10-AS1	lncRNA	156	1400	1353	2.5868	0.6415	0.6936
ENSG00000206418.4	RAB12	protein_coding	1762	1257	1198	40.3566	10.0080	10.8210
ENSG00000206422.2	LRRC30	protein_coding	0	0	0	0.0000	0.0000	0.0000
ENSG00000206432.4	TMEM200C	protein_coding	149	76	92	0.7943	0.1970	0.2130
ENSG00000206448.3	PPIAP30	processed_pseudogene	0	0	0	0.0000	0.0000	0.0000
ENSG00000206474.8	OR10C1	protein_coding	0	0	0	0.0000	0.0000	0.0000
ENSG00000206503.13	HLA-A	protein_coding	48191	29716	28300	1008.4540	250.0864	270.4002
ENSG00000206527.10	HACD2	protein_coding	7411	3817	3594	80.5284	19.9702	21.5923
ENSG00000206530.11	CFAP44	protein_coding	1016	586	621	4.7383	1.1750	1.2705
ENSG00000206531.10	CD200R1L	protein_coding	1	1	0	0.0332	0.0082	0.0089
ENSG00000206535.8	LNP1	protein_coding	126	60	66	3.7411	0.9277	1.0031
ENSG00000206536.1	OR5K3	protein_coding	0	0	0	0.0000	0.0000	0.0000
ENSG00000206538.9	VGLL3	protein_coding	3171	1610	1561	14.1152	3.5004	3.7847
ENSG00000206549.13	AC109583.1	protein_coding	10	6	4	0.1916	0.0475	0.0514
ENSG00000206552.4	KRBOX1-AS1	lncRNA	0	11	5	0.0000	0.0000	0.0000
ENSG00000206557.6	TRIM71	protein_coding	13	9	4	0.0847	0.0210	0.0227
ENSG00000206559.8	ZCWPW2	protein_coding	64	112	125	0.8007	0.1986	0.2147
ENSG00000206560.11	ANKRD28	protein_coding	5771	3211	3129	29.0239	7.1976	7.7823
ENSG00000206561.13	COLQ	protein_coding	67	42	45	0.9101	0.2257	0.2440
ENSG00000206562.12	METTL6	protein_coding	1085	539	546	8.8216	2.1877	2.3654
ENSG00000206567.10	AC022007.1	lncRNA	480	367	367	5.6440	1.3996	1.5133
ENSG00000206573.9	THUMPD3-AS1	lncRNA	887	1058	1044	5.2766	1.3085	1.4148
ENSG00000206579.9	XKR4	protein_coding	3	0	3	0.0084	0.0021	0.0023
ENSG00000206582.1	Y_RNA	misc_RNA	3	0	3	1.7539	0.4350	0.4703
ENSG00000206583.1	RNU6-1292P	snRNA	0	0	0	0.0000	0.0000	0.0000
ENSG00000206585.1	RNVU1-7	snRNA	0	0	0	0.0000	0.0000	0.0000
ENSG00000206587.1	RNU6-46P	snRNA	0	0	0	0.0000	0.0000	0.0000
ENSG00000206588.1	RNU1-28P	snRNA	0	0	0	0.0000	0.0000	0.0000
ENSG00000206589.1	RNU6-354P	snRNA	2	0	2	1.0600	0.2629	0.2842
ENSG00000206590.1	RNU6-132P	snRNA	0	0	0	0.0000	0.0000	0.0000
ENSG00000206592.1	AC016559.1	snoRNA	0	0	0	0.0000	0.0000	0.0000
ENSG00000206593.1	RNU6-47P	snRNA	1	1	0	0.5300	0.1314	0.1421
ENSG00000206595.1	RNU6-877P	snRNA	0	0	0	0.0000	0.0000	0.0000
ENSG00000206596.1	RNU1-27P	snRNA	0	0	0	0.0000	0.0000	0.0000
ENSG00000206597.1	SNORA57	snoRNA	0	0	0	0.0000	0.0000	0.0000
ENSG00000206598.1	RNU6-1286P	snRNA	0	0	0	0.0000	0.0000	0.0000
ENSG00000206599.1	RNU6-841P	snRNA	0	0	0	0.0000	0.0000	0.0000
ENSG00000206600.1	RNU6-25P	snRNA	1	0	1	0.5300	0.1314	0.1421
ENSG00000206601.1	RNU6-431P	snRNA	5	3	2	2.6500	0.6572	0.7106
ENSG00000206602.1	SNORD58A	snoRNA	0	0	0	0.0000	0.0000	0.0000
ENSG00000206603.1	SNORA22B	snoRNA	2	1	1	0.8219	0.2038	0.2204
ENSG00000206604.1	RNU6-425P	snRNA	0	0	0	0.0000	0.0000	0.0000
ENSG00000206605.1	RNU6-946P	snRNA	0	0	0	0.0000	0.0000	0.0000
ENSG00000206606.1	RNU6-1296P	snRNA	0	0	0	0.0000	0.0000	0.0000
ENSG00000206609.1	SNORD116-11	snoRNA	0	0	0	0.0000	0.0000	0.0000
ENSG00000206611.1	SNORD24	snoRNA	0	0	0	0.0000	0.0000	0.0000
ENSG00000206612.1	SNORA2A	snoRNA	10	7	3	4.2007	1.0417	1.1264
ENSG00000206613.1	RNU6-1336P	snRNA	1	0	1	0.5203	0.1290	0.1395
ENSG00000206614.1	RNU6-477P	snRNA	0	0	0	0.0000	0.0000	0.0000
ENSG00000206615.1	RNU6-338P	snRNA	0	0	0	0.0000	0.0000	0.0000
ENSG00000206616.1	RNU6-741P	snRNA	0	0	0	0.0000	0.0000	0.0000
ENSG00000206617.1	RNY1P5	misc_RNA	0	0	0	0.0000	0.0000	0.0000
ENSG00000206618.1	RNU6-1264P	snRNA	0	0	0	0.0000	0.0000	0.0000
ENSG00000206620.1	SNORD45C	snoRNA	0	0	0	0.0000	0.0000	0.0000
ENSG00000206621.1	SNORD116-14	snoRNA	0	0	0	0.0000	0.0000	0.0000
ENSG00000206622.1	SNORA69	snoRNA	0	0	0	0.0000	0.0000	0.0000
ENSG00000206623.1	RNU6-979P	snRNA	0	0	0	0.0000	0.0000	0.0000
ENSG00000206624.1	RNU1-39P	snRNA	0	0	0	0.0000	0.0000	0.0000
ENSG00000206625.1	RNU6-1	snRNA	1	1	0	0.5300	0.1314	0.1421
ENSG00000206627.1	RNU6-969P	snRNA	0	0	0	0.0000	0.0000	0.0000
ENSG00000206629.1	RNU1-63P	snRNA	1	1	0	0.3458	0.0858	0.0927
ENSG00000206630.1	SNORD60	snoRNA	0	0	0	0.0000	0.0000	0.0000
ENSG00000206631.1	RNU6-657P	snRNA	0	0	0	0.0000	0.0000	0.0000
ENSG00000206633.1	SNORA80B	snoRNA	2	2	0	0.8340	0.2068	0.2236
ENSG00000206634.1	SNORA22	snoRNA	4	4	0	1.6928	0.4198	0.4539
ENSG00000206635.1	RNU6-1062P	snRNA	0	0	0	0.0000	0.0000	0.0000
ENSG00000206636.1	Y_RNA	misc_RNA	0	0	0	0.0000	0.0000	0.0000
ENSG00000206637.1	SNORA70H	snoRNA	0	0	0	0.0000	0.0000	0.0000
ENSG00000206638.1	RNU6-672P	snRNA	0	0	0	0.0000	0.0000	0.0000
ENSG00000206639.1	Y_RNA	misc_RNA	0	0	0	0.0000	0.0000	0.0000
ENSG00000206640.1	Y_RNA	misc_RNA	0	0	0	0.0000	0.0000	0.0000
ENSG00000206641.1	RNU6-449P	snRNA	0	0	0	0.0000	0.0000	0.0000
ENSG00000206644.1	RNU6-1279P	snRNA	0	0	0	0.0000	0.0000	0.0000
ENSG00000206645.1	Y_RNA	misc_RNA	0	0	0	0.0000	0.0000	0.0000
ENSG00000206646.1	Y_RNA	misc_RNA	0	0	0	0.0000	0.0000	0.0000
ENSG00000206647.1	AC007240.1	snoRNA	0	0	0	0.0000	0.0000	0.0000
ENSG00000206649.1	AC104212.1	snoRNA	0	0	0	0.0000	0.0000	0.0000
ENSG00000206650.1	SNORA70G	snoRNA	0	0	0	0.0000	0.0000	0.0000
ENSG00000206651.1	Y_RNA	misc_RNA	1	1	0	0.5019	0.1245	0.1346
ENSG00000206652.1	RNU1-1	snRNA	0	0	0	0.0000	0.0000	0.0000
ENSG00000206654.1	RNU6-608P	snRNA	0	0	0	0.0000	0.0000	0.0000
ENSG00000206656.1	SNORD116-17	snoRNA	0	0	0	0.0000	0.0000	0.0000
ENSG00000206658.1	RNU6-1039P	snRNA	0	0	0	0.0000	0.0000	0.0000
ENSG00000206659.1	Y_RNA	misc_RNA	0	0	0	0.0000	0.0000	0.0000
ENSG00000206660.1	Y_RNA	misc_RNA	0	0	0	0.0000	0.0000	0.0000
ENSG00000206661.1	SNORA70	snoRNA	0	0	0	0.0000	0.0000	0.0000
ENSG00000206662.1	Y_RNA	misc_RNA	0	0	0	0.0000	0.0000	0.0000
ENSG00000206663.1	Y_RNA	misc_RNA	0	0	0	0.0000	0.0000	0.0000
ENSG00000206665.1	RNU6-573P	snRNA	0	0	0	0.0000	0.0000	0.0000
ENSG00000206669.1	Y_RNA	misc_RNA	0	0	0	0.0000	0.0000	0.0000
ENSG00000206671.1	RNU6-471P	snRNA	0	0	0	0.0000	0.0000	0.0000
ENSG00000206672.1	Y_RNA	misc_RNA	0	0	0	0.0000	0.0000	0.0000
ENSG00000206674.1	RNU6-945P	snRNA	10	5	5	5.3000	1.3143	1.4211
ENSG00000206675.1	RNU6-32P	snRNA	0	0	0	0.0000	0.0000	0.0000
ENSG00000206676.1	Y_RNA	misc_RNA	0	0	0	0.0000	0.0000	0.0000
ENSG00000206677.2	Y_RNA	misc_RNA	0	0	0	0.0000	0.0000	0.0000
ENSG00000206678.1	RNU6-144P	snRNA	0	0	0	0.0000	0.0000	0.0000
ENSG00000206679.1	Y_RNA	misc_RNA	0	0	0	0.0000	0.0000	0.0000
ENSG00000206680.1	SNORD21	snoRNA	0	0	0	0.0000	0.0000	0.0000
ENSG00000206681.1	RNU6-730P	snRNA	0	0	0	0.0000	0.0000	0.0000
ENSG00000206682.1	Y_RNA	misc_RNA	1	0	1	0.5401	0.1339	0.1448
ENSG00000206684.1	RNU6-157P	snRNA	0	0	0	0.0000	0.0000	0.0000
ENSG00000206685.1	RNU6-1189P	snRNA	3	1	2	1.5900	0.3943	0.4263
ENSG00000206686.1	RNU6-1036P	snRNA	0	0	0	0.0000	0.0000	0.0000
ENSG00000206687.1	RNU1-109P	snRNA	0	0	0	0.0000	0.0000	0.0000
ENSG00000206688.1	SNORD116-18	snoRNA	0	0	0	0.0000	0.0000	0.0000
ENSG00000206690.1	Y_RNA	misc_RNA	1	0	1	0.5109	0.1267	0.1370
ENSG00000206692.1	Y_RNA	misc_RNA	0	0	0	0.0000	0.0000	0.0000
ENSG00000206693.1	SNORA56	snoRNA	0	0	0	0.0000	0.0000	0.0000
ENSG00000206695.1	RNU6-442P	snRNA	0	0	0	0.0000	0.0000	0.0000
ENSG00000206697.1	RNY1P8	misc_RNA	0	0	0	0.0000	0.0000	0.0000
ENSG00000206698.1	RNU1-73P	snRNA	1	1	0	0.3458	0.0858	0.0927
ENSG00000206699.1	Y_RNA	misc_RNA	0	0	0	0.0000	0.0000	0.0000
ENSG00000206700.1	RNU6-723P	snRNA	0	0	0	0.0000	0.0000	0.0000
ENSG00000206701.1	RNU6-1040P	snRNA	0	0	0	0.0000	0.0000	0.0000
ENSG00000206702.1	RNU1-11P	snRNA	0	0	0	0.0000	0.0000	0.0000
ENSG00000206703.1	RNU6-128P	snRNA	0	0	0	0.0000	0.0000	0.0000
ENSG00000206704.1	Y_RNA	misc_RNA	0	0	0	0.0000	0.0000	0.0000
ENSG00000206705.1	Y_RNA	misc_RNA	0	0	0	0.0000	0.0000	0.0000
ENSG00000206706.1	Y_RNA	misc_RNA	0	0	0	0.0000	0.0000	0.0000
ENSG00000206708.1	RNU6-1227P	snRNA	0	0	0	0.0000	0.0000	0.0000
ENSG00000206709.1	RNU6-1080P	snRNA	0	0	0	0.0000	0.0000	0.0000
ENSG00000206710.1	RNU6-147P	snRNA	0	0	0	0.0000	0.0000	0.0000
ENSG00000206711.1	Y_RNA	misc_RNA	0	0	0	0.0000	0.0000	0.0000
ENSG00000206712.1	RNU6-26P	snRNA	1	1	0	0.5300	0.1314	0.1421
ENSG00000206713.1	Y_RNA	misc_RNA	0	0	0	0.0000	0.0000	0.0000
ENSG00000206714.1	Y_RNA	misc_RNA	0	0	0	0.0000	0.0000	0.0000
ENSG00000206715.1	RNU6-444P	snRNA	5	2	3	2.6255	0.6511	0.7040
ENSG00000206716.1	RNU6-133P	snRNA	0	0	0	0.0000	0.0000	0.0000
ENSG00000206717.1	Y_RNA	misc_RNA	0	0	0	0.0000	0.0000	0.0000
ENSG00000206718.1	RNU6-546P	snRNA	0	0	0	0.0000	0.0000	0.0000
ENSG00000206719.1	Y_RNA	misc_RNA	0	0	0	0.0000	0.0000	0.0000
ENSG00000206721.1	Y_RNA	misc_RNA	0	0	0	0.0000	0.0000	0.0000
ENSG00000206722.1	RNU6-1074P	snRNA	0	0	0	0.0000	0.0000	0.0000
ENSG00000206723.1	RNU6-1056P	snRNA	0	0	0	0.0000	0.0000	0.0000
ENSG00000206724.1	RNU6-756P	snRNA	0	0	0	0.0000	0.0000	0.0000
ENSG00000206725.1	RNU6-1027P	snRNA	0	0	0	0.0000	0.0000	0.0000
ENSG00000206726.1	RNU6-259P	snRNA	0	0	0	0.0000	0.0000	0.0000
ENSG00000206727.1	SNORD116-9	snoRNA	0	0	0	0.0000	0.0000	0.0000
ENSG00000206728.1	Y_RNA	misc_RNA	1	1	0	0.5453	0.1352	0.1462
ENSG00000206729.1	RNU6-1126P	snRNA	0	0	0	0.0000	0.0000	0.0000
ENSG00000206730.1	RNU6-468P	snRNA	0	0	0	0.0000	0.0000	0.0000
ENSG00000206731.1	AC074091.1	snoRNA	1	0	1	0.4465	0.1107	0.1197
ENSG00000206732.1	RNU6-936P	snRNA	0	0	0	0.0000	0.0000	0.0000
ENSG00000206733.1	RNU6-641P	snRNA	0	0	0	0.0000	0.0000	0.0000
ENSG00000206734.1	Y_RNA	misc_RNA	0	0	0	0.0000	0.0000	0.0000
ENSG00000206737.1	RNVU1-18	snRNA	0	0	0	0.0000	0.0000	0.0000
ENSG00000206738.1	Y_RNA	misc_RNA	0	0	0	0.0000	0.0000	0.0000
ENSG00000206739.1	Y_RNA	misc_RNA	3	0	3	1.5190	0.3767	0.4073
ENSG00000206741.1	Y_RNA	misc_RNA	0	0	0	0.0000	0.0000	0.0000
ENSG00000206743.1	RNU6-484P	snRNA	2	2	0	1.0600	0.2629	0.2842
ENSG00000206744.1	RNU6-620P	snRNA	0	0	0	0.0000	0.0000	0.0000
ENSG00000206745.1	RNU6-643P	snRNA	0	0	0	0.0000	0.0000	0.0000
ENSG00000206746.1	RNU6-142P	snRNA	0	0	0	0.0000	0.0000	0.0000
ENSG00000206747.1	RNU6-245P	snRNA	0	0	0	0.0000	0.0000	0.0000
ENSG00000206749.1	RNU6-1083P	snRNA	0	0	0	0.0000	0.0000	0.0000
ENSG00000206751.1	Y_RNA	misc_RNA	0	0	0	0.0000	0.0000	0.0000
ENSG00000206752.1	RNU6-1323P	snRNA	0	0	0	0.0000	0.0000	0.0000
ENSG00000206754.1	SNORD101	snoRNA	12	6	6	9.3222	2.3118	2.4996
ENSG00000206755.1	SNORA30	snoRNA	0	0	0	0.0000	0.0000	0.0000
ENSG00000206756.1	Y_RNA	misc_RNA	0	0	0	0.0000	0.0000	0.0000
ENSG00000206758.1	RNU6-317P	snRNA	0	0	0	0.0000	0.0000	0.0000
ENSG00000206759.1	RNU6-787P	snRNA	0	0	0	0.0000	0.0000	0.0000
ENSG00000206760.1	SNORA6	snoRNA	0	0	0	0.0000	0.0000	0.0000
ENSG00000206762.1	RNU6-418P	snRNA	2	2	0	1.0600	0.2629	0.2842
ENSG00000206763.1	RNU6-10P	snRNA	1	1	0	0.5300	0.1314	0.1421
ENSG00000206764.1	RNU6-152P	snRNA	0	0	0	0.0000	0.0000	0.0000
ENSG00000206765.1	RNU6-203P	snRNA	0	0	0	0.0000	0.0000	0.0000
ENSG00000206766.1	RNU6-435P	snRNA	0	0	0	0.0000	0.0000	0.0000
ENSG00000206767.1	RNU6-949P	snRNA	0	0	0	0.0000	0.0000	0.0000
ENSG00000206768.1	Y_RNA	misc_RNA	0	0	0	0.0000	0.0000	0.0000
ENSG00000206769.1	RNU6-116P	snRNA	0	0	0	0.0000	0.0000	0.0000
ENSG00000206770.1	Y_RNA	misc_RNA	0	0	0	0.0000	0.0000	0.0000
ENSG00000206772.1	RNU6-44P	snRNA	0	0	0	0.0000	0.0000	0.0000
ENSG00000206774.1	RNU6-211P	snRNA	0	0	0	0.0000	0.0000	0.0000
ENSG00000206775.1	SNORD37	snoRNA	0	0	0	0.0000	0.0000	0.0000
ENSG00000206776.1	AC021733.1	snoRNA	0	0	0	0.0000	0.0000	0.0000
ENSG00000206777.1	RNU6-637P	snRNA	0	0	0	0.0000	0.0000	0.0000
ENSG00000206778.1	RNU6-213P	snRNA	1	0	1	0.5453	0.1352	0.1462
ENSG00000206779.1	Y_RNA	misc_RNA	0	0	0	0.0000	0.0000	0.0000
ENSG00000206780.1	SNORA75B	snoRNA	0	0	0	0.0000	0.0000	0.0000
ENSG00000206781.1	Y_RNA	misc_RNA	0	0	0	0.0000	0.0000	0.0000
ENSG00000206782.1	RNU6-224P	snRNA	0	0	0	0.0000	0.0000	0.0000
ENSG00000206784.1	Y_RNA	misc_RNA	0	0	0	0.0000	0.0000	0.0000
ENSG00000206785.1	SNORA15B-2	snoRNA	2	1	1	0.8401	0.2083	0.2253
ENSG00000206786.1	RNU6-701P	snRNA	0	0	0	0.0000	0.0000	0.0000
ENSG00000206787.1	RNU6-76P	snRNA	0	0	0	0.0000	0.0000	0.0000
ENSG00000206788.1	RNU6-629P	snRNA	0	0	0	0.0000	0.0000	0.0000
ENSG00000206790.1	Y_RNA	misc_RNA	0	0	0	0.0000	0.0000	0.0000
ENSG00000206791.1	RNU1-129P	snRNA	0	0	0	0.0000	0.0000	0.0000
ENSG00000206792.1	Y_RNA	misc_RNA	0	0	0	0.0000	0.0000	0.0000
ENSG00000206795.1	Y_RNA	misc_RNA	0	0	0	0.0000	0.0000	0.0000
ENSG00000206796.1	RNU6-811P	snRNA	0	0	0	0.0000	0.0000	0.0000
ENSG00000206797.1	Y_RNA	misc_RNA	1	1	0	0.5671	0.1406	0.1521
ENSG00000206799.1	SNORA32	snoRNA	0	0	0	0.0000	0.0000	0.0000
ENSG00000206800.1	RNY3P7	misc_RNA	0	0	0	0.0000	0.0000	0.0000
ENSG00000206801.1	RNU6-639P	snRNA	0	0	0	0.0000	0.0000	0.0000
ENSG00000206802.1	RNU6-926P	snRNA	0	0	0	0.0000	0.0000	0.0000
ENSG00000206803.1	RNU6-968P	snRNA	0	0	0	0.0000	0.0000	0.0000
ENSG00000206804.1	RNU6-1293P	snRNA	0	0	0	0.0000	0.0000	0.0000
ENSG00000206805.1	Y_RNA	misc_RNA	0	0	0	0.0000	0.0000	0.0000
ENSG00000206806.1	Y_RNA	misc_RNA	0	0	0	0.0000	0.0000	0.0000
ENSG00000206807.1	RNU6-815P	snRNA	0	0	0	0.0000	0.0000	0.0000
ENSG00000206808.1	Y_RNA	misc_RNA	0	0	0	0.0000	0.0000	0.0000
ENSG00000206811.1	SNORA10	snoRNA	0	0	0	0.0000	0.0000	0.0000
ENSG00000206812.1	RNU6-38P	snRNA	0	0	0	0.0000	0.0000	0.0000
ENSG00000206813.1	Y_RNA	misc_RNA	1	0	1	0.5560	0.1379	0.1491
ENSG00000206814.1	Y_RNA	misc_RNA	0	0	0	0.0000	0.0000	0.0000
ENSG00000206815.1	RNU6-483P	snRNA	4	4	0	2.1004	0.5209	0.5632
ENSG00000206816.1	Y_RNA	misc_RNA	1	0	1	0.5560	0.1379	0.1491
ENSG00000206817.1	Y_RNA	misc_RNA	0	0	0	0.0000	0.0000	0.0000
ENSG00000206818.1	RNU6-849P	snRNA	0	0	0	0.0000	0.0000	0.0000
ENSG00000206819.1	RNU6-260P	snRNA	2	0	2	1.0600	0.2629	0.2842
ENSG00000206820.1	RNU1-138P	snRNA	0	0	0	0.0000	0.0000	0.0000
ENSG00000206822.1	Y_RNA	misc_RNA	0	0	0	0.0000	0.0000	0.0000
ENSG00000206824.1	Y_RNA	misc_RNA	2	0	2	1.1120	0.2758	0.2982
ENSG00000206826.1	RNU6-974P	snRNA	0	0	0	0.0000	0.0000	0.0000
ENSG00000206827.1	RNU6-1032P	snRNA	0	0	0	0.0000	0.0000	0.0000
ENSG00000206828.1	RNVU1-30	snRNA	3	3	0	1.0374	0.2573	0.2782
ENSG00000206832.1	RNU6V	snRNA	2	2	0	1.0600	0.2629	0.2842
ENSG00000206833.1	RNU6-20P	snRNA	0	0	0	0.0000	0.0000	0.0000
ENSG00000206834.1	SNORA1	snoRNA	0	0	0	0.0000	0.0000	0.0000
ENSG00000206835.1	RNU1-74P	snRNA	0	0	0	0.0000	0.0000	0.0000
ENSG00000206836.1	RNU6-1029P	snRNA	0	0	0	0.0000	0.0000	0.0000
ENSG00000206838.1	SNORA5A	snoRNA	3	1	2	1.2696	0.3149	0.3404
ENSG00000206839.1	RNU6-746P	snRNA	0	0	0	0.0000	0.0000	0.0000
ENSG00000206840.1	Y_RNA	misc_RNA	0	0	0	0.0000	0.0000	0.0000
ENSG00000206841.1	RNU6-409P	snRNA	0	0	0	0.0000	0.0000	0.0000
ENSG00000206842.1	RNU6-413P	snRNA	0	0	0	0.0000	0.0000	0.0000
ENSG00000206843.1	RNU6-206P	snRNA	0	0	0	0.0000	0.0000	0.0000
ENSG00000206844.1	Y_RNA	misc_RNA	0	0	0	0.0000	0.0000	0.0000
ENSG00000206845.1	RNU6-209P	snRNA	0	0	0	0.0000	0.0000	0.0000
ENSG00000206846.1	Y_RNA	misc_RNA	1	1	0	0.6033	0.1496	0.1618
ENSG00000206847.1	Y_RNA	misc_RNA	0	0	0	0.0000	0.0000	0.0000
ENSG00000206848.1	RNU6-890P	snRNA	3	1	2	1.5900	0.3943	0.4263
ENSG00000206849.1	AC079969.1	snoRNA	0	0	0	0.0000	0.0000	0.0000
ENSG00000206850.1	Y_RNA	misc_RNA	0	0	0	0.0000	0.0000	0.0000
ENSG00000206852.1	RNU6-895P	snRNA	0	0	0	0.0000	0.0000	0.0000
ENSG00000206853.1	AC087698.1	snoRNA	0	0	0	0.0000	0.0000	0.0000
ENSG00000206854.1	RNY3P5	misc_RNA	0	0	0	0.0000	0.0000	0.0000
ENSG00000206855.1	RNU6-571P	snRNA	0	0	0	0.0000	0.0000	0.0000
ENSG00000206857.1	RNU6-214P	snRNA	0	0	0	0.0000	0.0000	0.0000
ENSG00000206858.1	Y_RNA	misc_RNA	0	0	0	0.0000	0.0000	0.0000
ENSG00000206859.1	RNU6-767P	snRNA	1	1	0	0.5300	0.1314	0.1421
ENSG00000206862.1	Y_RNA	misc_RNA	0	0	0	0.0000	0.0000	0.0000
ENSG00000206863.1	RNU5A-6P	snRNA	1	0	1	0.4889	0.1212	0.1311
ENSG00000206864.1	RNU6-207P	snRNA	0	0	0	0.0000	0.0000	0.0000
ENSG00000206865.1	Y_RNA	misc_RNA	0	0	0	0.0000	0.0000	0.0000
ENSG00000206866.1	RNU6-187P	snRNA	0	0	0	0.0000	0.0000	0.0000
ENSG00000206867.1	RNU6-356P	snRNA	0	0	0	0.0000	0.0000	0.0000
ENSG00000206869.1	SNORA70F	snoRNA	2	1	1	0.8401	0.2083	0.2253
ENSG00000206870.1	RNU6-398P	snRNA	0	37	27	0.0000	0.0000	0.0000
ENSG00000206871.1	RNU6-533P	snRNA	0	0	0	0.0000	0.0000	0.0000
ENSG00000206875.1	RNU6-761P	snRNA	0	0	0	0.0000	0.0000	0.0000
ENSG00000206877.1	RNU6-1103P	snRNA	0	0	0	0.0000	0.0000	0.0000
ENSG00000206878.1	AL713899.1	snoRNA	1	1	0	0.4537	0.1125	0.1216
ENSG00000206880.1	RNU6-1310P	snRNA	0	0	0	0.0000	0.0000	0.0000
ENSG00000206881.1	RNU6-190P	snRNA	0	0	0	0.0000	0.0000	0.0000
ENSG00000206882.1	RNA5SP87	rRNA_pseudogene	0	0	0	0.0000	0.0000	0.0000
ENSG00000206885.1	SNORA75	snoRNA	0	0	0	0.0000	0.0000	0.0000
ENSG00000206886.1	SNORA70	snoRNA	0	0	0	0.0000	0.0000	0.0000
ENSG00000206887.1	RNU6-1008P	snRNA	0	0	0	0.0000	0.0000	0.0000
ENSG00000206888.1	RNU6-48P	snRNA	1	1	0	0.5300	0.1314	0.1421
ENSG00000206889.1	RNU6-1200P	snRNA	0	0	0	0.0000	0.0000	0.0000
ENSG00000206891.1	RNU6-217P	snRNA	0	0	0	0.0000	0.0000	0.0000
ENSG00000206892.1	RNU6-42P	snRNA	0	0	0	0.0000	0.0000	0.0000
ENSG00000206895.1	Y_RNA	misc_RNA	0	0	0	0.0000	0.0000	0.0000
ENSG00000206896.1	RNU6-1124P	snRNA	0	0	0	0.0000	0.0000	0.0000
ENSG00000206897.1	SNORA9B	snoRNA	5	0	5	2.1320	0.5287	0.5716
ENSG00000206898.1	AC007240.2	snoRNA	0	0	0	0.0000	0.0000	0.0000
ENSG00000206899.1	RNU6-36P	snRNA	1	1	0	0.5300	0.1314	0.1421
ENSG00000206900.1	RNU6-98P	snRNA	0	0	0	0.0000	0.0000	0.0000
ENSG00000206901.1	SNORA72	snoRNA	0	0	0	0.0000	0.0000	0.0000
ENSG00000206903.1	SNORA24B	snoRNA	0	0	0	0.0000	0.0000	0.0000
ENSG00000206905.1	Y_RNA	misc_RNA	0	0	0	0.0000	0.0000	0.0000
ENSG00000206906.1	RNU6-458P	snRNA	0	0	0	0.0000	0.0000	0.0000
ENSG00000206907.1	RNU6-1013P	snRNA	0	0	0	0.0000	0.0000	0.0000
ENSG00000206908.1	RNU1-136P	snRNA	0	0	0	0.0000	0.0000	0.0000
ENSG00000206909.1	SNORA70J	snoRNA	0	0	0	0.0000	0.0000	0.0000
ENSG00000206910.1	SNORA29	snoRNA	0	0	0	0.0000	0.0000	0.0000
ENSG00000206911.1	Y_RNA	misc_RNA	1	1	0	0.5019	0.1245	0.1346
ENSG00000206912.1	Y_RNA	misc_RNA	0	0	0	0.0000	0.0000	0.0000
ENSG00000206913.1	AP000577.1	snoRNA	14	9	5	5.7118	1.4165	1.5315
ENSG00000206914.1	Y_RNA	misc_RNA	4	2	2	2.2239	0.5515	0.5963
ENSG00000206915.1	RNU6-439P	snRNA	0	0	0	0.0000	0.0000	0.0000
ENSG00000206917.1	RNU1-52P	snRNA	0	0	0	0.0000	0.0000	0.0000
ENSG00000206918.1	RNU6-1181P	snRNA	0	0	0	0.0000	0.0000	0.0000
ENSG00000206920.1	RNY1P6	misc_RNA	0	1	0	0.0000	0.0000	0.0000
ENSG00000206921.1	RNU6-481P	snRNA	0	0	0	0.0000	0.0000	0.0000
ENSG00000206922.1	RNU6-80P	snRNA	0	0	0	0.0000	0.0000	0.0000
ENSG00000206923.1	RNU6-432P	snRNA	1	0	1	0.5203	0.1290	0.1395
ENSG00000206924.1	RNU6-689P	snRNA	0	0	0	0.0000	0.0000	0.0000
ENSG00000206925.1	Y_RNA	misc_RNA	0	0	0	0.0000	0.0000	0.0000
ENSG00000206926.1	RNU6-1024P	snRNA	2	1	1	1.0600	0.2629	0.2842
ENSG00000206927.1	Y_RNA	misc_RNA	0	0	0	0.0000	0.0000	0.0000
ENSG00000206929.1	Y_RNA	misc_RNA	0	0	0	0.0000	0.0000	0.0000
ENSG00000206931.1	RNU6-1042P	snRNA	0	0	0	0.0000	0.0000	0.0000
ENSG00000206932.1	RNU6-4P	snRNA	0	0	0	0.0000	0.0000	0.0000
ENSG00000206935.1	RNU6-514P	snRNA	2	1	1	1.0600	0.2629	0.2842
ENSG00000206936.1	RNU4-52P	snRNA	1	0	1	0.4109	0.1019	0.1102
ENSG00000206937.1	SNORA70B	snoRNA	1	1	0	0.4201	0.1042	0.1126
ENSG00000206938.1	RNU4-31P	snRNA	0	0	0	0.0000	0.0000	0.0000
ENSG00000206939.1	RNU6-281P	snRNA	0	0	0	0.0000	0.0000	0.0000
ENSG00000206941.1	SNORD15A	snoRNA	0	0	0	0.0000	0.0000	0.0000
ENSG00000206944.1	RNU6-708P	snRNA	0	0	0	0.0000	0.0000	0.0000
ENSG00000206947.1	SNORA20B	snoRNA	0	0	0	0.0000	0.0000	0.0000
ENSG00000206948.1	SNORA36A	snoRNA	0	0	0	0.0000	0.0000	0.0000
ENSG00000206949.1	RNU6-1324P	snRNA	0	0	0	0.0000	0.0000	0.0000
ENSG00000206950.1	Y_RNA	misc_RNA	0	0	0	0.0000	0.0000	0.0000
ENSG00000206951.1	Y_RNA	misc_RNA	0	3	1	0.0000	0.0000	0.0000
ENSG00000206952.3	SNORA50A	snoRNA	0	0	0	0.0000	0.0000	0.0000
ENSG00000206954.1	RNU6-1201P	snRNA	0	0	0	0.0000	0.0000	0.0000
ENSG00000206957.2	Y_RNA	misc_RNA	0	0	0	0.0000	0.0000	0.0000
ENSG00000206958.1	SNORA70	snoRNA	0	0	0	0.0000	0.0000	0.0000
ENSG00000206959.1	Y_RNA	misc_RNA	1	0	1	0.5109	0.1267	0.1370
ENSG00000206960.1	RNU6-793P	snRNA	0	0	0	0.0000	0.0000	0.0000
ENSG00000206961.1	AC009967.1	snoRNA	0	0	0	0.0000	0.0000	0.0000
ENSG00000206962.1	RNU6-74P	snRNA	0	0	0	0.0000	0.0000	0.0000
ENSG00000206963.1	RNU6-675P	snRNA	0	0	0	0.0000	0.0000	0.0000
ENSG00000206964.1	Y_RNA	misc_RNA	0	0	0	0.0000	0.0000	0.0000
ENSG00000206965.1	RNU6-5P	snRNA	1	1	0	0.5300	0.1314	0.1421
ENSG00000206967.1	Y_RNA	misc_RNA	0	0	0	0.0000	0.0000	0.0000
ENSG00000206969.1	RNU6-1316P	snRNA	0	0	0	0.0000	0.0000	0.0000
ENSG00000206970.1	RNU6-474P	snRNA	0	0	0	0.0000	0.0000	0.0000
ENSG00000206972.1	RNU6-17P	snRNA	0	0	0	0.0000	0.0000	0.0000
ENSG00000206973.1	RNU6-1145P	snRNA	0	0	0	0.0000	0.0000	0.0000
ENSG00000206974.1	RNU6-1144P	snRNA	0	0	0	0.0000	0.0000	0.0000
ENSG00000206975.1	RNU6-13P	snRNA	0	0	0	0.0000	0.0000	0.0000
ENSG00000206976.1	AC087441.1	snoRNA	0	0	0	0.0000	0.0000	0.0000
ENSG00000206977.1	AL365205.2	snoRNA	0	0	0	0.0000	0.0000	0.0000
ENSG00000206978.1	Y_RNA	misc_RNA	0	0	0	0.0000	0.0000	0.0000
ENSG00000206979.1	SNORD61	snoRNA	0	0	0	0.0000	0.0000	0.0000
ENSG00000206980.1	RNU6-662P	snRNA	0	0	0	0.0000	0.0000	0.0000
ENSG00000206981.1	RNU6-40P	snRNA	0	0	0	0.0000	0.0000	0.0000
ENSG00000206982.1	Y_RNA	misc_RNA	0	0	0	0.0000	0.0000	0.0000
ENSG00000206983.1	RNU6-49P	snRNA	0	0	0	0.0000	0.0000	0.0000
ENSG00000206985.1	RNU6-198P	snRNA	0	0	0	0.0000	0.0000	0.0000
ENSG00000206987.1	U8	snoRNA	0	0	0	0.0000	0.0000	0.0000
ENSG00000206989.1	SNORD63	snoRNA	0	0	0	0.0000	0.0000	0.0000
ENSG00000206990.1	Y_RNA	misc_RNA	0	0	0	0.0000	0.0000	0.0000
ENSG00000206991.1	RNU6-610P	snRNA	5	2	3	2.6500	0.6572	0.7106
ENSG00000206992.1	RNU6-574P	snRNA	2	0	2	1.0600	0.2629	0.2842
ENSG00000206995.1	Y_RNA	misc_RNA	0	0	0	0.0000	0.0000	0.0000
ENSG00000206996.1	RNU6-842P	snRNA	0	0	0	0.0000	0.0000	0.0000
ENSG00000206997.1	RNU6-524P	snRNA	0	0	0	0.0000	0.0000	0.0000
ENSG00000206998.1	Y_RNA	misc_RNA	0	0	0	0.0000	0.0000	0.0000
ENSG00000206999.1	RNU6-622P	snRNA	0	0	0	0.0000	0.0000	0.0000
ENSG00000207000.1	RNU6-820P	snRNA	0	0	0	0.0000	0.0000	0.0000
ENSG00000207001.1	SNORD116-2	snoRNA	0	0	0	0.0000	0.0000	0.0000
ENSG00000207002.1	AC020634.1	snoRNA	0	0	0	0.0000	0.0000	0.0000
ENSG00000207003.1	RNU6-611P	snRNA	1	1	0	0.5453	0.1352	0.1462
ENSG00000207004.1	RNU6-301P	snRNA	2	1	1	1.0600	0.2629	0.2842
ENSG00000207005.1	RNU1-2	snRNA	0	0	0	0.0000	0.0000	0.0000
ENSG00000207007.1	RNU6-891P	snRNA	0	0	0	0.0000	0.0000	0.0000
ENSG00000207008.1	SNORA54	snoRNA	3	2	1	1.3832	0.3430	0.3709
ENSG00000207009.1	Y_RNA	misc_RNA	1	1	0	0.5155	0.1279	0.1382
ENSG00000207010.1	RNU6-318P	snRNA	0	0	0	0.0000	0.0000	0.0000
ENSG00000207011.1	RNY4P13	misc_RNA	0	0	0	0.0000	0.0000	0.0000
ENSG00000207012.2	RNU6-72P	snRNA	0	0	0	0.0000	0.0000	0.0000
ENSG00000207013.1	RNU6-804P	snRNA	0	0	0	0.0000	0.0000	0.0000
ENSG00000207014.1	SNORD116-3	snoRNA	0	0	0	0.0000	0.0000	0.0000
ENSG00000207016.1	SNORA36C	snoRNA	1	0	1	0.4296	0.1065	0.1152
ENSG00000207019.1	RNU6-167P	snRNA	0	0	0	0.0000	0.0000	0.0000
ENSG00000207020.1	Y_RNA	misc_RNA	0	0	0	0.0000	0.0000	0.0000
ENSG00000207021.1	Y_RNA	misc_RNA	2	2	0	1.0037	0.2489	0.2691
ENSG00000207022.1	AL162740.1	snoRNA	1	0	1	0.4573	0.1134	0.1226
ENSG00000207023.1	RNU6-975P	snRNA	0	0	0	0.0000	0.0000	0.0000
ENSG00000207024.1	Y_RNA	misc_RNA	0	0	0	0.0000	0.0000	0.0000
ENSG00000207025.1	Y_RNA	misc_RNA	0	0	0	0.0000	0.0000	0.0000
ENSG00000207026.1	RNU6-472P	snRNA	0	0	0	0.0000	0.0000	0.0000
ENSG00000207027.1	AC012119.1	snoRNA	0	0	0	0.0000	0.0000	0.0000
ENSG00000207029.1	RNU6-43P	snRNA	1	0	1	0.5300	0.1314	0.1421
ENSG00000207031.1	SNORD59A	snoRNA	3	1	2	2.2684	0.5625	0.6082
ENSG00000207032.1	Y_RNA	misc_RNA	2	1	1	1.0405	0.2580	0.2790
ENSG00000207033.1	RNU6-154P	snRNA	0	0	0	0.0000	0.0000	0.0000
ENSG00000207034.1	Y_RNA	misc_RNA	3	3	0	1.4541	0.3606	0.3899
ENSG00000207036.1	RNY3P14	misc_RNA	1	1	0	0.5560	0.1379	0.1491
ENSG00000207037.1	RNU6-339P	snRNA	0	0	0	0.0000	0.0000	0.0000
ENSG00000207039.1	Y_RNA	misc_RNA	0	0	0	0.0000	0.0000	0.0000
ENSG00000207041.1	RNU6-3P	snRNA	0	0	0	0.0000	0.0000	0.0000
ENSG00000207042.1	RNU6-196P	snRNA	3	1	2	1.5900	0.3943	0.4263
ENSG00000207044.1	RNU6-1226P	snRNA	0	0	0	0.0000	0.0000	0.0000
ENSG00000207045.1	RNU6-532P	snRNA	0	0	0	0.0000	0.0000	0.0000
ENSG00000207046.1	RNU6-886P	snRNA	0	0	0	0.0000	0.0000	0.0000
ENSG00000207047.2	SNORD51	snoRNA	0	0	0	0.0000	0.0000	0.0000
ENSG00000207049.1	Y_RNA	misc_RNA	0	0	0	0.0000	0.0000	0.0000
ENSG00000207051.1	SNORA27	snoRNA	0	0	0	0.0000	0.0000	0.0000
ENSG00000207052.1	RNU6-378P	snRNA	0	0	0	0.0000	0.0000	0.0000
ENSG00000207053.1	RNU6-937P	snRNA	2	2	0	1.0700	0.2653	0.2869
ENSG00000207056.1	RNU1-8P	snRNA	0	0	0	0.0000	0.0000	0.0000
ENSG00000207058.1	RNU6-784P	snRNA	0	0	0	0.0000	0.0000	0.0000
ENSG00000207060.1	RNU6-480P	snRNA	0	0	0	0.0000	0.0000	0.0000
ENSG00000207061.1	Y_RNA	misc_RNA	0	0	0	0.0000	0.0000	0.0000
ENSG00000207062.1	SNORA15B-1	snoRNA	2	1	1	0.8401	0.2083	0.2253
ENSG00000207063.1	SNORD116-1	snoRNA	0	0	0	0.0000	0.0000	0.0000
ENSG00000207065.1	RNU5A-2P	snRNA	0	0	0	0.0000	0.0000	0.0000
ENSG00000207067.1	SNORA72	snoRNA	0	27	30	0.0000	0.0000	0.0000
ENSG00000207068.1	RNU6-463P	snRNA	0	0	0	0.0000	0.0000	0.0000
ENSG00000207069.1	Y_RNA	misc_RNA	0	0	0	0.0000	0.0000	0.0000
ENSG00000207071.1	RNU6-1207P	snRNA	0	0	0	0.0000	0.0000	0.0000
ENSG00000207072.1	RNU6-39P	snRNA	1	0	1	0.5300	0.1314	0.1421
ENSG00000207073.1	Y_RNA	misc_RNA	1	0	1	0.5615	0.1392	0.1506
ENSG00000207075.1	Y_RNA	misc_RNA	0	0	0	0.0000	0.0000	0.0000
ENSG00000207076.1	RNU6-1113P	snRNA	0	0	0	0.0000	0.0000	0.0000
ENSG00000207077.1	RNU6-1119P	snRNA	0	0	0	0.0000	0.0000	0.0000
ENSG00000207080.2	Y_RNA	misc_RNA	0	0	0	0.0000	0.0000	0.0000
ENSG00000207081.1	RNU6-616P	snRNA	0	0	0	0.0000	0.0000	0.0000
ENSG00000207082.1	RNU6-171P	snRNA	3	1	2	1.5900	0.3943	0.4263
ENSG00000207083.1	RNU6-22P	snRNA	0	0	0	0.0000	0.0000	0.0000
ENSG00000207084.1	SNORA72	snoRNA	0	0	0	0.0000	0.0000	0.0000
ENSG00000207086.1	Y_RNA	misc_RNA	0	0	0	0.0000	0.0000	0.0000
ENSG00000207087.1	RNU6-242P	snRNA	0	0	0	0.0000	0.0000	0.0000
ENSG00000207088.1	SNORA7B	snoRNA	1	0	1	0.4080	0.1012	0.1094
ENSG00000207089.1	RNU6-921P	snRNA	0	0	0	0.0000	0.0000	0.0000
ENSG00000207090.1	RNU6-517P	snRNA	0	0	0	0.0000	0.0000	0.0000
ENSG00000207091.1	Y_RNA	misc_RNA	1	0	1	0.5615	0.1392	0.1506
ENSG00000207092.1	Y_RNA	misc_RNA	0	0	0	0.0000	0.0000	0.0000
ENSG00000207093.1	SNORD116-8	snoRNA	0	0	0	0.0000	0.0000	0.0000
ENSG00000207094.1	AC002069.1	snoRNA	0	0	0	0.0000	0.0000	0.0000
ENSG00000207095.1	RNU6-424P	snRNA	0	0	0	0.0000	0.0000	0.0000
ENSG00000207097.1	RNU6-614P	snRNA	0	0	0	0.0000	0.0000	0.0000
ENSG00000207098.1	SNORA70	snoRNA	0	0	0	0.0000	0.0000	0.0000
ENSG00000207099.1	RNU6-166P	snRNA	0	0	0	0.0000	0.0000	0.0000
ENSG00000207100.1	Z77249.1	snoRNA	0	0	0	0.0000	0.0000	0.0000
ENSG00000207101.1	Y_RNA	misc_RNA	0	0	0	0.0000	0.0000	0.0000
ENSG00000207104.1	RNU6-434P	snRNA	0	0	0	0.0000	0.0000	0.0000
ENSG00000207105.1	Y_RNA	misc_RNA	0	0	0	0.0000	0.0000	0.0000
ENSG00000207108.1	Y_RNA	misc_RNA	0	0	0	0.0000	0.0000	0.0000
ENSG00000207109.1	SNORD38C	snoRNA	0	0	0	0.0000	0.0000	0.0000
ENSG00000207110.1	RNVU1-32	snRNA	0	0	0	0.0000	0.0000	0.0000
ENSG00000207112.1	SNORA25	snoRNA	0	0	0	0.0000	0.0000	0.0000
ENSG00000207113.1	RNU6-16P	snRNA	0	0	0	0.0000	0.0000	0.0000
ENSG00000207114.1	RNU6-348P	snRNA	0	0	0	0.0000	0.0000	0.0000
ENSG00000207115.1	RNU6-364P	snRNA	0	0	0	0.0000	0.0000	0.0000
ENSG00000207116.1	RNU6-31P	snRNA	1	1	0	0.5251	0.1302	0.1408
ENSG00000207117.1	Y_RNA	misc_RNA	1	1	0	0.5506	0.1365	0.1476
ENSG00000207118.1	SNORD14D	snoRNA	0	0	0	0.0000	0.0000	0.0000
ENSG00000207119.2	U3	snoRNA	6	1	5	1.6280	0.4037	0.4365
ENSG00000207121.1	RNU6-1230P	snRNA	0	0	0	0.0000	0.0000	0.0000
ENSG00000207122.1	RNU6-591P	snRNA	0	0	0	0.0000	0.0000	0.0000
ENSG00000207123.1	Y_RNA	misc_RNA	0	0	0	0.0000	0.0000	0.0000
ENSG00000207124.1	RNU6-163P	snRNA	0	0	0	0.0000	0.0000	0.0000
ENSG00000207127.1	Y_RNA	misc_RNA	0	0	0	0.0000	0.0000	0.0000
ENSG00000207128.1	RNU6-729P	snRNA	1	0	1	0.5300	0.1314	0.1421
ENSG00000207129.1	RNA5SP187	rRNA_pseudogene	0	3	5	0.0000	0.0000	0.0000
ENSG00000207130.1	AC079945.1	snoRNA	0	0	0	0.0000	0.0000	0.0000
ENSG00000207131.1	Y_RNA	misc_RNA	0	0	0	0.0000	0.0000	0.0000
ENSG00000207132.1	Y_RNA	misc_RNA	0	0	0	0.0000	0.0000	0.0000
ENSG00000207133.1	SNORD116-7	snoRNA	0	0	0	0.0000	0.0000	0.0000
ENSG00000207134.1	RNU6-106P	snRNA	0	0	0	0.0000	0.0000	0.0000
ENSG00000207135.1	RNU6-452P	snRNA	0	0	0	0.0000	0.0000	0.0000
ENSG00000207136.1	RNU6-769P	snRNA	0	0	0	0.0000	0.0000	0.0000
ENSG00000207137.1	SNORD116-13	snoRNA	0	0	0	0.0000	0.0000	0.0000
ENSG00000207138.1	RNU6-869P	snRNA	0	0	0	0.0000	0.0000	0.0000
ENSG00000207139.1	Y_RNA	misc_RNA	0	0	0	0.0000	0.0000	0.0000
ENSG00000207142.1	Y_RNA	misc_RNA	2	0	2	1.1120	0.2758	0.2982
ENSG00000207144.1	RNU6-1297P	snRNA	0	0	0	0.0000	0.0000	0.0000
ENSG00000207145.1	SNORA18	snoRNA	0	0	0	0.0000	0.0000	0.0000
ENSG00000207146.1	Y_RNA	misc_RNA	34	18	16	18.0200	4.4688	4.8318
ENSG00000207147.1	AF064863.1	snoRNA	1	1	0	0.4170	0.1034	0.1118
ENSG00000207148.1	Y_RNA	misc_RNA	0	0	0	0.0000	0.0000	0.0000
ENSG00000207149.1	RNU6-465P	snRNA	0	0	0	0.0000	0.0000	0.0000
ENSG00000207150.1	RNU6-185P	snRNA	0	0	0	0.0000	0.0000	0.0000
ENSG00000207151.1	Y_RNA	misc_RNA	0	0	0	0.0000	0.0000	0.0000
ENSG00000207153.1	RNU6-933P	snRNA	0	0	0	0.0000	0.0000	0.0000
ENSG00000207154.1	RNU1-46P	snRNA	0	0	0	0.0000	0.0000	0.0000
ENSG00000207155.1	RNY1P14	misc_RNA	5	4	1	2.6255	0.6511	0.7040
ENSG00000207156.1	RNU6-505P	snRNA	0	0	0	0.0000	0.0000	0.0000
ENSG00000207157.1	RNY3P4	misc_RNA	0	0	0	0.0000	0.0000	0.0000
ENSG00000207158.1	RNU6-929P	snRNA	0	0	0	0.0000	0.0000	0.0000
ENSG00000207160.1	RNU6-1289P	snRNA	0	0	0	0.0000	0.0000	0.0000
ENSG00000207161.1	Y_RNA	misc_RNA	0	0	0	0.0000	0.0000	0.0000
ENSG00000207162.1	RNU6-549P	snRNA	1	1	0	0.5300	0.1314	0.1421
ENSG00000207163.1	RNU6-905P	snRNA	0	0	0	0.0000	0.0000	0.0000
ENSG00000207164.1	Y_RNA	misc_RNA	0	0	0	0.0000	0.0000	0.0000
ENSG00000207165.1	SNORA70	snoRNA	0	0	0	0.0000	0.0000	0.0000
ENSG00000207166.1	SNORA68	snoRNA	0	0	0	0.0000	0.0000	0.0000
ENSG00000207167.1	RNU6-1340P	snRNA	0	0	0	0.0000	0.0000	0.0000
ENSG00000207168.1	SNORA15	snoRNA	0	0	0	0.0000	0.0000	0.0000
ENSG00000207169.1	RNU6-24P	snRNA	0	0	0	0.0000	0.0000	0.0000
ENSG00000207170.1	RNU6-1215P	snRNA	0	0	0	0.0000	0.0000	0.0000
ENSG00000207171.1	AC079926.1	snoRNA	2	1	1	0.8658	0.2147	0.2322
ENSG00000207172.1	RNU6-1162P	snRNA	0	0	0	0.0000	0.0000	0.0000
ENSG00000207173.1	Y_RNA	misc_RNA	0	0	0	0.0000	0.0000	0.0000
ENSG00000207174.1	SNORD116-15	snoRNA	0	0	0	0.0000	0.0000	0.0000
ENSG00000207175.1	RNU1-67P	snRNA	3	1	2	1.0374	0.2573	0.2782
ENSG00000207176.1	Y_RNA	misc_RNA	1	0	1	0.5787	0.1435	0.1552
ENSG00000207177.1	AC008650.1	snoRNA	0	0	0	0.0000	0.0000	0.0000
ENSG00000207178.1	RNU6-1122P	snRNA	0	0	0	0.0000	0.0000	0.0000
ENSG00000207180.1	RNU6-411P	snRNA	0	0	0	0.0000	0.0000	0.0000
ENSG00000207181.1	SNORA14B	snoRNA	1	1	0	0.4201	0.1042	0.1126
ENSG00000207182.1	RNU1-44P	snRNA	0	0	0	0.0000	0.0000	0.0000
ENSG00000207183.1	RNU6-843P	snRNA	0	0	0	0.0000	0.0000	0.0000
ENSG00000207185.1	RNU6-1157P	snRNA	1	0	1	0.5350	0.1327	0.1435
ENSG00000207186.1	RNA5SP122	rRNA_pseudogene	5	3	2	2.6255	0.6511	0.7040
ENSG00000207187.1	SNORA10B	snoRNA	0	0	0	0.0000	0.0000	0.0000
ENSG00000207189.1	Y_RNA	misc_RNA	0	0	0	0.0000	0.0000	0.0000
ENSG00000207190.1	RNU6-809P	snRNA	0	0	0	0.0000	0.0000	0.0000
ENSG00000207191.1	SNORD116-5	snoRNA	0	0	0	0.0000	0.0000	0.0000
ENSG00000207192.1	RNU6-649P	snRNA	0	0	0	0.0000	0.0000	0.0000
ENSG00000207193.1	Y_RNA	misc_RNA	0	0	0	0.0000	0.0000	0.0000
ENSG00000207194.1	RNU6-1026P	snRNA	0	0	0	0.0000	0.0000	0.0000
ENSG00000207195.1	Y_RNA	misc_RNA	2	1	1	1.0218	0.2534	0.2740
ENSG00000207196.1	Y_RNA	misc_RNA	0	0	0	0.0000	0.0000	0.0000
ENSG00000207197.1	SNORD116-12	snoRNA	0	0	0	0.0000	0.0000	0.0000
ENSG00000207198.1	RNU6-1195P	snRNA	0	0	0	0.0000	0.0000	0.0000
ENSG00000207199.1	SNORD38D	snoRNA	0	0	0	0.0000	0.0000	0.0000
ENSG00000207200.1	RNU6-45P	snRNA	2	0	2	1.0600	0.2629	0.2842
ENSG00000207201.1	RNU1-148P	snRNA	0	0	0	0.0000	0.0000	0.0000
ENSG00000207202.1	RNU6-800P	snRNA	0	0	0	0.0000	0.0000	0.0000
ENSG00000207203.1	RNU6-71P	snRNA	0	0	0	0.0000	0.0000	0.0000
ENSG00000207204.1	RNU6-393P	snRNA	0	0	0	0.0000	0.0000	0.0000
ENSG00000207205.1	RNVU1-15	snRNA	3	3	0	1.0311	0.2557	0.2765
ENSG00000207206.1	RNU6-1035P	snRNA	0	0	0	0.0000	0.0000	0.0000
ENSG00000207207.1	Y_RNA	misc_RNA	0	0	0	0.0000	0.0000	0.0000
ENSG00000207208.1	RNU6-790P	snRNA	2	2	0	1.0802	0.2679	0.2896
ENSG00000207209.1	Y_RNA	misc_RNA	0	0	0	0.0000	0.0000	0.0000
ENSG00000207210.1	Y_RNA	misc_RNA	0	0	0	0.0000	0.0000	0.0000
ENSG00000207214.1	RNU6-102P	snRNA	0	0	0	0.0000	0.0000	0.0000
ENSG00000207215.2	SNORD3H	snoRNA	0	0	0	0.0000	0.0000	0.0000
ENSG00000207217.1	SNORA80D	snoRNA	0	0	0	0.0000	0.0000	0.0000
ENSG00000207218.1	Y_RNA	misc_RNA	0	0	0	0.0000	0.0000	0.0000
ENSG00000207220.1	RNU1-57P	snRNA	0	0	0	0.0000	0.0000	0.0000
ENSG00000207221.1	SNORA70E	snoRNA	0	0	0	0.0000	0.0000	0.0000
ENSG00000207222.1	RNU6-456P	snRNA	0	0	0	0.0000	0.0000	0.0000
ENSG00000207223.1	Y_RNA	misc_RNA	0	0	0	0.0000	0.0000	0.0000
ENSG00000207225.1	RNU6-692P	snRNA	0	0	0	0.0000	0.0000	0.0000
ENSG00000207227.1	RNU6-900P	snRNA	0	0	0	0.0000	0.0000	0.0000
ENSG00000207229.1	Y_RNA	misc_RNA	0	0	0	0.0000	0.0000	0.0000
ENSG00000207231.1	Y_RNA	misc_RNA	0	0	0	0.0000	0.0000	0.0000
ENSG00000207233.1	SNORA37	snoRNA	0	0	0	0.0000	0.0000	0.0000
ENSG00000207234.1	RNU6-125P	snRNA	0	0	0	0.0000	0.0000	0.0000
ENSG00000207235.1	Y_RNA	misc_RNA	0	0	0	0.0000	0.0000	0.0000
ENSG00000207237.1	RNU6-110P	snRNA	0	0	0	0.0000	0.0000	0.0000
ENSG00000207240.1	Y_RNA	misc_RNA	0	0	0	0.0000	0.0000	0.0000
ENSG00000207241.1	SNORD45A	snoRNA	0	0	0	0.0000	0.0000	0.0000
ENSG00000207242.1	RNU6-1065P	snRNA	1	0	1	0.5350	0.1327	0.1435
ENSG00000207243.1	Y_RNA	misc_RNA	0	0	0	0.0000	0.0000	0.0000
ENSG00000207244.1	SNORA70	snoRNA	0	0	0	0.0000	0.0000	0.0000
ENSG00000207245.1	SNORD116-29	snoRNA	0	0	0	0.0000	0.0000	0.0000
ENSG00000207247.1	Y_RNA	misc_RNA	0	0	0	0.0000	0.0000	0.0000
ENSG00000207248.1	RNU6-1005P	snRNA	1	1	0	0.5300	0.1314	0.1421
ENSG00000207249.1	SNORA72	snoRNA	0	0	0	0.0000	0.0000	0.0000
ENSG00000207251.1	RNU6-342P	snRNA	0	0	0	0.0000	0.0000	0.0000
ENSG00000207252.1	Y_RNA	misc_RNA	0	0	0	0.0000	0.0000	0.0000
ENSG00000207255.1	RNU6-1117P	snRNA	0	0	0	0.0000	0.0000	0.0000
ENSG00000207256.1	RNU6-880P	snRNA	1	0	1	0.5300	0.1314	0.1421
ENSG00000207257.1	RNU6-18P	snRNA	0	0	0	0.0000	0.0000	0.0000
ENSG00000207258.1	Y_RNA	misc_RNA	0	0	0	0.0000	0.0000	0.0000
ENSG00000207260.1	RNU6-35P	snRNA	0	0	0	0.0000	0.0000	0.0000
ENSG00000207261.1	RNU6-738P	snRNA	0	0	0	0.0000	0.0000	0.0000
ENSG00000207263.1	SNORD116-16	snoRNA	0	0	0	0.0000	0.0000	0.0000
ENSG00000207264.1	RNU6-15P	snRNA	0	0	0	0.0000	0.0000	0.0000
ENSG00000207265.1	Y_RNA	misc_RNA	1	1	0	0.5063	0.1256	0.1358
ENSG00000207266.1	RNU6-1241P	snRNA	0	0	0	0.0000	0.0000	0.0000
ENSG00000207267.1	RNU6-1081P	snRNA	0	0	0	0.0000	0.0000	0.0000
ENSG00000207268.1	SNORA70C	snoRNA	0	0	0	0.0000	0.0000	0.0000
ENSG00000207269.1	RN7SKP62	misc_RNA	0	0	0	0.0000	0.0000	0.0000
ENSG00000207270.1	RNU6-601P	snRNA	0	0	0	0.0000	0.0000	0.0000
ENSG00000207271.1	Y_RNA	misc_RNA	0	0	0	0.0000	0.0000	0.0000
ENSG00000207274.1	SNORA70I	snoRNA	0	0	0	0.0000	0.0000	0.0000
ENSG00000207275.1	RNU6-441P	snRNA	0	0	0	0.0000	0.0000	0.0000
ENSG00000207276.1	RNU6-1160P	snRNA	0	0	0	0.0000	0.0000	0.0000
ENSG00000207277.1	RNA5SP284	rRNA_pseudogene	0	0	0	0.0000	0.0000	0.0000
ENSG00000207278.1	RNU6-831P	snRNA	0	0	0	0.0000	0.0000	0.0000
ENSG00000207279.1	SNORD116-24	snoRNA	0	0	0	0.0000	0.0000	0.0000
ENSG00000207280.1	SNORD20	snoRNA	0	0	0	0.0000	0.0000	0.0000
ENSG00000207281.1	Y_RNA	misc_RNA	0	0	0	0.0000	0.0000	0.0000
ENSG00000207282.1	Y_RNA	misc_RNA	0	0	0	0.0000	0.0000	0.0000
ENSG00000207283.1	Y_RNA	misc_RNA	0	0	0	0.0000	0.0000	0.0000
ENSG00000207286.1	Y_RNA	misc_RNA	0	0	0	0.0000	0.0000	0.0000
ENSG00000207287.1	RNU6-1274P	snRNA	0	0	0	0.0000	0.0000	0.0000
ENSG00000207289.1	RNU6-1235P	snRNA	0	0	0	0.0000	0.0000	0.0000
ENSG00000207290.1	Y_RNA	misc_RNA	0	0	0	0.0000	0.0000	0.0000
ENSG00000207291.1	RNU6-30P	snRNA	4	2	2	2.1200	0.5257	0.5684
ENSG00000207292.1	Y_RNA	misc_RNA	0	0	0	0.0000	0.0000	0.0000
ENSG00000207293.1	Y_RNA	misc_RNA	0	0	0	0.0000	0.0000	0.0000
ENSG00000207294.1	Y_RNA	misc_RNA	0	0	0	0.0000	0.0000	0.0000
ENSG00000207295.1	RNU6-851P	snRNA	1	0	1	0.5300	0.1314	0.1421
ENSG00000207296.1	RNU6-140P	snRNA	0	0	0	0.0000	0.0000	0.0000
ENSG00000207297.1	SNORD7	snoRNA	0	0	0	0.0000	0.0000	0.0000
ENSG00000207298.1	RNU6-83P	snRNA	1	0	1	0.5063	0.1256	0.1358
ENSG00000207299.1	AP000648.1	snoRNA	0	0	0	0.0000	0.0000	0.0000
ENSG00000207300.1	Y_RNA	misc_RNA	0	0	0	0.0000	0.0000	0.0000
ENSG00000207302.1	Y_RNA	misc_RNA	1	0	1	0.5155	0.1279	0.1382
ENSG00000207303.1	Y_RNA	misc_RNA	0	0	0	0.0000	0.0000	0.0000
ENSG00000207304.1	SNORA8	snoRNA	0	0	0	0.0000	0.0000	0.0000
ENSG00000207305.1	Y_RNA	misc_RNA	1	0	1	0.5251	0.1302	0.1408
ENSG00000207306.1	RNU6-1152P	snRNA	0	0	0	0.0000	0.0000	0.0000
ENSG00000207307.1	RNU6-145P	snRNA	0	0	0	0.0000	0.0000	0.0000
ENSG00000207308.1	RNU6-878P	snRNA	1	0	1	0.5155	0.1279	0.1382
ENSG00000207309.1	RNU4-70P	snRNA	0	0	0	0.0000	0.0000	0.0000
ENSG00000207310.1	RNU6-1127P	snRNA	0	0	0	0.0000	0.0000	0.0000
ENSG00000207312.1	RNU6-429P	snRNA	0	0	0	0.0000	0.0000	0.0000
ENSG00000207313.1	SNORA2B	snoRNA	2	1	1	0.8279	0.2053	0.2220
ENSG00000207316.1	Y_RNA	misc_RNA	0	0	0	0.0000	0.0000	0.0000
ENSG00000207317.1	Y_RNA	misc_RNA	0	0	0	0.0000	0.0000	0.0000
ENSG00000207318.1	RNU6-1184P	snRNA	0	0	0	0.0000	0.0000	0.0000
ENSG00000207319.1	Y_RNA	misc_RNA	0	0	0	0.0000	0.0000	0.0000
ENSG00000207320.1	Y_RNA	misc_RNA	0	0	0	0.0000	0.0000	0.0000
ENSG00000207321.1	RNU6-160P	snRNA	0	0	0	0.0000	0.0000	0.0000
ENSG00000207322.1	RNU1-89P	snRNA	0	0	0	0.0000	0.0000	0.0000
ENSG00000207323.1	RNU6-901P	snRNA	0	0	0	0.0000	0.0000	0.0000
ENSG00000207325.1	RNY1P4	misc_RNA	2	1	1	0.9863	0.2446	0.2644
ENSG00000207326.1	Y_RNA	misc_RNA	0	0	0	0.0000	0.0000	0.0000
ENSG00000207327.1	RNU6-883P	snRNA	0	0	0	0.0000	0.0000	0.0000
ENSG00000207328.1	RNU6-636P	snRNA	0	0	0	0.0000	0.0000	0.0000
ENSG00000207329.1	Y_RNA	misc_RNA	0	0	0	0.0000	0.0000	0.0000
ENSG00000207330.1	RNU6-73P	snRNA	0	0	0	0.0000	0.0000	0.0000
ENSG00000207331.1	RNU6-1263P	snRNA	0	0	0	0.0000	0.0000	0.0000
ENSG00000207332.1	RNU6-146P	snRNA	0	0	0	0.0000	0.0000	0.0000
ENSG00000207333.1	RNU6-680P	snRNA	0	0	0	0.0000	0.0000	0.0000
ENSG00000207334.1	RNU6-12P	snRNA	0	0	0	0.0000	0.0000	0.0000
ENSG00000207336.1	RNU6-658P	snRNA	7	3	4	3.7450	0.9287	1.0042
ENSG00000207338.1	RNU6-296P	snRNA	0	0	0	0.0000	0.0000	0.0000
ENSG00000207340.1	RNVU1-1	snRNA	1	1	0	0.3458	0.0858	0.0927
ENSG00000207341.1	RNA5SP64	rRNA_pseudogene	0	0	0	0.0000	0.0000	0.0000
ENSG00000207342.1	Y_RNA	misc_RNA	9	2	7	5.1555	1.2785	1.3823
ENSG00000207343.1	RNU6-225P	snRNA	0	0	0	0.0000	0.0000	0.0000
ENSG00000207344.1	SNORA22C	snoRNA	7	6	1	2.9625	0.7347	0.7943
ENSG00000207345.1	RNU6-1222P	snRNA	0	0	0	0.0000	0.0000	0.0000
ENSG00000207347.1	RNU6-306P	snRNA	0	0	0	0.0000	0.0000	0.0000
ENSG00000207349.1	RNVU1-17	snRNA	0	0	0	0.0000	0.0000	0.0000
ENSG00000207351.1	Y_RNA	misc_RNA	0	0	0	0.0000	0.0000	0.0000
ENSG00000207352.1	RNU6-540P	snRNA	1	0	1	0.5615	0.1392	0.1506
ENSG00000207355.1	RNU6-1257P	snRNA	1	0	1	0.5155	0.1279	0.1382
ENSG00000207356.1	Y_RNA	misc_RNA	0	0	0	0.0000	0.0000	0.0000
ENSG00000207357.1	RNU6-2	snRNA	2	0	2	1.0600	0.2629	0.2842
ENSG00000207359.1	RNU6-925P	snRNA	13	6	7	7.0887	1.7579	1.9007
ENSG00000207360.1	RNU6-14P	snRNA	0	0	0	0.0000	0.0000	0.0000
ENSG00000207361.1	RNU6-178P	snRNA	0	0	1	0.0000	0.0000	0.0000
ENSG00000207362.1	RNU6-422P	snRNA	0	0	0	0.0000	0.0000	0.0000
ENSG00000207363.1	Y_RNA	misc_RNA	0	0	0	0.0000	0.0000	0.0000
ENSG00000207364.1	RNU6-939P	snRNA	0	0	0	0.0000	0.0000	0.0000
ENSG00000207365.1	Y_RNA	misc_RNA	0	0	0	0.0000	0.0000	0.0000
ENSG00000207366.1	RNU6-297P	snRNA	0	0	0	0.0000	0.0000	0.0000
ENSG00000207367.1	RNU6-29P	snRNA	1	0	1	0.5300	0.1314	0.1421
ENSG00000207368.1	Y_RNA	misc_RNA	0	0	0	0.0000	0.0000	0.0000
ENSG00000207369.1	RNU6-665P	snRNA	1	0	1	0.5300	0.1314	0.1421
ENSG00000207370.1	Y_RNA	misc_RNA	1	0	1	0.5019	0.1245	0.1346
ENSG00000207371.1	Y_RNA	misc_RNA	0	0	0	0.0000	0.0000	0.0000
ENSG00000207375.1	SNORD116-23	snoRNA	0	0	0	0.0000	0.0000	0.0000
ENSG00000207378.1	RNU6-748P	snRNA	2	1	1	1.0600	0.2629	0.2842
ENSG00000207379.1	Y_RNA	misc_RNA	0	0	0	0.0000	0.0000	0.0000
ENSG00000207380.1	Y_RNA	misc_RNA	1	1	0	0.5019	0.1245	0.1346
ENSG00000207381.1	RNU6-950P	snRNA	0	0	0	0.0000	0.0000	0.0000
ENSG00000207382.1	Y_RNA	misc_RNA	0	0	0	0.0000	0.0000	0.0000
ENSG00000207383.1	Y_RNA	misc_RNA	0	15	11	0.0000	0.0000	0.0000
ENSG00000207384.1	Y_RNA	misc_RNA	0	0	0	0.0000	0.0000	0.0000
ENSG00000207385.1	RNU6-310P	snRNA	0	0	0	0.0000	0.0000	0.0000
ENSG00000207386.1	Y_RNA	misc_RNA	0	0	0	0.0000	0.0000	0.0000
ENSG00000207387.1	Y_RNA	misc_RNA	0	0	0	0.0000	0.0000	0.0000
ENSG00000207389.1	RNU1-4	snRNA	0	0	0	0.0000	0.0000	0.0000
ENSG00000207391.1	Y_RNA	misc_RNA	0	0	0	0.0000	0.0000	0.0000
ENSG00000207392.1	SNORA20	snoRNA	0	0	0	0.0000	0.0000	0.0000
ENSG00000207393.1	RNU6-136P	snRNA	1	0	1	0.5300	0.1314	0.1421
ENSG00000207394.1	RNU6-1060P	snRNA	0	0	0	0.0000	0.0000	0.0000
ENSG00000207395.1	Y_RNA	misc_RNA	0	0	0	0.0000	0.0000	0.0000
ENSG00000207397.1	RNU6-1179P	snRNA	0	0	0	0.0000	0.0000	0.0000
ENSG00000207399.1	RNU6-1011P	snRNA	3	1	2	1.5900	0.3943	0.4263
ENSG00000207401.1	Y_RNA	misc_RNA	0	0	0	0.0000	0.0000	0.0000
ENSG00000207402.1	RNU6-959P	snRNA	0	0	0	0.0000	0.0000	0.0000
ENSG00000207403.1	Y_RNA	misc_RNA	0	0	0	0.0000	0.0000	0.0000
ENSG00000207404.1	Y_RNA	misc_RNA	0	0	0	0.0000	0.0000	0.0000
ENSG00000207405.1	SNORA64	snoRNA	0	0	0	0.0000	0.0000	0.0000
ENSG00000207406.1	SNORA41	snoRNA	0	0	0	0.0000	0.0000	0.0000
ENSG00000207407.1	AC023950.1	snoRNA	0	0	0	0.0000	0.0000	0.0000
ENSG00000207408.1	Y_RNA	misc_RNA	0	0	0	0.0000	0.0000	0.0000
ENSG00000207410.1	AC007448.1	snoRNA	0	0	0	0.0000	0.0000	0.0000
ENSG00000207411.1	Y_RNA	misc_RNA	0	0	0	0.0000	0.0000	0.0000
ENSG00000207412.1	RNU6-455P	snRNA	0	0	0	0.0000	0.0000	0.0000
ENSG00000207414.1	RNU6-768P	snRNA	0	0	0	0.0000	0.0000	0.0000
ENSG00000207415.1	RNU6-1151P	snRNA	0	0	0	0.0000	0.0000	0.0000
ENSG00000207416.1	Y_RNA	misc_RNA	0	0	0	0.0000	0.0000	0.0000
ENSG00000207417.1	Y_RNA	misc_RNA	0	0	0	0.0000	0.0000	0.0000
ENSG00000207419.1	AL022724.1	snoRNA	0	0	0	0.0000	0.0000	0.0000
ENSG00000207420.1	Y_RNA	misc_RNA	0	0	0	0.0000	0.0000	0.0000
ENSG00000207421.1	SNORD38B	snoRNA	0	0	0	0.0000	0.0000	0.0000
ENSG00000207422.1	RNU6-813P	snRNA	32	30	20	16.9600	4.2059	4.5475
ENSG00000207425.1	Y_RNA	misc_RNA	19	12	7	10.7749	2.6721	2.8891
ENSG00000207426.1	Y_RNA	misc_RNA	1	1	0	0.5019	0.1245	0.1346
ENSG00000207428.1	RNU6-95P	snRNA	0	0	0	0.0000	0.0000	0.0000
ENSG00000207430.1	U8	snoRNA	0	0	0	0.0000	0.0000	0.0000
ENSG00000207431.2	RNU6-906P	snRNA	0	0	0	0.0000	0.0000	0.0000
ENSG00000207432.1	U8	snoRNA	0	0	0	0.0000	0.0000	0.0000
ENSG00000207433.1	RNU6-246P	snRNA	0	0	0	0.0000	0.0000	0.0000
ENSG00000207434.1	RNU6-1072P	snRNA	0	0	0	0.0000	0.0000	0.0000
ENSG00000207435.1	RNU6-114P	snRNA	0	0	0	0.0000	0.0000	0.0000
ENSG00000207438.1	Y_RNA	misc_RNA	0	0	0	0.0000	0.0000	0.0000
ENSG00000207439.1	Y_RNA	misc_RNA	0	0	0	0.0000	0.0000	0.0000
ENSG00000207440.1	RNU6-541P	snRNA	0	0	0	0.0000	0.0000	0.0000
ENSG00000207441.1	RNU6-21P	snRNA	0	0	0	0.0000	0.0000	0.0000
ENSG00000207442.1	SNORD116-6	snoRNA	0	0	0	0.0000	0.0000	0.0000
ENSG00000207443.1	RNU6-417P	snRNA	0	0	0	0.0000	0.0000	0.0000
ENSG00000207444.1	SNORD56B	snoRNA	0	0	0	0.0000	0.0000	0.0000
ENSG00000207445.1	SNORD15B	snoRNA	3	3	0	1.1653	0.2890	0.3124
ENSG00000207448.1	RNU6-520P	snRNA	0	0	0	0.0000	0.0000	0.0000
ENSG00000207449.1	RNU6-19P	snRNA	0	0	0	0.0000	0.0000	0.0000
ENSG00000207450.1	Y_RNA	misc_RNA	0	0	0	0.0000	0.0000	0.0000
ENSG00000207451.1	RNU6-291P	snRNA	0	0	0	0.0000	0.0000	0.0000
ENSG00000207452.1	RNU6-606P	snRNA	1	1	0	0.5109	0.1267	0.1370
ENSG00000207453.1	RNU6-535P	snRNA	0	0	0	0.0000	0.0000	0.0000
ENSG00000207454.1	RNU6-1104P	snRNA	0	0	0	0.0000	0.0000	0.0000
ENSG00000207455.1	RNU6-331P	snRNA	0	0	0	0.0000	0.0000	0.0000
ENSG00000207456.1	RNU6-997P	snRNA	0	0	0	0.0000	0.0000	0.0000
ENSG00000207457.1	RNU6-476P	snRNA	1	0	1	0.5300	0.1314	0.1421
ENSG00000207458.1	RNY3P9	misc_RNA	0	0	0	0.0000	0.0000	0.0000
ENSG00000207459.1	RNU6-1311P	snRNA	0	0	0	0.0000	0.0000	0.0000
ENSG00000207460.1	SNORD116-19	snoRNA	0	0	0	0.0000	0.0000	0.0000
ENSG00000207461.1	RNU6-253P	snRNA	0	0	0	0.0000	0.0000	0.0000
ENSG00000207462.1	RNU6-376P	snRNA	0	0	0	0.0000	0.0000	0.0000
ENSG00000207466.1	Y_RNA	misc_RNA	0	0	0	0.0000	0.0000	0.0000
ENSG00000207467.1	Y_RNA	misc_RNA	0	0	0	0.0000	0.0000	0.0000
ENSG00000207468.1	SNORA19	snoRNA	1	1	0	0.4430	0.1099	0.1188
ENSG00000207472.1	RNU6-41P	snRNA	0	0	0	0.0000	0.0000	0.0000
ENSG00000207473.1	Y_RNA	misc_RNA	0	0	0	0.0000	0.0000	0.0000
ENSG00000207474.1	RNY1P7	misc_RNA	0	0	0	0.0000	0.0000	0.0000
ENSG00000207475.1	SNORA80E	snoRNA	2	0	2	0.8279	0.2053	0.2220
ENSG00000207476.1	RNU6-286P	snRNA	0	0	0	0.0000	0.0000	0.0000
ENSG00000207480.1	Y_RNA	misc_RNA	0	0	1	0.0000	0.0000	0.0000
ENSG00000207481.1	Y_RNA	misc_RNA	0	0	0	0.0000	0.0000	0.0000
ENSG00000207483.1	RNU6-1067P	snRNA	0	0	0	0.0000	0.0000	0.0000
ENSG00000207484.1	Y_RNA	misc_RNA	0	0	0	0.0000	0.0000	0.0000
ENSG00000207486.1	RNU6-1044P	snRNA	0	0	0	0.0000	0.0000	0.0000
ENSG00000207488.1	Y_RNA	misc_RNA	0	0	0	0.0000	0.0000	0.0000
ENSG00000207490.1	RNU6-987P	snRNA	0	0	0	0.0000	0.0000	0.0000
ENSG00000207492.1	RNU6-713P	snRNA	0	0	0	0.0000	0.0000	0.0000
ENSG00000207493.1	SNORA46	snoRNA	1	1	0	0.4201	0.1042	0.1126
ENSG00000207494.1	Y_RNA	misc_RNA	0	0	0	0.0000	0.0000	0.0000
ENSG00000207495.1	RNY3P10	misc_RNA	0	0	0	0.0000	0.0000	0.0000
ENSG00000207496.1	SNORA7A	snoRNA	0	0	0	0.0000	0.0000	0.0000
ENSG00000207497.1	Y_RNA	misc_RNA	0	0	0	0.0000	0.0000	0.0000
ENSG00000207499.1	Y_RNA	misc_RNA	0	0	0	0.0000	0.0000	0.0000
ENSG00000207500.1	SNORD102	snoRNA	0	0	0	0.0000	0.0000	0.0000
ENSG00000207501.1	RNVU1-14	snRNA	0	0	0	0.0000	0.0000	0.0000
ENSG00000207502.1	AL592436.1	snoRNA	0	0	0	0.0000	0.0000	0.0000
ENSG00000207503.1	AP001610.1	snoRNA	0	0	0	0.0000	0.0000	0.0000
ENSG00000207504.1	RNU6-1031P	snRNA	0	0	0	0.0000	0.0000	0.0000
ENSG00000207505.1	RNU6-1105P	snRNA	0	0	0	0.0000	0.0000	0.0000
ENSG00000207507.1	RNU6-9	snRNA	0	0	0	0.0000	0.0000	0.0000
ENSG00000207508.1	RNU6-1237P	snRNA	0	0	0	0.0000	0.0000	0.0000
ENSG00000207511.1	RNU6-771P	snRNA	0	0	0	0.0000	0.0000	0.0000
ENSG00000207512.1	Y_RNA	misc_RNA	0	0	0	0.0000	0.0000	0.0000
ENSG00000207513.1	RNU1-3	snRNA	0	0	0	0.0000	0.0000	0.0000
ENSG00000207515.1	RNU6-555P	snRNA	0	0	0	0.0000	0.0000	0.0000
ENSG00000207516.1	SNORA41B	snoRNA	0	0	0	0.0000	0.0000	0.0000
ENSG00000207518.1	RNU6-59P	snRNA	0	0	0	0.0000	0.0000	0.0000
ENSG00000207523.1	SNORA66	snoRNA	5	3	2	2.1320	0.5287	0.5716
ENSG00000207524.1	RNU6-33P	snRNA	0	0	0	0.0000	0.0000	0.0000
ENSG00000207525.1	Y_RNA	misc_RNA	1	0	1	0.5615	0.1392	0.1506
ENSG00000207546.1	MIR548C	miRNA	0	0	2	0.0000	0.0000	0.0000
ENSG00000207547.1	MIR25	miRNA	3	1	2	2.0254	0.5023	0.5431
ENSG00000207548.3	MIR217	miRNA	0	0	0	0.0000	0.0000	0.0000
ENSG00000207549.1	MIR521-2	miRNA	0	0	0	0.0000	0.0000	0.0000
ENSG00000207550.1	MIR99B	miRNA	0	0	1	0.0000	0.0000	0.0000
ENSG00000207551.1	MIR608	miRNA	0	0	0	0.0000	0.0000	0.0000
ENSG00000207552.1	MIR633	miRNA	0	0	0	0.0000	0.0000	0.0000
ENSG00000207554.1	MIR647	miRNA	19	11	8	11.2238	2.7834	3.0095
ENSG00000207559.1	MIR578	miRNA	0	0	0	0.0000	0.0000	0.0000
ENSG00000207561.1	MIR635	miRNA	51	22	29	29.5123	7.3188	7.9132
ENSG00000207562.3	MIR34C	miRNA	0	0	0	0.0000	0.0000	0.0000
ENSG00000207563.1	MIR23B	miRNA	0	0	0	0.0000	0.0000	0.0000
ENSG00000207568.1	MIR203A	miRNA	0	0	0	0.0000	0.0000	0.0000
ENSG00000207569.2	MIR433	miRNA	0	0	0	0.0000	0.0000	0.0000
ENSG00000207571.1	MIR615	miRNA	0	0	0	0.0000	0.0000	0.0000
ENSG00000207573.1	MIR550A2	miRNA	0	0	0	0.0000	0.0000	0.0000
ENSG00000207574.1	MIR661	miRNA	1	1	0	0.6372	0.1580	0.1709
ENSG00000207575.1	MIR649	miRNA	0	0	0	0.0000	0.0000	0.0000
ENSG00000207577.1	MIR587	miRNA	0	0	0	0.0000	0.0000	0.0000
ENSG00000207578.1	MIR583	miRNA	0	0	0	0.0000	0.0000	0.0000
ENSG00000207579.1	MIR662	miRNA	0	0	0	0.0000	0.0000	0.0000
ENSG00000207580.1	MIR526B	miRNA	0	0	0	0.0000	0.0000	0.0000
ENSG00000207581.1	MIR199B	miRNA	0	0	0	0.0000	0.0000	0.0000
ENSG00000207582.1	MIR30B	miRNA	0	0	0	0.0000	0.0000	0.0000
ENSG00000207583.1	MIR606	miRNA	0	0	0	0.0000	0.0000	0.0000
ENSG00000207585.1	MIR181D	miRNA	1	0	1	0.4139	0.1027	0.1110
ENSG00000207586.1	MIR135A2	miRNA	0	0	0	0.0000	0.0000	0.0000
ENSG00000207587.1	MIR544A	miRNA	0	0	0	0.0000	0.0000	0.0000
ENSG00000207588.1	MIR593	miRNA	0	0	0	0.0000	0.0000	0.0000
ENSG00000207589.1	MIR508	miRNA	0	0	0	0.0000	0.0000	0.0000
ENSG00000207590.1	MIR215	miRNA	0	0	0	0.0000	0.0000	0.0000
ENSG00000207594.1	MIR520A	miRNA	0	0	0	0.0000	0.0000	0.0000
ENSG00000207595.1	MIR181A2	miRNA	0	0	0	0.0000	0.0000	0.0000
ENSG00000207597.1	MIR490	miRNA	0	0	0	0.0000	0.0000	0.0000
ENSG00000207598.1	MIR124-3	miRNA	0	0	0	0.0000	0.0000	0.0000
ENSG00000207599.1	MIR520E	miRNA	0	0	0	0.0000	0.0000	0.0000
ENSG00000207600.3	MIR598	miRNA	0	0	0	0.0000	0.0000	0.0000
ENSG00000207604.3	MIR206	miRNA	0	0	0	0.0000	0.0000	0.0000
ENSG00000207605.3	MIR191	miRNA	0	0	0	0.0000	0.0000	0.0000
ENSG00000207606.1	MIR554	miRNA	2	0	2	1.1815	0.2930	0.3168
ENSG00000207607.3	MIR200A	miRNA	0	0	0	0.0000	0.0000	0.0000
ENSG00000207608.3	MIR127	miRNA	0	0	0	0.0000	0.0000	0.0000
ENSG00000207609.3	MIR491	miRNA	1	0	1	0.6751	0.1674	0.1810
ENSG00000207611.1	MIR149	miRNA	0	0	0	0.0000	0.0000	0.0000
ENSG00000207612.1	MIR604	miRNA	0	0	0	0.0000	0.0000	0.0000
ENSG00000207613.1	MIR181C	miRNA	0	0	0	0.0000	0.0000	0.0000
ENSG00000207614.1	MIR193A	miRNA	0	0	0	0.0000	0.0000	0.0000
ENSG00000207615.3	MIR515-2	miRNA	0	0	0	0.0000	0.0000	0.0000
ENSG00000207616.1	MIR515-1	miRNA	0	0	0	0.0000	0.0000	0.0000
ENSG00000207617.4	MIR3074	miRNA	0	6	11	0.0000	0.0000	0.0000
ENSG00000207619.1	MIR585	miRNA	0	0	0	0.0000	0.0000	0.0000
ENSG00000207620.1	MIR516A2	miRNA	0	0	0	0.0000	0.0000	0.0000
ENSG00000207622.1	MIR619	miRNA	0	0	0	0.0000	0.0000	0.0000
ENSG00000207624.1	MIR194-1	miRNA	0	0	0	0.0000	0.0000	0.0000
ENSG00000207625.1	MIR128-2	miRNA	0	0	0	0.0000	0.0000	0.0000
ENSG00000207626.1	MIR562	miRNA	0	0	0	0.0000	0.0000	0.0000
ENSG00000207627.1	MIR581	miRNA	0	0	0	0.0000	0.0000	0.0000
ENSG00000207628.3	MIR651	miRNA	0	0	0	0.0000	0.0000	0.0000
ENSG00000207629.1	MIR526A1	miRNA	0	0	0	0.0000	0.0000	0.0000
ENSG00000207630.1	MIR7-3	miRNA	0	0	0	0.0000	0.0000	0.0000
ENSG00000207631.1	MIR641	miRNA	5	4	1	2.8641	0.7103	0.7680
ENSG00000207632.1	MIR588	miRNA	0	0	0	0.0000	0.0000	0.0000
ENSG00000207633.3	MIR505	miRNA	0	0	0	0.0000	0.0000	0.0000
ENSG00000207634.1	MIR521-1	miRNA	0	0	0	0.0000	0.0000	0.0000
ENSG00000207635.1	MIR499A	miRNA	1	1	0	0.4648	0.1153	0.1246
ENSG00000207637.1	MIR595	miRNA	0	0	0	0.0000	0.0000	0.0000
ENSG00000207638.1	MIR99A	miRNA	0	0	0	0.0000	0.0000	0.0000
ENSG00000207639.1	MIR193B	miRNA	0	0	0	0.0000	0.0000	0.0000
ENSG00000207641.1	MIR510	miRNA	0	0	0	0.0000	0.0000	0.0000
ENSG00000207642.1	MIR571	miRNA	0	0	0	0.0000	0.0000	0.0000
ENSG00000207644.1	MIR512-2	miRNA	0	0	0	0.0000	0.0000	0.0000
ENSG00000207645.2	MIR512-1	miRNA	0	0	0	0.0000	0.0000	0.0000
ENSG00000207646.1	MIR655	miRNA	0	0	0	0.0000	0.0000	0.0000
ENSG00000207647.1	MIR153-1	miRNA	1	1	0	0.6301	0.1563	0.1690
ENSG00000207649.3	MIR138-2	miRNA	0	0	0	0.0000	0.0000	0.0000
ENSG00000207650.1	MIR570	miRNA	33	12	21	19.2931	4.7845	5.1731
ENSG00000207651.1	MIR28	miRNA	0	0	0	0.0000	0.0000	0.0000
ENSG00000207652.1	MIR621	miRNA	0	0	0	0.0000	0.0000	0.0000
ENSG00000207653.1	MIR558	miRNA	1	1	0	0.6033	0.1496	0.1618
ENSG00000207654.4	MIR128-1	miRNA	0	0	0	0.0000	0.0000	0.0000
ENSG00000207656.1	MIR489	miRNA	0	0	0	0.0000	0.0000	0.0000
ENSG00000207688.2	MIR548AA2	miRNA	0	1	1	0.0000	0.0000	0.0000
ENSG00000207689.1	MIR548A2	miRNA	0	0	0	0.0000	0.0000	0.0000
ENSG00000207691.1	MIR183	miRNA	0	0	0	0.0000	0.0000	0.0000
ENSG00000207692.3	MIR592	miRNA	0	0	0	0.0000	0.0000	0.0000
ENSG00000207693.1	MIR602	miRNA	1	0	1	0.5787	0.1435	0.1552
ENSG00000207695.1	MIR184	miRNA	0	0	0	0.0000	0.0000	0.0000
ENSG00000207696.1	MIR659	miRNA	3	2	1	1.7539	0.4350	0.4703
ENSG00000207697.1	MIR573	miRNA	10	3	7	5.7283	1.4206	1.5359
ENSG00000207698.1	MIR32	miRNA	1	1	0	0.8101	0.2009	0.2172
ENSG00000207699.1	MIR518A2	miRNA	0	0	0	0.0000	0.0000	0.0000
ENSG00000207701.1	MIR597	miRNA	0	0	0	0.0000	0.0000	0.0000
ENSG00000207702.1	MIR211	miRNA	0	0	0	0.0000	0.0000	0.0000
ENSG00000207703.1	MIR7-2	miRNA	0	0	0	0.0000	0.0000	0.0000
ENSG00000207704.2	MIR548AA1	miRNA	0	5	4	0.0000	0.0000	0.0000
ENSG00000207705.2	MIR129-1	miRNA	0	0	0	0.0000	0.0000	0.0000
ENSG00000207706.1	MIR518F	miRNA	0	0	0	0.0000	0.0000	0.0000
ENSG00000207708.1	MIR141	miRNA	1	1	0	0.5969	0.1480	0.1601
ENSG00000207711.1	MIR525	miRNA	0	0	0	0.0000	0.0000	0.0000
ENSG00000207712.1	MIR627	miRNA	0	0	0	0.0000	0.0000	0.0000
ENSG00000207713.3	MIR200C	miRNA	0	0	0	0.0000	0.0000	0.0000
ENSG00000207714.3	MIR584	miRNA	0	0	0	0.0000	0.0000	0.0000
ENSG00000207716.1	MIR572	miRNA	0	0	0	0.0000	0.0000	0.0000
ENSG00000207717.1	MIR551B	miRNA	0	0	0	0.0000	0.0000	0.0000
ENSG00000207719.1	MIR623	miRNA	2	1	1	1.1573	0.2870	0.3103
ENSG00000207721.1	MIR186	miRNA	23	11	12	15.1666	3.7612	4.0667
ENSG00000207722.1	MIR520B	miRNA	0	0	0	0.0000	0.0000	0.0000
ENSG00000207725.3	MIR222	miRNA	0	0	0	0.0000	0.0000	0.0000
ENSG00000207726.3	MIR455	miRNA	0	0	0	0.0000	0.0000	0.0000
ENSG00000207728.1	MIR449B	miRNA	0	0	0	0.0000	0.0000	0.0000
ENSG00000207729.3	MIR556	miRNA	1	1	0	0.5969	0.1480	0.1601
ENSG00000207730.3	MIR200B	miRNA	0	0	0	0.0000	0.0000	0.0000
ENSG00000207731.1	MIR506	miRNA	0	0	0	0.0000	0.0000	0.0000
ENSG00000207732.1	MIR218-1	miRNA	0	0	0	0.0000	0.0000	0.0000
ENSG00000207734.1	MIR517A	miRNA	0	0	0	0.0000	0.0000	0.0000
ENSG00000207735.1	MIR520D	miRNA	0	0	0	0.0000	0.0000	0.0000
ENSG00000207736.1	MIR657	miRNA	0	0	0	0.0000	0.0000	0.0000
ENSG00000207737.1	MIR181B2	miRNA	1	1	0	0.6372	0.1580	0.1709
ENSG00000207738.1	MIR520C	miRNA	0	0	0	0.0000	0.0000	0.0000
ENSG00000207739.1	MIR218-2	miRNA	0	0	0	0.0000	0.0000	0.0000
ENSG00000207741.1	MIR590	miRNA	4	2	2	2.3386	0.5799	0.6270
ENSG00000207742.3	MIR487A	miRNA	0	0	0	0.0000	0.0000	0.0000
ENSG00000207743.3	MIR495	miRNA	0	0	0	0.0000	0.0000	0.0000
ENSG00000207744.1	MIR10B	miRNA	3	1	2	1.5466	0.3836	0.4147
ENSG00000207746.1	MIR575	miRNA	0	0	0	0.0000	0.0000	0.0000
ENSG00000207749.4	MIR299	miRNA	0	0	0	0.0000	0.0000	0.0000
ENSG00000207750.1	MIR553	miRNA	2	1	1	1.6679	0.4136	0.4472
ENSG00000207751.3	AP000553.1	lncRNA	15	10	5	0.7783	0.1930	0.2087
ENSG00000207752.1	MIR199A1	miRNA	2	1	1	1.5975	0.3962	0.4283
ENSG00000207754.3	MIR487B	miRNA	1	0	1	0.6751	0.1674	0.1810
ENSG00000207755.3	MIR450A2	miRNA	0	0	0	0.0000	0.0000	0.0000
ENSG00000207756.1	MIR580	miRNA	0	0	0	0.0000	0.0000	0.0000
ENSG00000207757.1	MIR93	miRNA	0	0	0	0.0000	0.0000	0.0000
ENSG00000207758.1	MIR532	miRNA	0	0	0	0.0000	0.0000	0.0000
ENSG00000207759.1	MIR181A1	miRNA	0	0	0	0.0000	0.0000	0.0000
ENSG00000207761.3	MIR329-1	miRNA	0	0	0	0.0000	0.0000	0.0000
ENSG00000207762.1	MIR329-2	miRNA	0	0	0	0.0000	0.0000	0.0000
ENSG00000207763.1	MIR617	miRNA	0	0	0	0.0000	0.0000	0.0000
ENSG00000207766.1	MIR626	miRNA	0	0	0	0.0000	0.0000	0.0000
ENSG00000207767.3	MIR516A1	miRNA	0	0	0	0.0000	0.0000	0.0000
ENSG00000207768.3	MIR188	miRNA	0	0	0	0.0000	0.0000	0.0000
ENSG00000207769.1	MIR586	miRNA	0	0	0	0.0000	0.0000	0.0000
ENSG00000207771.1	MIR550A1	miRNA	0	0	0	0.0000	0.0000	0.0000
ENSG00000207773.1	MIR642A	miRNA	0	0	1	0.0000	0.0000	0.0000
ENSG00000207775.1	MIR548A1	miRNA	0	0	0	0.0000	0.0000	0.0000
ENSG00000207776.1	MIR551A	miRNA	0	0	0	0.0000	0.0000	0.0000
ENSG00000207778.3	MIR3591	miRNA	0	0	0	0.0000	0.0000	0.0000
ENSG00000207779.1	MIR15B	miRNA	0	0	0	0.0000	0.0000	0.0000
ENSG00000207780.1	MIR648	miRNA	0	0	0	0.0000	0.0000	0.0000
ENSG00000207781.1	MIR625	miRNA	0	0	0	0.0000	0.0000	0.0000
ENSG00000207782.3	MIR150	miRNA	0	0	0	0.0000	0.0000	0.0000
ENSG00000207784.3	MIR542	miRNA	0	0	0	0.0000	0.0000	0.0000
ENSG00000207785.1	MIR500A	miRNA	0	0	0	0.0000	0.0000	0.0000
ENSG00000207788.1	MIR519C	miRNA	0	0	0	0.0000	0.0000	0.0000
ENSG00000207789.1	MIR26A2	miRNA	3	2	1	2.0254	0.5023	0.5431
ENSG00000207797.1	MIR187	miRNA	0	0	0	0.0000	0.0000	0.0000
ENSG00000207798.1	MIR216A	miRNA	0	0	0	0.0000	0.0000	0.0000
ENSG00000207799.1	MIR520G	miRNA	0	0	0	0.0000	0.0000	0.0000
ENSG00000207800.3	MIR504	miRNA	0	0	0	0.0000	0.0000	0.0000
ENSG00000207802.1	MIR646	miRNA	0	0	0	0.0000	0.0000	0.0000
ENSG00000207803.1	MIR518A1	miRNA	0	0	0	0.0000	0.0000	0.0000
ENSG00000207804.1	MIR599	miRNA	1	1	0	0.5969	0.1480	0.1601
ENSG00000207805.3	MIR483	miRNA	1	0	1	0.7462	0.1850	0.2001
ENSG00000207807.1	MIR95	miRNA	0	0	0	0.0000	0.0000	0.0000
ENSG00000207808.1	MIR27A	miRNA	0	0	0	0.0000	0.0000	0.0000
ENSG00000207810.1	MIR519E	miRNA	0	0	0	0.0000	0.0000	0.0000
ENSG00000207811.3	MIR34B	miRNA	0	0	0	0.0000	0.0000	0.0000
ENSG00000207813.1	MIR605	miRNA	0	0	0	0.0000	0.0000	0.0000
ENSG00000207814.1	MIR147A	miRNA	0	0	0	0.0000	0.0000	0.0000
ENSG00000207815.1	MIR563	miRNA	0	0	0	0.0000	0.0000	0.0000
ENSG00000207816.1	MIR124-2	miRNA	0	0	0	0.0000	0.0000	0.0000
ENSG00000207818.1	MIR105-2	miRNA	0	0	0	0.0000	0.0000	0.0000
ENSG00000207820.1	MIR545	miRNA	0	0	0	0.0000	0.0000	0.0000
ENSG00000207821.1	MIR640	miRNA	0	0	0	0.0000	0.0000	0.0000
ENSG00000207825.1	MIR519B	miRNA	0	0	0	0.0000	0.0000	0.0000
ENSG00000207826.1	MIR596	miRNA	0	0	0	0.0000	0.0000	0.0000
ENSG00000207827.1	MIR30A	miRNA	0	0	0	0.0000	0.0000	0.0000
ENSG00000207837.1	MIR517B	miRNA	0	0	0	0.0000	0.0000	0.0000
ENSG00000207838.1	MIR517C	miRNA	0	0	0	0.0000	0.0000	0.0000
ENSG00000207839.1	MIR33B	miRNA	1	1	0	0.5907	0.1465	0.1584
ENSG00000207861.1	MIR520H	miRNA	0	0	0	0.0000	0.0000	0.0000
ENSG00000207862.1	MIR518B	miRNA	0	0	0	0.0000	0.0000	0.0000
ENSG00000207863.1	MIR125B2	miRNA	0	0	0	0.0000	0.0000	0.0000
ENSG00000207864.3	MIR27B	miRNA	1	1	0	0.5846	0.1450	0.1568
ENSG00000207866.1	MIR514A2	miRNA	0	0	0	0.0000	0.0000	0.0000
ENSG00000207867.1	MIR514A3	miRNA	0	0	0	0.0000	0.0000	0.0000
ENSG00000207868.1	MIR514A1	miRNA	0	0	0	0.0000	0.0000	0.0000
ENSG00000207869.1	MIR498	miRNA	0	0	0	0.0000	0.0000	0.0000
ENSG00000207870.1	MIR221	miRNA	4	2	2	2.0622	0.5114	0.5529
ENSG00000207871.2	MIR513B	miRNA	0	0	0	0.0000	0.0000	0.0000
ENSG00000207873.1	MIR513A1	miRNA	0	0	0	0.0000	0.0000	0.0000
ENSG00000207874.1	MIR610	miRNA	0	0	0	0.0000	0.0000	0.0000
ENSG00000207922.1	AC104450.1	miRNA	2	1	1	1.2066	0.2992	0.3235
ENSG00000207923.1	MIR559	miRNA	1	0	1	0.5907	0.1465	0.1584
ENSG00000207924.3	MIR196A2	miRNA	0	0	0	0.0000	0.0000	0.0000
ENSG00000207925.1	MIR516B2	miRNA	0	0	0	0.0000	0.0000	0.0000
ENSG00000207926.1	MIR135A1	miRNA	0	4	3	0.0000	0.0000	0.0000
ENSG00000207927.1	MIR302A	miRNA	0	0	0	0.0000	0.0000	0.0000
ENSG00000207930.1	MIR603	miRNA	0	0	0	0.0000	0.0000	0.0000
ENSG00000207931.1	MIR577	miRNA	0	0	0	0.0000	0.0000	0.0000
ENSG00000207932.1	MIR33A	miRNA	0	0	0	0.0000	0.0000	0.0000
ENSG00000207933.3	MIR9-1	miRNA	0	0	0	0.0000	0.0000	0.0000
ENSG00000207934.1	MIR654	miRNA	0	0	0	0.0000	0.0000	0.0000
ENSG00000207935.3	MIR204	miRNA	0	0	0	0.0000	0.0000	0.0000
ENSG00000207938.1	MIR511	miRNA	0	0	0	0.0000	0.0000	0.0000
ENSG00000207940.1	MIR567	miRNA	0	0	0	0.0000	0.0000	0.0000
ENSG00000207941.1	MIR552	miRNA	0	0	0	0.0000	0.0000	0.0000
ENSG00000207942.2	MIR136	miRNA	0	0	0	0.0000	0.0000	0.0000
ENSG00000207943.1	MIR634	miRNA	0	0	0	0.0000	0.0000	0.0000
ENSG00000207944.1	MIR574	miRNA	0	0	0	0.0000	0.0000	0.0000
ENSG00000207946.3	MIR516B1	miRNA	0	0	0	0.0000	0.0000	0.0000
ENSG00000207947.3	MIR152	miRNA	0	0	0	0.0000	0.0000	0.0000
ENSG00000207948.3	MIR328	miRNA	0	1	0	0.0000	0.0000	0.0000
ENSG00000207951.1	MIR561	miRNA	0	0	0	0.0000	0.0000	0.0000
ENSG00000207952.1	MIR624	miRNA	0	0	0	0.0000	0.0000	0.0000
ENSG00000207954.1	MIR138-1	miRNA	0	0	0	0.0000	0.0000	0.0000
ENSG00000207955.5	AL359091.1	lncRNA	2	1	1	0.0754	0.0187	0.0202
ENSG00000207956.1	MIR579	miRNA	5	3	2	2.8934	0.7175	0.7758
ENSG00000207957.1	MIR105-1	miRNA	0	0	0	0.0000	0.0000	0.0000
ENSG00000207959.1	MIR656	miRNA	0	0	0	0.0000	0.0000	0.0000
ENSG00000207960.1	MIR153-2	miRNA	0	0	0	0.0000	0.0000	0.0000
ENSG00000207961.3	MIR496	miRNA	0	0	0	0.0000	0.0000	0.0000
ENSG00000207962.1	MIR30C1	miRNA	0	0	0	0.0000	0.0000	0.0000
ENSG00000207963.1	MIR569	miRNA	0	0	0	0.0000	0.0000	0.0000
ENSG00000207965.1	MIR629	miRNA	0	0	0	0.0000	0.0000	0.0000
ENSG00000207967.1	MIR620	miRNA	0	0	0	0.0000	0.0000	0.0000
ENSG00000207969.1	MIR507	miRNA	0	0	0	0.0000	0.0000	0.0000
ENSG00000207970.3	MIR660	miRNA	0	0	0	0.0000	0.0000	0.0000
ENSG00000207971.1	MIR125B1	miRNA	2	1	1	1.2889	0.3196	0.3456
ENSG00000207972.1	MIR638	miRNA	0	0	0	0.0000	0.0000	0.0000
ENSG00000207973.1	MIR589	miRNA	0	0	0	0.0000	0.0000	0.0000
ENSG00000207974.1	MIR557	miRNA	0	0	0	0.0000	0.0000	0.0000
ENSG00000207975.1	MIR181B1	miRNA	0	0	0	0.0000	0.0000	0.0000
ENSG00000207976.1	MIR607	miRNA	0	0	0	0.0000	0.0000	0.0000
ENSG00000207978.1	MIR154	miRNA	0	0	0	0.0000	0.0000	0.0000
ENSG00000207979.1	MIR527	miRNA	0	0	0	0.0000	0.0000	0.0000
ENSG00000207980.1	MIR23A	miRNA	0	0	0	0.0000	0.0000	0.0000
ENSG00000207981.1	MIR519D	miRNA	0	0	0	0.0000	0.0000	0.0000
ENSG00000207982.1	MIR548B	miRNA	0	0	0	0.0000	0.0000	0.0000
ENSG00000207983.1	MIR613	miRNA	0	0	0	0.0000	0.0000	0.0000
ENSG00000207984.1	MIR513A2	miRNA	0	0	0	0.0000	0.0000	0.0000
ENSG00000207987.1	MIR518E	miRNA	0	0	0	0.0000	0.0000	0.0000
ENSG00000207988.1	MIR576	miRNA	0	0	0	0.0000	0.0000	0.0000
ENSG00000207989.3	MIR493	miRNA	0	0	0	0.0000	0.0000	0.0000
ENSG00000207990.3	MIR182	miRNA	0	0	0	0.0000	0.0000	0.0000
ENSG00000207991.1	MIR601	miRNA	2	1	1	1.4357	0.3560	0.3850
ENSG00000207992.1	MIR519A1	miRNA	0	0	0	0.0000	0.0000	0.0000
ENSG00000207993.3	MIR134	miRNA	1	1	0	0.7768	0.1927	0.2083
ENSG00000207994.1	MIR100	miRNA	0	0	0	0.0000	0.0000	0.0000
ENSG00000207995.1	MIR325	miRNA	0	0	0	0.0000	0.0000	0.0000
ENSG00000207996.1	MIR301A	miRNA	0	0	0	0.0000	0.0000	0.0000
ENSG00000207997.1	MIR644A	miRNA	0	0	0	0.0000	0.0000	0.0000
ENSG00000208000.1	MIR509-1	miRNA	0	0	0	0.0000	0.0000	0.0000
ENSG00000208001.1	MIR431	miRNA	0	0	0	0.0000	0.0000	0.0000
ENSG00000208002.1	MIR643	miRNA	2	2	0	1.1693	0.2900	0.3135
ENSG00000208003.1	MIR549A	miRNA	1	1	0	0.5907	0.1465	0.1584
ENSG00000208004.2	MIR323B	miRNA	0	0	0	0.0000	0.0000	0.0000
ENSG00000208005.1	MIR503	miRNA	0	0	0	0.0000	0.0000	0.0000
ENSG00000208006.1	MIR16-1	miRNA	0	0	0	0.0000	0.0000	0.0000
ENSG00000208008.1	MIR125A	miRNA	0	0	0	0.0000	0.0000	0.0000
ENSG00000208009.1	MIR130A	miRNA	0	0	0	0.0000	0.0000	0.0000
ENSG00000208012.1	MIRLET7F2	miRNA	0	0	0	0.0000	0.0000	0.0000
ENSG00000208013.3	MIR652	miRNA	0	0	0	0.0000	0.0000	0.0000
ENSG00000208014.1	MIR653	miRNA	0	0	0	0.0000	0.0000	0.0000
ENSG00000208015.1	MIR362	miRNA	0	0	0	0.0000	0.0000	0.0000
ENSG00000208017.3	MIR140	miRNA	1	1	0	0.5671	0.1406	0.1521
ENSG00000208018.1	MIR645	miRNA	1	1	0	0.6033	0.1496	0.1618
ENSG00000208022.1	MIR618	miRNA	0	0	0	0.0000	0.0000	0.0000
ENSG00000208023.3	MIR185	miRNA	0	0	0	0.0000	0.0000	0.0000
ENSG00000208024.1	MIR199A2	miRNA	0	0	0	0.0000	0.0000	0.0000
ENSG00000208025.1	MIR591	miRNA	0	0	0	0.0000	0.0000	0.0000
ENSG00000208027.4	MIR485	miRNA	0	0	0	0.0000	0.0000	0.0000
ENSG00000208028.1	MIR616	miRNA	0	0	0	0.0000	0.0000	0.0000
ENSG00000208032.1	MIR548A3	miRNA	0	0	0	0.0000	0.0000	0.0000
ENSG00000208033.1	MIR609	miRNA	0	0	0	0.0000	0.0000	0.0000
ENSG00000208036.1	MIR106B	miRNA	1	0	1	0.6916	0.1715	0.1854
ENSG00000208037.1	MIR320A	miRNA	0	0	0	0.0000	0.0000	0.0000
ENSG00000208308.1	SNORA40B	snoRNA	0	0	0	0.0000	0.0000	0.0000
ENSG00000208772.1	SNORD94	snoRNA	3	1	2	1.2418	0.3080	0.3330
ENSG00000208797.1	SNORD73A	snoRNA	0	0	0	0.0000	0.0000	0.0000
ENSG00000208839.1	SNORA35	snoRNA	0	0	0	0.0000	0.0000	0.0000
ENSG00000208883.1	SNORD96B	snoRNA	0	0	0	0.0000	0.0000	0.0000
ENSG00000208892.1	SNORA49	snoRNA	1	0	1	0.4170	0.1034	0.1118
ENSG00000209042.1	SNORD12C	snoRNA	1	0	1	0.6372	0.1580	0.1709
ENSG00000209082.1	MT-TL1	Mt_tRNA	8	7	1	6.0491	1.5001	1.6220
ENSG00000209480.1	SNORD83B	snoRNA	0	0	0	0.0000	0.0000	0.0000
ENSG00000209482.1	SNORD83A	snoRNA	4	3	1	2.3878	0.5921	0.6402
ENSG00000209582.1	SNORA48	snoRNA	0	0	0	0.0000	0.0000	0.0000
ENSG00000209645.1	SNORD105	snoRNA	0	0	0	0.0000	0.0000	0.0000
ENSG00000209702.1	SNORD41	snoRNA	0	0	0	0.0000	0.0000	0.0000
ENSG00000210049.1	MT-TF	Mt_tRNA	3	2	1	2.3962	0.5942	0.6425
ENSG00000210077.1	MT-TV	Mt_tRNA	1	1	0	0.8219	0.2038	0.2204
ENSG00000210082.2	MT-RNR2	Mt_rRNA	447011	220769	226243	16260.4116	4032.4180	4359.9589
ENSG00000210100.1	MT-TI	Mt_tRNA	1	7	11	0.8219	0.2038	0.2204
ENSG00000210107.1	MT-TQ	Mt_tRNA	0	96	89	0.0000	0.0000	0.0000
ENSG00000210112.1	MT-TM	Mt_tRNA	6	5	2	5.0038	1.2409	1.3417
ENSG00000210117.1	MT-TW	Mt_tRNA	0	126	148	0.0000	0.0000	0.0000
ENSG00000210127.1	MT-TA	Mt_tRNA	0	26	23	0.0000	0.0000	0.0000
ENSG00000210135.1	MT-TN	Mt_tRNA	0	29	20	0.0000	0.0000	0.0000
ENSG00000210140.1	MT-TC	Mt_tRNA	10	50	48	8.5924	2.1308	2.3039
ENSG00000210144.1	MT-TY	Mt_tRNA	7	508	431	6.0147	1.4916	1.6127
ENSG00000210151.2	MT-TS1	Mt_tRNA	0	11956	12063	0.0000	0.0000	0.0000
ENSG00000210154.1	MT-TD	Mt_tRNA	0	0	0	0.0000	0.0000	0.0000
ENSG00000210156.1	MT-TK	Mt_tRNA	0	0	0	0.0000	0.0000	0.0000
ENSG00000210164.1	MT-TG	Mt_tRNA	0	0	0	0.0000	0.0000	0.0000
ENSG00000210174.1	MT-TR	Mt_tRNA	0	0	0	0.0000	0.0000	0.0000
ENSG00000210176.1	MT-TH	Mt_tRNA	0	0	0	0.0000	0.0000	0.0000
ENSG00000210181.1	RNU6ATAC4P	snRNA	0	0	0	0.0000	0.0000	0.0000
ENSG00000210184.1	MT-TS2	Mt_tRNA	0	0	0	0.0000	0.0000	0.0000
ENSG00000210191.1	MT-TL2	Mt_tRNA	0	0	0	0.0000	0.0000	0.0000
ENSG00000210194.1	MT-TE	Mt_tRNA	0	128	91	0.0000	0.0000	0.0000
ENSG00000210195.2	MT-TT	Mt_tRNA	9	30	40	7.7332	1.9178	2.0735
ENSG00000210196.2	MT-TP	Mt_tRNA	1703	938	872	1420.2512	352.2080	380.8167
ENSG00000210678.1	RNU6ATAC2P	snRNA	0	0	0	0.0000	0.0000	0.0000
ENSG00000210709.1	RNU6ATAC3P	snRNA	4	3	1	1.8003	0.4465	0.4827
ENSG00000210741.1	MIR196A1	miRNA	0	0	0	0.0000	0.0000	0.0000
ENSG00000210825.1	SNORA40	snoRNA	0	0	0	0.0000	0.0000	0.0000
ENSG00000210839.1	RNU6ATAC5P	snRNA	0	0	0	0.0000	0.0000	0.0000
ENSG00000210841.1	RNU6ATAC26P	snRNA	1	0	1	0.4501	0.1116	0.1207
ENSG00000211137.1	MIR190A	miRNA	0	0	0	0.0000	0.0000	0.0000
ENSG00000211445.12	GPX3	protein_coding	1559	771	790	27.9604	6.9339	7.4971
ENSG00000211448.13	DIO2	protein_coding	1584	805	783	12.1505	3.0132	3.2580
ENSG00000211450.10	SELENOH	protein_coding	189	52	145	4.6500	1.1531	1.2468
ENSG00000211451.12	GNRHR2	transcribed_unitary_pseudogene	98	580	566	2.2133	0.5489	0.5935
ENSG00000211452.11	DIO1	protein_coding	52	23	29	1.2923	0.3205	0.3465
ENSG00000211454.15	AKR7L	polymorphic_pseudogene	47	23	24	0.9629	0.2388	0.2582
ENSG00000211455.8	STK38L	protein_coding	7121	3611	3510	58.8419	14.5922	15.7775
ENSG00000211456.13	SACM1L	protein_coding	4418	2195	2224	34.1481	8.4684	9.1562
ENSG00000211459.2	MT-RNR1	Mt_rRNA	39530	19405	20125	2349.8378	582.7360	630.0699
ENSG00000211460.12	TSN	protein_coding	7421	3706	3715	95.7553	23.7464	25.6752
ENSG00000211491.2	MIR320D1	miRNA	0	0	0	0.0000	0.0000	0.0000
ENSG00000211513.5	MIR320E	miRNA	5	2	3	5.3500	1.3267	1.4345
ENSG00000211514.1	MIR454	miRNA	0	0	0	0.0000	0.0000	0.0000
ENSG00000211520.2	MIR216B	miRNA	0	0	0	0.0000	0.0000	0.0000
ENSG00000211532.1	MIR526A2	miRNA	0	0	0	0.0000	0.0000	0.0000
ENSG00000211538.1	MIR501	miRNA	0	0	0	0.0000	0.0000	0.0000
ENSG00000211543.2	MIR320B1	miRNA	0	0	0	0.0000	0.0000	0.0000
ENSG00000211563.4	MIR3065	miRNA	0	1	2	0.0000	0.0000	0.0000
ENSG00000211568.1	MIR670	miRNA	0	0	0	0.0000	0.0000	0.0000
ENSG00000211574.1	MIR770	miRNA	0	0	0	0.0000	0.0000	0.0000
ENSG00000211575.3	MIR760	miRNA	1	1	0	0.7089	0.1758	0.1901
ENSG00000211578.3	MIR766	miRNA	1	1	0	0.5109	0.1267	0.1370
ENSG00000211579.2	MIR759	miRNA	0	0	0	0.0000	0.0000	0.0000
ENSG00000211580.1	MIR769	miRNA	0	0	0	0.0000	0.0000	0.0000
ENSG00000211581.1	MIR765	miRNA	1	1	0	0.4975	0.1234	0.1334
ENSG00000211582.1	MIR758	miRNA	0	0	0	0.0000	0.0000	0.0000
ENSG00000211583.3	MIR767	miRNA	0	0	0	0.0000	0.0000	0.0000
ENSG00000211584.14	SLC48A1	protein_coding	2570	1320	1310	29.6711	7.3581	7.9558
ENSG00000211590.1	MIR802	miRNA	0	0	0	0.0000	0.0000	0.0000
ENSG00000211591.1	MIR762	miRNA	0	37	38	0.0000	0.0000	0.0000
ENSG00000211592.8	IGKC	IG_C_gene	13766	6689	7077	1492.6759	370.1686	400.2362
ENSG00000211593.2	IGKJ5	IG_J_gene	0	0	0	0.0000	0.0000	0.0000
ENSG00000211594.2	IGKJ4	IG_J_gene	0	0	0	0.0000	0.0000	0.0000
ENSG00000211595.2	IGKJ3	IG_J_gene	0	0	0	0.0000	0.0000	0.0000
ENSG00000211596.3	IGKJ2	IG_J_gene	0	0	0	0.0000	0.0000	0.0000
ENSG00000211597.2	IGKJ1	IG_J_gene	4	0	4	5.9695	1.4804	1.6006
ENSG00000211598.2	IGKV4-1	IG_V_gene	665	355	311	70.0969	17.3833	18.7953
ENSG00000211599.2	IGKV5-2	IG_V_gene	7	4	3	0.9730	0.2413	0.2609
ENSG00000211611.2	IGKV6-21	IG_V_gene	42	18	24	5.8665	1.4548	1.5730
ENSG00000211623.2	IGKV2D-26	IG_V_gene	0	0	0	0.0000	0.0000	0.0000
ENSG00000211625.2	IGKV3D-20	IG_V_gene	89	41	52	11.3420	2.8127	3.0412
ENSG00000211626.2	IGKV6D-41	IG_V_gene	0	0	0	0.0000	0.0000	0.0000
ENSG00000211632.4	IGKV3D-11	IG_V_gene	13	8	5	1.6604	0.4118	0.4452
ENSG00000211633.3	IGKV1D-42	IG_V_gene	4	2	2	0.6081	0.1508	0.1631
ENSG00000211637.2	IGLV4-69	IG_V_gene	72	35	37	9.7449	2.4166	2.6129
ENSG00000211638.2	IGLV8-61	IG_V_gene	69	31	38	9.4517	2.3439	2.5343
ENSG00000211639.2	IGLV4-60	IG_V_gene	2	0	2	0.3133	0.0777	0.0840
ENSG00000211640.4	IGLV6-57	IG_V_gene	75	38	37	12.0489	2.9880	3.2307
ENSG00000211641.3	IGLV11-55	IG_V_gene	1	1	0	0.1488	0.0369	0.0399
ENSG00000211642.3	IGLV10-54	IG_V_gene	42	21	21	4.2007	1.0417	1.1264
ENSG00000211643.2	IGLV5-52	IG_V_gene	0	0	0	0.0000	0.0000	0.0000
ENSG00000211644.3	IGLV1-51	IG_V_gene	11	6	5	1.6036	0.3977	0.4300
ENSG00000211645.2	IGLV1-50	IG_V_gene	1	1	0	0.1400	0.0347	0.0375
ENSG00000211647.1	IGLV5-48	IG_V_gene	0	0	0	0.0000	0.0000	0.0000
ENSG00000211648.2	IGLV1-47	IG_V_gene	129	68	61	17.9744	4.4575	4.8195
ENSG00000211649.3	IGLV7-46	IG_V_gene	32	16	16	4.7136	1.1689	1.2639
ENSG00000211650.2	IGLV5-45	IG_V_gene	20	12	8	2.8569	0.7085	0.7660
ENSG00000211651.3	IGLV1-44	IG_V_gene	181	84	97	21.9797	5.4507	5.8935
ENSG00000211652.2	IGLV7-43	IG_V_gene	46	21	25	6.7757	1.6803	1.8168
ENSG00000211653.2	IGLV1-40	IG_V_gene	277	129	148	38.5962	9.5715	10.3489
ENSG00000211654.2	IGLV5-37	IG_V_gene	2	2	0	0.3033	0.0752	0.0813
ENSG00000211655.3	IGLV1-36	IG_V_gene	10	6	4	1.4430	0.3578	0.3869
ENSG00000211656.3	IGLV2-33	IG_V_gene	1	0	1	0.1376	0.0341	0.0369
ENSG00000211657.3	IGLV3-32	IG_V_gene	0	0	0	0.0000	0.0000	0.0000
ENSG00000211658.2	IGLV3-27	IG_V_gene	7	4	3	1.0530	0.2611	0.2823
ENSG00000211659.2	IGLV3-25	IG_V_gene	128	57	71	19.1023	4.7372	5.1220
ENSG00000211660.3	IGLV2-23	IG_V_gene	310	139	171	35.0201	8.6846	9.3901
ENSG00000211661.2	IGLV3-22	IG_V_gene	3	0	3	0.4160	0.1032	0.1115
ENSG00000211662.2	IGLV3-21	IG_V_gene	258	122	136	24.3043	6.0272	6.5168
ENSG00000211663.2	IGLV3-19	IG_V_gene	166	77	89	24.9704	6.1924	6.6954
ENSG00000211664.3	IGLV2-18	IG_V_gene	9	3	6	1.3907	0.3449	0.3729
ENSG00000211665.3	IGLV3-16	IG_V_gene	1	0	1	0.1473	0.0365	0.0395
ENSG00000211666.2	IGLV2-14	IG_V_gene	471	241	230	66.4438	16.4774	17.8158
ENSG00000211667.3	IGLV3-12	IG_V_gene	0	0	0	0.0000	0.0000	0.0000
ENSG00000211668.2	IGLV2-11	IG_V_gene	327	171	156	46.3604	11.4969	12.4308
ENSG00000211669.3	IGLV3-10	IG_V_gene	133	77	56	19.7446	4.8965	5.2942
ENSG00000211670.2	IGLV3-9	IG_V_gene	8	3	5	0.9841	0.2441	0.2639
ENSG00000211672.2	IGLV4-3	IG_V_gene	1	1	0	0.1407	0.0349	0.0377
ENSG00000211673.2	IGLV3-1	IG_V_gene	263	117	146	37.4742	9.2932	10.0481
ENSG00000211674.2	IGLJ1	IG_J_gene	0	0	0	0.0000	0.0000	0.0000
ENSG00000211675.2	IGLC1	IG_C_gene	0	0	0	0.0000	0.0000	0.0000
ENSG00000211676.2	IGLJ2	IG_J_gene	0	0	0	0.0000	0.0000	0.0000
ENSG00000211677.2	IGLC2	IG_C_gene	849	403	446	104.2138	25.8440	27.9432
ENSG00000211678.2	IGLJ3	IG_J_gene	0	0	0	0.0000	0.0000	0.0000
ENSG00000211679.2	IGLC3	IG_C_gene	481	238	243	59.0422	14.6419	15.8312
ENSG00000211680.2	IGLJ4	IG_J_gene	0	0	0	0.0000	0.0000	0.0000
ENSG00000211681.2	IGLJ5	IG_J_gene	0	0	0	0.0000	0.0000	0.0000
ENSG00000211682.2	IGLJ6	IG_J_gene	0	0	0	0.0000	0.0000	0.0000
ENSG00000211683.3	AP000346.1	lncRNA	3	3	0	0.1565	0.0388	0.0420
ENSG00000211684.2	IGLJ7	IG_J_gene	0	0	0	0.0000	0.0000	0.0000
ENSG00000211685.3	IGLC7	IG_C_gene	7	1	6	0.9002	0.2232	0.2414
ENSG00000211687.1	TRGJ2	TR_J_gene	0	0	0	0.0000	0.0000	0.0000
ENSG00000211688.1	TRGJP2	TR_J_gene	0	0	0	0.0000	0.0000	0.0000
ENSG00000211689.7	TRGC1	TR_C_gene	37	17	20	0.7686	0.1906	0.2061
ENSG00000211690.1	TRGJ1	TR_J_gene	0	0	0	0.0000	0.0000	0.0000
ENSG00000211691.2	TRGJP	TR_J_gene	0	0	0	0.0000	0.0000	0.0000
ENSG00000211692.1	TRGJP1	TR_J_gene	0	0	0	0.0000	0.0000	0.0000
ENSG00000211693.2	TRGV11	TR_V_gene	0	0	0	0.0000	0.0000	0.0000
ENSG00000211694.2	TRGV10	TR_V_gene	9	4	5	0.9969	0.2472	0.2673
ENSG00000211695.2	TRGV9	TR_V_gene	6	3	3	0.1961	0.0486	0.0526
ENSG00000211696.2	TRGV8	TR_V_gene	7	3	4	0.8482	0.2104	0.2274
ENSG00000211697.4	TRGV5	TR_V_gene	6	6	0	0.6164	0.1529	0.1653
ENSG00000211698.2	TRGV4	TR_V_gene	5	3	2	0.4121	0.1022	0.1105
ENSG00000211699.2	TRGV3	TR_V_gene	5	3	2	0.5280	0.1309	0.1416
ENSG00000211701.2	TRGV1	TR_V_gene	1	1	0	0.1220	0.0302	0.0327
ENSG00000211706.2	TRBV6-1	TR_V_gene	7	5	2	0.9899	0.2455	0.2654
ENSG00000211707.3	TRBV7-1	TR_V_gene	0	0	0	0.0000	0.0000	0.0000
ENSG00000211710.3	TRBV4-1	TR_V_gene	8	5	3	1.2163	0.3016	0.3261
ENSG00000211713.3	TRBV6-4	TR_V_gene	0	0	0	0.0000	0.0000	0.0000
ENSG00000211714.3	TRBV7-3	TR_V_gene	7	5	2	0.9999	0.2480	0.2681
ENSG00000211715.1	TRBV5-3	TR_V_gene	0	0	0	0.0000	0.0000	0.0000
ENSG00000211716.2	TRBV9	TR_V_gene	11	7	4	1.5995	0.3967	0.4289
ENSG00000211717.3	TRBV10-1	TR_V_gene	0	0	0	0.0000	0.0000	0.0000
ENSG00000211720.3	TRBV11-1	TR_V_gene	1	0	1	0.1558	0.0386	0.0418
ENSG00000211721.2	TRBV6-5	TR_V_gene	10	4	6	1.3832	0.3430	0.3709
ENSG00000211724.3	TRBV6-6	TR_V_gene	3	2	1	0.4385	0.1087	0.1176
ENSG00000211725.3	TRBV5-5	TR_V_gene	1	1	0	0.1620	0.0402	0.0434
ENSG00000211727.3	TRBV7-6	TR_V_gene	1	1	0	0.1447	0.0359	0.0388
ENSG00000211728.2	TRBV5-6	TR_V_gene	14	7	7	2.0676	0.5127	0.5544
ENSG00000211731.1	TRBV5-7	TR_V_gene	1	0	1	0.1653	0.0410	0.0443
ENSG00000211734.3	TRBV5-1	TR_V_gene	6	4	2	0.5219	0.1294	0.1399
ENSG00000211739.4	TRBV12-2	TR_V_pseudogene	0	0	0	0.0000	0.0000	0.0000
ENSG00000211745.3	TRBV4-2	TR_V_gene	2	0	2	0.2493	0.0618	0.0668
ENSG00000211746.3	TRBV19	TR_V_gene	22	13	9	2.2602	0.5605	0.6060
ENSG00000211747.3	TRBV20-1	TR_V_gene	27	11	16	3.7074	0.9194	0.9941
ENSG00000211749.1	TRBV23-1	TR_V_gene	0	0	0	0.0000	0.0000	0.0000
ENSG00000211750.2	TRBV24-1	TR_V_gene	1	1	0	0.1488	0.0369	0.0399
ENSG00000211751.9	TRBC1	TR_C_gene	157	82	75	11.7151	2.9052	3.1412
ENSG00000211752.3	TRBV27	TR_V_gene	8	4	4	1.1723	0.2907	0.3143
ENSG00000211753.4	TRBV28	TR_V_gene	12	5	7	1.8696	0.4636	0.5013
ENSG00000211764.1	TRBJ2-1	TR_J_gene	0	0	0	0.0000	0.0000	0.0000
ENSG00000211765.1	TRBJ2-2	TR_J_gene	0	0	0	0.0000	0.0000	0.0000
ENSG00000211766.1	TRBJ2-2P	TR_J_gene	0	0	0	0.0000	0.0000	0.0000
ENSG00000211767.1	TRBJ2-3	TR_J_gene	0	0	0	0.0000	0.0000	0.0000
ENSG00000211768.1	TRBJ2-4	TR_J_gene	0	0	0	0.0000	0.0000	0.0000
ENSG00000211769.1	TRBJ2-5	TR_J_gene	0	0	0	0.0000	0.0000	0.0000
ENSG00000211770.1	TRBJ2-6	TR_J_gene	0	0	0	0.0000	0.0000	0.0000
ENSG00000211771.1	TRBJ2-7	TR_J_gene	0	0	0	0.0000	0.0000	0.0000
ENSG00000211772.11	TRBC2	TR_C_gene	231	126	105	17.2823	4.2858	4.6340
ENSG00000211776.2	TRAV2	TR_V_gene	4	3	1	0.6518	0.1616	0.1748
ENSG00000211777.2	TRAV3	TR_V_gene	4	2	3	0.4371	0.1084	0.1172
ENSG00000211778.2	TRAV4	TR_V_gene	6	3	3	0.8614	0.2136	0.2310
ENSG00000211779.3	TRAV5	TR_V_gene	3	2	1	0.4833	0.1199	0.1296
ENSG00000211780.3	TRAV6	TR_V_gene	2	1	1	0.2807	0.0696	0.0753
ENSG00000211781.3	TRAV7	TR_V_gene	0	0	0	0.0000	0.0000	0.0000
ENSG00000211782.2	TRAV8-1	TR_V_gene	6	3	3	0.7194	0.1784	0.1929
ENSG00000211783.3	TRAV9-1	TR_V_gene	0	0	0	0.0000	0.0000	0.0000
ENSG00000211784.2	TRAV10	TR_V_gene	2	1	1	0.2993	0.0742	0.0802
ENSG00000211785.1	TRAV12-1	TR_V_gene	3	0	3	0.5004	0.1241	0.1342
ENSG00000211786.3	TRAV8-2	TR_V_gene	2	1	1	0.2004	0.0497	0.0537
ENSG00000211787.1	TRAV8-3	TR_V_gene	5	2	3	0.8315	0.2062	0.2230
ENSG00000211788.2	TRAV13-1	TR_V_gene	6	4	2	0.9452	0.2344	0.2534
ENSG00000211789.2	TRAV12-2	TR_V_gene	12	8	4	1.5293	0.3792	0.4100
ENSG00000211790.2	TRAV8-4	TR_V_gene	8	4	4	0.9673	0.2399	0.2594
ENSG00000211791.2	TRAV13-2	TR_V_gene	0	0	0	0.0000	0.0000	0.0000
ENSG00000211792.2	TRAV14DV4	TR_V_gene	9	1	8	1.2009	0.2978	0.3220
ENSG00000211793.2	TRAV9-2	TR_V_gene	3	3	0	0.4318	0.1071	0.1158
ENSG00000211794.3	TRAV12-3	TR_V_gene	3	1	2	0.4264	0.1057	0.1143
ENSG00000211795.3	TRAV8-6	TR_V_gene	7	4	3	0.7076	0.1755	0.1897
ENSG00000211796.1	TRAV16	TR_V_gene	5	1	4	0.8619	0.2137	0.2311
ENSG00000211797.2	TRAV17	TR_V_gene	4	2	2	0.4687	0.1162	0.1257
ENSG00000211798.3	TRAV18	TR_V_gene	3	2	1	0.3867	0.0959	0.1037
ENSG00000211799.3	TRAV19	TR_V_gene	14	4	10	1.7001	0.4216	0.4558
ENSG00000211800.3	TRAV20	TR_V_gene	5	4	1	0.6984	0.1732	0.1873
ENSG00000211801.3	TRAV21	TR_V_gene	26	15	11	4.2987	1.0660	1.1526
ENSG00000211802.3	TRAV22	TR_V_gene	4	2	2	0.4889	0.1212	0.1311
ENSG00000211803.2	TRAV23DV6	TR_V_gene	2	1	1	0.2773	0.0688	0.0744
ENSG00000211804.3	TRDV1	TR_V_gene	4	2	2	0.6215	0.1541	0.1666
ENSG00000211805.1	TRAV24	TR_V_gene	8	5	3	1.3227	0.3280	0.3547
ENSG00000211806.2	TRAV25	TR_V_gene	3	2	1	0.4222	0.1047	0.1132
ENSG00000211807.3	TRAV26-1	TR_V_gene	2	2	0	0.2112	0.0524	0.0566
ENSG00000211808.3	TRAV8-7	TR_V_gene	0	0	0	0.0000	0.0000	0.0000
ENSG00000211809.2	TRAV27	TR_V_gene	1	1	0	0.1334	0.0331	0.0358
ENSG00000211810.3	TRAV29DV5	TR_V_gene	3	1	2	0.3628	0.0900	0.0973
ENSG00000211812.1	TRAV26-2	TR_V_gene	3	2	1	0.5203	0.1290	0.1395
ENSG00000211813.2	TRAV34	TR_V_gene	0	0	0	0.0000	0.0000	0.0000
ENSG00000211814.1	TRAV35	TR_V_pseudogene	1	0	1	0.1718	0.0426	0.0461
ENSG00000211815.3	TRAV36DV7	TR_V_gene	5	4	1	0.7965	0.1975	0.2136
ENSG00000211816.2	TRAV38-1	TR_V_gene	3	2	1	0.4820	0.1195	0.1292
ENSG00000211817.2	TRAV38-2DV8	TR_V_gene	6	2	4	0.8614	0.2136	0.2310
ENSG00000211818.1	TRAV39	TR_V_gene	5	4	1	0.8566	0.2124	0.2297
ENSG00000211819.3	TRAV40	TR_V_gene	0	0	0	0.0000	0.0000	0.0000
ENSG00000211820.1	TRAV41	TR_V_gene	1	0	1	0.1688	0.0419	0.0453
ENSG00000211821.2	TRDV2	TR_V_gene	8	2	6	0.8725	0.2164	0.2339
ENSG00000211825.1	TRDJ1	TR_J_gene	0	0	0	0.0000	0.0000	0.0000
ENSG00000211826.1	TRDJ4	TR_J_gene	0	0	0	0.0000	0.0000	0.0000
ENSG00000211827.1	TRDJ2	TR_J_gene	0	0	0	0.0000	0.0000	0.0000
ENSG00000211828.1	TRDJ3	TR_J_gene	0	0	0	0.0000	0.0000	0.0000
ENSG00000211829.9	TRDC	TR_C_gene	38	28	36	2.9930	0.7422	0.8025
ENSG00000211831.2	TRAJ61	TR_J_gene	0	0	0	0.0000	0.0000	0.0000
ENSG00000211832.2	TRAJ59	TR_J_gene	0	0	0	0.0000	0.0000	0.0000
ENSG00000211833.1	TRAJ58	TR_J_gene	0	0	0	0.0000	0.0000	0.0000
ENSG00000211834.1	TRAJ57	TR_J_gene	0	0	0	0.0000	0.0000	0.0000
ENSG00000211835.1	TRAJ56	TR_J_gene	0	0	0	0.0000	0.0000	0.0000
ENSG00000211836.1	TRAJ54	TR_J_gene	0	0	0	0.0000	0.0000	0.0000
ENSG00000211837.1	TRAJ53	TR_J_gene	0	0	0	0.0000	0.0000	0.0000
ENSG00000211838.1	TRAJ52	TR_J_gene	0	0	0	0.0000	0.0000	0.0000
ENSG00000211839.1	TRAJ50	TR_J_gene	0	0	0	0.0000	0.0000	0.0000
ENSG00000211840.1	TRAJ49	TR_J_gene	0	0	0	0.0000	0.0000	0.0000
ENSG00000211841.1	TRAJ48	TR_J_gene	0	0	0	0.0000	0.0000	0.0000
ENSG00000211842.1	TRAJ47	TR_J_gene	0	0	0	0.0000	0.0000	0.0000
ENSG00000211843.1	TRAJ46	TR_J_gene	0	0	0	0.0000	0.0000	0.0000
ENSG00000211844.1	TRAJ45	TR_J_gene	0	0	0	0.0000	0.0000	0.0000
ENSG00000211845.1	TRAJ44	TR_J_gene	0	0	0	0.0000	0.0000	0.0000
ENSG00000211846.1	TRAJ43	TR_J_gene	0	0	0	0.0000	0.0000	0.0000
ENSG00000211847.1	TRAJ42	TR_J_gene	0	0	0	0.0000	0.0000	0.0000
ENSG00000211848.1	TRAJ41	TR_J_gene	0	0	0	0.0000	0.0000	0.0000
ENSG00000211849.1	TRAJ40	TR_J_gene	0	0	0	0.0000	0.0000	0.0000
ENSG00000211850.1	TRAJ39	TR_J_gene	0	0	0	0.0000	0.0000	0.0000
ENSG00000211851.1	TRAJ38	TR_J_gene	1	0	1	0.9147	0.2268	0.2453
ENSG00000211854.1	TRAJ35	TR_J_gene	0	0	0	0.0000	0.0000	0.0000
ENSG00000211855.1	TRAJ34	TR_J_gene	0	0	0	0.0000	0.0000	0.0000
ENSG00000211856.1	TRAJ33	TR_J_gene	0	0	0	0.0000	0.0000	0.0000
ENSG00000211857.1	TRAJ32	TR_J_gene	0	0	0	0.0000	0.0000	0.0000
ENSG00000211858.1	TRAJ31	TR_J_gene	0	0	0	0.0000	0.0000	0.0000
ENSG00000211859.1	TRAJ30	TR_J_gene	0	0	0	0.0000	0.0000	0.0000
ENSG00000211860.1	TRAJ29	TR_J_gene	1	0	1	0.9452	0.2344	0.2534
ENSG00000211861.1	TRAJ28	TR_J_gene	0	0	0	0.0000	0.0000	0.0000
ENSG00000211862.1	TRAJ27	TR_J_gene	0	0	0	0.0000	0.0000	0.0000
ENSG00000211863.1	TRAJ26	TR_J_gene	1	1	0	0.9452	0.2344	0.2534
ENSG00000211864.2	TRAJ25	TR_J_gene	1	0	1	0.9452	0.2344	0.2534
ENSG00000211865.1	TRAJ24	TR_J_gene	0	0	0	0.0000	0.0000	0.0000
ENSG00000211866.1	TRAJ23	TR_J_gene	3	2	1	2.7005	0.6697	0.7241
ENSG00000211867.1	TRAJ22	TR_J_gene	0	0	0	0.0000	0.0000	0.0000
ENSG00000211868.1	TRAJ21	TR_J_gene	0	0	0	0.0000	0.0000	0.0000
ENSG00000211869.1	TRAJ20	TR_J_gene	0	0	0	0.0000	0.0000	0.0000
ENSG00000211870.1	TRAJ19	TR_J_gene	1	0	1	0.9452	0.2344	0.2534
ENSG00000211871.1	TRAJ18	TR_J_gene	0	0	0	0.0000	0.0000	0.0000
ENSG00000211872.1	TRAJ17	TR_J_gene	1	0	1	0.9002	0.2232	0.2414
ENSG00000211873.1	TRAJ16	TR_J_gene	0	0	0	0.0000	0.0000	0.0000
ENSG00000211875.1	TRAJ14	TR_J_gene	0	0	0	0.0000	0.0000	0.0000
ENSG00000211876.1	TRAJ13	TR_J_gene	0	0	0	0.0000	0.0000	0.0000
ENSG00000211877.1	TRAJ12	TR_J_gene	1	1	0	0.9452	0.2344	0.2534
ENSG00000211878.1	TRAJ11	TR_J_gene	1	0	1	0.9452	0.2344	0.2534
ENSG00000211879.1	TRAJ10	TR_J_gene	0	0	0	0.0000	0.0000	0.0000
ENSG00000211880.1	TRAJ9	TR_J_gene	0	0	0	0.0000	0.0000	0.0000
ENSG00000211881.1	TRAJ8	TR_J_pseudogene	0	0	0	0.0000	0.0000	0.0000
ENSG00000211882.1	TRAJ7	TR_J_gene	0	0	0	0.0000	0.0000	0.0000
ENSG00000211883.1	TRAJ6	TR_J_gene	1	0	1	0.9147	0.2268	0.2453
ENSG00000211884.1	TRAJ5	TR_J_gene	0	0	0	0.0000	0.0000	0.0000
ENSG00000211885.1	TRAJ4	TR_J_gene	1	0	1	0.9002	0.2232	0.2414
ENSG00000211886.1	TRAJ3	TR_J_gene	1	1	0	0.9147	0.2268	0.2453
ENSG00000211887.2	TRAJ2	TR_J_gene	1	1	0	0.8592	0.2131	0.2304
ENSG00000211888.2	TRAJ1	TR_J_gene	0	0	0	0.0000	0.0000	0.0000
ENSG00000211890.4	IGHA2	IG_C_gene	4594	2163	2432	182.1857	45.1802	48.8501
ENSG00000211891.6	IGHE	IG_C_gene	168	73	95	5.8883	1.4602	1.5789
ENSG00000211892.4	IGHG4	IG_C_gene	2336	1154	1185	48.3484	11.9899	12.9638
ENSG00000211893.4	IGHG2	IG_C_gene	975	478	499	20.2018	5.0098	5.4168
ENSG00000211895.5	IGHA1	IG_C_gene	14066	6855	7213	560.9581	139.1120	150.4116
ENSG00000211896.7	IGHG1	IG_C_gene	3050	1480	1570	62.6233	15.5299	16.7914
ENSG00000211897.9	IGHG3	IG_C_gene	470	205	265	9.2100	2.2840	2.4695
ENSG00000211898.7	IGHD	IG_C_gene	566	274	293	18.7926	4.6604	5.0389
ENSG00000211899.10	IGHM	IG_C_gene	802	399	403	24.3086	6.0283	6.5179
ENSG00000211900.2	IGHJ6	IG_J_gene	5	2	3	4.6484	1.1527	1.2464
ENSG00000211904.2	IGHJ2	IG_J_gene	1	0	1	1.0906	0.2705	0.2924
ENSG00000211905.1	IGHJ1	IG_J_gene	0	0	0	0.0000	0.0000	0.0000
ENSG00000211907.1	IGHD1-26	IG_D_gene	0	0	0	0.0000	0.0000	0.0000
ENSG00000211909.1	IGHD5-24	IG_D_gene	0	0	0	0.0000	0.0000	0.0000
ENSG00000211911.1	IGHD3-22	IG_D_gene	0	0	0	0.0000	0.0000	0.0000
ENSG00000211912.1	IGHD2-21	IG_D_gene	0	0	0	0.0000	0.0000	0.0000
ENSG00000211914.1	IGHD6-19	IG_D_gene	0	0	0	0.0000	0.0000	0.0000
ENSG00000211915.1	IGHD5-18	IG_D_gene	0	0	0	0.0000	0.0000	0.0000
ENSG00000211917.1	IGHD3-16	IG_D_gene	0	0	0	0.0000	0.0000	0.0000
ENSG00000211918.1	IGHD2-15	IG_D_gene	1	1	0	1.8294	0.4537	0.4905
ENSG00000211920.1	IGHD6-13	IG_D_gene	0	0	0	0.0000	0.0000	0.0000
ENSG00000211921.1	IGHD5-12	IG_D_gene	0	0	0	0.0000	0.0000	0.0000
ENSG00000211923.1	IGHD3-10	IG_D_gene	0	0	0	0.0000	0.0000	0.0000
ENSG00000211924.1	IGHD3-9	IG_D_gene	0	0	0	0.0000	0.0000	0.0000
ENSG00000211925.1	IGHD2-8	IG_D_gene	0	0	0	0.0000	0.0000	0.0000
ENSG00000211928.1	IGHD5-5	IG_D_gene	0	0	0	0.0000	0.0000	0.0000
ENSG00000211930.1	IGHD3-3	IG_D_gene	1	1	0	1.8294	0.4537	0.4905
ENSG00000211931.1	IGHD2-2	IG_D_gene	0	0	0	0.0000	0.0000	0.0000
ENSG00000211933.2	IGHV6-1	IG_V_gene	71	34	37	9.7022	2.4060	2.6015
ENSG00000211934.3	IGHV1-2	IG_V_gene	183	89	95	24.8871	6.1718	6.6731
ENSG00000211935.3	IGHV1-3	IG_V_gene	206	105	101	29.5753	7.3344	7.9301
ENSG00000211937.3	IGHV2-5	IG_V_gene	194	98	96	29.1051	7.2178	7.8041
ENSG00000211938.2	IGHV3-7	IG_V_gene	494	248	247	65.1505	16.1567	17.4690
ENSG00000211941.3	IGHV3-11	IG_V_gene	168	88	81	20.1422	4.9951	5.4008
ENSG00000211942.3	IGHV3-13	IG_V_gene	32	19	13	4.2203	1.0466	1.1316
ENSG00000211943.2	IGHV3-15	IG_V_gene	398	199	199	51.6489	12.8084	13.8488
ENSG00000211944.2	IGHV3-16	IG_V_gene	1	0	1	0.1334	0.0331	0.0358
ENSG00000211945.2	IGHV1-18	IG_V_gene	197	96	101	27.2485	6.7573	7.3062
ENSG00000211946.3	IGHV3-20	IG_V_gene	34	16	18	4.6461	1.1522	1.2458
ENSG00000211947.2	IGHV3-21	IG_V_gene	319	157	162	42.0709	10.4332	11.2806
ENSG00000211949.3	IGHV3-23	IG_V_gene	293	145	148	38.4630	9.5384	10.3132
ENSG00000211950.2	IGHV1-24	IG_V_gene	46	29	17	6.3471	1.5740	1.7019
ENSG00000211951.2	IGHV2-26	IG_V_gene	7	5	2	1.0419	0.2584	0.2794
ENSG00000211952.3	IGHV4-28	IG_V_gene	13	8	5	1.7347	0.4302	0.4651
ENSG00000211955.2	IGHV3-33	IG_V_gene	154	88	66	20.2630	5.0250	5.4332
ENSG00000211956.2	IGHV4-34	IG_V_gene	218	115	103	30.9069	7.6646	8.2872
ENSG00000211957.2	IGHV3-35	IG_V_gene	1	0	1	0.1549	0.0384	0.0415
ENSG00000211958.2	IGHV3-38	IG_V_gene	0	0	0	0.0000	0.0000	0.0000
ENSG00000211959.2	IGHV4-39	IG_V_gene	227	120	107	30.2898	7.5116	8.1217
ENSG00000211961.3	IGHV1-45	IG_V_gene	12	5	7	1.6558	0.4106	0.4440
ENSG00000211962.2	IGHV1-46	IG_V_gene	144	97	47	12.4675	3.0918	3.3430
ENSG00000211964.3	IGHV3-48	IG_V_gene	216	104	112	28.3550	7.0318	7.6029
ENSG00000211965.4	IGHV3-49	IG_V_gene	127	67	60	16.4058	4.0685	4.3990
ENSG00000211966.2	IGHV5-51	IG_V_gene	243	116	127	33.6110	8.3352	9.0122
ENSG00000211967.3	IGHV3-53	IG_V_gene	59	29	30	5.8597	1.4531	1.5712
ENSG00000211968.3	IGHV1-58	IG_V_gene	26	11	15	3.5615	0.8832	0.9550
ENSG00000211970.3	IGHV4-61	IG_V_gene	32	16	16	3.9709	0.9848	1.0647
ENSG00000211972.2	IGHV3-66	IG_V_gene	16	8	8	2.1250	0.5270	0.5698
ENSG00000211973.2	IGHV1-69	IG_V_gene	26	14	12	3.5788	0.8875	0.9596
ENSG00000211974.3	IGHV2-70D	IG_V_gene	28	15	13	3.6587	0.9073	0.9810
ENSG00000211976.2	IGHV3-73	IG_V_gene	78	40	38	10.1221	2.5102	2.7141
ENSG00000211978.2	IGHV5-78	IG_V_pseudogene	1	0	1	0.1922	0.0477	0.0515
ENSG00000211979.2	IGHV7-81	IG_V_gene	3	0	3	0.4201	0.1042	0.1126
ENSG00000211991.4	MIR676	miRNA	0	0	0	0.0000	0.0000	0.0000
ENSG00000211997.1	MIR708	miRNA	0	0	0	0.0000	0.0000	0.0000
ENSG00000212013.1	MIR509-2	miRNA	0	0	0	0.0000	0.0000	0.0000
ENSG00000212014.1	MIR509-3	miRNA	0	0	0	0.0000	0.0000	0.0000
ENSG00000212017.2	MIR548U	miRNA	0	0	0	0.0000	0.0000	0.0000
ENSG00000212024.2	MIR550A3	miRNA	0	0	0	0.0000	0.0000	0.0000
ENSG00000212027.3	MIR374B	miRNA	0	0	0	0.0000	0.0000	0.0000
ENSG00000212036.3	MIR548BA	miRNA	0	0	0	0.0000	0.0000	0.0000
ENSG00000212040.3	MIR543	miRNA	0	0	0	0.0000	0.0000	0.0000
ENSG00000212051.1	MIR320C2	miRNA	0	0	0	0.0000	0.0000	0.0000
ENSG00000212100.2	MIR764	miRNA	0	0	0	0.0000	0.0000	0.0000
ENSG00000212102.1	MIR301B	miRNA	0	0	0	0.0000	0.0000	0.0000
ENSG00000212122.4	TSSK1B	protein_coding	1	6	9	0.0233	0.0058	0.0062
ENSG00000212123.4	PRR22	protein_coding	21	9	12	0.6664	0.1653	0.1787
ENSG00000212124.2	TAS2R19	protein_coding	12	6	6	0.6792	0.1684	0.1821
ENSG00000212125.2	TAS2R15P	unprocessed_pseudogene	12	6	6	0.7333	0.1819	0.1966
ENSG00000212126.3	TAS2R50	protein_coding	1	1	0	0.0567	0.0141	0.0152
ENSG00000212127.6	TAS2R14	protein_coding	77	36	41	1.8597	0.4612	0.4987
ENSG00000212128.2	TAS2R13	protein_coding	3	2	1	0.1039	0.0258	0.0279
ENSG00000212133.1	RNU6-1168P	snRNA	0	0	0	0.0000	0.0000	0.0000
ENSG00000212134.1	AL031650.1	snoRNA	0	0	0	0.0000	0.0000	0.0000
ENSG00000212135.1	SNORD67	snoRNA	1	0	1	0.5109	0.1267	0.1370
ENSG00000212136.1	RNU6-696P	snRNA	0	0	0	0.0000	0.0000	0.0000
ENSG00000212138.1	RNA5SP372	rRNA_pseudogene	0	0	0	0.0000	0.0000	0.0000
ENSG00000212140.1	RNU6-1320P	snRNA	0	0	0	0.0000	0.0000	0.0000
ENSG00000212144.1	U8	snoRNA	0	0	0	0.0000	0.0000	0.0000
ENSG00000212145.2	U8	snoRNA	2	0	2	0.7931	0.1967	0.2127
ENSG00000212146.1	RNU6-910P	snRNA	0	0	0	0.0000	0.0000	0.0000
ENSG00000212147.1	RNU6-1106P	snRNA	0	0	0	0.0000	0.0000	0.0000
ENSG00000212149.1	AC055866.1	snoRNA	0	0	0	0.0000	0.0000	0.0000
ENSG00000212153.1	RNU1-82P	snRNA	0	3	4	0.0000	0.0000	0.0000
ENSG00000212154.1	RNA5SP377	rRNA_pseudogene	0	0	0	0.0000	0.0000	0.0000
ENSG00000212156.1	RNU6-576P	snRNA	0	0	0	0.0000	0.0000	0.0000
ENSG00000212157.1	RNU6-1319P	snRNA	0	0	0	0.0000	0.0000	0.0000
ENSG00000212158.1	SNORD66	snoRNA	0	0	0	0.0000	0.0000	0.0000
ENSG00000212160.1	RNU6-205P	snRNA	0	0	0	0.0000	0.0000	0.0000
ENSG00000212161.1	AL590560.1	snoRNA	0	0	0	0.0000	0.0000	0.0000
ENSG00000212163.6	SNORD91A	snoRNA	1	0	1	0.2969	0.0736	0.0796
ENSG00000212165.2	U3	snoRNA	0	0	0	0.0000	0.0000	0.0000
ENSG00000212167.1	RNU6-763P	snRNA	0	0	0	0.0000	0.0000	0.0000
ENSG00000212168.1	AC073875.1	snoRNA	0	0	0	0.0000	0.0000	0.0000
ENSG00000212170.1	RNU1-77P	snRNA	0	0	0	0.0000	0.0000	0.0000
ENSG00000212171.1	RNA5SP86	rRNA_pseudogene	0	0	0	0.0000	0.0000	0.0000
ENSG00000212172.1	RNU1-149P	snRNA	0	0	0	0.0000	0.0000	0.0000
ENSG00000212175.1	AC015982.1	snoRNA	6	5	1	2.2991	0.5701	0.6165
ENSG00000212176.1	RNA5SP207	rRNA_pseudogene	0	0	0	0.0000	0.0000	0.0000
ENSG00000212181.1	AC019070.1	snoRNA	0	0	0	0.0000	0.0000	0.0000
ENSG00000212182.2	U3	snoRNA	0	0	0	0.0000	0.0000	0.0000
ENSG00000212184.1	RNU6-440P	snRNA	0	0	0	0.0000	0.0000	0.0000
ENSG00000212186.1	RNU6-258P	snRNA	0	0	0	0.0000	0.0000	0.0000
ENSG00000212187.1	AC092814.1	snoRNA	0	0	0	0.0000	0.0000	0.0000
ENSG00000212189.1	RNU6-328P	snRNA	0	0	0	0.0000	0.0000	0.0000
ENSG00000212190.1	RNU6-298P	snRNA	0	0	0	0.0000	0.0000	0.0000
ENSG00000212191.1	AC017087.1	snoRNA	0	0	0	0.0000	0.0000	0.0000
ENSG00000212195.2	U3	snoRNA	5	3	2	1.4467	0.3588	0.3879
ENSG00000212199.1	RNU6-127P	snRNA	0	0	0	0.0000	0.0000	0.0000
ENSG00000212204.1	RNA5SP91	rRNA_pseudogene	0	0	0	0.0000	0.0000	0.0000
ENSG00000212205.1	Y_RNA	misc_RNA	1	0	1	0.6444	0.1598	0.1728
ENSG00000212206.1	AC135178.1	snoRNA	3	1	2	1.2418	0.3080	0.3330
ENSG00000212207.1	RNU6-1321P	snRNA	0	0	0	0.0000	0.0000	0.0000
ENSG00000212211.2	U3	snoRNA	0	0	0	0.0000	0.0000	0.0000
ENSG00000212214.1	SNORA48B	snoRNA	0	0	0	0.0000	0.0000	0.0000
ENSG00000212215.1	RNU6-913P	snRNA	0	0	0	0.0000	0.0000	0.0000
ENSG00000212216.1	RNU6-816P	snRNA	0	0	0	0.0000	0.0000	0.0000
ENSG00000212219.1	RNU6-604P	snRNA	0	0	0	0.0000	0.0000	0.0000
ENSG00000212221.1	RNU6-220P	snRNA	0	0	0	0.0000	0.0000	0.0000
ENSG00000212224.1	AL133229.1	snoRNA	0	0	0	0.0000	0.0000	0.0000
ENSG00000212226.1	RNU6-907P	snRNA	0	0	0	0.0000	0.0000	0.0000
ENSG00000212228.1	AC009121.1	snoRNA	0	0	0	0.0000	0.0000	0.0000
ENSG00000212229.1	AL591004.1	snoRNA	0	0	0	0.0000	0.0000	0.0000
ENSG00000212230.1	RNU6-747P	snRNA	0	0	0	0.0000	0.0000	0.0000
ENSG00000212232.1	SNORD17	snoRNA	15	11	4	3.5892	0.8901	0.9624
ENSG00000212237.1	RNA5SP18	rRNA_pseudogene	5	2	3	2.3434	0.5811	0.6283
ENSG00000212238.1	RNA5SP244	rRNA_pseudogene	0	0	0	0.0000	0.0000	0.0000
ENSG00000212240.1	RNU6-930P	snRNA	2	0	2	1.1342	0.2813	0.3041
ENSG00000212241.1	Y_RNA	misc_RNA	0	0	0	0.0000	0.0000	0.0000
ENSG00000212242.1	RNA5SP219	rRNA_pseudogene	11	2	9	5.5204	1.3690	1.4802
ENSG00000212246.1	RNU6-360P	snRNA	0	0	0	0.0000	0.0000	0.0000
ENSG00000212247.1	RNU6-278P	snRNA	0	0	0	0.0000	0.0000	0.0000
ENSG00000212248.1	RNU6-750P	snRNA	0	0	0	0.0000	0.0000	0.0000
ENSG00000212249.2	U8	snoRNA	0	0	0	0.0000	0.0000	0.0000
ENSG00000212251.1	RNA5SP376	rRNA_pseudogene	0	0	0	0.0000	0.0000	0.0000
ENSG00000212257.1	RNU6-1176P	snRNA	2	1	1	1.0600	0.2629	0.2842
ENSG00000212258.1	RNA5SP176	rRNA_pseudogene	0	0	0	0.0000	0.0000	0.0000
ENSG00000212259.1	RNU6-308P	snRNA	1	0	1	0.5300	0.1314	0.1421
ENSG00000212260.1	RNU6-724P	snRNA	0	0	0	0.0000	0.0000	0.0000
ENSG00000212264.1	SNORD65C	snoRNA	0	0	0	0.0000	0.0000	0.0000
ENSG00000212265.1	RNA5SP185	rRNA_pseudogene	0	0	0	0.0000	0.0000	0.0000
ENSG00000212266.1	AL390877.1	snoRNA	0	0	0	0.0000	0.0000	0.0000
ENSG00000212269.1	RNU6-788P	snRNA	0	0	0	0.0000	0.0000	0.0000
ENSG00000212270.1	AL359396.1	snoRNA	0	0	0	0.0000	0.0000	0.0000
ENSG00000212273.1	AC090821.1	snoRNA	0	0	0	0.0000	0.0000	0.0000
ENSG00000212276.1	RNA5SP292	rRNA_pseudogene	0	0	0	0.0000	0.0000	0.0000
ENSG00000212278.1	SNORD81	snoRNA	0	0	0	0.0000	0.0000	0.0000
ENSG00000212279.2	AC012435.1	snoRNA	0	0	0	0.0000	0.0000	0.0000
ENSG00000212280.1	RNA5SP256	rRNA_pseudogene	0	0	0	0.0000	0.0000	0.0000
ENSG00000212282.1	RNU6-578P	snRNA	0	0	0	0.0000	0.0000	0.0000
ENSG00000212283.1	SNORD89	snoRNA	7	4	3	3.4822	0.8635	0.9337
ENSG00000212289.1	RNA5SP339	rRNA_pseudogene	0	0	0	0.0000	0.0000	0.0000
ENSG00000212292.1	RNU6-239P	snRNA	0	0	0	0.0000	0.0000	0.0000
ENSG00000212293.1	AL137247.1	snoRNA	0	0	0	0.0000	0.0000	0.0000
ENSG00000212295.1	SNORD28B	snoRNA	0	0	0	0.0000	0.0000	0.0000
ENSG00000212296.1	SNORD72	snoRNA	1	1	0	0.7089	0.1758	0.1901
ENSG00000212297.1	RNU6-821P	snRNA	0	0	0	0.0000	0.0000	0.0000
ENSG00000212298.1	RNU6-1009P	snRNA	0	0	0	0.0000	0.0000	0.0000
ENSG00000212302.1	AL135998.1	snoRNA	1	0	1	0.8219	0.2038	0.2204
ENSG00000212303.1	RNU6-1154P	snRNA	0	0	0	0.0000	0.0000	0.0000
ENSG00000212304.1	SNORD12	snoRNA	0	0	0	0.0000	0.0000	0.0000
ENSG00000212305.1	RNU6-679P	snRNA	0	0	0	0.0000	0.0000	0.0000
ENSG00000212306.1	Y_RNA	misc_RNA	1	0	1	0.5969	0.1480	0.1601
ENSG00000212308.1	RNA5SP23	rRNA_pseudogene	0	0	0	0.0000	0.0000	0.0000
ENSG00000212309.1	SNORD70B	snoRNA	0	0	0	0.0000	0.0000	0.0000
ENSG00000212312.1	RNA5SP109	rRNA_pseudogene	0	0	0	0.0000	0.0000	0.0000
ENSG00000212314.2	RNU6-1307P	snRNA	0	0	0	0.0000	0.0000	0.0000
ENSG00000212316.1	RNU6-1228P	snRNA	0	0	0	0.0000	0.0000	0.0000
ENSG00000212319.1	Y_RNA	misc_RNA	0	0	0	0.0000	0.0000	0.0000
ENSG00000212321.2	U3	snoRNA	0	0	0	0.0000	0.0000	0.0000
ENSG00000212324.1	RNU6-129P	snRNA	0	0	0	0.0000	0.0000	0.0000
ENSG00000212325.1	Y_RNA	misc_RNA	0	0	0	0.0000	0.0000	0.0000
ENSG00000212327.1	RNU6-882P	snRNA	6	4	2	3.3035	0.8192	0.8858
ENSG00000212329.1	RNU6-316P	snRNA	0	0	0	0.0000	0.0000	0.0000
ENSG00000212330.1	RNU6-244P	snRNA	0	0	0	0.0000	0.0000	0.0000
ENSG00000212331.1	RNA5SP297	rRNA_pseudogene	0	0	0	0.0000	0.0000	0.0000
ENSG00000212332.1	RNU6-780P	snRNA	0	0	0	0.0000	0.0000	0.0000
ENSG00000212333.1	RNA5SP213	rRNA_pseudogene	0	0	0	0.0000	0.0000	0.0000
ENSG00000212335.1	Y_RNA	misc_RNA	0	0	0	0.0000	0.0000	0.0000
ENSG00000212336.1	RNA5SP210	rRNA_pseudogene	0	0	0	0.0000	0.0000	0.0000
ENSG00000212338.1	AL512326.2	snoRNA	0	0	0	0.0000	0.0000	0.0000
ENSG00000212340.1	RNU6-739P	snRNA	0	0	0	0.0000	0.0000	0.0000
ENSG00000212342.1	AC103725.1	snoRNA	0	0	0	0.0000	0.0000	0.0000
ENSG00000212344.1	RNU6-823P	snRNA	0	0	0	0.0000	0.0000	0.0000
ENSG00000212345.1	RNU6-700P	snRNA	0	0	0	0.0000	0.0000	0.0000
ENSG00000212347.2	AL031584.1	snoRNA	0	0	0	0.0000	0.0000	0.0000
ENSG00000212348.1	RNU6-1300P	snRNA	0	0	0	0.0000	0.0000	0.0000
ENSG00000212354.1	RNU6-1242P	snRNA	0	0	0	0.0000	0.0000	0.0000
ENSG00000212358.1	RNU6-837P	snRNA	0	0	0	0.0000	0.0000	0.0000
ENSG00000212359.1	RNU6-550P	snRNA	0	0	0	0.0000	0.0000	0.0000
ENSG00000212360.1	RNU6-1177P	snRNA	1	0	1	0.5453	0.1352	0.1462
ENSG00000212363.1	AC010501.1	snoRNA	0	0	0	0.0000	0.0000	0.0000
ENSG00000212365.1	RNA5SP332	rRNA_pseudogene	0	0	0	0.0000	0.0000	0.0000
ENSG00000212366.1	RNU6-1246P	snRNA	0	0	0	0.0000	0.0000	0.0000
ENSG00000212368.1	RNU6-1000P	snRNA	0	0	0	0.0000	0.0000	0.0000
ENSG00000212370.1	RNU6-482P	snRNA	0	0	0	0.0000	0.0000	0.0000
ENSG00000212371.1	AF111168.1	snoRNA	6	3	3	2.2239	0.5515	0.5963
ENSG00000212373.1	RNA5SP171	rRNA_pseudogene	0	0	0	0.0000	0.0000	0.0000
ENSG00000212374.1	RNU6-401P	snRNA	0	0	0	0.0000	0.0000	0.0000
ENSG00000212377.1	AL139003.1	snoRNA	0	0	0	0.0000	0.0000	0.0000
ENSG00000212378.1	AC092630.1	snoRNA	0	0	0	0.0000	0.0000	0.0000
ENSG00000212379.1	RNU6-269P	snRNA	0	0	0	0.0000	0.0000	0.0000
ENSG00000212380.1	SNORD115-45	snoRNA	0	0	0	0.0000	0.0000	0.0000
ENSG00000212382.1	RNU6-159P	snRNA	0	0	0	0.0000	0.0000	0.0000
ENSG00000212383.1	AC121758.1	snoRNA	0	0	0	0.0000	0.0000	0.0000
ENSG00000212384.1	SNORD113-2	snoRNA	1	0	1	0.7876	0.1953	0.2112
ENSG00000212385.1	RNU6-817P	snRNA	0	0	0	0.0000	0.0000	0.0000
ENSG00000212387.1	RNU6-1055P	snRNA	0	0	0	0.0000	0.0000	0.0000
ENSG00000212388.1	RNU6-796P	snRNA	0	0	0	0.0000	0.0000	0.0000
ENSG00000212389.1	RNU6-1275P	snRNA	0	0	0	0.0000	0.0000	0.0000
ENSG00000212391.1	AC073149.1	snoRNA	0	0	0	0.0000	0.0000	0.0000
ENSG00000212392.1	Y_RNA	misc_RNA	0	0	0	0.0000	0.0000	0.0000
ENSG00000212395.1	AL160271.1	snoRNA	0	0	0	0.0000	0.0000	0.0000
ENSG00000212396.1	RNA5SP323	rRNA_pseudogene	1	0	1	0.4264	0.1057	0.1143
ENSG00000212397.1	AP003063.1	snoRNA	0	0	0	0.0000	0.0000	0.0000
ENSG00000212398.1	RNU6-1248P	snRNA	0	0	0	0.0000	0.0000	0.0000
ENSG00000212402.1	SNORA74B	snoRNA	1	0	1	0.2821	0.0700	0.0757
ENSG00000212404.1	Y_RNA	misc_RNA	0	0	0	0.0000	0.0000	0.0000
ENSG00000212407.1	RNU6-663P	snRNA	0	0	0	0.0000	0.0000	0.0000
ENSG00000212409.1	RNY4P18	misc_RNA	0	0	0	0.0000	0.0000	0.0000
ENSG00000212410.1	RNU6-932P	snRNA	0	0	0	0.0000	0.0000	0.0000
ENSG00000212411.1	SNORD115	snoRNA	0	0	0	0.0000	0.0000	0.0000
ENSG00000212413.1	RNU11-3P	snRNA	2	0	2	0.8528	0.2115	0.2287
ENSG00000212414.1	SNORD77B	snoRNA	0	0	0	0.0000	0.0000	0.0000
ENSG00000212415.1	AC018515.1	snoRNA	0	0	0	0.0000	0.0000	0.0000
ENSG00000212418.1	RNY4P36	misc_RNA	2	1	1	1.1815	0.2930	0.3168
ENSG00000212420.1	RNU6-1111P	snRNA	0	0	0	0.0000	0.0000	0.0000
ENSG00000212421.1	AL136367.1	snoRNA	6	2	4	2.5019	0.6204	0.6708
ENSG00000212422.2	U3	snoRNA	0	0	0	0.0000	0.0000	0.0000
ENSG00000212424.1	RNU1-119P	snRNA	0	0	0	0.0000	0.0000	0.0000
ENSG00000212425.1	RNA5SP105	rRNA_pseudogene	0	0	0	0.0000	0.0000	0.0000
ENSG00000212428.1	SNORD115	snoRNA	0	0	0	0.0000	0.0000	0.0000
ENSG00000212429.1	RNU11-6P	snRNA	0	0	0	0.0000	0.0000	0.0000
ENSG00000212432.1	SNORA75	snoRNA	0	0	0	0.0000	0.0000	0.0000
ENSG00000212433.1	RNA5SP252	rRNA_pseudogene	0	0	0	0.0000	0.0000	0.0000
ENSG00000212434.2	U3	snoRNA	0	0	0	0.0000	0.0000	0.0000
ENSG00000212440.1	SNORA75	snoRNA	0	0	0	0.0000	0.0000	0.0000
ENSG00000212441.1	RNU6-1269P	snRNA	0	0	0	0.0000	0.0000	0.0000
ENSG00000212442.1	RNU6-243P	snRNA	0	0	0	0.0000	0.0000	0.0000
ENSG00000212443.1	SNORA53	snoRNA	4	3	1	0.9110	0.2259	0.2443
ENSG00000212445.1	AC130462.1	snoRNA	0	0	0	0.0000	0.0000	0.0000
ENSG00000212446.1	RNU6-131P	snRNA	0	0	0	0.0000	0.0000	0.0000
ENSG00000212447.1	SNORD90	snoRNA	0	0	0	0.0000	0.0000	0.0000
ENSG00000212448.1	Y_RNA	misc_RNA	0	0	0	0.0000	0.0000	0.0000
ENSG00000212450.1	RNU6-241P	snRNA	0	0	0	0.0000	0.0000	0.0000
ENSG00000212451.1	RNU11-4P	snRNA	0	0	0	0.0000	0.0000	0.0000
ENSG00000212452.1	SNORD69	snoRNA	0	0	0	0.0000	0.0000	0.0000
ENSG00000212454.1	RNA5SP286	rRNA_pseudogene	0	0	0	0.0000	0.0000	0.0000
ENSG00000212455.1	AC079802.1	snoRNA	0	0	0	0.0000	0.0000	0.0000
ENSG00000212457.1	RNU6-644P	snRNA	0	0	0	0.0000	0.0000	0.0000
ENSG00000212458.1	AC092535.1	snoRNA	0	0	0	0.0000	0.0000	0.0000
ENSG00000212459.1	RNU6-695P	snRNA	0	0	0	0.0000	0.0000	0.0000
ENSG00000212460.1	RNU6-460P	snRNA	2	4	0	1.0502	0.2604	0.2816
ENSG00000212461.1	AC078860.1	snoRNA	0	0	0	0.0000	0.0000	0.0000
ENSG00000212464.1	SNORA12	snoRNA	4	1	3	1.5431	0.3827	0.4138
ENSG00000212466.1	RNU6-952P	snRNA	0	0	0	0.0000	0.0000	0.0000
ENSG00000212468.1	RNU6-754P	snRNA	0	0	0	0.0000	0.0000	0.0000
ENSG00000212469.1	RNU6-1158P	snRNA	0	0	0	0.0000	0.0000	0.0000
ENSG00000212473.1	RNU1-101P	snRNA	0	0	0	0.0000	0.0000	0.0000
ENSG00000212475.1	RNU6-400P	snRNA	0	0	0	0.0000	0.0000	0.0000
ENSG00000212479.2	U3	snoRNA	0	0	0	0.0000	0.0000	0.0000
ENSG00000212482.1	RNU6-530P	snRNA	0	0	0	0.0000	0.0000	0.0000
ENSG00000212485.1	RNU6-1197P	snRNA	0	0	0	0.0000	0.0000	0.0000
ENSG00000212489.1	RNU6-1109P	snRNA	0	0	0	0.0000	0.0000	0.0000
ENSG00000212490.1	AC104066.1	snoRNA	0	0	0	0.0000	0.0000	0.0000
ENSG00000212493.1	SNORD19	snoRNA	2	0	2	1.6679	0.4136	0.4472
ENSG00000212495.1	RNU6-332P	snRNA	0	0	0	0.0000	0.0000	0.0000
ENSG00000212496.1	RNU6-1093P	snRNA	0	0	0	0.0000	0.0000	0.0000
ENSG00000212497.1	RNA5SP465	rRNA_pseudogene	1	1	0	0.5203	0.1290	0.1395
ENSG00000212498.1	SNORD86	snoRNA	0	0	0	0.0000	0.0000	0.0000
ENSG00000212499.1	RNA5SP300	rRNA_pseudogene	0	0	0	0.0000	0.0000	0.0000
ENSG00000212505.1	RNA5SP299	rRNA_pseudogene	1	0	1	0.4889	0.1212	0.1311
ENSG00000212510.1	RNU6-972P	snRNA	0	0	0	0.0000	0.0000	0.0000
ENSG00000212511.2	U3	snoRNA	0	0	0	0.0000	0.0000	0.0000
ENSG00000212512.2	Y_RNA	misc_RNA	0	0	0	0.0000	0.0000	0.0000
ENSG00000212516.1	RNU6-1268P	snRNA	0	0	0	0.0000	0.0000	0.0000
ENSG00000212517.1	AL121924.1	snoRNA	1	1	0	0.4611	0.1143	0.1236
ENSG00000212518.1	RNU11-5P	snRNA	0	0	0	0.0000	0.0000	0.0000
ENSG00000212520.1	RNU6-1250P	snRNA	0	0	0	0.0000	0.0000	0.0000
ENSG00000212521.1	RNU6-918P	snRNA	1	0	1	0.5350	0.1327	0.1435
ENSG00000212525.1	RNA5SP212	rRNA_pseudogene	0	0	0	0.0000	0.0000	0.0000
ENSG00000212526.1	RNU6-466P	snRNA	0	0	0	0.0000	0.0000	0.0000
ENSG00000212527.1	RNA5SP63	rRNA_pseudogene	0	0	0	0.0000	0.0000	0.0000
ENSG00000212528.1	SNORD115-47	snoRNA	0	0	0	0.0000	0.0000	0.0000
ENSG00000212529.1	AC024561.1	snoRNA	0	0	0	0.0000	0.0000	0.0000
ENSG00000212532.1	AL365219.1	snoRNA	0	0	0	0.0000	0.0000	0.0000
ENSG00000212533.1	SNORA75	snoRNA	1	0	1	0.3781	0.0938	0.1014
ENSG00000212534.1	SNORD70	snoRNA	0	0	0	0.0000	0.0000	0.0000
ENSG00000212535.1	RNU6-808P	snRNA	0	0	0	0.0000	0.0000	0.0000
ENSG00000212536.1	RNA5SP474	rRNA_pseudogene	3	0	3	1.8903	0.4688	0.5069
ENSG00000212538.2	U3	snoRNA	0	0	0	0.0000	0.0000	0.0000
ENSG00000212539.2	U3	snoRNA	0	0	0	0.0000	0.0000	0.0000
ENSG00000212541.1	RNU6-510P	snRNA	3	3	0	1.5753	0.3907	0.4224
ENSG00000212542.1	RNA5SP496	rRNA_pseudogene	0	0	0	0.0000	0.0000	0.0000
ENSG00000212545.1	RNU6-337P	snRNA	0	0	0	0.0000	0.0000	0.0000
ENSG00000212546.1	RNU6-995P	snRNA	0	0	0	0.0000	0.0000	0.0000
ENSG00000212549.1	RNA5SP354	rRNA_pseudogene	1	1	0	0.4170	0.1034	0.1118
ENSG00000212550.1	RNU1-78P	snRNA	0	0	0	0.0000	0.0000	0.0000
ENSG00000212551.2	U3	snoRNA	0	0	0	0.0000	0.0000	0.0000
ENSG00000212553.1	SNORD116	snoRNA	0	0	0	0.0000	0.0000	0.0000
ENSG00000212555.1	RNU6-192P	snRNA	0	0	0	0.0000	0.0000	0.0000
ENSG00000212556.1	Y_RNA	misc_RNA	0	0	0	0.0000	0.0000	0.0000
ENSG00000212558.1	AC104794.1	snoRNA	0	0	0	0.0000	0.0000	0.0000
ENSG00000212559.1	RNA5SP35	rRNA_pseudogene	0	0	0	0.0000	0.0000	0.0000
ENSG00000212560.1	RNU6-630P	snRNA	0	0	0	0.0000	0.0000	0.0000
ENSG00000212561.1	RNU6-381P	snRNA	0	0	0	0.0000	0.0000	0.0000
ENSG00000212564.1	RNU6-1326P	snRNA	0	0	0	0.0000	0.0000	0.0000
ENSG00000212565.1	AC068531.1	snoRNA	0	0	0	0.0000	0.0000	0.0000
ENSG00000212567.1	AC008810.1	snoRNA	0	0	0	0.0000	0.0000	0.0000
ENSG00000212568.1	RNU6-1254P	snRNA	0	0	0	0.0000	0.0000	0.0000
ENSG00000212569.1	Y_RNA	misc_RNA	0	0	0	0.0000	0.0000	0.0000
ENSG00000212571.1	RNA5SP482	rRNA_pseudogene	0	0	0	0.0000	0.0000	0.0000
ENSG00000212572.1	RNU6-903P	snRNA	1	1	0	0.5203	0.1290	0.1395
ENSG00000212576.1	RNA5SP467	rRNA_pseudogene	0	0	0	0.0000	0.0000	0.0000
ENSG00000212579.1	AL033519.1	snoRNA	0	0	0	0.0000	0.0000	0.0000
ENSG00000212580.1	SNORA75	snoRNA	0	0	0	0.0000	0.0000	0.0000
ENSG00000212581.1	U8	snoRNA	0	0	0	0.0000	0.0000	0.0000
ENSG00000212584.1	RNU6-587P	snRNA	0	0	0	0.0000	0.0000	0.0000
ENSG00000212586.1	AL035555.1	snoRNA	0	0	0	0.0000	0.0000	0.0000
ENSG00000212587.1	SNORA40C	snoRNA	0	0	0	0.0000	0.0000	0.0000
ENSG00000212588.1	SNORA26	snoRNA	0	0	0	0.0000	0.0000	0.0000
ENSG00000212589.1	AL592546.1	snoRNA	0	0	0	0.0000	0.0000	0.0000
ENSG00000212590.1	AC003109.1	snoRNA	0	0	0	0.0000	0.0000	0.0000
ENSG00000212593.1	SNORA75	snoRNA	0	0	0	0.0000	0.0000	0.0000
ENSG00000212594.1	U8	snoRNA	0	0	0	0.0000	0.0000	0.0000
ENSG00000212595.1	RNA5SP525	rRNA	0	0	0	0.0000	0.0000	0.0000
ENSG00000212597.1	RNU6-876P	snRNA	0	0	0	0.0000	0.0000	0.0000
ENSG00000212598.2	U3	snoRNA	0	0	0	0.0000	0.0000	0.0000
ENSG00000212599.1	RNU6-279P	snRNA	0	0	0	0.0000	0.0000	0.0000
ENSG00000212601.1	RNA5SP53	rRNA_pseudogene	1	1	0	0.4726	0.1172	0.1267
ENSG00000212604.1	AC044913.1	snoRNA	0	0	0	0.0000	0.0000	0.0000
ENSG00000212605.1	RNU1-56P	snRNA	1	1	0	0.3458	0.0858	0.0927
ENSG00000212607.1	SNORA3B	snoRNA	9	3	6	3.8961	0.9662	1.0447
ENSG00000212608.1	AC112218.1	snoRNA	0	0	0	0.0000	0.0000	0.0000
ENSG00000212609.1	RNU1-139P	snRNA	0	0	0	0.0000	0.0000	0.0000
ENSG00000212610.2	U3	snoRNA	0	0	0	0.0000	0.0000	0.0000
ENSG00000212611.1	SNORD30	snoRNA	0	0	0	0.0000	0.0000	0.0000
ENSG00000212612.1	RNU6-1239P	snRNA	0	0	0	0.0000	0.0000	0.0000
ENSG00000212615.1	SNORD58	snoRNA	0	0	0	0.0000	0.0000	0.0000
ENSG00000212618.1	AC090286.2	snoRNA	0	0	0	0.0000	0.0000	0.0000
ENSG00000212620.1	SNORA75	snoRNA	0	0	0	0.0000	0.0000	0.0000
ENSG00000212623.1	RNU6-493P	snRNA	0	0	0	0.0000	0.0000	0.0000
ENSG00000212624.1	AL050343.1	snoRNA	0	0	0	0.0000	0.0000	0.0000
ENSG00000212625.1	RNA5SP397	rRNA_pseudogene	0	0	0	0.0000	0.0000	0.0000
ENSG00000212626.1	AP005270.1	snoRNA	0	0	0	0.0000	0.0000	0.0000
ENSG00000212628.1	RNA5SP241	rRNA_pseudogene	0	0	0	0.0000	0.0000	0.0000
ENSG00000212643.3	ZRSR2P1	transcribed_processed_pseudogene	0	0	0	0.0000	0.0000	0.0000
ENSG00000212657.1	KRTAP16-1	protein_coding	1	1	0	0.0365	0.0090	0.0098
ENSG00000212658.1	KRTAP29-1	protein_coding	2	0	2	0.1105	0.0274	0.0296
ENSG00000212659.1	KRTAP9-6	protein_coding	0	0	0	0.0000	0.0000	0.0000
ENSG00000212663.2	AC003035.1	lncRNA	7	3	4	0.7297	0.1810	0.1957
ENSG00000212664.5	AC064799.1	processed_pseudogene	13	6	7	1.3283	0.3294	0.3562
ENSG00000212694.8	LINC01089	lncRNA	448	217	247	6.1486	1.5248	1.6486
ENSG00000212695.5	AL583805.1	processed_pseudogene	1	0	1	0.1068	0.0265	0.0286
ENSG00000212710.5	CTAGE1	protein_coding	0	0	0	0.0000	0.0000	0.0000
ENSG00000212712.2	AP002414.1	processed_pseudogene	0	0	0	0.0000	0.0000	0.0000
ENSG00000212717.3	DEFB117	processed_pseudogene	0	0	0	0.0000	0.0000	0.0000
ENSG00000212719.13	LINC02693	lncRNA	462	254	232	1.5177	0.3764	0.4069
ENSG00000212721.4	KRTAP4-11	protein_coding	2	1	1	0.0951	0.0236	0.0255
ENSG00000212722.7	KRTAP4-9	protein_coding	0	0	0	0.0000	0.0000	0.0000
ENSG00000212724.3	KRTAP2-3	protein_coding	12	5	7	0.7777	0.1929	0.2085
ENSG00000212725.3	KRTAP2-1	protein_coding	0	0	0	0.0000	0.0000	0.0000
ENSG00000212743.2	LINC02656	lncRNA	61	34	27	1.4137	0.3506	0.3791
ENSG00000212747.5	RTL8B	protein_coding	1268	626	657	35.4228	8.7845	9.4980
ENSG00000212766.9	EWSAT1	lncRNA	155	91	64	2.4581	0.6096	0.6591
ENSG00000212769.5	HMGN2P8	processed_pseudogene	2	2	0	0.4232	0.1050	0.1135
ENSG00000212789.4	ST13P5	processed_pseudogene	29	15	14	1.4816	0.3674	0.3973
ENSG00000212802.4	RPL15P3	processed_pseudogene	73	30	43	6.7314	1.6693	1.8049
ENSG00000212807.2	OR2A42	protein_coding	8	4	4	0.0917	0.0227	0.0246
ENSG00000212829.8	RPS26P3	processed_pseudogene	1	1	0	0.1630	0.0404	0.0437
ENSG00000212855.5	TTTY2	lncRNA	0	0	0	0.0000	0.0000	0.0000
ENSG00000212856.6	TTTY2B	lncRNA	0	0	0	0.0000	0.0000	0.0000
ENSG00000212864.3	RNF208	protein_coding	233	105	128	11.4899	2.8494	3.0808
ENSG00000212899.3	KRTAP3-3	protein_coding	6	2	4	0.4629	0.1148	0.1241
ENSG00000212900.3	KRTAP3-2	protein_coding	1	0	1	0.0794	0.0197	0.0213
ENSG00000212901.4	KRTAP3-1	protein_coding	17	14	3	1.3046	0.3235	0.3498
ENSG00000212907.2	MT-ND4L	protein_coding	19218	9247	9972	3669.5362	910.0079	983.9251
ENSG00000212916.4	MAP10	protein_coding	142	63	79	2.2903	0.5680	0.6141
ENSG00000212930.3	AC093281.1	lncRNA	1	1	0	0.1033	0.0256	0.0277
ENSG00000212932.3	RPL23AP4	processed_pseudogene	1	0	1	0.1225	0.0304	0.0328
ENSG00000212933.1	KRTAP12-4	protein_coding	0	0	0	0.0000	0.0000	0.0000
ENSG00000212935.2	KRTAP10-3	protein_coding	0	0	0	0.0000	0.0000	0.0000
ENSG00000212938.3	KRTAP6-3	protein_coding	0	0	0	0.0000	0.0000	0.0000
ENSG00000212939.2	Z97192.1	lncRNA	1	1	0	0.0146	0.0036	0.0039
ENSG00000212951.5	BX005266.1	unprocessed_pseudogene	0	2	2	0.0000	0.0000	0.0000
ENSG00000212952.6	BX088651.1	processed_pseudogene	0	4	1	0.0000	0.0000	0.0000
ENSG00000212961.4	HNRNPA1P40	processed_pseudogene	4	2	3	0.1775	0.0440	0.0476
ENSG00000212978.6	AC016747.1	lncRNA	335	174	161	6.1106	1.5154	1.6385
ENSG00000212989.3	AC124293.1	processed_pseudogene	0	0	0	0.0000	0.0000	0.0000
ENSG00000212993.5	POU5F1B	protein_coding	8	5	3	0.0914	0.0227	0.0245
ENSG00000212994.5	RPS26P6	processed_pseudogene	1	0	1	0.1630	0.0404	0.0437
ENSG00000213003.3	BTF3P12	processed_pseudogene	1	0	1	0.1209	0.0300	0.0324
ENSG00000213005.3	PTTG3P	processed_pseudogene	1	0	1	0.0936	0.0232	0.0251
ENSG00000213013.4	RPS15AP36	processed_pseudogene	19	10	9	2.8207	0.6995	0.7563
ENSG00000213014.3	VN2R17P	processed_pseudogene	2	1	2	0.1363	0.0338	0.0366
ENSG00000213015.9	ZNF580	protein_coding	971	504	467	21.1465	5.2441	5.6701
ENSG00000213016.3	AC245036.1	unprocessed_pseudogene	0	0	0	0.0000	0.0000	0.0000
ENSG00000213018.2	PABPN1P1	processed_pseudogene	13	4	9	1.7066	0.4232	0.4576
ENSG00000213020.10	ZNF611	protein_coding	1150	569	582	9.1237	2.2626	2.4464
ENSG00000213022.6	KLK9	protein_coding	0	0	0	0.0000	0.0000	0.0000
ENSG00000213023.11	SYT3	protein_coding	9	4	5	0.1328	0.0329	0.0356
ENSG00000213024.12	NUP62	protein_coding	4379	2287	2267	41.2513	10.2299	11.0609
ENSG00000213025.2	COX20P1	processed_pseudogene	4	1	3	0.6354	0.1576	0.1704
ENSG00000213026.4	CFL1P4	processed_pseudogene	1	0	1	0.1139	0.0282	0.0305
ENSG00000213028.3	AL354983.1	processed_pseudogene	2	1	1	0.1252	0.0310	0.0336
ENSG00000213030.5	CGB8	protein_coding	0	0	0	0.0000	0.0000	0.0000
ENSG00000213032.3	NDUFA3P3	processed_pseudogene	0	0	0	0.0000	0.0000	0.0000
ENSG00000213033.4	AURKAP1	transcribed_processed_pseudogene	0	0	0	0.0000	0.0000	0.0000
ENSG00000213035.4	RPL23AP80	processed_pseudogene	0	0	2	0.0000	0.0000	0.0000
ENSG00000213036.3	AL445305.1	processed_pseudogene	20	11	9	1.9725	0.4892	0.5289
ENSG00000213041.4	AC093422.1	processed_pseudogene	0	0	0	0.0000	0.0000	0.0000
ENSG00000213045.3	AC097065.1	processed_pseudogene	0	0	0	0.0000	0.0000	0.0000
ENSG00000213046.4	EEF1A1P32	unprocessed_pseudogene	2	1	2	0.0842	0.0209	0.0226
ENSG00000213047.13	DENND1B	protein_coding	3188	1601	1629	13.6932	3.3958	3.6716
ENSG00000213048.3	OR5S1P	unitary_pseudogene	0	0	0	0.0000	0.0000	0.0000
ENSG00000213049.3	HNRNPA1P34	processed_pseudogene	1	0	1	0.0597	0.0148	0.0160
ENSG00000213050.5	TPM3P1	processed_pseudogene	0	0	0	0.0000	0.0000	0.0000
ENSG00000213051.3	RPL5P5	processed_pseudogene	3	1	2	0.1905	0.0472	0.0511
ENSG00000213055.3	EEF1B2P7	processed_pseudogene	1	0	1	0.0839	0.0208	0.0225
ENSG00000213057.5	C1orf220	lncRNA	44	26	18	0.8992	0.2230	0.2411
ENSG00000213058.3	AL365357.1	processed_pseudogene	117	65	52	18.5856	4.6090	4.9834
ENSG00000213060.4	AL031864.1	processed_pseudogene	0	0	0	0.0000	0.0000	0.0000
ENSG00000213061.2	PFN1P11	processed_pseudogene	0	0	0	0.0000	0.0000	0.0000
ENSG00000213062.5	Z99572.1	lncRNA	312	156	156	1.2542	0.3110	0.3363
ENSG00000213063.3	RPL29P7	processed_pseudogene	0	0	0	0.0000	0.0000	0.0000
ENSG00000213064.10	SFT2D2	protein_coding	3483	1929	1873	17.6091	4.3669	4.7216
ENSG00000213065.2	AL009178.1	processed_pseudogene	0	0	0	0.0000	0.0000	0.0000
ENSG00000213066.13	CEP43	protein_coding	587	286	302	2.0955	0.5197	0.5619
ENSG00000213067.2	AC092447.1	processed_pseudogene	0	0	0	0.0000	0.0000	0.0000
ENSG00000213068.3	AL451050.1	processed_pseudogene	0	0	0	0.0000	0.0000	0.0000
ENSG00000213069.3	KRT8P40	processed_pseudogene	0	0	0	0.0000	0.0000	0.0000
ENSG00000213070.3	HMGB3P6	processed_pseudogene	2	1	1	0.1897	0.0470	0.0509
ENSG00000213071.11	LPAL2	transcribed_unprocessed_pseudogene	18	10	8	0.2149	0.0533	0.0576
ENSG00000213073.5	CHP1P2	transcribed_processed_pseudogene	0	0	0	0.0000	0.0000	0.0000
ENSG00000213075.7	RPL31P11	transcribed_processed_pseudogene	0	0	0	0.0000	0.0000	0.0000
ENSG00000213076.3	AL627422.1	processed_pseudogene	1	0	1	0.0978	0.0242	0.0262
ENSG00000213078.3	AL390955.1	processed_pseudogene	0	0	0	0.0000	0.0000	0.0000
ENSG00000213079.10	SCAF8	protein_coding	3686	1853	1833	38.5101	9.5501	10.3258
ENSG00000213080.3	AL354714.2	processed_pseudogene	94	54	40	4.8594	1.2051	1.3030
ENSG00000213081.3	ARPC1BP1	processed_pseudogene	0	0	0	0.0000	0.0000	0.0000
ENSG00000213082.3	PPP1R14BP2	processed_pseudogene	0	0	0	0.0000	0.0000	0.0000
ENSG00000213083.3	VPS26CP1	processed_pseudogene	0	0	0	0.0000	0.0000	0.0000
ENSG00000213085.10	CFAP45	protein_coding	198	96	102	4.2743	1.0600	1.1461
ENSG00000213087.3	AL356535.1	processed_pseudogene	10	3	7	1.4249	0.3534	0.3821
ENSG00000213088.12	ACKR1	protein_coding	0	0	0	0.0000	0.0000	0.0000
ENSG00000213089.4	PDCL3P5	processed_pseudogene	6	5	1	0.4713	0.1169	0.1264
ENSG00000213090.2	SCYL2P1	processed_pseudogene	10	4	6	0.2051	0.0509	0.0550
ENSG00000213091.2	PHBP1	processed_pseudogene	0	0	0	0.0000	0.0000	0.0000
ENSG00000213096.11	ZNF254	protein_coding	1346	643	705	10.0318	2.4878	2.6898
ENSG00000213100.2	KRT18P68	processed_pseudogene	3	1	2	0.1701	0.0422	0.0456
ENSG00000213104.3	NPM1P46	processed_pseudogene	3	2	1	0.1967	0.0488	0.0527
ENSG00000213107.2	AHCYP5	processed_pseudogene	1	1	0	0.0458	0.0114	0.0123
ENSG00000213108.3	BTF3L4P3	processed_pseudogene	3	0	3	0.3574	0.0886	0.0958
ENSG00000213109.4	AL365223.1	transcribed_processed_pseudogene	0	0	0	0.0000	0.0000	0.0000
ENSG00000213110.2	RNF11P1	processed_pseudogene	0	0	0	0.0000	0.0000	0.0000
ENSG00000213111.5	COX5BP2	transcribed_processed_pseudogene	0	0	0	0.0000	0.0000	0.0000
ENSG00000213113.3	TUBB8P8	unprocessed_pseudogene	1	1	0	0.0536	0.0133	0.0144
ENSG00000213115.2	AC104131.1	processed_pseudogene	0	0	0	0.0000	0.0000	0.0000
ENSG00000213117.4	MEMO1P2	processed_pseudogene	2	1	1	0.1280	0.0317	0.0343
ENSG00000213118.4	CHCHD2P4	processed_pseudogene	0	0	0	0.0000	0.0000	0.0000
ENSG00000213120.3	LIN28AP1	processed_pseudogene	0	0	0	0.0000	0.0000	0.0000
ENSG00000213121.2	AL590867.1	lncRNA	0	0	0	0.0000	0.0000	0.0000
ENSG00000213122.4	RPL23AP46	processed_pseudogene	0	0	0	0.0000	0.0000	0.0000
ENSG00000213123.11	TCTEX1D2	protein_coding	75	49	26	3.4135	0.8465	0.9153
ENSG00000213126.2	TXNL4AP1	processed_pseudogene	0	0	0	0.0000	0.0000	0.0000
ENSG00000213128.3	RPL32P31	processed_pseudogene	0	0	0	0.0000	0.0000	0.0000
ENSG00000213130.3	EEF1DP5	processed_pseudogene	1	0	1	0.0735	0.0182	0.0197
ENSG00000213131.3	YWHAZP4	processed_pseudogene	161	83	78	12.8959	3.1981	3.4578
ENSG00000213133.4	PPP1R14BP5	processed_pseudogene	0	0	0	0.0000	0.0000	0.0000
ENSG00000213137.3	ARF1P2	processed_pseudogene	1	1	0	0.1054	0.0261	0.0283
ENSG00000213139.8	CRYGS	protein_coding	96	49	47	2.6174	0.6491	0.7018
ENSG00000213140.3	ELK2AP	processed_pseudogene	0	0	0	0.0000	0.0000	0.0000
ENSG00000213144.2	AC084880.1	processed_pseudogene	79	33	46	8.2203	2.0386	2.2041
ENSG00000213145.10	CRIP1	protein_coding	56	38	18	1.2780	0.3169	0.3427
ENSG00000213147.3	RPL23AP60	processed_pseudogene	0	1	0	0.0000	0.0000	0.0000
ENSG00000213148.3	JPT1P1	processed_pseudogene	0	0	0	0.0000	0.0000	0.0000
ENSG00000213149.3	CNN2P9	processed_pseudogene	11	6	5	0.6863	0.1702	0.1840
ENSG00000213150.2	AL512430.1	processed_pseudogene	0	0	0	0.0000	0.0000	0.0000
ENSG00000213152.5	RPL7AP60	processed_pseudogene	1	1	0	0.0714	0.0177	0.0192
ENSG00000213153.3	AP001979.1	processed_pseudogene	1	1	0	0.0755	0.0187	0.0202
ENSG00000213155.4	AC007547.1	processed_pseudogene	0	0	0	0.0000	0.0000	0.0000
ENSG00000213157.3	AC108734.1	processed_pseudogene	1	1	0	0.1421	0.0352	0.0381
ENSG00000213158.6	GAPDHP36	processed_pseudogene	0	0	0	0.0000	0.0000	0.0000
ENSG00000213159.4	CEND1P1	processed_pseudogene	0	0	0	0.0000	0.0000	0.0000
ENSG00000213160.10	KLHL23	protein_coding	952	500	453	9.7928	2.4285	2.6258
ENSG00000213167.3	Metazoa_SRP	misc_RNA	0	0	0	0.0000	0.0000	0.0000
ENSG00000213169.3	AC069218.1	processed_pseudogene	6	3	3	0.4465	0.1107	0.1197
ENSG00000213170.3	SAR1AP2	processed_pseudogene	0	0	0	0.0000	0.0000	0.0000
ENSG00000213171.3	LINGO4	protein_coding	5	3	2	0.1072	0.0266	0.0288
ENSG00000213172.3	AL031985.1	processed_pseudogene	0	0	0	0.0000	0.0000	0.0000
ENSG00000213174.3	AC026316.1	processed_pseudogene	0	0	0	0.0000	0.0000	0.0000
ENSG00000213176.4	RPL13P6	processed_pseudogene	0	0	0	0.0000	0.0000	0.0000
ENSG00000213177.3	PRDX2P4	processed_pseudogene	0	0	0	0.0000	0.0000	0.0000
ENSG00000213178.3	RPL22P1	processed_pseudogene	308	159	149	42.6016	10.5648	11.4229
ENSG00000213179.4	RPL17P41	processed_pseudogene	1	0	1	0.1048	0.0260	0.0281
ENSG00000213180.4	RPL36AP48	processed_pseudogene	0	0	0	0.0000	0.0000	0.0000
ENSG00000213181.3	OR10N1P	transcribed_unprocessed_pseudogene	0	0	0	0.0000	0.0000	0.0000
ENSG00000213182.4	OR10D5P	unprocessed_pseudogene	0	0	0	0.0000	0.0000	0.0000
ENSG00000213183.3	RPS7P8	processed_pseudogene	1	1	0	0.0976	0.0242	0.0262
ENSG00000213184.3	AP003040.1	processed_pseudogene	0	0	0	0.0000	0.0000	0.0000
ENSG00000213185.7	FAM24B	protein_coding	32	19	14	1.5418	0.3824	0.4134
ENSG00000213186.8	TRIM59	protein_coding	1422	1721	1783	10.3096	2.5567	2.7643
ENSG00000213187.3	COPS5P1	processed_pseudogene	0	0	0	0.0000	0.0000	0.0000
ENSG00000213188.3	YBX1P4	processed_pseudogene	0	0	0	0.0000	0.0000	0.0000
ENSG00000213189.5	BTF3L4P2	processed_pseudogene	92	47	45	15.0790	3.7394	4.0432
ENSG00000213190.4	MLLT11	protein_coding	465	343	354	10.6203	2.6337	2.8476
ENSG00000213194.3	CDK7P1	processed_pseudogene	0	0	0	0.0000	0.0000	0.0000
ENSG00000213197.3	NUDCP1	processed_pseudogene	3	2	1	0.2451	0.0608	0.0657
ENSG00000213199.8	ASIC3	protein_coding	47	24	23	0.9699	0.2405	0.2601
ENSG00000213201.3	FABP5P10	processed_pseudogene	0	0	0	0.0000	0.0000	0.0000
ENSG00000213203.3	GIMAP1	protein_coding	179	88	91	2.1161	0.5248	0.5674
ENSG00000213204.8	AL049697.1	protein_coding	31	17	14	0.4980	0.1235	0.1335
ENSG00000213205.3	STRADBP1	processed_pseudogene	0	0	0	0.0000	0.0000	0.0000
ENSG00000213209.2	AC005229.1	processed_pseudogene	0	0	0	0.0000	0.0000	0.0000
ENSG00000213210.4	AC005229.2	processed_pseudogene	0	0	0	0.0000	0.0000	0.0000
ENSG00000213211.2	KRT18P64	processed_pseudogene	2	1	1	0.0930	0.0231	0.0249
ENSG00000213212.3	NCLP1	processed_pseudogene	7	4	3	0.2022	0.0502	0.0542
ENSG00000213213.14	CCDC183	protein_coding	55	42	60	1.0481	0.2599	0.2810
ENSG00000213214.5	ARHGEF35	protein_coding	273	155	132	5.9340	1.4716	1.5911
ENSG00000213215.5	OR2F1	protein_coding	0	0	0	0.0000	0.0000	0.0000
ENSG00000213216.2	AC007066.1	processed_pseudogene	2	0	2	0.2977	0.0738	0.0798
ENSG00000213218.11	CSH2	protein_coding	0	0	0	0.0000	0.0000	0.0000
ENSG00000213221.5	DNLZ	protein_coding	2	8	16	0.0366	0.0091	0.0098
ENSG00000213222.3	TOMM40P4	processed_pseudogene	119	67	61	6.5711	1.6296	1.7619
ENSG00000213225.7	NOC2LP1	transcribed_processed_pseudogene	3	2	1	0.0624	0.0155	0.0167
ENSG00000213226.4	AC242426.1	processed_pseudogene	0	0	0	0.0000	0.0000	0.0000
ENSG00000213228.5	RPL12P38	transcribed_processed_pseudogene	8	4	4	0.1956	0.0485	0.0525
ENSG00000213231.13	TCL1B	protein_coding	2	1	1	0.0610	0.0151	0.0164
ENSG00000213232.2	PPP1R2P10	processed_pseudogene	0	0	0	0.0000	0.0000	0.0000
ENSG00000213233.5	RPL23AP62	processed_pseudogene	0	0	0	0.0000	0.0000	0.0000
ENSG00000213234.4	ST13P10	processed_pseudogene	0	0	0	0.0000	0.0000	0.0000
ENSG00000213235.3	EEF1A1P16	processed_pseudogene	16	11	5	0.6417	0.1591	0.1721
ENSG00000213236.3	YWHAZP2	processed_pseudogene	22	10	12	1.7138	0.4250	0.4595
ENSG00000213237.4	PTMAP10	processed_pseudogene	4	1	3	0.6895	0.1710	0.1849
ENSG00000213238.6	AC008155.1	processed_pseudogene	0	0	0	0.0000	0.0000	0.0000
ENSG00000213239.3	NPM1P32	processed_pseudogene	3	0	3	0.2817	0.0699	0.0755
ENSG00000213244.3	H3P4	unprocessed_pseudogene	0	0	0	0.0000	0.0000	0.0000
ENSG00000213246.7	SUPT4H1	protein_coding	1	28	27	0.0273	0.0068	0.0073
ENSG00000213247.3	AL355863.1	processed_pseudogene	1	1	0	0.1935	0.0480	0.0519
ENSG00000213250.5	RBMS2P1	processed_pseudogene	36	19	17	1.6652	0.4130	0.4465
ENSG00000213252.3	AP001282.1	processed_pseudogene	1	1	0	0.0378	0.0094	0.0101
ENSG00000213253.5	RPL12P42	processed_pseudogene	5	1	4	0.5682	0.1409	0.1524
ENSG00000213260.3	YWHAZP5	processed_pseudogene	127	54	73	9.8660	2.4467	2.6454
ENSG00000213261.3	EEF1B2P6	processed_pseudogene	10	1	9	0.8426	0.2090	0.2259
ENSG00000213262.3	VDAC2P3	processed_pseudogene	4	4	0	0.2740	0.0679	0.0735
ENSG00000213264.3	NIP7P2	processed_pseudogene	0	0	0	0.0000	0.0000	0.0000
ENSG00000213265.9	TSGA13	protein_coding	143	145	171	3.5819	0.8883	0.9604
ENSG00000213269.2	RPS6P26	processed_pseudogene	1	0	1	0.0745	0.0185	0.0200
ENSG00000213270.5	RPL6P25	processed_pseudogene	2	0	2	0.1319	0.0327	0.0354
ENSG00000213272.5	RPL7AP9	processed_pseudogene	1	0	1	0.0709	0.0176	0.0190
ENSG00000213275.2	IFITM9P	processed_pseudogene	2	0	2	0.2864	0.0710	0.0768
ENSG00000213277.3	MARCKSL1P1	processed_pseudogene	0	0	0	0.0000	0.0000	0.0000
ENSG00000213279.2	Z97192.2	lncRNA	0	0	0	0.0000	0.0000	0.0000
ENSG00000213280.2	AC090114.1	processed_pseudogene	5	3	2	0.6329	0.1570	0.1697
ENSG00000213281.5	NRAS	protein_coding	5392	2721	2671	70.6843	17.5290	18.9528
ENSG00000213285.4	RPL23AP45	processed_pseudogene	0	0	0	0.0000	0.0000	0.0000
ENSG00000213287.3	AP001102.1	processed_pseudogene	0	0	0	0.0000	0.0000	0.0000
ENSG00000213290.4	PGK1P2	processed_pseudogene	6	5	1	0.2803	0.0695	0.0752
ENSG00000213291.3	AC010099.1	processed_pseudogene	0	0	0	0.0000	0.0000	0.0000
ENSG00000213293.4	AC012618.1	processed_pseudogene	17	13	4	2.3400	0.5803	0.6274
ENSG00000213295.3	RPL22P10	processed_pseudogene	0	0	0	0.0000	0.0000	0.0000
ENSG00000213296.4	AC005521.1	processed_pseudogene	1	1	0	0.0650	0.0161	0.0174
ENSG00000213297.8	ZNF625-ZNF20	protein_coding	0	0	0	0.0000	0.0000	0.0000
ENSG00000213300.5	HNRNPA3P6	processed_pseudogene	44	25	19	2.4804	0.6151	0.6651
ENSG00000213301.2	HMGB3P11	processed_pseudogene	0	0	0	0.0000	0.0000	0.0000
ENSG00000213302.3	AC015983.1	processed_pseudogene	0	0	0	0.0000	0.0000	0.0000
ENSG00000213303.3	AC008481.1	processed_pseudogene	4	1	3	0.5728	0.1421	0.1536
ENSG00000213304.3	AC008481.2	processed_pseudogene	9	7	2	0.9612	0.2384	0.2577
ENSG00000213305.3	HNRNPCP6	processed_pseudogene	1	0	1	0.0651	0.0161	0.0175
ENSG00000213307.4	RPL18P11	processed_pseudogene	1	0	1	0.1070	0.0265	0.0287
ENSG00000213309.3	RPL9P18	processed_pseudogene	4	2	2	0.4240	0.1051	0.1137
ENSG00000213310.3	CYCSP19	processed_pseudogene	0	0	0	0.0000	0.0000	0.0000
ENSG00000213312.3	RPL7AP34	processed_pseudogene	2	1	1	0.1416	0.0351	0.0380
ENSG00000213315.5	AL122020.1	processed_pseudogene	6	4	2	0.7413	0.1838	0.1988
ENSG00000213316.10	LTC4S	protein_coding	114	47	67	5.4236	1.3450	1.4542
ENSG00000213318.4	AC009078.1	processed_pseudogene	0	0	0	0.0000	0.0000	0.0000
ENSG00000213326.4	RPS7P11	processed_pseudogene	37	11	26	3.5807	0.8880	0.9601
ENSG00000213328.3	AC104117.1	processed_pseudogene	1	1	0	0.0630	0.0156	0.0169
ENSG00000213331.4	AC108073.1	processed_pseudogene	1	1	0	0.0841	0.0209	0.0226
ENSG00000213332.4	SLC25A5P6	processed_pseudogene	3	2	1	0.1920	0.0476	0.0515
ENSG00000213333.3	NPM1P50	transcribed_processed_pseudogene	0	0	0	0.0000	0.0000	0.0000
ENSG00000213335.4	CLNS1AP1	processed_pseudogene	0	0	0	0.0000	0.0000	0.0000
ENSG00000213337.9	ANKRD39	protein_coding	175	104	75	1.8918	0.4691	0.5072
ENSG00000213338.3	ATF4P1	processed_pseudogene	0	0	0	0.0000	0.0000	0.0000
ENSG00000213339.9	QTRT1	protein_coding	1380	690	691	22.8163	5.6582	6.1178
ENSG00000213341.11	CHUK	protein_coding	3635	1768	1878	29.8625	7.4056	8.0071
ENSG00000213343.5	RPL21P18	processed_pseudogene	1	1	0	0.1181	0.0293	0.0317
ENSG00000213344.2	PCNPP3	processed_pseudogene	0	0	0	0.0000	0.0000	0.0000
ENSG00000213347.10	MXD3	protein_coding	351	3288	3291	3.8621	0.9578	1.0356
ENSG00000213352.3	GAPDHP44	processed_pseudogene	3	1	2	0.1689	0.0419	0.0453
ENSG00000213355.3	CNN2P8	processed_pseudogene	1	1	0	0.0621	0.0154	0.0167
ENSG00000213358.3	AC092933.1	unprocessed_pseudogene	1	1	0	0.0600	0.0149	0.0161
ENSG00000213361.2	AC004884.1	processed_pseudogene	1	1	0	0.1778	0.0441	0.0477
ENSG00000213362.3	FTH1P12	processed_pseudogene	20	13	7	2.0584	0.5105	0.5519
ENSG00000213363.4	RPS3P6	processed_pseudogene	3	3	0	0.2812	0.0697	0.0754
ENSG00000213365.3	AP000593.1	processed_pseudogene	3	1	2	0.2389	0.0593	0.0641
ENSG00000213366.13	GSTM2	protein_coding	692	341	351	4.3049	1.0676	1.1543
ENSG00000213368.3	ST13P11	processed_pseudogene	0	0	0	0.0000	0.0000	0.0000
ENSG00000213370.3	RANP6	processed_pseudogene	1	1	0	0.0881	0.0218	0.0236
ENSG00000213371.4	NAP1L1P3	processed_pseudogene	11	7	4	0.7089	0.1758	0.1901
ENSG00000213373.7	LINC00671	lncRNA	5	3	2	0.1308	0.0324	0.0351
ENSG00000213376.4	GAPDHP71	processed_pseudogene	4	3	1	0.2262	0.0561	0.0606
ENSG00000213380.16	COG8	protein_coding	262	1178	1154	1.8925	0.4693	0.5074
ENSG00000213383.2	AC104297.1	processed_pseudogene	0	0	0	0.0000	0.0000	0.0000
ENSG00000213384.2	EIF4E2P1	processed_pseudogene	0	0	0	0.0000	0.0000	0.0000
ENSG00000213385.3	AC105052.2	processed_pseudogene	12	5	7	0.8571	0.2125	0.2298
ENSG00000213386.3	AC022217.1	processed_pseudogene	1	2	0	0.0768	0.0191	0.0206
ENSG00000213390.11	ARHGAP19	protein_coding	1118	579	539	10.2808	2.5495	2.7566
ENSG00000213393.5	AC091980.1	processed_pseudogene	0	0	0	0.0000	0.0000	0.0000
ENSG00000213394.3	RPSAP46	processed_pseudogene	0	0	0	0.0000	0.0000	0.0000
ENSG00000213397.10	HAUS7	protein_coding	20	14	8	0.2858	0.0709	0.0766
ENSG00000213398.8	LCAT	protein_coding	238	128	110	5.1417	1.2751	1.3787
ENSG00000213399.3	RPS2P17	processed_pseudogene	9	5	4	0.6436	0.1596	0.1726
ENSG00000213400.3	RPL12P18	processed_pseudogene	0	0	0	0.0000	0.0000	0.0000
ENSG00000213401.10	MAGEA12	protein_coding	6	4	2	0.1732	0.0429	0.0464
ENSG00000213402.3	PTPRCAP	protein_coding	0	0	0	0.0000	0.0000	0.0000
ENSG00000213403.2	CISD1P1	processed_pseudogene	0	0	0	0.0000	0.0000	0.0000
ENSG00000213406.3	ANXA2P1	processed_pseudogene	12	6	6	0.7349	0.1822	0.1971
ENSG00000213409.4	C1QBPP2	processed_pseudogene	0	3	3	0.0000	0.0000	0.0000
ENSG00000213411.2	RBM22P2	processed_pseudogene	8	2	6	0.2501	0.0620	0.0671
ENSG00000213412.3	HNRNPA1P33	processed_pseudogene	0	0	0	0.0000	0.0000	0.0000
ENSG00000213413.2	PVRIG	protein_coding	7	5	2	0.2001	0.0496	0.0536
ENSG00000213414.3	AC008677.1	processed_pseudogene	0	0	0	0.0000	0.0000	0.0000
ENSG00000213416.4	KRTAP4-12	protein_coding	0	0	0	0.0000	0.0000	0.0000
ENSG00000213417.3	KRTAP2-4	protein_coding	0	0	0	0.0000	0.0000	0.0000
ENSG00000213420.8	GPC2	protein_coding	34	20	14	0.5025	0.1246	0.1347
ENSG00000213421.4	AC099670.1	processed_pseudogene	0	0	0	0.0000	0.0000	0.0000
ENSG00000213423.4	RBMX2P2	processed_pseudogene	0	0	0	0.0000	0.0000	0.0000
ENSG00000213424.9	KRT222	protein_coding	1	0	1	0.0179	0.0044	0.0048
ENSG00000213430.6	HSPD1P1	processed_pseudogene	16	6	10	0.5257	0.1304	0.1410
ENSG00000213431.4	AC080014.1	processed_pseudogene	0	0	0	0.0000	0.0000	0.0000
ENSG00000213432.2	RPL17P34	processed_pseudogene	3	3	0	0.3065	0.0760	0.0822
ENSG00000213433.5	RPLP1P6	transcribed_processed_pseudogene	26	13	13	2.8355	0.7032	0.7603
ENSG00000213434.2	VTI1BP2	processed_pseudogene	0	0	0	0.0000	0.0000	0.0000
ENSG00000213435.3	ATP6V0CP3	processed_pseudogene	2	1	1	0.2429	0.0602	0.0651
ENSG00000213438.2	YBX2P1	processed_pseudogene	1	0	1	0.0746	0.0185	0.0200
ENSG00000213439.3	OR5AC1	polymorphic_pseudogene	0	0	0	0.0000	0.0000	0.0000
ENSG00000213440.2	H2AZP1	processed_pseudogene	1	1	0	0.1436	0.0356	0.0385
ENSG00000213442.5	RPL18AP3	processed_pseudogene	192	79	114	20.6218	5.1140	5.5294
ENSG00000213443.2	NPM1P7	processed_pseudogene	0	0	0	0.0000	0.0000	0.0000
ENSG00000213445.10	SIPA1	protein_coding	1625	798	827	19.8095	4.9126	5.3116
ENSG00000213448.3	RPS23P2	processed_pseudogene	0	0	0	0.0000	0.0000	0.0000
ENSG00000213449.2	GAPDHP28	processed_pseudogene	0	0	0	0.0000	0.0000	0.0000
ENSG00000213450.4	VDAC1P7	processed_pseudogene	3	3	0	0.2009	0.0498	0.0539
ENSG00000213451.2	OR6C69P	unprocessed_pseudogene	0	0	0	0.0000	0.0000	0.0000
ENSG00000213452.4	AKR1B1P2	processed_pseudogene	0	0	0	0.0000	0.0000	0.0000
ENSG00000213453.3	FTH1P3	processed_pseudogene	81	40	42	7.8656	1.9506	2.1090
ENSG00000213455.3	PPIAP82	processed_pseudogene	4	3	1	0.4546	0.1127	0.1219
ENSG00000213461.3	AL672212.1	processed_pseudogene	0	0	0	0.0000	0.0000	0.0000
ENSG00000213462.5	ERV3-1	protein_coding	2032	1027	1005	22.9231	5.6847	6.1465
ENSG00000213463.5	SYNJ2BP	protein_coding	3280	1668	1612	26.3580	6.5365	7.0675
ENSG00000213465.8	ARL2	protein_coding	1008	470	538	28.0627	6.9593	7.5245
ENSG00000213467.4	HMGB1P37	processed_pseudogene	7	3	4	0.6518	0.1616	0.1748
ENSG00000213468.7	FIRRE	lncRNA	53	31	22	0.2472	0.0613	0.0663
ENSG00000213470.4	AC073594.1	processed_pseudogene	1	1	0	0.1558	0.0386	0.0418
ENSG00000213471.10	TTLL13P	protein_coding	2	0	2	0.0291	0.0072	0.0078
ENSG00000213478.2	CFL1P2	processed_pseudogene	1	0	1	0.0829	0.0206	0.0222
ENSG00000213480.3	AC093816.1	processed_pseudogene	1	0	1	0.0621	0.0154	0.0167
ENSG00000213483.4	NDUFAF4P2	processed_pseudogene	0	0	0	0.0000	0.0000	0.0000
ENSG00000213484.2	EIF4A1P8	processed_pseudogene	0	0	0	0.0000	0.0000	0.0000
ENSG00000213486.3	AC108039.1	processed_pseudogene	0	0	0	0.0000	0.0000	0.0000
ENSG00000213487.3	ASS1P4	processed_pseudogene	0	0	0	0.0000	0.0000	0.0000
ENSG00000213488.4	AC008716.1	processed_pseudogene	0	0	0	0.0000	0.0000	0.0000
ENSG00000213489.3	AL627231.1	processed_pseudogene	0	0	0	0.0000	0.0000	0.0000
ENSG00000213492.2	NT5C3AP1	transcribed_processed_pseudogene	13	7	6	0.4433	0.1099	0.1189
ENSG00000213493.3	ACTN4P1	processed_pseudogene	2	1	1	0.0782	0.0194	0.0210
ENSG00000213495.3	RPL26P13	processed_pseudogene	0	0	0	0.0000	0.0000	0.0000
ENSG00000213498.3	TPT1P13	processed_pseudogene	0	0	0	0.0000	0.0000	0.0000
ENSG00000213500.3	LAP3P2	processed_pseudogene	0	1	2	0.0000	0.0000	0.0000
ENSG00000213509.4	PPIAP16	processed_pseudogene	0	0	0	0.0000	0.0000	0.0000
ENSG00000213512.3	GBP7	protein_coding	7	4	5	0.1632	0.0405	0.0438
ENSG00000213513.3	IMPDH1P5	processed_pseudogene	19	8	11	0.6997	0.1735	0.1876
ENSG00000213514.2	AL731556.1	processed_pseudogene	20	9	11	0.3056	0.0758	0.0820
ENSG00000213516.10	RBMXL1	protein_coding	1656	834	822	18.4611	4.5782	4.9500
ENSG00000213519.2	AC132008.1	processed_pseudogene	9	3	6	1.7846	0.4426	0.4785
ENSG00000213522.4	RAC1P5	processed_pseudogene	2	1	1	0.1969	0.0488	0.0528
ENSG00000213523.10	SRA1	protein_coding	2832	2175	2214	47.2917	11.7279	12.6805
ENSG00000213525.3	FAM32CP	processed_pseudogene	0	0	0	0.0000	0.0000	0.0000
ENSG00000213526.3	SETP8	processed_pseudogene	0	0	0	0.0000	0.0000	0.0000
ENSG00000213527.5	AC026826.1	processed_pseudogene	0	0	0	0.0000	0.0000	0.0000
ENSG00000213529.3	AL359073.1	processed_pseudogene	4	4	0	0.5629	0.1396	0.1509
ENSG00000213530.3	MTHFD2P5	processed_pseudogene	0	0	0	0.0000	0.0000	0.0000
ENSG00000213533.13	STIMATE	protein_coding	43	23	20	0.4274	0.1060	0.1146
ENSG00000213536.2	GNG5P1	processed_pseudogene	0	0	0	0.0000	0.0000	0.0000
ENSG00000213538.5	KRT8P41	processed_pseudogene	30	22	8	1.1237	0.2787	0.3013
ENSG00000213539.4	YBX1P6	processed_pseudogene	2	2	0	0.1132	0.0281	0.0304
ENSG00000213540.3	TXN2P1	processed_pseudogene	0	0	0	0.0000	0.0000	0.0000
ENSG00000213542.3	AC007000.1	processed_pseudogene	4	2	2	0.2857	0.0708	0.0766
ENSG00000213543.2	RARRES2P2	processed_pseudogene	0	0	0	0.0000	0.0000	0.0000
ENSG00000213547.3	VN1R64P	unitary_pseudogene	0	0	0	0.0000	0.0000	0.0000
ENSG00000213548.3	PPIAP81	processed_pseudogene	0	0	0	0.0000	0.0000	0.0000
ENSG00000213549.3	AC005077.1	processed_pseudogene	0	0	0	0.0000	0.0000	0.0000
ENSG00000213551.7	DNAJC9	protein_coding	756	1589	1652	13.3228	3.3039	3.5723
ENSG00000213553.4	RPLP0P6	processed_pseudogene	133	67	67	7.9061	1.9606	2.1199
ENSG00000213556.3	AL359692.1	processed_pseudogene	0	0	0	0.0000	0.0000	0.0000
ENSG00000213557.4	AC068050.1	processed_pseudogene	0	0	0	0.0000	0.0000	0.0000
ENSG00000213558.3	HMGN2P32	processed_pseudogene	1	1	0	0.2108	0.0523	0.0565
ENSG00000213559.4	HNRNPA1P64	processed_pseudogene	0	0	0	0.0000	0.0000	0.0000
ENSG00000213560.4	AC103591.1	processed_pseudogene	2	0	2	0.2040	0.0506	0.0547
ENSG00000213561.4	AC103591.2	processed_pseudogene	0	0	0	0.0000	0.0000	0.0000
ENSG00000213563.7	C8orf82	protein_coding	1168	567	601	22.0717	5.4736	5.9182
ENSG00000213568.4	HNRNPA1P13	processed_pseudogene	0	0	0	0.0000	0.0000	0.0000
ENSG00000213569.4	GTF3C6P2	processed_pseudogene	1	0	1	0.0928	0.0230	0.0249
ENSG00000213574.2	LDHAP5	processed_pseudogene	16	11	5	1.4588	0.3618	0.3911
ENSG00000213578.6	CPLX3	protein_coding	0	0	0	0.0000	0.0000	0.0000
ENSG00000213579.3	AL096829.1	processed_pseudogene	1	0	1	0.1241	0.0308	0.0333
ENSG00000213585.11	VDAC1	protein_coding	26398	13454	12947	490.9904	121.7607	131.6509
ENSG00000213587.3	AC126120.1	processed_pseudogene	0	0	0	0.0000	0.0000	0.0000
ENSG00000213588.6	ZBTB9	protein_coding	1595	795	813	30.0506	7.4523	8.0576
ENSG00000213590.2	AL807752.1	processed_pseudogene	5	4	1	0.2145	0.0532	0.0575
ENSG00000213592.4	PPIAP42	processed_pseudogene	1	1	1	0.1164	0.0289	0.0312
ENSG00000213593.10	TMX2	protein_coding	3452	1771	1682	86.8898	21.5478	23.2981
ENSG00000213594.4	GAPDHP25	processed_pseudogene	0	0	0	0.0000	0.0000	0.0000
ENSG00000213598.4	AL049873.1	processed_pseudogene	4	3	2	0.6033	0.1496	0.1618
ENSG00000213599.10	SLX1A-SULT1A3	lncRNA	1	1	0	0.0123	0.0030	0.0033
ENSG00000213600.3	U73169.1	lncRNA	13	6	7	2.0088	0.4982	0.5386
ENSG00000213601.3	KRT18P19	processed_pseudogene	2	1	1	0.1609	0.0399	0.0431
ENSG00000213604.4	AC022882.1	processed_pseudogene	0	0	0	0.0000	0.0000	0.0000
ENSG00000213605.2	AC111200.1	processed_pseudogene	0	0	0	0.0000	0.0000	0.0000
ENSG00000213606.3	AKR1B10P1	processed_pseudogene	0	0	0	0.0000	0.0000	0.0000
ENSG00000213607.4	OR4A45P	unprocessed_pseudogene	0	0	0	0.0000	0.0000	0.0000
ENSG00000213608.5	SLC25A14P1	processed_pseudogene	1	1	0	0.0629	0.0156	0.0169
ENSG00000213609.3	RPL7AP50	processed_pseudogene	13	4	9	0.9273	0.2300	0.2486
ENSG00000213612.3	FAM220CP	processed_pseudogene	2	1	1	0.1365	0.0338	0.0366
ENSG00000213613.2	RPL11P3	processed_pseudogene	8	5	3	0.8675	0.2151	0.2326
ENSG00000213614.10	HEXA	protein_coding	1608	2184	2277	7.4198	1.8400	1.9895
ENSG00000213619.11	NDUFS3	protein_coding	3334	1610	1730	41.9505	10.4033	11.2483
ENSG00000213620.3	AL121657.1	processed_pseudogene	0	0	0	0.0000	0.0000	0.0000
ENSG00000213621.3	RPSAP54	processed_pseudogene	17	9	8	1.0881	0.2698	0.2918
ENSG00000213625.9	LEPROT	protein_coding	18868	9572	9296	204.3162	50.6683	54.7840
ENSG00000213626.13	LBH	protein_coding	6301	3156	3145	78.8459	19.5530	21.1412
ENSG00000213630.3	BOLA3P3	processed_pseudogene	0	0	0	0.0000	0.0000	0.0000
ENSG00000213638.6	ADAT3	protein_coding	19	11	8	0.4862	0.1206	0.1304
ENSG00000213639.10	PPP1CB	protein_coding	14744	7509	7239	145.1618	35.9987	38.9227
ENSG00000213640.3	EEF1DP4	processed_pseudogene	12	4	8	0.7733	0.1918	0.2074
ENSG00000213641.4	RPL7AP4	processed_pseudogene	0	0	0	0.0000	0.0000	0.0000
ENSG00000213642.3	AC016769.1	processed_pseudogene	6	4	2	0.3369	0.0835	0.0903
ENSG00000213643.3	VN1R37P	processed_pseudogene	0	0	0	0.0000	0.0000	0.0000
ENSG00000213644.2	SAPCD2P1	processed_pseudogene	0	0	0	0.0000	0.0000	0.0000
ENSG00000213645.2	SLC25A1P3	processed_pseudogene	0	0	0	0.0000	0.0000	0.0000
ENSG00000213648.11	SULT1A4	protein_coding	0	0	0	0.0000	0.0000	0.0000
ENSG00000213650.3	AC092447.2	processed_pseudogene	0	0	0	0.0000	0.0000	0.0000
ENSG00000213652.3	HMGB3P30	processed_pseudogene	0	0	0	0.0000	0.0000	0.0000
ENSG00000213653.4	RPL22P22	processed_pseudogene	0	0	0	0.0000	0.0000	0.0000
ENSG00000213654.10	GPSM3	protein_coding	1103	543	560	34.1250	8.4627	9.1500
ENSG00000213655.4	AC010493.1	processed_pseudogene	0	0	0	0.0000	0.0000	0.0000
ENSG00000213657.3	RPL31P44	processed_pseudogene	2	1	1	0.3008	0.0746	0.0807
ENSG00000213658.12	LAT	protein_coding	9	7	2	0.1152	0.0286	0.0309
ENSG00000213659.4	RSU1P3	processed_pseudogene	0	0	0	0.0000	0.0000	0.0000
ENSG00000213661.3	AC106806.1	processed_pseudogene	0	0	0	0.0000	0.0000	0.0000
ENSG00000213663.4	AC010409.1	processed_pseudogene	1	0	1	0.1191	0.0295	0.0319
ENSG00000213664.4	RPS16P8	processed_pseudogene	0	0	0	0.0000	0.0000	0.0000
ENSG00000213667.3	PGGT1BP1	processed_pseudogene	0	0	0	0.0000	0.0000	0.0000
ENSG00000213669.2	AL137074.1	processed_pseudogene	3	1	3	0.3659	0.0907	0.0981
ENSG00000213671.3	OLA1P2	processed_pseudogene	1	1	0	0.0449	0.0111	0.0120
ENSG00000213672.8	NCKIPSD	protein_coding	2202	1089	1113	36.3962	9.0259	9.7590
ENSG00000213673.3	SLC25A5P3	processed_pseudogene	1	1	0	0.0641	0.0159	0.0172
ENSG00000213676.13	ATF6B	protein_coding	4944	2433	2511	77.2593	19.1595	20.7158
ENSG00000213683.4	AC002056.1	processed_pseudogene	1	1	0	0.0746	0.0185	0.0200
ENSG00000213684.4	LDHBP2	processed_pseudogene	1	0	1	0.0564	0.0140	0.0151
ENSG00000213689.14	TREX1	protein_coding	0	0	0	0.0000	0.0000	0.0000
ENSG00000213690.3	AL360271.1	processed_pseudogene	1	0	1	0.1112	0.0276	0.0298
ENSG00000213693.4	SEC14L1P1	processed_pseudogene	16	11	5	0.4160	0.1032	0.1116
ENSG00000213694.6	S1PR3	protein_coding	14281	7199	7082	59.1063	14.6578	15.8484
ENSG00000213695.3	RPS7P14	processed_pseudogene	13	8	5	1.2645	0.3136	0.3391
ENSG00000213697.3	CTBP2P6	processed_pseudogene	0	0	0	0.0000	0.0000	0.0000
ENSG00000213698.2	CAPZA1P3	processed_pseudogene	0	0	0	0.0000	0.0000	0.0000
ENSG00000213699.9	SLC35F6	protein_coding	5498	2774	2724	79.9055	19.8158	21.4253
ENSG00000213700.3	RPL17P50	processed_pseudogene	130	70	60	13.5024	3.3485	3.6204
ENSG00000213701.4	SETP22	processed_pseudogene	2	1	1	0.1185	0.0294	0.0318
ENSG00000213703.2	AL138847.1	processed_pseudogene	0	0	0	0.0000	0.0000	0.0000
ENSG00000213704.3	EEF1A1P15	processed_pseudogene	2	1	1	0.0806	0.0200	0.0216
ENSG00000213706.2	RHOG2P	processed_pseudogene	0	0	0	0.0000	0.0000	0.0000
ENSG00000213707.2	HMGB1P10	processed_pseudogene	221	116	105	22.2609	5.5205	5.9689
ENSG00000213708.6	SLC16A14P1	unprocessed_pseudogene	0	0	0	0.0000	0.0000	0.0000
ENSG00000213711.3	PHBP7	processed_pseudogene	1	1	0	0.0697	0.0173	0.0187
ENSG00000213713.3	PIGCP1	processed_pseudogene	140	132	140	8.8708	2.1999	2.3786
ENSG00000213714.1	FAM209B	protein_coding	13	7	6	1.0623	0.2634	0.2848
ENSG00000213716.3	FABP5P5	processed_pseudogene	0	0	0	0.0000	0.0000	0.0000
ENSG00000213717.3	AC004692.1	processed_pseudogene	0	0	0	0.0000	0.0000	0.0000
ENSG00000213719.8	CLIC1	protein_coding	16446	8104	8342	480.2535	119.0980	128.7720
ENSG00000213721.3	HMGN2P30	processed_pseudogene	3	2	1	0.6646	0.1648	0.1782
ENSG00000213722.10	DDAH2	protein_coding	3120	1579	1542	74.8773	18.5688	20.0771
ENSG00000213724.4	PRDX2P2	processed_pseudogene	0	0	0	0.0000	0.0000	0.0000
ENSG00000213726.5	RPS2P52	processed_pseudogene	0	0	0	0.0000	0.0000	0.0000
ENSG00000213727.3	AP000533.1	processed_pseudogene	0	0	0	0.0000	0.0000	0.0000
ENSG00000213729.3	RPS16P2	processed_pseudogene	1	0	1	0.1289	0.0320	0.0346
ENSG00000213730.3	POLD2P1	processed_pseudogene	1	0	1	0.0569	0.0141	0.0153
ENSG00000213731.2	RAB5CP1	processed_pseudogene	0	0	0	0.0000	0.0000	0.0000
ENSG00000213735.2	ANAPC10P1	processed_pseudogene	0	0	0	0.0000	0.0000	0.0000
ENSG00000213736.2	BRI3P2	processed_pseudogene	0	0	0	0.0000	0.0000	0.0000
ENSG00000213739.3	PPIAP68	processed_pseudogene	2	0	2	0.2259	0.0560	0.0606
ENSG00000213740.2	SERBP1P1	processed_pseudogene	5	3	2	0.2444	0.0606	0.0655
ENSG00000213741.11	RPS29	protein_coding	15909	8533	7503	91.6869	22.7374	24.5843
ENSG00000213742.7	ZNF337-AS1	lncRNA	390	1477	1548	3.6917	0.9155	0.9899
ENSG00000213744.3	RPS10P14	processed_pseudogene	1	0	1	0.1130	0.0280	0.0303
ENSG00000213747.2	WASHC3P1	processed_pseudogene	0	0	0	0.0000	0.0000	0.0000
ENSG00000213750.4	AP002982.1	processed_pseudogene	0	0	0	0.0000	0.0000	0.0000
ENSG00000213752.3	AL008718.1	processed_pseudogene	1	1	0	0.1164	0.0289	0.0312
ENSG00000213753.11	CENPBD1P1	transcribed_processed_pseudogene	1745	871	874	10.1726	2.5227	2.7276
ENSG00000213754.2	KPNA4P1	processed_pseudogene	4	2	3	0.1580	0.0392	0.0424
ENSG00000213755.3	AC093270.1	processed_pseudogene	2	1	1	0.2334	0.0579	0.0626
ENSG00000213757.3	RPS3AP20	processed_pseudogene	18	6	12	1.2971	0.3217	0.3478
ENSG00000213759.10	UGT2B11	protein_coding	0	0	0	0.0000	0.0000	0.0000
ENSG00000213760.11	ATP6V1G2	protein_coding	295	236	263	7.7272	1.9163	2.0719
ENSG00000213761.4	MT1P1	processed_pseudogene	1	1	0	0.3099	0.0768	0.0831
ENSG00000213762.12	ZNF134	protein_coding	1181	556	625	13.0326	3.2320	3.4945
ENSG00000213763.4	ACTBP2	processed_pseudogene	27	12	15	1.3635	0.3381	0.3656
ENSG00000213770.3	FAM210CP	processed_pseudogene	0	0	0	0.0000	0.0000	0.0000
ENSG00000213771.3	KRT8P37	processed_pseudogene	3	3	0	0.1198	0.0297	0.0321
ENSG00000213772.3	EIF1P7	processed_pseudogene	0	0	0	0.0000	0.0000	0.0000
ENSG00000213774.3	AC010904.1	processed_pseudogene	0	0	0	0.0000	0.0000	0.0000
ENSG00000213777.5	AC011487.1	transcribed_processed_pseudogene	0	0	0	0.0000	0.0000	0.0000
ENSG00000213778.2	HNRNPA1P32	processed_pseudogene	0	0	0	0.0000	0.0000	0.0000
ENSG00000213779.4	AC107956.2	processed_pseudogene	1	1	0	0.1249	0.0310	0.0335
ENSG00000213780.11	GTF2H4	protein_coding	3	3	0	0.0730	0.0181	0.0196
ENSG00000213781.3	PSMC1P2	processed_pseudogene	1	1	0	0.0471	0.0117	0.0126
ENSG00000213782.7	DDX47	protein_coding	44	24	20	0.4951	0.1228	0.1327
ENSG00000213783.4	RPL35P4	processed_pseudogene	0	0	0	0.0000	0.0000	0.0000
ENSG00000213785.3	AKR1B1P3	processed_pseudogene	0	0	0	0.0000	0.0000	0.0000
ENSG00000213786.3	NHP2P2	processed_pseudogene	1	1	0	0.1233	0.0306	0.0331
ENSG00000213787.3	RPL7AP38	processed_pseudogene	0	0	0	0.0000	0.0000	0.0000
ENSG00000213790.2	OLA1P1	processed_pseudogene	54	29	25	2.5756	0.6387	0.6906
ENSG00000213791.4	AC104212.2	processed_pseudogene	2	1	1	0.1850	0.0459	0.0496
ENSG00000213793.5	ZNF888	protein_coding	1267	644	656	16.1682	4.0096	4.3352
ENSG00000213798.3	AC004129.1	processed_pseudogene	1	0	1	0.0712	0.0177	0.0191
ENSG00000213799.13	ZNF845	protein_coding	1203	613	591	10.5771	2.6230	2.8361
ENSG00000213801.4	ZNF321P	transcribed_processed_pseudogene	87	47	40	2.1075	0.5227	0.5651
ENSG00000213809.9	KLRK1	protein_coding	3	2	1	0.0559	0.0139	0.0150
ENSG00000213816.3	CNN2P4	processed_pseudogene	2	2	0	0.1255	0.0311	0.0336
ENSG00000213820.3	RPL13P2	processed_pseudogene	0	0	0	0.0000	0.0000	0.0000
ENSG00000213822.6	CEACAM18	protein_coding	0	0	0	0.0000	0.0000	0.0000
ENSG00000213830.3	CFL1P5	processed_pseudogene	19	8	11	2.1464	0.5323	0.5755
ENSG00000213839.4	TMX2P1	processed_pseudogene	217	108	110	17.3814	4.3104	4.6605
ENSG00000213842.2	SUGT1P2	processed_pseudogene	3	2	1	0.1715	0.0425	0.0460
ENSG00000213849.3	AC104306.1	processed_pseudogene	0	0	0	0.0000	0.0000	0.0000
ENSG00000213851.3	AC098590.1	processed_pseudogene	2	0	2	0.1264	0.0314	0.0339
ENSG00000213853.10	EMP2	protein_coding	18308	11879	11693	120.0007	29.7590	32.1762
ENSG00000213854.3	CNN2P6	processed_pseudogene	0	0	0	0.0000	0.0000	0.0000
ENSG00000213856.3	VDAC1P2	processed_pseudogene	4	4	0	0.2669	0.0662	0.0716
ENSG00000213857.3	AL080243.1	processed_pseudogene	1	0	2	0.0535	0.0133	0.0143
ENSG00000213859.7	KCTD11	protein_coding	1727	1208	1128	32.0478	7.9475	8.5931
ENSG00000213860.4	RPL21P75	processed_pseudogene	70	27	47	8.2188	2.0382	2.2037
ENSG00000213862.4	AC044787.1	processed_pseudogene	11	6	5	0.7876	0.1953	0.2112
ENSG00000213864.3	EEF1B2P2	processed_pseudogene	3	2	1	0.2517	0.0624	0.0675
ENSG00000213866.3	YBX1P10	processed_pseudogene	133	54	79	7.7358	1.9184	2.0742
ENSG00000213867.4	AL049830.1	processed_pseudogene	1	0	1	0.1334	0.0331	0.0358
ENSG00000213871.3	TAF9BP1	processed_pseudogene	4	1	3	0.3041	0.0754	0.0815
ENSG00000213872.3	AC092798.1	processed_pseudogene	5	1	4	0.6933	0.1719	0.1859
ENSG00000213873.4	PPIAP86	processed_pseudogene	0	0	0	0.0000	0.0000	0.0000
ENSG00000213875.3	AC005019.1	processed_pseudogene	0	0	0	0.0000	0.0000	0.0000
ENSG00000213876.4	RPL7AP64	processed_pseudogene	2	0	2	0.1711	0.0424	0.0459
ENSG00000213877.3	CFL1P7	processed_pseudogene	0	0	0	0.0000	0.0000	0.0000
ENSG00000213880.3	RPL7AP7	processed_pseudogene	0	0	0	0.0000	0.0000	0.0000
ENSG00000213881.3	NPM1P6	processed_pseudogene	29	14	15	1.8882	0.4682	0.5063
ENSG00000213882.2	CYB5AP4	processed_pseudogene	0	0	0	0.0000	0.0000	0.0000
ENSG00000213885.4	RPL13AP7	transcribed_processed_pseudogene	46	25	23	1.5300	0.3794	0.4102
ENSG00000213886.4	UBD	protein_coding	0	0	2	0.0000	0.0000	0.0000
ENSG00000213888.3	LINC01521	lncRNA	125	51	74	3.6484	0.9048	0.9782
ENSG00000213889.10	PPM1N	protein_coding	78	153	139	1.7205	0.4267	0.4613
ENSG00000213891.3	RPL3P6	processed_pseudogene	4	2	2	0.1884	0.0467	0.0505
ENSG00000213892.12	CEACAM16	protein_coding	4	3	8	0.1337	0.0331	0.0358
ENSG00000213896.4	AC109486.1	processed_pseudogene	1	0	1	0.1516	0.0376	0.0407
ENSG00000213900.2	RPS17P1	processed_pseudogene	3	2	1	0.4190	0.1039	0.1124
ENSG00000213901.11	SLC23A3	protein_coding	15	9	6	0.2362	0.0586	0.0633
ENSG00000213903.9	LTB4R	protein_coding	369	174	195	4.6867	1.1622	1.2567
ENSG00000213904.9	LIPE-AS1	lncRNA	36	163	162	0.4704	0.1167	0.1261
ENSG00000213906.10	LTB4R2	protein_coding	58	41	74	1.0174	0.2523	0.2728
ENSG00000213908.4	CYP2A7P1	unprocessed_pseudogene	1	0	1	0.0696	0.0173	0.0187
ENSG00000213911.2	OR2G1P	unprocessed_pseudogene	0	0	0	0.0000	0.0000	0.0000
ENSG00000213916.2	RPL13P	processed_pseudogene	0	0	0	0.0000	0.0000	0.0000
ENSG00000213917.2	RPL5P8	processed_pseudogene	1	0	1	0.0696	0.0173	0.0187
ENSG00000213918.10	DNASE1	protein_coding	1302	1991	1841	5.3501	1.3268	1.4345
ENSG00000213920.9	MDP1	protein_coding	2	2	0	0.1064	0.0264	0.0285
ENSG00000213921.8	LEUTX	protein_coding	0	0	0	0.0000	0.0000	0.0000
ENSG00000213923.13	CSNK1E	protein_coding	3059	1514	1545	24.4401	6.0609	6.5532
ENSG00000213924.3	HNRNPH1P2	processed_pseudogene	0	0	0	0.0000	0.0000	0.0000
ENSG00000213925.3	NPM1P33	processed_pseudogene	5	2	3	0.3252	0.0806	0.0872
ENSG00000213926.3	MSRB1P1	processed_pseudogene	0	0	0	0.0000	0.0000	0.0000
ENSG00000213927.4	CCL27	protein_coding	0	1	1	0.0000	0.0000	0.0000
ENSG00000213928.9	IRF9	protein_coding	282	133	149	4.4646	1.1072	1.1971
ENSG00000213930.12	GALT	protein_coding	491	230	261	6.3183	1.5669	1.6941
ENSG00000213931.7	HBE1	protein_coding	0	0	0	0.0000	0.0000	0.0000
ENSG00000213934.9	HBG1	protein_coding	0	0	0	0.0000	0.0000	0.0000
ENSG00000213935.3	RPL22P16	processed_pseudogene	1	0	1	0.1520	0.0377	0.0408
ENSG00000213937.4	CLDN9	protein_coding	5	1	4	0.1791	0.0444	0.0480
ENSG00000213938.3	SEPHS1P6	processed_pseudogene	1	0	1	0.0481	0.0119	0.0129
ENSG00000213939.4	AC091153.1	processed_pseudogene	18	8	13	2.5393	0.6297	0.6809
ENSG00000213940.4	AC026477.1	processed_pseudogene	0	0	0	0.0000	0.0000	0.0000
ENSG00000213942.3	AC005840.1	processed_pseudogene	5	1	4	0.7521	0.1865	0.2017
ENSG00000213943.3	KRT18P17	processed_pseudogene	5	2	3	0.2217	0.0550	0.0594
ENSG00000213946.3	DNAJB1P1	processed_pseudogene	1	1	0	0.0554	0.0137	0.0148
ENSG00000213949.10	ITGA1	protein_coding	7329	3792	3945	22.4118	5.5579	6.0094
ENSG00000213950.2	RPS10P2	processed_pseudogene	6	3	3	0.6888	0.1708	0.1847
ENSG00000213954.3	ATP5PDP3	processed_pseudogene	0	0	0	0.0000	0.0000	0.0000
ENSG00000213956.4	AC112187.1	processed_pseudogene	0	0	0	0.0000	0.0000	0.0000
ENSG00000213958.2	KRT18P29	processed_pseudogene	0	0	1	0.0000	0.0000	0.0000
ENSG00000213959.2	AL035419.1	processed_pseudogene	0	0	0	0.0000	0.0000	0.0000
ENSG00000213962.2	API5P2	processed_pseudogene	0	0	0	0.0000	0.0000	0.0000
ENSG00000213963.6	AC019080.1	lncRNA	89	40	49	0.7038	0.1745	0.1887
ENSG00000213964.3	CHCHD4P4	processed_pseudogene	0	0	0	0.0000	0.0000	0.0000
ENSG00000213965.3	NUDT19	protein_coding	654	319	335	12.5003	3.0999	3.3517
ENSG00000213967.11	ZNF726	protein_coding	121	74	85	1.0911	0.2706	0.2926
ENSG00000213970.4	AC006122.1	transcribed_processed_pseudogene	5	5	0	0.2858	0.0709	0.0766
ENSG00000213972.3	AL024509.1	processed_pseudogene	0	0	0	0.0000	0.0000	0.0000
ENSG00000213973.9	ZNF99	protein_coding	82	41	42	0.5866	0.1455	0.1573
ENSG00000213976.4	AC010615.1	unprocessed_pseudogene	63	28	35	2.0254	0.5023	0.5431
ENSG00000213977.8	TAX1BP3	protein_coding	3	36	49	0.1232	0.0306	0.0330
ENSG00000213979.3	RPL7AP14	processed_pseudogene	3	1	2	0.2121	0.0526	0.0569
ENSG00000213981.8	AC007277.1	lncRNA	1	1	0	0.0259	0.0064	0.0069
ENSG00000213983.12	AP1G2	protein_coding	739	1216	1245	6.0764	1.5069	1.6293
ENSG00000213985.4	AC078899.1	processed_pseudogene	9	6	3	0.4307	0.1068	0.1155
ENSG00000213987.4	AC093151.1	processed_pseudogene	0	0	0	0.0000	0.0000	0.0000
ENSG00000213988.11	ZNF90	protein_coding	416	341	245	3.8751	0.9610	1.0390
ENSG00000213994.3	AL157395.1	lncRNA	1	1	0	0.1295	0.0321	0.0347
ENSG00000213995.11	NAXD	protein_coding	1655	857	897	32.9663	8.1753	8.8394
ENSG00000213996.13	TM6SF2	protein_coding	45	28	17	1.1663	0.2892	0.3127
ENSG00000213997.3	PGAM1P7	processed_pseudogene	6	3	4	0.4617	0.1145	0.1238
ENSG00000213999.17	MEF2B	protein_coding	2	0	2	0.0543	0.0135	0.0146
ENSG00000214003.2	ATP5PBP3	processed_pseudogene	0	0	0	0.0000	0.0000	0.0000
ENSG00000214009.2	PCNAP3	processed_pseudogene	0	0	0	0.0000	0.0000	0.0000
ENSG00000214012.4	KRT18P38	processed_pseudogene	3	1	2	0.1327	0.0329	0.0356
ENSG00000214013.9	GANC	protein_coding	912	811	894	4.7215	1.1709	1.2660
ENSG00000214015.3	RPL32P23	processed_pseudogene	0	0	0	0.0000	0.0000	0.0000
ENSG00000214016.3	RPSAP61	processed_pseudogene	3	0	3	0.1938	0.0481	0.0520
ENSG00000214018.3	RRM2P3	processed_pseudogene	4	2	2	0.1950	0.0484	0.0523
ENSG00000214019.2	RBM39P1	processed_pseudogene	4	2	2	0.1427	0.0354	0.0383
ENSG00000214020.3	FTLP4	processed_pseudogene	0	0	0	0.0000	0.0000	0.0000
ENSG00000214021.16	TTLL3	protein_coding	777	400	380	4.2353	1.0503	1.1356
ENSG00000214022.11	REPIN1	protein_coding	5534	2783	2849	67.5055	16.7407	18.1005
ENSG00000214024.2	RPL23AP29	processed_pseudogene	0	0	0	0.0000	0.0000	0.0000
ENSG00000214025.2	ATP5PBP4	processed_pseudogene	0	0	0	0.0000	0.0000	0.0000
ENSG00000214026.11	MRPL23	protein_coding	1010	523	487	19.2528	4.7745	5.1623
ENSG00000214027.3	ARPC3P5	processed_pseudogene	0	0	0	0.0000	0.0000	0.0000
ENSG00000214029.5	ZNF891	protein_coding	456	389	379	1.6582	0.4112	0.4446
ENSG00000214031.2	CLDN7P1	processed_pseudogene	0	0	0	0.0000	0.0000	0.0000
ENSG00000214035.3	AC073310.1	processed_pseudogene	0	0	0	0.0000	0.0000	0.0000
ENSG00000214039.9	LINC02418	lncRNA	0	0	0	0.0000	0.0000	0.0000
ENSG00000214041.4	PGAM1P4	processed_pseudogene	2	1	1	0.1512	0.0375	0.0405
ENSG00000214042.1	IFNA7	protein_coding	0	0	0	0.0000	0.0000	0.0000
ENSG00000214043.8	LINC02347	lncRNA	0	0	0	0.0000	0.0000	0.0000
ENSG00000214045.3	IMPDH1P2	processed_pseudogene	0	0	0	0.0000	0.0000	0.0000
ENSG00000214046.9	SMIM7	protein_coding	1969	1099	1061	21.8773	5.4254	5.8660
ENSG00000214047.4	RPS11P7	processed_pseudogene	0	0	0	0.0000	0.0000	0.0000
ENSG00000214049.8	UCA1	lncRNA	23	24	17	0.3140	0.0779	0.0842
ENSG00000214050.8	FBXO16	protein_coding	79	50	41	1.1394	0.2826	0.3055
ENSG00000214051.3	ARF4P3	processed_pseudogene	0	0	0	0.0000	0.0000	0.0000
ENSG00000214062.5	RPL7P17	processed_pseudogene	2	1	1	0.1567	0.0388	0.0420
ENSG00000214063.11	TSPAN4	protein_coding	2656	1337	1319	25.8046	6.3993	6.9191
ENSG00000214064.3	RPL6P5	processed_pseudogene	0	0	0	0.0000	0.0000	0.0000
ENSG00000214067.2	AL360182.1	processed_pseudogene	0	0	0	0.0000	0.0000	0.0000
ENSG00000214070.3	MANEALP1	processed_pseudogene	0	0	0	0.0000	0.0000	0.0000
ENSG00000214071.4	BX842568.1	unprocessed_pseudogene	0	0	0	0.0000	0.0000	0.0000
ENSG00000214073.2	RPL21P17	processed_pseudogene	1	0	1	0.1194	0.0296	0.0320
ENSG00000214074.3	RPL23AP39	processed_pseudogene	0	0	0	0.0000	0.0000	0.0000
ENSG00000214076.3	CPSF1P1	transcribed_processed_pseudogene	0	0	0	0.0000	0.0000	0.0000
ENSG00000214077.4	GNAQP1	processed_pseudogene	13	6	7	0.6909	0.1713	0.1853
ENSG00000214078.13	CPNE1	protein_coding	5019	2485	2534	78.8878	19.5634	21.1525
ENSG00000214081.8	CYP4F30P	transcribed_unprocessed_pseudogene	0	0	0	0.0000	0.0000	0.0000
ENSG00000214087.8	ARL16	protein_coding	1333	789	739	29.1084	7.2186	7.8049
ENSG00000214089.3	RPL9P21	processed_pseudogene	0	0	0	0.0000	0.0000	0.0000
ENSG00000214093.3	AL096701.1	processed_pseudogene	4	2	2	0.4964	0.1231	0.1331
ENSG00000214097.5	SMCO1	protein_coding	2	0	2	0.0614	0.0152	0.0165
ENSG00000214100.8	PLAC9P1	transcribed_unprocessed_pseudogene	5	3	2	0.4522	0.1121	0.1213
ENSG00000214102.7	WEE2	protein_coding	5	10	7	0.0926	0.0230	0.0248
ENSG00000214106.9	PAXIP1-AS2	lncRNA	747	743	726	4.7705	1.1830	1.2791
ENSG00000214107.8	MAGEB1	protein_coding	0	0	0	0.0000	0.0000	0.0000
ENSG00000214108.4	TPT1P5	processed_pseudogene	6	4	2	0.6531	0.1620	0.1751
ENSG00000214110.3	LDHAP4	transcribed_processed_pseudogene	0	0	0	0.0000	0.0000	0.0000
ENSG00000214111.3	PAFAH1B2P1	processed_pseudogene	0	0	0	0.0000	0.0000	0.0000
ENSG00000214113.11	LYRM4	protein_coding	1381	672	709	19.8270	4.9169	5.3163
ENSG00000214114.9	MYCBP	protein_coding	1466	742	724	29.9808	7.4349	8.0389
ENSG00000214121.4	PRDX1P1	processed_pseudogene	10	5	5	0.9515	0.2360	0.2551
ENSG00000214124.3	SNRPEP9	processed_pseudogene	0	0	0	0.0000	0.0000	0.0000
ENSG00000214125.2	AC005005.1	processed_pseudogene	1	1	0	0.0832	0.0206	0.0223
ENSG00000214128.11	TMEM213	protein_coding	6	48	44	0.0707	0.0175	0.0190
ENSG00000214132.4	AC094103.1	processed_pseudogene	0	0	0	0.0000	0.0000	0.0000
ENSG00000214135.8	AC132008.2	transcribed_unprocessed_pseudogene	675	349	326	10.9307	2.7107	2.9309
ENSG00000214140.11	PRCD	protein_coding	40	91	108	0.4285	0.1063	0.1149
ENSG00000214141.4	ACTN4P2	processed_pseudogene	0	0	0	0.0000	0.0000	0.0000
ENSG00000214142.2	RPL7P60	processed_pseudogene	0	0	0	0.0000	0.0000	0.0000
ENSG00000214144.3	AL390728.1	processed_pseudogene	2	0	2	0.0584	0.0145	0.0157
ENSG00000214145.7	LINC00887	lncRNA	23	15	11	0.2680	0.0665	0.0719
ENSG00000214146.3	LINC02026	lncRNA	8	4	4	0.1545	0.0383	0.0414
ENSG00000214147.2	AC092952.1	processed_pseudogene	0	0	0	0.0000	0.0000	0.0000
ENSG00000214160.10	ALG3	protein_coding	2180	1099	1083	35.7823	8.8736	9.5944
ENSG00000214161.3	SDC4P	processed_pseudogene	0	0	0	0.0000	0.0000	0.0000
ENSG00000214174.8	AMZ2P1	transcribed_unprocessed_pseudogene	1267	631	636	18.6240	4.6186	4.9937
ENSG00000214176.9	PLEKHM1P1	transcribed_unprocessed_pseudogene	573	272	301	3.8369	0.9515	1.0288
ENSG00000214178.3	PPIAP23	processed_pseudogene	1	0	1	0.1141	0.0283	0.0306
ENSG00000214182.5	PTMAP5	transcribed_processed_pseudogene	71	36	35	3.4651	0.8593	0.9291
ENSG00000214184.3	GCC2-AS1	lncRNA	17	89	78	1.2066	0.2992	0.3235
ENSG00000214185.3	XPOTP1	processed_pseudogene	9	5	4	0.2128	0.0528	0.0571
ENSG00000214188.9	ST7-OT4	lncRNA	1	1	0	0.0213	0.0053	0.0057
ENSG00000214189.9	ZNF788P	transcribed_unprocessed_pseudogene	29	70	66	0.2889	0.0717	0.0775
ENSG00000214190.2	RNF152P1	processed_pseudogene	0	0	0	0.0000	0.0000	0.0000
ENSG00000214192.3	UBE2V1P2	processed_pseudogene	3	1	2	0.3867	0.0959	0.1037
ENSG00000214193.11	SH3D21	protein_coding	1088	983	1026	7.5780	1.8793	2.0319
ENSG00000214194.9	SMIM30	protein_coding	1281	624	657	39.4170	9.7750	10.5690
ENSG00000214195.4	HMGN2P31	processed_pseudogene	2	0	2	0.4155	0.1030	0.1114
ENSG00000214198.8	TTC41P	transcribed_unitary_pseudogene	67	41	42	0.5850	0.1451	0.1569
ENSG00000214199.3	EEF1A1P12	processed_pseudogene	65	29	36	2.7386	0.6791	0.7343
ENSG00000214200.2	TPM3P2	processed_pseudogene	0	0	0	0.0000	0.0000	0.0000
ENSG00000214203.4	RPS4XP1	processed_pseudogene	2	0	2	0.1441	0.0357	0.0386
ENSG00000214204.4	HNRNPA1P43	processed_pseudogene	0	0	0	0.0000	0.0000	0.0000
ENSG00000214207.2	KRT18P10	processed_pseudogene	13	4	9	0.5728	0.1421	0.1536
ENSG00000214210.4	AC084017.1	processed_pseudogene	0	0	0	0.0000	0.0000	0.0000
ENSG00000214211.2	CTAGE14P	processed_pseudogene	0	0	0	0.0000	0.0000	0.0000
ENSG00000214212.9	C19orf38	protein_coding	114	59	55	4.1656	1.0330	1.1169
ENSG00000214216.11	IQCJ	protein_coding	0	0	0	0.0000	0.0000	0.0000
ENSG00000214222.2	TUBBP2	processed_pseudogene	4	3	1	0.5519	0.1369	0.1480
ENSG00000214223.4	HNRNPA1P10	processed_pseudogene	27	12	15	1.5917	0.3947	0.4268
ENSG00000214226.9	C17orf67	protein_coding	192	89	103	4.4734	1.1094	1.1995
ENSG00000214237.11	MINDY4B	protein_coding	1	35	30	0.0241	0.0060	0.0065
ENSG00000214243.3	AC004980.2	processed_pseudogene	8	3	5	0.9128	0.2264	0.2448
ENSG00000214244.4	SETP21	processed_pseudogene	0	0	0	0.0000	0.0000	0.0000
ENSG00000214245.3	PUDPP3	processed_pseudogene	0	0	0	0.0000	0.0000	0.0000
ENSG00000214248.2	AC010336.1	lncRNA	4	1273	1330	0.0479	0.0119	0.0128
ENSG00000214249.3	CTAGE11P	processed_pseudogene	2	0	2	0.0482	0.0120	0.0129
ENSG00000214252.4	AZGP1P2	unprocessed_pseudogene	0	0	0	0.0000	0.0000	0.0000
ENSG00000214253.9	FIS1	protein_coding	4831	2391	2440	152.9681	37.9345	41.0159
ENSG00000214254.3	AC136896.1	processed_pseudogene	0	0	0	0.0000	0.0000	0.0000
ENSG00000214255.5	RPS2P6	processed_pseudogene	2	1	1	0.1267	0.0314	0.0340
ENSG00000214259.3	AC018695.1	processed_pseudogene	0	0	0	0.0000	0.0000	0.0000
ENSG00000214262.4	ANKRD36BP1	transcribed_processed_pseudogene	0	148	171	0.0000	0.0000	0.0000
ENSG00000214263.2	RPSAP53	processed_pseudogene	137	63	74	9.0131	2.2352	2.4167
ENSG00000214264.4	KCTD9P4	processed_pseudogene	0	0	0	0.0000	0.0000	0.0000
ENSG00000214265.11	AC124312.1	protein_coding	0	0	0	0.0000	0.0000	0.0000
ENSG00000214266.2	STARP1	processed_pseudogene	0	0	0	0.0000	0.0000	0.0000
ENSG00000214268.2	RPS3AP33	processed_pseudogene	0	0	0	0.0000	0.0000	0.0000
ENSG00000214269.3	LGMNP1	processed_pseudogene	8	5	3	0.3490	0.0865	0.0936
ENSG00000214273.4	AGGF1P1	processed_pseudogene	0	0	0	0.0000	0.0000	0.0000
ENSG00000214274.10	ANG	protein_coding	322	248	220	12.6898	3.1469	3.4026
ENSG00000214278.4	AC010442.1	processed_pseudogene	1	1	0	0.0695	0.0172	0.0186
ENSG00000214279.13	SCART1	protein_coding	74	36	38	0.5236	0.1298	0.1404
ENSG00000214280.3	AC046134.1	processed_pseudogene	0	13	10	0.0000	0.0000	0.0000
ENSG00000214281.3	HMGN2P39	processed_pseudogene	0	0	0	0.0000	0.0000	0.0000
ENSG00000214282.3	KRT8P14	processed_pseudogene	5	1	4	0.1966	0.0488	0.0527
ENSG00000214283.4	RAD51AP1P1	processed_pseudogene	0	0	0	0.0000	0.0000	0.0000
ENSG00000214285.3	NPS	protein_coding	0	0	0	0.0000	0.0000	0.0000
ENSG00000214286.2	PDCL3P3	processed_pseudogene	0	0	0	0.0000	0.0000	0.0000
ENSG00000214288.4	HMGB3P13	processed_pseudogene	0	0	0	0.0000	0.0000	0.0000
ENSG00000214289.2	RPL39P5	transcribed_processed_pseudogene	2	1	1	0.2526	0.0626	0.0677
ENSG00000214290.8	COLCA2	protein_coding	51	29	44	1.4047	0.3483	0.3766
ENSG00000214293.9	APTR	lncRNA	643	324	319	6.1637	1.5285	1.6527
ENSG00000214295.4	FOXO1B	processed_pseudogene	0	0	0	0.0000	0.0000	0.0000
ENSG00000214297.3	ALDOAP2	processed_pseudogene	4	1	3	0.2108	0.0523	0.0565
ENSG00000214298.3	MRPS21P6	processed_pseudogene	3	0	3	0.6518	0.1616	0.1748
ENSG00000214300.7	SPDYE3	protein_coding	9	332	339	0.1236	0.0306	0.0331
ENSG00000214301.4	AC022296.2	processed_pseudogene	0	0	0	0.0000	0.0000	0.0000
ENSG00000214305.4	Metazoa_SRP	misc_RNA	0	0	0	0.0000	0.0000	0.0000
ENSG00000214309.5	MBLAC1	protein_coding	76	37	56	2.9180	0.7236	0.7824
ENSG00000214313.8	AZGP1P1	transcribed_unprocessed_pseudogene	37	39	25	1.2094	0.2999	0.3243
ENSG00000214318.3	ATP5MC1P6	processed_pseudogene	1	0	1	0.1376	0.0341	0.0369
ENSG00000214319.2	CXADRP1	processed_pseudogene	0	0	0	0.0000	0.0000	0.0000
ENSG00000214321.3	CBX1P4	processed_pseudogene	0	1	0	0.0000	0.0000	0.0000
ENSG00000214322.3	CBX1P2	processed_pseudogene	0	0	1	0.0000	0.0000	0.0000
ENSG00000214324.5	C3orf56	protein_coding	0	0	0	0.0000	0.0000	0.0000
ENSG00000214326.2	RPL31P1	processed_pseudogene	0	0	0	0.0000	0.0000	0.0000
ENSG00000214329.7	SLC9B1P2	transcribed_unprocessed_pseudogene	0	0	0	0.0000	0.0000	0.0000
ENSG00000214330.4	ABCD1P5	unprocessed_pseudogene	0	0	0	0.0000	0.0000	0.0000
ENSG00000214331.8	AC009053.1	transcribed_unprocessed_pseudogene	102	61	60	1.5111	0.3747	0.4052
ENSG00000214335.3	CTAGE16P	processed_pseudogene	0	0	0	0.0000	0.0000	0.0000
ENSG00000214336.5	FOXI3	protein_coding	85	38	47	1.6967	0.4208	0.4549
ENSG00000214338.10	SOGA3	protein_coding	6	2	4	0.0787	0.0195	0.0211
ENSG00000214342.2	ATP5PBP2	processed_pseudogene	0	0	0	0.0000	0.0000	0.0000
ENSG00000214344.4	OR4F13P	transcribed_unprocessed_pseudogene	0	0	0	0.0000	0.0000	0.0000
ENSG00000214347.8	AC011491.1	transcribed_unitary_pseudogene	1	1	0	0.0804	0.0199	0.0216
ENSG00000214351.5	OR1X5P	unprocessed_pseudogene	1	1	0	0.0634	0.0157	0.0170
ENSG00000214353.8	VAC14-AS1	lncRNA	8	180	186	0.0496	0.0123	0.0133
ENSG00000214354.3	PAFAH1B1P1	processed_pseudogene	0	0	0	0.0000	0.0000	0.0000
ENSG00000214357.9	NEURL1B	protein_coding	2237	1336	1407	19.7386	4.8950	5.2926
ENSG00000214359.3	RPL18P10	processed_pseudogene	4	2	2	0.4216	0.1046	0.1131
ENSG00000214360.5	EFCAB9	protein_coding	1	0	1	0.0806	0.0200	0.0216
ENSG00000214362.2	RPS3AP36	processed_pseudogene	0	1	0	0.0000	0.0000	0.0000
ENSG00000214366.4	EIF4EP5	processed_pseudogene	1	1	0	0.0886	0.0220	0.0238
ENSG00000214367.9	HAUS3	protein_coding	1035	526	509	5.6985	1.4132	1.5280
ENSG00000214369.2	CYB5AP2	processed_pseudogene	0	0	0	0.0000	0.0000	0.0000
ENSG00000214374.2	RPLP2P1	processed_pseudogene	1	0	1	0.1668	0.0414	0.0447
ENSG00000214376.6	VSTM5	protein_coding	115	56	59	1.6569	0.4109	0.4443
ENSG00000214380.4	NFYBP1	processed_pseudogene	0	0	0	0.0000	0.0000	0.0000
ENSG00000214381.6	LINC00488	lncRNA	0	0	0	0.0000	0.0000	0.0000
ENSG00000214389.2	RPS3AP26	processed_pseudogene	47	21	26	3.3997	0.8431	0.9116
ENSG00000214391.3	TUBAP2	processed_pseudogene	25	18	7	0.8790	0.2180	0.2357
ENSG00000214401.4	KANSL1-AS1	lncRNA	482	235	249	28.0064	6.9453	7.5094
ENSG00000214402.7	LCNL1	protein_coding	6	2	4	0.0840	0.0208	0.0225
ENSG00000214405.3	RAP1BP2	processed_pseudogene	0	0	0	0.0000	0.0000	0.0000
ENSG00000214407.3	LINC02085	lncRNA	0	0	0	0.0000	0.0000	0.0000
ENSG00000214413.9	BBIP1	protein_coding	1250	1898	1890	8.3970	2.0824	2.2515
ENSG00000214414.9	TRIM77	protein_coding	0	0	0	0.0000	0.0000	0.0000
ENSG00000214415.4	GNAT3	protein_coding	0	0	0	0.0000	0.0000	0.0000
ENSG00000214417.4	KRT18P13	processed_pseudogene	4	4	0	0.1758	0.0436	0.0471
ENSG00000214424.5	FAM149B1P1	processed_pseudogene	0	0	0	0.0000	0.0000	0.0000
ENSG00000214425.8	LRRC37A4P	transcribed_unprocessed_pseudogene	40	24	17	0.2923	0.0725	0.0784
ENSG00000214428.3	NPM1P10	processed_pseudogene	0	0	0	0.0000	0.0000	0.0000
ENSG00000214429.3	CYCSP6	processed_pseudogene	40	23	17	7.5113	1.8627	2.0140
ENSG00000214432.9	VPS33B-DT	lncRNA	18	10	9	0.2977	0.0738	0.0798
ENSG00000214433.4	GOLGA2P8	transcribed_unprocessed_pseudogene	4	3	1	0.2912	0.0722	0.0781
ENSG00000214434.2	NIFKP1	processed_pseudogene	2	2	0	0.1276	0.0316	0.0342
ENSG00000214435.8	AS3MT	protein_coding	0	0	0	0.0000	0.0000	0.0000
ENSG00000214439.4	FAM185BP	transcribed_unprocessed_pseudogene	24	14	10	1.0600	0.2629	0.2842
ENSG00000214447.4	FAM187A	protein_coding	0	0	0	0.0000	0.0000	0.0000
ENSG00000214455.4	RCN1P2	processed_pseudogene	0	171	178	0.0000	0.0000	0.0000
ENSG00000214456.8	PLIN5	protein_coding	63	29	34	0.7420	0.1840	0.1990
ENSG00000214457.3	RPL7P29	processed_pseudogene	0	0	0	0.0000	0.0000	0.0000
ENSG00000214460.3	TPT1P6	processed_pseudogene	2	1	1	0.2207	0.0547	0.0592
ENSG00000214465.3	SMARCE1P6	processed_pseudogene	3	3	0	0.1399	0.0347	0.0375
ENSG00000214484.3	RPSAP28	processed_pseudogene	0	0	0	0.0000	0.0000	0.0000
ENSG00000214485.6	RPL7P1	processed_pseudogene	100	56	45	7.5917	1.8827	2.0356
ENSG00000214487.3	OR7E148P	unprocessed_pseudogene	0	0	0	0.0000	0.0000	0.0000
ENSG00000214491.8	SEC14L6	protein_coding	43	22	21	0.7189	0.1783	0.1928
ENSG00000214510.10	SPINK13	protein_coding	8	10	12	0.3861	0.0958	0.1035
ENSG00000214511.3	HIGD1C	protein_coding	0	1	0	0.0000	0.0000	0.0000
ENSG00000214513.4	NOTO	protein_coding	2	0	2	0.0466	0.0116	0.0125
ENSG00000214514.8	KRT42P	transcribed_unprocessed_pseudogene	2	1	1	0.0251	0.0062	0.0067
ENSG00000214517.10	PPME1	protein_coding	7085	4053	4051	51.8506	12.8584	13.9029
ENSG00000214518.3	KRTAP2-2	protein_coding	2	2	0	0.1547	0.0384	0.0415
ENSG00000214525.4	AC130709.1	processed_pseudogene	0	0	0	0.0000	0.0000	0.0000
ENSG00000214526.3	AP000343.1	processed_pseudogene	0	0	0	0.0000	0.0000	0.0000
ENSG00000214530.9	STARD10	protein_coding	22449	11044	11405	343.1488	85.0974	92.0097
ENSG00000214533.3	KRT18P33	processed_pseudogene	3	1	2	0.1631	0.0405	0.0437
ENSG00000214534.5	ZNF705E	protein_coding	4	2	2	0.0659	0.0163	0.0177
ENSG00000214535.3	RPS15AP1	processed_pseudogene	31	15	16	4.4962	1.1150	1.2056
ENSG00000214541.3	RPS4XP3	processed_pseudogene	2	0	2	0.2746	0.0681	0.0736
ENSG00000214544.7	GTF2IRD2P1	transcribed_unprocessed_pseudogene	8	6	2	0.1286	0.0319	0.0345
ENSG00000214546.4	AC087491.1	lncRNA	1	1	0	0.0593	0.0147	0.0159
ENSG00000214548.18	MEG3	lncRNA	2320	1213	1289	5.6651	1.4049	1.5190
ENSG00000214549.2	SDHCP2	processed_pseudogene	0	0	0	0.0000	0.0000	0.0000
ENSG00000214552.4	COPS8P2	processed_pseudogene	0	0	0	0.0000	0.0000	0.0000
ENSG00000214553.10	LRRC37A11P	transcribed_unprocessed_pseudogene	3	2	1	0.0237	0.0059	0.0063
ENSG00000214558.4	AL365217.1	processed_pseudogene	1	0	1	0.0233	0.0058	0.0062
ENSG00000214559.3	AC019077.1	lncRNA	5	64	77	0.7142	0.1771	0.1915
ENSG00000214560.4	RPL21P41	processed_pseudogene	0	0	0	0.0000	0.0000	0.0000
ENSG00000214561.3	RBBP4P4	processed_pseudogene	1	0	1	0.0440	0.0109	0.0118
ENSG00000214562.15	NUTM2D	protein_coding	78	43	35	0.6380	0.1582	0.1711
ENSG00000214563.2	GAPDHP15	processed_pseudogene	0	0	0	0.0000	0.0000	0.0000
ENSG00000214575.9	CPEB1	protein_coding	70	39	31	0.4832	0.1198	0.1296
ENSG00000214578.5	HMGN2P15	processed_pseudogene	20	10	10	4.2007	1.0417	1.1264
ENSG00000214581.6	ZNF971P	transcribed_processed_pseudogene	0	0	0	0.0000	0.0000	0.0000
ENSG00000214584.3	PGGT1BP2	processed_pseudogene	1	1	0	0.0552	0.0137	0.0148
ENSG00000214593.3	AL354710.1	processed_pseudogene	0	0	0	0.0000	0.0000	0.0000
ENSG00000214595.12	EML6	protein_coding	110	57	53	0.3823	0.0948	0.1025
ENSG00000214602.3	CTBP2P5	processed_pseudogene	0	0	0	0.0000	0.0000	0.0000
ENSG00000214604.3	NPM1P36	processed_pseudogene	1	1	0	0.0679	0.0168	0.0182
ENSG00000214607.2	ADAM24P	unprocessed_pseudogene	0	0	0	0.0000	0.0000	0.0000
ENSG00000214612.3	RPS19P1	processed_pseudogene	2	1	1	0.2613	0.0648	0.0701
ENSG00000214614.3	AC142086.1	lncRNA	0	1	0	0.0000	0.0000	0.0000
ENSG00000214617.9	SLC6A10P	transcribed_unprocessed_pseudogene	0	0	1	0.0000	0.0000	0.0000
ENSG00000214626.2	POLR3DP1	processed_pseudogene	0	0	0	0.0000	0.0000	0.0000
ENSG00000214628.3	NDUFB5P2	processed_pseudogene	1	0	1	0.1002	0.0248	0.0269
ENSG00000214629.3	RPSAP6	processed_pseudogene	0	0	0	0.0000	0.0000	0.0000
ENSG00000214641.3	AL445529.1	processed_pseudogene	0	0	0	0.0000	0.0000	0.0000
ENSG00000214642.1	DEFB113	protein_coding	0	0	0	0.0000	0.0000	0.0000
ENSG00000214643.6	DEFB133	protein_coding	0	0	0	0.0000	0.0000	0.0000
ENSG00000214646.8	COMMD4P1	transcribed_unprocessed_pseudogene	0	0	0	0.0000	0.0000	0.0000
ENSG00000214650.3	AC073592.1	lncRNA	2	0	2	0.0661	0.0164	0.0177
ENSG00000214651.4	AL513122.1	processed_pseudogene	0	0	0	0.0000	0.0000	0.0000
ENSG00000214652.6	ZNF727	protein_coding	302	163	139	2.0201	0.5010	0.5417
ENSG00000214653.4	HNRNPA3P3	processed_pseudogene	2	1	1	0.0998	0.0247	0.0267
ENSG00000214654.8	B3GNT10	protein_coding	381	248	216	8.5876	2.1296	2.3026
ENSG00000214655.11	ZSWIM8	protein_coding	3099	2634	2491	22.1647	5.4966	5.9431
ENSG00000214657.4	RPLP1P5	processed_pseudogene	0	0	0	0.0000	0.0000	0.0000
ENSG00000214659.4	KRT8P26	processed_pseudogene	19	10	9	0.8444	0.2094	0.2264
ENSG00000214660.6	SLC29A4P2	unprocessed_pseudogene	0	0	0	0.0000	0.0000	0.0000
ENSG00000214668.4	SLC29A4P1	unprocessed_pseudogene	0	0	0	0.0000	0.0000	0.0000
ENSG00000214669.3	AL157702.1	processed_pseudogene	0	0	0	0.0000	0.0000	0.0000
ENSG00000214671.4	RPL6P12	processed_pseudogene	2	2	0	0.1341	0.0332	0.0359
ENSG00000214676.4	RPL9P16	processed_pseudogene	5	1	4	0.5001	0.1240	0.1341
ENSG00000214681.4	IQCF5	protein_coding	0	0	0	0.0000	0.0000	0.0000
ENSG00000214684.2	ANKRD49P4	processed_pseudogene	0	0	0	0.0000	0.0000	0.0000
ENSG00000214686.7	IQCF6	protein_coding	0	0	0	0.0000	0.0000	0.0000
ENSG00000214688.6	C10orf105	protein_coding	1	17	11	0.0116	0.0029	0.0031
ENSG00000214691.9	LINC01913	lncRNA	0	0	0	0.0000	0.0000	0.0000
ENSG00000214694.12	ARHGEF33	protein_coding	18	10	15	0.1856	0.0460	0.0498
ENSG00000214695.3	NPAP1P2	processed_pseudogene	2	0	2	0.0919	0.0228	0.0246
ENSG00000214700.5	C12orf71	protein_coding	10	3	7	0.5926	0.1470	0.1589
ENSG00000214702.6	COMMD4P2	unprocessed_pseudogene	1	0	1	0.1469	0.0364	0.0394
ENSG00000214706.10	IFRD2	protein_coding	1447	982	933	22.1065	5.4822	5.9275
ENSG00000214708.4	AC116407.1	lncRNA	10	37	41	0.3547	0.0880	0.0951
ENSG00000214711.10	CAPN14	protein_coding	9	4	5	0.1281	0.0318	0.0344
ENSG00000214717.12	ZBED1	protein_coding	6103	3096	3007	72.6492	18.0163	19.4797
ENSG00000214717.12_PAR_Y	ZBED1	protein_coding	0	0	0	0.0000	0.0000	0.0000
ENSG00000214719.13	AC005562.1	lncRNA	32	15	17	0.2085	0.0517	0.0559
ENSG00000214720.4	KRT18P49	processed_pseudogene	0	0	0	0.0000	0.0000	0.0000
ENSG00000214725.9	CDIPTOSP	transcribed_unitary_pseudogene	101	44	57	6.3641	1.5782	1.7064
ENSG00000214727.2	RPL5P35	unprocessed_pseudogene	0	0	0	0.0000	0.0000	0.0000
ENSG00000214732.3	AL096814.1	protein_coding	0	0	0	0.0000	0.0000	0.0000
ENSG00000214736.8	TOMM6	protein_coding	0	0	0	0.0000	0.0000	0.0000
ENSG00000214743.4	MRPS5P3	processed_pseudogene	0	0	0	0.0000	0.0000	0.0000
ENSG00000214745.2	GOT2P6	processed_pseudogene	0	0	0	0.0000	0.0000	0.0000
ENSG00000214748.2	AL355309.1	processed_pseudogene	0	0	0	0.0000	0.0000	0.0000
ENSG00000214753.4	HNRNPUL2	protein_coding	2849	1400	1449	29.9142	7.4184	8.0210
ENSG00000214754.3	AC004870.1	processed_pseudogene	0	0	0	0.0000	0.0000	0.0000
ENSG00000214756.8	CSKMT	protein_coding	117	87	87	2.0832	0.5166	0.5586
ENSG00000214759.3	AL355076.1	processed_pseudogene	0	0	0	0.0000	0.0000	0.0000
ENSG00000214760.3	RPL21P1	processed_pseudogene	0	0	0	0.0000	0.0000	0.0000
ENSG00000214761.3	HNRNPA1P15	processed_pseudogene	1	0	1	0.0591	0.0146	0.0158
ENSG00000214765.8	SEPTIN7P2	transcribed_unprocessed_pseudogene	1109	527	582	13.9883	3.4690	3.7507
ENSG00000214770.3	AL161756.1	lncRNA	12	7	5	0.2031	0.0504	0.0545
ENSG00000214772.2	AC010168.1	lncRNA	6	6	0	0.5179	0.1284	0.1389
ENSG00000214773.1	AC112512.1	lncRNA	0	0	0	0.0000	0.0000	0.0000
ENSG00000214776.12	AC092821.1	transcribed_unprocessed_pseudogene	21	14	7	0.0992	0.0246	0.0266
ENSG00000214782.7	MS4A18	protein_coding	3	2	1	0.1187	0.0294	0.0318
ENSG00000214783.9	POLR2J4	lncRNA	97	102	100	0.8473	0.2101	0.2272
ENSG00000214784.4	RPS3AP21	processed_pseudogene	12	6	6	0.8329	0.2066	0.2233
ENSG00000214787.10	MS4A4E	protein_coding	27	15	14	0.5315	0.1318	0.1425
ENSG00000214788.3	AP000790.1	lncRNA	0	0	0	0.0000	0.0000	0.0000
ENSG00000214794.4	KRT18P42	processed_pseudogene	0	0	0	0.0000	0.0000	0.0000
ENSG00000214796.8	TUBA5P	transcribed_unprocessed_pseudogene	97	47	50	1.8597	0.4612	0.4986
ENSG00000214797.3	AP002358.1	lncRNA	0	0	0	0.0000	0.0000	0.0000
ENSG00000214803.3	AC090921.1	lncRNA	5	2	3	0.2373	0.0588	0.0636
ENSG00000214807.2	NPM1P31	processed_pseudogene	1	0	1	0.0742	0.0184	0.0199
ENSG00000214810.4	CYCSP55	processed_pseudogene	0	0	0	0.0000	0.0000	0.0000
ENSG00000214812.3	AL137792.1	processed_pseudogene	0	0	0	0.0000	0.0000	0.0000
ENSG00000214814.7	FER1L6	protein_coding	8	5	6	0.0750	0.0186	0.0201
ENSG00000214815.2	IMPDH1P3	processed_pseudogene	0	0	0	0.0000	0.0000	0.0000
ENSG00000214819.2	CDRT15L2	protein_coding	0	0	0	0.0000	0.0000	0.0000
ENSG00000214820.3	MPRIPP1	processed_pseudogene	18	11	7	0.9374	0.2325	0.2513
ENSG00000214821.4	HMGB1P4	processed_pseudogene	3	1	2	0.3001	0.0744	0.0805
ENSG00000214822.8	KRT16P3	transcribed_unprocessed_pseudogene	0	0	0	0.0000	0.0000	0.0000
ENSG00000214823.3	NXT1P1	processed_pseudogene	0	0	0	0.0000	0.0000	0.0000
ENSG00000214825.2	EI24P3	processed_pseudogene	0	0	0	0.0000	0.0000	0.0000
ENSG00000214826.5	DDX12P	unprocessed_pseudogene	89	47	44	1.7127	0.4247	0.4592
ENSG00000214827.11	MTCP1	protein_coding	41	28	14	0.9444	0.2342	0.2532
ENSG00000214832.5	UPF3AP2	transcribed_processed_pseudogene	13	4	9	0.5008	0.1242	0.1343
ENSG00000214835.3	RPL23AP6	processed_pseudogene	0	0	0	0.0000	0.0000	0.0000
ENSG00000214837.8	LINC01347	transcribed_unprocessed_pseudogene	10	6	4	0.1476	0.0366	0.0396
ENSG00000214842.5	RAD51AP2	protein_coding	10	7	3	0.1523	0.0378	0.0408
ENSG00000214843.3	ZFYVE9P2	processed_pseudogene	0	0	0	0.0000	0.0000	0.0000
ENSG00000214846.4	AC114744.1	processed_pseudogene	3	0	3	0.2555	0.0633	0.0685
ENSG00000214851.5	LINC00612	lncRNA	10	9	2	0.1386	0.0344	0.0372
ENSG00000214853.5	PPIAP79	processed_pseudogene	0	0	0	0.0000	0.0000	0.0000
ENSG00000214855.9	APOC1P1	transcribed_unprocessed_pseudogene	3	1	2	0.1814	0.0450	0.0486
ENSG00000214856.11	KRT16P1	transcribed_unprocessed_pseudogene	0	0	0	0.0000	0.0000	0.0000
ENSG00000214857.4	SEM1P1	processed_pseudogene	1	0	1	0.2713	0.0673	0.0728
ENSG00000214860.5	EVPLL	protein_coding	0	0	0	0.0000	0.0000	0.0000
ENSG00000214866.9	DCDC2C	protein_coding	0	0	0	0.0000	0.0000	0.0000
ENSG00000214867.3	SRSF9P1	processed_pseudogene	7	3	4	0.7490	0.1857	0.2008
ENSG00000214869.5	TPM3P4	processed_pseudogene	0	0	0	0.0000	0.0000	0.0000
ENSG00000214870.9	AC004540.1	lncRNA	582	286	297	4.5612	1.1311	1.2230
ENSG00000214872.8	SMTNL1	protein_coding	43	23	20	1.4788	0.3667	0.3965
ENSG00000214875.2	MED28P1	processed_pseudogene	3	0	3	0.2980	0.0739	0.0799
ENSG00000214878.2	RPL5P31	processed_pseudogene	0	0	0	0.0000	0.0000	0.0000
ENSG00000214880.3	OR7E5P	unprocessed_pseudogene	0	0	0	0.0000	0.0000	0.0000
ENSG00000214881.4	TMEM14DP	processed_pseudogene	3	0	3	0.4931	0.1223	0.1322
ENSG00000214883.4	AC024405.1	unprocessed_pseudogene	0	0	0	0.0000	0.0000	0.0000
ENSG00000214886.4	FAM177A1P1	processed_pseudogene	0	0	0	0.0000	0.0000	0.0000
ENSG00000214888.3	AL772337.1	transcribed_unprocessed_pseudogene	0	0	0	0.0000	0.0000	0.0000
ENSG00000214889.3	RPS9P1	processed_pseudogene	0	12	17	0.0000	0.0000	0.0000
ENSG00000214890.3	AC020937.1	processed_pseudogene	0	0	0	0.0000	0.0000	0.0000
ENSG00000214891.9	TRIM64C	protein_coding	0	0	0	0.0000	0.0000	0.0000
ENSG00000214892.4	USP8P1	processed_pseudogene	4	3	1	0.0713	0.0177	0.0191
ENSG00000214894.6	LINC00243	lncRNA	40	22	18	1.0449	0.2591	0.2802
ENSG00000214896.4	RPSAP55	processed_pseudogene	0	0	0	0.0000	0.0000	0.0000
ENSG00000214897.5	PNMA6E	protein_coding	0	0	0	0.0000	0.0000	0.0000
ENSG00000214900.11	LINC01588	lncRNA	397	209	188	1.2799	0.3174	0.3432
ENSG00000214903.4	RPS15AP3	processed_pseudogene	0	0	0	0.0000	0.0000	0.0000
ENSG00000214904.5	DUTP8	processed_pseudogene	0	0	0	0.0000	0.0000	0.0000
ENSG00000214908.3	AL353678.1	processed_pseudogene	0	0	0	0.0000	0.0000	0.0000
ENSG00000214914.3	RPL23AP3	processed_pseudogene	1	0	1	0.1212	0.0301	0.0325
ENSG00000214915.3	BX546450.1	lncRNA	0	0	0	0.0000	0.0000	0.0000
ENSG00000214917.3	AC011825.1	processed_pseudogene	1	0	1	0.1462	0.0362	0.0392
ENSG00000214919.3	AC104472.1	lncRNA	0	0	0	0.0000	0.0000	0.0000
ENSG00000214922.9	HLA-F-AS1	lncRNA	24	37	48	0.3257	0.0808	0.0873
ENSG00000214925.3	AC234778.1	processed_pseudogene	0	0	0	0.0000	0.0000	0.0000
ENSG00000214929.4	SPATA31D1	protein_coding	0	0	0	0.0000	0.0000	0.0000
ENSG00000214930.2	KRT8P6	processed_pseudogene	0	0	0	0.0000	0.0000	0.0000
ENSG00000214940.8	NPIPA8	protein_coding	0	0	0	0.0000	0.0000	0.0000
ENSG00000214941.8	ZSWIM7	protein_coding	1429	712	717	31.6681	7.8534	8.4913
ENSG00000214942.6	AC113167.1	lncRNA	0	0	0	0.0000	0.0000	0.0000
ENSG00000214943.5	GPR33	protein_coding	0	0	0	0.0000	0.0000	0.0000
ENSG00000214944.9	ARHGEF28	protein_coding	2935	1461	1474	10.6579	2.6430	2.8577
ENSG00000214946.14	TBC1D26	protein_coding	0	0	0	0.0000	0.0000	0.0000
ENSG00000214954.8	LRRC69	protein_coding	108	50	58	2.0041	0.4970	0.5374
ENSG00000214955.5	AP000317.1	lncRNA	5	2	3	0.3522	0.0874	0.0944
ENSG00000214960.11	CRPPA	protein_coding	162	78	84	1.2772	0.3167	0.3425
ENSG00000214961.2	NT5DC1P2	processed_pseudogene	4	2	2	0.1653	0.0410	0.0443
ENSG00000214967.5	NPIPA7	protein_coding	0	0	0	0.0000	0.0000	0.0000
ENSG00000214970.8	AC005323.1	lncRNA	4	3	1	0.1539	0.0382	0.0413
ENSG00000214973.3	CHCHD3P3	processed_pseudogene	12	7	5	1.0633	0.2637	0.2851
ENSG00000214975.4	PPIAP29	processed_pseudogene	21	12	10	2.3866	0.5919	0.6399
ENSG00000214976.2	VDAC2P1	processed_pseudogene	0	0	0	0.0000	0.0000	0.0000
ENSG00000214978.7	GSG1L2	protein_coding	0	0	0	0.0000	0.0000	0.0000
ENSG00000214980.4	AC025538.1	processed_pseudogene	2	1	1	0.0763	0.0189	0.0205
ENSG00000214988.4	RPL7AP26	processed_pseudogene	2	1	1	0.1395	0.0346	0.0374
ENSG00000214992.6	AKAP17BP	unprocessed_pseudogene	2	1	1	0.0417	0.0103	0.0112
ENSG00000214998.2	CCNB2P1	processed_pseudogene	0	0	0	0.0000	0.0000	0.0000
ENSG00000214999.3	AC129492.1	lncRNA	2	3	2	0.0629	0.0156	0.0169
ENSG00000215000.4	GAPDHP77	processed_pseudogene	0	0	0	0.0000	0.0000	0.0000
ENSG00000215002.2	RPL23AP59	processed_pseudogene	3	2	1	0.3690	0.0915	0.0990
ENSG00000215003.4	RPL15P20	processed_pseudogene	1	0	1	0.0948	0.0235	0.0254
ENSG00000215004.3	MESTP4	processed_pseudogene	0	0	0	0.0000	0.0000	0.0000
ENSG00000215005.2	HSPD1P7	processed_pseudogene	0	0	0	0.0000	0.0000	0.0000
ENSG00000215006.4	CHCHD2P2	processed_pseudogene	19	7	12	3.3567	0.8324	0.9000
ENSG00000215007.3	DNAJA1P3	processed_pseudogene	0	0	0	0.0000	0.0000	0.0000
ENSG00000215009.5	ACSM4	protein_coding	6	2	4	0.1374	0.0341	0.0368
ENSG00000215012.9	RTL10	protein_coding	1836	942	894	15.3049	3.7955	4.1038
ENSG00000215014.5	AL645728.1	lncRNA	41	18	26	0.9898	0.2455	0.2654
ENSG00000215016.2	RPL24P7	processed_pseudogene	2	1	1	0.2504	0.0621	0.0671
ENSG00000215018.10	COL28A1	protein_coding	16	12	4	0.1367	0.0339	0.0366
ENSG00000215021.10	PHB2	protein_coding	8687	4276	4492	116.5735	28.9090	31.2572
ENSG00000215022.7	AL008729.1	lncRNA	29	19	30	0.5280	0.1309	0.1416
ENSG00000215023.2	AC131097.1	lncRNA	0	1	0	0.0000	0.0000	0.0000
ENSG00000215029.11	TCP11X2	protein_coding	0	0	0	0.0000	0.0000	0.0000
ENSG00000215030.5	RPL13P12	processed_pseudogene	190	79	112	16.9417	4.2014	4.5426
ENSG00000215032.2	GNL3LP1	processed_pseudogene	2	2	0	0.0690	0.0171	0.0185
ENSG00000215034.4	DSTNP4	processed_pseudogene	0	2	1	0.0000	0.0000	0.0000
ENSG00000215035.2	FDPSP5	processed_pseudogene	0	0	0	0.0000	0.0000	0.0000
ENSG00000215037.2	VENTXP2	processed_pseudogene	0	0	0	0.0000	0.0000	0.0000
ENSG00000215039.7	CD27-AS1	lncRNA	623	477	464	10.3396	2.5641	2.7724
ENSG00000215041.10	NEURL4	protein_coding	897	453	445	8.2445	2.0446	2.2106
ENSG00000215043.2	GLULP6	processed_pseudogene	0	0	0	0.0000	0.0000	0.0000
ENSG00000215045.8	GRID2IP	protein_coding	72	40	32	0.9877	0.2449	0.2648
ENSG00000215049.3	PRDX2P1	processed_pseudogene	1	1	0	0.0963	0.0239	0.0258
ENSG00000215054.3	HNRNPCP10	processed_pseudogene	0	0	0	0.0000	0.0000	0.0000
ENSG00000215057.4	PKMP5	processed_pseudogene	1	1	0	0.0354	0.0088	0.0095
ENSG00000215063.3	RPL21P2	processed_pseudogene	0	0	0	0.0000	0.0000	0.0000
ENSG00000215065.3	DUSP8P1	processed_pseudogene	1	0	1	0.0322	0.0080	0.0086
ENSG00000215067.10	ALOX12-AS1	lncRNA	173	107	91	1.5157	0.3759	0.4064
ENSG00000215068.8	AC025171.2	lncRNA	463	240	238	4.8045	1.1915	1.2883
ENSG00000215070.4	XRCC6P5	processed_pseudogene	0	0	0	0.0000	0.0000	0.0000
ENSG00000215085.4	GTF3C6P1	processed_pseudogene	0	0	0	0.0000	0.0000	0.0000
ENSG00000215086.2	NPM1P24	processed_pseudogene	7	3	4	0.4440	0.1101	0.1191
ENSG00000215088.3	RPS5P3	processed_pseudogene	1	0	1	0.0921	0.0228	0.0247
ENSG00000215089.3	KRT18P11	processed_pseudogene	10	4	6	0.4420	0.1096	0.1185
ENSG00000215093.3	EEF1A1P29	processed_pseudogene	3	2	1	0.1552	0.0385	0.0416
ENSG00000215094.3	AL583835.1	processed_pseudogene	0	0	0	0.0000	0.0000	0.0000
ENSG00000215096.3	IFITM8P	processed_pseudogene	0	0	0	0.0000	0.0000	0.0000
ENSG00000215097.3	AL731733.1	processed_pseudogene	6	3	3	0.1933	0.0479	0.0518
ENSG00000215102.2	TERF1P4	processed_pseudogene	2	0	2	0.1017	0.0252	0.0273
ENSG00000215105.4	TTC3P1	processed_pseudogene	1232	623	609	11.4893	2.8492	3.0807
ENSG00000215110.7	UGT2B25P	processed_pseudogene	0	0	0	0.0000	0.0000	0.0000
ENSG00000215112.6	FAM74A1	lncRNA	0	0	0	0.0000	0.0000	0.0000
ENSG00000215113.6	CXorf49B	protein_coding	0	0	0	0.0000	0.0000	0.0000
ENSG00000215114.10	UBXN2B	protein_coding	5363	2648	2715	57.4383	14.2441	15.4011
ENSG00000215115.6	CXorf49	protein_coding	0	0	0	0.0000	0.0000	0.0000
ENSG00000215117.6	LINC00588	lncRNA	0	0	0	0.0000	0.0000	0.0000
ENSG00000215120.2	SOCS6P1	processed_pseudogene	0	2	1	0.0000	0.0000	0.0000
ENSG00000215124.2	AMD1P4	processed_pseudogene	1	0	1	0.0422	0.0105	0.0113
ENSG00000215126.10	CBWD6	protein_coding	108	55	53	0.5893	0.1461	0.1580
ENSG00000215127.6	SYT14P1	transcribed_processed_pseudogene	0	1	0	0.0000	0.0000	0.0000
ENSG00000215131.11	C16orf90	protein_coding	0	0	0	0.0000	0.0000	0.0000
ENSG00000215146.5	BX322639.1	transcribed_unprocessed_pseudogene	124	63	61	0.9756	0.2419	0.2616
ENSG00000215148.11	PRSS41	protein_coding	0	0	0	0.0000	0.0000	0.0000
ENSG00000215149.3	KRT18P32	processed_pseudogene	5	0	5	0.2203	0.0546	0.0591
ENSG00000215151.4	ABCD1P2	unprocessed_pseudogene	0	0	0	0.0000	0.0000	0.0000
ENSG00000215154.6	AC141586.1	transcribed_unprocessed_pseudogene	148	79	70	3.0509	0.7566	0.8181
ENSG00000215156.5	AC138409.1	processed_pseudogene	17	10	7	0.2679	0.0664	0.0718
ENSG00000215158.9	AC138409.2	transcribed_unprocessed_pseudogene	270	143	128	2.3302	0.5779	0.6248
ENSG00000215160.3	OR7E122P	transcribed_unprocessed_pseudogene	1	1	1	0.0091	0.0023	0.0024
ENSG00000215162.2	LINC00269	lncRNA	0	0	0	0.0000	0.0000	0.0000
ENSG00000215165.3	TCEA1P3	processed_pseudogene	15	8	7	0.9666	0.2397	0.2592
ENSG00000215168.2	ATXN7L3P1	processed_pseudogene	0	0	0	0.0000	0.0000	0.0000
ENSG00000215174.2	NLRP2B	protein_coding	6	3	3	0.1065	0.0264	0.0286
ENSG00000215177.3	IGLV8OR8-1	IG_V_pseudogene	0	0	0	0.0000	0.0000	0.0000
ENSG00000215179.5	MAPK6P4	processed_pseudogene	0	0	0	0.0000	0.0000	0.0000
ENSG00000215182.8	MUC5AC	protein_coding	0	0	0	0.0000	0.0000	0.0000
ENSG00000215183.5	MSMP	protein_coding	0	373	379	0.0000	0.0000	0.0000
ENSG00000215184.2	RPS12P16	processed_pseudogene	2	1	1	0.2787	0.0691	0.0747
ENSG00000215186.6	GOLGA6B	protein_coding	0	0	0	0.0000	0.0000	0.0000
ENSG00000215187.12	FAM166B	protein_coding	21	18	24	0.8680	0.2153	0.2327
ENSG00000215190.9	LINC00680	transcribed_unprocessed_pseudogene	135	65	70	2.5786	0.6395	0.6914
ENSG00000215193.13	PEX26	protein_coding	4285	2299	2227	12.1228	3.0063	3.2505
ENSG00000215196.5	BASP1-AS1	lncRNA	7	1	6	0.0330	0.0082	0.0088
ENSG00000215197.4	PGAM4P1	processed_pseudogene	1	1	0	0.0867	0.0215	0.0233
ENSG00000215198.3	AL353795.1	processed_pseudogene	0	0	0	0.0000	0.0000	0.0000
ENSG00000215199.3	YWHAZP6	processed_pseudogene	15	7	8	1.1526	0.2858	0.3091
ENSG00000215203.3	GRXCR1	protein_coding	0	0	0	0.0000	0.0000	0.0000
ENSG00000215206.5	TRBV24OR9-2	TR_V_pseudogene	0	0	0	0.0000	0.0000	0.0000
ENSG00000215208.3	KRT18P60	processed_pseudogene	0	0	0	0.0000	0.0000	0.0000
ENSG00000215210.3	RBMXP2	processed_pseudogene	16	8	8	0.7768	0.1927	0.2083
ENSG00000215217.7	C5orf49	protein_coding	314	167	199	8.7033	2.1583	2.3336
ENSG00000215218.4	UBE2QL1	protein_coding	503	261	242	4.8389	1.2000	1.2975
ENSG00000215221.2	UBA52P6	transcribed_processed_pseudogene	0	0	0	0.0000	0.0000	0.0000
ENSG00000215223.3	CYP51A1P3	processed_pseudogene	0	0	0	0.0000	0.0000	0.0000
ENSG00000215227.4	NUTF2P5	processed_pseudogene	1	0	1	0.1496	0.0371	0.0401
ENSG00000215231.8	LINC01020	lncRNA	0	0	0	0.0000	0.0000	0.0000
ENSG00000215236.3	RPL7P33	processed_pseudogene	1	0	1	0.0764	0.0190	0.0205
ENSG00000215237.6	AL592293.1	unprocessed_pseudogene	14	7	8	0.6683	0.1657	0.1792
ENSG00000215241.4	LINC02449	lncRNA	45	45	61	0.9965	0.2471	0.2672
ENSG00000215244.3	LINC02649	lncRNA	96	42	54	1.0299	0.2554	0.2762
ENSG00000215246.5	AC116351.1	lncRNA	27	10	17	0.4397	0.1091	0.1179
ENSG00000215251.4	FASTKD5	protein_coding	1701	869	832	33.9422	8.4173	9.1010
ENSG00000215252.11	GOLGA8B	protein_coding	265	124	141	1.9593	0.4859	0.5254
ENSG00000215256.4	DHRS4-AS1	lncRNA	3035	1784	1691	20.3807	5.0542	5.4647
ENSG00000215262.8	KCNU1	protein_coding	0	0	0	0.0000	0.0000	0.0000
ENSG00000215263.2	AC025750.1	processed_pseudogene	0	0	0	0.0000	0.0000	0.0000
ENSG00000215264.4	RPL10AP3	processed_pseudogene	0	0	0	0.0000	0.0000	0.0000
ENSG00000215267.8	AKR1C7P	transcribed_unprocessed_pseudogene	11	1	10	0.6970	0.1728	0.1869
ENSG00000215268.3	AP000533.2	processed_pseudogene	0	0	0	0.0000	0.0000	0.0000
ENSG00000215269.5	GAGE12G	protein_coding	0	0	0	0.0000	0.0000	0.0000
ENSG00000215270.3	TOMM40P2	processed_pseudogene	9	4	5	0.4865	0.1207	0.1305
ENSG00000215271.9	HOMEZ	protein_coding	1513	834	747	15.4626	3.8346	4.1460
ENSG00000215274.5	GAGE10	protein_coding	0	0	0	0.0000	0.0000	0.0000
ENSG00000215277.8	RNF212B	protein_coding	38	47	59	1.0466	0.2595	0.2806
ENSG00000215278.4	RPS7P6	processed_pseudogene	0	0	0	0.0000	0.0000	0.0000
ENSG00000215283.3	HMGB3P24	processed_pseudogene	21	16	6	1.9146	0.4748	0.5134
ENSG00000215284.2	CHMP5P1	processed_pseudogene	1	0	1	0.0866	0.0215	0.0232
ENSG00000215286.3	SRSF6P1	processed_pseudogene	0	0	0	0.0000	0.0000	0.0000
ENSG00000215288.5	AC067904.1	processed_pseudogene	0	0	0	0.0000	0.0000	0.0000
ENSG00000215296.10	TMCO5B	transcribed_unitary_pseudogene	0	0	0	0.0000	0.0000	0.0000
ENSG00000215297.3	AL354941.1	processed_pseudogene	0	0	0	0.0000	0.0000	0.0000
ENSG00000215301.11	DDX3X	protein_coding	36480	18378	18102	130.7038	32.4132	35.0461
ENSG00000215302.8	AC127502.1	transcribed_unprocessed_pseudogene	29	17	12	0.7055	0.1750	0.1892
ENSG00000215304.3	AC135983.1	lncRNA	0	0	0	0.0000	0.0000	0.0000
ENSG00000215305.10	VPS16	protein_coding	2413	1197	1216	40.6781	10.0878	10.9072
ENSG00000215310.2	AL050305.1	processed_pseudogene	0	0	0	0.0000	0.0000	0.0000
ENSG00000215311.3	NPM1P12	processed_pseudogene	3	0	3	0.2040	0.0506	0.0547
ENSG00000215313.3	RPL6P30	processed_pseudogene	1	0	1	0.0658	0.0163	0.0176
ENSG00000215317.2	THUMPD1P1	processed_pseudogene	1	0	1	0.0545	0.0135	0.0146
ENSG00000215319.2	EIF5P1	processed_pseudogene	0	0	0	0.0000	0.0000	0.0000
ENSG00000215325.4	ASS1P10	processed_pseudogene	2	1	2	0.0912	0.0226	0.0244
ENSG00000215326.3	GPX1P2	processed_pseudogene	6	2	4	0.5615	0.1392	0.1506
ENSG00000215333.3	KRT18P23	processed_pseudogene	3	3	0	0.1326	0.0329	0.0356
ENSG00000215339.3	ZNF705CP	unprocessed_pseudogene	0	0	0	0.0000	0.0000	0.0000
ENSG00000215343.7	ZNF705D	protein_coding	0	0	0	0.0000	0.0000	0.0000
ENSG00000215347.4	SLC25A5P1	transcribed_processed_pseudogene	12	28	19	0.7059	0.1751	0.1893
ENSG00000215349.2	MRPL3P1	processed_pseudogene	0	0	0	0.0000	0.0000	0.0000
ENSG00000215351.3	PPIAP1	processed_pseudogene	1	0	1	0.1143	0.0284	0.0307
ENSG00000215353.2	C1QBPP1	processed_pseudogene	0	0	0	0.0000	0.0000	0.0000
ENSG00000215354.9	FAM90A24P	transcribed_unprocessed_pseudogene	0	0	0	0.0000	0.0000	0.0000
ENSG00000215356.4	ZNF705B	protein_coding	0	0	0	0.0000	0.0000	0.0000
ENSG00000215357.2	HSPD1P8	processed_pseudogene	0	0	0	0.0000	0.0000	0.0000
ENSG00000215367.10	TMED11P	transcribed_unitary_pseudogene	1	0	1	0.0750	0.0186	0.0201
ENSG00000215368.5	BOD1P2	processed_pseudogene	0	0	0	0.0000	0.0000	0.0000
ENSG00000215369.3	RPL37P3	processed_pseudogene	0	0	0	0.0000	0.0000	0.0000
ENSG00000215371.3	DEFB108C	unprocessed_pseudogene	0	0	0	0.0000	0.0000	0.0000
ENSG00000215372.6	ZNF705G	protein_coding	0	0	0	0.0000	0.0000	0.0000
ENSG00000215373.4	FAM90A5P	unprocessed_pseudogene	0	0	0	0.0000	0.0000	0.0000
ENSG00000215374.6	FAM66B	lncRNA	48	23	25	0.3589	0.0890	0.0962
ENSG00000215375.6	MYL5	protein_coding	509	2161	2197	6.7051	1.6628	1.7979
ENSG00000215378.3	DEFT1P	unprocessed_pseudogene	0	0	0	0.0000	0.0000	0.0000
ENSG00000215380.2	AC090625.1	processed_pseudogene	0	0	0	0.0000	0.0000	0.0000
ENSG00000215381.3	AL109936.1	processed_pseudogene	0	0	0	0.0000	0.0000	0.0000
ENSG00000215386.13	MIR99AHG	lncRNA	537	260	277	0.7094	0.1759	0.1902
ENSG00000215388.3	ACTG1P3	processed_pseudogene	36	14	22	1.8326	0.4545	0.4914
ENSG00000215397.4	SCRT2	protein_coding	0	0	0	0.0000	0.0000	0.0000
ENSG00000215398.11	CR383658.1	transcribed_unprocessed_pseudogene	0	0	0	0.0000	0.0000	0.0000
ENSG00000215399.2	HMGB3P7	processed_pseudogene	12	8	4	1.1138	0.2762	0.2986
ENSG00000215403.1	LL22NC01-81G9.3	lncRNA	0	0	0	0.0000	0.0000	0.0000
ENSG00000215409.4	AL355493.1	unprocessed_pseudogene	0	0	0	0.0000	0.0000	0.0000
ENSG00000215414.4	PSMA6P1	processed_pseudogene	10	5	5	0.7653	0.1898	0.2052
ENSG00000215417.13	MIR17HG	lncRNA	12	7	5	0.1803	0.0447	0.0483
ENSG00000215418.2	PEX12P1	processed_pseudogene	0	0	0	0.0000	0.0000	0.0000
ENSG00000215421.9	ZNF407	protein_coding	1211	610	603	5.6338	1.3971	1.5106
ENSG00000215424.10	MCM3AP-AS1	lncRNA	204	1325	1397	1.1542	0.2862	0.3095
ENSG00000215440.12	NPEPL1	protein_coding	260	132	128	1.9781	0.4905	0.5304
ENSG00000215441.3	CTAGE12P	processed_pseudogene	0	0	0	0.0000	0.0000	0.0000
ENSG00000215444.2	AL138807.1	processed_pseudogene	0	0	0	0.0000	0.0000	0.0000
ENSG00000215448.3	SRMP1	processed_pseudogene	1	0	1	0.0641	0.0159	0.0172
ENSG00000215450.2	AL022342.1	processed_pseudogene	2	0	2	0.1314	0.0326	0.0352
ENSG00000215452.5	ZNF663P	transcribed_unitary_pseudogene	0	0	0	0.0000	0.0000	0.0000
ENSG00000215454.6	KRTAP10-4	protein_coding	0	0	0	0.0000	0.0000	0.0000
ENSG00000215455.4	KRTAP10-1	protein_coding	0	0	0	0.0000	0.0000	0.0000
ENSG00000215456.6	BCRP4	unprocessed_pseudogene	0	0	0	0.0000	0.0000	0.0000
ENSG00000215457.5	RPS8P3	processed_pseudogene	0	0	0	0.0000	0.0000	0.0000
ENSG00000215458.8	AATBC	lncRNA	35	14	21	0.4072	0.1010	0.1092
ENSG00000215464.4	AP000354.1	processed_pseudogene	3	0	3	0.3731	0.0925	0.1000
ENSG00000215467.2	RPL27AP	processed_pseudogene	2	2	0	0.2607	0.0647	0.0699
ENSG00000215472.10	RPL17-C18orf32	protein_coding	0	0	0	0.0000	0.0000	0.0000
ENSG00000215474.8	SKOR2	protein_coding	0	0	0	0.0000	0.0000	0.0000
ENSG00000215475.5	SIAH3	protein_coding	3	2	1	0.0240	0.0060	0.0064
ENSG00000215477.2	RCN1P1	processed_pseudogene	0	0	0	0.0000	0.0000	0.0000
ENSG00000215478.8	CES5AP1	transcribed_unprocessed_pseudogene	1	1	0	0.0364	0.0090	0.0097
ENSG00000215480.4	OR7E37P	unprocessed_pseudogene	0	0	0	0.0000	0.0000	0.0000
ENSG00000215481.9	BCRP3	lncRNA	2	1	3	0.0650	0.0161	0.0174
ENSG00000215482.3	CALM2P3	processed_pseudogene	2	1	1	0.2526	0.0626	0.0677
ENSG00000215483.11	LINC00598	lncRNA	18	7	11	0.0519	0.0129	0.0139
ENSG00000215486.5	ARL2BPP3	transcribed_processed_pseudogene	0	0	0	0.0000	0.0000	0.0000
ENSG00000215492.6	HNRNPA1P7	processed_pseudogene	18	7	11	1.0600	0.2629	0.2842
ENSG00000215493.3	AC007731.1	processed_pseudogene	64	37	27	2.1312	0.5285	0.5714
ENSG00000215498.9	FAM230B	lncRNA	0	0	0	0.0000	0.0000	0.0000
ENSG00000215506.5	TPTE2P4	unprocessed_pseudogene	0	0	0	0.0000	0.0000	0.0000
ENSG00000215507.10	RBMY2DP	transcribed_processed_pseudogene	0	0	0	0.0000	0.0000	0.0000
ENSG00000215512.9	AP005901.1	transcribed_unprocessed_pseudogene	1	0	1	0.0191	0.0047	0.0051
ENSG00000215515.2	IFIT1P1	processed_pseudogene	1	1	0	0.0391	0.0097	0.0105
ENSG00000215520.3	RPS4XP4	processed_pseudogene	0	0	0	0.0000	0.0000	0.0000
ENSG00000215529.12	EFCAB8	protein_coding	15	8	7	0.1875	0.0465	0.0503
ENSG00000215533.8	LINC00189	lncRNA	3	2	1	0.1565	0.0388	0.0420
ENSG00000215537.3	ZNF736P11Y	processed_pseudogene	0	0	0	0.0000	0.0000	0.0000
ENSG00000215540.10	RBMY2CP	transcribed_processed_pseudogene	0	0	0	0.0000	0.0000	0.0000
ENSG00000215544.6	BCRP7	unprocessed_pseudogene	1	2	1	0.1042	0.0259	0.0280
ENSG00000215545.1	DEFB116	protein_coding	0	0	0	0.0000	0.0000	0.0000
ENSG00000215546.2	DKKL1P1	processed_pseudogene	0	0	0	0.0000	0.0000	0.0000
ENSG00000215547.1	DEFB115	protein_coding	0	0	0	0.0000	0.0000	0.0000
ENSG00000215548.2	FRG1JP	unprocessed_pseudogene	104	59	45	6.3349	1.5710	1.6986
ENSG00000215553.3	KRT18P3	processed_pseudogene	4	3	1	0.1761	0.0437	0.0472
ENSG00000215559.8	ANKRD20A11P	transcribed_unprocessed_pseudogene	5	1	4	0.0586	0.0145	0.0157
ENSG00000215560.2	TTTY5	lncRNA	0	0	0	0.0000	0.0000	0.0000
ENSG00000215562.2	CNN2P7	processed_pseudogene	0	0	0	0.0000	0.0000	0.0000
ENSG00000215567.5	AC138701.1	unprocessed_pseudogene	0	0	0	0.0000	0.0000	0.0000
ENSG00000215568.9	GAB4	protein_coding	0	0	0	0.0000	0.0000	0.0000
ENSG00000215571.5	GRK6P1	processed_pseudogene	1	0	1	0.0331	0.0082	0.0089
ENSG00000215572.2	ESRRAP1	processed_pseudogene	0	0	0	0.0000	0.0000	0.0000
ENSG00000215580.11	BCORP1	transcribed_unprocessed_pseudogene	0	0	0	0.0000	0.0000	0.0000
ENSG00000215583.3	ASS1P6	processed_pseudogene	0	0	0	0.0000	0.0000	0.0000
ENSG00000215586.2	AL031679.1	processed_pseudogene	2	0	2	0.2160	0.0536	0.0579
ENSG00000215589.3	KANK1P1	processed_pseudogene	0	0	0	0.0000	0.0000	0.0000
ENSG00000215595.2	C20orf202	protein_coding	19	8	11	0.6697	0.1661	0.1796
ENSG00000215601.3	TSPY24P	unprocessed_pseudogene	0	0	0	0.0000	0.0000	0.0000
ENSG00000215603.4	ZNF92P1Y	processed_pseudogene	0	0	0	0.0000	0.0000	0.0000
ENSG00000215604.3	ZNF962P	unprocessed_pseudogene	0	0	0	0.0000	0.0000	0.0000
ENSG00000215606.4	KRT18P35	processed_pseudogene	0	0	0	0.0000	0.0000	0.0000
ENSG00000215612.8	HMX1	protein_coding	2	1	1	0.0524	0.0130	0.0140
ENSG00000215630.6	GUSBP9	unprocessed_pseudogene	22	13	9	2.1363	0.5298	0.5728
ENSG00000215644.10	GCGR	protein_coding	1	1	0	0.0175	0.0043	0.0047
ENSG00000215692.2	AC114730.1	lncRNA	0	24	20	0.0000	0.0000	0.0000
ENSG00000215695.1	RSC1A1	protein_coding	0	0	0	0.0000	0.0000	0.0000
ENSG00000215704.10	CELA2B	protein_coding	1	5	6	0.0391	0.0097	0.0105
ENSG00000215712.11	TMEM242	protein_coding	1008	502	506	11.4213	2.8324	3.0624
ENSG00000215717.7	TMEM167B	protein_coding	4813	2610	2412	75.5453	18.7345	20.2562
ENSG00000215720.4	MFFP1	processed_pseudogene	1	1	0	0.0799	0.0198	0.0214
ENSG00000215734.3	MRPL20P1	processed_pseudogene	0	0	0	0.0000	0.0000	0.0000
ENSG00000215760.2	TAF9BP2	processed_pseudogene	1	0	1	0.1136	0.0282	0.0305
ENSG00000215765.3	AC245128.1	lncRNA	0	0	0	0.0000	0.0000	0.0000
ENSG00000215769.8	ARHGAP27P1-BPTFP1-KPNA2P3	lncRNA	23	46	47	0.4293	0.1065	0.1151
ENSG00000215771.2	LRRC37A14P	processed_pseudogene	0	0	0	0.0000	0.0000	0.0000
ENSG00000215784.6	FAM72D	protein_coding	17	7	10	0.3979	0.0987	0.1067
ENSG00000215785.2	CFL1P6	processed_pseudogene	0	0	0	0.0000	0.0000	0.0000
ENSG00000215788.11	TNFRSF25	protein_coding	81	58	51	1.0775	0.2672	0.2889
ENSG00000215790.8	SLC35E2A	transcribed_unprocessed_pseudogene	157	106	102	2.7278	0.6765	0.7314
ENSG00000215795.2	AL390728.2	processed_pseudogene	5	4	1	0.1698	0.0421	0.0455
ENSG00000215796.3	AL512637.1	processed_pseudogene	3	0	3	0.1382	0.0343	0.0371
ENSG00000215800.2	RSL24D1P4	processed_pseudogene	0	0	0	0.0000	0.0000	0.0000
ENSG00000215802.3	RFKP1	transcribed_processed_pseudogene	0	0	0	0.0000	0.0000	0.0000
ENSG00000215805.3	AL356361.1	processed_pseudogene	0	0	0	0.0000	0.0000	0.0000
ENSG00000215807.4	KRT18P65	processed_pseudogene	0	0	0	0.0000	0.0000	0.0000
ENSG00000215808.4	LINC01139	lncRNA	964	466	501	9.1649	2.2728	2.4574
ENSG00000215811.6	BTNL10	transcribed_unitary_pseudogene	3	2	1	0.2327	0.0577	0.0624
ENSG00000215812.5	ZNF847P	unprocessed_pseudogene	1	1	0	0.0527	0.0131	0.0141
ENSG00000215817.7	ZC3H11B	protein_coding	8	2	6	0.0914	0.0227	0.0245
ENSG00000215819.3	KRT18P12	processed_pseudogene	0	5	4	0.0000	0.0000	0.0000
ENSG00000215833.3	QRSL1P1	processed_pseudogene	0	0	0	0.0000	0.0000	0.0000
ENSG00000215834.10	FMO9P	transcribed_unprocessed_pseudogene	19	10	9	0.4747	0.1177	0.1273
ENSG00000215835.2	AL596087.1	processed_pseudogene	24	9	15	0.6912	0.1714	0.1853
ENSG00000215837.7	SDHAP2	transcribed_unprocessed_pseudogene	0	0	0	0.0000	0.0000	0.0000
ENSG00000215838.4	AL451074.1	transcribed_processed_pseudogene	2	4	1	0.0612	0.0152	0.0164
ENSG00000215840.3	AL592295.1	processed_pseudogene	8	3	5	0.5132	0.1273	0.1376
ENSG00000215841.3	AP002761.1	lncRNA	37	17	20	8.0087	1.9861	2.1474
ENSG00000215845.11	TSTD1	protein_coding	2244	1120	1124	106.3134	26.3647	28.5062
ENSG00000215846.6	MPTX1	processed_pseudogene	0	0	0	0.0000	0.0000	0.0000
ENSG00000215853.3	RPTN	protein_coding	0	0	0	0.0000	0.0000	0.0000
ENSG00000215859.9	PDZK1P1	transcribed_unprocessed_pseudogene	37	23	22	0.5711	0.1416	0.1531
ENSG00000215861.6	AC245297.1	transcribed_unprocessed_pseudogene	88	50	41	4.8311	1.1981	1.2954
ENSG00000215864.6	NBPF7	unprocessed_pseudogene	5	3	2	0.2129	0.0528	0.0571
ENSG00000215866.8	LINC01356	lncRNA	3	2	4	0.0534	0.0133	0.0143
ENSG00000215867.4	KRT18P57	processed_pseudogene	1	0	1	0.0452	0.0112	0.0121
ENSG00000215869.4	AC092506.1	transcribed_processed_pseudogene	13	3	10	0.2343	0.0581	0.0628
ENSG00000215871.2	AC104457.1	processed_pseudogene	0	0	0	0.0000	0.0000	0.0000
ENSG00000215873.2	FEN1P1	processed_pseudogene	0	0	0	0.0000	0.0000	0.0000
ENSG00000215874.3	CAPNS1P1	processed_pseudogene	0	0	0	0.0000	0.0000	0.0000
ENSG00000215875.4	ST13P20	processed_pseudogene	0	0	0	0.0000	0.0000	0.0000
ENSG00000215878.3	MARCKSL1P2	processed_pseudogene	2	2	0	0.1162	0.0288	0.0312
ENSG00000215881.3	LINC02337	lncRNA	0	0	0	0.0000	0.0000	0.0000
ENSG00000215883.10	CYB5RL	protein_coding	549	268	282	3.4880	0.8650	0.9352
ENSG00000215887.5	ZNF859P	unprocessed_pseudogene	0	0	0	0.0000	0.0000	0.0000
ENSG00000215893.3	RPL23AP17	processed_pseudogene	0	0	0	0.0000	0.0000	0.0000
ENSG00000215895.4	HSPA5P1	processed_pseudogene	11	5	7	0.3183	0.0789	0.0853
ENSG00000215899.3	AC209007.1	processed_pseudogene	4	0	4	0.1690	0.0419	0.0453
ENSG00000215900.4	SELENOWP1	processed_pseudogene	0	0	0	0.0000	0.0000	0.0000
ENSG00000215905.4	AL590609.1	processed_pseudogene	0	0	0	0.0000	0.0000	0.0000
ENSG00000215906.8	LACTBL1	protein_coding	1	0	1	0.0346	0.0086	0.0093
ENSG00000215908.10	CROCCP2	transcribed_unprocessed_pseudogene	766	377	393	7.7488	1.9216	2.0777
ENSG00000215909.3	BRWD1P1	processed_pseudogene	0	0	0	0.0000	0.0000	0.0000
ENSG00000215910.7	C1orf167	protein_coding	1	158	177	0.0087	0.0022	0.0023
ENSG00000215912.12	TTC34	protein_coding	135	78	64	0.8686	0.2154	0.2329
ENSG00000215914.4	MMP23A	unprocessed_pseudogene	1	0	1	0.0558	0.0138	0.0150
ENSG00000215915.10	ATAD3C	protein_coding	700	337	363	9.9716	2.4729	2.6737
ENSG00000215930.1	MIR942	miRNA	1	1	0	0.6594	0.1635	0.1768
ENSG00000215938.3	MIR190B	miRNA	0	0	0	0.0000	0.0000	0.0000
ENSG00000215939.3	MIR873	miRNA	0	0	0	0.0000	0.0000	0.0000
ENSG00000215943.1	MIR892A	miRNA	0	0	0	0.0000	0.0000	0.0000
ENSG00000215952.1	MIR921	miRNA	0	0	0	0.0000	0.0000	0.0000
ENSG00000215957.1	MIR300	miRNA	0	0	0	0.0000	0.0000	0.0000
ENSG00000215961.1	MIR297	miRNA	0	0	0	0.0000	0.0000	0.0000
ENSG00000215966.1	MIR876	miRNA	0	0	0	0.0000	0.0000	0.0000
ENSG00000215973.1	MIR933	miRNA	0	0	0	0.0000	0.0000	0.0000
ENSG00000215991.1	MIR208B	miRNA	0	0	0	0.0000	0.0000	0.0000
ENSG00000216001.3	MIR450B	miRNA	0	0	0	0.0000	0.0000	0.0000
ENSG00000216005.1	MIR888	miRNA	0	0	0	0.0000	0.0000	0.0000
ENSG00000216009.3	MIR874	miRNA	0	0	0	0.0000	0.0000	0.0000
ENSG00000216031.1	MIR298	miRNA	0	0	0	0.0000	0.0000	0.0000
ENSG00000216035.1	MIR938	miRNA	0	0	0	0.0000	0.0000	0.0000
ENSG00000216056.1	MIR891A	miRNA	0	0	0	0.0000	0.0000	0.0000
ENSG00000216058.1	MIR944	miRNA	0	0	0	0.0000	0.0000	0.0000
ENSG00000216060.1	MIR934	miRNA	0	0	0	0.0000	0.0000	0.0000
ENSG00000216064.1	MIR891B	miRNA	0	0	0	0.0000	0.0000	0.0000
ENSG00000216069.1	MIR875	miRNA	0	0	0	0.0000	0.0000	0.0000
ENSG00000216075.1	MIR890	miRNA	0	0	0	0.0000	0.0000	0.0000
ENSG00000216077.3	MIR887	miRNA	1	0	1	0.7178	0.1780	0.1925
ENSG00000216098.1	MIR892B	miRNA	0	0	0	0.0000	0.0000	0.0000
ENSG00000216099.3	MIR889	miRNA	0	0	0	0.0000	0.0000	0.0000
ENSG00000216101.3	MIR877	miRNA	0	0	0	0.0000	0.0000	0.0000
ENSG00000216135.3	MIR885	miRNA	0	0	0	0.0000	0.0000	0.0000
ENSG00000216141.3	MIR941-2	miRNA	0	0	0	0.0000	0.0000	0.0000
ENSG00000216171.1	MIR513C	miRNA	0	0	0	0.0000	0.0000	0.0000
ENSG00000216179.1	MIR541	miRNA	0	0	0	0.0000	0.0000	0.0000
ENSG00000216191.1	MIR8485	miRNA	0	0	0	0.0000	0.0000	0.0000
ENSG00000216192.1	MIR920	miRNA	0	0	0	0.0000	0.0000	0.0000
ENSG00000216195.3	MIR941-4	miRNA	0	0	0	0.0000	0.0000	0.0000
ENSG00000216265.1	FABP12P1	processed_pseudogene	0	0	0	0.0000	0.0000	0.0000
ENSG00000216285.5	AC078819.1	processed_pseudogene	8	1	7	0.5930	0.1471	0.1590
ENSG00000216306.3	KRT19P2	transcribed_processed_pseudogene	0	0	0	0.0000	0.0000	0.0000
ENSG00000216307.2	AL136309.1	processed_pseudogene	0	0	0	0.0000	0.0000	0.0000
ENSG00000216316.1	AL022722.1	processed_pseudogene	5	2	3	0.4872	0.1208	0.1306
ENSG00000216324.1	AL049697.2	processed_pseudogene	1	0	1	0.1929	0.0478	0.0517
ENSG00000216331.2	H1-12P	unprocessed_pseudogene	0	4	4	0.0000	0.0000	0.0000
ENSG00000216347.1	RPL10P10	processed_pseudogene	0	0	0	0.0000	0.0000	0.0000
ENSG00000216352.1	AL590824.1	processed_pseudogene	0	0	0	0.0000	0.0000	0.0000
ENSG00000216359.1	AL139039.1	processed_pseudogene	0	0	0	0.0000	0.0000	0.0000
ENSG00000216360.1	AL136968.1	processed_pseudogene	4	3	1	0.2398	0.0595	0.0643
ENSG00000216364.1	MRPL42P2	processed_pseudogene	0	0	0	0.0000	0.0000	0.0000
ENSG00000216365.2	RPL37P15	processed_pseudogene	0	0	0	0.0000	0.0000	0.0000
ENSG00000216368.2	AL136226.1	processed_pseudogene	0	0	0	0.0000	0.0000	0.0000
ENSG00000216378.1	AL080285.1	processed_pseudogene	0	0	0	0.0000	0.0000	0.0000
ENSG00000216412.4	RPL12P2	processed_pseudogene	0	0	0	0.0000	0.0000	0.0000
ENSG00000216425.4	PIMREGP2	processed_pseudogene	3	0	3	0.2121	0.0526	0.0569
ENSG00000216436.2	H2AC2P	unprocessed_pseudogene	0	0	0	0.0000	0.0000	0.0000
ENSG00000216439.1	DUTP5	processed_pseudogene	0	0	0	0.0000	0.0000	0.0000
ENSG00000216444.1	RAET1M	processed_pseudogene	0	0	0	0.0000	0.0000	0.0000
ENSG00000216471.3	RPSAP43	processed_pseudogene	2	0	3	0.1815	0.0450	0.0487
ENSG00000216475.1	AL024474.1	processed_pseudogene	2	1	1	0.1919	0.0476	0.0515
ENSG00000216480.2	AL078604.1	processed_pseudogene	1	0	1	0.1217	0.0302	0.0326
ENSG00000216490.4	IFI30	protein_coding	18	10	8	0.4355	0.1080	0.1168
ENSG00000216516.1	AL645733.1	processed_pseudogene	0	0	0	0.0000	0.0000	0.0000
ENSG00000216518.1	EEF1GP6	processed_pseudogene	0	0	0	0.0000	0.0000	0.0000
ENSG00000216519.2	AL023284.1	processed_pseudogene	0	0	0	0.0000	0.0000	0.0000
ENSG00000216523.1	AL109941.1	processed_pseudogene	0	0	0	0.0000	0.0000	0.0000
ENSG00000216548.2	AL357084.1	processed_pseudogene	0	0	0	0.0000	0.0000	0.0000
ENSG00000216560.4	LINC00955	lncRNA	0	0	0	0.0000	0.0000	0.0000
ENSG00000216588.9	IGSF23	protein_coding	3	1	2	0.1203	0.0298	0.0323
ENSG00000216613.2	AL023284.2	processed_pseudogene	0	0	0	0.0000	0.0000	0.0000
ENSG00000216616.1	AL356421.1	processed_pseudogene	0	0	0	0.0000	0.0000	0.0000
ENSG00000216621.8	AL583835.2	transcribed_processed_pseudogene	0	0	0	0.0000	0.0000	0.0000
ENSG00000216624.3	GAPDHP72	transcribed_processed_pseudogene	3	0	3	0.0784	0.0195	0.0210
ENSG00000216629.1	OR2W4P	unprocessed_pseudogene	0	0	0	0.0000	0.0000	0.0000
ENSG00000216636.1	RPL7P25	processed_pseudogene	1	0	1	0.0787	0.0195	0.0211
ENSG00000216639.1	AL133406.1	processed_pseudogene	4	1	3	0.3037	0.0753	0.0814
ENSG00000216642.1	AL136116.1	processed_pseudogene	1	1	0	0.1488	0.0369	0.0399
ENSG00000216649.3	GAGE12E	protein_coding	0	0	0	0.0000	0.0000	0.0000
ENSG00000216657.1	GLRX3P2	processed_pseudogene	1	0	1	0.0546	0.0135	0.0146
ENSG00000216663.3	AL365214.1	processed_pseudogene	0	0	0	0.0000	0.0000	0.0000
ENSG00000216671.6	CCNYL3	unprocessed_pseudogene	0	0	0	0.0000	0.0000	0.0000
ENSG00000216676.2	RPL8P1	processed_pseudogene	2	2	0	0.5063	0.1256	0.1358
ENSG00000216687.2	AL390237.1	processed_pseudogene	2	1	1	0.0802	0.0199	0.0215
ENSG00000216708.1	CIR1P3	processed_pseudogene	0	0	0	0.0000	0.0000	0.0000
ENSG00000216710.1	COX6A1P3	processed_pseudogene	0	0	0	0.0000	0.0000	0.0000
ENSG00000216713.1	MTND4P13	processed_pseudogene	0	0	0	0.0000	0.0000	0.0000
ENSG00000216718.7	AL024509.2	processed_pseudogene	0	0	0	0.0000	0.0000	0.0000
ENSG00000216721.3	AC093850.1	processed_pseudogene	4	2	2	0.9037	0.2241	0.2423
ENSG00000216723.1	NUDT19P3	processed_pseudogene	2	1	1	0.2044	0.0507	0.0548
ENSG00000216740.2	ANXA2P3	processed_pseudogene	1	0	1	0.0563	0.0140	0.0151
ENSG00000216753.3	HMGA1P7	processed_pseudogene	0	0	0	0.0000	0.0000	0.0000
ENSG00000216754.2	AL050335.1	processed_pseudogene	1	1	0	0.0653	0.0162	0.0175
ENSG00000216762.1	VN1R13P	processed_pseudogene	0	0	0	0.0000	0.0000	0.0000
ENSG00000216775.3	AL109918.1	transcribed_unprocessed_pseudogene	837	429	408	12.4225	3.0806	3.3309
ENSG00000216777.1	PRRC2CP1	processed_pseudogene	0	0	0	0.0000	0.0000	0.0000
ENSG00000216781.2	AL138885.1	processed_pseudogene	0	0	0	0.0000	0.0000	0.0000
ENSG00000216802.1	AL590617.1	processed_pseudogene	0	0	0	0.0000	0.0000	0.0000
ENSG00000216809.1	AL589993.1	processed_pseudogene	7	4	3	0.1573	0.0390	0.0422
ENSG00000216811.2	AL035698.1	processed_pseudogene	0	0	0	0.0000	0.0000	0.0000
ENSG00000216813.1	AL358178.1	processed_pseudogene	0	0	0	0.0000	0.0000	0.0000
ENSG00000216817.1	R3HDM2P2	processed_pseudogene	0	0	0	0.0000	0.0000	0.0000
ENSG00000216819.1	TUBB2BP1	unprocessed_pseudogene	0	0	0	0.0000	0.0000	0.0000
ENSG00000216824.2	ZNF736P10Y	processed_pseudogene	0	0	0	0.0000	0.0000	0.0000
ENSG00000216829.6	FGF7P4	unprocessed_pseudogene	0	0	0	0.0000	0.0000	0.0000
ENSG00000216835.3	RBMXP1	processed_pseudogene	0	0	0	0.0000	0.0000	0.0000
ENSG00000216844.1	AC009494.1	processed_pseudogene	0	0	0	0.0000	0.0000	0.0000
ENSG00000216853.1	MTCYBP36	processed_pseudogene	0	0	0	0.0000	0.0000	0.0000
ENSG00000216854.2	RPL17P26	processed_pseudogene	3	1	2	0.3076	0.0763	0.0825
ENSG00000216859.1	DHFRP5	processed_pseudogene	0	0	0	0.0000	0.0000	0.0000
ENSG00000216863.10	LY86-AS1	lncRNA	13	12	3	0.0624	0.0155	0.0167
ENSG00000216866.5	RPS2P55	processed_pseudogene	20	6	14	1.2845	0.3185	0.3444
ENSG00000216867.2	RPL22P12	processed_pseudogene	0	0	0	0.0000	0.0000	0.0000
ENSG00000216895.9	AC009403.1	lncRNA	107	52	55	2.9877	0.7409	0.8011
ENSG00000216901.1	ZNF603P	unprocessed_pseudogene	4	2	2	0.4658	0.1155	0.1249
ENSG00000216902.3	AL122016.1	processed_pseudogene	0	0	0	0.0000	0.0000	0.0000
ENSG00000216904.2	SOCS5P5	processed_pseudogene	0	0	0	0.0000	0.0000	0.0000
ENSG00000216906.2	AL355312.1	processed_pseudogene	5	3	2	0.1303	0.0323	0.0349
ENSG00000216913.2	AL049693.1	processed_pseudogene	0	0	0	0.0000	0.0000	0.0000
ENSG00000216915.2	GPR89P	processed_pseudogene	0	0	0	0.0000	0.0000	0.0000
ENSG00000216917.2	AC005587.1	processed_pseudogene	0	0	0	0.0000	0.0000	0.0000
ENSG00000216921.9	FAM240C	protein_coding	5	4	1	0.4127	0.1024	0.1107
ENSG00000216937.13	CCDC7	protein_coding	279	144	145	1.6528	0.4099	0.4432
ENSG00000216938.3	RPL7P58	processed_pseudogene	0	0	0	0.0000	0.0000	0.0000
ENSG00000216966.1	AL353747.1	processed_pseudogene	0	0	0	0.0000	0.0000	0.0000
ENSG00000216977.1	RPL21P65	processed_pseudogene	1	1	0	0.1217	0.0302	0.0326
ENSG00000216990.2	HSPD1P10	processed_pseudogene	2	1	1	0.0677	0.0168	0.0181
ENSG00000216998.1	CYP2AC1P	unitary_pseudogene	0	0	0	0.0000	0.0000	0.0000
ENSG00000217004.1	Z97832.1	unprocessed_pseudogene	1	1	0	0.1729	0.0429	0.0464
ENSG00000217026.3	RPL10P1	processed_pseudogene	3	1	2	0.2642	0.0655	0.0708
ENSG00000217027.1	TPT1P4	processed_pseudogene	16	9	7	1.7483	0.4336	0.4688
ENSG00000217030.1	AL359643.1	processed_pseudogene	2	2	0	0.2681	0.0665	0.0719
ENSG00000217041.1	AL512430.2	processed_pseudogene	0	0	0	0.0000	0.0000	0.0000
ENSG00000217044.1	MTCO3P31	processed_pseudogene	0	0	0	0.0000	0.0000	0.0000
ENSG00000217060.1	AL135903.1	unprocessed_pseudogene	1	1	0	0.0357	0.0088	0.0096
ENSG00000217067.2	AL355375.1	unprocessed_pseudogene	0	0	0	0.0000	0.0000	0.0000
ENSG00000217078.1	AL021407.1	processed_pseudogene	7	1	7	1.0284	0.2550	0.2758
ENSG00000217083.1	MTCO2P33	processed_pseudogene	0	0	0	0.0000	0.0000	0.0000
ENSG00000217085.2	HMGB3P19	processed_pseudogene	0	0	0	0.0000	0.0000	0.0000
ENSG00000217089.1	RPS29P13	processed_pseudogene	0	0	0	0.0000	0.0000	0.0000
ENSG00000217094.2	PPIAP31	processed_pseudogene	8	4	4	0.9165	0.2273	0.2458
ENSG00000217120.1	Z98755.1	processed_pseudogene	0	0	0	0.0000	0.0000	0.0000
ENSG00000217128.12	FNIP1	protein_coding	10704	5445	5259	76.4321	18.9544	20.4940
ENSG00000217130.1	AL139100.1	processed_pseudogene	4	24	18	0.4555	0.1130	0.1221
ENSG00000217135.2	AL590004.1	processed_pseudogene	0	0	0	0.0000	0.0000	0.0000
ENSG00000217139.2	AL603865.1	processed_pseudogene	0	0	0	0.0000	0.0000	0.0000
ENSG00000217159.2	LARP1P1	processed_pseudogene	3	2	1	0.5826	0.1445	0.1562
ENSG00000217160.2	MTCO2P31	processed_pseudogene	0	0	0	0.0000	0.0000	0.0000
ENSG00000217165.1	ANKRD18EP	processed_pseudogene	456	232	227	9.8251	2.4365	2.6344
ENSG00000217169.2	MTHFD2P2	processed_pseudogene	0	0	0	0.0000	0.0000	0.0000
ENSG00000217178.1	AL357563.1	processed_pseudogene	0	0	0	0.0000	0.0000	0.0000
ENSG00000217179.1	MTCYBP2	processed_pseudogene	0	0	0	0.0000	0.0000	0.0000
ENSG00000217181.1	AL139039.2	processed_pseudogene	0	0	0	0.0000	0.0000	0.0000
ENSG00000217195.1	AL513475.1	processed_pseudogene	0	0	0	0.0000	0.0000	0.0000
ENSG00000217227.1	AL079341.1	processed_pseudogene	1	0	1	0.0470	0.0117	0.0126
ENSG00000217228.1	GSTA12P	unprocessed_pseudogene	0	0	0	0.0000	0.0000	0.0000
ENSG00000217231.2	AL109755.1	processed_pseudogene	0	0	0	0.0000	0.0000	0.0000
ENSG00000217236.2	SP9	protein_coding	0	0	0	0.0000	0.0000	0.0000
ENSG00000217239.3	AL136968.2	processed_pseudogene	1	0	1	0.1602	0.0397	0.0430
ENSG00000217241.1	CBX3P9	processed_pseudogene	3	2	2	0.3082	0.0764	0.0826
ENSG00000217261.4	POM121L4P	transcribed_unprocessed_pseudogene	3	3	0	0.0900	0.0223	0.0241
ENSG00000217268.1	TXNP7	processed_pseudogene	0	0	0	0.0000	0.0000	0.0000
ENSG00000217272.1	RAB1AP2	processed_pseudogene	0	0	0	0.0000	0.0000	0.0000
ENSG00000217275.2	AL031777.1	processed_pseudogene	6	3	3	0.6819	0.1691	0.1828
ENSG00000217289.3	AC079776.1	processed_pseudogene	3	2	2	0.1477	0.0366	0.0396
ENSG00000217314.2	UQCRFS1P3	processed_pseudogene	0	0	0	0.0000	0.0000	0.0000
ENSG00000217315.1	OR2W2P	unprocessed_pseudogene	0	0	0	0.0000	0.0000	0.0000
ENSG00000217325.2	PRELID1P1	transcribed_processed_pseudogene	47	29	18	2.9517	0.7320	0.7914
ENSG00000217327.3	RPS7P5	processed_pseudogene	0	0	0	0.0000	0.0000	0.0000
ENSG00000217330.1	SSXP10	processed_pseudogene	1	0	1	0.1004	0.0249	0.0269
ENSG00000217331.1	AL355143.1	processed_pseudogene	0	0	0	0.0000	0.0000	0.0000
ENSG00000217334.1	AL355615.1	processed_pseudogene	0	0	0	0.0000	0.0000	0.0000
ENSG00000217372.2	TUBB4BP7	processed_pseudogene	0	0	0	0.0000	0.0000	0.0000
ENSG00000217377.1	AK4P5	processed_pseudogene	0	0	0	0.0000	0.0000	0.0000
ENSG00000217379.2	AL589647.1	processed_pseudogene	0	0	0	0.0000	0.0000	0.0000
ENSG00000217385.1	PSMC1P11	processed_pseudogene	0	0	0	0.0000	0.0000	0.0000
ENSG00000217404.2	RPS4XP9	processed_pseudogene	0	0	0	0.0000	0.0000	0.0000
ENSG00000217408.2	PRELID1P2	processed_pseudogene	0	0	0	0.0000	0.0000	0.0000
ENSG00000217414.2	DDX18P3	processed_pseudogene	0	0	0	0.0000	0.0000	0.0000
ENSG00000217416.4	ISCA1P1	processed_pseudogene	2	1	1	0.2931	0.0727	0.0786
ENSG00000217442.4	SYCE3	protein_coding	144	76	68	16.6999	4.1414	4.4778
ENSG00000217447.1	AL021331.1	processed_pseudogene	1	0	1	0.0974	0.0242	0.0261
ENSG00000217455.8	AC073316.1	lncRNA	2	0	2	0.0658	0.0163	0.0176
ENSG00000217477.2	AL450346.1	processed_pseudogene	0	0	0	0.0000	0.0000	0.0000
ENSG00000217482.2	HMGB1P17	processed_pseudogene	0	0	0	0.0000	0.0000	0.0000
ENSG00000217483.1	FO393414.2	processed_pseudogene	0	0	0	0.0000	0.0000	0.0000
ENSG00000217488.2	AL356057.1	transcribed_processed_pseudogene	0	0	0	0.0000	0.0000	0.0000
ENSG00000217495.2	AL136116.2	processed_pseudogene	0	0	0	0.0000	0.0000	0.0000
ENSG00000217512.1	AL356776.1	processed_pseudogene	1	0	1	0.1269	0.0315	0.0340
ENSG00000217514.1	AL031121.1	processed_pseudogene	0	0	0	0.0000	0.0000	0.0000
ENSG00000217527.1	RPS16P5	transcribed_processed_pseudogene	3	2	1	0.4211	0.1044	0.1129
ENSG00000217539.2	IQCB2P	processed_pseudogene	0	0	0	0.0000	0.0000	0.0000
ENSG00000217555.13	CKLF	protein_coding	9	21	15	0.4396	0.1090	0.1179
ENSG00000217557.1	AL590286.1	processed_pseudogene	0	0	0	0.0000	0.0000	0.0000
ENSG00000217566.2	TDGF1P4	processed_pseudogene	0	0	0	0.0000	0.0000	0.0000
ENSG00000217576.7	AL158066.1	lncRNA	0	0	0	0.0000	0.0000	0.0000
ENSG00000217585.1	MDH1P2	processed_pseudogene	0	0	0	0.0000	0.0000	0.0000
ENSG00000217612.2	AL031119.1	processed_pseudogene	0	0	0	0.0000	0.0000	0.0000
ENSG00000217624.2	YWHAZP10	processed_pseudogene	77	34	43	5.9410	1.4733	1.5930
ENSG00000217631.1	FO393413.1	processed_pseudogene	0	0	0	0.0000	0.0000	0.0000
ENSG00000217643.1	PTGES3P2	processed_pseudogene	14	8	6	1.6472	0.4085	0.4417
ENSG00000217644.5	AL355864.1	processed_pseudogene	1	1	0	0.1078	0.0267	0.0289
ENSG00000217646.1	H2BC16P	processed_pseudogene	0	0	0	0.0000	0.0000	0.0000
ENSG00000217648.1	AL136116.3	processed_pseudogene	93	41	52	4.6345	1.1493	1.2427
ENSG00000217653.1	PIMREGP3	processed_pseudogene	1	0	1	0.0751	0.0186	0.0201
ENSG00000217680.1	UBE2V1P15	processed_pseudogene	0	0	0	0.0000	0.0000	0.0000
ENSG00000217684.2	RPS3AP24	processed_pseudogene	0	0	0	0.0000	0.0000	0.0000
ENSG00000217686.2	NUS1P4	processed_pseudogene	0	0	0	0.0000	0.0000	0.0000
ENSG00000217702.3	AC073263.1	lncRNA	42	326	306	1.4648	0.3633	0.3928
ENSG00000217707.2	SERPINB8P1	unprocessed_pseudogene	0	0	0	0.0000	0.0000	0.0000
ENSG00000217716.3	RPS10P3	processed_pseudogene	3	0	3	0.3444	0.0854	0.0923
ENSG00000217718.1	NDUFB4P4	processed_pseudogene	0	0	0	0.0000	0.0000	0.0000
ENSG00000217733.2	CCT7P1	processed_pseudogene	2	2	0	0.0704	0.0175	0.0189
ENSG00000217746.1	AL096800.1	processed_pseudogene	0	0	0	0.0000	0.0000	0.0000
ENSG00000217767.2	NDUFAB1P1	processed_pseudogene	1	0	1	0.1233	0.0306	0.0331
ENSG00000217769.4	AL157777.1	processed_pseudogene	1	1	0	0.1865	0.0463	0.0500
ENSG00000217770.1	FEM1AP3	processed_pseudogene	0	0	0	0.0000	0.0000	0.0000
ENSG00000217776.1	AL138827.1	processed_pseudogene	0	0	0	0.0000	0.0000	0.0000
ENSG00000217783.2	LDHAL6FP	processed_pseudogene	0	0	0	0.0000	0.0000	0.0000
ENSG00000217786.1	AL355379.1	processed_pseudogene	0	0	0	0.0000	0.0000	0.0000
ENSG00000217791.4	ASS1P9	processed_pseudogene	0	0	0	0.0000	0.0000	0.0000
ENSG00000217801.10	AL390719.1	transcribed_unprocessed_pseudogene	269	149	133	6.9246	1.7172	1.8567
ENSG00000217805.2	AL590084.1	processed_pseudogene	0	0	0	0.0000	0.0000	0.0000
ENSG00000217809.1	FAT1P1	processed_pseudogene	0	0	0	0.0000	0.0000	0.0000
ENSG00000217811.1	HNRNPDP2	processed_pseudogene	0	0	0	0.0000	0.0000	0.0000
ENSG00000217824.1	SNRPEP6	processed_pseudogene	0	0	0	0.0000	0.0000	0.0000
ENSG00000217825.2	AC099552.1	lncRNA	0	0	0	0.0000	0.0000	0.0000
ENSG00000217835.3	RBMXP5	processed_pseudogene	1	1	0	0.0625	0.0155	0.0167
ENSG00000217862.2	H4C10P	processed_pseudogene	0	0	0	0.0000	0.0000	0.0000
ENSG00000217874.2	OR4F7P	unprocessed_pseudogene	0	0	0	0.0000	0.0000	0.0000
ENSG00000217878.2	AL136100.1	processed_pseudogene	0	0	0	0.0000	0.0000	0.0000
ENSG00000217889.3	KRT18P48	processed_pseudogene	4	1	4	0.2662	0.0660	0.0714
ENSG00000217896.2	ZNF839P1	processed_pseudogene	0	0	0	0.0000	0.0000	0.0000
ENSG00000217897.2	HSPE1P8	processed_pseudogene	0	0	0	0.0000	0.0000	0.0000
ENSG00000217929.4	CICP18	transcribed_processed_pseudogene	0	0	0	0.0000	0.0000	0.0000
ENSG00000217930.8	PAM16	protein_coding	83	37	46	2.0193	0.5008	0.5414
ENSG00000217950.4	NOC2LP2	processed_pseudogene	5	2	3	0.1459	0.0362	0.0391
ENSG00000218014.1	KRT19P1	processed_pseudogene	45	19	26	2.1517	0.5336	0.5769
ENSG00000218016.2	ZNF192P2	unprocessed_pseudogene	2	1	1	0.0820	0.0203	0.0220
ENSG00000218018.3	RBM38-AS1	lncRNA	23	79	78	0.7436	0.1844	0.1994
ENSG00000218020.3	THAP12P5	transcribed_processed_pseudogene	0	0	0	0.0000	0.0000	0.0000
ENSG00000218027.2	AL512329.1	processed_pseudogene	0	0	0	0.0000	0.0000	0.0000
ENSG00000218029.3	AL078601.1	processed_pseudogene	0	1	0	0.0000	0.0000	0.0000
ENSG00000218048.2	AL121949.1	unprocessed_pseudogene	1	0	1	0.0586	0.0145	0.0157
ENSG00000218049.1	RPL31P33	processed_pseudogene	0	0	0	0.0000	0.0000	0.0000
ENSG00000218052.5	ADAMTS7P4	transcribed_unprocessed_pseudogene	15	10	5	0.1542	0.0382	0.0414
ENSG00000218069.2	RSL24D1P1	processed_pseudogene	0	0	0	0.0000	0.0000	0.0000
ENSG00000218073.1	AL021407.2	processed_pseudogene	16	8	9	1.8670	0.4630	0.5006
ENSG00000218089.1	DNAJA1P4	processed_pseudogene	0	0	0	0.0000	0.0000	0.0000
ENSG00000218107.1	AL136131.1	processed_pseudogene	0	0	0	0.0000	0.0000	0.0000
ENSG00000218109.5	KIRREL3-AS3	lncRNA	0	0	0	0.0000	0.0000	0.0000
ENSG00000218125.1	AP000567.1	unprocessed_pseudogene	0	0	0	0.0000	0.0000	0.0000
ENSG00000218143.2	ERHP2	processed_pseudogene	0	0	0	0.0000	0.0000	0.0000
ENSG00000218153.2	KRT18P22	processed_pseudogene	1	1	0	0.0421	0.0104	0.0113
ENSG00000218173.1	AL356967.1	processed_pseudogene	0	0	0	0.0000	0.0000	0.0000
ENSG00000218175.2	AC016739.1	processed_pseudogene	106	44	62	17.4239	4.3210	4.6719
ENSG00000218180.2	SLC25A5P7	processed_pseudogene	0	0	0	0.0000	0.0000	0.0000
ENSG00000218186.2	KRT8P43	processed_pseudogene	3	2	2	0.1167	0.0289	0.0313
ENSG00000218187.2	AL356432.1	processed_pseudogene	0	0	0	0.0000	0.0000	0.0000
ENSG00000218189.4	POM121L14P	processed_pseudogene	0	0	0	0.0000	0.0000	0.0000
ENSG00000218194.1	HLFP1	processed_pseudogene	0	0	0	0.0000	0.0000	0.0000
ENSG00000218198.3	RPS20P32	processed_pseudogene	0	0	0	0.0000	0.0000	0.0000
ENSG00000218208.1	RPS27AP11	processed_pseudogene	6	4	2	0.7612	0.1888	0.2041
ENSG00000218213.1	FTH1P26	processed_pseudogene	0	0	0	0.0000	0.0000	0.0000
ENSG00000218226.1	TATDN2P2	processed_pseudogene	86	35	58	2.1910	0.5433	0.5875
ENSG00000218227.3	AC136632.1	transcribed_processed_pseudogene	0	0	0	0.0000	0.0000	0.0000
ENSG00000218233.1	NEPNP	unitary_pseudogene	1	1	0	0.0414	0.0103	0.0111
ENSG00000218261.1	RPA3P2	processed_pseudogene	0	0	0	0.0000	0.0000	0.0000
ENSG00000218265.1	RPS4XP7	processed_pseudogene	1	0	1	0.0727	0.0180	0.0195
ENSG00000218274.2	AL121949.2	unprocessed_pseudogene	0	0	0	0.0000	0.0000	0.0000
ENSG00000218281.1	H2AC9P	unprocessed_pseudogene	1	1	0	0.4232	0.1050	0.1135
ENSG00000218283.2	MORF4L1P1	processed_pseudogene	699	352	347	40.9930	10.1659	10.9916
ENSG00000218300.1	RPL22P14	processed_pseudogene	0	0	0	0.0000	0.0000	0.0000
ENSG00000218305.4	CDC14C	protein_coding	0	0	2	0.0000	0.0000	0.0000
ENSG00000218313.1	AL139274.1	processed_pseudogene	1	1	0	0.0606	0.0150	0.0162
ENSG00000218336.9	TENM3	protein_coding	1601	816	855	7.5598	1.8747	2.0270
ENSG00000218337.1	AL589994.1	processed_pseudogene	0	0	0	0.0000	0.0000	0.0000
ENSG00000218347.2	HNRNPA1P1	processed_pseudogene	0	0	0	0.0000	0.0000	0.0000
ENSG00000218350.1	LYPLA1P3	processed_pseudogene	5	1	4	0.4080	0.1012	0.1094
ENSG00000218351.2	RPS3AP23	transcribed_processed_pseudogene	0	0	0	0.0000	0.0000	0.0000
ENSG00000218357.3	LINC01644	lncRNA	530	267	263	27.5746	6.8382	7.3937
ENSG00000218358.2	RAET1K	transcribed_unprocessed_pseudogene	2	1	1	0.0598	0.0148	0.0160
ENSG00000218359.1	SUMO2P13	processed_pseudogene	3	1	2	0.6255	0.1551	0.1677
ENSG00000218363.1	SLC25A20P1	processed_pseudogene	0	0	0	0.0000	0.0000	0.0000
ENSG00000218410.1	AC012078.1	processed_pseudogene	0	0	0	0.0000	0.0000	0.0000
ENSG00000218416.4	AC110619.1	lncRNA	28	13	15	0.4908	0.1217	0.1316
ENSG00000218418.2	AL591135.1	processed_pseudogene	26	16	10	0.2493	0.0618	0.0669
ENSG00000218424.2	NDUFS5P1	processed_pseudogene	0	0	0	0.0000	0.0000	0.0000
ENSG00000218426.5	AL590867.2	processed_pseudogene	110	48	62	13.9555	3.4608	3.7419
ENSG00000218428.1	NIP7P3	processed_pseudogene	3	1	2	0.3303	0.0819	0.0886
ENSG00000218454.2	HNRNPA1P19	processed_pseudogene	0	0	0	0.0000	0.0000	0.0000
ENSG00000218459.1	RPS27P15	processed_pseudogene	1	1	0	0.2250	0.0558	0.0603
ENSG00000218472.2	AL590004.2	processed_pseudogene	0	0	0	0.0000	0.0000	0.0000
ENSG00000218475.2	ACTG1P18	processed_pseudogene	0	0	0	0.0000	0.0000	0.0000
ENSG00000218476.2	AL591416.1	processed_pseudogene	0	0	0	0.0000	0.0000	0.0000
ENSG00000218483.1	AL356277.1	processed_pseudogene	0	0	0	0.0000	0.0000	0.0000
ENSG00000218490.1	FCF1P10	processed_pseudogene	2	0	2	0.2368	0.0587	0.0635
ENSG00000218499.1	AL031003.1	processed_pseudogene	0	0	0	0.0000	0.0000	0.0000
ENSG00000218502.3	H2AZP3	processed_pseudogene	4	2	2	0.5861	0.1454	0.1572
ENSG00000218510.8	LINC00339	lncRNA	78	205	183	1.1752	0.2914	0.3151
ENSG00000218512.2	SPTLC1P2	processed_pseudogene	0	0	0	0.0000	0.0000	0.0000
ENSG00000218520.5	AL450346.2	processed_pseudogene	0	0	0	0.0000	0.0000	0.0000
ENSG00000218521.1	AL589655.1	processed_pseudogene	0	0	0	0.0000	0.0000	0.0000
ENSG00000218536.1	AP002530.1	processed_pseudogene	0	0	0	0.0000	0.0000	0.0000
ENSG00000218537.1	MIF-AS1	lncRNA	56	5590	5698	2.1516	0.5336	0.5769
ENSG00000218549.2	OR4K12P	unprocessed_pseudogene	0	0	0	0.0000	0.0000	0.0000
ENSG00000218561.1	AL353133.1	processed_pseudogene	0	0	0	0.0000	0.0000	0.0000
ENSG00000218565.2	AL592429.1	processed_pseudogene	0	0	0	0.0000	0.0000	0.0000
ENSG00000218574.1	HNRNPA1P37	processed_pseudogene	1	0	1	0.0585	0.0145	0.0157
ENSG00000218577.1	AL035696.2	unprocessed_pseudogene	0	0	0	0.0000	0.0000	0.0000
ENSG00000218582.2	GAPDHP63	processed_pseudogene	4	2	2	0.2253	0.0559	0.0604
ENSG00000218586.3	AC006971.1	processed_pseudogene	11	7	4	0.1391	0.0345	0.0373
ENSG00000218596.2	AL162578.1	processed_pseudogene	1	0	1	0.1500	0.0372	0.0402
ENSG00000218617.1	AL121949.3	processed_pseudogene	0	0	0	0.0000	0.0000	0.0000
ENSG00000218631.1	AL117344.1	processed_pseudogene	9	6	3	0.8286	0.2055	0.2222
ENSG00000218632.3	RPL7P28	processed_pseudogene	1	0	1	0.0766	0.0190	0.0205
ENSG00000218643.2	RPL5P20	processed_pseudogene	0	0	0	0.0000	0.0000	0.0000
ENSG00000218672.1	AC008060.1	lncRNA	0	0	0	0.0000	0.0000	0.0000
ENSG00000218676.1	BRD7P4	processed_pseudogene	1	0	1	0.0373	0.0092	0.0100
ENSG00000218682.1	AC064847.1	processed_pseudogene	0	0	0	0.0000	0.0000	0.0000
ENSG00000218689.2	RPL5P21	processed_pseudogene	0	0	0	0.0000	0.0000	0.0000
ENSG00000218690.2	H2AC10P	transcribed_unprocessed_pseudogene	4	3	1	0.3331	0.0826	0.0893
ENSG00000218698.1	ST13P16	processed_pseudogene	1	1	0	0.0726	0.0180	0.0195
ENSG00000218713.1	AL512378.1	processed_pseudogene	5	4	1	0.1350	0.0335	0.0362
ENSG00000218716.1	RPL12P23	processed_pseudogene	0	0	0	0.0000	0.0000	0.0000
ENSG00000218725.2	B3GALNT2P1	processed_pseudogene	0	0	0	0.0000	0.0000	0.0000
ENSG00000218728.3	KRT18P44	processed_pseudogene	0	0	0	0.0000	0.0000	0.0000
ENSG00000218730.1	AL117342.1	processed_pseudogene	0	0	0	0.0000	0.0000	0.0000
ENSG00000218732.1	AL035633.1	processed_pseudogene	0	0	0	0.0000	0.0000	0.0000
ENSG00000218739.10	CEBPZOS	protein_coding	2101	1845	1783	25.3506	6.2867	6.7973
ENSG00000218748.1	DBIP1	processed_pseudogene	0	0	0	0.0000	0.0000	0.0000
ENSG00000218749.1	AL033519.2	processed_pseudogene	0	0	0	0.0000	0.0000	0.0000
ENSG00000218754.4	RPL18AP8	processed_pseudogene	1	0	1	0.1074	0.0266	0.0288
ENSG00000218757.1	AL121952.1	processed_pseudogene	0	0	0	0.0000	0.0000	0.0000
ENSG00000218766.1	AL450338.1	processed_pseudogene	0	0	0	0.0000	0.0000	0.0000
ENSG00000218772.2	FAM8A6P	processed_pseudogene	0	0	0	0.0000	0.0000	0.0000
ENSG00000218776.4	MTATP6P31	processed_pseudogene	0	0	0	0.0000	0.0000	0.0000
ENSG00000218792.2	HSPD1P16	processed_pseudogene	2	0	2	0.2879	0.0714	0.0772
ENSG00000218793.1	AL049697.3	processed_pseudogene	3	2	4	0.1732	0.0430	0.0465
ENSG00000218803.1	GSTM2P1	processed_pseudogene	0	0	0	0.0000	0.0000	0.0000
ENSG00000218806.2	AL133264.1	processed_pseudogene	0	0	1	0.0000	0.0000	0.0000
ENSG00000218809.1	AL391903.1	unprocessed_pseudogene	1	1	0	0.1554	0.0385	0.0417
ENSG00000218813.1	AL354719.1	processed_pseudogene	0	0	0	0.0000	0.0000	0.0000
ENSG00000218819.6	TDRD15	protein_coding	0	1	0	0.0000	0.0000	0.0000
ENSG00000218823.2	PAPOLB	protein_coding	2	1	1	0.0264	0.0066	0.0071
ENSG00000218834.1	AL606923.1	processed_pseudogene	0	0	0	0.0000	0.0000	0.0000
ENSG00000218839.5	FAM138C	lncRNA	0	0	0	0.0000	0.0000	0.0000
ENSG00000218857.1	AL137222.1	processed_pseudogene	0	0	2	0.0000	0.0000	0.0000
ENSG00000218868.1	CNN3P1	processed_pseudogene	0	0	0	0.0000	0.0000	0.0000
ENSG00000218870.1	SLC25A6P6	processed_pseudogene	0	0	0	0.0000	0.0000	0.0000
ENSG00000218872.1	AL445189.1	processed_pseudogene	0	0	0	0.0000	0.0000	0.0000
ENSG00000218890.1	NUFIP1P1	processed_pseudogene	3	1	2	0.1150	0.0285	0.0308
ENSG00000218891.5	ZNF579	protein_coding	286	131	155	4.8853	1.2115	1.3099
ENSG00000218893.1	SUMO2P12	processed_pseudogene	0	0	0	0.0000	0.0000	0.0000
ENSG00000218896.1	TUBB8P2	processed_pseudogene	0	0	0	0.0000	0.0000	0.0000
ENSG00000218902.3	PTMAP3	processed_pseudogene	20	10	10	3.4370	0.8523	0.9216
ENSG00000218965.1	NACAP7	processed_pseudogene	0	0	0	0.0000	0.0000	0.0000
ENSG00000218976.2	IMPDH1P9	unprocessed_pseudogene	0	0	0	0.0000	0.0000	0.0000
ENSG00000218980.2	FTH1P15	processed_pseudogene	8	5	3	1.6203	0.4018	0.4345
ENSG00000218986.1	AL136087.1	processed_pseudogene	0	0	0	0.0000	0.0000	0.0000
ENSG00000218991.1	CCNG1P1	processed_pseudogene	0	0	0	0.0000	0.0000	0.0000
ENSG00000218996.1	ARL4AP5	processed_pseudogene	3	1	2	0.2840	0.0704	0.0762
ENSG00000219023.1	AL033519.3	processed_pseudogene	3	3	0	0.4340	0.1076	0.1164
ENSG00000219027.2	RPS3AP2	processed_pseudogene	4	2	2	0.3008	0.0746	0.0807
ENSG00000219039.2	AC005102.1	processed_pseudogene	1	1	0	0.1184	0.0294	0.0317
ENSG00000219061.4	TRIM51FP	unprocessed_pseudogene	0	0	0	0.0000	0.0000	0.0000
ENSG00000219073.8	CELA3B	protein_coding	0	0	0	0.0000	0.0000	0.0000
ENSG00000219074.1	SOD1P1	processed_pseudogene	0	0	0	0.0000	0.0000	0.0000
ENSG00000219085.1	NPM1P37	processed_pseudogene	3	1	2	0.1947	0.0483	0.0522
ENSG00000219087.2	MTND4LP19	processed_pseudogene	0	0	0	0.0000	0.0000	0.0000
ENSG00000219088.1	Z97206.1	processed_pseudogene	1	0	1	0.0339	0.0084	0.0091
ENSG00000219095.1	DHFRP6	processed_pseudogene	0	0	0	0.0000	0.0000	0.0000
ENSG00000219102.3	HNRNPA3P12	processed_pseudogene	11	3	8	0.5868	0.1455	0.1574
ENSG00000219133.2	AL592114.1	processed_pseudogene	3	3	0	0.3522	0.0874	0.0944
ENSG00000219135.1	RPL23AP48	processed_pseudogene	2	1	1	0.2324	0.0576	0.0623
ENSG00000219139.1	TYMSP1	processed_pseudogene	0	0	0	0.0000	0.0000	0.0000
ENSG00000219146.1	RPS4XP8	processed_pseudogene	0	0	0	0.0000	0.0000	0.0000
ENSG00000219149.4	PPIAP87	processed_pseudogene	0	0	0	0.0000	0.0000	0.0000
ENSG00000219150.2	AL603914.1	processed_pseudogene	0	0	1	0.0000	0.0000	0.0000
ENSG00000219159.4	AC011298.1	lncRNA	1	0	1	0.0167	0.0041	0.0045
ENSG00000219163.2	HMGB1P20	processed_pseudogene	4	1	3	0.3351	0.0831	0.0898
ENSG00000219186.2	FTH1P19	unprocessed_pseudogene	0	0	0	0.0000	0.0000	0.0000
ENSG00000219188.1	CACYBPP3	processed_pseudogene	0	0	0	0.0000	0.0000	0.0000
ENSG00000219190.1	AL353133.2	processed_pseudogene	0	0	0	0.0000	0.0000	0.0000
ENSG00000219200.12	RNASEK	protein_coding	23	13	14	0.7291	0.1808	0.1955
ENSG00000219201.4	AC138392.1	processed_pseudogene	24	10	14	1.4778	0.3665	0.3962
ENSG00000219222.1	RPL12P47	processed_pseudogene	0	0	0	0.0000	0.0000	0.0000
ENSG00000219240.2	AL353692.1	processed_pseudogene	0	0	1	0.0000	0.0000	0.0000
ENSG00000219249.2	AMZ2P2	processed_pseudogene	0	0	0	0.0000	0.0000	0.0000
ENSG00000219253.1	RPS6P7	processed_pseudogene	0	0	0	0.0000	0.0000	0.0000
ENSG00000219257.2	NPM1P38	processed_pseudogene	1	0	1	0.0656	0.0163	0.0176
ENSG00000219262.1	OR2E1P	unprocessed_pseudogene	0	0	0	0.0000	0.0000	0.0000
ENSG00000219273.1	AL035555.2	processed_pseudogene	0	0	0	0.0000	0.0000	0.0000
ENSG00000219274.1	RPS20P2	processed_pseudogene	6	2	4	0.8747	0.2169	0.2345
ENSG00000219280.1	VN1R8P	processed_pseudogene	0	0	0	0.0000	0.0000	0.0000
ENSG00000219284.2	AL592291.1	unprocessed_pseudogene	0	0	0	0.0000	0.0000	0.0000
ENSG00000219294.6	PIP5K1P1	processed_pseudogene	1	1	0	0.0342	0.0085	0.0092
ENSG00000219297.1	MRPL42P3	processed_pseudogene	0	0	0	0.0000	0.0000	0.0000
ENSG00000219298.1	AL355497.1	processed_pseudogene	0	0	0	0.0000	0.0000	0.0000
ENSG00000219302.2	AL451046.1	processed_pseudogene	0	0	0	0.0000	0.0000	0.0000
ENSG00000219314.1	AL034372.1	processed_pseudogene	0	0	0	0.0000	0.0000	0.0000
ENSG00000219329.1	AL357515.1	processed_pseudogene	0	0	0	0.0000	0.0000	0.0000
ENSG00000219355.2	RPL31P52	processed_pseudogene	4	2	2	0.6181	0.1533	0.1657
ENSG00000219361.1	RPSAP72	processed_pseudogene	1	0	1	0.1584	0.0393	0.0425
ENSG00000219368.3	ZNF299P	processed_pseudogene	0	0	0	0.0000	0.0000	0.0000
ENSG00000219375.1	AL139095.1	processed_pseudogene	0	0	0	0.0000	0.0000	0.0000
ENSG00000219384.1	AL138880.1	processed_pseudogene	0	0	0	0.0000	0.0000	0.0000
ENSG00000219387.2	ATF1P1	processed_pseudogene	0	0	0	0.0000	0.0000	0.0000
ENSG00000219391.1	AC019129.1	processed_pseudogene	1	1	0	0.2173	0.0539	0.0583
ENSG00000219392.1	ZNF602P	unprocessed_pseudogene	8	4	4	0.4910	0.1218	0.1317
ENSG00000219395.2	HSPA8P15	processed_pseudogene	20	10	10	1.4430	0.3578	0.3869
ENSG00000219404.2	AL359694.1	processed_pseudogene	1	2	0	0.0939	0.0233	0.0252
ENSG00000219409.2	AL590704.1	processed_pseudogene	0	0	0	0.0000	0.0000	0.0000
ENSG00000219410.6	AC125494.1	lncRNA	6	1031	1079	0.1418	0.0352	0.0380
ENSG00000219430.2	MBL3P	unprocessed_pseudogene	0	0	0	0.0000	0.0000	0.0000
ENSG00000219433.2	BTBD10P2	processed_pseudogene	6	4	3	0.5033	0.1248	0.1350
ENSG00000219435.6	CATSPERZ	protein_coding	0	0	0	0.0000	0.0000	0.0000
ENSG00000219438.9	TAFA5	protein_coding	666	326	340	12.2626	3.0410	3.2880
ENSG00000219445.2	AC019155.2	lncRNA	0	0	0	0.0000	0.0000	0.0000
ENSG00000219451.3	RPL23P8	processed_pseudogene	10	9	1	1.3250	0.3286	0.3553
ENSG00000219453.1	AL133270.1	processed_pseudogene	0	0	0	0.0000	0.0000	0.0000
ENSG00000219463.1	RPSAP42	processed_pseudogene	0	0	0	0.0000	0.0000	0.0000
ENSG00000219470.1	AL355802.1	processed_pseudogene	35	20	18	2.2504	0.5581	0.6034
ENSG00000219481.10	NBPF1	protein_coding	1602	817	785	7.4394	1.8449	1.9947
ENSG00000219487.2	AL603766.1	processed_pseudogene	2	0	2	0.1708	0.0424	0.0458
ENSG00000219491.7	TPT1P8	transcribed_processed_pseudogene	0	0	0	0.0000	0.0000	0.0000
ENSG00000219492.4	AC116655.1	unprocessed_pseudogene	0	0	0	0.0000	0.0000	0.0000
ENSG00000219500.1	AL391417.1	processed_pseudogene	0	0	0	0.0000	0.0000	0.0000
ENSG00000219507.4	FTH1P8	processed_pseudogene	118	61	57	13.0190	3.2286	3.4908
ENSG00000219529.2	AP000580.1	processed_pseudogene	0	0	0	0.0000	0.0000	0.0000
ENSG00000219532.2	SELENOKP2	processed_pseudogene	3	1	2	0.5887	0.1460	0.1578
ENSG00000219545.11	UMAD1	protein_coding	1206	589	620	18.2282	4.5204	4.8876
ENSG00000219547.1	RPL17P25	processed_pseudogene	0	0	0	0.0000	0.0000	0.0000
ENSG00000219549.1	AL607077.1	processed_pseudogene	0	0	0	0.0000	0.0000	0.0000
ENSG00000219553.2	AL031133.1	processed_pseudogene	1	1	0	0.0784	0.0195	0.0210
ENSG00000219559.1	AL512430.3	processed_pseudogene	1	0	1	0.1286	0.0319	0.0345
ENSG00000219565.2	ZNF259P1	transcribed_processed_pseudogene	1	0	2	0.0115	0.0029	0.0031
ENSG00000219575.1	AL035467.1	processed_pseudogene	0	0	0	0.0000	0.0000	0.0000
ENSG00000219582.3	HNRNPA1P58	processed_pseudogene	0	0	0	0.0000	0.0000	0.0000
ENSG00000219592.2	NCSTNP1	processed_pseudogene	0	0	0	0.0000	0.0000	0.0000
ENSG00000219604.1	AL590143.1	processed_pseudogene	0	0	0	0.0000	0.0000	0.0000
ENSG00000219607.4	PPP1R3G	protein_coding	203	100	103	2.7760	0.6884	0.7443
ENSG00000219608.3	HIGD1AP16	processed_pseudogene	0	0	0	0.0000	0.0000	0.0000
ENSG00000219619.2	AL606845.1	processed_pseudogene	0	0	0	0.0000	0.0000	0.0000
ENSG00000219622.1	AL451061.1	processed_pseudogene	0	0	0	0.0000	0.0000	0.0000
ENSG00000219626.9	FAM228B	protein_coding	295	235	254	3.3955	0.8420	0.9104
ENSG00000219627.1	CYCSP17	processed_pseudogene	0	0	0	0.0000	0.0000	0.0000
ENSG00000219642.2	BMPR1AP1	processed_pseudogene	26	10	16	0.9227	0.2288	0.2474
ENSG00000219653.1	GCNT1P4	processed_pseudogene	0	0	0	0.0000	0.0000	0.0000
ENSG00000219665.8	ZNF433-AS1	lncRNA	104	104	87	1.0013	0.2483	0.2685
ENSG00000219666.2	AL451046.2	processed_pseudogene	0	0	0	0.0000	0.0000	0.0000
ENSG00000219669.1	BECN1P2	processed_pseudogene	0	0	0	0.0000	0.0000	0.0000
ENSG00000219681.2	AL590084.2	processed_pseudogene	0	0	0	0.0000	0.0000	0.0000
ENSG00000219682.4	AL133268.1	processed_pseudogene	2	1	1	0.0810	0.0201	0.0217
ENSG00000219693.3	FGF7P8	unprocessed_pseudogene	8	3	5	1.5537	0.3853	0.4166
ENSG00000219699.2	AL356432.2	unprocessed_pseudogene	0	0	0	0.0000	0.0000	0.0000
ENSG00000219700.1	PTCHD3P3	processed_pseudogene	0	0	0	0.0000	0.0000	0.0000
ENSG00000219702.1	AL078599.1	processed_pseudogene	0	0	0	0.0000	0.0000	0.0000
ENSG00000219703.1	RAP1BP3	processed_pseudogene	0	0	0	0.0000	0.0000	0.0000
ENSG00000219712.1	AL357054.1	processed_pseudogene	0	0	0	0.0000	0.0000	0.0000
ENSG00000219722.1	RPL26P20	processed_pseudogene	0	0	0	0.0000	0.0000	0.0000
ENSG00000219736.1	AL356473.1	processed_pseudogene	1	1	0	0.0403	0.0100	0.0108
ENSG00000219738.2	CD83P1	processed_pseudogene	0	0	0	0.0000	0.0000	0.0000
ENSG00000219747.1	AL133260.1	processed_pseudogene	9	5	4	1.2602	0.3125	0.3379
ENSG00000219755.1	AL137784.1	processed_pseudogene	0	0	0	0.0000	0.0000	0.0000
ENSG00000219757.1	AL357139.1	processed_pseudogene	0	0	0	0.0000	0.0000	0.0000
ENSG00000219758.6	FO393415.1	processed_pseudogene	0	0	0	0.0000	0.0000	0.0000
ENSG00000219770.1	VN1R11P	unitary_pseudogene	0	0	0	0.0000	0.0000	0.0000
ENSG00000219773.1	RPSAP45	processed_pseudogene	1	0	1	0.0649	0.0161	0.0174
ENSG00000219776.2	RPL21P67	processed_pseudogene	0	0	0	0.0000	0.0000	0.0000
ENSG00000219784.2	AL138729.1	processed_pseudogene	0	0	0	0.0000	0.0000	0.0000
ENSG00000219790.3	OSTCP6	processed_pseudogene	1	0	1	0.1241	0.0308	0.0333
ENSG00000219797.2	PPIAP9	processed_pseudogene	2	0	2	0.2278	0.0565	0.0611
ENSG00000219806.1	ATP5PBP6	processed_pseudogene	0	0	0	0.0000	0.0000	0.0000
ENSG00000219807.2	ARF1P1	processed_pseudogene	0	0	0	0.0000	0.0000	0.0000
ENSG00000219814.2	RPL23AP47	processed_pseudogene	1	1	0	0.1233	0.0306	0.0331
ENSG00000219863.5	RPL31P28	processed_pseudogene	0	0	0	0.0000	0.0000	0.0000
ENSG00000219867.1	AL590635.1	processed_pseudogene	0	0	0	0.0000	0.0000	0.0000
ENSG00000219870.2	BRK1P1	processed_pseudogene	1	1	0	0.2555	0.0633	0.0685
ENSG00000219881.1	GAPDHP42	processed_pseudogene	0	0	0	0.0000	0.0000	0.0000
ENSG00000219891.2	ZSCAN12P1	transcribed_unprocessed_pseudogene	231	125	109	7.9059	1.9606	2.1198
ENSG00000219902.1	RPL35P3	processed_pseudogene	3	1	2	0.4586	0.1137	0.1230
ENSG00000219926.11	OR7E104P	transcribed_unprocessed_pseudogene	1	0	1	0.0121	0.0030	0.0033
ENSG00000219928.2	AL161787.1	processed_pseudogene	61	37	24	19.8811	4.9303	5.3308
ENSG00000219930.4	GAPDHP67	processed_pseudogene	0	0	0	0.0000	0.0000	0.0000
ENSG00000219932.6	RPL12P8	processed_pseudogene	2	1	1	0.1956	0.0485	0.0524
ENSG00000219940.2	SPTLC1P3	processed_pseudogene	0	0	0	0.0000	0.0000	0.0000
ENSG00000219941.1	KRT18P50	processed_pseudogene	0	0	0	0.0000	0.0000	0.0000
ENSG00000219951.4	AL391416.1	processed_pseudogene	4	4	0	0.2282	0.0566	0.0612
ENSG00000219986.2	BTF3P7	processed_pseudogene	2	1	1	0.2324	0.0576	0.0623
ENSG00000219992.2	AL391422.1	processed_pseudogene	18	10	8	2.3412	0.5806	0.6278
ENSG00000219993.1	AL138878.1	processed_pseudogene	0	0	0	0.0000	0.0000	0.0000
ENSG00000220008.3	LINGO3	protein_coding	39	21	18	0.9869	0.2447	0.2646
ENSG00000220030.1	AL356131.1	processed_pseudogene	0	0	0	0.0000	0.0000	0.0000
ENSG00000220069.1	RPL7P27	processed_pseudogene	0	0	0	0.0000	0.0000	0.0000
ENSG00000220076.1	AL034345.1	processed_pseudogene	0	0	0	0.0000	0.0000	0.0000
ENSG00000220091.2	LAP3P1	processed_pseudogene	0	0	0	0.0000	0.0000	0.0000
ENSG00000220105.2	AL353151.1	processed_pseudogene	0	0	0	0.0000	0.0000	0.0000
ENSG00000220110.1	AL080315.1	processed_pseudogene	0	0	0	0.0000	0.0000	0.0000
ENSG00000220113.2	MTCYBP4	processed_pseudogene	0	0	0	0.0000	0.0000	0.0000
ENSG00000220125.1	MRPL32P1	processed_pseudogene	0	0	0	0.0000	0.0000	0.0000
ENSG00000220130.1	AL079342.1	processed_pseudogene	0	0	0	0.0000	0.0000	0.0000
ENSG00000220131.1	AL121835.1	processed_pseudogene	0	0	0	0.0000	0.0000	0.0000
ENSG00000220132.1	CPSF1P2	processed_pseudogene	0	0	0	0.0000	0.0000	0.0000
ENSG00000220139.1	AL022722.2	processed_pseudogene	0	0	0	0.0000	0.0000	0.0000
ENSG00000220154.2	AL355796.1	processed_pseudogene	0	0	0	0.0000	0.0000	0.0000
ENSG00000220157.4	HNRNPA1P12	processed_pseudogene	16	8	8	0.9442	0.2341	0.2532
ENSG00000220161.4	LINC02076	lncRNA	55	30	25	1.6670	0.4134	0.4470
ENSG00000220181.1	MTRES1P1	processed_pseudogene	0	0	0	0.0000	0.0000	0.0000
ENSG00000220184.2	HMGB3P18	processed_pseudogene	0	0	0	0.0000	0.0000	0.0000
ENSG00000220201.7	ZGLP1	protein_coding	38	12	26	0.8865	0.2198	0.2377
ENSG00000220204.1	AL035079.1	processed_pseudogene	0	0	0	0.0000	0.0000	0.0000
ENSG00000220205.9	VAMP2	protein_coding	4240	2116	2128	74.1902	18.3984	19.8929
ENSG00000220212.1	OR4F1P	unprocessed_pseudogene	0	0	0	0.0000	0.0000	0.0000
ENSG00000220237.1	RPS24P12	processed_pseudogene	5	2	3	0.7197	0.1785	0.1930
ENSG00000220240.1	AL157777.2	unprocessed_pseudogene	0	0	0	0.0000	0.0000	0.0000
ENSG00000220248.1	ZNF402P	processed_pseudogene	0	0	0	0.0000	0.0000	0.0000
ENSG00000220256.4	AC093802.1	lncRNA	1	1	0	0.0083	0.0021	0.0022
ENSG00000220267.1	ACTBP8	processed_pseudogene	0	0	0	0.0000	0.0000	0.0000
ENSG00000220291.1	AL139806.1	unprocessed_pseudogene	0	0	0	0.0000	0.0000	0.0000
ENSG00000220305.1	HNRNPH1P1	processed_pseudogene	14	7	7	0.6700	0.1662	0.1796
ENSG00000220311.1	RPL35AP18	processed_pseudogene	0	0	0	0.0000	0.0000	0.0000
ENSG00000220323.4	H2BC19P	transcribed_unprocessed_pseudogene	85	247	222	1.3345	0.3310	0.3578
ENSG00000220326.2	AL603865.2	processed_pseudogene	1	1	0	0.2662	0.0660	0.0714
ENSG00000220340.1	MTCO1P56	processed_pseudogene	0	0	0	0.0000	0.0000	0.0000
ENSG00000220343.5	PPIAP74	processed_pseudogene	0	0	0	0.0000	0.0000	0.0000
ENSG00000220347.1	H3P28	processed_pseudogene	0	0	0	0.0000	0.0000	0.0000
ENSG00000220349.4	Z85996.1	processed_pseudogene	1	0	1	0.0605	0.0150	0.0162
ENSG00000220370.1	AL078595.1	processed_pseudogene	0	0	0	0.0000	0.0000	0.0000
ENSG00000220377.1	GSTA8P	unprocessed_pseudogene	0	0	0	0.0000	0.0000	0.0000
ENSG00000220378.3	KRT8P42	processed_pseudogene	6	4	3	0.2432	0.0603	0.0652
ENSG00000220392.1	FCF1P5	processed_pseudogene	2	1	1	0.2353	0.0584	0.0631
ENSG00000220412.1	AL356234.1	processed_pseudogene	3	1	2	0.0956	0.0237	0.0256
ENSG00000220418.1	TUBB3P1	processed_pseudogene	0	0	0	0.0000	0.0000	0.0000
ENSG00000220446.2	AL121978.1	processed_pseudogene	0	0	0	0.0000	0.0000	0.0000
ENSG00000220447.1	AL139098.1	processed_pseudogene	0	0	0	0.0000	0.0000	0.0000
ENSG00000220472.1	AL139095.2	processed_pseudogene	9	5	5	0.6992	0.1734	0.1875
ENSG00000220483.4	SLC25A51P1	processed_pseudogene	0	0	0	0.0000	0.0000	0.0000
ENSG00000220494.4	YAP1P1	processed_pseudogene	0	0	0	0.0000	0.0000	0.0000
ENSG00000220505.2	EIF4EBP2P3	processed_pseudogene	0	0	0	0.0000	0.0000	0.0000
ENSG00000220506.2	AL136310.1	processed_pseudogene	2	1	1	0.1734	0.0430	0.0465
ENSG00000220514.1	MTND4LP20	processed_pseudogene	0	0	0	0.0000	0.0000	0.0000
ENSG00000220515.2	PGAM1P10	processed_pseudogene	0	0	0	0.0000	0.0000	0.0000
ENSG00000220517.2	ASS1P1	processed_pseudogene	14	10	4	0.6418	0.1592	0.1721
ENSG00000220522.2	AL590002.1	processed_pseudogene	0	0	0	0.0000	0.0000	0.0000
ENSG00000220537.1	AL121977.1	processed_pseudogene	0	0	0	0.0000	0.0000	0.0000
ENSG00000220540.1	AL359511.1	processed_pseudogene	0	0	0	0.0000	0.0000	0.0000
ENSG00000220541.4	PPIHP2	processed_pseudogene	1	1	0	0.1116	0.0277	0.0299
ENSG00000220553.1	RPL5P19	processed_pseudogene	0	0	0	0.0000	0.0000	0.0000
ENSG00000220556.4	AL035690.1	processed_pseudogene	0	0	0	0.0000	0.0000	0.0000
ENSG00000220557.1	HMGB1P13	processed_pseudogene	0	0	0	0.0000	0.0000	0.0000
ENSG00000220563.1	PKMP3	transcribed_processed_pseudogene	0	0	0	0.0000	0.0000	0.0000
ENSG00000220575.8	HTR5A-AS1	lncRNA	0	0	0	0.0000	0.0000	0.0000
ENSG00000220581.1	VN1R12P	unitary_pseudogene	1	0	1	0.0647	0.0161	0.0174
ENSG00000220583.1	RPL35P2	processed_pseudogene	0	13	9	0.0000	0.0000	0.0000
ENSG00000220585.4	DDX18P6	processed_pseudogene	0	0	0	0.0000	0.0000	0.0000
ENSG00000220586.2	TUBBP9	transcribed_processed_pseudogene	0	0	0	0.0000	0.0000	0.0000
ENSG00000220598.1	SSR1P1	processed_pseudogene	0	0	0	0.0000	0.0000	0.0000
ENSG00000220600.2	AL121834.1	transcribed_processed_pseudogene	1	1	0	0.1114	0.0276	0.0299
ENSG00000220614.1	AL583834.1	processed_pseudogene	8	3	5	1.3227	0.3280	0.3547
ENSG00000220635.2	KRASP1	processed_pseudogene	0	0	0	0.0000	0.0000	0.0000
ENSG00000220643.1	AL031577.1	processed_pseudogene	1	0	1	0.2025	0.0502	0.0543
ENSG00000220660.2	AL023284.3	transcribed_processed_pseudogene	2	1	1	0.1362	0.0338	0.0365
ENSG00000220666.2	RCC2P7	processed_pseudogene	0	0	0	0.0000	0.0000	0.0000
ENSG00000220685.3	AL139094.1	processed_pseudogene	6	4	2	0.2864	0.0710	0.0768
ENSG00000220694.2	AL096711.1	processed_pseudogene	0	0	0	0.0000	0.0000	0.0000
ENSG00000220695.1	Z86062.1	processed_pseudogene	0	0	0	0.0000	0.0000	0.0000
ENSG00000220702.1	Z85994.1	lncRNA	0	0	0	0.0000	0.0000	0.0000
ENSG00000220721.2	OR1F12	unprocessed_pseudogene	1	0	1	0.0600	0.0149	0.0161
ENSG00000220725.1	AL590290.1	processed_pseudogene	0	0	0	0.0000	0.0000	0.0000
ENSG00000220730.2	H3P27	processed_pseudogene	0	0	0	0.0000	0.0000	0.0000
ENSG00000220733.1	MTND3P20	processed_pseudogene	0	0	0	0.0000	0.0000	0.0000
ENSG00000220734.1	AL157823.1	processed_pseudogene	1	0	1	0.0903	0.0224	0.0242
ENSG00000220739.2	AL513475.2	processed_pseudogene	0	0	0	0.0000	0.0000	0.0000
ENSG00000220744.1	RPL5P18	processed_pseudogene	1	1	0	0.0636	0.0158	0.0171
ENSG00000220745.2	AL080276.1	processed_pseudogene	0	0	0	0.0000	0.0000	0.0000
ENSG00000220748.2	AL032822.1	processed_pseudogene	0	0	0	0.0000	0.0000	0.0000
ENSG00000220749.4	RPL21P28	processed_pseudogene	118	60	58	13.8546	3.4358	3.7149
ENSG00000220758.4	VN1R10P	unprocessed_pseudogene	0	0	0	0.0000	0.0000	0.0000
ENSG00000220771.2	BOLA2P3	processed_pseudogene	0	0	0	0.0000	0.0000	0.0000
ENSG00000220773.1	RPSAP44	processed_pseudogene	0	0	0	0.0000	0.0000	0.0000
ENSG00000220785.7	MTMR9LP	transcribed_unprocessed_pseudogene	261	171	214	4.9988	1.2396	1.3403
ENSG00000220793.5	RPL21P119	processed_pseudogene	4	2	2	0.4726	0.1172	0.1267
ENSG00000220804.8	LINC01881	transcribed_unprocessed_pseudogene	86	45	41	2.5257	0.6263	0.6772
ENSG00000220831.4	NDUFA5P9	processed_pseudogene	0	0	0	0.0000	0.0000	0.0000
ENSG00000220842.6	RPL21P16	processed_pseudogene	15	10	5	1.7612	0.4368	0.4722
ENSG00000220848.5	RPS18P9	transcribed_processed_pseudogene	334	284	269	10.9804	2.7230	2.9442
ENSG00000220867.1	HSPE1P26	processed_pseudogene	1	1	0	0.2062	0.0511	0.0553
ENSG00000220868.2	MRPL35P1	processed_pseudogene	0	0	0	0.0000	0.0000	0.0000
ENSG00000220871.1	DNAJC19P6	processed_pseudogene	0	0	0	0.0000	0.0000	0.0000
ENSG00000220875.1	H3C9P	processed_pseudogene	10	5	5	1.3600	0.3373	0.3646
ENSG00000220884.2	MESTP1	processed_pseudogene	1	0	1	0.0571	0.0141	0.0153
ENSG00000220891.1	LL22NC03-63E9.3	lncRNA	0	0	0	0.0000	0.0000	0.0000
ENSG00000220908.2	LINC02531	lncRNA	0	0	0	0.0000	0.0000	0.0000
ENSG00000220913.1	AL391361.1	unprocessed_pseudogene	0	0	0	0.0000	0.0000	0.0000
ENSG00000220918.1	AL132875.1	processed_pseudogene	0	0	0	0.0000	0.0000	0.0000
ENSG00000220920.1	AL023807.1	unprocessed_pseudogene	14	8	6	2.2115	0.5484	0.5930
ENSG00000220924.4	OSTCP4	processed_pseudogene	1	1	0	0.1263	0.0313	0.0339
ENSG00000220925.2	IGBP1-AS2	lncRNA	0	589	553	0.0000	0.0000	0.0000
ENSG00000220937.3	HNRNPA1P41	processed_pseudogene	0	0	0	0.0000	0.0000	0.0000
ENSG00000220948.5	TRIM51GP	protein_coding	0	0	0	0.0000	0.0000	0.0000
ENSG00000220949.2	AC008543.2	unprocessed_pseudogene	0	0	1	0.0000	0.0000	0.0000
ENSG00000220960.1	AL079342.2	processed_pseudogene	0	0	0	0.0000	0.0000	0.0000
ENSG00000220986.1	AC010273.1	snoRNA	0	0	0	0.0000	0.0000	0.0000
ENSG00000220988.1	SNORD88C	snoRNA	0	0	0	0.0000	0.0000	0.0000
ENSG00000221015.1	RNU6ATAC29P	snRNA	0	0	0	0.0000	0.0000	0.0000
ENSG00000221017.1	MIR1323	miRNA	0	0	0	0.0000	0.0000	0.0000
ENSG00000221023.1	RNU6ATAC19P	snRNA	0	0	0	0.0000	0.0000	0.0000
ENSG00000221025.1	MIR1250	miRNA	2	2	0	1.0037	0.2489	0.2691
ENSG00000221028.1	MIR1231	miRNA	0	0	0	0.0000	0.0000	0.0000
ENSG00000221031.1	AC104389.1	ribozyme	0	0	0	0.0000	0.0000	0.0000
ENSG00000221033.1	MIR1272	miRNA	1	0	1	0.4396	0.1090	0.1179
ENSG00000221036.5	MIR1193	miRNA	0	0	0	0.0000	0.0000	0.0000
ENSG00000221038.1	RNU6ATAC7P	snRNA	1	0	1	0.4465	0.1107	0.1197
ENSG00000221039.3	MIR1286	miRNA	0	0	0	0.0000	0.0000	0.0000
ENSG00000221040.2	U3	snoRNA	0	0	0	0.0000	0.0000	0.0000
ENSG00000221042.1	AL158040.1	ribozyme	0	0	0	0.0000	0.0000	0.0000
ENSG00000221043.2	U3	snoRNA	0	0	0	0.0000	0.0000	0.0000
ENSG00000221044.2	U3	snoRNA	2	0	2	0.5560	0.1379	0.1491
ENSG00000221046.1	RNU6ATAC38P	snRNA	1	1	0	0.4501	0.1116	0.1207
ENSG00000221052.3	MIR1266	miRNA	0	0	0	0.0000	0.0000	0.0000
ENSG00000221055.1	MIR1302-3	miRNA	0	0	0	0.0000	0.0000	0.0000
ENSG00000221059.1	RNU6ATAC6P	snRNA	0	0	0	0.0000	0.0000	0.0000
ENSG00000221060.1	AL157789.1	snoRNA	0	0	0	0.0000	0.0000	0.0000
ENSG00000221063.3	MIR1296	miRNA	0	0	0	0.0000	0.0000	0.0000
ENSG00000221065.1	MIR1233-2	miRNA	0	0	0	0.0000	0.0000	0.0000
ENSG00000221066.1	SNORD111	snoRNA	0	0	0	0.0000	0.0000	0.0000
ENSG00000221081.1	MIR320D2	miRNA	0	0	0	0.0000	0.0000	0.0000
ENSG00000221083.1	AL096855.1	snoRNA	0	0	0	0.0000	0.0000	0.0000
ENSG00000221091.1	MIR1302-5	miRNA	0	0	0	0.0000	0.0000	0.0000
ENSG00000221093.1	AC107376.1	snoRNA	0	0	0	0.0000	0.0000	0.0000
ENSG00000221102.1	SNORA11B	snoRNA	1	1	0	0.4396	0.1090	0.1179
ENSG00000221114.1	RNU6ATAC30P	snRNA	0	0	0	0.0000	0.0000	0.0000
ENSG00000221116.1	SNORD110	snoRNA	0	0	0	0.0000	0.0000	0.0000
ENSG00000221120.1	MIR1224	miRNA	0	0	0	0.0000	0.0000	0.0000
ENSG00000221125.2	U3	snoRNA	0	0	0	0.0000	0.0000	0.0000
ENSG00000221139.1	AC011774.1	snoRNA	0	0	0	0.0000	0.0000	0.0000
ENSG00000221148.1	AC090679.1	snoRNA	0	0	0	0.0000	0.0000	0.0000
ENSG00000221164.1	SNORA11F	snoRNA	13	5	8	5.7596	1.4283	1.5443
ENSG00000221176.1	MIR1207	miRNA	0	0	0	0.0000	0.0000	0.0000
ENSG00000221184.1	AL513534.1	miRNA	16	8	8	9.3542	2.3198	2.5082
ENSG00000221187.1	MIR548M	miRNA	0	0	0	0.0000	0.0000	0.0000
ENSG00000221190.1	MIR1184-2	miRNA	0	0	1	0.0000	0.0000	0.0000
ENSG00000221200.1	MIR1253	miRNA	0	0	0	0.0000	0.0000	0.0000
ENSG00000221203.1	MIR1262	miRNA	0	0	0	0.0000	0.0000	0.0000
ENSG00000221206.1	RNU6ATAC15P	snRNA	0	0	0	0.0000	0.0000	0.0000
ENSG00000221214.1	MIR548E	miRNA	0	0	0	0.0000	0.0000	0.0000
ENSG00000221216.1	RNU6ATAC27P	snRNA	1	0	1	0.4766	0.1182	0.1278
ENSG00000221227.1	MIR1305	miRNA	0	0	0	0.0000	0.0000	0.0000
ENSG00000221230.1	MIR548L	miRNA	0	0	0	0.0000	0.0000	0.0000
ENSG00000221238.1	MIR1285-2	miRNA	0	0	0	0.0000	0.0000	0.0000
ENSG00000221240.1	MIR1258	miRNA	0	0	0	0.0000	0.0000	0.0000
ENSG00000221241.1	SNORD88A	snoRNA	0	0	0	0.0000	0.0000	0.0000
ENSG00000221245.1	AC080089.1	snoRNA	2	2	0	0.8931	0.2215	0.2395
ENSG00000221251.1	MIR1263	miRNA	0	0	0	0.0000	0.0000	0.0000
ENSG00000221255.1	RNU6ATAC37P	snRNA	0	0	0	0.0000	0.0000	0.0000
ENSG00000221261.1	MIR1208	miRNA	1	0	1	0.7768	0.1927	0.2083
ENSG00000221263.1	MIR548P	miRNA	1	0	1	0.6751	0.1674	0.1810
ENSG00000221264.1	MIR1284	miRNA	0	0	0	0.0000	0.0000	0.0000
ENSG00000221265.1	MIR1255A	miRNA	0	0	0	0.0000	0.0000	0.0000
ENSG00000221269.1	MIR1302-8	miRNA	1	1	0	0.4430	0.1099	0.1188
ENSG00000221273.1	MIR1237	miRNA	0	0	0	0.0000	0.0000	0.0000
ENSG00000221275.1	MIR548I2	miRNA	0	0	0	0.0000	0.0000	0.0000
ENSG00000221287.1	MIR1289-2	miRNA	0	0	0	0.0000	0.0000	0.0000
ENSG00000221288.1	MIR663B	miRNA	0	0	0	0.0000	0.0000	0.0000
ENSG00000221296.2	MIR548T	miRNA	0	0	0	0.0000	0.0000	0.0000
ENSG00000221300.1	AC025750.2	snoRNA	0	0	0	0.0000	0.0000	0.0000
ENSG00000221303.1	SNORA79	snoRNA	0	0	0	0.0000	0.0000	0.0000
ENSG00000221305.1	MIR548I3	miRNA	0	0	0	0.0000	0.0000	0.0000
ENSG00000221325.1	MIR1200	miRNA	0	0	0	0.0000	0.0000	0.0000
ENSG00000221331.1	MIR548Q	miRNA	1	0	1	0.5671	0.1406	0.1521
ENSG00000221332.2	U3	snoRNA	0	3	0	0.0000	0.0000	0.0000
ENSG00000221333.1	MIR548K	miRNA	1	1	0	0.4889	0.1212	0.1311
ENSG00000221340.1	RNU6ATAC18P	snRNA	2	1	1	1.1230	0.2785	0.3011
ENSG00000221345.2	U3	snoRNA	0	0	0	0.0000	0.0000	0.0000
ENSG00000221348.1	MIR548F5	miRNA	0	0	0	0.0000	0.0000	0.0000
ENSG00000221355.1	MIR1288	miRNA	0	0	0	0.0000	0.0000	0.0000
ENSG00000221363.1	RNU6ATAC20P	snRNA	0	0	0	0.0000	0.0000	0.0000
ENSG00000221365.1	MIR1228	miRNA	0	0	0	0.0000	0.0000	0.0000
ENSG00000221369.1	MIR548G	miRNA	0	0	0	0.0000	0.0000	0.0000
ENSG00000221371.1	MIR1265	miRNA	0	0	0	0.0000	0.0000	0.0000
ENSG00000221375.1	RNU6ATAC23P	snRNA	0	0	0	0.0000	0.0000	0.0000
ENSG00000221381.1	SNORD88B	snoRNA	0	0	0	0.0000	0.0000	0.0000
ENSG00000221387.1	RNU6ATAC8P	snRNA	1	1	0	0.4501	0.1116	0.1207
ENSG00000221390.1	MIR1295A	miRNA	0	0	0	0.0000	0.0000	0.0000
ENSG00000221393.1	MIR1302-6	miRNA	0	0	0	0.0000	0.0000	0.0000
ENSG00000221394.1	MIR1229	miRNA	0	0	0	0.0000	0.0000	0.0000
ENSG00000221398.1	AP000324.1	snoRNA	0	0	0	0.0000	0.0000	0.0000
ENSG00000221400.2	SNORD3J	snoRNA	0	0	0	0.0000	0.0000	0.0000
ENSG00000221406.1	MIR320B2	miRNA	3	3	0	1.2328	0.3057	0.3306
ENSG00000221410.1	MIR1238	miRNA	0	0	0	0.0000	0.0000	0.0000
ENSG00000221411.1	MIR1227	miRNA	0	0	0	0.0000	0.0000	0.0000
ENSG00000221420.2	SNORA81	snoRNA	0	0	0	0.0000	0.0000	0.0000
ENSG00000221421.1	MIR1283-1	miRNA	0	0	0	0.0000	0.0000	0.0000
ENSG00000221430.1	MIR1294	miRNA	0	0	0	0.0000	0.0000	0.0000
ENSG00000221436.1	MIR548F3	miRNA	0	0	0	0.0000	0.0000	0.0000
ENSG00000221439.1	RNU4ATAC16P	snRNA	1	1	0	0.4501	0.1116	0.1207
ENSG00000221440.1	RNU6ATAC31P	snRNA	1	0	1	0.4501	0.1116	0.1207
ENSG00000221442.1	MIR548F4	miRNA	0	0	0	0.0000	0.0000	0.0000
ENSG00000221445.3	MIR1301	miRNA	0	0	0	0.0000	0.0000	0.0000
ENSG00000221455.2	U3	snoRNA	0	0	0	0.0000	0.0000	0.0000
ENSG00000221456.1	MIR1202	miRNA	0	0	0	0.0000	0.0000	0.0000
ENSG00000221459.1	SNORA11C	snoRNA	0	0	0	0.0000	0.0000	0.0000
ENSG00000221461.2	U3	snoRNA	0	1	0	0.0000	0.0000	0.0000
ENSG00000221463.3	MIR1277	miRNA	0	0	0	0.0000	0.0000	0.0000
ENSG00000221464.1	MIR1271	miRNA	0	0	0	0.0000	0.0000	0.0000
ENSG00000221466.2	MIR548AJ2	miRNA	0	0	0	0.0000	0.0000	0.0000
ENSG00000221468.1	RNU6ATAC11P	snRNA	0	0	0	0.0000	0.0000	0.0000
ENSG00000221475.1	SNORA11D	snoRNA	0	0	0	0.0000	0.0000	0.0000
ENSG00000221476.2	MIR1827	miRNA	0	0	0	0.0000	0.0000	0.0000
ENSG00000221479.3	MIR1251	miRNA	0	0	0	0.0000	0.0000	0.0000
ENSG00000221491.2	SNORA2C	snoRNA	1	0	1	0.4139	0.1027	0.1110
ENSG00000221493.1	MIR320C1	miRNA	0	0	0	0.0000	0.0000	0.0000
ENSG00000221494.1	MIR548I4	miRNA	0	0	0	0.0000	0.0000	0.0000
ENSG00000221496.2	U3	snoRNA	0	0	1	0.0000	0.0000	0.0000
ENSG00000221498.1	AC064871.1	snoRNA	0	0	0	0.0000	0.0000	0.0000
ENSG00000221500.1	SNORD100	snoRNA	15	6	9	11.1928	2.7757	3.0012
ENSG00000221502.1	MIR1245A	miRNA	0	0	2	0.0000	0.0000	0.0000
ENSG00000221507.1	RNU6ATAC40P	snRNA	0	0	0	0.0000	0.0000	0.0000
ENSG00000221510.1	MIR548O	miRNA	0	0	0	0.0000	0.0000	0.0000
ENSG00000221514.1	SNORD111B	snoRNA	0	0	0	0.0000	0.0000	0.0000
ENSG00000221518.1	RNU6ATAC16P	snRNA	2	0	2	0.8219	0.2038	0.2204
ENSG00000221520.1	MIR1285-1	miRNA	4	0	4	2.7005	0.6697	0.7241
ENSG00000221525.1	MIR1185-1	miRNA	0	0	0	0.0000	0.0000	0.0000
ENSG00000221527.1	RNU6ATAC41P	snRNA	0	0	0	0.0000	0.0000	0.0000
ENSG00000221533.1	MIR1184-1	miRNA	0	14	15	0.0000	0.0000	0.0000
ENSG00000221537.1	MIR548H1	miRNA	0	0	0	0.0000	0.0000	0.0000
ENSG00000221539.1	SNORD99	snoRNA	16	8	8	12.2616	3.0408	3.2877
ENSG00000221540.1	MIR1180	miRNA	0	0	0	0.0000	0.0000	0.0000
ENSG00000221545.1	MIR1255B2	miRNA	0	0	0	0.0000	0.0000	0.0000
ENSG00000221548.1	MIR1283-2	miRNA	0	0	0	0.0000	0.0000	0.0000
ENSG00000221552.1	MIR1303	miRNA	1	1	0	0.6594	0.1635	0.1768
ENSG00000221562.1	RNU6ATAC10P	snRNA	0	0	0	0.0000	0.0000	0.0000
ENSG00000221563.1	MIR1269A	miRNA	0	0	0	0.0000	0.0000	0.0000
ENSG00000221564.1	RNU6ATAC42P	snRNA	1	1	0	0.5969	0.1480	0.1601
ENSG00000221571.3	RNU6ATAC35P	lncRNA	0	0	0	0.0000	0.0000	0.0000
ENSG00000221574.1	RNU6ATAC33P	snRNA	0	0	0	0.0000	0.0000	0.0000
ENSG00000221583.1	RNU6ATAC21P	snRNA	0	0	0	0.0000	0.0000	0.0000
ENSG00000221585.1	MIR1226	miRNA	0	0	0	0.0000	0.0000	0.0000
ENSG00000221586.1	MIR1261	miRNA	0	0	0	0.0000	0.0000	0.0000
ENSG00000221594.1	MIR548F1	miRNA	0	0	0	0.0000	0.0000	0.0000
ENSG00000221598.3	MIR1249	miRNA	1	1	0	0.8592	0.2131	0.2304
ENSG00000221601.1	RNU4ATAC2P	snRNA	0	0	0	0.0000	0.0000	0.0000
ENSG00000221603.1	MIR1184-3	miRNA	0	0	1	0.0000	0.0000	0.0000
ENSG00000221604.1	MIR1293	miRNA	1	1	0	0.7987	0.1981	0.2142
ENSG00000221611.1	AC007688.1	snoRNA	8	5	4	4.9855	1.2364	1.3368
ENSG00000221614.1	MIR1185-2	miRNA	0	0	0	0.0000	0.0000	0.0000
ENSG00000221616.1	MIR548H4	miRNA	0	0	0	0.0000	0.0000	0.0000
ENSG00000221628.1	MIR1302-4	miRNA	0	0	0	0.0000	0.0000	0.0000
ENSG00000221630.3	MIR1179	miRNA	0	0	0	0.0000	0.0000	0.0000
ENSG00000221633.2	U3	snoRNA	0	0	0	0.0000	0.0000	0.0000
ENSG00000221634.1	MIR1276	miRNA	0	0	0	0.0000	0.0000	0.0000
ENSG00000221638.2	U3	snoRNA	0	0	0	0.0000	0.0000	0.0000
ENSG00000221639.1	AC053527.1	snoRNA	2	1	1	0.9074	0.2250	0.2433
ENSG00000221641.1	MIR1268A	miRNA	0	0	0	0.0000	0.0000	0.0000
ENSG00000221643.1	SNORA77	snoRNA	2	1	1	0.9074	0.2250	0.2433
ENSG00000221649.1	MIR1233-1	miRNA	0	0	0	0.0000	0.0000	0.0000
ENSG00000221650.1	MIR1267	miRNA	0	0	0	0.0000	0.0000	0.0000
ENSG00000221656.1	MIR1225	miRNA	0	0	0	0.0000	0.0000	0.0000
ENSG00000221662.1	MIR1290	miRNA	0	0	0	0.0000	0.0000	0.0000
ENSG00000221669.1	MIR548N	miRNA	0	0	0	0.0000	0.0000	0.0000
ENSG00000221673.2	U3	snoRNA	0	0	0	0.0000	0.0000	0.0000
ENSG00000221676.1	RNU6ATAC	snRNA	0	0	0	0.0000	0.0000	0.0000
ENSG00000221680.1	MIR1278	miRNA	0	0	0	0.0000	0.0000	0.0000
ENSG00000221697.1	MIR1275	miRNA	0	0	0	0.0000	0.0000	0.0000
ENSG00000221698.1	MIR548H3	miRNA	0	0	0	0.0000	0.0000	0.0000
ENSG00000221703.1	MIR302E	miRNA	0	0	0	0.0000	0.0000	0.0000
ENSG00000221705.1	SNORA11E	snoRNA	0	0	0	0.0000	0.0000	0.0000
ENSG00000221710.1	MIR1298	miRNA	0	0	0	0.0000	0.0000	0.0000
ENSG00000221711.1	AC104701.1	snoRNA	0	0	0	0.0000	0.0000	0.0000
ENSG00000221716.1	SNORA11	snoRNA	36	24	12	15.9497	3.9554	4.2766
ENSG00000221719.1	SNORA3C	snoRNA	0	0	0	0.0000	0.0000	0.0000
ENSG00000221725.1	RNU6ATAC25P	snRNA	0	0	0	0.0000	0.0000	0.0000
ENSG00000221737.1	MIR548I1	miRNA	0	0	0	0.0000	0.0000	0.0000
ENSG00000221739.1	MIR1203	miRNA	0	0	0	0.0000	0.0000	0.0000
ENSG00000221740.1	SNORD93	snoRNA	1	1	0	0.7664	0.1900	0.2055
ENSG00000221745.3	MIR1197	miRNA	0	0	0	0.0000	0.0000	0.0000
ENSG00000221750.1	SNORA11G	snoRNA	0	0	0	0.0000	0.0000	0.0000
ENSG00000221753.1	AC021590.1	miRNA	0	0	0	0.0000	0.0000	0.0000
ENSG00000221754.1	MIR1260A	miRNA	0	1	0	0.0000	0.0000	0.0000
ENSG00000221760.1	MIR548J	miRNA	0	0	0	0.0000	0.0000	0.0000
ENSG00000221763.1	MIR1289-1	miRNA	0	0	0	0.0000	0.0000	0.0000
ENSG00000221768.2	MIR1302-7	miRNA	0	0	0	0.0000	0.0000	0.0000
ENSG00000221771.1	MIR1205	miRNA	1	1	0	0.9002	0.2232	0.2414
ENSG00000221782.1	MIR548F2	miRNA	0	0	0	0.0000	0.0000	0.0000
ENSG00000221783.1	MIR1183	miRNA	0	0	0	0.0000	0.0000	0.0000
ENSG00000221788.1	MIR1252	miRNA	0	0	0	0.0000	0.0000	0.0000
ENSG00000221792.1	MIR1282	miRNA	0	5922	4737	0.0000	0.0000	0.0000
ENSG00000221801.1	MIR548H2	miRNA	0	0	0	0.0000	0.0000	0.0000
ENSG00000221803.1	SNORD23	snoRNA	0	0	0	0.0000	0.0000	0.0000
ENSG00000221806.1	RNU6ATAC34P	snRNA	0	0	0	0.0000	0.0000	0.0000
ENSG00000221808.1	MIR1256	miRNA	0	0	0	0.0000	0.0000	0.0000
ENSG00000221813.4	OR6B1	protein_coding	0	0	0	0.0000	0.0000	0.0000
ENSG00000221817.10	PPP3CB-AS1	lncRNA	253	587	571	2.4875	0.6169	0.6670
ENSG00000221818.9	EBF2	protein_coding	185	91	94	1.4781	0.3665	0.3963
ENSG00000221819.6	GAS8-AS1	lncRNA	8	4	8	0.4564	0.1132	0.1224
ENSG00000221821.4	C6orf226	protein_coding	304	158	146	30.9512	7.6756	8.2991
ENSG00000221823.11	PPP3R1	protein_coding	2723	2517	2411	45.9041	11.3837	12.3084
ENSG00000221826.10	PSG3	protein_coding	0	0	0	0.0000	0.0000	0.0000
ENSG00000221829.10	FANCG	protein_coding	24	13	11	0.3845	0.0953	0.1031
ENSG00000221836.3	OR2A5	protein_coding	1	1	0	0.0065	0.0016	0.0018
ENSG00000221837.6	KRTAP10-9	protein_coding	0	0	0	0.0000	0.0000	0.0000
ENSG00000221838.10	AP4M1	protein_coding	1278	1532	1507	15.3484	3.8063	4.1154
ENSG00000221840.4	OR4A5	protein_coding	0	0	0	0.0000	0.0000	0.0000
ENSG00000221843.4	C2orf16	protein_coding	102	55	47	0.3527	0.0875	0.0946
ENSG00000221844.2	DPP3P2	processed_pseudogene	0	0	0	0.0000	0.0000	0.0000
ENSG00000221845.4	C7orf65	lncRNA	0	0	0	0.0000	0.0000	0.0000
ENSG00000221849.2	AC018880.1	processed_pseudogene	0	0	0	0.0000	0.0000	0.0000
ENSG00000221852.5	KRTAP1-5	protein_coding	8	4	4	0.3835	0.0951	0.1028
ENSG00000221855.1	TAS2R41	protein_coding	0	0	0	0.0000	0.0000	0.0000
ENSG00000221857.7	AC020907.2	lncRNA	0	0	0	0.0000	0.0000	0.0000
ENSG00000221858.3	OR2A12	protein_coding	0	0	0	0.0000	0.0000	0.0000
ENSG00000221859.2	KRTAP10-10	protein_coding	0	0	0	0.0000	0.0000	0.0000
ENSG00000221864.4	KRTAP12-2	protein_coding	0	0	0	0.0000	0.0000	0.0000
ENSG00000221866.9	PLXNA4	protein_coding	254	119	135	0.8798	0.2182	0.2359
ENSG00000221867.9	MAGEA3	protein_coding	1	0	1	0.0320	0.0079	0.0086
ENSG00000221869.5	CEBPD	protein_coding	3319	1691	1628	150.3358	37.2818	40.3100
ENSG00000221874.4	ZNF816-ZNF321P	protein_coding	0	0	0	0.0000	0.0000	0.0000
ENSG00000221878.13	PSG7	protein_coding	0	0	0	0.0000	0.0000	0.0000
ENSG00000221879.3	MRPS21P3	processed_pseudogene	0	0	0	0.0000	0.0000	0.0000
ENSG00000221880.4	KRTAP1-3	protein_coding	2	2	0	0.1144	0.0284	0.0307
ENSG00000221882.3	OR3A2	protein_coding	10	6	7	0.2121	0.0526	0.0569
ENSG00000221883.4	ARIH2OS	lncRNA	170	95	77	9.2521	2.2944	2.4808
ENSG00000221886.4	ZBED8	protein_coding	869	449	420	17.0996	4.2405	4.5850
ENSG00000221887.6	HMSD	protein_coding	2	2	1	0.0388	0.0096	0.0104
ENSG00000221888.4	OR1C1	protein_coding	0	0	0	0.0000	0.0000	0.0000
ENSG00000221890.6	NPTXR	protein_coding	4222	2140	2083	41.0685	10.1846	11.0118
ENSG00000221891.2	FAM218BP	processed_pseudogene	0	0	0	0.0000	0.0000	0.0000
ENSG00000221900.6	POM121L12	protein_coding	0	0	0	0.0000	0.0000	0.0000
ENSG00000221909.3	FAM200A	protein_coding	893	478	435	18.7216	4.6428	5.0199
ENSG00000221910.2	OR2F2	protein_coding	0	0	0	0.0000	0.0000	0.0000
ENSG00000221914.11	PPP2R2A	protein_coding	2508	1265	1243	16.2047	4.0186	4.3450
ENSG00000221916.4	C19orf73	protein_coding	62	44	52	4.7386	1.1751	1.2706
ENSG00000221923.9	ZNF880	protein_coding	528	270	259	8.0513	1.9966	2.1588
ENSG00000221926.13	TRIM16	protein_coding	829	439	400	8.3356	2.0671	2.2350
ENSG00000221930.6	DENND10P1	transcribed_processed_pseudogene	8	4	5	0.2794	0.0693	0.0749
ENSG00000221931.2	OR6X1	protein_coding	0	0	0	0.0000	0.0000	0.0000
ENSG00000221932.6	HEPN1	protein_coding	0	0	0	0.0000	0.0000	0.0000
ENSG00000221933.3	OR2A25	protein_coding	0	0	0	0.0000	0.0000	0.0000
ENSG00000221937.4	TAS2R40	protein_coding	0	0	0	0.0000	0.0000	0.0000
ENSG00000221938.5	OR2A14	protein_coding	0	0	0	0.0000	0.0000	0.0000
ENSG00000221944.9	TIGD1	protein_coding	234	125	116	1.9880	0.4930	0.5331
ENSG00000221946.8	FXYD7	protein_coding	2	0	2	0.0632	0.0157	0.0169
ENSG00000221947.8	XKR9	protein_coding	102	47	55	1.4715	0.3649	0.3946
ENSG00000221949.6	LINC01465	lncRNA	20	7	14	0.5846	0.1450	0.1568
ENSG00000221953.5	C1orf229	lncRNA	40	23	17	1.0046	0.2491	0.2694
ENSG00000221954.2	OR4C12	protein_coding	0	0	0	0.0000	0.0000	0.0000
ENSG00000221955.11	SLC12A8	protein_coding	1254	617	637	12.7308	3.1571	3.4136
ENSG00000221957.8	KIR2DS4	polymorphic_pseudogene	3	2	1	0.1058	0.0262	0.0284
ENSG00000221962.5	TMEM14EP	transcribed_processed_pseudogene	1	0	1	0.0438	0.0109	0.0117
ENSG00000221963.6	APOL6	protein_coding	14444	7341	7108	81.3829	20.1821	21.8215
ENSG00000221968.9	FADS3	protein_coding	1195	594	601	10.7671	2.6701	2.8870
ENSG00000221970.2	OR2A1	protein_coding	12	7	5	0.1469	0.0364	0.0394
ENSG00000221971.3	TTC4P1	processed_pseudogene	6	5	6	0.2938	0.0729	0.0788
ENSG00000221977.2	OR4E2	protein_coding	0	0	0	0.0000	0.0000	0.0000
ENSG00000221978.12	CCNL2	protein_coding	4282	2180	2104	35.4138	8.7823	9.4956
ENSG00000221983.8	UBA52	protein_coding	22898	11378	11927	301.5664	74.7854	80.8600
ENSG00000221986.7	MYBPHL	protein_coding	1	0	1	0.0322	0.0080	0.0086
ENSG00000221988.13	PPT2	protein_coding	321	192	145	6.1960	1.5365	1.6614
ENSG00000221989.2	OR2A2	protein_coding	0	0	0	0.0000	0.0000	0.0000
ENSG00000221990.4	EXOC3-AS1	lncRNA	444	237	207	15.1408	3.7548	4.0598
ENSG00000221994.12	ZNF630	protein_coding	107	60	66	1.3981	0.3467	0.3749
ENSG00000221995.5	TIAF1	protein_coding	109	58	51	1.1582	0.2872	0.3106
ENSG00000221996.6	OR52B4	protein_coding	0	0	0	0.0000	0.0000	0.0000
ENSG00000222000.7	AC092675.1	lncRNA	2	2	0	0.0974	0.0242	0.0261
ENSG00000222001.2	AC106876.1	lncRNA	0	0	0	0.0000	0.0000	0.0000
ENSG00000222004.7	LINC02860	lncRNA	1	0	1	0.0279	0.0069	0.0075
ENSG00000222005.9	LINC01118	lncRNA	7	4	3	0.1181	0.0293	0.0317
ENSG00000222007.6	AC064874.1	lncRNA	2	1	1	0.1890	0.0469	0.0507
ENSG00000222009.8	BTBD19	protein_coding	517	268	249	8.3293	2.0656	2.2334
ENSG00000222011.9	FAM185A	protein_coding	246	115	131	5.1120	1.2677	1.3707
ENSG00000222012.1	AC005481.1	lncRNA	2	1	1	0.0328	0.0081	0.0088
ENSG00000222014.6	RAB6C	protein_coding	31	24	20	0.5721	0.1419	0.1534
ENSG00000222017.1	AC011997.1	lncRNA	0	0	0	0.0000	0.0000	0.0000
ENSG00000222018.2	FAM243A	protein_coding	0	0	0	0.0000	0.0000	0.0000
ENSG00000222019.7	URAHP	transcribed_unprocessed_pseudogene	16	272	249	0.3878	0.0962	0.1040
ENSG00000222020.3	HDAC4-AS1	lncRNA	12	9	4	1.1101	0.2753	0.2977
ENSG00000222022.1	AC112721.1	lncRNA	26	13	13	2.5076	0.6219	0.6724
ENSG00000222024.2	AC004945.1	processed_pseudogene	0	0	0	0.0000	0.0000	0.0000
ENSG00000222028.5	PSMB11	protein_coding	0	0	0	0.0000	0.0000	0.0000
ENSG00000222030.1	LINC01793	lncRNA	0	0	0	0.0000	0.0000	0.0000
ENSG00000222031.1	AC023469.1	lncRNA	0	0	0	0.0000	0.0000	0.0000
ENSG00000222032.1	AC112721.2	lncRNA	52	23	29	5.4509	1.3518	1.4616
ENSG00000222033.1	LINC01124	lncRNA	13	8	5	0.3482	0.0864	0.0934
ENSG00000222035.4	KIAA2012-AS1	lncRNA	117	58	60	1.9665	0.4877	0.5273
ENSG00000222036.8	POTEM	protein_coding	0	0	1	0.0000	0.0000	0.0000
ENSG00000222037.5	IGLC6	IG_C_pseudogene	0	0	0	0.0000	0.0000	0.0000
ENSG00000222038.4	POTEJ	protein_coding	0	1	0	0.0000	0.0000	0.0000
ENSG00000222041.11	CYTOR	lncRNA	1106	546	568	3.5450	0.8791	0.9505
ENSG00000222042.2	AP001341.1	lncRNA	0	2	0	0.0000	0.0000	0.0000
ENSG00000222043.2	AC079305.1	lncRNA	9	109	98	1.0228	0.2537	0.2743
ENSG00000222044.1	AL031587.1	lncRNA	2	0	2	0.1075	0.0267	0.0288
ENSG00000222046.2	DCDC2B	protein_coding	7	68	60	0.2124	0.0527	0.0570
ENSG00000222047.9	C10orf55	lncRNA	19	1877	1807	0.4288	0.1063	0.1150
ENSG00000222051.1	RNU6-1165P	snRNA	3	2	1	1.5900	0.3943	0.4263
ENSG00000222054.1	RNA5SP177	rRNA_pseudogene	0	0	0	0.0000	0.0000	0.0000
ENSG00000222057.1	RNU4-62P	snRNA	2	1	1	0.8725	0.2164	0.2339
ENSG00000222067.1	RNU4-86P	snRNA	0	0	0	0.0000	0.0000	0.0000
ENSG00000222068.1	RN7SKP154	misc_RNA	0	0	0	0.0000	0.0000	0.0000
ENSG00000222069.1	RN7SKP285	misc_RNA	1	0	1	0.1783	0.0442	0.0478
ENSG00000222071.1	MIR1915	miRNA	0	0	0	0.0000	0.0000	0.0000
ENSG00000222072.1	Y_RNA	misc_RNA	0	0	0	0.0000	0.0000	0.0000
ENSG00000222076.1	RNU2-3P	snRNA	0	0	0	0.0000	0.0000	0.0000
ENSG00000222078.1	RN7SKP110	misc_RNA	0	0	0	0.0000	0.0000	0.0000
ENSG00000222087.1	RNU6-721P	snRNA	0	0	0	0.0000	0.0000	0.0000
ENSG00000222092.1	RNU6-908P	snRNA	0	0	0	0.0000	0.0000	0.0000
ENSG00000222094.1	RNU2-65P	snRNA	0	0	0	0.0000	0.0000	0.0000
ENSG00000222095.1	AL132709.5	snoRNA	0	0	0	0.0000	0.0000	0.0000
ENSG00000222099.1	RN7SKP32	misc_RNA	0	0	0	0.0000	0.0000	0.0000
ENSG00000222102.1	RN7SKP232	misc_RNA	0	0	0	0.0000	0.0000	0.0000
ENSG00000222107.1	RN7SKP117	misc_RNA	0	0	0	0.0000	0.0000	0.0000
ENSG00000222108.1	RNA5SP317	rRNA_pseudogene	11	3	8	5.3777	1.3336	1.4419
ENSG00000222111.1	RN7SKP148	misc_RNA	0	0	0	0.0000	0.0000	0.0000
ENSG00000222112.1	RN7SKP16	misc_RNA	11	5	6	2.0863	0.5174	0.5594
ENSG00000222114.1	RNU6-985P	snRNA	0	0	0	0.0000	0.0000	0.0000
ENSG00000222118.1	RNA5SP487	rRNA_pseudogene	0	0	0	0.0000	0.0000	0.0000
ENSG00000222122.1	RNU6-648P	snRNA	0	0	0	0.0000	0.0000	0.0000
ENSG00000222123.1	RNA5SP390	rRNA_pseudogene	0	0	0	0.0000	0.0000	0.0000
ENSG00000222126.1	RNU2-9P	snRNA	0	0	0	0.0000	0.0000	0.0000
ENSG00000222129.1	RNA5SP36	rRNA_pseudogene	0	0	0	0.0000	0.0000	0.0000
ENSG00000222139.1	RNU6-380P	snRNA	0	0	0	0.0000	0.0000	0.0000
ENSG00000222145.1	SNORA73	snoRNA	1	1	0	0.3001	0.0744	0.0805
ENSG00000222146.1	RNU4-37P	snRNA	0	0	0	0.0000	0.0000	0.0000
ENSG00000222148.1	RNY4P30	misc_RNA	0	0	0	0.0000	0.0000	0.0000
ENSG00000222150.1	RNA5SP239	rRNA_pseudogene	0	0	0	0.0000	0.0000	0.0000
ENSG00000222154.1	RN7SKP218	misc_RNA	0	0	0	0.0000	0.0000	0.0000
ENSG00000222160.1	Y_RNA	misc_RNA	0	0	0	0.0000	0.0000	0.0000
ENSG00000222162.1	RN7SKP151	misc_RNA	0	0	0	0.0000	0.0000	0.0000
ENSG00000222164.1	RN7SKP266	misc_RNA	0	0	0	0.0000	0.0000	0.0000
ENSG00000222170.1	RNU6-257P	snRNA	0	0	0	0.0000	0.0000	0.0000
ENSG00000222174.1	RN7SKP146	misc_RNA	0	0	0	0.0000	0.0000	0.0000
ENSG00000222177.1	RNU4-30P	snRNA	0	0	0	0.0000	0.0000	0.0000
ENSG00000222178.1	RNA5SP181	rRNA_pseudogene	0	0	0	0.0000	0.0000	0.0000
ENSG00000222179.1	RN7SKP26	misc_RNA	0	0	0	0.0000	0.0000	0.0000
ENSG00000222182.1	RNA5SP156	rRNA_pseudogene	0	0	0	0.0000	0.0000	0.0000
ENSG00000222185.1	AL132709.6	snoRNA	0	0	0	0.0000	0.0000	0.0000
ENSG00000222202.1	RNU4-26P	snRNA	0	0	0	0.0000	0.0000	0.0000
ENSG00000222205.1	RNA5SP266	rRNA_pseudogene	0	0	0	0.0000	0.0000	0.0000
ENSG00000222206.1	Y_RNA	misc_RNA	0	0	0	0.0000	0.0000	0.0000
ENSG00000222207.1	RNA5SP407	rRNA_pseudogene	0	0	0	0.0000	0.0000	0.0000
ENSG00000222208.1	RNA5SP129	rRNA_pseudogene	3	2	1	1.4418	0.3575	0.3866
ENSG00000222209.1	RNA5SP56	rRNA_pseudogene	0	0	0	0.0000	0.0000	0.0000
ENSG00000222210.1	RN7SKP65	misc_RNA	0	0	0	0.0000	0.0000	0.0000
ENSG00000222213.1	RNU6-588P	snRNA	0	0	0	0.0000	0.0000	0.0000
ENSG00000222220.1	RN7SKP129	misc_RNA	0	0	0	0.0000	0.0000	0.0000
ENSG00000222222.1	RNU2-17P	snRNA	0	0	0	0.0000	0.0000	0.0000
ENSG00000222224.1	Y_RNA	misc_RNA	0	0	1	0.0000	0.0000	0.0000
ENSG00000222225.1	RNU6-447P	snRNA	0	0	0	0.0000	0.0000	0.0000
ENSG00000222230.1	RNA5SP158	rRNA_pseudogene	0	0	0	0.0000	0.0000	0.0000
ENSG00000222231.1	RNU2-54P	snRNA	0	0	0	0.0000	0.0000	0.0000
ENSG00000222232.1	RNA5SP89	rRNA_pseudogene	0	0	0	0.0000	0.0000	0.0000
ENSG00000222236.1	RNA5SP163	rRNA_pseudogene	0	0	0	0.0000	0.0000	0.0000
ENSG00000222238.1	RNU2-43P	snRNA	0	0	0	0.0000	0.0000	0.0000
ENSG00000222240.1	RN7SKP156	misc_RNA	0	0	0	0.0000	0.0000	0.0000
ENSG00000222244.1	RNA5SP431	rRNA_pseudogene	0	0	0	0.0000	0.0000	0.0000
ENSG00000222246.1	MIR1471	miRNA	0	0	0	0.0000	0.0000	0.0000
ENSG00000222248.1	RNA5SP201	rRNA_pseudogene	0	0	1	0.0000	0.0000	0.0000
ENSG00000222249.1	RNU6-262P	snRNA	0	0	0	0.0000	0.0000	0.0000
ENSG00000222251.1	RNA5SP95	rRNA_pseudogene	0	0	0	0.0000	0.0000	0.0000
ENSG00000222255.1	RNU6-101P	snRNA	1	0	1	0.5453	0.1352	0.1462
ENSG00000222257.1	RN7SKP199	misc_RNA	0	0	0	0.0000	0.0000	0.0000
ENSG00000222259.1	RN7SKP114	misc_RNA	0	0	0	0.0000	0.0000	0.0000
ENSG00000222266.1	RNU6-757P	snRNA	0	0	0	0.0000	0.0000	0.0000
ENSG00000222267.1	RNU6-892P	snRNA	4	2	2	2.2913	0.5682	0.6144
ENSG00000222268.1	RNA5SP425	rRNA_pseudogene	0	0	0	0.0000	0.0000	0.0000
ENSG00000222276.1	RNU2-33P	snRNA	0	0	0	0.0000	0.0000	0.0000
ENSG00000222281.1	RN7SKP111	misc_RNA	0	0	0	0.0000	0.0000	0.0000
ENSG00000222282.1	RNU6-584P	snRNA	1	1	0	0.5969	0.1480	0.1601
ENSG00000222285.1	RNA5SP193	rRNA_pseudogene	0	0	0	0.0000	0.0000	0.0000
ENSG00000222287.1	RNU6-1043P	snRNA	0	0	0	0.0000	0.0000	0.0000
ENSG00000222293.1	RNU2-36P	snRNA	0	0	0	0.0000	0.0000	0.0000
ENSG00000222297.1	RNU6-1156P	snRNA	0	0	0	0.0000	0.0000	0.0000
ENSG00000222300.1	RNU2-21P	snRNA	0	0	0	0.0000	0.0000	0.0000
ENSG00000222302.1	RNA5SP371	rRNA_pseudogene	0	0	0	0.0000	0.0000	0.0000
ENSG00000222303.1	RNU6-935P	snRNA	0	0	0	0.0000	0.0000	0.0000
ENSG00000222305.1	Y_RNA	misc_RNA	1	0	1	0.4051	0.1005	0.1086
ENSG00000222308.1	RNA5SP198	rRNA_pseudogene	0	0	0	0.0000	0.0000	0.0000
ENSG00000222312.1	RNA5SP178	rRNA_pseudogene	0	0	0	0.0000	0.0000	0.0000
ENSG00000222313.1	RN7SKP267	misc_RNA	0	0	0	0.0000	0.0000	0.0000
ENSG00000222314.1	RNU6-1118P	snRNA	0	0	0	0.0000	0.0000	0.0000
ENSG00000222317.1	RNA5SP118	rRNA_pseudogene	1	0	1	0.5203	0.1290	0.1395
ENSG00000222320.1	RNU6-1050P	snRNA	0	0	0	0.0000	0.0000	0.0000
ENSG00000222321.1	MIR1912	miRNA	0	0	0	0.0000	0.0000	0.0000
ENSG00000222327.1	RNU6-855P	snRNA	0	0	0	0.0000	0.0000	0.0000
ENSG00000222328.1	RNU2-2P	snRNA	0	0	0	0.0000	0.0000	0.0000
ENSG00000222329.1	RNU6-1076P	snRNA	0	0	0	0.0000	0.0000	0.0000
ENSG00000222335.1	Y_RNA	misc_RNA	0	0	0	0.0000	0.0000	0.0000
ENSG00000222337.1	RN7SKP225	misc_RNA	0	0	0	0.0000	0.0000	0.0000
ENSG00000222338.1	RNU6-174P	snRNA	0	0	0	0.0000	0.0000	0.0000
ENSG00000222343.1	RN7SKP139	misc_RNA	0	0	0	0.0000	0.0000	0.0000
ENSG00000222344.1	RNU6-613P	snRNA	0	0	0	0.0000	0.0000	0.0000
ENSG00000222345.1	SNORD19C	snoRNA	10	5	5	7.4618	1.8505	2.0008
ENSG00000222346.1	RNA5SP237	rRNA_pseudogene	0	0	0	0.0000	0.0000	0.0000
ENSG00000222351.1	RNY1P15	misc_RNA	1	1	0	0.5300	0.1314	0.1421
ENSG00000222352.1	RN7SKP221	misc_RNA	1	1	0	0.1884	0.0467	0.0505
ENSG00000222355.1	RNU2-29P	snRNA	0	0	0	0.0000	0.0000	0.0000
ENSG00000222356.1	RNU6-710P	snRNA	0	0	0	0.0000	0.0000	0.0000
ENSG00000222357.1	RNU2-20P	snRNA	0	0	0	0.0000	0.0000	0.0000
ENSG00000222359.1	RNU6-355P	snRNA	0	0	0	0.0000	0.0000	0.0000
ENSG00000222361.1	RNU6-1186P	snRNA	0	0	0	0.0000	0.0000	0.0000
ENSG00000222363.1	RNU4-34P	snRNA	0	0	0	0.0000	0.0000	0.0000
ENSG00000222365.1	SNORD12B	snoRNA	2	1	1	1.2464	0.3091	0.3342
ENSG00000222370.1	SNORA36B	snoRNA	0	0	0	0.0000	0.0000	0.0000
ENSG00000222371.1	RN7SKP202	misc_RNA	0	0	0	0.0000	0.0000	0.0000
ENSG00000222375.1	RN7SKP127	misc_RNA	0	0	0	0.0000	0.0000	0.0000
ENSG00000222376.1	RN7SKP152	misc_RNA	0	0	0	0.0000	0.0000	0.0000
ENSG00000222378.1	RNA5SP44	rRNA_pseudogene	0	0	0	0.0000	0.0000	0.0000
ENSG00000222383.1	RNA5SP203	rRNA_pseudogene	1	1	0	0.4170	0.1034	0.1118
ENSG00000222385.1	RN7SKP158	misc_RNA	0	0	0	0.0000	0.0000	0.0000
ENSG00000222386.1	RN7SKP86	misc_RNA	0	0	0	0.0000	0.0000	0.0000
ENSG00000222389.1	RNU2-28P	snRNA	1	1	0	0.3001	0.0744	0.0805
ENSG00000222394.2	Y_RNA	misc_RNA	0	0	0	0.0000	0.0000	0.0000
ENSG00000222395.2	Y_RNA	misc_RNA	1	1	0	0.5671	0.1406	0.1521
ENSG00000222397.1	RN7SKP229	misc_RNA	0	0	0	0.0000	0.0000	0.0000
ENSG00000222398.1	RNU6-554P	snRNA	0	0	0	0.0000	0.0000	0.0000
ENSG00000222399.1	RNU6-791P	snRNA	0	0	0	0.0000	0.0000	0.0000
ENSG00000222404.1	RN7SKP281	misc_RNA	0	0	0	0.0000	0.0000	0.0000
ENSG00000222405.1	RNU4-65P	snRNA	0	0	0	0.0000	0.0000	0.0000
ENSG00000222407.1	RNA5SP80	rRNA_pseudogene	0	0	0	0.0000	0.0000	0.0000
ENSG00000222412.1	Y_RNA	misc_RNA	0	0	0	0.0000	0.0000	0.0000
ENSG00000222413.1	RN7SKP125	misc_RNA	0	0	0	0.0000	0.0000	0.0000
ENSG00000222414.1	RNU2-59P	snRNA	0	0	0	0.0000	0.0000	0.0000
ENSG00000222416.1	RNA5SP274	rRNA_pseudogene	0	0	0	0.0000	0.0000	0.0000
ENSG00000222418.1	RNA5SP113	rRNA_pseudogene	1	1	0	0.6751	0.1674	0.1810
ENSG00000222419.1	RNA5SP511	rRNA_pseudogene	0	0	0	0.0000	0.0000	0.0000
ENSG00000222421.1	Y_RNA	misc_RNA	2	0	2	1.0405	0.2580	0.2790
ENSG00000222426.1	RNU2-50P	snRNA	0	0	0	0.0000	0.0000	0.0000
ENSG00000222427.1	RNA5SP338	rRNA_pseudogene	0	0	0	0.0000	0.0000	0.0000
ENSG00000222428.1	RNA5SP231	rRNA_pseudogene	0	0	0	0.0000	0.0000	0.0000
ENSG00000222429.1	RNU6-955P	snRNA	0	0	0	0.0000	0.0000	0.0000
ENSG00000222430.1	Y_RNA	misc_RNA	0	0	0	0.0000	0.0000	0.0000
ENSG00000222431.1	RNU6-141P	snRNA	0	0	0	0.0000	0.0000	0.0000
ENSG00000222432.1	Y_RNA	misc_RNA	0	0	0	0.0000	0.0000	0.0000
ENSG00000222436.1	RN7SKP278	misc_RNA	0	0	0	0.0000	0.0000	0.0000
ENSG00000222438.1	RNU6-1077P	snRNA	0	0	0	0.0000	0.0000	0.0000
ENSG00000222439.1	RNU6-994P	snRNA	0	0	0	0.0000	0.0000	0.0000
ENSG00000222440.1	RNU2-26P	snRNA	0	0	0	0.0000	0.0000	0.0000
ENSG00000222445.1	RN7SKP56	misc_RNA	0	0	0	0.0000	0.0000	0.0000
ENSG00000222448.1	RN7SKP150	misc_RNA	4	3	1	0.7067	0.1752	0.1895
ENSG00000222449.1	RNU6-1140P	snRNA	0	0	0	0.0000	0.0000	0.0000
ENSG00000222451.1	RN7SKP143	misc_RNA	0	0	0	0.0000	0.0000	0.0000
ENSG00000222452.1	RN7SKP59	misc_RNA	0	0	0	0.0000	0.0000	0.0000
ENSG00000222455.1	RNA5SP296	rRNA_pseudogene	0	0	0	0.0000	0.0000	0.0000
ENSG00000222457.1	RNU6-121P	snRNA	0	0	0	0.0000	0.0000	0.0000
ENSG00000222459.1	RNA5SP293	rRNA_pseudogene	0	0	0	0.0000	0.0000	0.0000
ENSG00000222460.1	RN7SKP271	misc_RNA	5	1	4	0.8861	0.2197	0.2376
ENSG00000222465.1	RNU2-5P	snRNA	0	0	0	0.0000	0.0000	0.0000
ENSG00000222467.1	Y_RNA	misc_RNA	0	0	0	0.0000	0.0000	0.0000
ENSG00000222468.1	RNA5SP261	rRNA_pseudogene	0	0	0	0.0000	0.0000	0.0000
ENSG00000222472.1	RN7SKP7	misc_RNA	0	0	0	0.0000	0.0000	0.0000
ENSG00000222477.1	RNU2-23P	snRNA	0	0	0	0.0000	0.0000	0.0000
ENSG00000222486.1	RNU6-77P	snRNA	0	0	0	0.0000	0.0000	0.0000
ENSG00000222488.1	RNU6-285P	snRNA	0	0	0	0.0000	0.0000	0.0000
ENSG00000222489.1	SNORA79B	snoRNA	5	3	2	1.9159	0.4751	0.5137
ENSG00000222490.1	RNU6-712P	snRNA	0	0	0	0.0000	0.0000	0.0000
ENSG00000222496.1	RN7SKP200	misc_RNA	0	0	0	0.0000	0.0000	0.0000
ENSG00000222499.1	RN7SKP177	misc_RNA	0	0	0	0.0000	0.0000	0.0000
ENSG00000222500.1	RNA5SP475	rRNA_pseudogene	0	0	0	0.0000	0.0000	0.0000
ENSG00000222501.1	RNU4-25P	snRNA	0	0	0	0.0000	0.0000	0.0000
ENSG00000222503.1	Y_RNA	misc_RNA	1	1	0	0.5251	0.1302	0.1408
ENSG00000222506.1	Y_RNA	misc_RNA	0	0	0	0.0000	0.0000	0.0000
ENSG00000222509.1	Y_RNA	misc_RNA	0	0	0	0.0000	0.0000	0.0000
ENSG00000222511.2	Y_RNA	misc_RNA	0	0	0	0.0000	0.0000	0.0000
ENSG00000222514.1	RN7SKP223	misc_RNA	0	0	0	0.0000	0.0000	0.0000
ENSG00000222515.1	RN7SKP240	misc_RNA	1	1	0	0.1512	0.0375	0.0405
ENSG00000222520.1	RNA5SP451	rRNA_pseudogene	0	0	0	0.0000	0.0000	0.0000
ENSG00000222522.1	RNU6-519P	snRNA	1	0	1	0.5251	0.1302	0.1408
ENSG00000222524.1	RN7SKP109	misc_RNA	0	0	0	0.0000	0.0000	0.0000
ENSG00000222529.1	Y_RNA	misc_RNA	0	0	0	0.0000	0.0000	0.0000
ENSG00000222532.1	MIR1468	miRNA	0	0	0	0.0000	0.0000	0.0000
ENSG00000222533.1	RNU6-705P	snRNA	1	0	1	0.5453	0.1352	0.1462
ENSG00000222536.1	RNU2-39P	snRNA	0	0	0	0.0000	0.0000	0.0000
ENSG00000222543.1	RN7SKP220	misc_RNA	0	0	0	0.0000	0.0000	0.0000
ENSG00000222544.1	RNU6-735P	snRNA	0	0	0	0.0000	0.0000	0.0000
ENSG00000222546.1	RNA5SP251	rRNA_pseudogene	0	0	0	0.0000	0.0000	0.0000
ENSG00000222552.1	RNA5SP60	rRNA_pseudogene	0	0	0	0.0000	0.0000	0.0000
ENSG00000222558.1	RNU6-1064P	snRNA	0	0	0	0.0000	0.0000	0.0000
ENSG00000222560.1	RNU4-43P	snRNA	0	0	0	0.0000	0.0000	0.0000
ENSG00000222561.1	RNU6-1025P	snRNA	0	0	0	0.0000	0.0000	0.0000
ENSG00000222574.1	RN7SKP61	misc_RNA	0	0	0	0.0000	0.0000	0.0000
ENSG00000222578.1	RNA5SP345	rRNA_pseudogene	2	0	2	1.0502	0.2604	0.2816
ENSG00000222579.1	Y_RNA	misc_RNA	0	0	0	0.0000	0.0000	0.0000
ENSG00000222581.1	RNU2-47P	snRNA	0	0	0	0.0000	0.0000	0.0000
ENSG00000222582.1	RNU2-66P	snRNA	0	0	0	0.0000	0.0000	0.0000
ENSG00000222583.1	RN7SKP222	misc_RNA	0	0	0	0.0000	0.0000	0.0000
ENSG00000222585.1	RNA5SP494	rRNA_pseudogene	1	0	1	0.4396	0.1090	0.1179
ENSG00000222588.1	AL355598.1	snoRNA	0	0	0	0.0000	0.0000	0.0000
ENSG00000222589.1	RN7SKP159	misc_RNA	0	0	0	0.0000	0.0000	0.0000
ENSG00000222592.1	RNU6-887P	snRNA	0	0	0	0.0000	0.0000	0.0000
ENSG00000222594.1	RN7SKP235	misc_RNA	1	0	1	0.1859	0.0461	0.0499
ENSG00000222598.1	RNU2-49P	snRNA	0	0	0	0.0000	0.0000	0.0000
ENSG00000222601.1	Y_RNA	misc_RNA	0	0	0	0.0000	0.0000	0.0000
ENSG00000222604.2	AC007956.1	snoRNA	0	0	0	0.0000	0.0000	0.0000
ENSG00000222607.1	RNU6-628P	snRNA	1	0	1	0.5300	0.1314	0.1421
ENSG00000222608.1	RNA5SP504	rRNA_pseudogene	0	0	0	0.0000	0.0000	0.0000
ENSG00000222609.1	RNU4-69P	snRNA	0	0	0	0.0000	0.0000	0.0000
ENSG00000222610.1	RNU6-402P	snRNA	0	0	0	0.0000	0.0000	0.0000
ENSG00000222612.1	RNU2-52P	snRNA	0	0	0	0.0000	0.0000	0.0000
ENSG00000222613.1	Y_RNA	misc_RNA	0	0	0	0.0000	0.0000	0.0000
ENSG00000222614.1	Y_RNA	misc_RNA	1	1	0	0.5251	0.1302	0.1408
ENSG00000222616.1	RN7SKP27	misc_RNA	1	1	0	0.1703	0.0422	0.0457
ENSG00000222617.1	RN7SKP254	misc_RNA	0	0	0	0.0000	0.0000	0.0000
ENSG00000222623.1	RNU6-1100P	snRNA	0	0	0	0.0000	0.0000	0.0000
ENSG00000222624.1	RNU2-15P	snRNA	0	0	0	0.0000	0.0000	0.0000
ENSG00000222626.1	RNU2-48P	snRNA	0	0	0	0.0000	0.0000	0.0000
ENSG00000222627.1	RNU2-37P	snRNA	0	0	0	0.0000	0.0000	0.0000
ENSG00000222629.1	RNU2-42P	snRNA	0	0	0	0.0000	0.0000	0.0000
ENSG00000222630.2	RN7SKP131	misc_RNA	0	0	0	0.0000	0.0000	0.0000
ENSG00000222635.1	RNU6-1203P	snRNA	0	0	0	0.0000	0.0000	0.0000
ENSG00000222636.1	RN7SKP54	misc_RNA	0	0	0	0.0000	0.0000	0.0000
ENSG00000222640.1	RNU2-51P	snRNA	3	2	1	0.8636	0.2142	0.2316
ENSG00000222644.1	RNU2-16P	snRNA	0	0	0	0.0000	0.0000	0.0000
ENSG00000222649.1	Y_RNA	misc_RNA	0	0	0	0.0000	0.0000	0.0000
ENSG00000222650.1	RNU2-70P	snRNA	1	1	0	0.3168	0.0786	0.0849
ENSG00000222652.1	RNU6-248P	snRNA	0	0	0	0.0000	0.0000	0.0000
ENSG00000222658.1	Y_RNA	misc_RNA	0	0	0	0.0000	0.0000	0.0000
ENSG00000222659.1	RNU2-8P	snRNA	0	0	0	0.0000	0.0000	0.0000
ENSG00000222663.1	RNU4-55P	snRNA	0	0	0	0.0000	0.0000	0.0000
ENSG00000222664.1	RN7SKP123	misc_RNA	0	0	0	0.0000	0.0000	0.0000
ENSG00000222666.2	U3	snoRNA	0	0	0	0.0000	0.0000	0.0000
ENSG00000222667.1	RNU6-394P	snRNA	0	0	0	0.0000	0.0000	0.0000
ENSG00000222675.1	RNA5SP146	rRNA_pseudogene	0	0	0	0.0000	0.0000	0.0000
ENSG00000222678.1	RN7SKP213	misc_RNA	1	1	0	0.1903	0.0472	0.0510
ENSG00000222679.1	RNU6-1267P	snRNA	0	0	0	0.0000	0.0000	0.0000
ENSG00000222682.1	RNA5SP38	rRNA_pseudogene	0	0	0	0.0000	0.0000	0.0000
ENSG00000222685.1	RN7SKP119	misc_RNA	0	0	0	0.0000	0.0000	0.0000
ENSG00000222686.1	RNU4-72P	snRNA	0	0	0	0.0000	0.0000	0.0000
ENSG00000222691.1	RNU6-733P	snRNA	0	0	0	0.0000	0.0000	0.0000
ENSG00000222693.1	RN7SKP120	misc_RNA	0	0	0	0.0000	0.0000	0.0000
ENSG00000222698.1	Y_RNA	misc_RNA	0	0	0	0.0000	0.0000	0.0000
ENSG00000222701.1	Y_RNA	misc_RNA	0	0	0	0.0000	0.0000	0.0000
ENSG00000222704.1	RN7SKP182	misc_RNA	0	0	0	0.0000	0.0000	0.0000
ENSG00000222705.1	RN7SKP39	misc_RNA	0	0	0	0.0000	0.0000	0.0000
ENSG00000222706.1	RN7SKP89	misc_RNA	0	0	0	0.0000	0.0000	0.0000
ENSG00000222713.1	RN7SKP51	misc_RNA	0	0	0	0.0000	0.0000	0.0000
ENSG00000222714.1	RN7SKP38	misc_RNA	0	0	0	0.0000	0.0000	0.0000
ENSG00000222715.1	MIR1911	miRNA	1	0	1	0.7089	0.1758	0.1901
ENSG00000222721.1	RN7SKP188	misc_RNA	0	0	0	0.0000	0.0000	0.0000
ENSG00000222724.1	RNU2-63P	snRNA	1	0	1	0.2923	0.0725	0.0784
ENSG00000222726.1	RNU2-7P	snRNA	1	0	1	0.3186	0.0790	0.0854
ENSG00000222727.1	RNU4-64P	snRNA	0	0	0	0.0000	0.0000	0.0000
ENSG00000222733.1	RNY4P29	misc_RNA	0	0	0	0.0000	0.0000	0.0000
ENSG00000222736.1	RNU4-6P	snRNA	0	0	0	0.0000	0.0000	0.0000
ENSG00000222740.1	RNA5SP328	rRNA_pseudogene	0	0	0	0.0000	0.0000	0.0000
ENSG00000222741.1	RNA5SP229	rRNA_pseudogene	0	0	0	0.0000	0.0000	0.0000
ENSG00000222743.1	RNU6-1190P	snRNA	1	0	1	0.5453	0.1352	0.1462
ENSG00000222744.1	RN7SKP166	misc_RNA	0	0	0	0.0000	0.0000	0.0000
ENSG00000222747.1	RNA5SP25	rRNA_pseudogene	0	0	0	0.0000	0.0000	0.0000
ENSG00000222750.1	RNU4-46P	snRNA	0	0	0	0.0000	0.0000	0.0000
ENSG00000222755.1	RN7SKP206	misc_RNA	0	0	0	0.0000	0.0000	0.0000
ENSG00000222760.1	RNU4-53P	snRNA	1	0	1	0.4051	0.1005	0.1086
ENSG00000222761.1	RNU6-684P	snRNA	0	0	0	0.0000	0.0000	0.0000
ENSG00000222764.1	RN7SKP106	misc_RNA	1	0	1	0.2085	0.0517	0.0559
ENSG00000222765.1	RNU2-40P	snRNA	0	0	0	0.0000	0.0000	0.0000
ENSG00000222767.1	Y_RNA	misc_RNA	0	0	0	0.0000	0.0000	0.0000
ENSG00000222774.1	RN7SKP121	misc_RNA	0	0	0	0.0000	0.0000	0.0000
ENSG00000222777.1	RNU6-233P	snRNA	0	0	0	0.0000	0.0000	0.0000
ENSG00000222778.1	RNA5SP144	rRNA_pseudogene	0	0	0	0.0000	0.0000	0.0000
ENSG00000222783.1	RN7SKP212	misc_RNA	0	0	0	0.0000	0.0000	0.0000
ENSG00000222784.1	RN7SKP91	misc_RNA	0	0	0	0.0000	0.0000	0.0000
ENSG00000222788.1	RNU2-38P	snRNA	1	1	0	0.7178	0.1780	0.1925
ENSG00000222790.1	RNU4-14P	snRNA	1	0	1	0.4648	0.1153	0.1246
ENSG00000222791.1	RNU6-67P	snRNA	0	0	0	0.0000	0.0000	0.0000
ENSG00000222792.1	RNU6-860P	snRNA	0	0	0	0.0000	0.0000	0.0000
ENSG00000222795.1	RNU4-83P	snRNA	0	0	0	0.0000	0.0000	0.0000
ENSG00000222796.1	RNU6-383P	snRNA	0	0	0	0.0000	0.0000	0.0000
ENSG00000222800.1	RNU2-62P	snRNA	0	0	0	0.0000	0.0000	0.0000
ENSG00000222806.1	RNA5SP225	rRNA_pseudogene	0	0	0	0.0000	0.0000	0.0000
ENSG00000222808.1	RNU4-47P	snRNA	7	3	4	3.4822	0.8635	0.9337
ENSG00000222810.1	RNU2-68P	snRNA	0	0	0	0.0000	0.0000	0.0000
ENSG00000222821.1	RNU4-27P	snRNA	0	0	0	0.0000	0.0000	0.0000
ENSG00000222826.1	RN7SKP286	misc_RNA	0	0	0	0.0000	0.0000	0.0000
ENSG00000222831.1	MIR1537	miRNA	0	0	0	0.0000	0.0000	0.0000
ENSG00000222832.1	RNA5SP120	rRNA_pseudogene	0	0	0	0.0000	0.0000	0.0000
ENSG00000222835.1	RNA5SP100	rRNA_pseudogene	0	0	0	0.0000	0.0000	0.0000
ENSG00000222838.1	RNA5SP136	rRNA_pseudogene	0	0	0	0.0000	0.0000	0.0000
ENSG00000222842.1	RN7SKP168	misc_RNA	0	0	0	0.0000	0.0000	0.0000
ENSG00000222844.1	RNU6-321P	snRNA	0	0	0	0.0000	0.0000	0.0000
ENSG00000222845.1	RN7SKP42	misc_RNA	0	0	0	0.0000	0.0000	0.0000
ENSG00000222849.1	RNA5SP21	rRNA_pseudogene	0	0	0	0.0000	0.0000	0.0000
ENSG00000222852.1	Y_RNA	misc_RNA	0	0	0	0.0000	0.0000	0.0000
ENSG00000222854.1	RNA5SP59	rRNA_pseudogene	0	0	0	0.0000	0.0000	0.0000
ENSG00000222858.1	RNU6-920P	snRNA	0	0	0	0.0000	0.0000	0.0000
ENSG00000222859.1	RN7SKP136	misc_RNA	0	0	0	0.0000	0.0000	0.0000
ENSG00000222862.2	RNU6-1086P	snRNA	0	0	0	0.0000	0.0000	0.0000
ENSG00000222869.1	RNU6-565P	snRNA	0	0	0	0.0000	0.0000	0.0000
ENSG00000222870.1	RNU6-1328P	snRNA	0	0	0	0.0000	0.0000	0.0000
ENSG00000222872.1	RNU4-78P	snRNA	4	4	0	1.8003	0.4465	0.4827
ENSG00000222874.1	RN7SKP33	misc_RNA	0	0	0	0.0000	0.0000	0.0000
ENSG00000222880.1	RN7SKP261	misc_RNA	0	0	0	0.0000	0.0000	0.0000
ENSG00000222881.1	Y_RNA	misc_RNA	1	0	1	0.5300	0.1314	0.1421
ENSG00000222883.1	Y_RNA	misc_RNA	0	0	0	0.0000	0.0000	0.0000
ENSG00000222889.1	RN7SKP29	misc_RNA	0	0	0	0.0000	0.0000	0.0000
ENSG00000222890.1	RNU6-1068P	snRNA	0	0	0	0.0000	0.0000	0.0000
ENSG00000222895.1	RNU6-1133P	snRNA	0	0	0	0.0000	0.0000	0.0000
ENSG00000222898.1	RN7SKP97	misc_RNA	19	10	9	3.2357	0.8024	0.8676
ENSG00000222909.1	RNU6-193P	snRNA	0	0	0	0.0000	0.0000	0.0000
ENSG00000222915.1	RNU6-564P	snRNA	0	1	2	0.0000	0.0000	0.0000
ENSG00000222920.1	RNA5SP29	rRNA_pseudogene	0	0	0	0.0000	0.0000	0.0000
ENSG00000222921.1	RNA5SP104	rRNA_pseudogene	0	0	0	0.0000	0.0000	0.0000
ENSG00000222922.1	RNA5SP501	rRNA_pseudogene	0	0	0	0.0000	0.0000	0.0000
ENSG00000222923.1	RNU2-41P	snRNA	0	0	0	0.0000	0.0000	0.0000
ENSG00000222924.1	RNU6-1148P	snRNA	0	0	0	0.0000	0.0000	0.0000
ENSG00000222931.1	RN7SKP205	misc_RNA	0	0	0	0.0000	0.0000	0.0000
ENSG00000222932.1	RNU6-172P	snRNA	0	0	0	0.0000	0.0000	0.0000
ENSG00000222934.1	RN7SKP284	misc_RNA	0	0	0	0.0000	0.0000	0.0000
ENSG00000222937.1	SNORD63B	snoRNA	0	0	0	0.0000	0.0000	0.0000
ENSG00000222940.1	RNU6-370P	snRNA	0	0	0	0.0000	0.0000	0.0000
ENSG00000222941.2	Y_RNA	misc_RNA	0	0	0	0.0000	0.0000	0.0000
ENSG00000222942.1	RN7SKP58	misc_RNA	0	0	0	0.0000	0.0000	0.0000
ENSG00000222950.1	RN7SKP262	misc_RNA	0	0	0	0.0000	0.0000	0.0000
ENSG00000222952.1	RNA5SP41	rRNA_pseudogene	0	0	0	0.0000	0.0000	0.0000
ENSG00000222955.1	RNA5SP265	rRNA_pseudogene	0	3	2	0.0000	0.0000	0.0000
ENSG00000222958.1	MIR1913	miRNA	0	0	0	0.0000	0.0000	0.0000
ENSG00000222960.1	RNU6-272P	snRNA	0	0	0	0.0000	0.0000	0.0000
ENSG00000222966.1	AC004522.1	snoRNA	0	0	0	0.0000	0.0000	0.0000
ENSG00000222969.1	RN7SKP8	misc_RNA	0	0	0	0.0000	0.0000	0.0000
ENSG00000222971.1	RNA5SP222	rRNA_pseudogene	0	0	0	0.0000	0.0000	0.0000
ENSG00000222972.1	RNU6-651P	snRNA	0	0	0	0.0000	0.0000	0.0000
ENSG00000222973.1	RNU2-25P	snRNA	1	1	0	0.2969	0.0736	0.0796
ENSG00000222974.1	RN7SKP228	misc_RNA	0	0	0	0.0000	0.0000	0.0000
ENSG00000222976.1	RN7SKP94	misc_RNA	0	0	0	0.0000	0.0000	0.0000
ENSG00000222979.1	RN7SKP167	misc_RNA	0	0	0	0.0000	0.0000	0.0000
ENSG00000222982.1	RN7SKP216	misc_RNA	0	0	0	0.0000	0.0000	0.0000
ENSG00000222983.1	RNA5SP127	rRNA_pseudogene	0	0	0	0.0000	0.0000	0.0000
ENSG00000222985.1	RNU2-14P	snRNA	0	0	0	0.0000	0.0000	0.0000
ENSG00000222986.1	RNU5A-5P	snRNA	0	0	0	0.0000	0.0000	0.0000
ENSG00000222987.1	RN7SKP68	misc_RNA	0	0	0	0.0000	0.0000	0.0000
ENSG00000222990.1	RNU4-22P	snRNA	1	1	0	0.3416	0.0847	0.0916
ENSG00000222997.1	Y_RNA	misc_RNA	0	0	0	0.0000	0.0000	0.0000
ENSG00000222998.1	RN7SKP259	misc_RNA	0	0	0	0.0000	0.0000	0.0000
ENSG00000223001.1	RNU2-61P	snRNA	0	0	0	0.0000	0.0000	0.0000
ENSG00000223003.1	RNA5SP184	rRNA_pseudogene	0	0	0	0.0000	0.0000	0.0000
ENSG00000223004.1	SNORD29	snoRNA	0	0	0	0.0000	0.0000	0.0000
ENSG00000223006.1	RN7SKP137	misc_RNA	0	0	0	0.0000	0.0000	0.0000
ENSG00000223007.1	RN7SKP73	misc_RNA	0	0	0	0.0000	0.0000	0.0000
ENSG00000223012.1	RN7SKP264	misc_RNA	0	0	0	0.0000	0.0000	0.0000
ENSG00000223013.1	RNA5SP344	rRNA_pseudogene	0	0	0	0.0000	0.0000	0.0000
ENSG00000223015.1	RNU6-1135P	snRNA	0	0	0	0.0000	0.0000	0.0000
ENSG00000223019.1	RNA5SP306	rRNA_pseudogene	0	0	0	0.0000	0.0000	0.0000
ENSG00000223023.1	Y_RNA	misc_RNA	2	0	2	1.0502	0.2604	0.2816
ENSG00000223024.1	RNU6-55P	snRNA	0	0	0	0.0000	0.0000	0.0000
ENSG00000223026.1	RN7SKP247	misc_RNA	0	0	0	0.0000	0.0000	0.0000
ENSG00000223027.1	AL139404.1	snoRNA	0	0	0	0.0000	0.0000	0.0000
ENSG00000223037.1	RNU6-284P	snRNA	0	0	0	0.0000	0.0000	0.0000
ENSG00000223039.1	RN7SKP268	misc_RNA	0	0	0	0.0000	0.0000	0.0000
ENSG00000223040.1	RN7SKP144	misc_RNA	0	0	0	0.0000	0.0000	0.0000
ENSG00000223042.1	RN7SKP161	misc_RNA	0	0	0	0.0000	0.0000	0.0000
ENSG00000223044.1	RNU6-130P	snRNA	1	0	1	0.5506	0.1365	0.1476
ENSG00000223046.1	RNA5SP369	rRNA_pseudogene	0	0	0	0.0000	0.0000	0.0000
ENSG00000223047.1	RNU6-847P	snRNA	0	0	0	0.0000	0.0000	0.0000
ENSG00000223056.1	RN7SKP169	misc_RNA	0	0	0	0.0000	0.0000	0.0000
ENSG00000223060.1	Y_RNA	misc_RNA	1	0	1	0.5969	0.1480	0.1601
ENSG00000223062.1	RNU6-1245P	snRNA	0	0	0	0.0000	0.0000	0.0000
ENSG00000223064.1	RNU6-325P	snRNA	0	0	0	0.0000	0.0000	0.0000
ENSG00000223075.1	RN7SKP126	misc_RNA	0	0	0	0.0000	0.0000	0.0000
ENSG00000223076.1	RNA5SP31	rRNA_pseudogene	0	0	0	0.0000	0.0000	0.0000
ENSG00000223078.1	RNU2-55P	snRNA	0	0	0	0.0000	0.0000	0.0000
ENSG00000223080.1	Y_RNA	misc_RNA	0	0	0	0.0000	0.0000	0.0000
ENSG00000223086.1	RNA5SP155	rRNA_pseudogene	1	0	1	0.4396	0.1090	0.1179
ENSG00000223087.2	RNU6-602P	snRNA	0	0	0	0.0000	0.0000	0.0000
ENSG00000223088.1	RMRPP5	ribozyme	0	0	0	0.0000	0.0000	0.0000
ENSG00000223092.1	RNA5SP115	rRNA_pseudogene	0	0	0	0.0000	0.0000	0.0000
ENSG00000223096.1	RNU5E-9P	snRNA	0	0	0	0.0000	0.0000	0.0000
ENSG00000223107.1	RNU2-72P	snRNA	0	0	0	0.0000	0.0000	0.0000
ENSG00000223109.1	MIR1538	miRNA	0	1	0	0.0000	0.0000	0.0000
ENSG00000223113.1	RNA5SP247	rRNA_pseudogene	1	1	0	0.5401	0.1339	0.1448
ENSG00000223117.1	RN7SKP296	misc_RNA	2	0	2	0.3326	0.0825	0.0892
ENSG00000223118.1	RN7SKP102	misc_RNA	0	0	0	0.0000	0.0000	0.0000
ENSG00000223120.1	RN7SKP181	misc_RNA	0	0	0	0.0000	0.0000	0.0000
ENSG00000223125.1	RNU2-32P	snRNA	0	0	0	0.0000	0.0000	0.0000
ENSG00000223126.1	RN7SKP263	misc_RNA	0	0	0	0.0000	0.0000	0.0000
ENSG00000223128.1	RN7SKP140	misc_RNA	0	0	0	0.0000	0.0000	0.0000
ENSG00000223131.1	RNA5SP304	rRNA_pseudogene	0	0	0	0.0000	0.0000	0.0000
ENSG00000223136.1	RN7SKP207	misc_RNA	0	0	0	0.0000	0.0000	0.0000
ENSG00000223138.1	RNA5SP450	rRNA_pseudogene	0	0	0	0.0000	0.0000	0.0000
ENSG00000223142.1	RN7SKP252	misc_RNA	0	0	0	0.0000	0.0000	0.0000
ENSG00000223145.1	RN7SKP112	misc_RNA	0	0	0	0.0000	0.0000	0.0000
ENSG00000223152.1	RNU4-88P	snRNA	0	0	0	0.0000	0.0000	0.0000
ENSG00000223156.1	RNU2-18P	snRNA	0	0	0	0.0000	0.0000	0.0000
ENSG00000223158.1	RNY1P3	misc_RNA	0	0	0	0.0000	0.0000	0.0000
ENSG00000223162.1	RNA5SP280	rRNA_pseudogene	0	0	0	0.0000	0.0000	0.0000
ENSG00000223168.1	RN7SKP142	misc_RNA	0	0	0	0.0000	0.0000	0.0000
ENSG00000223169.1	RNA5SP209	rRNA_pseudogene	1	1	0	0.5846	0.1450	0.1568
ENSG00000223174.1	RN7SKP17	misc_RNA	0	0	0	0.0000	0.0000	0.0000
ENSG00000223175.1	RNU4-61P	snRNA	0	0	0	0.0000	0.0000	0.0000
ENSG00000223177.1	RNA5SP39	rRNA_pseudogene	1	1	0	0.4726	0.1172	0.1267
ENSG00000223179.3	RNU6-373P	snRNA	0	0	0	0.0000	0.0000	0.0000
ENSG00000223181.1	RNU6-1199P	snRNA	0	0	0	0.0000	0.0000	0.0000
ENSG00000223188.1	Y_RNA	misc_RNA	1	0	1	0.5300	0.1314	0.1421
ENSG00000223189.1	RNU6-177P	snRNA	0	0	0	0.0000	0.0000	0.0000
ENSG00000223190.1	RN7SKP100	misc_RNA	1	0	1	0.1997	0.0495	0.0535
ENSG00000223191.1	RNU6-293P	snRNA	0	0	0	0.0000	0.0000	0.0000
ENSG00000223197.1	RNU6-1001P	snRNA	0	0	0	0.0000	0.0000	0.0000
ENSG00000223198.1	RNU2-22P	snRNA	1	0	1	0.2675	0.0663	0.0717
ENSG00000223202.1	RN7SKP297	misc_RNA	0	0	0	0.0000	0.0000	0.0000
ENSG00000223203.1	RNA5SP221	rRNA_pseudogene	0	0	0	0.0000	0.0000	0.0000
ENSG00000223208.1	RNU6-1217P	snRNA	0	0	0	0.0000	0.0000	0.0000
ENSG00000223212.1	RNU4-74P	snRNA	0	0	0	0.0000	0.0000	0.0000
ENSG00000223215.1	RNU6-607P	snRNA	0	0	0	0.0000	0.0000	0.0000
ENSG00000223217.1	RNU6-938P	snRNA	0	0	0	0.0000	0.0000	0.0000
ENSG00000223220.1	Y_RNA	misc_RNA	1	0	1	0.5969	0.1480	0.1601
ENSG00000223223.1	RN7SKP192	misc_RNA	0	0	0	0.0000	0.0000	0.0000
ENSG00000223224.1	SNORD71	snoRNA	2	1	1	1.3188	0.3271	0.3536
ENSG00000223225.1	RNU6-1054P	snRNA	0	0	0	0.0000	0.0000	0.0000
ENSG00000223229.1	RN7SKP270	misc_RNA	0	0	0	0.0000	0.0000	0.0000
ENSG00000223238.1	RNA5SP294	rRNA_pseudogene	0	0	0	0.0000	0.0000	0.0000
ENSG00000223245.1	RNU4-63P	snRNA	0	0	0	0.0000	0.0000	0.0000
ENSG00000223247.1	RNU2-64P	snRNA	0	0	0	0.0000	0.0000	0.0000
ENSG00000223254.1	Y_RNA	misc_RNA	2	0	2	1.0600	0.2629	0.2842
ENSG00000223256.1	RNU6-785P	snRNA	0	0	0	0.0000	0.0000	0.0000
ENSG00000223258.1	RNU6-575P	snRNA	0	0	0	0.0000	0.0000	0.0000
ENSG00000223259.1	RNA5SP508	rRNA_pseudogene	1	0	1	0.4766	0.1182	0.1278
ENSG00000223260.1	RN7SKP194	misc_RNA	0	0	0	0.0000	0.0000	0.0000
ENSG00000223262.1	RNA5SP492	rRNA_pseudogene	0	0	0	0.0000	0.0000	0.0000
ENSG00000223263.1	RNU6-387P	snRNA	0	0	0	0.0000	0.0000	0.0000
ENSG00000223265.1	RNU6-592P	snRNA	0	0	0	0.0000	0.0000	0.0000
ENSG00000223269.1	RN7SKP53	misc_RNA	0	0	0	0.0000	0.0000	0.0000
ENSG00000223271.1	Y_RNA	misc_RNA	0	0	0	0.0000	0.0000	0.0000
ENSG00000223273.1	RN7SKP172	misc_RNA	0	0	0	0.0000	0.0000	0.0000
ENSG00000223274.6	RNA5SP498	rRNA_pseudogene	1	0	1	0.4726	0.1172	0.1267
ENSG00000223274.6_PAR_Y	RNA5SP498	rRNA_pseudogene	0	0	0	0.0000	0.0000	0.0000
ENSG00000223280.1	RNU6-57P	snRNA	0	0	0	0.0000	0.0000	0.0000
ENSG00000223281.1	RN7SKP85	misc_RNA	0	0	0	0.0000	0.0000	0.0000
ENSG00000223282.1	RN7SKP165	misc_RNA	0	0	0	0.0000	0.0000	0.0000
ENSG00000223284.1	RNU6-195P	snRNA	0	0	0	0.0000	0.0000	0.0000
ENSG00000223287.1	RNU6-954P	snRNA	0	0	0	0.0000	0.0000	0.0000
ENSG00000223290.1	RNA5SP107	rRNA_pseudogene	0	0	0	0.0000	0.0000	0.0000
ENSG00000223293.1	RNA5SP270	rRNA_pseudogene	0	0	0	0.0000	0.0000	0.0000
ENSG00000223294.1	SNORD83	snoRNA	1	1	0	0.7365	0.1826	0.1975
ENSG00000223298.1	RNY3P8	misc_RNA	0	0	0	0.0000	0.0000	0.0000
ENSG00000223299.1	RN7SKP108	misc_RNA	0	0	0	0.0000	0.0000	0.0000
ENSG00000223300.1	Y_RNA	misc_RNA	0	1	0	0.0000	0.0000	0.0000
ENSG00000223302.1	Y_RNA	misc_RNA	0	0	0	0.0000	0.0000	0.0000
ENSG00000223305.1	RN7SKP30	misc_RNA	2	1	1	0.3396	0.0842	0.0911
ENSG00000223306.2	RNU6-1304P	snRNA	1	1	0	0.5350	0.1327	0.1435
ENSG00000223308.1	RN7SKP101	misc_RNA	0	0	0	0.0000	0.0000	0.0000
ENSG00000223309.1	RNU6-722P	snRNA	7	2	5	3.8170	0.9466	1.0235
ENSG00000223313.1	RNU6-516P	snRNA	17	5	12	9.2699	2.2988	2.4856
ENSG00000223315.1	RN7SKP279	misc_RNA	0	0	0	0.0000	0.0000	0.0000
ENSG00000223318.1	RNA5SP111	rRNA_pseudogene	1	0	1	0.5615	0.1392	0.1506
ENSG00000223321.1	RN7SKP293	misc_RNA	0	0	0	0.0000	0.0000	0.0000
ENSG00000223324.1	RN7SKP273	misc_RNA	0	0	0	0.0000	0.0000	0.0000
ENSG00000223327.1	RNU2-71P	snRNA	0	0	0	0.0000	0.0000	0.0000
ENSG00000223330.1	RNU6-1052P	snRNA	0	0	0	0.0000	0.0000	0.0000
ENSG00000223335.1	RNU6-603P	snRNA	0	0	0	0.0000	0.0000	0.0000
ENSG00000223336.1	RNU2-6P	snRNA	0	0	0	0.0000	0.0000	0.0000
ENSG00000223341.1	RN7SKP3	misc_RNA	0	0	0	0.0000	0.0000	0.0000
ENSG00000223342.2	AL158817.1	lncRNA	0	0	0	0.0000	0.0000	0.0000
ENSG00000223343.1	AC137630.1	lncRNA	11	323	316	0.7977	0.1978	0.2139
ENSG00000223344.1	AL359081.1	lncRNA	0	0	0	0.0000	0.0000	0.0000
ENSG00000223345.3	H2BP1	transcribed_unprocessed_pseudogene	2	0	2	0.1500	0.0372	0.0402
ENSG00000223349.1	KLF2P3	processed_pseudogene	0	1	0	0.0000	0.0000	0.0000
ENSG00000223350.2	IGLV9-49	IG_V_gene	6	2	4	0.8319	0.2063	0.2231
ENSG00000223351.5	ZNF385D-AS2	lncRNA	0	0	0	0.0000	0.0000	0.0000
ENSG00000223353.2	AL589763.1	processed_pseudogene	0	3	3	0.0000	0.0000	0.0000
ENSG00000223356.1	AL590666.1	lncRNA	9	7	2	1.1787	0.2923	0.3161
ENSG00000223358.5	EHHADH-AS1	lncRNA	0	9	11	0.0000	0.0000	0.0000
ENSG00000223360.1	AC096559.1	lncRNA	0	0	0	0.0000	0.0000	0.0000
ENSG00000223361.5	FTH1P10	transcribed_processed_pseudogene	6	30	18	0.3659	0.0907	0.0981
ENSG00000223362.1	CDY15P	unprocessed_pseudogene	0	0	0	0.0000	0.0000	0.0000
ENSG00000223368.2	AL513124.1	processed_pseudogene	0	0	0	0.0000	0.0000	0.0000
ENSG00000223373.1	AC108066.1	lncRNA	0	0	0	0.0000	0.0000	0.0000
ENSG00000223374.1	AC005104.1	lncRNA	20	1028	953	2.5661	0.6364	0.6880
ENSG00000223375.1	AC096638.1	processed_pseudogene	0	0	0	0.0000	0.0000	0.0000
ENSG00000223377.1	AC244098.1	unprocessed_pseudogene	0	0	0	0.0000	0.0000	0.0000
ENSG00000223379.1	AL391987.3	lncRNA	0	0	0	0.0000	0.0000	0.0000
ENSG00000223381.2	LINC02661	lncRNA	0	0	0	0.0000	0.0000	0.0000
ENSG00000223382.5	LINC01778	lncRNA	21	9	12	0.5641	0.1399	0.1513
ENSG00000223383.1	H2ACP1	processed_pseudogene	0	0	0	0.0000	0.0000	0.0000
ENSG00000223387.6	LINC02068	lncRNA	2	0	2	0.0309	0.0077	0.0083
ENSG00000223389.1	SDCBP2P1	processed_pseudogene	0	0	0	0.0000	0.0000	0.0000
ENSG00000223390.1	AL445685.1	lncRNA	1	20	16	0.0744	0.0185	0.0200
ENSG00000223391.2	RDXP2	processed_pseudogene	0	1	1	0.0000	0.0000	0.0000
ENSG00000223392.1	CLDN10-AS1	lncRNA	0	0	0	0.0000	0.0000	0.0000
ENSG00000223393.2	AL118511.1	lncRNA	27	119	92	0.7876	0.1953	0.2112
ENSG00000223394.2	TRBV29OR9-2	TR_V_pseudogene	0	0	0	0.0000	0.0000	0.0000
ENSG00000223395.2	RBM22P7	processed_pseudogene	0	0	0	0.0000	0.0000	0.0000
ENSG00000223396.4	RPS10P7	transcribed_processed_pseudogene	201	103	98	3.7769	0.9366	1.0127
ENSG00000223398.1	AC027124.1	processed_pseudogene	0	0	0	0.0000	0.0000	0.0000
ENSG00000223400.1	AP006748.1	lncRNA	0	0	0	0.0000	0.0000	0.0000
ENSG00000223402.1	AC074121.1	processed_pseudogene	0	0	0	0.0000	0.0000	0.0000
ENSG00000223403.6	MEG9	lncRNA	25	18	17	0.3046	0.0755	0.0817
ENSG00000223404.3	LINC00397	lncRNA	0	0	0	0.0000	0.0000	0.0000
ENSG00000223406.1	XKRYP5	unprocessed_pseudogene	0	0	0	0.0000	0.0000	0.0000
ENSG00000223407.1	USP9YP18	unprocessed_pseudogene	0	0	0	0.0000	0.0000	0.0000
ENSG00000223409.1	RPL17P17	processed_pseudogene	0	0	0	0.0000	0.0000	0.0000
ENSG00000223410.1	AL009050.1	lncRNA	0	0	0	0.0000	0.0000	0.0000
ENSG00000223416.3	RPS26P15	processed_pseudogene	3	0	3	0.4889	0.1212	0.1311
ENSG00000223417.8	TRIM49D1	protein_coding	0	0	0	0.0000	0.0000	0.0000
ENSG00000223418.1	LIMK2P1	processed_pseudogene	0	0	0	0.0000	0.0000	0.0000
ENSG00000223419.1	AC006022.1	processed_pseudogene	0	0	0	0.0000	0.0000	0.0000
ENSG00000223421.1	AL354854.1	processed_pseudogene	0	0	0	0.0000	0.0000	0.0000
ENSG00000223422.1	AC007274.1	unprocessed_pseudogene	0	0	0	0.0000	0.0000	0.0000
ENSG00000223427.1	RBM7P1	processed_pseudogene	1	1	0	0.0801	0.0199	0.0215
ENSG00000223428.1	AC010997.1	transcribed_processed_pseudogene	0	0	0	0.0000	0.0000	0.0000
ENSG00000223429.1	AL139156.1	processed_pseudogene	1	0	1	0.0674	0.0167	0.0181
ENSG00000223430.1	AC011243.1	lncRNA	1	0	1	0.1367	0.0339	0.0366
ENSG00000223431.1	MTND6P21	processed_pseudogene	0	2	0	0.0000	0.0000	0.0000
ENSG00000223432.1	AC009988.1	lncRNA	0	0	0	0.0000	0.0000	0.0000
ENSG00000223433.1	RPS29P9	processed_pseudogene	0	0	0	0.0000	0.0000	0.0000
ENSG00000223436.1	AC011625.1	lncRNA	1	0	1	0.1078	0.0267	0.0289
ENSG00000223437.1	TMSB4XP3	processed_pseudogene	0	0	0	0.0000	0.0000	0.0000
ENSG00000223438.1	AC235097.1	lncRNA	0	0	0	0.0000	0.0000	0.0000
ENSG00000223440.1	AL589642.1	lncRNA	1	1	1	0.0220	0.0054	0.0059
ENSG00000223442.1	TH2LCRR	lncRNA	16	512	563	0.8394	0.2082	0.2251
ENSG00000223443.2	USP17L2	protein_coding	0	0	0	0.0000	0.0000	0.0000
ENSG00000223445.1	RPL6P21	processed_pseudogene	0	0	0	0.0000	0.0000	0.0000
ENSG00000223446.2	AL451065.1	lncRNA	8	4	5	0.4701	0.1166	0.1261
ENSG00000223450.1	AL590632.1	processed_pseudogene	0	0	0	0.0000	0.0000	0.0000
ENSG00000223452.3	HMGN2P18	processed_pseudogene	0	0	0	0.0000	0.0000	0.0000
ENSG00000223455.1	AL355298.1	processed_pseudogene	0	0	0	0.0000	0.0000	0.0000
ENSG00000223457.1	HTATSF1P1	processed_pseudogene	0	1	0	0.0000	0.0000	0.0000
ENSG00000223458.2	LMO7DN-IT1	lncRNA	0	0	0	0.0000	0.0000	0.0000
ENSG00000223459.6	TCAF1P1	unprocessed_pseudogene	66	32	34	1.6762	0.4157	0.4494
ENSG00000223460.1	GAPDHP69	processed_pseudogene	1	1	0	0.0563	0.0140	0.0151
ENSG00000223461.1	AC004471.1	lncRNA	0	1	0	0.0000	0.0000	0.0000
ENSG00000223462.2	AL353801.1	lncRNA	3	1	2	0.4003	0.0993	0.1073
ENSG00000223466.2	LINC01825	lncRNA	4	1	3	0.0675	0.0167	0.0181
ENSG00000223467.2	CALM1P1	processed_pseudogene	0	0	0	0.0000	0.0000	0.0000
ENSG00000223469.1	AL157371.1	lncRNA	0	0	0	0.0000	0.0000	0.0000
ENSG00000223470.3	LINC02629	lncRNA	0	0	0	0.0000	0.0000	0.0000
ENSG00000223475.1	AC099681.1	lncRNA	0	0	0	0.0000	0.0000	0.0000
ENSG00000223476.1	VN1R42P	processed_pseudogene	8	3	5	1.3188	0.3271	0.3536
ENSG00000223478.1	AL441992.1	lncRNA	218	122	112	22.7257	5.6357	6.0935
ENSG00000223479.3	LINC02238	lncRNA	0	0	0	0.0000	0.0000	0.0000
ENSG00000223482.8	NUTM2A-AS1	lncRNA	1488	729	780	3.7584	0.9321	1.0078
ENSG00000223484.7	TRPC6P	processed_pseudogene	1	0	1	0.0644	0.0160	0.0173
ENSG00000223484.7_PAR_Y	TRPC6P	processed_pseudogene	0	0	0	0.0000	0.0000	0.0000
ENSG00000223485.4	LINC01615	lncRNA	106	48	58	2.6800	0.6646	0.7186
ENSG00000223486.1	AC092198.1	lncRNA	18	11	7	0.3793	0.0941	0.1017
ENSG00000223487.1	FRMPD4-AS1	lncRNA	0	0	0	0.0000	0.0000	0.0000
ENSG00000223488.2	MAPK6P2	processed_pseudogene	0	0	0	0.0000	0.0000	0.0000
ENSG00000223489.1	NEFHP1	processed_pseudogene	0	0	0	0.0000	0.0000	0.0000
ENSG00000223490.2	CHCHD2P5	processed_pseudogene	0	0	0	0.0000	0.0000	0.0000
ENSG00000223492.1	AL391097.1	lncRNA	0	0	0	0.0000	0.0000	0.0000
ENSG00000223495.2	AC239859.2	processed_pseudogene	0	0	0	0.0000	0.0000	0.0000
ENSG00000223496.3	EXOSC6	protein_coding	1293	675	618	14.2022	3.5220	3.8081
ENSG00000223497.1	H2BL1P	unitary_pseudogene	0	0	0	0.0000	0.0000	0.0000
ENSG00000223498.1	SLC35C2P1	processed_pseudogene	0	0	0	0.0000	0.0000	0.0000
ENSG00000223500.1	RNF14P4	processed_pseudogene	2	1	1	0.0913	0.0226	0.0245
ENSG00000223501.9	VPS52	protein_coding	2256	1884	1874	28.4749	7.0615	7.6351
ENSG00000223502.1	AL731537.1	lncRNA	2	1	1	0.2694	0.0668	0.0722
ENSG00000223503.1	AL353807.1	processed_pseudogene	4	2	2	0.3427	0.0850	0.0919
ENSG00000223504.1	AL646090.1	lncRNA	0	0	0	0.0000	0.0000	0.0000
ENSG00000223505.2	RPL35AP5	processed_pseudogene	5	4	1	0.8645	0.2144	0.2318
ENSG00000223506.2	SLC20A1P1	processed_pseudogene	0	0	0	0.0000	0.0000	0.0000
ENSG00000223508.5	RPL23AP53	transcribed_processed_pseudogene	44	30	38	2.4391	0.6049	0.6540
ENSG00000223509.8	AC135983.2	transcribed_processed_pseudogene	129	73	57	2.5705	0.6375	0.6892
ENSG00000223510.7	CDRT15	protein_coding	8	3	5	0.5824	0.1444	0.1562
ENSG00000223511.7	AL683807.1	lncRNA	99	50	49	5.6087	1.3909	1.5039
ENSG00000223511.7_PAR_Y	AL683807.1	lncRNA	0	0	0	0.0000	0.0000	0.0000
ENSG00000223513.1	ATP6V0E1P2	processed_pseudogene	2	1	1	0.4629	0.1148	0.1241
ENSG00000223514.1	AC004866.1	processed_pseudogene	0	0	0	0.0000	0.0000	0.0000
ENSG00000223516.1	AFF2-IT1	lncRNA	0	0	0	0.0000	0.0000	0.0000
ENSG00000223517.1	AC010723.1	lncRNA	0	0	0	0.0000	0.0000	0.0000
ENSG00000223518.5	CSNK1A1P1	transcribed_processed_pseudogene	8	4	4	0.1726	0.0428	0.0463
ENSG00000223519.8	KIF28P	transcribed_unitary_pseudogene	28	31	41	0.4505	0.1117	0.1208
ENSG00000223522.2	AC093690.1	lncRNA	6	7	5	0.1063	0.0264	0.0285
ENSG00000223523.1	AC092598.1	lncRNA	11	4	7	0.7827	0.1941	0.2099
ENSG00000223525.1	RABGAP1L-IT1	lncRNA	0	0	0	0.0000	0.0000	0.0000
ENSG00000223528.7	AL359094.1	lncRNA	3	326	312	0.0402	0.0100	0.0108
ENSG00000223529.1	EEF1A1P8	processed_pseudogene	14	7	7	0.5720	0.1419	0.1534
ENSG00000223530.1	AC012506.1	lncRNA	0	0	0	0.0000	0.0000	0.0000
ENSG00000223534.1	HLA-DQB1-AS1	lncRNA	26	1120	1072	2.6711	0.6624	0.7162
ENSG00000223536.6	AC008164.1	lncRNA	1	0	1	0.0208	0.0052	0.0056
ENSG00000223537.3	AL109947.1	lncRNA	9	11	18	0.3226	0.0800	0.0865
ENSG00000223538.2	AC079602.1	processed_pseudogene	1	0	1	0.2093	0.0519	0.0561
ENSG00000223539.4	AC011431.1	unprocessed_pseudogene	0	0	0	0.0000	0.0000	0.0000
ENSG00000223540.1	RPS15AP5	processed_pseudogene	0	0	0	0.0000	0.0000	0.0000
ENSG00000223542.1	AL024497.1	lncRNA	0	0	0	0.0000	0.0000	0.0000
ENSG00000223543.1	TCEAL4P1	processed_pseudogene	0	0	0	0.0000	0.0000	0.0000
ENSG00000223544.1	AC005838.1	unprocessed_pseudogene	0	0	1	0.0000	0.0000	0.0000
ENSG00000223546.7	LINC00630	lncRNA	142	74	68	0.7024	0.1742	0.1883
ENSG00000223547.10	ZNF844	protein_coding	1176	607	569	10.1231	2.5104	2.7143
ENSG00000223548.1	ACSL6-AS1	lncRNA	0	0	0	0.0000	0.0000	0.0000
ENSG00000223549.1	MTND5P28	processed_pseudogene	8	6	2	0.2846	0.0706	0.0763
ENSG00000223550.1	SNRPBP1	processed_pseudogene	0	0	0	0.0000	0.0000	0.0000
ENSG00000223551.1	TMSB4XP4	processed_pseudogene	21	9	12	1.9270	0.4779	0.5167
ENSG00000223552.1	CCR5AS	lncRNA	44	26	18	3.8037	0.9433	1.0199
ENSG00000223553.6	SMPD4P1	transcribed_unprocessed_pseudogene	90	43	47	1.2853	0.3187	0.3446
ENSG00000223554.1	AC078851.1	lncRNA	0	0	0	0.0000	0.0000	0.0000
ENSG00000223555.1	USP9YP23	unprocessed_pseudogene	0	0	0	0.0000	0.0000	0.0000
ENSG00000223558.1	TRIM60P17	processed_pseudogene	2	0	2	0.1577	0.0391	0.0423
ENSG00000223559.1	AC073136.1	processed_pseudogene	32	15	17	0.6292	0.1560	0.1687
ENSG00000223561.7	AC005165.1	lncRNA	8	4	4	0.0622	0.0154	0.0167
ENSG00000223563.1	AP001599.1	lncRNA	0	0	0	0.0000	0.0000	0.0000
ENSG00000223564.1	CYP4F32P	unprocessed_pseudogene	0	0	0	0.0000	0.0000	0.0000
ENSG00000223565.1	AC069540.1	processed_pseudogene	0	0	0	0.0000	0.0000	0.0000
ENSG00000223566.1	TNRC18P2	unprocessed_pseudogene	3	1	2	0.0627	0.0155	0.0168
ENSG00000223568.1	RPL3P11	processed_pseudogene	0	0	0	0.0000	0.0000	0.0000
ENSG00000223569.8	USP17L15	protein_coding	0	0	0	0.0000	0.0000	0.0000
ENSG00000223570.2	AL592045.1	processed_pseudogene	0	0	0	0.0000	0.0000	0.0000
ENSG00000223571.6	DHRSX-IT1	lncRNA	6	4	2	0.5227	0.1296	0.1401
ENSG00000223571.6_PAR_Y	DHRSX-IT1	lncRNA	0	0	0	0.0000	0.0000	0.0000
ENSG00000223572.10	CKMT1A	protein_coding	106	54	52	2.1647	0.5368	0.5804
ENSG00000223573.7	TINCR	protein_coding	4566	2226	2341	58.4642	14.4985	15.6762
ENSG00000223574.1	TPMTP4	processed_pseudogene	0	0	0	0.0000	0.0000	0.0000
ENSG00000223575.2	RBMX2P3	processed_pseudogene	0	0	0	0.0000	0.0000	0.0000
ENSG00000223576.2	AL355001.1	lncRNA	0	0	0	0.0000	0.0000	0.0000
ENSG00000223581.2	LINC02665	lncRNA	0	0	0	0.0000	0.0000	0.0000
ENSG00000223583.1	AL513365.1	processed_pseudogene	2	2	0	0.2120	0.0526	0.0568
ENSG00000223584.1	TVP23CP1	processed_pseudogene	0	0	0	0.0000	0.0000	0.0000
ENSG00000223586.6	LINC01312	lncRNA	0	0	0	0.0000	0.0000	0.0000
ENSG00000223587.2	LINC01986	lncRNA	0	0	0	0.0000	0.0000	0.0000
ENSG00000223589.2	AL139158.1	processed_pseudogene	0	0	0	0.0000	0.0000	0.0000
ENSG00000223591.5	CENPVL1	protein_coding	0	0	0	0.0000	0.0000	0.0000
ENSG00000223592.2	FNDC3CP	unitary_pseudogene	0	0	0	0.0000	0.0000	0.0000
ENSG00000223593.1	AL356806.1	processed_pseudogene	0	0	0	0.0000	0.0000	0.0000
ENSG00000223595.1	LYPLA1P1	processed_pseudogene	0	0	0	0.0000	0.0000	0.0000
ENSG00000223597.3	LINC02142	lncRNA	0	0	0	0.0000	0.0000	0.0000
ENSG00000223598.1	AL138733.1	lncRNA	0	0	0	0.0000	0.0000	0.0000
ENSG00000223599.1	AL513523.1	processed_pseudogene	2	2	0	0.0866	0.0215	0.0232
ENSG00000223600.1	EEF1A1P41	processed_pseudogene	0	0	0	0.0000	0.0000	0.0000
ENSG00000223601.2	EBLN1	protein_coding	0	0	0	0.0000	0.0000	0.0000
ENSG00000223602.2	AC125634.1	unprocessed_pseudogene	0	0	0	0.0000	0.0000	0.0000
ENSG00000223603.1	CRPP1	unprocessed_pseudogene	0	0	0	0.0000	0.0000	0.0000
ENSG00000223604.1	RPL17P13	processed_pseudogene	0	0	0	0.0000	0.0000	0.0000
ENSG00000223605.1	AC107399.1	unprocessed_pseudogene	0	0	0	0.0000	0.0000	0.0000
ENSG00000223608.1	DSCR4-IT1	lncRNA	0	0	0	0.0000	0.0000	0.0000
ENSG00000223609.11	HBD	protein_coding	52	27	25	2.5598	0.6348	0.6864
ENSG00000223611.6	SUPT20HL2	protein_coding	1	0	1	0.0176	0.0044	0.0047
ENSG00000223612.3	AC241585.1	processed_pseudogene	101	46	55	11.0360	2.7368	2.9591
ENSG00000223614.5	ZNF735	protein_coding	88	58	30	3.1786	0.7883	0.8523
ENSG00000223615.2	AL807761.1	processed_pseudogene	0	0	0	0.0000	0.0000	0.0000
ENSG00000223617.2	LINC00370	lncRNA	0	0	0	0.0000	0.0000	0.0000
ENSG00000223619.1	MTCO1P17	unprocessed_pseudogene	0	0	0	0.0000	0.0000	0.0000
ENSG00000223620.3	RBM48P1	processed_pseudogene	0	0	0	0.0000	0.0000	0.0000
ENSG00000223621.1	AK4P4	processed_pseudogene	1	0	1	0.0878	0.0218	0.0235
ENSG00000223622.2	GSTA6P	unprocessed_pseudogene	1	0	1	0.0974	0.0242	0.0261
ENSG00000223623.1	AL133268.2	lncRNA	0	0	0	0.0000	0.0000	0.0000
ENSG00000223624.1	AL033528.1	processed_pseudogene	0	0	0	0.0000	0.0000	0.0000
ENSG00000223625.1	CYCSP32	processed_pseudogene	0	0	0	0.0000	0.0000	0.0000
ENSG00000223626.1	LINC01044	lncRNA	0	0	0	0.0000	0.0000	0.0000
ENSG00000223628.2	AC023449.1	processed_pseudogene	0	0	0	0.0000	0.0000	0.0000
ENSG00000223629.1	DEFA8P	unprocessed_pseudogene	0	0	0	0.0000	0.0000	0.0000
ENSG00000223631.2	LINC01120	lncRNA	0	0	0	0.0000	0.0000	0.0000
ENSG00000223634.1	AC012506.2	lncRNA	0	0	0	0.0000	0.0000	0.0000
ENSG00000223635.2	AL121990.1	lncRNA	4	4	1	0.3137	0.0778	0.0841
ENSG00000223636.1	UBE2Q2P5Y	unprocessed_pseudogene	0	0	0	0.0000	0.0000	0.0000
ENSG00000223637.7	RBMY2EP	transcribed_unprocessed_pseudogene	0	0	0	0.0000	0.0000	0.0000
ENSG00000223638.3	RFPL4A	protein_coding	0	0	0	0.0000	0.0000	0.0000
ENSG00000223640.1	RPL30P3	processed_pseudogene	0	0	0	0.0000	0.0000	0.0000
ENSG00000223641.2	TTTY17C	lncRNA	0	0	0	0.0000	0.0000	0.0000
ENSG00000223642.7	AC008277.1	lncRNA	1	70	89	0.0375	0.0093	0.0101
ENSG00000223643.6	BX284668.1	lncRNA	0	0	0	0.0000	0.0000	0.0000
ENSG00000223646.2	AC002463.1	lncRNA	3	63	32	0.0332	0.0082	0.0089
ENSG00000223647.1	LINC01946	lncRNA	0	0	0	0.0000	0.0000	0.0000
ENSG00000223648.4	IGHV3-64	IG_V_gene	23	17	6	3.0263	0.7505	0.8114
ENSG00000223649.1	AC105275.1	lncRNA	0	1	0	0.0000	0.0000	0.0000
ENSG00000223650.1	UHRF2P1	processed_pseudogene	4	2	2	0.0950	0.0236	0.0255
ENSG00000223651.1	AL049812.1	processed_pseudogene	4	0	4	0.1001	0.0248	0.0268
ENSG00000223652.2	AC106786.1	lncRNA	55	37	29	3.0579	0.7583	0.8199
ENSG00000223653.6	AL078459.1	lncRNA	35	48	55	0.4162	0.1032	0.1116
ENSG00000223655.1	RAB9AP3	processed_pseudogene	0	0	0	0.0000	0.0000	0.0000
ENSG00000223656.1	HMGB3P10	processed_pseudogene	4	2	2	0.3966	0.0983	0.1063
ENSG00000223657.2	KRT8P51	processed_pseudogene	1	1	0	0.2070	0.0513	0.0555
ENSG00000223658.8	C1GALT1C1L	protein_coding	12	10	2	0.5321	0.1319	0.1427
ENSG00000223660.1	AC245052.1	lncRNA	0	1	0	0.0000	0.0000	0.0000
ENSG00000223662.1	SAMSN1-AS1	lncRNA	4	3	2	0.2700	0.0670	0.0724
ENSG00000223663.2	NDUFB4P8	processed_pseudogene	1	1	0	0.1545	0.0383	0.0414
ENSG00000223665.1	AC000058.1	lncRNA	0	0	0	0.0000	0.0000	0.0000
ENSG00000223668.1	EEF1A1P24	processed_pseudogene	24	11	13	0.9877	0.2449	0.2648
ENSG00000223669.1	AL357033.2	lncRNA	0	0	0	0.0000	0.0000	0.0000
ENSG00000223671.2	RPL34P3	processed_pseudogene	0	0	0	0.0000	0.0000	0.0000
ENSG00000223672.2	AL162386.1	processed_pseudogene	0	0	0	0.0000	0.0000	0.0000
ENSG00000223675.1	AC093117.1	lncRNA	0	0	0	0.0000	0.0000	0.0000
ENSG00000223676.1	RPL34P26	processed_pseudogene	0	0	0	0.0000	0.0000	0.0000
ENSG00000223677.1	OR2AD1P	unprocessed_pseudogene	0	0	0	0.0000	0.0000	0.0000
ENSG00000223679.1	AC245054.1	unprocessed_pseudogene	0	0	0	0.0000	0.0000	0.0000
ENSG00000223683.1	RPSAP65	processed_pseudogene	0	2	1	0.0000	0.0000	0.0000
ENSG00000223684.1	IFNWP18	unprocessed_pseudogene	0	0	0	0.0000	0.0000	0.0000
ENSG00000223685.6	LINC00571	lncRNA	9	160	149	0.3249	0.0806	0.0871
ENSG00000223688.2	RPS24P14	processed_pseudogene	1	2	0	0.1549	0.0384	0.0415
ENSG00000223691.1	AC068044.1	processed_pseudogene	0	0	0	0.0000	0.0000	0.0000
ENSG00000223692.1	DIP2A-IT1	lncRNA	0	0	0	0.0000	0.0000	0.0000
ENSG00000223694.1	ADH5P3	processed_pseudogene	0	0	0	0.0000	0.0000	0.0000
ENSG00000223695.1	FO393418.1	lncRNA	6	1	5	0.6672	0.1655	0.1789
ENSG00000223697.3	AF230666.1	lncRNA	14	477	456	0.5354	0.1328	0.1435
ENSG00000223698.3	GOLGA6L11P	unprocessed_pseudogene	0	0	0	0.0000	0.0000	0.0000
ENSG00000223701.3	RAET1E-AS1	lncRNA	0	0	1	0.0000	0.0000	0.0000
ENSG00000223702.1	ZDHHC20P2	processed_pseudogene	0	0	0	0.0000	0.0000	0.0000
ENSG00000223703.1	AC027612.1	unprocessed_pseudogene	0	0	0	0.0000	0.0000	0.0000
ENSG00000223704.2	LINC01422	lncRNA	43	25	18	0.2454	0.0609	0.0658
ENSG00000223705.9	NSUN5P1	transcribed_unprocessed_pseudogene	338	178	169	3.9751	0.9858	1.0659
ENSG00000223707.2	SFR1P2	processed_pseudogene	0	0	0	0.0000	0.0000	0.0000
ENSG00000223709.6	TRIM64EP	unprocessed_pseudogene	0	0	0	0.0000	0.0000	0.0000
ENSG00000223710.1	CRYGGP	unprocessed_pseudogene	1	0	1	0.3911	0.0970	0.1049
ENSG00000223711.1	AC069213.1	lncRNA	9	5	4	0.4903	0.1216	0.1315
ENSG00000223714.1	LINC02601	lncRNA	11	4	7	0.7471	0.1853	0.2003
ENSG00000223715.3	LINC01208	lncRNA	4	2	2	0.0404	0.0100	0.0108
ENSG00000223716.2	AL135785.1	lncRNA	0	0	0	0.0000	0.0000	0.0000
ENSG00000223717.1	DNAJA1P1	processed_pseudogene	0	0	0	0.0000	0.0000	0.0000
ENSG00000223718.3	AC093107.1	processed_pseudogene	0	0	0	0.0000	0.0000	0.0000
ENSG00000223719.1	AC069277.2	processed_pseudogene	0	0	0	0.0000	0.0000	0.0000
ENSG00000223720.2	AL109659.1	lncRNA	0	0	0	0.0000	0.0000	0.0000
ENSG00000223721.3	UQCRFS1P2	processed_pseudogene	0	0	0	0.0000	0.0000	0.0000
ENSG00000223722.3	IFITM3P2	processed_pseudogene	5	4	3	0.7053	0.1749	0.1891
ENSG00000223723.1	TFDP1P2	processed_pseudogene	1	1	0	0.0461	0.0114	0.0124
ENSG00000223724.1	RAD17P2	processed_pseudogene	0	0	0	0.0000	0.0000	0.0000
ENSG00000223725.6	AC009226.1	lncRNA	2	19	16	0.0883	0.0219	0.0237
ENSG00000223726.1	AL020994.1	lncRNA	0	0	0	0.0000	0.0000	0.0000
ENSG00000223727.6	AC034195.1	lncRNA	2	1	1	0.0848	0.0210	0.0227
ENSG00000223728.3	AC239801.1	processed_pseudogene	0	0	0	0.0000	0.0000	0.0000
ENSG00000223729.1	LINC02247	lncRNA	5	3	2	0.3816	0.0946	0.1023
ENSG00000223730.1	Z83838.1	transcribed_processed_pseudogene	8	3	5	0.4905	0.1216	0.1315
ENSG00000223731.3	SUPT20HL1	protein_coding	8	3	5	0.1648	0.0409	0.0442
ENSG00000223732.2	AL359706.1	lncRNA	0	0	0	0.0000	0.0000	0.0000
ENSG00000223733.1	RPL18AP14	processed_pseudogene	0	0	0	0.0000	0.0000	0.0000
ENSG00000223734.2	LAPTM4A-DT	lncRNA	6	5	1	0.5938	0.1473	0.1592
ENSG00000223735.1	OR51B3P	unprocessed_pseudogene	0	0	0	0.0000	0.0000	0.0000
ENSG00000223738.3	AC016930.1	processed_pseudogene	0	0	0	0.0000	0.0000	0.0000
ENSG00000223739.1	RPS15AP15	processed_pseudogene	0	0	0	0.0000	0.0000	0.0000
ENSG00000223740.1	AC092447.3	processed_pseudogene	0	0	0	0.0000	0.0000	0.0000
ENSG00000223741.1	PSMD4P1	processed_pseudogene	0	11	5	0.0000	0.0000	0.0000
ENSG00000223742.1	AC112495.1	lncRNA	0	0	0	0.0000	0.0000	0.0000
ENSG00000223744.1	RBMY2GP	unprocessed_pseudogene	0	0	0	0.0000	0.0000	0.0000
ENSG00000223745.8	CCDC18-AS1	lncRNA	879	515	449	7.9325	1.9672	2.1270
ENSG00000223746.1	ELOCP30	processed_pseudogene	0	0	0	0.0000	0.0000	0.0000
ENSG00000223749.11	MIR503HG	lncRNA	72	42	30	1.3597	0.3372	0.3646
ENSG00000223750.1	SIRPB3P	unprocessed_pseudogene	0	0	0	0.0000	0.0000	0.0000
ENSG00000223751.1	AC116609.1	lncRNA	14	5	9	1.4840	0.3680	0.3979
ENSG00000223753.2	AC234775.1	processed_pseudogene	0	0	0	0.0000	0.0000	0.0000
ENSG00000223754.1	AC008073.1	lncRNA	1	1	0	0.1044	0.0259	0.0280
ENSG00000223756.7	TSSC2	transcribed_unprocessed_pseudogene	42	22	20	0.6497	0.1611	0.1742
ENSG00000223760.4	MED15P9	transcribed_unprocessed_pseudogene	0	14	14	0.0000	0.0000	0.0000
ENSG00000223761.1	AL138767.2	lncRNA	0	0	0	0.0000	0.0000	0.0000
ENSG00000223764.2	LINC02593	lncRNA	72	31	43	0.9834	0.2439	0.2637
ENSG00000223765.3	LINC01626	lncRNA	0	0	0	0.0000	0.0000	0.0000
ENSG00000223768.2	LINC00205	lncRNA	1435	711	726	10.6810	2.6488	2.8639
ENSG00000223770.5	CACNA2D1-AS1	lncRNA	1	1	0	0.0214	0.0053	0.0057
ENSG00000223772.1	GEMIN8P3	processed_pseudogene	0	0	0	0.0000	0.0000	0.0000
ENSG00000223773.7	CD99P1	transcribed_unprocessed_pseudogene	429	216	213	4.1089	1.0190	1.1017
ENSG00000223773.7_PAR_Y	CD99P1	transcribed_unprocessed_pseudogene	0	0	0	0.0000	0.0000	0.0000
ENSG00000223774.5	AL513217.1	lncRNA	5	372	337	0.4226	0.1048	0.1133
ENSG00000223776.5	LGALS8-AS1	lncRNA	14	117	118	0.5449	0.1351	0.1461
ENSG00000223777.1	AC092162.1	processed_pseudogene	1	1	0	0.1307	0.0324	0.0350
ENSG00000223779.6	AC239800.1	unprocessed_pseudogene	6	5	1	0.3916	0.0971	0.1050
ENSG00000223782.1	RPS21P8	processed_pseudogene	0	0	0	0.0000	0.0000	0.0000
ENSG00000223783.1	LINC01983	lncRNA	2	0	2	0.1203	0.0298	0.0322
ENSG00000223784.2	LINP1	lncRNA	0	0	0	0.0000	0.0000	0.0000
ENSG00000223786.1	AL357507.1	lncRNA	6	3	3	0.5086	0.1261	0.1364
ENSG00000223787.2	AL354890.1	processed_pseudogene	1	1	0	0.1639	0.0406	0.0439
ENSG00000223788.4	DIS3L2P1	unprocessed_pseudogene	0	0	0	0.0000	0.0000	0.0000
ENSG00000223791.1	UBE2E1-AS1	lncRNA	5	0	5	0.3645	0.0904	0.0977
ENSG00000223794.1	COX5BP8	processed_pseudogene	0	0	0	0.0000	0.0000	0.0000
ENSG00000223795.2	AL669970.1	lncRNA	0	0	0	0.0000	0.0000	0.0000
ENSG00000223797.6	ENTPD3-AS1	lncRNA	296	154	171	2.6845	0.6657	0.7198
ENSG00000223799.1	IL10RB-DT	lncRNA	30	420	401	0.7636	0.1894	0.2047
ENSG00000223800.1	AL355314.1	lncRNA	0	0	0	0.0000	0.0000	0.0000
ENSG00000223802.8	CERS1	protein_coding	97	57	40	1.4692	0.3644	0.3940
ENSG00000223803.1	RPS20P14	processed_pseudogene	15	6	9	2.3629	0.5860	0.6336
ENSG00000223804.5	AC244669.1	transcribed_unprocessed_pseudogene	126	56	70	6.4548	1.6007	1.7307
ENSG00000223806.8	LINC00114	lncRNA	0	0	0	0.0000	0.0000	0.0000
ENSG00000223807.1	BOLA3P4	processed_pseudogene	1	1	1	0.1418	0.0352	0.0380
ENSG00000223808.1	AC044784.1	lncRNA	200	101	99	16.7533	4.1547	4.4921
ENSG00000223809.1	AC234771.1	lncRNA	0	0	0	0.0000	0.0000	0.0000
ENSG00000223810.2	KRT8P28	processed_pseudogene	0	0	0	0.0000	0.0000	0.0000
ENSG00000223811.1	AL589684.1	lncRNA	1	0	1	0.1119	0.0277	0.0300
ENSG00000223812.8	AC073365.1	lncRNA	1	0	1	0.0059	0.0015	0.0016
ENSG00000223813.3	AC007255.1	lncRNA	144	145	128	5.6671	1.4054	1.5195
ENSG00000223814.1	AL691459.1	lncRNA	0	0	0	0.0000	0.0000	0.0000
ENSG00000223815.2	DIAPH3-AS2	lncRNA	0	0	0	0.0000	0.0000	0.0000
ENSG00000223816.5	IGKV1OR2-2	unprocessed_pseudogene	0	0	0	0.0000	0.0000	0.0000
ENSG00000223817.1	CDH23-AS1	lncRNA	0	0	0	0.0000	0.0000	0.0000
ENSG00000223819.2	PPIAP89	processed_pseudogene	0	0	0	0.0000	0.0000	0.0000
ENSG00000223820.5	CFL1P1	transcribed_unprocessed_pseudogene	44	34	38	0.9259	0.2296	0.2483
ENSG00000223822.2	EEF1A1P1	processed_pseudogene	9	2	7	0.6906	0.1713	0.1852
ENSG00000223823.1	LINC01342	lncRNA	16	6	10	0.5601	0.1389	0.1502
ENSG00000223824.1	TERF1P6	processed_pseudogene	0	0	0	0.0000	0.0000	0.0000
ENSG00000223825.5	DAZAP2P1	processed_pseudogene	27	11	16	3.0441	0.7549	0.8162
ENSG00000223826.1	LINC01870	lncRNA	0	0	0	0.0000	0.0000	0.0000
ENSG00000223828.1	BANF1P4	processed_pseudogene	0	0	0	0.0000	0.0000	0.0000
ENSG00000223829.6	AC004870.2	lncRNA	0	0	0	0.0000	0.0000	0.0000
ENSG00000223831.1	AC005006.1	lncRNA	0	0	0	0.0000	0.0000	0.0000
ENSG00000223834.5	AL161935.1	lncRNA	7	2	5	0.1203	0.0298	0.0323
ENSG00000223836.1	AC023141.1	unprocessed_pseudogene	0	0	0	0.0000	0.0000	0.0000
ENSG00000223837.2	AL645941.1	lncRNA	0	0	0	0.0000	0.0000	0.0000
ENSG00000223838.2	AC007091.1	lncRNA	0	0	0	0.0000	0.0000	0.0000
ENSG00000223839.8	FAM95B1	transcribed_unprocessed_pseudogene	0	0	0	0.0000	0.0000	0.0000
ENSG00000223841.1	AC006484.1	processed_pseudogene	0	0	0	0.0000	0.0000	0.0000
ENSG00000223842.1	AL360093.1	lncRNA	3	2	1	0.1511	0.0375	0.0405
ENSG00000223843.5	EFCAB6-AS1	lncRNA	21	17	16	0.2903	0.0720	0.0778
ENSG00000223845.1	VN1R40P	unitary_pseudogene	0	0	0	0.0000	0.0000	0.0000
ENSG00000223847.1	AL645474.1	processed_pseudogene	0	0	0	0.0000	0.0000	0.0000
ENSG00000223849.1	AL354893.1	processed_pseudogene	11	5	6	1.7926	0.4445	0.4806
ENSG00000223850.1	MYCNUT	lncRNA	0	0	0	0.0000	0.0000	0.0000
ENSG00000223855.2	HRAT92	lncRNA	19	6	13	0.2638	0.0654	0.0707
ENSG00000223856.1	RAB9AP2	unprocessed_pseudogene	0	0	0	0.0000	0.0000	0.0000
ENSG00000223859.1	AC007403.1	lncRNA	0	0	0	0.0000	0.0000	0.0000
ENSG00000223861.1	AL365436.1	processed_pseudogene	9	4	5	1.0311	0.2557	0.2765
ENSG00000223863.1	LINC01805	lncRNA	0	0	0	0.0000	0.0000	0.0000
ENSG00000223864.1	NPM1P19	processed_pseudogene	1	0	1	0.0796	0.0198	0.0214
ENSG00000223865.11	HLA-DPB1	protein_coding	9083	5656	5667	98.6397	24.4617	26.4486
ENSG00000223866.1	AC002486.1	processed_pseudogene	0	0	0	0.0000	0.0000	0.0000
ENSG00000223867.1	AC098592.1	processed_pseudogene	0	0	0	0.0000	0.0000	0.0000
ENSG00000223869.1	AC099563.1	processed_pseudogene	0	0	0	0.0000	0.0000	0.0000
ENSG00000223870.1	AP000233.1	lncRNA	0	0	0	0.0000	0.0000	0.0000
ENSG00000223872.2	AC006372.1	lncRNA	5	2	3	0.1469	0.0364	0.0394
ENSG00000223873.1	SAP18P2	processed_pseudogene	0	0	0	0.0000	0.0000	0.0000
ENSG00000223874.2	LINC01921	lncRNA	0	0	0	0.0000	0.0000	0.0000
ENSG00000223875.2	NBEAP3	unprocessed_pseudogene	0	0	0	0.0000	0.0000	0.0000
ENSG00000223876.1	RPS27P1	processed_pseudogene	1	1	0	0.2296	0.0569	0.0616
ENSG00000223877.4	RPS8P10	unprocessed_pseudogene	0	0	0	0.0000	0.0000	0.0000
ENSG00000223878.1	PPIAP53	processed_pseudogene	7	7	11	0.8118	0.2013	0.2177
ENSG00000223880.1	LINC01078	lncRNA	0	0	0	0.0000	0.0000	0.0000
ENSG00000223881.1	AL157402.1	lncRNA	0	0	0	0.0000	0.0000	0.0000
ENSG00000223882.1	ABCC5-AS1	lncRNA	0	0	0	0.0000	0.0000	0.0000
ENSG00000223883.2	LINC01707	lncRNA	0	0	0	0.0000	0.0000	0.0000
ENSG00000223884.7	AC068481.1	lncRNA	5	2	3	0.1376	0.0341	0.0369
ENSG00000223885.4	FAM90A13P	unprocessed_pseudogene	0	0	0	0.0000	0.0000	0.0000
ENSG00000223886.3	AC073073.1	processed_pseudogene	11	3	8	1.3473	0.3341	0.3613
ENSG00000223889.1	AC073188.1	processed_pseudogene	0	0	0	0.0000	0.0000	0.0000
ENSG00000223890.1	AC008171.1	processed_pseudogene	1	0	1	0.2835	0.0703	0.0760
ENSG00000223891.6	OSER1-DT	lncRNA	2470	1283	1188	15.1611	3.7598	4.0652
ENSG00000223893.1	GNL2P1	processed_pseudogene	0	0	0	0.0000	0.0000	0.0000
ENSG00000223896.2	CCNJP2	processed_pseudogene	0	0	0	0.0000	0.0000	0.0000
ENSG00000223897.1	AC069157.1	processed_pseudogene	0	0	0	0.0000	0.0000	0.0000
ENSG00000223899.1	SEC13P1	processed_pseudogene	3	3	2	0.1795	0.0445	0.0481
ENSG00000223901.2	AP001469.1	lncRNA	10	97	86	0.5077	0.1259	0.1361
ENSG00000223903.1	RPL23P4	processed_pseudogene	0	0	0	0.0000	0.0000	0.0000
ENSG00000223904.2	HMGB1P12	processed_pseudogene	0	0	0	0.0000	0.0000	0.0000
ENSG00000223905.1	AC103592.1	processed_pseudogene	0	0	0	0.0000	0.0000	0.0000
ENSG00000223906.1	AC104457.2	lncRNA	0	0	0	0.0000	0.0000	0.0000
ENSG00000223908.5	AC068657.1	processed_pseudogene	1	0	1	0.1853	0.0460	0.0497
ENSG00000223910.1	ZNF32-AS3	lncRNA	0	0	0	0.0000	0.0000	0.0000
ENSG00000223911.1	AC009480.1	lncRNA	1	44	55	0.1376	0.0341	0.0369
ENSG00000223912.1	EEF1A1P36	processed_pseudogene	0	0	0	0.0000	0.0000	0.0000
ENSG00000223914.4	LINC02471	lncRNA	0	0	0	0.0000	0.0000	0.0000
ENSG00000223915.1	DPPA2P1	processed_pseudogene	0	0	0	0.0000	0.0000	0.0000
ENSG00000223916.1	AC097638.1	processed_pseudogene	1	0	1	0.1101	0.0273	0.0295
ENSG00000223917.1	AC009237.1	unprocessed_pseudogene	0	0	0	0.0000	0.0000	0.0000
ENSG00000223918.1	AL513328.1	processed_pseudogene	0	0	0	0.0000	0.0000	0.0000
ENSG00000223920.2	AC099791.1	processed_pseudogene	0	0	0	0.0000	0.0000	0.0000
ENSG00000223921.1	MTND1P27	processed_pseudogene	0	0	0	0.0000	0.0000	0.0000
ENSG00000223922.1	ASS1P2	processed_pseudogene	8	5	3	0.3710	0.0920	0.0995
ENSG00000223923.2	TNS1-AS1	lncRNA	9	27	30	0.2478	0.0614	0.0664
ENSG00000223928.1	NUP35P1	processed_pseudogene	1	1	0	0.0599	0.0149	0.0161
ENSG00000223930.7	AC117453.1	lncRNA	25	11	14	0.1295	0.0321	0.0347
ENSG00000223931.2	AC142381.1	unprocessed_pseudogene	2	0	2	0.3288	0.0815	0.0881
ENSG00000223935.3	LGALSL-DT	lncRNA	9	4	6	0.1596	0.0396	0.0428
ENSG00000223940.1	KRT8P8	processed_pseudogene	8	2	6	0.3133	0.0777	0.0840
ENSG00000223941.5	LINC01014	lncRNA	0	0	0	0.0000	0.0000	0.0000
ENSG00000223942.2	AL590302.1	lncRNA	0	0	0	0.0000	0.0000	0.0000
ENSG00000223944.2	AL353604.1	lncRNA	0	0	0	0.0000	0.0000	0.0000
ENSG00000223945.2	AC244033.1	processed_pseudogene	6	5	5	0.3911	0.0970	0.1049
ENSG00000223946.1	AL513008.1	lncRNA	0	0	0	0.0000	0.0000	0.0000
ENSG00000223947.1	AC016738.1	lncRNA	1	38	41	0.0163	0.0040	0.0044
ENSG00000223948.1	AC092648.1	processed_pseudogene	0	0	0	0.0000	0.0000	0.0000
ENSG00000223949.8	ROR1-AS1	lncRNA	14	6	9	0.1721	0.0427	0.0461
ENSG00000223951.1	H2ACP2	processed_pseudogene	0	0	0	0.0000	0.0000	0.0000
ENSG00000223953.6	C1QTNF5	protein_coding	1	1	0	0.0369	0.0091	0.0099
ENSG00000223955.1	MTND6P1	processed_pseudogene	0	0	0	0.0000	0.0000	0.0000
ENSG00000223956.3	LINC01767	lncRNA	5	3	2	0.1287	0.0319	0.0345
ENSG00000223958.1	AC244505.2	processed_pseudogene	0	0	0	0.0000	0.0000	0.0000
ENSG00000223959.8	AFG3L1P	transcribed_unitary_pseudogene	443	232	223	2.6356	0.6536	0.7067
ENSG00000223960.7	CHROMR	lncRNA	1195	1475	1517	6.1912	1.5353	1.6601
ENSG00000223962.1	UBBP3	processed_pseudogene	0	0	0	0.0000	0.0000	0.0000
ENSG00000223963.2	THAP12P8	processed_pseudogene	1	1	0	0.0268	0.0066	0.0072
ENSG00000223965.2	ZNF587P1	processed_pseudogene	1	0	1	0.0409	0.0101	0.0110
ENSG00000223966.1	AL159990.1	lncRNA	0	0	0	0.0000	0.0000	0.0000
ENSG00000223967.1	AL603910.1	processed_pseudogene	0	0	0	0.0000	0.0000	0.0000
ENSG00000223968.1	AC098614.1	processed_pseudogene	1	0	1	0.2224	0.0552	0.0596
ENSG00000223969.6	AC002456.1	lncRNA	22	11	11	0.2809	0.0697	0.0753
ENSG00000223970.1	AC074397.1	processed_pseudogene	0	0	0	0.0000	0.0000	0.0000
ENSG00000223972.5	DDX11L1	transcribed_unprocessed_pseudogene	0	0	0	0.0000	0.0000	0.0000
ENSG00000223973.2	PAFAH1B1P2	transcribed_processed_pseudogene	1	0	1	0.0457	0.0113	0.0123
ENSG00000223974.1	BNIP3P42	processed_pseudogene	0	0	0	0.0000	0.0000	0.0000
ENSG00000223975.1	AP001048.1	lncRNA	0	0	0	0.0000	0.0000	0.0000
ENSG00000223976.1	EXTL2P1	processed_pseudogene	0	0	0	0.0000	0.0000	0.0000
ENSG00000223977.1	AC138623.1	processed_pseudogene	0	0	0	0.0000	0.0000	0.0000
ENSG00000223978.1	ZNF736P1Y	processed_pseudogene	0	0	0	0.0000	0.0000	0.0000
ENSG00000223979.2	SMCR2	lncRNA	4	3	10	0.4022	0.0997	0.1078
ENSG00000223982.3	SNRPD2P2	processed_pseudogene	0	0	0	0.0000	0.0000	0.0000
ENSG00000223984.1	HNRNPRP1	processed_pseudogene	3	0	3	0.1004	0.0249	0.0269
ENSG00000223985.2	LINC01874	lncRNA	0	0	0	0.0000	0.0000	0.0000
ENSG00000223986.1	AC069421.1	processed_pseudogene	0	0	0	0.0000	0.0000	0.0000
ENSG00000223987.1	RPL26P28	processed_pseudogene	0	0	0	0.0000	0.0000	0.0000
ENSG00000223989.1	AL357140.1	lncRNA	0	333	346	0.0000	0.0000	0.0000
ENSG00000223991.1	AC104809.1	lncRNA	1	1	0	0.0242	0.0060	0.0065
ENSG00000223993.2	LINC02647	lncRNA	1	1	0	0.0286	0.0071	0.0077
ENSG00000223995.2	RPL32P35	processed_pseudogene	0	0	0	0.0000	0.0000	0.0000
ENSG00000223997.1	TRDD1	TR_D_gene	0	0	0	0.0000	0.0000	0.0000
ENSG00000223999.1	AC244250.1	lncRNA	0	0	0	0.0000	0.0000	0.0000
ENSG00000224000.1	Z97198.1	lncRNA	0	0	0	0.0000	0.0000	0.0000
ENSG00000224001.2	AL360081.1	processed_pseudogene	0	0	0	0.0000	0.0000	0.0000
ENSG00000224003.1	YES1P1	processed_pseudogene	29	13	16	1.0102	0.2505	0.2709
ENSG00000224004.2	ATP5F1CP1	processed_pseudogene	0	0	0	0.0000	0.0000	0.0000
ENSG00000224007.1	USP12P2	processed_pseudogene	2	1	1	0.1108	0.0275	0.0297
ENSG00000224008.1	LINC01441	lncRNA	0	0	0	0.0000	0.0000	0.0000
ENSG00000224011.1	AC110602.1	processed_pseudogene	1	0	1	0.1783	0.0442	0.0478
ENSG00000224012.3	AC116917.1	processed_pseudogene	0	0	0	0.0000	0.0000	0.0000
ENSG00000224014.1	AL390728.3	processed_pseudogene	6	3	3	1.2602	0.3125	0.3379
ENSG00000224015.1	AC063976.1	lncRNA	0	0	0	0.0000	0.0000	0.0000
ENSG00000224016.2	AC092681.1	unprocessed_pseudogene	10	9	21	1.9488	0.4833	0.5225
ENSG00000224017.2	LINC01449	lncRNA	13	8	5	0.2987	0.0741	0.0801
ENSG00000224018.2	AP000470.1	lncRNA	0	0	0	0.0000	0.0000	0.0000
ENSG00000224019.1	RPL21P32	processed_pseudogene	3	3	0	0.3567	0.0884	0.0956
ENSG00000224020.1	MIR181A2HG	lncRNA	13	7	6	1.1136	0.2762	0.2986
ENSG00000224023.10	EDRF1-DT	lncRNA	67	54	52	1.1071	0.2745	0.2969
ENSG00000224025.2	AL353616.1	processed_pseudogene	1	0	1	0.0198	0.0049	0.0053
ENSG00000224027.1	AL133456.1	lncRNA	0	0	0	0.0000	0.0000	0.0000
ENSG00000224028.1	LINC01853	lncRNA	0	0	0	0.0000	0.0000	0.0000
ENSG00000224029.1	AL450344.1	lncRNA	0	0	0	0.0000	0.0000	0.0000
ENSG00000224031.1	TCEAL3-AS1	lncRNA	1	0	1	0.1571	0.0390	0.0421
ENSG00000224032.7	EPB41L4A-AS1	lncRNA	1305	1279	1210	18.9614	4.7022	5.0842
ENSG00000224033.1	CDY8P	unprocessed_pseudogene	0	0	0	0.0000	0.0000	0.0000
ENSG00000224034.1	LINC02561	lncRNA	13	6	7	1.0654	0.2642	0.2857
ENSG00000224035.1	SFPQP1	processed_pseudogene	0	0	0	0.0000	0.0000	0.0000
ENSG00000224038.1	BX005214.1	lncRNA	0	0	0	0.0000	0.0000	0.0000
ENSG00000224039.1	CDYLP1	unprocessed_pseudogene	0	0	0	0.0000	0.0000	0.0000
ENSG00000224040.1	HMGN1P4	processed_pseudogene	3	1	2	0.5867	0.1455	0.1573
ENSG00000224041.3	IGKV3D-15	IG_V_gene	15	7	10	2.1481	0.5327	0.5760
ENSG00000224042.2	MTND4P6	processed_pseudogene	0	0	0	0.0000	0.0000	0.0000
ENSG00000224043.8	CCNT2-AS1	lncRNA	171	102	120	1.8739	0.4647	0.5025
ENSG00000224045.1	PAEPP1	transcribed_unprocessed_pseudogene	0	0	0	0.0000	0.0000	0.0000
ENSG00000224046.2	AC005076.1	lncRNA	120	58	63	7.4947	1.8586	2.0096
ENSG00000224048.6	LINC02612	lncRNA	0	0	0	0.0000	0.0000	0.0000
ENSG00000224049.1	AC108681.1	lncRNA	1	0	1	0.0729	0.0181	0.0195
ENSG00000224051.7	CPTP	protein_coding	881	439	443	19.5544	4.8493	5.2432
ENSG00000224054.1	AL022163.1	processed_pseudogene	0	0	0	0.0000	0.0000	0.0000
ENSG00000224055.1	GAPDHP55	processed_pseudogene	0	0	0	0.0000	0.0000	0.0000
ENSG00000224057.1	EGFR-AS1	lncRNA	3	31	19	0.0606	0.0150	0.0163
ENSG00000224058.2	AC006509.1	processed_pseudogene	0	0	0	0.0000	0.0000	0.0000
ENSG00000224059.1	HSPA8P16	processed_pseudogene	2	1	1	0.0608	0.0151	0.0163
ENSG00000224060.3	ARSLP1	transcribed_unprocessed_pseudogene	5	2	3	0.3626	0.0899	0.0972
ENSG00000224061.1	SRSF3P4	processed_pseudogene	1	1	0	0.1164	0.0289	0.0312
ENSG00000224062.4	TUBB4BP5	processed_pseudogene	0	0	0	0.0000	0.0000	0.0000
ENSG00000224063.6	AC007319.1	lncRNA	10	37	39	0.3106	0.0770	0.0833
ENSG00000224064.1	AL356390.1	processed_pseudogene	0	0	0	0.0000	0.0000	0.0000
ENSG00000224065.2	SRIP2	processed_pseudogene	0	0	0	0.0000	0.0000	0.0000
ENSG00000224066.1	AL049795.1	lncRNA	1	107	120	0.0418	0.0104	0.0112
ENSG00000224067.2	AL354877.1	processed_pseudogene	14	8	6	1.9224	0.4767	0.5155
ENSG00000224069.1	BX842559.1	processed_pseudogene	0	0	0	0.0000	0.0000	0.0000
ENSG00000224070.1	HMGN1P6	processed_pseudogene	0	0	0	0.0000	0.0000	0.0000
ENSG00000224071.1	DNMT3AP1	processed_pseudogene	0	0	0	0.0000	0.0000	0.0000
ENSG00000224072.1	VEZTP1	processed_pseudogene	7	4	3	0.1727	0.0428	0.0463
ENSG00000224074.3	LINC00691	lncRNA	1	1	0	0.0165	0.0041	0.0044
ENSG00000224075.2	TTTY22	lncRNA	0	0	0	0.0000	0.0000	0.0000
ENSG00000224076.5	AC009487.1	lncRNA	0	0	0	0.0000	0.0000	0.0000
ENSG00000224077.1	AP000936.1	lncRNA	0	0	0	0.0000	0.0000	0.0000
ENSG00000224078.15	SNHG14	lncRNA	2124	1401	1468	0.9824	0.2436	0.2634
ENSG00000224079.1	AC091729.1	lncRNA	5	4	1	0.3263	0.0809	0.0875
ENSG00000224080.1	UBE2FP1	processed_pseudogene	11	4	8	1.3955	0.3461	0.3742
ENSG00000224081.9	SLC44A3-AS1	transcribed_processed_pseudogene	462	230	232	2.5573	0.6342	0.6857
ENSG00000224082.1	UBTFL8	unprocessed_pseudogene	0	0	0	0.0000	0.0000	0.0000
ENSG00000224083.1	MTCO1P11	unprocessed_pseudogene	1	1	0	0.0371	0.0092	0.0100
ENSG00000224085.3	RPL23AP41	processed_pseudogene	0	0	0	0.0000	0.0000	0.0000
ENSG00000224086.6	PPM1F-AS1	lncRNA	168	554	565	0.2515	0.0624	0.0674
ENSG00000224087.1	POTEF-AS1	lncRNA	0	0	0	0.0000	0.0000	0.0000
ENSG00000224089.3	CT47A10	protein_coding	0	0	0	0.0000	0.0000	0.0000
ENSG00000224090.1	AC097468.1	lncRNA	0	0	0	0.0000	0.0000	0.0000
ENSG00000224091.1	AC104389.2	lncRNA	0	0	0	0.0000	0.0000	0.0000
ENSG00000224092.1	AL591644.1	processed_pseudogene	0	0	0	0.0000	0.0000	0.0000
ENSG00000224093.5	BCAR3-AS1	lncRNA	13	162	150	0.3773	0.0936	0.1012
ENSG00000224094.1	RPS24P8	processed_pseudogene	33	16	17	4.6553	1.1545	1.2482
ENSG00000224095.1	LINC01935	lncRNA	0	0	0	0.0000	0.0000	0.0000
ENSG00000224097.5	AC021148.1	transcribed_processed_pseudogene	11	5	6	0.3778	0.0937	0.1013
ENSG00000224099.2	AC104823.1	lncRNA	0	0	0	0.0000	0.0000	0.0000
ENSG00000224100.1	AP001630.1	lncRNA	4	3	1	0.5191	0.1287	0.1392
ENSG00000224101.1	ELMO1-AS1	lncRNA	0	49	38	0.0000	0.0000	0.0000
ENSG00000224104.1	AC079809.1	processed_pseudogene	0	0	0	0.0000	0.0000	0.0000
ENSG00000224106.1	CYP4F25P	unprocessed_pseudogene	0	0	0	0.0000	0.0000	0.0000
ENSG00000224107.5	ETDB	protein_coding	0	0	0	0.0000	0.0000	0.0000
ENSG00000224109.3	CENPVL3	protein_coding	0	0	0	0.0000	0.0000	0.0000
ENSG00000224110.3	MTRF1LP2	processed_pseudogene	2	1	1	0.1011	0.0251	0.0271
ENSG00000224114.1	AL591846.1	processed_pseudogene	75	31	44	9.8227	2.4359	2.6338
ENSG00000224116.7	INHBA-AS1	lncRNA	55	36	21	0.5432	0.1347	0.1456
ENSG00000224117.1	PTPN2P2	processed_pseudogene	1	0	1	0.0554	0.0137	0.0148
ENSG00000224121.1	ATG12P2	processed_pseudogene	3	2	1	0.4090	0.1014	0.1097
ENSG00000224122.2	POU6F2-AS1	lncRNA	0	0	0	0.0000	0.0000	0.0000
ENSG00000224124.3	POM121L10P	processed_pseudogene	0	0	0	0.0000	0.0000	0.0000
ENSG00000224126.2	UBE2SP2	processed_pseudogene	1	0	1	0.1141	0.0283	0.0306
ENSG00000224127.1	AC099786.1	lncRNA	0	0	0	0.0000	0.0000	0.0000
ENSG00000224128.1	LINC01248	lncRNA	0	0	0	0.0000	0.0000	0.0000
ENSG00000224129.1	DPPA2P2	processed_pseudogene	0	0	0	0.0000	0.0000	0.0000
ENSG00000224132.2	AC112715.1	lncRNA	16	10	6	2.5925	0.6429	0.6951
ENSG00000224134.1	AC004866.2	unprocessed_pseudogene	0	0	0	0.0000	0.0000	0.0000
ENSG00000224136.1	AC007568.1	processed_pseudogene	1	1	0	0.1204	0.0299	0.0323
ENSG00000224137.1	LINC01857	lncRNA	11	4	7	1.2679	0.3144	0.3400
ENSG00000224138.1	AC000123.1	lncRNA	41	32	35	4.5060	1.1174	1.2082
ENSG00000224141.6	MIR548XHG	lncRNA	1	0	1	0.0207	0.0051	0.0056
ENSG00000224142.1	AMMECR1-IT1	lncRNA	1	1	0	0.1011	0.0251	0.0271
ENSG00000224144.1	ASH2LP1	processed_pseudogene	0	0	0	0.0000	0.0000	0.0000
ENSG00000224149.1	AC099786.2	lncRNA	0	0	0	0.0000	0.0000	0.0000
ENSG00000224151.1	USP9YP28	unprocessed_pseudogene	0	0	0	0.0000	0.0000	0.0000
ENSG00000224152.1	AC009506.1	lncRNA	56	104	93	2.1257	0.5271	0.5700
ENSG00000224153.3	LINC02054	lncRNA	4	1	4	0.0559	0.0139	0.0150
ENSG00000224155.2	AC073136.2	processed_pseudogene	1	0	1	0.0668	0.0166	0.0179
ENSG00000224157.1	HCG14	lncRNA	3	3	0	0.4119	0.1022	0.1105
ENSG00000224159.1	HMGB1P9	processed_pseudogene	0	0	0	0.0000	0.0000	0.0000
ENSG00000224160.1	CICP10	processed_pseudogene	0	0	0	0.0000	0.0000	0.0000
ENSG00000224161.3	RPS26P54	processed_pseudogene	0	0	0	0.0000	0.0000	0.0000
ENSG00000224162.1	UQCRHP3	processed_pseudogene	0	0	0	0.0000	0.0000	0.0000
ENSG00000224163.4	AC025594.1	unprocessed_pseudogene	2	1	1	0.2089	0.0518	0.0560
ENSG00000224164.2	LINC02828	lncRNA	5	3	3	0.3274	0.0812	0.0878
ENSG00000224165.6	DNAJC27-AS1	lncRNA	125	68	66	1.2249	0.3038	0.3284
ENSG00000224166.1	PRYP1	unprocessed_pseudogene	0	0	0	0.0000	0.0000	0.0000
ENSG00000224167.2	LINC01357	lncRNA	0	1	2	0.0000	0.0000	0.0000
ENSG00000224169.1	HSFY6P	unprocessed_pseudogene	0	0	0	0.0000	0.0000	0.0000
ENSG00000224172.1	AC091799.1	processed_pseudogene	14	5	9	0.9790	0.2428	0.2625
ENSG00000224173.2	LINC02831	lncRNA	0	0	0	0.0000	0.0000	0.0000
ENSG00000224174.2	AL137802.1	lncRNA	0	0	0	0.0000	0.0000	0.0000
ENSG00000224177.8	LINC00570	lncRNA	6	5	1	0.1564	0.0388	0.0419
ENSG00000224183.1	SDHDP6	processed_pseudogene	8	4	4	0.9452	0.2344	0.2534
ENSG00000224184.6	MIR3681HG	lncRNA	16	14	6	0.1075	0.0266	0.0288
ENSG00000224185.1	SNX18P9	processed_pseudogene	1	1	0	0.0679	0.0168	0.0182
ENSG00000224186.8	C5orf66	lncRNA	65	3136	3149	0.5543	0.1375	0.1486
ENSG00000224187.1	LINC01991	lncRNA	1	0	1	0.0331	0.0082	0.0089
ENSG00000224188.1	UBE2D3P4	processed_pseudogene	0	0	0	0.0000	0.0000	0.0000
ENSG00000224189.8	HAGLR	lncRNA	199	104	105	2.2042	0.5466	0.5910
ENSG00000224190.2	LINC02667	lncRNA	0	0	0	0.0000	0.0000	0.0000
ENSG00000224192.2	SEZ6L-AS1	lncRNA	0	0	0	0.0000	0.0000	0.0000
ENSG00000224194.1	AC008278.1	lncRNA	0	0	0	0.0000	0.0000	0.0000
ENSG00000224195.1	AC022400.1	lncRNA	16	131	149	2.0390	0.5057	0.5467
ENSG00000224203.2	RPS23P10	unprocessed_pseudogene	0	1	0	0.0000	0.0000	0.0000
ENSG00000224204.1	PHEX-AS1	lncRNA	0	0	0	0.0000	0.0000	0.0000
ENSG00000224205.2	AC253536.1	transcribed_unprocessed_pseudogene	12	3	9	0.9736	0.2414	0.2610
ENSG00000224207.3	AC018797.1	processed_pseudogene	0	1	1	0.0000	0.0000	0.0000
ENSG00000224208.1	ZCRB1P1	processed_pseudogene	6	2	4	0.5317	0.1318	0.1426
ENSG00000224209.8	LINC00466	lncRNA	13	8	8	0.1002	0.0248	0.0269
ENSG00000224210.1	TRIM60P5Y	processed_pseudogene	0	0	0	0.0000	0.0000	0.0000
ENSG00000224215.1	AL606469.1	lncRNA	4	6	7	0.2543	0.0631	0.0682
ENSG00000224216.1	AC234781.1	lncRNA	8	3	5	0.2636	0.0654	0.0707
ENSG00000224217.1	PRPF4BP1	processed_pseudogene	0	0	0	0.0000	0.0000	0.0000
ENSG00000224218.1	AC107072.1	lncRNA	0	0	0	0.0000	0.0000	0.0000
ENSG00000224219.1	SEC61GP1	processed_pseudogene	0	0	0	0.0000	0.0000	0.0000
ENSG00000224220.1	DTNB-AS1	lncRNA	3	46	51	0.4109	0.1019	0.1102
ENSG00000224221.1	RPS6P8	processed_pseudogene	0	0	0	0.0000	0.0000	0.0000
ENSG00000224222.2	LINC02636	lncRNA	3	2	1	0.1114	0.0276	0.0299
ENSG00000224223.1	VSTM2A-OT1	lncRNA	0	0	0	0.0000	0.0000	0.0000
ENSG00000224224.1	HAUS1P2	processed_pseudogene	6	2	4	0.4340	0.1076	0.1164
ENSG00000224227.3	OR2L1P	transcribed_unprocessed_pseudogene	0	0	0	0.0000	0.0000	0.0000
ENSG00000224228.2	AL031599.1	lncRNA	1	0	1	0.0702	0.0174	0.0188
ENSG00000224231.2	LINC01832	lncRNA	1	0	1	0.0310	0.0077	0.0083
ENSG00000224232.1	KCTD5P1	processed_pseudogene	6	3	3	0.5019	0.1245	0.1346
ENSG00000224233.1	OR2J4P	unprocessed_pseudogene	0	0	0	0.0000	0.0000	0.0000
ENSG00000224236.3	MRRFP1	processed_pseudogene	2	1	1	0.0677	0.0168	0.0182
ENSG00000224237.1	MICOS10P3	processed_pseudogene	41	22	19	11.4537	2.8404	3.0711
ENSG00000224238.2	WARS2-IT1	lncRNA	6	2	4	0.1652	0.0410	0.0443
ENSG00000224239.1	AC090044.1	lncRNA	3	2	1	0.3423	0.0849	0.0918
ENSG00000224240.1	CYCSP49	processed_pseudogene	0	0	0	0.0000	0.0000	0.0000
ENSG00000224243.2	SOX1-OT	lncRNA	0	0	0	0.0000	0.0000	0.0000
ENSG00000224244.1	AC073508.1	unprocessed_pseudogene	0	0	0	0.0000	0.0000	0.0000
ENSG00000224245.1	AL358232.1	unprocessed_pseudogene	3	0	3	0.3396	0.0842	0.0911
ENSG00000224247.1	AJ009632.1	lncRNA	0	0	0	0.0000	0.0000	0.0000
ENSG00000224250.1	AC025947.1	lncRNA	0	0	0	0.0000	0.0000	0.0000
ENSG00000224251.6	AL391427.1	lncRNA	5	1	7	0.5883	0.1459	0.1577
ENSG00000224252.1	AC113618.1	processed_pseudogene	0	0	0	0.0000	0.0000	0.0000
ENSG00000224254.2	MTCO1P39	unprocessed_pseudogene	0	0	0	0.0000	0.0000	0.0000
ENSG00000224255.2	PDCL3P6	processed_pseudogene	0	0	0	0.0000	0.0000	0.0000
ENSG00000224256.1	Z93930.1	processed_pseudogene	0	0	0	0.0000	0.0000	0.0000
ENSG00000224257.1	VWC2L-IT1	lncRNA	0	0	0	0.0000	0.0000	0.0000
ENSG00000224259.7	LINC01133	lncRNA	11	8	3	0.1697	0.0421	0.0455
ENSG00000224260.6	AL023754.1	lncRNA	0	0	0	0.0000	0.0000	0.0000
ENSG00000224261.2	RPSAP18	processed_pseudogene	6	3	3	0.3840	0.0952	0.1030
ENSG00000224263.1	CYCSP12	processed_pseudogene	0	0	0	0.0000	0.0000	0.0000
ENSG00000224265.1	LINC02633	lncRNA	0	0	0	0.0000	0.0000	0.0000
ENSG00000224267.1	AL772155.1	lncRNA	0	0	0	0.0000	0.0000	0.0000
ENSG00000224269.1	AP000697.1	lncRNA	0	0	0	0.0000	0.0000	0.0000
ENSG00000224271.7	AL117329.1	lncRNA	347	182	170	0.5855	0.1452	0.1570
ENSG00000224272.2	AC131097.2	lncRNA	3	3	1	0.0756	0.0188	0.0203
ENSG00000224273.2	AC005077.2	transcribed_unprocessed_pseudogene	0	0	0	0.0000	0.0000	0.0000
ENSG00000224274.1	ENSAP1	processed_pseudogene	0	0	0	0.0000	0.0000	0.0000
ENSG00000224276.1	ARHGEF2-AS1	lncRNA	0	0	0	0.0000	0.0000	0.0000
ENSG00000224277.5	AP000345.1	lncRNA	0	0	0	0.0000	0.0000	0.0000
ENSG00000224278.1	AL592447.1	processed_pseudogene	0	0	0	0.0000	0.0000	0.0000
ENSG00000224279.2	RPS29P31	processed_pseudogene	0	0	0	0.0000	0.0000	0.0000
ENSG00000224280.1	AC005014.1	processed_pseudogene	1	0	1	0.0191	0.0047	0.0051
ENSG00000224281.5	SLC25A5-AS1	lncRNA	145	1195	1130	2.6163	0.6488	0.7015
ENSG00000224282.3	AC010469.1	processed_pseudogene	0	0	0	0.0000	0.0000	0.0000
ENSG00000224286.6	LINC01142	lncRNA	9	6	3	0.2829	0.0702	0.0759
ENSG00000224287.2	MSL3P1	transcribed_processed_pseudogene	0	0	0	0.0000	0.0000	0.0000
ENSG00000224288.2	MTCYBP11	processed_pseudogene	0	0	0	0.0000	0.0000	0.0000
ENSG00000224289.1	IFIT6P	unprocessed_pseudogene	0	0	0	0.0000	0.0000	0.0000
ENSG00000224291.1	RPL38P6	processed_pseudogene	0	0	0	0.0000	0.0000	0.0000
ENSG00000224292.1	AF196972.1	lncRNA	11	5	6	0.9553	0.2369	0.2561
ENSG00000224294.1	PINCR	lncRNA	26	15	11	0.6618	0.1641	0.1774
ENSG00000224295.3	OLFM5P	unitary_pseudogene	4	3	1	0.1534	0.0380	0.0411
ENSG00000224296.3	MRPL49P1	processed_pseudogene	0	0	0	0.0000	0.0000	0.0000
ENSG00000224297.2	AL158825.1	processed_pseudogene	0	0	0	0.0000	0.0000	0.0000
ENSG00000224299.1	MTATP6P16	unprocessed_pseudogene	0	0	0	0.0000	0.0000	0.0000
ENSG00000224300.1	OR51P1P	unprocessed_pseudogene	0	0	0	0.0000	0.0000	0.0000
ENSG00000224301.2	AL590502.1	lncRNA	0	0	0	0.0000	0.0000	0.0000
ENSG00000224302.1	AL500527.1	processed_pseudogene	0	0	0	0.0000	0.0000	0.0000
ENSG00000224307.2	AL161785.1	lncRNA	18	5	13	0.8578	0.2127	0.2300
ENSG00000224308.1	LINC01527	lncRNA	0	0	0	0.0000	0.0000	0.0000
ENSG00000224309.7	ANKRD30BP2	transcribed_unprocessed_pseudogene	0	0	0	0.0000	0.0000	0.0000
ENSG00000224310.1	LINC01567	lncRNA	0	0	0	0.0000	0.0000	0.0000
ENSG00000224311.1	AL590640.1	lncRNA	0	0	0	0.0000	0.0000	0.0000
ENSG00000224312.1	MCCD1P2	unprocessed_pseudogene	2	1	1	0.3386	0.0840	0.0908
ENSG00000224314.1	TCERG1P1	processed_pseudogene	0	0	0	0.0000	0.0000	0.0000
ENSG00000224315.2	RPL7P7	processed_pseudogene	1	0	1	0.0807	0.0200	0.0216
ENSG00000224316.1	GTF2IP5	unprocessed_pseudogene	23	9	14	1.7843	0.4425	0.4784
ENSG00000224318.6	CHL1-AS2	lncRNA	0	2	1	0.0000	0.0000	0.0000
ENSG00000224321.1	RPL12P14	processed_pseudogene	6	2	4	0.6944	0.1722	0.1862
ENSG00000224322.2	AC004009.1	lncRNA	0	0	0	0.0000	0.0000	0.0000
ENSG00000224323.2	DPRXP1	processed_pseudogene	0	0	0	0.0000	0.0000	0.0000
ENSG00000224324.1	THAP5P1	processed_pseudogene	2	0	2	0.4329	0.1074	0.1161
ENSG00000224326.1	AL136234.1	lncRNA	0	0	0	0.0000	0.0000	0.0000
ENSG00000224328.1	MDC1-AS1	lncRNA	0	287	279	0.0000	0.0000	0.0000
ENSG00000224329.2	LINC00297	lncRNA	0	0	0	0.0000	0.0000	0.0000
ENSG00000224330.2	AC005019.2	lncRNA	0	0	0	0.0000	0.0000	0.0000
ENSG00000224331.2	AC019181.1	processed_pseudogene	3	1	2	0.5488	0.1361	0.1472
ENSG00000224333.1	GAPDHP20	processed_pseudogene	1	0	1	0.0563	0.0140	0.0151
ENSG00000224334.1	AP000357.1	processed_pseudogene	7	4	3	0.3407	0.0845	0.0914
ENSG00000224335.2	AC239809.1	unprocessed_pseudogene	3	1	2	0.7840	0.1944	0.2102
ENSG00000224336.2	FAM197Y1	unprocessed_pseudogene	0	0	0	0.0000	0.0000	0.0000
ENSG00000224337.1	FAM8A3P	processed_pseudogene	0	0	0	0.0000	0.0000	0.0000
ENSG00000224338.2	MTCYBP45	processed_pseudogene	0	0	0	0.0000	0.0000	0.0000
ENSG00000224339.1	SC4MOP	processed_pseudogene	0	0	0	0.0000	0.0000	0.0000
ENSG00000224340.1	AL590639.1	processed_pseudogene	2	2	0	0.3366	0.0835	0.0902
ENSG00000224341.1	AKR7A2P2	processed_pseudogene	0	0	0	0.0000	0.0000	0.0000
ENSG00000224342.1	AC007879.1	lncRNA	0	0	0	0.0000	0.0000	0.0000
ENSG00000224344.1	KNOP1P3	processed_pseudogene	0	0	0	0.0000	0.0000	0.0000
ENSG00000224346.1	BICD1P1	processed_pseudogene	1	0	1	0.0464	0.0115	0.0124
ENSG00000224347.6	SCEL-AS1	lncRNA	0	0	0	0.0000	0.0000	0.0000
ENSG00000224348.2	AL592076.1	processed_pseudogene	0	0	0	0.0000	0.0000	0.0000
ENSG00000224349.2	FAM135A-AS1	lncRNA	0	2	1	0.0000	0.0000	0.0000
ENSG00000224351.2	CDKN2AIPNLP3	processed_pseudogene	0	0	0	0.0000	0.0000	0.0000
ENSG00000224352.1	AC132479.1	unprocessed_pseudogene	0	0	0	0.0000	0.0000	0.0000
ENSG00000224353.2	ACE3P	transcribed_unprocessed_pseudogene	0	0	0	0.0000	0.0000	0.0000
ENSG00000224354.2	MTND2P5	processed_pseudogene	0	0	0	0.0000	0.0000	0.0000
ENSG00000224356.5	AL356966.1	lncRNA	6	6	4	0.0936	0.0232	0.0251
ENSG00000224357.1	ATG3P1	processed_pseudogene	0	0	0	0.0000	0.0000	0.0000
ENSG00000224358.1	TMCO1-AS1	lncRNA	31	21	12	0.8177	0.2028	0.2192
ENSG00000224359.2	AL358176.1	lncRNA	0	0	0	0.0000	0.0000	0.0000
ENSG00000224361.1	AC011239.1	lncRNA	1	1	0	0.0971	0.0241	0.0260
ENSG00000224363.2	FP700111.1	lncRNA	0	0	0	0.0000	0.0000	0.0000
ENSG00000224365.1	AC073261.1	processed_pseudogene	0	0	0	0.0000	0.0000	0.0000
ENSG00000224366.1	AC243964.1	unprocessed_pseudogene	0	0	0	0.0000	0.0000	0.0000
ENSG00000224367.6	OACYLP	transcribed_unitary_pseudogene	12	5	7	0.2149	0.0533	0.0576
ENSG00000224368.1	ARAFP2	processed_pseudogene	0	0	0	0.0000	0.0000	0.0000
ENSG00000224370.1	AC093392.2	processed_pseudogene	0	0	0	0.0000	0.0000	0.0000
ENSG00000224371.6	AL391361.2	lncRNA	0	0	0	0.0000	0.0000	0.0000
ENSG00000224372.1	HLA-N	unprocessed_pseudogene	0	0	0	0.0000	0.0000	0.0000
ENSG00000224373.3	IGHV4-59	IG_V_gene	190	95	95	21.7675	5.3981	5.8366
ENSG00000224374.1	AL023693.1	lncRNA	0	0	0	0.0000	0.0000	0.0000
ENSG00000224375.1	AC009276.1	lncRNA	0	0	0	0.0000	0.0000	0.0000
ENSG00000224376.1	AC017104.1	lncRNA	116	54	62	4.1192	1.0215	1.1045
ENSG00000224382.2	LINC00703	lncRNA	0	0	0	0.0000	0.0000	0.0000
ENSG00000224383.8	PRR29	protein_coding	41	172	175	0.5612	0.1392	0.1505
ENSG00000224384.1	AL033379.1	lncRNA	0	2	4	0.0000	0.0000	0.0000
ENSG00000224387.1	AL139246.1	lncRNA	1	1	0	0.1246	0.0309	0.0334
ENSG00000224388.1	BACE2-IT1	lncRNA	0	0	0	0.0000	0.0000	0.0000
ENSG00000224389.9	C4B	protein_coding	12323	6245	6083	97.4125	24.1573	26.1195
ENSG00000224391.1	LINC01280	lncRNA	0	0	0	0.0000	0.0000	0.0000
ENSG00000224394.1	GPC6-AS2	lncRNA	2	0	2	0.1932	0.0479	0.0518
ENSG00000224396.1	METTL15P3	processed_pseudogene	0	0	0	0.0000	0.0000	0.0000
ENSG00000224397.7	PELATON	lncRNA	146	73	73	1.1204	0.2778	0.3004
ENSG00000224400.5	AC010880.1	lncRNA	0	0	0	0.0000	0.0000	0.0000
ENSG00000224401.2	RPL7P57	processed_pseudogene	5	1	4	0.3832	0.0950	0.1027
ENSG00000224402.2	OR6D1P	transcribed_unitary_pseudogene	0	0	0	0.0000	0.0000	0.0000
ENSG00000224403.1	DPPA2P3	processed_pseudogene	2	0	2	0.1732	0.0429	0.0464
ENSG00000224404.2	Z68323.1	lncRNA	0	0	0	0.0000	0.0000	0.0000
ENSG00000224405.1	LINC00572	lncRNA	2	0	2	0.1973	0.0489	0.0529
ENSG00000224406.6	LINC02052	lncRNA	0	0	0	0.0000	0.0000	0.0000
ENSG00000224407.1	AL136988.1	lncRNA	0	1023	1085	0.0000	0.0000	0.0000
ENSG00000224408.1	USP9YP22	unprocessed_pseudogene	0	0	0	0.0000	0.0000	0.0000
ENSG00000224409.1	AC114489.1	lncRNA	3	1	2	0.4307	0.1068	0.1155
ENSG00000224410.1	AC097499.1	processed_pseudogene	0	0	0	0.0000	0.0000	0.0000
ENSG00000224411.3	HSP90AA2P	processed_pseudogene	34	15	19	0.8780	0.2177	0.2354
ENSG00000224412.1	AC022022.1	processed_pseudogene	1	1	0	0.3186	0.0790	0.0854
ENSG00000224413.1	AP001476.1	lncRNA	6	4	2	0.1548	0.0384	0.0415
ENSG00000224414.1	AC010886.1	processed_pseudogene	1	0	1	0.0198	0.0049	0.0053
ENSG00000224415.1	AC007683.1	processed_pseudogene	12	5	7	1.1515	0.2856	0.3087
ENSG00000224416.2	IFNA22P	unprocessed_pseudogene	0	0	0	0.0000	0.0000	0.0000
ENSG00000224417.2	AL606970.1	lncRNA	0	0	0	0.0000	0.0000	0.0000
ENSG00000224418.1	STK24-AS1	lncRNA	16	12	8	0.7100	0.1761	0.1904
ENSG00000224419.1	KRT18P27	processed_pseudogene	0	0	0	0.0000	0.0000	0.0000
ENSG00000224420.3	ADM5	protein_coding	9	6	4	0.2971	0.0737	0.0797
ENSG00000224421.1	ATP5MFP1	processed_pseudogene	0	0	0	0.0000	0.0000	0.0000
ENSG00000224424.8	PRKAR2A-AS1	lncRNA	258	162	128	3.3177	0.8228	0.8896
ENSG00000224425.2	SSBP3P2	processed_pseudogene	1	1	0	0.0553	0.0137	0.0148
ENSG00000224426.1	SLC31A1P1	processed_pseudogene	1	1	0	0.1000	0.0248	0.0268
ENSG00000224427.1	AP000281.1	processed_pseudogene	4	1	3	0.7178	0.1780	0.1925
ENSG00000224429.8	LINC00539	lncRNA	75	45	57	0.9843	0.2441	0.2639
ENSG00000224430.2	MKRN5P	processed_pseudogene	4	2	2	0.1546	0.0383	0.0415
ENSG00000224431.1	AC063976.2	processed_pseudogene	36	17	19	0.5741	0.1424	0.1539
ENSG00000224435.2	NF1P6	unprocessed_pseudogene	0	0	0	0.0000	0.0000	0.0000
ENSG00000224436.1	BX323014.1	processed_pseudogene	0	0	0	0.0000	0.0000	0.0000
ENSG00000224437.2	PIGUP1	processed_pseudogene	2	0	2	0.2246	0.0557	0.0602
ENSG00000224438.3	RPL23AP14	processed_pseudogene	0	0	0	0.0000	0.0000	0.0000
ENSG00000224439.2	RPSAP10	processed_pseudogene	0	0	0	0.0000	0.0000	0.0000
ENSG00000224440.1	CXorf51A	protein_coding	0	0	0	0.0000	0.0000	0.0000
ENSG00000224442.1	RPL4P7	processed_pseudogene	0	0	0	0.0000	0.0000	0.0000
ENSG00000224443.1	NME2P2	processed_pseudogene	0	0	0	0.0000	0.0000	0.0000
ENSG00000224445.3	LINC01708	lncRNA	0	0	0	0.0000	0.0000	0.0000
ENSG00000224447.1	H3P26	unprocessed_pseudogene	0	0	0	0.0000	0.0000	0.0000
ENSG00000224448.1	AC005020.1	processed_pseudogene	2	2	0	0.2156	0.0535	0.0578
ENSG00000224451.2	ATP5PBP1	processed_pseudogene	1	0	1	0.0997	0.0247	0.0267
ENSG00000224452.1	RSL24D1P6	processed_pseudogene	23	15	10	3.2527	0.8066	0.8722
ENSG00000224458.3	GUSBP6	transcribed_unprocessed_pseudogene	0	0	0	0.0000	0.0000	0.0000
ENSG00000224459.1	SLC25A34-AS1	lncRNA	0	6	4	0.0000	0.0000	0.0000
ENSG00000224462.2	C4BPAP1	unprocessed_pseudogene	1	1	0	0.0300	0.0074	0.0080
ENSG00000224463.1	RPL39P14	processed_pseudogene	0	0	0	0.0000	0.0000	0.0000
ENSG00000224464.2	PGAM1P6	processed_pseudogene	0	0	0	0.0000	0.0000	0.0000
ENSG00000224465.1	SOCS2P2	processed_pseudogene	0	0	0	0.0000	0.0000	0.0000
ENSG00000224466.1	CDCA4P2	processed_pseudogene	0	0	0	0.0000	0.0000	0.0000
ENSG00000224467.1	TANK-AS1	lncRNA	0	0	0	0.0000	0.0000	0.0000
ENSG00000224468.3	LAMC1-AS1	lncRNA	7	4	3	0.8287	0.2055	0.2222
ENSG00000224469.1	AC009517.1	processed_pseudogene	0	0	0	0.0000	0.0000	0.0000
ENSG00000224470.8	ATXN1L	protein_coding	3435	1721	1760	22.7782	5.6488	6.1076
ENSG00000224471.2	MTCO3P19	processed_pseudogene	0	0	0	0.0000	0.0000	0.0000
ENSG00000224473.1	CCND3P1	processed_pseudogene	4	3	1	0.3911	0.0970	0.1049
ENSG00000224475.1	AC073900.1	processed_pseudogene	0	0	0	0.0000	0.0000	0.0000
ENSG00000224476.3	RPL36P16	processed_pseudogene	0	0	0	0.0000	0.0000	0.0000
ENSG00000224477.5	AL109933.1	lncRNA	0	0	0	0.0000	0.0000	0.0000
ENSG00000224478.3	AL356417.1	lncRNA	2	2	0	0.0446	0.0111	0.0119
ENSG00000224479.6	AC104162.1	transcribed_unitary_pseudogene	15	8	7	0.2359	0.0585	0.0633
ENSG00000224481.3	AC245100.1	lncRNA	1	2	2	0.0167	0.0042	0.0045
ENSG00000224482.1	HSFY4P	unprocessed_pseudogene	0	0	0	0.0000	0.0000	0.0000
ENSG00000224484.1	AC023141.2	unprocessed_pseudogene	0	0	0	0.0000	0.0000	0.0000
ENSG00000224485.1	USP9YP7	unprocessed_pseudogene	0	0	0	0.0000	0.0000	0.0000
ENSG00000224486.1	AL662795.1	processed_pseudogene	0	0	0	0.0000	0.0000	0.0000
ENSG00000224488.1	SAMM50P1	processed_pseudogene	0	1	0	0.0000	0.0000	0.0000
ENSG00000224490.5	TTC21B-AS1	lncRNA	1	46	39	0.0222	0.0055	0.0059
ENSG00000224493.1	AC093156.1	processed_pseudogene	0	0	0	0.0000	0.0000	0.0000
ENSG00000224494.1	HNRNPA3P14	processed_pseudogene	1	0	1	0.0493	0.0122	0.0132
ENSG00000224497.1	RPL36P4	processed_pseudogene	0	14	7	0.0000	0.0000	0.0000
ENSG00000224498.1	MAPKAPK5P1	processed_pseudogene	0	0	0	0.0000	0.0000	0.0000
ENSG00000224500.1	AL731575.1	lncRNA	0	0	0	0.0000	0.0000	0.0000
ENSG00000224504.2	AC025428.1	lncRNA	0	0	0	0.0000	0.0000	0.0000
ENSG00000224505.2	AC138150.1	lncRNA	7	627	632	0.5704	0.1414	0.1529
ENSG00000224506.3	LINC02523	lncRNA	0	0	0	0.0000	0.0000	0.0000
ENSG00000224509.2	MRPS9-AS2	lncRNA	0	1	0	0.0000	0.0000	0.0000
ENSG00000224510.2	POLR2KP2	processed_pseudogene	0	0	0	0.0000	0.0000	0.0000
ENSG00000224511.2	LINC00365	lncRNA	62	31	31	0.9231	0.2289	0.2475
ENSG00000224513.2	AC109309.1	lncRNA	0	4	6	0.0000	0.0000	0.0000
ENSG00000224514.3	LINC00620	lncRNA	1	0	1	0.0543	0.0135	0.0146
ENSG00000224515.1	AL590385.1	lncRNA	0	0	0	0.0000	0.0000	0.0000
ENSG00000224516.5	AC068134.1	lncRNA	0	0	0	0.0000	0.0000	0.0000
ENSG00000224517.6	HTR2A-AS1	lncRNA	0	0	0	0.0000	0.0000	0.0000
ENSG00000224518.2	AC006989.1	processed_pseudogene	0	0	0	0.0000	0.0000	0.0000
ENSG00000224519.1	HMGN1P19	processed_pseudogene	0	0	0	0.0000	0.0000	0.0000
ENSG00000224520.2	KRT8P45	processed_pseudogene	35	14	23	1.3717	0.3402	0.3678
ENSG00000224521.2	AC098483.1	lncRNA	0	0	0	0.0000	0.0000	0.0000
ENSG00000224523.1	AL445213.1	unprocessed_pseudogene	0	0	0	0.0000	0.0000	0.0000
ENSG00000224524.1	CYCSP42	processed_pseudogene	0	0	0	0.0000	0.0000	0.0000
ENSG00000224525.2	AL591686.1	lncRNA	1	0	1	0.0740	0.0184	0.0199
ENSG00000224529.1	AC093698.1	processed_pseudogene	0	0	0	0.0000	0.0000	0.0000
ENSG00000224530.1	PPIAP10	processed_pseudogene	0	0	0	0.0000	0.0000	0.0000
ENSG00000224531.6	SMIM13	protein_coding	1374	714	660	15.9442	3.9540	4.2752
ENSG00000224532.2	AL136361.1	lncRNA	0	0	0	0.0000	0.0000	0.0000
ENSG00000224533.4	TMLHE-AS1	lncRNA	6	3	3	0.1844	0.0457	0.0494
ENSG00000224535.2	LINC02771	lncRNA	4	3	1	0.2598	0.0644	0.0697
ENSG00000224536.2	AC096677.1	lncRNA	153	78	91	5.7234	1.4193	1.5346
ENSG00000224537.1	MEP1AP4	unprocessed_pseudogene	0	0	0	0.0000	0.0000	0.0000
ENSG00000224539.1	SAGE4P	unprocessed_pseudogene	0	0	0	0.0000	0.0000	0.0000
ENSG00000224540.1	TFDP1P1	processed_pseudogene	0	0	0	0.0000	0.0000	0.0000
ENSG00000224541.1	AP001439.1	lncRNA	4	2	2	0.5787	0.1435	0.1552
ENSG00000224543.4	SNRPGP15	processed_pseudogene	14	9	5	3.5763	0.8869	0.9589
ENSG00000224545.1	AC008264.1	processed_pseudogene	0	0	0	0.0000	0.0000	0.0000
ENSG00000224546.2	EIF4BP3	processed_pseudogene	43	27	16	1.3181	0.3269	0.3534
ENSG00000224547.1	ZNF619P1	processed_pseudogene	0	0	0	0.0000	0.0000	0.0000
ENSG00000224548.1	Z75741.1	processed_pseudogene	0	0	0	0.0000	0.0000	0.0000
ENSG00000224549.1	AC017067.1	lncRNA	0	0	0	0.0000	0.0000	0.0000
ENSG00000224550.1	NDUFA4P1	processed_pseudogene	2	0	2	0.4611	0.1143	0.1236
ENSG00000224551.1	HMGB3P21	processed_pseudogene	0	0	0	0.0000	0.0000	0.0000
ENSG00000224553.1	RPS26P20	processed_pseudogene	1	0	1	0.1630	0.0404	0.0437
ENSG00000224555.3	AC087441.2	processed_pseudogene	0	0	0	0.0000	0.0000	0.0000
ENSG00000224556.2	BX510359.1	unprocessed_pseudogene	0	0	0	0.0000	0.0000	0.0000
ENSG00000224557.7	HLA-DPB2	transcribed_unprocessed_pseudogene	9	8	2	0.3190	0.0791	0.0855
ENSG00000224559.2	LINC01087	lncRNA	517	257	264	8.3388	2.0679	2.2359
ENSG00000224560.3	AC108043.1	processed_pseudogene	0	0	0	0.0000	0.0000	0.0000
ENSG00000224563.1	LPP-AS1	lncRNA	0	0	0	0.0000	0.0000	0.0000
ENSG00000224565.2	LINC01754	lncRNA	2	0	2	0.0933	0.0231	0.0250
ENSG00000224566.2	FAM96AP2	processed_pseudogene	4	2	2	0.4756	0.1179	0.1275
ENSG00000224567.2	AC134879.1	processed_pseudogene	0	0	0	0.0000	0.0000	0.0000
ENSG00000224568.2	LINC01886	lncRNA	0	0	0	0.0000	0.0000	0.0000
ENSG00000224569.3	AC095052.1	processed_pseudogene	0	0	0	0.0000	0.0000	0.0000
ENSG00000224570.1	AC097063.1	processed_pseudogene	1	1	0	0.0316	0.0078	0.0085
ENSG00000224571.1	USP9YP13	unprocessed_pseudogene	0	0	0	0.0000	0.0000	0.0000
ENSG00000224573.1	AC083863.1	processed_pseudogene	1	0	1	0.2455	0.0609	0.0658
ENSG00000224574.1	COL18A1-AS2	lncRNA	0	0	0	0.0000	0.0000	0.0000
ENSG00000224577.3	LINC01117	lncRNA	95	50	55	2.8148	0.6980	0.7547
ENSG00000224578.5	HNRNPA1P48	protein_coding	148	72	76	4.3623	1.0818	1.1697
ENSG00000224579.1	AC245052.2	unprocessed_pseudogene	0	0	0	0.0000	0.0000	0.0000
ENSG00000224582.7	LINC01015	lncRNA	0	0	0	0.0000	0.0000	0.0000
ENSG00000224583.1	AL356277.2	lncRNA	0	0	0	0.0000	0.0000	0.0000
ENSG00000224584.2	UBE2V1P13	processed_pseudogene	0	0	0	0.0000	0.0000	0.0000
ENSG00000224585.1	AC103563.1	unprocessed_pseudogene	1	1	0	0.4611	0.1143	0.1236
ENSG00000224586.7	GPX5	protein_coding	0	0	0	0.0000	0.0000	0.0000
ENSG00000224589.1	ORC1P1	processed_pseudogene	0	0	0	0.0000	0.0000	0.0000
ENSG00000224590.1	MTND3P16	unprocessed_pseudogene	0	0	0	0.0000	0.0000	0.0000
ENSG00000224592.5	MIR3659HG	lncRNA	64	29	35	5.3062	1.3159	1.4228
ENSG00000224593.1	AC092427.1	transcribed_processed_pseudogene	2	1	1	0.1591	0.0394	0.0427
ENSG00000224594.2	RPL29P19	processed_pseudogene	36	19	17	4.4382	1.1006	1.1900
ENSG00000224595.1	AC073626.1	lncRNA	0	0	0	0.0000	0.0000	0.0000
ENSG00000224596.8	ZMIZ1-AS1	lncRNA	82	43	39	0.9097	0.2256	0.2439
ENSG00000224597.10	SVIL-AS1	transcribed_unprocessed_pseudogene	852	1197	1158	9.6731	2.3988	2.5937
ENSG00000224598.1	RPS5P2	processed_pseudogene	3	2	1	0.2658	0.0659	0.0713
ENSG00000224599.1	BMS1P12	unprocessed_pseudogene	0	1	0	0.0000	0.0000	0.0000
ENSG00000224600.5	AL031864.2	processed_pseudogene	0	0	0	0.0000	0.0000	0.0000
ENSG00000224602.1	RPS26P5	processed_pseudogene	0	0	0	0.0000	0.0000	0.0000
ENSG00000224603.1	BX664725.1	processed_pseudogene	0	0	0	0.0000	0.0000	0.0000
ENSG00000224604.1	AC008069.1	processed_pseudogene	13	6	7	0.7760	0.1924	0.2081
ENSG00000224605.1	AL080284.1	lncRNA	0	0	0	0.0000	0.0000	0.0000
ENSG00000224606.1	TGFA-IT1	lncRNA	0	0	0	0.0000	0.0000	0.0000
ENSG00000224607.4	IGKV1D-27	IG_V_pseudogene	1	0	2	0.1693	0.0420	0.0454
ENSG00000224609.8	HSD52	lncRNA	24	9	15	0.1795	0.0445	0.0481
ENSG00000224610.1	AC108879.1	lncRNA	2	2	0	0.1370	0.0340	0.0367
ENSG00000224611.1	AC007919.1	processed_pseudogene	6	3	3	1.5680	0.3889	0.4204
ENSG00000224612.2	AC011901.1	lncRNA	0	0	0	0.0000	0.0000	0.0000
ENSG00000224613.7	AC095032.1	lncRNA	7	3	4	0.1431	0.0355	0.0384
ENSG00000224614.2	TNK2-AS1	lncRNA	34	57	52	0.6794	0.1685	0.1822
ENSG00000224616.3	RTCA-AS1	lncRNA	329	166	166	1.8594	0.4611	0.4986
ENSG00000224617.1	BX276092.1	processed_pseudogene	0	0	0	0.0000	0.0000	0.0000
ENSG00000224618.1	AC096921.1	processed_pseudogene	1	1	0	0.1512	0.0375	0.0405
ENSG00000224620.2	MEF2AP1	processed_pseudogene	0	0	0	0.0000	0.0000	0.0000
ENSG00000224621.1	AL451042.1	lncRNA	3	1	2	0.3127	0.0776	0.0839
ENSG00000224622.1	OR9R1P	unprocessed_pseudogene	0	0	0	0.0000	0.0000	0.0000
ENSG00000224625.2	TUBB8P6	unprocessed_pseudogene	0	0	0	0.0000	0.0000	0.0000
ENSG00000224626.1	AC106053.1	lncRNA	0	0	0	0.0000	0.0000	0.0000
ENSG00000224627.1	RPL37P10	processed_pseudogene	1	0	1	0.1969	0.0488	0.0528
ENSG00000224628.2	AL121723.1	processed_pseudogene	4	2	2	0.1493	0.0370	0.0400
ENSG00000224629.1	AC004975.1	processed_pseudogene	3	1	2	0.8179	0.2028	0.2193
ENSG00000224630.2	AC234064.1	processed_pseudogene	0	0	0	0.0000	0.0000	0.0000
ENSG00000224631.4	RPS27AP16	transcribed_processed_pseudogene	61	29	32	6.1119	1.5157	1.6388
ENSG00000224632.1	NUDT19P2	processed_pseudogene	0	0	0	0.0000	0.0000	0.0000
ENSG00000224634.1	ZNF736P6Y	processed_pseudogene	0	0	0	0.0000	0.0000	0.0000
ENSG00000224635.2	AL391095.1	lncRNA	37	19	18	0.7641	0.1895	0.2049
ENSG00000224637.1	PDSS1P2	unprocessed_pseudogene	0	0	0	0.0000	0.0000	0.0000
ENSG00000224640.1	SRSF1P1	processed_pseudogene	0	0	0	0.0000	0.0000	0.0000
ENSG00000224643.5	AC064871.2	lncRNA	0	7	4	0.0000	0.0000	0.0000
ENSG00000224644.1	AL135787.1	lncRNA	2	2	0	0.3756	0.0931	0.1007
ENSG00000224645.1	AL391069.1	lncRNA	0	252	295	0.0000	0.0000	0.0000
ENSG00000224646.2	RPS28P5	processed_pseudogene	1	5	2	0.3781	0.0938	0.1014
ENSG00000224647.2	AC026954.1	unitary_pseudogene	5	3	2	0.2193	0.0544	0.0588
ENSG00000224648.1	LINC01627	lncRNA	0	0	0	0.0000	0.0000	0.0000
ENSG00000224649.1	AF124730.1	lncRNA	0	0	0	0.0000	0.0000	0.0000
ENSG00000224650.2	IGHV3-74	IG_V_gene	283	142	141	27.3406	6.7802	7.3309
ENSG00000224652.2	LINC00885	lncRNA	199	90	109	4.8002	1.1904	1.2871
ENSG00000224653.1	AC023141.3	unprocessed_pseudogene	0	0	0	0.0000	0.0000	0.0000
ENSG00000224655.7	LINC01823	lncRNA	2	0	2	0.0327	0.0081	0.0088
ENSG00000224656.1	SMSP1	processed_pseudogene	0	0	0	0.0000	0.0000	0.0000
ENSG00000224657.9	RBMY2BP	transcribed_unprocessed_pseudogene	0	0	0	0.0000	0.0000	0.0000
ENSG00000224658.1	AL513164.1	lncRNA	0	0	0	0.0000	0.0000	0.0000
ENSG00000224659.2	GAGE12J	protein_coding	0	0	0	0.0000	0.0000	0.0000
ENSG00000224660.2	SH3BP5-AS1	lncRNA	434	3111	3178	3.5789	0.8875	0.9596
ENSG00000224661.1	AC010907.1	lncRNA	0	0	0	0.0000	0.0000	0.0000
ENSG00000224662.2	ATP6V1G1P3	processed_pseudogene	0	0	0	0.0000	0.0000	0.0000
ENSG00000224664.2	RPL36AP53	processed_pseudogene	0	0	0	0.0000	0.0000	0.0000
ENSG00000224666.3	ETV7-AS1	lncRNA	0	0	5	0.0000	0.0000	0.0000
ENSG00000224667.1	AC013470.1	processed_pseudogene	0	0	0	0.0000	0.0000	0.0000
ENSG00000224668.1	IPO8P1	processed_pseudogene	4	2	2	0.0730	0.0181	0.0196
ENSG00000224669.1	AC016769.2	processed_pseudogene	0	0	0	0.0000	0.0000	0.0000
ENSG00000224670.1	AC068135.1	processed_pseudogene	0	0	0	0.0000	0.0000	0.0000
ENSG00000224671.2	AC105940.1	lncRNA	2	1	1	0.3213	0.0797	0.0862
ENSG00000224672.4	RPL17P10	processed_pseudogene	0	2	0	0.0000	0.0000	0.0000
ENSG00000224674.1	EIF3EP2	processed_pseudogene	0	0	0	0.0000	0.0000	0.0000
ENSG00000224675.1	AC009227.1	lncRNA	4	3	1	0.0960	0.0238	0.0258
ENSG00000224677.1	PDIA3P2	unprocessed_pseudogene	0	0	0	0.0000	0.0000	0.0000
ENSG00000224678.3	GAPDHP46	processed_pseudogene	0	0	0	0.0000	0.0000	0.0000
ENSG00000224679.1	MED15P4	unprocessed_pseudogene	3	2	1	0.4329	0.1074	0.1161
ENSG00000224680.4	PLA2G12AP1	processed_pseudogene	8	3	5	0.7987	0.1981	0.2142
ENSG00000224681.1	BX664727.1	unprocessed_pseudogene	0	0	0	0.0000	0.0000	0.0000
ENSG00000224682.1	SOCS5P2	processed_pseudogene	2	1	1	0.0835	0.0207	0.0224
ENSG00000224683.1	RPL36AP29	processed_pseudogene	0	0	0	0.0000	0.0000	0.0000
ENSG00000224685.1	AC099670.2	processed_pseudogene	0	0	0	0.0000	0.0000	0.0000
ENSG00000224686.1	ELOCP23	processed_pseudogene	0	0	0	0.0000	0.0000	0.0000
ENSG00000224687.2	RASAL2-AS1	lncRNA	96	50	46	1.7082	0.4236	0.4580
ENSG00000224688.1	E2F6P2	processed_pseudogene	1	0	1	0.0758	0.0188	0.0203
ENSG00000224689.9	ZNF812P	transcribed_unprocessed_pseudogene	24	13	11	0.5836	0.1447	0.1565
ENSG00000224690.2	UBE2D3P3	processed_pseudogene	6	3	3	0.8006	0.1985	0.2147
ENSG00000224691.1	AL133553.1	lncRNA	2	1	1	0.3213	0.0797	0.0862
ENSG00000224692.1	Z68694.1	processed_pseudogene	0	0	0	0.0000	0.0000	0.0000
ENSG00000224695.1	MTND6P7	processed_pseudogene	0	0	0	0.0000	0.0000	0.0000
ENSG00000224697.1	NEFMP1	processed_pseudogene	0	0	0	0.0000	0.0000	0.0000
ENSG00000224698.1	AL390038.1	lncRNA	0	9	9	0.0000	0.0000	0.0000
ENSG00000224699.9	LAMTOR5-AS1	lncRNA	69	572	579	0.3092	0.0767	0.0829
ENSG00000224700.2	AP000844.1	lncRNA	0	0	0	0.0000	0.0000	0.0000
ENSG00000224701.1	MED28P4	processed_pseudogene	0	0	0	0.0000	0.0000	0.0000
ENSG00000224702.1	LMX1A-AS2	lncRNA	0	0	0	0.0000	0.0000	0.0000
ENSG00000224706.1	RPS17P13	processed_pseudogene	0	0	0	0.0000	0.0000	0.0000
ENSG00000224707.1	E2F3-IT1	lncRNA	1	0	1	0.1418	0.0352	0.0380
ENSG00000224709.2	OR11M1P	unitary_pseudogene	0	0	0	0.0000	0.0000	0.0000
ENSG00000224711.2	LINC01706	lncRNA	0	0	0	0.0000	0.0000	0.0000
ENSG00000224712.12	NPIPA3	protein_coding	3	1	2	0.1155	0.0286	0.0310
ENSG00000224713.4	AC025165.1	lncRNA	18	501	531	0.3926	0.0974	0.1053
ENSG00000224714.3	LINC02671	lncRNA	0	0	0	0.0000	0.0000	0.0000
ENSG00000224715.1	Z82186.1	lncRNA	137	82	55	1.7803	0.4415	0.4774
ENSG00000224717.1	LEMD1-DT	lncRNA	0	0	0	0.0000	0.0000	0.0000
ENSG00000224718.1	LINC01657	lncRNA	0	0	0	0.0000	0.0000	0.0000
ENSG00000224719.1	AC009237.2	unprocessed_pseudogene	0	0	0	0.0000	0.0000	0.0000
ENSG00000224721.1	AC007182.1	lncRNA	1	67	47	0.0263	0.0065	0.0070
ENSG00000224722.3	AC020688.1	processed_pseudogene	0	2	1	0.0000	0.0000	0.0000
ENSG00000224723.1	GUSBP10	unprocessed_pseudogene	0	0	0	0.0000	0.0000	0.0000
ENSG00000224725.3	CEP57L1P1	processed_pseudogene	0	0	0	0.0000	0.0000	0.0000
ENSG00000224727.1	FCF1P7	processed_pseudogene	2	0	2	0.2033	0.0504	0.0545
ENSG00000224728.1	IMPDH1P8	processed_pseudogene	9	5	5	0.3347	0.0830	0.0897
ENSG00000224729.6	PCOLCE-AS1	lncRNA	13	2721	2582	0.2258	0.0560	0.0605
ENSG00000224730.1	LILRB1-AS1	lncRNA	0	1	3	0.0000	0.0000	0.0000
ENSG00000224731.1	AC016716.1	lncRNA	0	0	0	0.0000	0.0000	0.0000
ENSG00000224732.1	MAGEA7P	unprocessed_pseudogene	0	0	0	0.0000	0.0000	0.0000
ENSG00000224733.1	AL034349.1	lncRNA	0	0	0	0.0000	0.0000	0.0000
ENSG00000224735.1	BX323845.1	processed_pseudogene	0	0	0	0.0000	0.0000	0.0000
ENSG00000224738.1	AC099850.1	lncRNA	102	71	65	4.3232	1.0721	1.1592
ENSG00000224739.2	AC016735.1	lncRNA	1	0	1	0.2393	0.0593	0.0642
ENSG00000224743.7	TEX26-AS1	lncRNA	3	0	4	0.0261	0.0065	0.0070
ENSG00000224745.1	AC063965.2	lncRNA	4	2	2	0.4546	0.1127	0.1219
ENSG00000224746.2	AC015987.1	lncRNA	8	4	4	0.2720	0.0675	0.0729
ENSG00000224747.1	MTCYBP21	processed_pseudogene	10	4	6	0.5095	0.1264	0.1366
ENSG00000224750.6	AL391704.1	lncRNA	2	0	2	0.0331	0.0082	0.0089
ENSG00000224751.2	SHMT1P1	processed_pseudogene	1	1	0	0.0432	0.0107	0.0116
ENSG00000224752.1	VN1R21P	unitary_pseudogene	1	1	0	0.0741	0.0184	0.0199
ENSG00000224755.1	HMGN1P34	processed_pseudogene	0	0	0	0.0000	0.0000	0.0000
ENSG00000224758.1	LINC01167	lncRNA	4	1	3	0.3756	0.0931	0.1007
ENSG00000224760.4	C1DP3	processed_pseudogene	0	0	0	0.0000	0.0000	0.0000
ENSG00000224761.4	CCNYL4	transcribed_unprocessed_pseudogene	0	0	0	0.0000	0.0000	0.0000
ENSG00000224762.1	CR769776.1	processed_pseudogene	0	0	0	0.0000	0.0000	0.0000
ENSG00000224763.1	FDPSP8	processed_pseudogene	2	2	0	0.1042	0.0258	0.0279
ENSG00000224764.1	AL353768.1	lncRNA	0	6	7	0.0000	0.0000	0.0000
ENSG00000224765.1	AL035443.1	lncRNA	0	0	0	0.0000	0.0000	0.0000
ENSG00000224769.1	MUC20P1	unprocessed_pseudogene	152	69	83	5.1309	1.2724	1.3758
ENSG00000224771.2	ATP2B2-IT2	lncRNA	0	0	0	0.0000	0.0000	0.0000
ENSG00000224773.2	HSPA8P7	processed_pseudogene	1	0	1	0.0291	0.0072	0.0078
ENSG00000224775.2	BRAFP1	unprocessed_pseudogene	0	0	0	0.0000	0.0000	0.0000
ENSG00000224776.3	RPSAP50	processed_pseudogene	0	0	0	0.0000	0.0000	0.0000
ENSG00000224777.3	OR4F2P	unprocessed_pseudogene	0	0	0	0.0000	0.0000	0.0000
ENSG00000224778.1	CENPIP1	unprocessed_pseudogene	0	0	0	0.0000	0.0000	0.0000
ENSG00000224781.1	EIF4A2P4	processed_pseudogene	0	0	0	0.0000	0.0000	0.0000
ENSG00000224783.1	MIPEPP2	processed_pseudogene	0	0	0	0.0000	0.0000	0.0000
ENSG00000224784.2	S100A15A	processed_pseudogene	0	0	0	0.0000	0.0000	0.0000
ENSG00000224785.1	AC006026.1	processed_pseudogene	0	0	0	0.0000	0.0000	0.0000
ENSG00000224786.2	CETN4P	transcribed_unitary_pseudogene	4	2	2	0.0588	0.0146	0.0158
ENSG00000224788.1	LINC02670	lncRNA	0	0	0	0.0000	0.0000	0.0000
ENSG00000224789.1	AC012363.1	lncRNA	0	70	47	0.0000	0.0000	0.0000
ENSG00000224790.3	AP000704.1	lncRNA	70	35	43	0.8998	0.2231	0.2413
ENSG00000224791.1	KRT18P39	processed_pseudogene	4	1	3	0.1746	0.0433	0.0468
ENSG00000224792.7	IQCF4P	transcribed_unitary_pseudogene	0	0	0	0.0000	0.0000	0.0000
ENSG00000224794.2	AL022326.1	lncRNA	1	0	1	0.0314	0.0078	0.0084
ENSG00000224795.3	NTM-AS1	lncRNA	2	2	1	0.0207	0.0051	0.0056
ENSG00000224796.1	RPL32P1	processed_pseudogene	11	2	9	1.5215	0.3773	0.4080
ENSG00000224797.1	AL359092.1	processed_pseudogene	0	0	0	0.0000	0.0000	0.0000
ENSG00000224799.1	AL139397.1	lncRNA	0	7	5	0.0000	0.0000	0.0000
ENSG00000224800.1	RPS27AP6	processed_pseudogene	1	0	1	0.1266	0.0314	0.0339
ENSG00000224802.2	TUBB4BP2	processed_pseudogene	1	1	0	0.0711	0.0176	0.0191
ENSG00000224805.2	LINC00853	lncRNA	48	22	26	4.1181	1.0213	1.1042
ENSG00000224806.2	ARL5AP4	processed_pseudogene	0	0	0	0.0000	0.0000	0.0000
ENSG00000224807.5	DUX4L9	unprocessed_pseudogene	0	0	0	0.0000	0.0000	0.0000
ENSG00000224808.1	SRGAP3-AS1	lncRNA	0	9	4	0.0000	0.0000	0.0000
ENSG00000224809.2	BEND3P2	processed_pseudogene	2	1	1	0.0503	0.0125	0.0135
ENSG00000224810.1	AL355482.1	lncRNA	16	9	7	0.3684	0.0914	0.0988
ENSG00000224812.3	TMEM72-AS1	lncRNA	11	7	4	0.0579	0.0144	0.0155
ENSG00000224814.1	AC114812.2	lncRNA	0	0	0	0.0000	0.0000	0.0000
ENSG00000224815.3	AL691447.1	processed_pseudogene	0	0	0	0.0000	0.0000	0.0000
ENSG00000224816.1	NAP1L4P2	processed_pseudogene	0	0	0	0.0000	0.0000	0.0000
ENSG00000224817.2	AC010789.1	lncRNA	0	0	0	0.0000	0.0000	0.0000
ENSG00000224818.1	AC096677.2	lncRNA	0	0	0	0.0000	0.0000	0.0000
ENSG00000224819.2	AC093843.1	lncRNA	0	0	0	0.0000	0.0000	0.0000
ENSG00000224820.2	BTF3P4	processed_pseudogene	2	1	1	0.2291	0.0568	0.0614
ENSG00000224821.5	COL4A2-AS2	lncRNA	0	224	207	0.0000	0.0000	0.0000
ENSG00000224822.1	THRB-IT1	lncRNA	6	2	4	0.1940	0.0481	0.0520
ENSG00000224825.2	RORB-AS1	lncRNA	3	1	2	0.1444	0.0358	0.0387
ENSG00000224826.1	USP21P1	processed_pseudogene	0	0	0	0.0000	0.0000	0.0000
ENSG00000224827.1	LINC00265-2P	processed_pseudogene	0	0	0	0.0000	0.0000	0.0000
ENSG00000224829.3	TOMM20P1	processed_pseudogene	2	0	2	0.2656	0.0659	0.0712
ENSG00000224830.2	OR2X1P	unprocessed_pseudogene	0	0	0	0.0000	0.0000	0.0000
ENSG00000224831.3	TMEM183B	processed_pseudogene	17	5	12	0.8547	0.2119	0.2292
ENSG00000224832.2	LINC01689	lncRNA	0	0	0	0.0000	0.0000	0.0000
ENSG00000224834.1	BTF3P9	processed_pseudogene	1	1	0	0.2004	0.0497	0.0537
ENSG00000224836.1	AL356498.1	processed_pseudogene	0	0	0	0.0000	0.0000	0.0000
ENSG00000224837.1	GCSHP5	processed_pseudogene	1	1	0	0.1086	0.0269	0.0291
ENSG00000224839.1	RPL12P17	processed_pseudogene	0	0	0	0.0000	0.0000	0.0000
ENSG00000224842.2	AL161908.1	lncRNA	56	30	26	3.3677	0.8352	0.9030
ENSG00000224843.8	LINC00240	lncRNA	46	48	62	0.3099	0.0768	0.0831
ENSG00000224844.1	AC107079.1	lncRNA	1	1	0	0.0848	0.0210	0.0227
ENSG00000224846.3	NQO2-AS1	lncRNA	6	43	41	0.2332	0.0578	0.0625
ENSG00000224848.2	AL589843.1	lncRNA	107	57	51	1.8092	0.4487	0.4851
ENSG00000224851.2	LINC00502	lncRNA	0	0	0	0.0000	0.0000	0.0000
ENSG00000224852.1	MTND5P24	processed_pseudogene	0	0	0	0.0000	0.0000	0.0000
ENSG00000224853.3	LINC00393	lncRNA	0	0	0	0.0000	0.0000	0.0000
ENSG00000224854.3	CDKN2A-DT	lncRNA	1	0	1	0.0689	0.0171	0.0185
ENSG00000224855.5	OPA1-AS1	lncRNA	1	107	87	0.1141	0.0283	0.0306
ENSG00000224856.2	RPL35AP36	processed_pseudogene	1	0	1	0.1761	0.0437	0.0472
ENSG00000224857.1	LINC01691	lncRNA	1	0	1	0.1331	0.0330	0.0357
ENSG00000224858.5	RPL29P11	processed_pseudogene	13	3	10	1.4984	0.3716	0.4018
ENSG00000224860.1	GXYLT1P2	processed_pseudogene	1	1	0	0.0461	0.0114	0.0124
ENSG00000224861.1	YBX1P1	processed_pseudogene	26	8	18	1.5359	0.3809	0.4118
ENSG00000224863.3	LINC01398	lncRNA	3	1	3	0.0964	0.0239	0.0259
ENSG00000224864.4	AC011447.1	transcribed_processed_pseudogene	0	0	0	0.0000	0.0000	0.0000
ENSG00000224865.8	AC009518.1	lncRNA	0	0	0	0.0000	0.0000	0.0000
ENSG00000224866.1	USP9YP25	unprocessed_pseudogene	0	0	0	0.0000	0.0000	0.0000
ENSG00000224869.1	AC062016.1	processed_pseudogene	0	0	0	0.0000	0.0000	0.0000
ENSG00000224870.7	MRPL20-AS1	lncRNA	1109	827	894	24.8878	6.1719	6.6732
ENSG00000224873.1	CDY13P	unprocessed_pseudogene	0	0	0	0.0000	0.0000	0.0000
ENSG00000224875.2	EML4-AS1	lncRNA	3	40	37	0.1797	0.0446	0.0482
ENSG00000224876.1	AL121901.1	lncRNA	0	0	0	0.0000	0.0000	0.0000
ENSG00000224877.4	NDUFAF8	protein_coding	1420	716	704	60.1405	14.9142	16.1257
ENSG00000224879.1	AC011754.1	lncRNA	0	0	0	0.0000	0.0000	0.0000
ENSG00000224880.1	MTCYBP29	unprocessed_pseudogene	0	0	0	0.0000	0.0000	0.0000
ENSG00000224881.1	AC068279.1	processed_pseudogene	0	0	0	0.0000	0.0000	0.0000
ENSG00000224883.1	Z99716.1	lncRNA	2	45	65	0.2202	0.0546	0.0591
ENSG00000224884.1	AC034187.1	lncRNA	0	44	42	0.0000	0.0000	0.0000
ENSG00000224885.1	EIPR1-IT1	lncRNA	1	1	0	0.0790	0.0196	0.0212
ENSG00000224886.2	AL132656.1	transcribed_processed_pseudogene	0	20	22	0.0000	0.0000	0.0000
ENSG00000224887.1	NFYCP2	processed_pseudogene	0	0	0	0.0000	0.0000	0.0000
ENSG00000224888.4	AC138028.2	lncRNA	3	74	81	0.0355	0.0088	0.0095
ENSG00000224891.1	ARL14EPP1	processed_pseudogene	1	121	118	0.0732	0.0181	0.0196
ENSG00000224892.6	RPS4XP16	transcribed_processed_pseudogene	26	16	10	1.4789	0.3668	0.3965
ENSG00000224893.7	LINC02840	lncRNA	0	0	1	0.0000	0.0000	0.0000
ENSG00000224895.1	VPS26BP1	processed_pseudogene	0	0	0	0.0000	0.0000	0.0000
ENSG00000224896.2	SIGLEC30P	processed_pseudogene	0	0	0	0.0000	0.0000	0.0000
ENSG00000224897.8	POT1-AS1	lncRNA	62	39	35	0.2043	0.0507	0.0548
ENSG00000224899.1	LINC02830	lncRNA	0	0	0	0.0000	0.0000	0.0000
ENSG00000224901.1	AL365258.1	lncRNA	0	0	0	0.0000	0.0000	0.0000
ENSG00000224902.5	GAGE12H	protein_coding	0	0	0	0.0000	0.0000	0.0000
ENSG00000224903.2	RNF32-AS1	lncRNA	65	63	65	0.8710	0.2160	0.2335
ENSG00000224904.1	SBF1P2	processed_pseudogene	0	0	0	0.0000	0.0000	0.0000
ENSG00000224905.7	AP001347.1	lncRNA	18	13	5	0.5680	0.1409	0.1523
ENSG00000224906.3	SRP14P1	processed_pseudogene	0	0	0	0.0000	0.0000	0.0000
ENSG00000224907.1	RPL21P91	processed_pseudogene	0	0	0	0.0000	0.0000	0.0000
ENSG00000224908.1	TIMM8BP2	processed_pseudogene	1	0	1	0.2259	0.0560	0.0606
ENSG00000224910.2	LINC01766	lncRNA	0	0	0	0.0000	0.0000	0.0000
ENSG00000224914.4	LINC00863	lncRNA	310	163	147	3.0984	0.7684	0.8308
ENSG00000224916.9	APOC4-APOC2	protein_coding	0	0	0	0.0000	0.0000	0.0000
ENSG00000224917.1	AC016694.1	unprocessed_pseudogene	0	0	0	0.0000	0.0000	0.0000
ENSG00000224918.1	AC066595.1	lncRNA	0	0	0	0.0000	0.0000	0.0000
ENSG00000224919.1	AL591684.1	lncRNA	0	10	6	0.0000	0.0000	0.0000
ENSG00000224920.1	TACC1P1	unprocessed_pseudogene	23	14	9	0.8971	0.2225	0.2405
ENSG00000224922.1	AL050303.1	lncRNA	0	0	0	0.0000	0.0000	0.0000
ENSG00000224924.7	LINC00320	lncRNA	0	0	0	0.0000	0.0000	0.0000
ENSG00000224927.2	NDUFA5P10	processed_pseudogene	0	0	0	0.0000	0.0000	0.0000
ENSG00000224928.2	KRT8P30	processed_pseudogene	1	0	1	0.0872	0.0216	0.0234
ENSG00000224931.4	AC152010.1	processed_pseudogene	0	0	0	0.0000	0.0000	0.0000
ENSG00000224932.2	LINC02262	lncRNA	7	2	5	0.1694	0.0420	0.0454
ENSG00000224933.2	LINC01034	lncRNA	0	0	0	0.0000	0.0000	0.0000
ENSG00000224934.5	AL391684.1	lncRNA	213	107	106	1.4153	0.3510	0.3795
ENSG00000224935.2	AL589678.1	lncRNA	0	0	0	0.0000	0.0000	0.0000
ENSG00000224936.1	SUCLA2P1	processed_pseudogene	0	0	0	0.0000	0.0000	0.0000
ENSG00000224939.1	LINC00184	lncRNA	34	20	14	0.8494	0.2106	0.2278
ENSG00000224940.9	PRRT4	protein_coding	16	9	7	0.2464	0.0611	0.0661
ENSG00000224942.1	AL137014.1	processed_pseudogene	0	0	0	0.0000	0.0000	0.0000
ENSG00000224943.1	LINC02819	lncRNA	0	0	0	0.0000	0.0000	0.0000
ENSG00000224944.2	CASC6	lncRNA	1	0	1	0.0134	0.0033	0.0036
ENSG00000224945.1	AL353150.1	lncRNA	52	27	25	2.8410	0.7045	0.7618
ENSG00000224946.1	AC007312.1	processed_pseudogene	1	1	0	0.2198	0.0545	0.0589
ENSG00000224947.1	VN1R25P	processed_pseudogene	0	0	0	0.0000	0.0000	0.0000
ENSG00000224948.1	ATP5MC1P8	processed_pseudogene	0	0	0	0.0000	0.0000	0.0000
ENSG00000224949.2	RPL37P24	processed_pseudogene	0	0	0	0.0000	0.0000	0.0000
ENSG00000224950.2	AL390066.1	lncRNA	14	10	7	0.3449	0.0855	0.0925
ENSG00000224953.1	SRIP3	processed_pseudogene	1	0	1	0.2589	0.0642	0.0694
ENSG00000224955.1	KCTD10P1	processed_pseudogene	0	0	0	0.0000	0.0000	0.0000
ENSG00000224957.6	LINC01266	lncRNA	15	6	9	0.0718	0.0178	0.0192
ENSG00000224958.6	PGM5-AS1	lncRNA	49	23	26	1.1800	0.2926	0.3164
ENSG00000224960.5	PPP4R3C	protein_coding	0	0	0	0.0000	0.0000	0.0000
ENSG00000224961.3	LINC01752	lncRNA	0	0	0	0.0000	0.0000	0.0000
ENSG00000224962.4	PSAT1P4	processed_pseudogene	0	0	0	0.0000	0.0000	0.0000
ENSG00000224963.3	U82695.1	transcribed_unitary_pseudogene	1	1	0	0.0262	0.0065	0.0070
ENSG00000224964.1	TRAPPC2P3	unprocessed_pseudogene	0	0	0	0.0000	0.0000	0.0000
ENSG00000224965.1	LINC02586	lncRNA	3	1	2	0.2274	0.0564	0.0610
ENSG00000224966.4	TBC1D3P6	unprocessed_pseudogene	0	0	0	0.0000	0.0000	0.0000
ENSG00000224967.1	AC009303.1	processed_pseudogene	1	2	1	0.1611	0.0400	0.0432
ENSG00000224968.2	LINC01645	lncRNA	5	1	4	0.1400	0.0347	0.0375
ENSG00000224969.1	AL645608.1	lncRNA	4	2	2	0.4816	0.1194	0.1291
ENSG00000224970.2	AC245427.1	lncRNA	0	1	1	0.0000	0.0000	0.0000
ENSG00000224971.1	SUMO2P3	processed_pseudogene	2	1	1	0.3938	0.0977	0.1056
ENSG00000224972.1	AL513412.1	lncRNA	0	0	0	0.0000	0.0000	0.0000
ENSG00000224973.6	LARGE-AS1	lncRNA	3	0	3	0.0571	0.0142	0.0153
ENSG00000224975.1	INE1	lncRNA	51	29	22	3.0605	0.7590	0.8206
ENSG00000224976.2	PARP4P2	unprocessed_pseudogene	3	2	1	0.0512	0.0127	0.0137
ENSG00000224977.1	LINC02776	lncRNA	2	1	1	0.3386	0.0840	0.0908
ENSG00000224978.1	BX682237.1	processed_pseudogene	0	0	0	0.0000	0.0000	0.0000
ENSG00000224980.1	RPL23AP85	processed_pseudogene	0	0	0	0.0000	0.0000	0.0000
ENSG00000224981.1	AC000367.1	processed_pseudogene	0	0	0	0.0000	0.0000	0.0000
ENSG00000224982.4	TMEM233	protein_coding	125	65	60	2.4960	0.6190	0.6693
ENSG00000224984.1	AL512363.1	lncRNA	0	0	0	0.0000	0.0000	0.0000
ENSG00000224985.1	AL590714.1	lncRNA	11	486	565	1.6459	0.4082	0.4413
ENSG00000224986.2	PPP1R8P1	processed_pseudogene	4	2	2	0.2173	0.0539	0.0583
ENSG00000224987.1	AL024507.1	processed_pseudogene	0	0	0	0.0000	0.0000	0.0000
ENSG00000224988.1	AL158207.1	processed_pseudogene	6	3	3	0.9978	0.2475	0.2676
ENSG00000224989.2	FAM41AY1	lncRNA	0	0	0	0.0000	0.0000	0.0000
ENSG00000224992.2	AL445645.1	lncRNA	11	5	6	0.6122	0.1518	0.1641
ENSG00000224993.3	RPL29P12	processed_pseudogene	4	1	3	0.4857	0.1205	0.1302
ENSG00000224995.1	LINC01526	lncRNA	0	0	0	0.0000	0.0000	0.0000
ENSG00000224999.1	VTA1P1	processed_pseudogene	1	1	0	0.0655	0.0162	0.0176
ENSG00000225000.1	AC010082.1	lncRNA	0	0	0	0.0000	0.0000	0.0000
ENSG00000225002.2	AL732323.1	lncRNA	0	0	0	0.0000	0.0000	0.0000
ENSG00000225003.1	OR51A5P	unprocessed_pseudogene	0	0	0	0.0000	0.0000	0.0000
ENSG00000225005.1	AC211485.1	processed_pseudogene	0	0	0	0.0000	0.0000	0.0000
ENSG00000225006.1	AL929288.1	lncRNA	0	0	0	0.0000	0.0000	0.0000
ENSG00000225007.1	AC000067.1	lncRNA	3	1	2	0.5928	0.1470	0.1589
ENSG00000225008.1	AC234781.2	processed_pseudogene	2	0	2	0.1141	0.0283	0.0306
ENSG00000225011.4	AL671862.1	unprocessed_pseudogene	0	0	1	0.0000	0.0000	0.0000
ENSG00000225012.5	AL121872.1	lncRNA	0	0	0	0.0000	0.0000	0.0000
ENSG00000225014.1	KCTD9P1	transcribed_processed_pseudogene	1	1	0	0.0486	0.0121	0.0130
ENSG00000225016.1	LINC00328-2P	processed_pseudogene	0	0	0	0.0000	0.0000	0.0000
ENSG00000225017.1	AP004289.1	processed_pseudogene	1	1	0	0.0257	0.0064	0.0069
ENSG00000225018.1	AC092647.1	processed_pseudogene	0	0	0	0.0000	0.0000	0.0000
ENSG00000225022.1	UBE2D3P1	processed_pseudogene	6	4	2	0.7664	0.1900	0.2055
ENSG00000225024.1	RPL37P11	processed_pseudogene	0	0	0	0.0000	0.0000	0.0000
ENSG00000225025.2	KIF4CP	processed_pseudogene	0	0	0	0.0000	0.0000	0.0000
ENSG00000225026.1	AC091492.1	processed_pseudogene	11	5	6	2.2934	0.5687	0.6149
ENSG00000225027.2	IFNWP4	processed_pseudogene	0	0	0	0.0000	0.0000	0.0000
ENSG00000225028.1	AC096541.1	lncRNA	2	1	1	0.0628	0.0156	0.0168
ENSG00000225031.1	EIF4BP7	processed_pseudogene	278	128	150	8.6957	2.1565	2.3316
ENSG00000225032.5	AL162586.1	lncRNA	71	1000	1041	1.7919	0.4444	0.4805
ENSG00000225036.1	CDK4P1	processed_pseudogene	0	0	0	0.0000	0.0000	0.0000
ENSG00000225037.1	EIF1AX-AS1	lncRNA	2	1	1	0.3001	0.0744	0.0805
ENSG00000225039.1	LINC01058	lncRNA	24	13	11	3.0380	0.7534	0.8146
ENSG00000225043.1	RPL18AP2	processed_pseudogene	1	0	1	0.1177	0.0292	0.0315
ENSG00000225044.1	AC018814.1	lncRNA	0	0	0	0.0000	0.0000	0.0000
ENSG00000225045.1	MTND5P27	processed_pseudogene	0	0	0	0.0000	0.0000	0.0000
ENSG00000225046.2	AL035423.1	processed_pseudogene	0	0	0	0.0000	0.0000	0.0000
ENSG00000225050.2	AL355592.1	lncRNA	0	0	0	0.0000	0.0000	0.0000
ENSG00000225051.5	HMGB3P22	transcribed_processed_pseudogene	46	36	30	3.1620	0.7841	0.8478
ENSG00000225053.1	PRPF38AP1	processed_pseudogene	0	0	0	0.0000	0.0000	0.0000
ENSG00000225055.1	AL606490.1	processed_pseudogene	0	0	0	0.0000	0.0000	0.0000
ENSG00000225056.1	AL121894.1	lncRNA	0	0	0	0.0000	0.0000	0.0000
ENSG00000225057.2	AC012485.1	lncRNA	7	139	117	0.1020	0.0253	0.0274
ENSG00000225058.1	AC092941.1	lncRNA	0	0	0	0.0000	0.0000	0.0000
ENSG00000225062.1	CATIP-AS1	lncRNA	0	40	34	0.0000	0.0000	0.0000
ENSG00000225063.1	TMCC2-AS1	lncRNA	0	0	0	0.0000	0.0000	0.0000
ENSG00000225064.1	LINC01802	lncRNA	0	0	0	0.0000	0.0000	0.0000
ENSG00000225066.1	MDM4P1	processed_pseudogene	0	0	0	0.0000	0.0000	0.0000
ENSG00000225067.4	RPL23AP2	processed_pseudogene	9	16	16	1.0953	0.2716	0.2937
ENSG00000225069.3	AL080312.1	processed_pseudogene	0	0	0	0.0000	0.0000	0.0000
ENSG00000225071.1	RPS26P58	processed_pseudogene	2	1	1	0.3259	0.0808	0.0874
ENSG00000225072.1	OR7E116P	unprocessed_pseudogene	0	0	0	0.0000	0.0000	0.0000
ENSG00000225075.1	AL603832.1	lncRNA	5	113	124	0.6315	0.1566	0.1693
ENSG00000225076.1	WWC3-AS1	lncRNA	1	0	1	0.0981	0.0243	0.0263
ENSG00000225077.3	LINC00337	lncRNA	25	198	210	0.6013	0.1491	0.1612
ENSG00000225078.2	AL365338.1	processed_pseudogene	3	1	2	0.1983	0.0492	0.0532
ENSG00000225079.2	FTH1P22	processed_pseudogene	5	1	4	0.5453	0.1352	0.1462
ENSG00000225080.1	PFN1P4	processed_pseudogene	0	0	0	0.0000	0.0000	0.0000
ENSG00000225082.2	DAP3P1	unprocessed_pseudogene	0	0	0	0.0000	0.0000	0.0000
ENSG00000225083.2	GRTP1-AS1	lncRNA	2	46	49	0.0766	0.0190	0.0205
ENSG00000225084.1	AL450226.1	lncRNA	0	0	0	0.0000	0.0000	0.0000
ENSG00000225085.1	AL162726.1	lncRNA	0	0	0	0.0000	0.0000	0.0000
ENSG00000225087.2	AL583808.1	lncRNA	4	1	4	0.0783	0.0194	0.0210
ENSG00000225091.3	SNORA71A	snoRNA	0	0	0	0.0000	0.0000	0.0000
ENSG00000225092.2	AL355336.1	lncRNA	1	1	0	0.0338	0.0084	0.0091
ENSG00000225093.1	RPL3P7	processed_pseudogene	16	9	7	0.7486	0.1857	0.2007
ENSG00000225094.3	SETP20	processed_pseudogene	14	3	11	0.9319	0.2311	0.2499
ENSG00000225096.3	AL445250.1	lncRNA	3	1	2	0.0170	0.0042	0.0046
ENSG00000225098.1	BCRP1	unprocessed_pseudogene	0	3	2	0.0000	0.0000	0.0000
ENSG00000225099.1	ATP6V1E1P1	processed_pseudogene	1	0	1	0.0833	0.0207	0.0223
ENSG00000225100.2	DPY19L2P5	processed_pseudogene	0	0	0	0.0000	0.0000	0.0000
ENSG00000225101.6	OR52K3P	transcribed_unprocessed_pseudogene	53	29	24	1.3915	0.3451	0.3731
ENSG00000225102.2	AL157373.1	lncRNA	0	0	0	0.0000	0.0000	0.0000
ENSG00000225105.2	LINC01076	lncRNA	0	0	0	0.0000	0.0000	0.0000
ENSG00000225106.1	AL162457.2	lncRNA	18	7	11	0.7539	0.1870	0.2021
ENSG00000225107.1	AC092484.1	lncRNA	0	0	0	0.0000	0.0000	0.0000
ENSG00000225108.1	ZBTB45P1	processed_pseudogene	0	2	6	0.0000	0.0000	0.0000
ENSG00000225110.3	PNMA6F	protein_coding	0	0	0	0.0000	0.0000	0.0000
ENSG00000225111.1	AC083900.1	lncRNA	5	2	3	0.6046	0.1499	0.1621
ENSG00000225112.1	AL157392.1	lncRNA	0	0	0	0.0000	0.0000	0.0000
ENSG00000225113.1	AL355310.1	lncRNA	0	0	0	0.0000	0.0000	0.0000
ENSG00000225116.1	AL353193.1	processed_pseudogene	0	0	0	0.0000	0.0000	0.0000
ENSG00000225117.2	ARSDP1	unprocessed_pseudogene	0	0	0	0.0000	0.0000	0.0000
ENSG00000225118.1	AL392103.1	processed_pseudogene	0	0	0	0.0000	0.0000	0.0000
ENSG00000225121.2	EEF1B2P5	unprocessed_pseudogene	0	0	0	0.0000	0.0000	0.0000
ENSG00000225122.1	AL603841.1	unprocessed_pseudogene	0	0	0	0.0000	0.0000	0.0000
ENSG00000225123.2	AL139008.1	processed_pseudogene	0	0	0	0.0000	0.0000	0.0000
ENSG00000225124.1	RPL23AP36	processed_pseudogene	0	0	0	0.0000	0.0000	0.0000
ENSG00000225125.2	RANP4	processed_pseudogene	40	13	27	3.4632	0.8588	0.9286
ENSG00000225126.1	CAMTA1-AS1	lncRNA	1	0	1	0.1571	0.0390	0.0421
ENSG00000225127.3	LINC00237	lncRNA	0	0	0	0.0000	0.0000	0.0000
ENSG00000225128.1	LINC00972	lncRNA	0	0	0	0.0000	0.0000	0.0000
ENSG00000225129.1	AL035250.1	lncRNA	0	0	0	0.0000	0.0000	0.0000
ENSG00000225131.2	PSME2P2	processed_pseudogene	57	31	26	4.6178	1.1452	1.2382
ENSG00000225133.1	MORF4L1P4	processed_pseudogene	0	0	0	0.0000	0.0000	0.0000
ENSG00000225136.1	PGBD4P5	processed_pseudogene	0	0	0	0.0000	0.0000	0.0000
ENSG00000225137.1	DYNC1I2P1	processed_pseudogene	28	9	19	0.8639	0.2142	0.2316
ENSG00000225138.8	SLC9A3-AS1	lncRNA	486	366	378	5.8256	1.4447	1.5620
ENSG00000225140.1	AL358216.1	lncRNA	2	0	2	0.0684	0.0170	0.0184
ENSG00000225142.2	AC114495.1	processed_pseudogene	0	0	0	0.0000	0.0000	0.0000
ENSG00000225144.2	AC018643.1	lncRNA	1	0	1	0.1370	0.0340	0.0367
ENSG00000225146.1	AC073957.1	lncRNA	0	0	0	0.0000	0.0000	0.0000
ENSG00000225147.1	RPS12P10	processed_pseudogene	1	1	0	0.1504	0.0373	0.0403
ENSG00000225148.1	AL050338.1	lncRNA	0	1	1	0.0000	0.0000	0.0000
ENSG00000225151.10	GOLGA2P7	transcribed_unprocessed_pseudogene	8	1	7	0.0923	0.0229	0.0248
ENSG00000225152.1	AL160290.1	lncRNA	1	1	0	0.1363	0.0338	0.0366
ENSG00000225154.2	TUBAP9	processed_pseudogene	105	72	34	4.9539	1.2285	1.3283
ENSG00000225155.4	TOMM22P5	processed_pseudogene	6	2	4	0.7751	0.1922	0.2078
ENSG00000225156.2	AC012354.1	lncRNA	0	0	0	0.0000	0.0000	0.0000
ENSG00000225158.2	HSPE1P24	processed_pseudogene	0	0	0	0.0000	0.0000	0.0000
ENSG00000225159.1	NPM1P39	processed_pseudogene	18	8	10	1.1774	0.2920	0.3157
ENSG00000225163.4	LINC00618	lncRNA	5	2	3	0.4051	0.1005	0.1086
ENSG00000225165.3	RTRAFP2	processed_pseudogene	0	0	0	0.0000	0.0000	0.0000
ENSG00000225166.2	AC012462.1	lncRNA	27	13	15	0.9331	0.2314	0.2502
ENSG00000225167.1	TXNP2	processed_pseudogene	0	0	0	0.0000	0.0000	0.0000
ENSG00000225169.1	BRI3P1	processed_pseudogene	6	3	4	0.9002	0.2232	0.2414
ENSG00000225170.2	AL049737.1	processed_pseudogene	1	1	0	0.0404	0.0100	0.0108
ENSG00000225171.2	DUTP6	processed_pseudogene	13	8	5	1.5957	0.3957	0.4279
ENSG00000225172.6	AC096631.1	lncRNA	4	2	2	0.1205	0.0299	0.0323
ENSG00000225173.1	AL662890.1	lncRNA	3	3	0	0.2400	0.0595	0.0643
ENSG00000225174.2	OSTM1-AS1	lncRNA	0	0	0	0.0000	0.0000	0.0000
ENSG00000225175.1	AC109780.1	unprocessed_pseudogene	0	0	0	0.0000	0.0000	0.0000
ENSG00000225176.2	ATP5MGP4	processed_pseudogene	0	0	0	0.0000	0.0000	0.0000
ENSG00000225177.6	AL590617.2	lncRNA	90	46	44	1.9340	0.4796	0.5186
ENSG00000225178.5	RPSAP58	processed_pseudogene	109	1035	911	6.9610	1.7263	1.8665
ENSG00000225179.2	LINC00457	lncRNA	18	15	5	0.3203	0.0794	0.0859
ENSG00000225180.8	PVALEF	protein_coding	2	2	2	0.0628	0.0156	0.0168
ENSG00000225181.1	AL121584.1	lncRNA	0	0	0	0.0000	0.0000	0.0000
ENSG00000225182.1	AC092601.1	processed_pseudogene	0	0	0	0.0000	0.0000	0.0000
ENSG00000225183.1	AL353898.1	processed_pseudogene	1	1	0	0.2383	0.0591	0.0639
ENSG00000225185.3	PPIAP8	processed_pseudogene	0	0	0	0.0000	0.0000	0.0000
ENSG00000225187.1	AC073283.1	lncRNA	1	2	1	0.0659	0.0164	0.0177
ENSG00000225189.1	REREP1Y	unprocessed_pseudogene	0	0	0	0.0000	0.0000	0.0000
ENSG00000225190.11	PLEKHM1	protein_coding	2234	1100	1143	13.7214	3.4028	3.6792
ENSG00000225191.1	AL136455.1	processed_pseudogene	0	0	0	0.0000	0.0000	0.0000
ENSG00000225192.1	ZNF33BP1	processed_pseudogene	10	3	7	0.3092	0.0767	0.0829
ENSG00000225193.5	RPS12P26	transcribed_processed_pseudogene	7	2	5	1.0024	0.2486	0.2688
ENSG00000225194.3	LINC00092	lncRNA	11	8	3	0.1286	0.0319	0.0345
ENSG00000225195.2	AC078962.1	lncRNA	1	1	0	0.2018	0.0500	0.0541
ENSG00000225196.2	RPL10P17	processed_pseudogene	0	0	0	0.0000	0.0000	0.0000
ENSG00000225198.1	SSXP3	unprocessed_pseudogene	0	0	0	0.0000	0.0000	0.0000
ENSG00000225200.2	AC246787.1	processed_pseudogene	57	21	36	5.1555	1.2785	1.3823
ENSG00000225203.2	AL139230.1	lncRNA	0	0	0	0.0000	0.0000	0.0000
ENSG00000225205.5	AC078883.1	lncRNA	29	152	164	0.6721	0.1667	0.1802
ENSG00000225206.10	MIR137HG	lncRNA	0	0	0	0.0000	0.0000	0.0000
ENSG00000225208.1	AL133387.1	lncRNA	107	53	54	15.8847	3.9393	4.2592
ENSG00000225209.2	AC092637.1	lncRNA	0	0	0	0.0000	0.0000	0.0000
ENSG00000225210.10	DUXAP9	transcribed_processed_pseudogene	25	18	8	0.2926	0.0726	0.0784
ENSG00000225212.4	AKR1B1P6	processed_pseudogene	0	0	0	0.0000	0.0000	0.0000
ENSG00000225213.2	AC073367.1	lncRNA	7	3	4	0.5695	0.1412	0.1527
ENSG00000225214.1	AC079790.1	lncRNA	0	2	4	0.0000	0.0000	0.0000
ENSG00000225215.1	SMARCE1P1	processed_pseudogene	0	0	0	0.0000	0.0000	0.0000
ENSG00000225216.6	AC007362.1	lncRNA	9	118	163	0.3145	0.0780	0.0843
ENSG00000225217.1	HSPA7	unprocessed_pseudogene	357	185	172	10.5062	2.6054	2.8171
ENSG00000225218.1	AP001628.1	lncRNA	1	0	1	0.1990	0.0493	0.0534
ENSG00000225221.1	PLA2G12AP2	processed_pseudogene	0	0	0	0.0000	0.0000	0.0000
ENSG00000225222.2	CHCHD4P5	processed_pseudogene	0	0	0	0.0000	0.0000	0.0000
ENSG00000225224.1	RPS27AP12	processed_pseudogene	5	3	2	0.6098	0.1512	0.1635
ENSG00000225225.1	ARL2BPP10	processed_pseudogene	0	6	4	0.0000	0.0000	0.0000
ENSG00000225226.2	LINC01795	lncRNA	0	0	0	0.0000	0.0000	0.0000
ENSG00000225230.1	AC008937.1	lncRNA	5	25	33	0.3102	0.0769	0.0832
ENSG00000225231.2	LINC02470	lncRNA	5	2	3	0.0576	0.0143	0.0154
ENSG00000225233.2	AL592402.1	lncRNA	0	0	0	0.0000	0.0000	0.0000
ENSG00000225234.1	TRAPPC12-AS1	lncRNA	75	38	38	4.6842	1.1616	1.2560
ENSG00000225235.1	INTS6L-AS1	lncRNA	0	1	0	0.0000	0.0000	0.0000
ENSG00000225236.1	AP000936.2	processed_pseudogene	0	0	0	0.0000	0.0000	0.0000
ENSG00000225238.1	GEMIN7P1	processed_pseudogene	0	0	0	0.0000	0.0000	0.0000
ENSG00000225239.1	RPL21P107	processed_pseudogene	0	0	0	0.0000	0.0000	0.0000
ENSG00000225240.1	AC117490.1	unprocessed_pseudogene	2	0	2	1.8903	0.4688	0.5069
ENSG00000225242.2	COX6B1P7	processed_pseudogene	0	0	0	0.0000	0.0000	0.0000
ENSG00000225243.5	AL021026.1	lncRNA	0	13	6	0.0000	0.0000	0.0000
ENSG00000225244.3	AC069152.1	unprocessed_pseudogene	0	0	0	0.0000	0.0000	0.0000
ENSG00000225246.1	RPS2P1	processed_pseudogene	1	0	1	0.0691	0.0171	0.0185
ENSG00000225249.6	LINC00378	lncRNA	0	0	0	0.0000	0.0000	0.0000
ENSG00000225251.1	RPL5P25	processed_pseudogene	1	0	1	0.0732	0.0181	0.0196
ENSG00000225253.1	AC011225.1	processed_pseudogene	0	0	0	0.0000	0.0000	0.0000
ENSG00000225254.2	ARMC8P1	processed_pseudogene	2	1	2	0.0880	0.0218	0.0236
ENSG00000225255.6	PSLNR	lncRNA	0	0	0	0.0000	0.0000	0.0000
ENSG00000225256.1	TRAPPC2P5	unprocessed_pseudogene	0	0	0	0.0000	0.0000	0.0000
ENSG00000225258.1	AC009478.1	lncRNA	0	0	0	0.0000	0.0000	0.0000
ENSG00000225259.4	ST13P6	processed_pseudogene	16	7	9	0.8234	0.2042	0.2208
ENSG00000225263.1	PCDH9-AS3	lncRNA	0	0	0	0.0000	0.0000	0.0000
ENSG00000225264.3	ZNRF2P2	transcribed_processed_pseudogene	8	14	9	0.5115	0.1268	0.1371
ENSG00000225265.2	TAF1A-AS1	lncRNA	175	101	91	4.3893	1.0885	1.1769
ENSG00000225267.1	RPL8P2	processed_pseudogene	2	0	2	0.2259	0.0560	0.0606
ENSG00000225269.3	LINC00705	lncRNA	3	2	5	0.0532	0.0132	0.0143
ENSG00000225270.1	CICP12	processed_pseudogene	1	0	1	0.0673	0.0167	0.0180
ENSG00000225271.1	NOLC1P1	processed_pseudogene	0	0	0	0.0000	0.0000	0.0000
ENSG00000225272.2	AL451074.2	processed_pseudogene	0	0	0	0.0000	0.0000	0.0000
ENSG00000225275.4	NUP210P2	unprocessed_pseudogene	0	0	0	0.0000	0.0000	0.0000
ENSG00000225276.1	MTND1P18	processed_pseudogene	0	0	0	0.0000	0.0000	0.0000
ENSG00000225279.2	AL121987.1	lncRNA	0	0	0	0.0000	0.0000	0.0000
ENSG00000225280.7	AL158013.1	lncRNA	0	0	0	0.0000	0.0000	0.0000
ENSG00000225282.1	AP000350.2	processed_pseudogene	8	3	5	0.2573	0.0638	0.0690
ENSG00000225284.1	AC018693.1	lncRNA	0	25	23	0.0000	0.0000	0.0000
ENSG00000225285.1	LINC01770	lncRNA	43	22	24	2.8655	0.7106	0.7683
ENSG00000225286.1	AC005105.1	processed_pseudogene	1	1	0	0.0716	0.0178	0.0192
ENSG00000225287.1	OFD1P13Y	unprocessed_pseudogene	0	0	0	0.0000	0.0000	0.0000
ENSG00000225289.1	RPL29P29	processed_pseudogene	0	0	0	0.0000	0.0000	0.0000
ENSG00000225292.2	AL158212.1	lncRNA	2	2	0	0.3601	0.0893	0.0965
ENSG00000225293.1	ABCD1P4	unprocessed_pseudogene	0	0	0	0.0000	0.0000	0.0000
ENSG00000225294.1	OSTCP2	processed_pseudogene	0	0	0	0.0000	0.0000	0.0000
ENSG00000225295.1	MTND4P4	unprocessed_pseudogene	0	0	0	0.0000	0.0000	0.0000
ENSG00000225297.1	AC126124.1	processed_pseudogene	0	0	0	0.0000	0.0000	0.0000
ENSG00000225298.5	LINC00113	lncRNA	1	0	1	0.0928	0.0230	0.0249
ENSG00000225299.1	AL139240.1	lncRNA	0	0	0	0.0000	0.0000	0.0000
ENSG00000225300.1	AL591623.1	lncRNA	0	0	0	0.0000	0.0000	0.0000
ENSG00000225303.2	AL117341.1	lncRNA	0	0	0	0.0000	0.0000	0.0000
ENSG00000225304.1	AC106901.1	processed_pseudogene	0	0	0	0.0000	0.0000	0.0000
ENSG00000225308.2	ASS1P11	processed_pseudogene	0	0	0	0.0000	0.0000	0.0000
ENSG00000225310.1	DNAJC19P4	processed_pseudogene	0	0	0	0.0000	0.0000	0.0000
ENSG00000225311.1	AL024474.2	lncRNA	1	1	0	0.1132	0.0281	0.0304
ENSG00000225313.5	AL513327.1	lncRNA	64	45	49	0.9040	0.2242	0.2424
ENSG00000225314.1	AC018634.1	processed_pseudogene	0	0	0	0.0000	0.0000	0.0000
ENSG00000225315.2	AL591178.1	lncRNA	1	2	4	0.1249	0.0310	0.0335
ENSG00000225316.3	LINC00350	lncRNA	0	0	0	0.0000	0.0000	0.0000
ENSG00000225321.2	LINC01427	lncRNA	0	0	0	0.0000	0.0000	0.0000
ENSG00000225323.1	HBAP1	unprocessed_pseudogene	0	0	0	0.0000	0.0000	0.0000
ENSG00000225325.1	AL583804.1	lncRNA	0	0	0	0.0000	0.0000	0.0000
ENSG00000225326.1	USP9YP19	unprocessed_pseudogene	0	0	0	0.0000	0.0000	0.0000
ENSG00000225327.3	USP17L3	protein_coding	0	0	0	0.0000	0.0000	0.0000
ENSG00000225328.2	LINC01594	lncRNA	1	0	1	0.0411	0.0102	0.0110
ENSG00000225329.3	LHFPL3-AS2	lncRNA	1	1	0	0.0239	0.0059	0.0064
ENSG00000225330.1	AF064860.1	lncRNA	10	4	6	1.0425	0.2585	0.2795
ENSG00000225331.1	LINC01678	lncRNA	2	0	2	0.1308	0.0324	0.0351
ENSG00000225333.6	AL035404.1	processed_pseudogene	0	0	0	0.0000	0.0000	0.0000
ENSG00000225334.3	LINC02813	lncRNA	4	2	2	0.1431	0.0355	0.0384
ENSG00000225335.3	AC016027.1	lncRNA	33	129	135	0.8373	0.2076	0.2245
ENSG00000225336.2	HMGB3P1	processed_pseudogene	0	0	0	0.0000	0.0000	0.0000
ENSG00000225337.1	AL353608.1	lncRNA	0	0	0	0.0000	0.0000	0.0000
ENSG00000225338.1	RPL23AP18	processed_pseudogene	9	4	5	1.0906	0.2705	0.2924
ENSG00000225339.4	AL354740.1	lncRNA	41	2700	2775	0.2773	0.0688	0.0743
ENSG00000225341.1	AC013269.1	lncRNA	0	0	0	0.0000	0.0000	0.0000
ENSG00000225342.2	LRRK2-DT	lncRNA	20	13	7	0.4975	0.1234	0.1334
ENSG00000225343.1	RPL21P66	processed_pseudogene	0	0	0	0.0000	0.0000	0.0000
ENSG00000225344.1	AL035252.1	processed_pseudogene	0	0	0	0.0000	0.0000	0.0000
ENSG00000225345.3	SNX18P3	transcribed_unprocessed_pseudogene	5	3	2	0.1453	0.0360	0.0389
ENSG00000225347.1	SLC25A5P8	processed_pseudogene	1	0	1	0.0632	0.0157	0.0169
ENSG00000225349.2	ANKRD49P2	processed_pseudogene	1	0	1	0.1064	0.0264	0.0285
ENSG00000225350.1	FREM2-AS1	lncRNA	0	0	0	0.0000	0.0000	0.0000
ENSG00000225352.1	RPL31P53	processed_pseudogene	0	0	0	0.0000	0.0000	0.0000
ENSG00000225354.1	RPL7AP52	processed_pseudogene	0	0	0	0.0000	0.0000	0.0000
ENSG00000225355.1	ARL6IP1P2	processed_pseudogene	0	0	0	0.0000	0.0000	0.0000
ENSG00000225356.3	AC093840.1	processed_pseudogene	0	0	0	0.0000	0.0000	0.0000
ENSG00000225357.3	RPF2P1	processed_pseudogene	1	1	0	0.0626	0.0155	0.0168
ENSG00000225358.1	MIPEPP1	processed_pseudogene	2	0	2	0.0560	0.0139	0.0150
ENSG00000225359.1	AL358393.1	lncRNA	0	0	0	0.0000	0.0000	0.0000
ENSG00000225360.1	AL772155.2	processed_pseudogene	0	0	0	0.0000	0.0000	0.0000
ENSG00000225361.4	PPP1R26-AS1	lncRNA	134	57	81	1.8162	0.4504	0.4870
ENSG00000225362.10	CT62	lncRNA	274	135	139	5.4540	1.3525	1.4624
ENSG00000225364.1	ATP6V0E1P1	processed_pseudogene	2	1	1	0.5019	0.1245	0.1346
ENSG00000225365.1	AC078942.1	lncRNA	0	0	0	0.0000	0.0000	0.0000
ENSG00000225366.4	TDGF1P3	transcribed_processed_pseudogene	0	0	0	0.0000	0.0000	0.0000
ENSG00000225369.1	CAPZA1P2	processed_pseudogene	0	0	0	0.0000	0.0000	0.0000
ENSG00000225370.1	AC243962.1	unprocessed_pseudogene	5	1	4	0.4897	0.1214	0.1313
ENSG00000225371.1	CICP8	processed_pseudogene	0	0	0	0.0000	0.0000	0.0000
ENSG00000225376.6	TMEM246-AS1	lncRNA	1	9	11	0.0304	0.0075	0.0082
ENSG00000225377.6	NRSN2-AS1	lncRNA	646	338	339	5.8401	1.4483	1.5659
ENSG00000225378.1	AC015977.1	lncRNA	0	0	0	0.0000	0.0000	0.0000
ENSG00000225380.4	IGKV1OR9-2	IG_V_pseudogene	1	0	1	0.2047	0.0508	0.0549
ENSG00000225381.2	RPS5P7	processed_pseudogene	0	0	0	0.0000	0.0000	0.0000
ENSG00000225383.8	SFTA1P	lncRNA	20	8	12	0.3564	0.0884	0.0956
ENSG00000225384.1	AL606662.1	processed_pseudogene	0	0	0	0.0000	0.0000	0.0000
ENSG00000225385.3	AL353572.1	processed_pseudogene	12	3	11	1.6319	0.4047	0.4376
ENSG00000225386.2	AC099754.1	lncRNA	0	0	0	0.0000	0.0000	0.0000
ENSG00000225387.1	AL591896.1	lncRNA	0	0	0	0.0000	0.0000	0.0000
ENSG00000225391.5	NHEG1	lncRNA	0	0	0	0.0000	0.0000	0.0000
ENSG00000225392.1	MRPL36P1	processed_pseudogene	1	0	1	0.1818	0.0451	0.0487
ENSG00000225393.1	BX571846.1	lncRNA	0	0	0	0.0000	0.0000	0.0000
ENSG00000225394.1	AC106883.1	processed_pseudogene	0	0	0	0.0000	0.0000	0.0000
ENSG00000225396.5	FAM236D	protein_coding	0	0	0	0.0000	0.0000	0.0000
ENSG00000225397.1	AC244505.3	processed_pseudogene	0	0	0	0.0000	0.0000	0.0000
ENSG00000225398.3	PGM5P4	unprocessed_pseudogene	7	5	2	0.8921	0.2212	0.2392
ENSG00000225399.4	AC121247.1	lncRNA	14	8	6	0.6444	0.1598	0.1728
ENSG00000225400.1	RAB28P5	processed_pseudogene	14	28	29	1.2196	0.3024	0.3270
ENSG00000225401.2	TGIF2P1	processed_pseudogene	1	1	0	0.0828	0.0205	0.0222
ENSG00000225402.1	AC010878.1	processed_pseudogene	1	0	1	0.0542	0.0134	0.0145
ENSG00000225404.2	RPL26P34	processed_pseudogene	0	0	0	0.0000	0.0000	0.0000
ENSG00000225405.3	RPS15AP17	processed_pseudogene	0	0	0	0.0000	0.0000	0.0000
ENSG00000225406.1	ELF2P4	processed_pseudogene	2	0	2	0.1658	0.0411	0.0445
ENSG00000225407.3	AC025188.1	lncRNA	3	7	13	0.2835	0.0703	0.0760
ENSG00000225408.1	AL136980.1	lncRNA	7	37	45	0.7311	0.1813	0.1960
ENSG00000225411.3	CR786580.1	lncRNA	6	2	4	0.1054	0.0261	0.0283
ENSG00000225413.2	LINC02557	lncRNA	0	0	0	0.0000	0.0000	0.0000
ENSG00000225415.2	ACKR4P1	processed_pseudogene	1	0	1	0.0539	0.0134	0.0144
ENSG00000225416.1	AC104843.1	processed_pseudogene	0	0	0	0.0000	0.0000	0.0000
ENSG00000225417.1	AL049648.1	lncRNA	5	0	5	1.0055	0.2494	0.2696
ENSG00000225418.1	AKR1C5P	unprocessed_pseudogene	1	1	0	0.0931	0.0231	0.0250
ENSG00000225419.1	RPL21P3	processed_pseudogene	9	5	4	1.0678	0.2648	0.2863
ENSG00000225420.1	AC104134.1	lncRNA	0	462	462	0.0000	0.0000	0.0000
ENSG00000225421.2	AC019330.1	lncRNA	2	0	2	0.0531	0.0132	0.0143
ENSG00000225422.4	RBMS1P1	processed_pseudogene	19	10	9	0.9321	0.2311	0.2499
ENSG00000225423.1	TNPO1P1	processed_pseudogene	2	0	2	0.0997	0.0247	0.0267
ENSG00000225424.1	AL391869.1	lncRNA	0	0	0	0.0000	0.0000	0.0000
ENSG00000225427.2	LINC00331	lncRNA	0	0	0	0.0000	0.0000	0.0000
ENSG00000225428.1	NDUFB4P7	processed_pseudogene	0	0	0	0.0000	0.0000	0.0000
ENSG00000225431.1	LINC01671	lncRNA	1	0	1	0.0319	0.0079	0.0086
ENSG00000225433.3	MTND1P12	unprocessed_pseudogene	0	0	0	0.0000	0.0000	0.0000
ENSG00000225434.3	LINC01504	lncRNA	73	836	841	0.9545	0.2367	0.2559
ENSG00000225437.6	PACRG-AS2	lncRNA	0	0	0	0.0000	0.0000	0.0000
ENSG00000225438.1	KRT41P	unprocessed_pseudogene	289	140	158	12.6753	3.1434	3.3987
ENSG00000225439.3	BOLA3-AS1	lncRNA	804	393	411	12.2337	3.0338	3.2803
ENSG00000225442.2	MPRIP-AS1	lncRNA	2	1	2	0.1072	0.0266	0.0287
ENSG00000225443.1	AC004938.1	processed_pseudogene	0	0	0	0.0000	0.0000	0.0000
ENSG00000225444.2	LINC01867	lncRNA	0	0	0	0.0000	0.0000	0.0000
ENSG00000225446.3	LINC01763	lncRNA	0	0	0	0.0000	0.0000	0.0000
ENSG00000225447.1	RPS15AP10	processed_pseudogene	14	4	10	2.0784	0.5154	0.5573
ENSG00000225448.1	AC009477.1	processed_pseudogene	0	0	0	0.0000	0.0000	0.0000
ENSG00000225449.3	RAB6C-AS1	transcribed_unprocessed_pseudogene	47	33	27	0.6749	0.1674	0.1810
ENSG00000225450.1	AL021707.1	lncRNA	5	291	282	0.5671	0.1406	0.1521
ENSG00000225451.1	AC092634.2	processed_pseudogene	0	0	0	0.0000	0.0000	0.0000
ENSG00000225455.3	TPI1P4	processed_pseudogene	0	0	0	0.0000	0.0000	0.0000
ENSG00000225457.1	AC073346.1	lncRNA	0	0	0	0.0000	0.0000	0.0000
ENSG00000225458.1	AL049812.2	lncRNA	0	0	0	0.0000	0.0000	0.0000
ENSG00000225460.1	AL590233.1	processed_pseudogene	3	2	1	0.3731	0.0925	0.1000
ENSG00000225462.1	FDPSP1	processed_pseudogene	0	0	0	0.0000	0.0000	0.0000
ENSG00000225463.1	ZNF70P1	processed_pseudogene	0	1	0	0.0000	0.0000	0.0000
ENSG00000225465.9	RFPL1S	lncRNA	47	35	33	0.3546	0.0879	0.0951
ENSG00000225466.1	OFD1P10Y	unprocessed_pseudogene	0	0	0	0.0000	0.0000	0.0000
ENSG00000225469.3	AL023773.1	unprocessed_pseudogene	0	0	0	0.0000	0.0000	0.0000
ENSG00000225470.8	JPX	lncRNA	126	1043	1083	0.3459	0.0858	0.0928
ENSG00000225471.5	BX119917.1	transcribed_processed_pseudogene	0	0	0	0.0000	0.0000	0.0000
ENSG00000225472.2	AL136366.1	lncRNA	2	2	0	0.0688	0.0171	0.0185
ENSG00000225473.1	ATP13A4-AS1	lncRNA	0	0	0	0.0000	0.0000	0.0000
ENSG00000225475.1	AC099789.1	processed_pseudogene	0	0	0	0.0000	0.0000	0.0000
ENSG00000225476.1	MTCO3P5	processed_pseudogene	0	0	0	0.0000	0.0000	0.0000
ENSG00000225477.3	AC099730.1	processed_pseudogene	0	0	0	0.0000	0.0000	0.0000
ENSG00000225478.2	AL031737.1	processed_pseudogene	0	0	0	0.0000	0.0000	0.0000
ENSG00000225479.1	PLCB1-IT1	lncRNA	0	0	0	0.0000	0.0000	0.0000
ENSG00000225480.1	AC006548.1	processed_pseudogene	0	0	0	0.0000	0.0000	0.0000
ENSG00000225482.1	RPS6P14	processed_pseudogene	0	0	0	0.0000	0.0000	0.0000
ENSG00000225483.1	RPL22P4	processed_pseudogene	0	0	0	0.0000	0.0000	0.0000
ENSG00000225484.7	NUTM2B-AS1	lncRNA	1143	642	608	2.8821	0.7147	0.7728
ENSG00000225486.1	AL663058.1	processed_pseudogene	0	0	0	0.0000	0.0000	0.0000
ENSG00000225487.2	RPL35AP7	processed_pseudogene	0	0	0	0.0000	0.0000	0.0000
ENSG00000225488.3	AC092447.4	lncRNA	0	0	0	0.0000	0.0000	0.0000
ENSG00000225489.7	AL354707.1	lncRNA	54	33	21	0.9639	0.2390	0.2585
ENSG00000225491.1	UBE2Q2P4Y	unprocessed_pseudogene	0	0	0	0.0000	0.0000	0.0000
ENSG00000225492.6	GBP1P1	transcribed_unprocessed_pseudogene	244	139	118	5.8832	1.4590	1.5775
ENSG00000225493.1	LINC01107	lncRNA	5	2	3	0.1436	0.0356	0.0385
ENSG00000225496.1	RTRAFP1	processed_pseudogene	1	1	0	0.0772	0.0191	0.0207
ENSG00000225497.5	KCNMA1-AS2	lncRNA	0	0	0	0.0000	0.0000	0.0000
ENSG00000225498.1	AC002064.1	lncRNA	3	2	1	0.2321	0.0576	0.0622
ENSG00000225499.1	RPL15P4	processed_pseudogene	0	0	0	0.0000	0.0000	0.0000
ENSG00000225501.1	SNRPFP3	processed_pseudogene	0	0	0	0.0000	0.0000	0.0000
ENSG00000225502.2	GAPDHP16	processed_pseudogene	3	1	2	0.1769	0.0439	0.0474
ENSG00000225505.1	AC104332.1	processed_pseudogene	2	1	1	0.1423	0.0353	0.0382
ENSG00000225506.2	CYP4A22-AS1	lncRNA	8	4	4	0.4926	0.1222	0.1321
ENSG00000225507.1	AC069282.1	processed_pseudogene	116	59	57	12.5064	3.1015	3.3534
ENSG00000225508.1	SSXP5	unprocessed_pseudogene	0	0	0	0.0000	0.0000	0.0000
ENSG00000225509.1	AIFM1P1	processed_pseudogene	1	0	1	0.0308	0.0076	0.0083
ENSG00000225510.2	PCDH8P1	transcribed_processed_pseudogene	0	0	0	0.0000	0.0000	0.0000
ENSG00000225511.7	LINC00475	transcribed_unprocessed_pseudogene	133	66	67	1.9550	0.4848	0.5242
ENSG00000225513.1	AL158824.1	processed_pseudogene	0	0	0	0.0000	0.0000	0.0000
ENSG00000225514.1	MTND1P34	transcribed_processed_pseudogene	1	1	0	0.0845	0.0210	0.0227
ENSG00000225516.7	FAM197Y5	transcribed_unprocessed_pseudogene	0	0	0	0.0000	0.0000	0.0000
ENSG00000225518.3	LINC01703	lncRNA	58	32	26	2.0392	0.5057	0.5468
ENSG00000225519.1	AL365434.1	lncRNA	0	0	0	0.0000	0.0000	0.0000
ENSG00000225521.1	SNED1-AS1	lncRNA	1	25	24	0.1014	0.0252	0.0272
ENSG00000225522.2	AL592114.2	processed_pseudogene	0	0	0	0.0000	0.0000	0.0000
ENSG00000225523.2	IGKV6D-21	IG_V_gene	5	1	4	0.6933	0.1719	0.1859
ENSG00000225526.5	MKRN2OS	protein_coding	28	27	27	0.5208	0.1291	0.1396
ENSG00000225527.1	AL450384.1	lncRNA	1	1	0	0.1373	0.0341	0.0368
ENSG00000225528.3	Z82206.1	protein_coding	8	3	5	0.3432	0.0851	0.0920
ENSG00000225530.1	SP3P	processed_pseudogene	0	0	0	0.0000	0.0000	0.0000
ENSG00000225531.1	AL807761.2	processed_pseudogene	1	1	1	0.0778	0.0193	0.0209
ENSG00000225532.1	AL731684.1	lncRNA	0	0	0	0.0000	0.0000	0.0000
ENSG00000225533.1	PAWRP1	processed_pseudogene	2	2	1	0.2007	0.0498	0.0538
ENSG00000225535.7	LINC01393	lncRNA	14	7	7	0.3452	0.0856	0.0926
ENSG00000225536.2	STIP1P3	processed_pseudogene	1	0	1	0.0349	0.0087	0.0094
ENSG00000225537.1	AC073325.1	lncRNA	3	2	1	0.3139	0.0778	0.0842
ENSG00000225538.2	OR5BE1P	transcribed_unprocessed_pseudogene	0	0	0	0.0000	0.0000	0.0000
ENSG00000225539.7	LINC01821	lncRNA	2	1	1	0.0218	0.0054	0.0059
ENSG00000225542.2	ZNF385D-AS1	lncRNA	1	0	1	0.0611	0.0152	0.0164
ENSG00000225544.1	AC245452.1	processed_pseudogene	0	0	0	0.0000	0.0000	0.0000
ENSG00000225545.1	AL162399.1	lncRNA	0	0	0	0.0000	0.0000	0.0000
ENSG00000225546.6	LINC02476	lncRNA	0	0	0	0.0000	0.0000	0.0000
ENSG00000225548.7	LINC01980	lncRNA	0	0	0	0.0000	0.0000	0.0000
ENSG00000225549.3	SELENOKP3	transcribed_processed_pseudogene	0	0	0	0.0000	0.0000	0.0000
ENSG00000225551.1	AL157827.1	unprocessed_pseudogene	0	0	0	0.0000	0.0000	0.0000
ENSG00000225552.1	NAALADL2-AS1	lncRNA	0	0	0	0.0000	0.0000	0.0000
ENSG00000225555.2	AP000320.1	lncRNA	0	7	15	0.0000	0.0000	0.0000
ENSG00000225556.1	C2CD4D	protein_coding	21	8	13	0.6778	0.1681	0.1817
ENSG00000225557.1	MTCO3P20	processed_pseudogene	0	0	0	0.0000	0.0000	0.0000
ENSG00000225558.1	UBE2D3P2	processed_pseudogene	2	0	2	0.2549	0.0632	0.0683
ENSG00000225559.1	AC083867.2	lncRNA	1	0	1	0.1241	0.0308	0.0333
ENSG00000225560.6	FAM197Y8	transcribed_processed_pseudogene	0	0	0	0.0000	0.0000	0.0000
ENSG00000225561.2	LINC01710	lncRNA	0	0	0	0.0000	0.0000	0.0000
ENSG00000225563.2	AC006076.1	lncRNA	0	0	0	0.0000	0.0000	0.0000
ENSG00000225564.6	LINC01492	lncRNA	0	0	0	0.0000	0.0000	0.0000
ENSG00000225568.1	AC093155.1	processed_pseudogene	0	0	0	0.0000	0.0000	0.0000
ENSG00000225569.1	CCT4P2	processed_pseudogene	1	0	1	0.0366	0.0091	0.0098
ENSG00000225570.1	AC013733.1	lncRNA	0	0	0	0.0000	0.0000	0.0000
ENSG00000225572.1	DOCK4-AS1	lncRNA	3	1	2	0.0682	0.0169	0.0183
ENSG00000225573.4	RPL35P5	processed_pseudogene	22	10	12	3.3719	0.8362	0.9041
ENSG00000225574.1	DRAXINP1	processed_pseudogene	0	0	0	0.0000	0.0000	0.0000
ENSG00000225578.1	NCBP2-AS1	lncRNA	3	220	228	0.3027	0.0751	0.0812
ENSG00000225579.2	EDNRB-AS1	lncRNA	2	1	1	0.0284	0.0070	0.0076
ENSG00000225580.2	PA2G4P5	processed_pseudogene	0	0	0	0.0000	0.0000	0.0000
ENSG00000225581.3	TRIM53AP	unprocessed_pseudogene	0	0	0	0.0000	0.0000	0.0000
ENSG00000225582.2	AC011193.1	lncRNA	0	0	0	0.0000	0.0000	0.0000
ENSG00000225583.1	AC004690.1	processed_pseudogene	0	0	0	0.0000	0.0000	0.0000
ENSG00000225585.1	IPPKP1	processed_pseudogene	0	0	0	0.0000	0.0000	0.0000
ENSG00000225588.2	AC096669.1	lncRNA	0	0	0	0.0000	0.0000	0.0000
ENSG00000225591.2	BX248409.1	processed_pseudogene	2	2	0	0.4448	0.1103	0.1193
ENSG00000225594.1	AC098826.1	unprocessed_pseudogene	0	0	0	0.0000	0.0000	0.0000
ENSG00000225595.2	LINC01623	lncRNA	1	1	0	0.0183	0.0045	0.0049
ENSG00000225598.1	AL606519.1	lncRNA	0	0	0	0.0000	0.0000	0.0000
ENSG00000225602.5	MTOR-AS1	lncRNA	1	67	72	0.0743	0.0184	0.0199
ENSG00000225603.3	AC244394.1	processed_pseudogene	0	0	0	0.0000	0.0000	0.0000
ENSG00000225605.3	AC092813.1	lncRNA	1	1	0	0.0270	0.0067	0.0073
ENSG00000225606.1	AC005281.1	lncRNA	0	5	1	0.0000	0.0000	0.0000
ENSG00000225609.1	CDY20P	unprocessed_pseudogene	0	0	0	0.0000	0.0000	0.0000
ENSG00000225610.1	AC007679.1	lncRNA	0	47	65	0.0000	0.0000	0.0000
ENSG00000225611.1	LINC02158	lncRNA	2	4	5	0.1264	0.0314	0.0339
ENSG00000225612.2	AC099552.2	lncRNA	0	0	0	0.0000	0.0000	0.0000
ENSG00000225613.2	LINCMD1	lncRNA	0	0	0	0.0000	0.0000	0.0000
ENSG00000225614.4	ZNF469	protein_coding	3695	1864	1831	15.2130	3.7727	4.0791
ENSG00000225615.1	RBMY2UP	unprocessed_pseudogene	0	0	0	0.0000	0.0000	0.0000
ENSG00000225616.2	AL138785.1	processed_pseudogene	1	0	1	0.1713	0.0425	0.0459
ENSG00000225619.1	MYT1L-AS1	lncRNA	0	1	0	0.0000	0.0000	0.0000
ENSG00000225620.1	AC104463.1	lncRNA	0	0	0	0.0000	0.0000	0.0000
ENSG00000225622.1	PPIAP17	processed_pseudogene	0	0	0	0.0000	0.0000	0.0000
ENSG00000225623.1	AGBL4-IT1	lncRNA	0	0	0	0.0000	0.0000	0.0000
ENSG00000225624.1	TBL1YP1	unprocessed_pseudogene	0	0	0	0.0000	0.0000	0.0000
ENSG00000225625.4	AC090517.1	processed_pseudogene	0	0	0	0.0000	0.0000	0.0000
ENSG00000225626.4	C9orf135-DT	lncRNA	0	0	0	0.0000	0.0000	0.0000
ENSG00000225630.1	MTND2P28	unprocessed_pseudogene	21110	10445	10669	1146.6930	284.3683	307.4667
ENSG00000225632.1	AL161644.1	lncRNA	2	1	1	0.1021	0.0253	0.0274
ENSG00000225636.1	HNRNPA3P15	processed_pseudogene	0	0	0	0.0000	0.0000	0.0000
ENSG00000225637.1	AP001046.1	lncRNA	0	0	0	0.0000	0.0000	0.0000
ENSG00000225638.1	PABPC1P12	processed_pseudogene	0	0	0	0.0000	0.0000	0.0000
ENSG00000225639.1	PGAM1P2	processed_pseudogene	0	0	0	0.0000	0.0000	0.0000
ENSG00000225640.1	LINC01729	lncRNA	0	0	0	0.0000	0.0000	0.0000
ENSG00000225642.1	SNRPEP5	processed_pseudogene	0	0	0	0.0000	0.0000	0.0000
ENSG00000225643.1	AL606491.1	lncRNA	18	12	6	2.1134	0.5241	0.5667
ENSG00000225644.1	RPL35AP4	processed_pseudogene	0	0	0	0.0000	0.0000	0.0000
ENSG00000225647.2	AC005487.1	lncRNA	1	1	0	0.0196	0.0049	0.0053
ENSG00000225648.5	SBDSP1	transcribed_unprocessed_pseudogene	1074	569	505	49.1578	12.1906	13.1808
ENSG00000225649.6	AC064875.1	lncRNA	22	14	8	0.2097	0.0520	0.0562
ENSG00000225650.2	EIF2S2P5	processed_pseudogene	0	0	0	0.0000	0.0000	0.0000
ENSG00000225652.2	KCNMA1-AS3	lncRNA	2	0	2	0.0534	0.0132	0.0143
ENSG00000225653.1	RNF19BPY	processed_pseudogene	0	0	0	0.0000	0.0000	0.0000
ENSG00000225655.5	BX255923.1	lncRNA	0	0	0	0.0000	0.0000	0.0000
ENSG00000225656.1	AL118511.2	lncRNA	11	5	6	2.0058	0.4974	0.5378
ENSG00000225657.2	LINC01716	lncRNA	0	0	0	0.0000	0.0000	0.0000
ENSG00000225658.1	TAF13P2	processed_pseudogene	2	0	2	0.3966	0.0983	0.1063
ENSG00000225660.1	Z99497.1	processed_pseudogene	0	0	0	0.0000	0.0000	0.0000
ENSG00000225661.7	RPL14P5	processed_pseudogene	1	1	0	0.0777	0.0193	0.0208
ENSG00000225661.7_PAR_Y	RPL14P5	processed_pseudogene	0	0	0	0.0000	0.0000	0.0000
ENSG00000225662.2	AC012519.1	processed_pseudogene	0	0	0	0.0000	0.0000	0.0000
ENSG00000225663.8	MCRIP1	protein_coding	6749	3345	3404	102.7202	25.4736	27.5427
ENSG00000225664.3	YWHAZP8	processed_pseudogene	0	0	0	0.0000	0.0000	0.0000
ENSG00000225665.4	SAR1AP3	processed_pseudogene	0	0	0	0.0000	0.0000	0.0000
ENSG00000225669.1	RPL23AP27	processed_pseudogene	0	0	0	0.0000	0.0000	0.0000
ENSG00000225670.4	CADM3-AS1	lncRNA	1	5	6	0.0109	0.0027	0.0029
ENSG00000225671.2	FCF1P6	processed_pseudogene	0	0	0	0.0000	0.0000	0.0000
ENSG00000225672.1	CCNT2P1	processed_pseudogene	0	0	0	0.0000	0.0000	0.0000
ENSG00000225673.3	AC104164.1	processed_pseudogene	1	1	0	0.0961	0.0238	0.0258
ENSG00000225674.1	IPO7P2	processed_pseudogene	3	2	1	0.0972	0.0241	0.0261
ENSG00000225675.2	LINC01771	lncRNA	1	1	1	0.1000	0.0248	0.0268
ENSG00000225676.2	AC002378.1	lncRNA	1	0	1	0.0257	0.0064	0.0069
ENSG00000225678.2	AP000619.1	transcribed_unprocessed_pseudogene	0	0	0	0.0000	0.0000	0.0000
ENSG00000225680.1	AL163953.1	lncRNA	0	0	0	0.0000	0.0000	0.0000
ENSG00000225681.2	AC005730.1	transcribed_processed_pseudogene	0	0	0	0.0000	0.0000	0.0000
ENSG00000225683.6	PACRG-AS3	lncRNA	1	0	1	0.0058	0.0014	0.0016
ENSG00000225684.4	FAM225B	lncRNA	45	28	17	0.3227	0.0800	0.0865
ENSG00000225685.1	TSPY5P	transcribed_unprocessed_pseudogene	0	0	0	0.0000	0.0000	0.0000
ENSG00000225689.2	AL008633.1	lncRNA	9	1	8	0.0707	0.0175	0.0190
ENSG00000225690.1	TREML5P	unprocessed_pseudogene	0	0	0	0.0000	0.0000	0.0000
ENSG00000225693.1	LAGE3P1	processed_pseudogene	5	3	2	0.5858	0.1453	0.1571
ENSG00000225695.1	HNRNPA1P35	processed_pseudogene	7	1	6	0.4122	0.1022	0.1105
ENSG00000225697.13	SLC26A6	protein_coding	983	491	492	8.7472	2.1692	2.3454
ENSG00000225698.3	IGHV3-72	IG_V_gene	71	35	36	9.1509	2.2693	2.4537
ENSG00000225701.1	EIF4A1P13	processed_pseudogene	0	0	0	0.0000	0.0000	0.0000
ENSG00000225703.1	AC114737.1	lncRNA	0	0	0	0.0000	0.0000	0.0000
ENSG00000225705.2	AC004899.1	processed_pseudogene	0	2	0	0.0000	0.0000	0.0000
ENSG00000225706.2	PTPRD-AS1	lncRNA	203	94	109	2.2960	0.5694	0.6156
ENSG00000225708.6	AL354984.2	lncRNA	1	1	0	0.0554	0.0137	0.0148
ENSG00000225710.1	AL355149.1	unprocessed_pseudogene	0	0	0	0.0000	0.0000	0.0000
ENSG00000225711.1	AL512326.3	processed_pseudogene	0	0	0	0.0000	0.0000	0.0000
ENSG00000225712.1	ATP5MC2P1	processed_pseudogene	0	0	0	0.0000	0.0000	0.0000
ENSG00000225713.5	RPL30P1	processed_pseudogene	0	0	0	0.0000	0.0000	0.0000
ENSG00000225715.1	PSMA1P1	processed_pseudogene	0	0	0	0.0000	0.0000	0.0000
ENSG00000225716.1	ELOCP13	processed_pseudogene	0	0	0	0.0000	0.0000	0.0000
ENSG00000225718.2	AC092100.1	lncRNA	0	0	0	0.0000	0.0000	0.0000
ENSG00000225719.2	NMNAT1P2	processed_pseudogene	0	0	0	0.0000	0.0000	0.0000
ENSG00000225720.6	AL031846.1	transcribed_unprocessed_pseudogene	0	0	0	0.0000	0.0000	0.0000
ENSG00000225721.5	AL592166.1	lncRNA	8	1724	1770	0.5930	0.1471	0.1590
ENSG00000225722.1	RPL24P9	processed_pseudogene	0	0	0	0.0000	0.0000	0.0000
ENSG00000225723.1	MTND6P15	processed_pseudogene	0	0	0	0.0000	0.0000	0.0000
ENSG00000225724.1	ASH2LP3	unprocessed_pseudogene	4	2	2	0.1381	0.0343	0.0370
ENSG00000225725.4	FAM66E	lncRNA	1	1	0	0.0200	0.0050	0.0054
ENSG00000225726.1	AC007000.2	processed_pseudogene	5	2	3	0.5822	0.1444	0.1561
ENSG00000225727.3	AL139184.1	transcribed_processed_pseudogene	0	3	9	0.0000	0.0000	0.0000
ENSG00000225728.2	TMEM230P1	processed_pseudogene	0	0	0	0.0000	0.0000	0.0000
ENSG00000225730.1	ADGRF5-AS1	lncRNA	1	1	0	0.0726	0.0180	0.0195
ENSG00000225731.1	PDE9A-AS1	lncRNA	4	3	1	0.1293	0.0321	0.0347
ENSG00000225733.6	FGD5-AS1	lncRNA	15058	7638	7519	165.4279	41.0244	44.3567
ENSG00000225735.1	NEK4P1	processed_pseudogene	0	0	0	0.0000	0.0000	0.0000
ENSG00000225738.2	NRG3-AS1	lncRNA	0	0	1	0.0000	0.0000	0.0000
ENSG00000225739.1	NPM1P18	processed_pseudogene	1	0	1	0.0775	0.0192	0.0208
ENSG00000225740.1	ELOCP6	processed_pseudogene	0	0	0	0.0000	0.0000	0.0000
ENSG00000225741.1	AC245517.1	unprocessed_pseudogene	0	0	0	0.0000	0.0000	0.0000
ENSG00000225742.6	LINC02036	lncRNA	1	1	0	0.0162	0.0040	0.0043
ENSG00000225744.1	AC017002.1	lncRNA	0	0	0	0.0000	0.0000	0.0000
ENSG00000225746.13	MEG8	lncRNA	20	10	10	0.0412	0.0102	0.0111
ENSG00000225750.1	AL357500.1	lncRNA	0	0	0	0.0000	0.0000	0.0000
ENSG00000225751.2	AC087501.1	lncRNA	2	0	2	0.1586	0.0393	0.0425
ENSG00000225752.1	AL023581.1	lncRNA	0	0	0	0.0000	0.0000	0.0000
ENSG00000225755.2	AL451063.1	processed_pseudogene	3	1	2	0.1502	0.0372	0.0403
ENSG00000225756.1	DBH-AS1	lncRNA	36	16	24	0.9544	0.2367	0.2559
ENSG00000225758.1	RPS17P17	processed_pseudogene	0	0	0	0.0000	0.0000	0.0000
ENSG00000225759.1	LINC00489	lncRNA	0	0	0	0.0000	0.0000	0.0000
ENSG00000225760.2	LINC00431	transcribed_unprocessed_pseudogene	10	5	5	0.4770	0.1183	0.1279
ENSG00000225761.1	AL596247.1	lncRNA	1	1	0	0.1283	0.0318	0.0344
ENSG00000225762.1	LINC01389	lncRNA	31	15	16	3.6398	0.9026	0.9759
ENSG00000225764.2	P3H2-AS1	lncRNA	0	0	0	0.0000	0.0000	0.0000
ENSG00000225765.2	LINC01831	lncRNA	0	0	0	0.0000	0.0000	0.0000
ENSG00000225766.10	DHRS4L1	transcribed_unprocessed_pseudogene	2	1	1	0.0892	0.0221	0.0239
ENSG00000225767.1	FAF1-AS1	lncRNA	4	2	2	0.4510	0.1118	0.1209
ENSG00000225768.1	LINC02620	lncRNA	10	2	8	0.5598	0.1388	0.1501
ENSG00000225769.1	CROCCP1	processed_pseudogene	0	0	0	0.0000	0.0000	0.0000
ENSG00000225770.1	RPS29P3	processed_pseudogene	0	0	0	0.0000	0.0000	0.0000
ENSG00000225774.2	SIRPAP1	processed_pseudogene	0	0	0	0.0000	0.0000	0.0000
ENSG00000225775.1	AL137220.1	lncRNA	0	0	0	0.0000	0.0000	0.0000
ENSG00000225777.1	DDX39AP1	processed_pseudogene	0	0	0	0.0000	0.0000	0.0000
ENSG00000225778.5	PROSER2-AS1	lncRNA	9	33	22	0.1559	0.0387	0.0418
ENSG00000225779.1	AL122001.1	processed_pseudogene	2	1	1	0.3065	0.0760	0.0822
ENSG00000225781.1	OR6V1	protein_coding	0	0	0	0.0000	0.0000	0.0000
ENSG00000225783.8	MIAT	lncRNA	490	353	308	1.9980	0.4955	0.5357
ENSG00000225785.1	AL109610.1	lncRNA	0	0	0	0.0000	0.0000	0.0000
ENSG00000225787.1	LSM3P3	processed_pseudogene	0	0	0	0.0000	0.0000	0.0000
ENSG00000225790.2	AC007953.1	lncRNA	54	31	24	0.9274	0.2300	0.2487
ENSG00000225791.7	TRAM2-AS1	lncRNA	757	356	418	4.9901	1.2375	1.3380
ENSG00000225792.2	AC004540.2	lncRNA	17	164	195	0.3420	0.0848	0.0917
ENSG00000225793.3	TMEM30A-DT	lncRNA	59	115	155	0.3540	0.0878	0.0949
ENSG00000225794.3	AC073321.1	lncRNA	0	1	0	0.0000	0.0000	0.0000
ENSG00000225795.1	AC006463.1	processed_pseudogene	0	0	0	0.0000	0.0000	0.0000
ENSG00000225796.2	MTND4P23	unprocessed_pseudogene	1	0	1	0.0416	0.0103	0.0112
ENSG00000225797.2	UBDP1	unprocessed_pseudogene	0	0	0	0.0000	0.0000	0.0000
ENSG00000225798.1	AC025918.1	lncRNA	3	157	136	0.4442	0.1102	0.1191
ENSG00000225801.1	RABEPKP1	processed_pseudogene	0	0	0	0.0000	0.0000	0.0000
ENSG00000225802.3	WARS1P1	unprocessed_pseudogene	0	0	0	0.0000	0.0000	0.0000
ENSG00000225803.1	MRPS11P1	processed_pseudogene	0	0	0	0.0000	0.0000	0.0000
ENSG00000225805.4	DEFB131B	protein_coding	5	5	4	1.3312	0.3301	0.3569
ENSG00000225806.8	AL121917.1	lncRNA	113	62	61	3.1123	0.7718	0.8345
ENSG00000225807.2	AC069281.1	lncRNA	0	0	0	0.0000	0.0000	0.0000
ENSG00000225808.1	DNAJC19P5	processed_pseudogene	30	14	16	5.3839	1.3351	1.4436
ENSG00000225809.1	RBMY2KP	unprocessed_pseudogene	0	0	0	0.0000	0.0000	0.0000
ENSG00000225811.1	AL354771.1	lncRNA	0	0	0	0.0000	0.0000	0.0000
ENSG00000225813.1	AC009299.1	processed_pseudogene	0	0	0	0.0000	0.0000	0.0000
ENSG00000225814.1	GRPEL2P2	processed_pseudogene	0	0	0	0.0000	0.0000	0.0000
ENSG00000225815.2	AC092669.1	lncRNA	0	0	0	0.0000	0.0000	0.0000
ENSG00000225816.1	GTF3AP5	processed_pseudogene	0	0	0	0.0000	0.0000	0.0000
ENSG00000225818.1	AC118653.1	lncRNA	0	0	0	0.0000	0.0000	0.0000
ENSG00000225819.1	AC013269.2	lncRNA	0	0	0	0.0000	0.0000	0.0000
ENSG00000225822.4	UBXN7-AS1	lncRNA	3	30	39	0.4408	0.1093	0.1182
ENSG00000225823.1	RPL7P45	processed_pseudogene	0	0	0	0.0000	0.0000	0.0000
ENSG00000225825.1	IGHD6-25	IG_D_gene	0	0	0	0.0000	0.0000	0.0000
ENSG00000225826.2	LINC00626	lncRNA	9	8	1	0.3332	0.0826	0.0893
ENSG00000225827.1	SFTPA3P	processed_pseudogene	0	0	0	0.0000	0.0000	0.0000
ENSG00000225828.1	FAM229A	protein_coding	47	79	81	0.9369	0.2323	0.2512
ENSG00000225830.15	ERCC6	protein_coding	1550	780	771	4.9608	1.2302	1.3302
ENSG00000225831.1	RPS18P1	processed_pseudogene	1	0	1	0.1238	0.0307	0.0332
ENSG00000225832.1	AL035090.1	processed_pseudogene	0	0	0	0.0000	0.0000	0.0000
ENSG00000225833.1	GS1-594A7.3	lncRNA	0	0	0	0.0000	0.0000	0.0000
ENSG00000225836.1	AL157400.1	lncRNA	0	0	0	0.0000	0.0000	0.0000
ENSG00000225839.2	TRMT2B-AS1	lncRNA	0	0	0	0.0000	0.0000	0.0000
ENSG00000225840.2	AC010970.1	processed_pseudogene	25	15	10	0.7672	0.1903	0.2057
ENSG00000225842.1	GGCTP3	processed_pseudogene	0	0	0	0.0000	0.0000	0.0000
ENSG00000225843.1	NIPA2P1	processed_pseudogene	0	0	0	0.0000	0.0000	0.0000
ENSG00000225846.4	AC112719.1	processed_pseudogene	0	0	0	0.0000	0.0000	0.0000
ENSG00000225849.2	MKRN7P	transcribed_processed_pseudogene	4	1	3	0.1138	0.0282	0.0305
ENSG00000225850.3	AL355490.1	lncRNA	4	4	7	0.2818	0.0699	0.0756
ENSG00000225851.1	HLA-S	unprocessed_pseudogene	0	0	1	0.0000	0.0000	0.0000
ENSG00000225854.2	AL451139.1	processed_pseudogene	0	0	0	0.0000	0.0000	0.0000
ENSG00000225855.7	RUSC1-AS1	lncRNA	174	1644	1595	2.8065	0.6960	0.7525
ENSG00000225856.2	PCNPP2	processed_pseudogene	5	1	4	0.6232	0.1545	0.1671
ENSG00000225857.5	LINC02816	lncRNA	4	2	2	0.3033	0.0752	0.0813
ENSG00000225858.1	MATR3P1	processed_pseudogene	0	0	0	0.0000	0.0000	0.0000
ENSG00000225864.1	AL645939.1	unprocessed_pseudogene	0	503	522	0.0000	0.0000	0.0000
ENSG00000225867.1	AL022315.1	lncRNA	0	0	0	0.0000	0.0000	0.0000
ENSG00000225868.7	AC016582.1	transcribed_unprocessed_pseudogene	12	86	68	0.1364	0.0338	0.0366
ENSG00000225869.4	AC008696.1	processed_pseudogene	0	0	0	0.0000	0.0000	0.0000
ENSG00000225870.1	LINC00368	lncRNA	0	0	0	0.0000	0.0000	0.0000
ENSG00000225871.2	AC245100.2	processed_pseudogene	7	16	23	0.2364	0.0586	0.0634
ENSG00000225872.4	LINC01529	transcribed_unitary_pseudogene	12	25	24	0.1511	0.0375	0.0405
ENSG00000225873.4	C3orf86	transcribed_unitary_pseudogene	1	0	2	0.0471	0.0117	0.0126
ENSG00000225876.1	AC024067.1	unprocessed_pseudogene	0	0	0	0.0000	0.0000	0.0000
ENSG00000225877.1	PSG8-AS1	lncRNA	0	0	0	0.0000	0.0000	0.0000
ENSG00000225878.1	SERBP1P2	processed_pseudogene	0	0	0	0.0000	0.0000	0.0000
ENSG00000225879.2	AL513210.1	lncRNA	2	1	1	0.0248	0.0062	0.0067
ENSG00000225880.5	LINC00115	lncRNA	31	23	29	1.3349	0.3310	0.3579
ENSG00000225881.2	AC009365.2	lncRNA	0	0	0	0.0000	0.0000	0.0000
ENSG00000225882.1	LINC01456	lncRNA	0	0	0	0.0000	0.0000	0.0000
ENSG00000225883.2	BMS1P11	unprocessed_pseudogene	0	0	0	0.0000	0.0000	0.0000
ENSG00000225884.3	AC098872.1	lncRNA	0	0	0	0.0000	0.0000	0.0000
ENSG00000225885.7	AC023590.1	lncRNA	9	5	4	0.1720	0.0426	0.0461
ENSG00000225886.3	AL445490.1	lncRNA	78	51	35	2.6792	0.6644	0.7184
ENSG00000225889.9	AC012368.1	lncRNA	18	6	12	0.1157	0.0287	0.0310
ENSG00000225891.2	DHDDS-AS1	lncRNA	31	20	22	1.3941	0.3457	0.3738
ENSG00000225893.1	AL136231.1	processed_pseudogene	1	1	0	0.0777	0.0193	0.0208
ENSG00000225895.1	TRAPPC2P8	unprocessed_pseudogene	0	0	0	0.0000	0.0000	0.0000
ENSG00000225896.1	ELOCP36	processed_pseudogene	0	0	0	0.0000	0.0000	0.0000
ENSG00000225898.1	AC002075.1	processed_pseudogene	0	0	0	0.0000	0.0000	0.0000
ENSG00000225899.8	FRG2B	protein_coding	0	0	0	0.0000	0.0000	0.0000
ENSG00000225900.1	HSPE1P13	processed_pseudogene	0	0	0	0.0000	0.0000	0.0000
ENSG00000225901.1	MTND2P9	unprocessed_pseudogene	0	0	0	0.0000	0.0000	0.0000
ENSG00000225903.1	AL035404.2	lncRNA	0	0	0	0.0000	0.0000	0.0000
ENSG00000225904.1	MORF4L1P7	processed_pseudogene	0	0	0	0.0000	0.0000	0.0000
ENSG00000225905.1	AL391244.1	lncRNA	11	9	3	1.1488	0.2849	0.3080
ENSG00000225906.1	AP000949.1	processed_pseudogene	0	0	0	0.0000	0.0000	0.0000
ENSG00000225907.1	RPS27P16	processed_pseudogene	0	0	0	0.0000	0.0000	0.0000
ENSG00000225911.1	AC009310.1	processed_pseudogene	0	0	0	0.0000	0.0000	0.0000
ENSG00000225912.1	RPL26P36	processed_pseudogene	0	0	0	0.0000	0.0000	0.0000
ENSG00000225913.2	AL138767.3	lncRNA	68	36	32	7.7905	1.9320	2.0889
ENSG00000225914.3	TSBP1-AS1	lncRNA	8	4	6	0.0502	0.0124	0.0135
ENSG00000225916.1	AC007879.2	lncRNA	0	0	0	0.0000	0.0000	0.0000
ENSG00000225918.1	RPL7P59	processed_pseudogene	0	0	0	0.0000	0.0000	0.0000
ENSG00000225919.1	LINC01745	lncRNA	0	0	0	0.0000	0.0000	0.0000
ENSG00000225920.2	RIMKLBP2	processed_pseudogene	22	9	13	1.9077	0.4731	0.5115
ENSG00000225921.7	NOL7	protein_coding	3442	2492	2398	82.5701	20.4766	22.1398
ENSG00000225922.1	RPL21P92	processed_pseudogene	0	0	0	0.0000	0.0000	0.0000
ENSG00000225923.1	AC092393.1	processed_pseudogene	0	0	0	0.0000	0.0000	0.0000
ENSG00000225924.2	TAB2-AS1	lncRNA	1	2	0	0.0416	0.0103	0.0111
ENSG00000225925.1	AL672138.1	processed_pseudogene	0	0	0	0.0000	0.0000	0.0000
ENSG00000225928.2	CACYBPP1	processed_pseudogene	1	1	0	0.0829	0.0206	0.0222
ENSG00000225929.1	AC000036.1	lncRNA	1	0	1	0.0279	0.0069	0.0075
ENSG00000225930.4	LINC02249	lncRNA	0	0	0	0.0000	0.0000	0.0000
ENSG00000225931.3	AL139246.2	TEC	0	0	0	0.0000	0.0000	0.0000
ENSG00000225932.3	CTAGE4	protein_coding	3	2	3	0.0657	0.0163	0.0176
ENSG00000225933.1	RPS14P5	processed_pseudogene	0	0	0	0.0000	0.0000	0.0000
ENSG00000225934.2	FAM133FP	processed_pseudogene	1	1	0	0.0845	0.0210	0.0227
ENSG00000225935.1	BANF1P5	processed_pseudogene	0	0	0	0.0000	0.0000	0.0000
ENSG00000225936.1	AL731557.1	lncRNA	2	4	12	0.1524	0.0378	0.0409
ENSG00000225937.3	PCA3	lncRNA	1	20	19	0.0040	0.0010	0.0011
ENSG00000225938.1	AL109741.1	lncRNA	3	2	1	0.4222	0.1047	0.1132
ENSG00000225940.7	C5orf67	lncRNA	56	30	26	4.1405	1.0268	1.1102
ENSG00000225942.1	LINC01875	lncRNA	0	0	0	0.0000	0.0000	0.0000
ENSG00000225943.1	AC016907.1	processed_pseudogene	0	0	0	0.0000	0.0000	0.0000
ENSG00000225944.1	RIOK3P1	processed_pseudogene	0	0	0	0.0000	0.0000	0.0000
ENSG00000225945.1	AL121574.1	lncRNA	7	3	4	0.9474	0.2350	0.2540
ENSG00000225947.1	AL596448.1	processed_pseudogene	0	0	0	0.0000	0.0000	0.0000
ENSG00000225948.2	LINC02648	lncRNA	0	0	0	0.0000	0.0000	0.0000
ENSG00000225949.1	Z77249.2	processed_pseudogene	0	0	0	0.0000	0.0000	0.0000
ENSG00000225950.8	NTF4	protein_coding	3	2	1	0.1158	0.0287	0.0311
ENSG00000225951.1	ODF2-AS1	lncRNA	1	245	214	0.1393	0.0346	0.0374
ENSG00000225952.1	AL512444.1	lncRNA	0	0	0	0.0000	0.0000	0.0000
ENSG00000225953.3	SATB2-AS1	lncRNA	34	31	39	0.3214	0.0797	0.0862
ENSG00000225956.1	AL050320.1	lncRNA	6	5	1	0.7629	0.1892	0.2046
ENSG00000225957.1	AC231532.1	unprocessed_pseudogene	0	0	0	0.0000	0.0000	0.0000
ENSG00000225959.1	MTND4P3	unprocessed_pseudogene	0	0	0	0.0000	0.0000	0.0000
ENSG00000225960.1	AL441989.1	lncRNA	0	0	0	0.0000	0.0000	0.0000
ENSG00000225963.8	AC009950.1	lncRNA	52	370	307	0.5445	0.1350	0.1460
ENSG00000225964.6	NRIR	lncRNA	45	23	22	0.9283	0.2302	0.2489
ENSG00000225965.1	AL117339.1	processed_pseudogene	0	0	0	0.0000	0.0000	0.0000
ENSG00000225968.7	ELFN1	protein_coding	287	150	137	4.2330	1.0497	1.1350
ENSG00000225969.2	ABHD11-AS1	transcribed_unitary_pseudogene	43	183	181	3.6836	0.9135	0.9877
ENSG00000225970.1	AL500522.1	lncRNA	0	0	0	0.0000	0.0000	0.0000
ENSG00000225971.1	RPS3AP51	processed_pseudogene	1	1	1	0.0719	0.0178	0.0193
ENSG00000225972.1	MTND1P23	unprocessed_pseudogene	20	6	14	3.0489	0.7561	0.8175
ENSG00000225973.4	PIGBOS1	protein_coding	295	150	150	17.0361	4.2248	4.5679
ENSG00000225974.1	AC005550.1	lncRNA	0	0	0	0.0000	0.0000	0.0000
ENSG00000225975.7	LINC01534	lncRNA	102	51	51	1.4050	0.3484	0.3767
ENSG00000225976.5	CKS1BP2	processed_pseudogene	0	0	0	0.0000	0.0000	0.0000
ENSG00000225978.3	HAR1A	lncRNA	15	8	7	0.4520	0.1121	0.1212
ENSG00000225979.1	AC010746.2	lncRNA	0	0	0	0.0000	0.0000	0.0000
ENSG00000225980.4	OR7E19P	transcribed_unprocessed_pseudogene	0	0	0	0.0000	0.0000	0.0000
ENSG00000225981.1	AC102953.1	lncRNA	0	0	0	0.0000	0.0000	0.0000
ENSG00000225982.1	AL355482.2	lncRNA	3	1	2	0.1486	0.0368	0.0398
ENSG00000225984.1	HMGB1P26	processed_pseudogene	0	0	0	0.0000	0.0000	0.0000
ENSG00000225988.1	LAMP5-AS1	lncRNA	2	76	61	0.0588	0.0146	0.0158
ENSG00000225990.2	SNRPEP7	processed_pseudogene	0	0	0	0.0000	0.0000	0.0000
ENSG00000225991.1	RPL23AP34	processed_pseudogene	0	2	2	0.0000	0.0000	0.0000
ENSG00000225992.1	TRGVA	TR_V_pseudogene	1	1	0	0.1990	0.0493	0.0534
ENSG00000225997.1	OR4A8	polymorphic_pseudogene	0	0	0	0.0000	0.0000	0.0000
ENSG00000225999.1	NDUFA12P1	processed_pseudogene	0	0	0	0.0000	0.0000	0.0000
ENSG00000226002.1	GTF2IP14	unprocessed_pseudogene	12	3	9	1.1613	0.2880	0.3114
ENSG00000226003.2	PPIAP37	processed_pseudogene	0	0	0	0.0000	0.0000	0.0000
ENSG00000226004.1	LINC02528	lncRNA	6	2	4	0.5938	0.1473	0.1592
ENSG00000226005.5	LINC02660	lncRNA	3	3	0	0.0894	0.0222	0.0240
ENSG00000226007.3	BX005266.2	lncRNA	2	3	3	0.0495	0.0123	0.0133
ENSG00000226008.1	SEPTIN14P3	unprocessed_pseudogene	0	0	0	0.0000	0.0000	0.0000
ENSG00000226009.2	KCNIP2-AS1	lncRNA	3	9	7	0.1379	0.0342	0.0370
ENSG00000226010.1	AL355852.1	processed_pseudogene	0	0	0	0.0000	0.0000	0.0000
ENSG00000226011.1	OFD1P1Y	unprocessed_pseudogene	0	0	0	0.0000	0.0000	0.0000
ENSG00000226012.1	AP001434.1	lncRNA	38	18	20	7.5086	1.8621	2.0133
ENSG00000226013.1	MRPS18BP1	processed_pseudogene	0	0	0	0.0000	0.0000	0.0000
ENSG00000226014.1	AL358176.2	processed_pseudogene	1	0	1	0.2780	0.0689	0.0745
ENSG00000226015.2	CCT8P1	processed_pseudogene	66	31	37	2.2588	0.5602	0.6057
ENSG00000226016.1	RPL36AP55	processed_pseudogene	0	0	0	0.0000	0.0000	0.0000
ENSG00000226017.2	PRICKLE2-AS3	lncRNA	6	42	46	0.1363	0.0338	0.0366
ENSG00000226020.4	CDK2AP2P3	processed_pseudogene	0	0	0	0.0000	0.0000	0.0000
ENSG00000226022.1	AC026167.1	lncRNA	0	0	0	0.0000	0.0000	0.0000
ENSG00000226023.6	CT47A6	protein_coding	0	0	0	0.0000	0.0000	0.0000
ENSG00000226024.1	COX5BP7	processed_pseudogene	0	0	0	0.0000	0.0000	0.0000
ENSG00000226025.9	LGALS17A	transcribed_unprocessed_pseudogene	38	20	18	0.8385	0.2079	0.2248
ENSG00000226026.6	AC092802.1	lncRNA	32	18	14	0.4454	0.1105	0.1194
ENSG00000226028.2	PFN1P12	processed_pseudogene	0	0	0	0.0000	0.0000	0.0000
ENSG00000226029.1	LINC01772	lncRNA	154	108	128	2.6913	0.6674	0.7216
ENSG00000226030.1	HLA-DQB3	unprocessed_pseudogene	0	0	0	0.0000	0.0000	0.0000
ENSG00000226031.5	FGF13-AS1	lncRNA	31	17	22	1.5354	0.3808	0.4117
ENSG00000226032.2	AL035530.1	lncRNA	0	0	0	0.0000	0.0000	0.0000
ENSG00000226034.2	NANOGNBP1	processed_pseudogene	0	0	0	0.0000	0.0000	0.0000
ENSG00000226036.1	AL590648.1	processed_pseudogene	0	0	0	0.0000	0.0000	0.0000
ENSG00000226037.1	LINC01040	lncRNA	0	0	0	0.0000	0.0000	0.0000
ENSG00000226038.5	PPIAP21	processed_pseudogene	5	5	0	0.5660	0.1404	0.1518
ENSG00000226040.3	AC005740.1	processed_pseudogene	4	4	0	0.4346	0.1078	0.1165
ENSG00000226041.1	AC010745.1	lncRNA	0	0	0	0.0000	0.0000	0.0000
ENSG00000226042.1	CDY10P	unprocessed_pseudogene	0	0	0	0.0000	0.0000	0.0000
ENSG00000226043.2	AP000561.1	lncRNA	0	0	0	0.0000	0.0000	0.0000
ENSG00000226045.1	AC234644.1	processed_pseudogene	0	0	0	0.0000	0.0000	0.0000
ENSG00000226046.1	AP1S2P1	processed_pseudogene	0	0	0	0.0000	0.0000	0.0000
ENSG00000226047.1	AL807761.3	lncRNA	0	0	1	0.0000	0.0000	0.0000
ENSG00000226048.1	YBX1P8	processed_pseudogene	0	0	0	0.0000	0.0000	0.0000
ENSG00000226049.3	TLK2P1	processed_pseudogene	21	10	11	0.3731	0.0925	0.1000
ENSG00000226051.8	ZNF503-AS1	lncRNA	12	5	7	0.1290	0.0320	0.0346
ENSG00000226053.1	LINC01776	lncRNA	0	0	0	0.0000	0.0000	0.0000
ENSG00000226054.2	MEMO1P1	processed_pseudogene	44	27	17	2.8100	0.6968	0.7534
ENSG00000226055.2	PAICSP1	processed_pseudogene	12	10	19	0.5592	0.1387	0.1499
ENSG00000226056.1	MTND4P32	processed_pseudogene	0	0	0	0.0000	0.0000	0.0000
ENSG00000226057.7	PHF2P2	transcribed_unprocessed_pseudogene	16	14	2	0.2293	0.0569	0.0615
ENSG00000226058.1	AC092570.1	processed_pseudogene	0	0	0	0.0000	0.0000	0.0000
ENSG00000226059.2	HMGB3P20	processed_pseudogene	0	0	0	0.0000	0.0000	0.0000
ENSG00000226061.1	PCMTD1P1	unprocessed_pseudogene	0	0	0	0.0000	0.0000	0.0000
ENSG00000226063.1	AC009531.1	lncRNA	0	0	0	0.0000	0.0000	0.0000
ENSG00000226064.1	PGBD4P6	processed_pseudogene	0	0	0	0.0000	0.0000	0.0000
ENSG00000226065.1	ZBTB45P2	processed_pseudogene	0	0	4	0.0000	0.0000	0.0000
ENSG00000226066.1	ZP3P2	processed_pseudogene	0	0	0	0.0000	0.0000	0.0000
ENSG00000226067.7	LINC00623	lncRNA	95	53	64	2.0721	0.5139	0.5556
ENSG00000226068.1	HNRNPA3P4	processed_pseudogene	0	0	0	0.0000	0.0000	0.0000
ENSG00000226070.1	AL139275.1	lncRNA	0	0	0	0.0000	0.0000	0.0000
ENSG00000226072.1	AC016772.1	processed_pseudogene	1	0	1	0.0450	0.0112	0.0121
ENSG00000226074.5	PRSS44P	transcribed_unitary_pseudogene	29	14	15	1.5313	0.3797	0.4106
ENSG00000226075.2	PHKG1P1	unprocessed_pseudogene	0	0	0	0.0000	0.0000	0.0000
ENSG00000226078.1	AL356309.1	lncRNA	0	0	0	0.0000	0.0000	0.0000
ENSG00000226079.2	AL138830.1	lncRNA	0	0	0	0.0000	0.0000	0.0000
ENSG00000226080.1	RPL6P4	processed_pseudogene	0	0	0	0.0000	0.0000	0.0000
ENSG00000226081.2	USP12PX	processed_pseudogene	0	0	0	0.0000	0.0000	0.0000
ENSG00000226082.2	AC096915.1	processed_pseudogene	0	0	0	0.0000	0.0000	0.0000
ENSG00000226083.5	SLC39A12-AS1	lncRNA	0	0	0	0.0000	0.0000	0.0000
ENSG00000226084.5	AC113935.1	processed_pseudogene	1151	585	566	117.6093	29.1659	31.5350
ENSG00000226085.3	UQCRFS1P1	processed_pseudogene	1	1	0	0.0692	0.0172	0.0185
ENSG00000226086.5	EIF3LP3	processed_pseudogene	1	1	0	0.0690	0.0171	0.0185
ENSG00000226087.2	AC073283.2	lncRNA	2	0	2	0.0482	0.0120	0.0129
ENSG00000226088.1	HHLA3-AS1	lncRNA	14	7	7	1.3808	0.3424	0.3702
ENSG00000226089.2	AL122017.1	lncRNA	2	1	1	0.1443	0.0358	0.0387
ENSG00000226091.7	LINC00937	lncRNA	9	4	5	0.0901	0.0224	0.0242
ENSG00000226092.4	RBMY2AP	unprocessed_pseudogene	0	0	0	0.0000	0.0000	0.0000
ENSG00000226093.1	RPS28P8	processed_pseudogene	0	0	0	0.0000	0.0000	0.0000
ENSG00000226094.1	RPL7P3	processed_pseudogene	0	0	0	0.0000	0.0000	0.0000
ENSG00000226096.1	AC087499.1	processed_pseudogene	0	0	0	0.0000	0.0000	0.0000
ENSG00000226097.6	AC099342.1	lncRNA	0	0	0	0.0000	0.0000	0.0000
ENSG00000226098.4	SEC11B	processed_pseudogene	0	0	0	0.0000	0.0000	0.0000
ENSG00000226101.2	LINC02097	lncRNA	0	1	3	0.0000	0.0000	0.0000
ENSG00000226102.3	SEPTIN7P3	unprocessed_pseudogene	0	0	0	0.0000	0.0000	0.0000
ENSG00000226107.1	AC004383.1	processed_pseudogene	12	5	7	2.3547	0.5840	0.6314
ENSG00000226108.2	RAB28P1	processed_pseudogene	0	0	0	0.0000	0.0000	0.0000
ENSG00000226110.2	BX323845.2	processed_pseudogene	0	0	0	0.0000	0.0000	0.0000
ENSG00000226112.1	FCF1P4	processed_pseudogene	0	0	0	0.0000	0.0000	0.0000
ENSG00000226113.1	AL133217.1	transcribed_unprocessed_pseudogene	0	0	0	0.0000	0.0000	0.0000
ENSG00000226114.1	NDUFB4P5	processed_pseudogene	0	0	0	0.0000	0.0000	0.0000
ENSG00000226115.1	AP001476.2	lncRNA	0	0	0	0.0000	0.0000	0.0000
ENSG00000226116.1	USP9YP6	unprocessed_pseudogene	0	0	0	0.0000	0.0000	0.0000
ENSG00000226117.1	AC090844.1	processed_pseudogene	0	0	0	0.0000	0.0000	0.0000
ENSG00000226118.1	MTND3P1	processed_pseudogene	0	0	0	0.0000	0.0000	0.0000
ENSG00000226119.1	C3orf49P1	processed_pseudogene	0	0	0	0.0000	0.0000	0.0000
ENSG00000226121.2	AHCTF1P1	processed_pseudogene	35	18	17	0.2910	0.0722	0.0780
ENSG00000226122.1	DDC-AS1	lncRNA	0	0	0	0.0000	0.0000	0.0000
ENSG00000226124.8	FTCDNL1	protein_coding	70	35	35	1.4295	0.3545	0.3833
ENSG00000226125.2	LINC01907	lncRNA	17	10	7	0.3352	0.0831	0.0899
ENSG00000226126.2	PSMC1P12	processed_pseudogene	0	0	0	0.0000	0.0000	0.0000
ENSG00000226128.1	RPL26P9	processed_pseudogene	2	1	1	0.2619	0.0650	0.0702
ENSG00000226130.1	AC013248.1	lncRNA	1	1	0	0.2444	0.0606	0.0655
ENSG00000226131.1	PPIAP66	processed_pseudogene	1	1	0	0.1139	0.0282	0.0305
ENSG00000226132.1	RPS3AP46	processed_pseudogene	0	0	0	0.0000	0.0000	0.0000
ENSG00000226133.6	LINC02794	lncRNA	0	0	0	0.0000	0.0000	0.0000
ENSG00000226134.1	AL359502.1	lncRNA	0	0	0	0.0000	0.0000	0.0000
ENSG00000226137.5	BAIAP2-DT	lncRNA	3677	1822	1855	43.6879	10.8342	11.7142
ENSG00000226138.4	AC004801.1	processed_pseudogene	0	0	0	0.0000	0.0000	0.0000
ENSG00000226140.6	LINC02654	lncRNA	0	0	0	0.0000	0.0000	0.0000
ENSG00000226141.1	AC244107.1	unprocessed_pseudogene	0	0	0	0.0000	0.0000	0.0000
ENSG00000226142.2	RPL35P8	processed_pseudogene	0	0	0	0.0000	0.0000	0.0000
ENSG00000226143.1	Z98752.1	lncRNA	0	40	44	0.0000	0.0000	0.0000
ENSG00000226144.2	RPS27AP3	processed_pseudogene	0	0	0	0.0000	0.0000	0.0000
ENSG00000226145.7	KRT16P6	transcribed_unprocessed_pseudogene	0	0	0	0.0000	0.0000	0.0000
ENSG00000226147.1	TUBBP10	processed_pseudogene	0	0	0	0.0000	0.0000	0.0000
ENSG00000226148.1	SLC25A39P1	processed_pseudogene	1	1	0	0.0532	0.0132	0.0143
ENSG00000226149.6	AL356124.1	lncRNA	15	316	302	0.1247	0.0309	0.0334
ENSG00000226153.1	CHP1P3	processed_pseudogene	5	1	4	0.8033	0.1992	0.2154
ENSG00000226156.1	RPL23AP76	processed_pseudogene	0	0	0	0.0000	0.0000	0.0000
ENSG00000226157.1	OR52E3P	unprocessed_pseudogene	0	0	0	0.0000	0.0000	0.0000
ENSG00000226158.1	CLCP2	processed_pseudogene	2	2	1	0.2694	0.0668	0.0722
ENSG00000226159.2	LINC01375	lncRNA	0	0	0	0.0000	0.0000	0.0000
ENSG00000226160.1	AC137499.1	processed_pseudogene	0	0	0	0.0000	0.0000	0.0000
ENSG00000226161.1	EIF4A1P5	processed_pseudogene	3	3	0	0.1554	0.0385	0.0417
ENSG00000226163.1	AL513185.1	lncRNA	0	0	0	0.0000	0.0000	0.0000
ENSG00000226164.2	FGFR3P6	processed_pseudogene	0	0	0	0.0000	0.0000	0.0000
ENSG00000226166.2	AC244670.1	processed_pseudogene	0	0	0	0.0000	0.0000	0.0000
ENSG00000226167.1	AP4B1-AS1	lncRNA	10	128	191	0.3270	0.0811	0.0877
ENSG00000226168.1	AL589794.1	processed_pseudogene	0	0	0	0.0000	0.0000	0.0000
ENSG00000226169.1	AL121885.1	lncRNA	0	0	0	0.0000	0.0000	0.0000
ENSG00000226172.2	AL139420.1	lncRNA	0	0	0	0.0000	0.0000	0.0000
ENSG00000226174.7	TEX22	protein_coding	40	14	26	0.7882	0.1955	0.2113
ENSG00000226179.6	LINC00685	lncRNA	49	29	20	6.4925	1.6101	1.7409
ENSG00000226179.6_PAR_Y	LINC00685	lncRNA	0	0	0	0.0000	0.0000	0.0000
ENSG00000226180.3	AC010536.1	lncRNA	16	8	8	0.3475	0.0862	0.0932
ENSG00000226181.1	AL132671.1	lncRNA	0	0	0	0.0000	0.0000	0.0000
ENSG00000226183.1	RANP7	processed_pseudogene	0	0	0	0.0000	0.0000	0.0000
ENSG00000226185.2	TRIM64FP	unprocessed_pseudogene	3	1	2	0.1241	0.0308	0.0333
ENSG00000226186.1	ELOCP21	processed_pseudogene	4	1	3	0.6751	0.1674	0.1810
ENSG00000226188.2	HNRNPA1P3	processed_pseudogene	0	0	0	0.0000	0.0000	0.0000
ENSG00000226191.3	CLK3P2	processed_pseudogene	1	0	1	0.0390	0.0097	0.0105
ENSG00000226193.1	AL049548.1	lncRNA	0	0	0	0.0000	0.0000	0.0000
ENSG00000226194.5	LINC02519	lncRNA	29	17	12	0.6125	0.1519	0.1642
ENSG00000226196.1	GAPDHP75	processed_pseudogene	0	0	0	0.0000	0.0000	0.0000
ENSG00000226197.3	AL583785.1	lncRNA	4	1	3	0.0985	0.0244	0.0264
ENSG00000226199.1	AC112492.1	processed_pseudogene	0	0	0	0.0000	0.0000	0.0000
ENSG00000226200.7	SGMS1-AS1	lncRNA	545	363	342	2.1433	0.5315	0.5747
ENSG00000226203.2	LINC01733	lncRNA	0	0	0	0.0000	0.0000	0.0000
ENSG00000226204.1	AL157359.1	lncRNA	0	0	0	0.0000	0.0000	0.0000
ENSG00000226205.1	RPS3AP27	processed_pseudogene	0	0	0	0.0000	0.0000	0.0000
ENSG00000226206.1	BX470209.1	lncRNA	0	0	0	0.0000	0.0000	0.0000
ENSG00000226207.1	AL080316.1	lncRNA	0	0	0	0.0000	0.0000	0.0000
ENSG00000226208.1	AL513285.1	lncRNA	0	0	0	0.0000	0.0000	0.0000
ENSG00000226209.1	RBISP1	processed_pseudogene	0	0	0	0.0000	0.0000	0.0000
ENSG00000226210.3	WASH8P	unprocessed_pseudogene	336	160	178	10.4868	2.6006	2.8119
ENSG00000226211.1	AL445466.1	processed_pseudogene	0	0	0	0.0000	0.0000	0.0000
ENSG00000226212.2	TRGV6	TR_V_pseudogene	4	1	3	0.7587	0.1881	0.2034
ENSG00000226213.1	UBQLN4P2	processed_pseudogene	0	0	0	0.0000	0.0000	0.0000
ENSG00000226216.1	RPS12P5	processed_pseudogene	0	0	0	0.0000	0.0000	0.0000
ENSG00000226217.1	RPL19P1	processed_pseudogene	0	0	0	0.0000	0.0000	0.0000
ENSG00000226218.1	AC079163.1	lncRNA	0	0	0	0.0000	0.0000	0.0000
ENSG00000226220.1	CICP22	processed_pseudogene	3	1	2	0.1290	0.0320	0.0346
ENSG00000226221.1	RPL26P19	processed_pseudogene	29	17	12	3.7548	0.9311	1.0068
ENSG00000226222.3	H2BP7	processed_pseudogene	0	0	0	0.0000	0.0000	0.0000
ENSG00000226223.1	TSPY16P	unprocessed_pseudogene	0	0	0	0.0000	0.0000	0.0000
ENSG00000226226.1	PRELID3BP1	processed_pseudogene	0	0	0	0.0000	0.0000	0.0000
ENSG00000226229.2	RPLP0P1	processed_pseudogene	1	1	0	0.1571	0.0390	0.0421
ENSG00000226230.1	AC007237.1	processed_pseudogene	0	0	1	0.0000	0.0000	0.0000
ENSG00000226232.8	NPIPB14P	transcribed_unprocessed_pseudogene	0	0	0	0.0000	0.0000	0.0000
ENSG00000226233.1	Z82188.1	processed_pseudogene	0	0	0	0.0000	0.0000	0.0000
ENSG00000226234.2	KRT18P24	processed_pseudogene	1	0	1	0.0491	0.0122	0.0132
ENSG00000226235.1	LEMD1-AS1	lncRNA	0	0	0	0.0000	0.0000	0.0000
ENSG00000226237.2	GAS1RR	lncRNA	119	64	55	1.3595	0.3371	0.3645
ENSG00000226238.1	AC132807.1	lncRNA	0	0	0	0.0000	0.0000	0.0000
ENSG00000226239.2	AL031658.1	lncRNA	5	19	34	0.0456	0.0113	0.0122
ENSG00000226240.2	LINC00381	lncRNA	0	0	0	0.0000	0.0000	0.0000
ENSG00000226241.2	Z75746.1	processed_pseudogene	0	0	1	0.0000	0.0000	0.0000
ENSG00000226242.1	RPS17P8	processed_pseudogene	0	0	0	0.0000	0.0000	0.0000
ENSG00000226243.1	RPL37AP1	processed_pseudogene	15	5	10	3.0489	0.7561	0.8175
ENSG00000226245.1	ZNF32-AS1	lncRNA	13	227	193	1.6987	0.4213	0.4555
ENSG00000226246.1	KRT18P36	processed_pseudogene	0	0	0	0.0000	0.0000	0.0000
ENSG00000226247.1	SUPT4H1P1	processed_pseudogene	0	0	0	0.0000	0.0000	0.0000
ENSG00000226249.1	AL365271.1	lncRNA	0	0	0	0.0000	0.0000	0.0000
ENSG00000226250.2	LINC00408	lncRNA	0	0	0	0.0000	0.0000	0.0000
ENSG00000226251.6	LINC02608	lncRNA	1	0	1	0.0477	0.0118	0.0128
ENSG00000226252.1	AL135960.1	lncRNA	1	1	4	0.0141	0.0035	0.0038
ENSG00000226253.1	MRPL35P3	processed_pseudogene	3	2	1	0.4674	0.1159	0.1253
ENSG00000226254.1	PTP4A1P3	processed_pseudogene	0	0	0	0.0000	0.0000	0.0000
ENSG00000226255.1	UBE2V2P1	processed_pseudogene	0	0	0	0.0000	0.0000	0.0000
ENSG00000226258.7	GRM7-AS3	lncRNA	0	0	0	0.0000	0.0000	0.0000
ENSG00000226259.10	GTF2H2B	transcribed_unprocessed_pseudogene	174	90	84	2.4799	0.6150	0.6649
ENSG00000226261.1	PIMREGP1	processed_pseudogene	2	1	1	0.1611	0.0400	0.0432
ENSG00000226262.1	PHKBP1	processed_pseudogene	0	0	0	0.0000	0.0000	0.0000
ENSG00000226263.1	ISM1-AS1	lncRNA	10	5	5	0.8698	0.2157	0.2332
ENSG00000226266.6	AC009961.1	lncRNA	55	33	25	1.1450	0.2840	0.3070
ENSG00000226268.3	AC135977.1	processed_pseudogene	11	4	7	0.6505	0.1613	0.1744
ENSG00000226270.3	ZNF736P2Y	processed_pseudogene	0	0	0	0.0000	0.0000	0.0000
ENSG00000226272.5	ARHGAP26-AS1	lncRNA	0	0	0	0.0000	0.0000	0.0000
ENSG00000226273.2	STUB1P1	processed_pseudogene	0	0	0	0.0000	0.0000	0.0000
ENSG00000226276.1	AC093382.1	lncRNA	9	2	7	1.3467	0.3340	0.3611
ENSG00000226277.2	AC105393.1	lncRNA	0	0	0	0.0000	0.0000	0.0000
ENSG00000226278.1	PSPHP1	unprocessed_pseudogene	398	212	187	86.4773	21.4455	23.1874
ENSG00000226279.2	RPL12P10	processed_pseudogene	0	0	0	0.0000	0.0000	0.0000
ENSG00000226280.2	AL049641.1	processed_pseudogene	0	0	0	0.0000	0.0000	0.0000
ENSG00000226281.4	AL031123.1	lncRNA	5	3	4	0.0928	0.0230	0.0249
ENSG00000226284.1	ARPC3P1	processed_pseudogene	5	5	1	0.5320	0.1319	0.1426
ENSG00000226285.1	NUP35P2	processed_pseudogene	0	0	0	0.0000	0.0000	0.0000
ENSG00000226286.1	AL008733.1	lncRNA	0	0	0	0.0000	0.0000	0.0000
ENSG00000226287.8	TMEM191A	transcribed_unprocessed_pseudogene	118	61	57	2.4720	0.6130	0.6628
ENSG00000226288.2	OR52I2	protein_coding	0	0	0	0.0000	0.0000	0.0000
ENSG00000226289.1	CDCA4P3	unprocessed_pseudogene	0	0	0	0.0000	0.0000	0.0000
ENSG00000226291.1	AC091729.2	lncRNA	1	0	1	0.1878	0.0466	0.0504
ENSG00000226292.1	RPS3AP10	processed_pseudogene	0	0	0	0.0000	0.0000	0.0000
ENSG00000226296.1	AC036101.1	lncRNA	0	0	0	0.0000	0.0000	0.0000
ENSG00000226297.1	RPL17P14	processed_pseudogene	0	0	0	0.0000	0.0000	0.0000
ENSG00000226298.1	RAD23BP3	processed_pseudogene	0	0	0	0.0000	0.0000	0.0000
ENSG00000226299.2	RPSAP62	processed_pseudogene	0	0	0	0.0000	0.0000	0.0000
ENSG00000226301.3	PDCL3P1	processed_pseudogene	0	0	0	0.0000	0.0000	0.0000
ENSG00000226302.1	AC122683.1	lncRNA	2	1	1	0.1582	0.0392	0.0424
ENSG00000226304.1	AL358612.1	lncRNA	0	0	0	0.0000	0.0000	0.0000
ENSG00000226306.6	NPY6R	transcribed_processed_pseudogene	10	5	8	0.1898	0.0471	0.0509
ENSG00000226307.1	HNRNPDLP1	processed_pseudogene	1	1	0	0.1031	0.0256	0.0276
ENSG00000226308.1	AL122058.1	lncRNA	0	0	0	0.0000	0.0000	0.0000
ENSG00000226309.1	SMARCE1P2	processed_pseudogene	0	0	0	0.0000	0.0000	0.0000
ENSG00000226310.1	AL022157.1	lncRNA	14	5	9	1.1939	0.2961	0.3201
ENSG00000226312.7	CFLAR-AS1	lncRNA	13	228	243	0.1701	0.0422	0.0456
ENSG00000226313.1	MTCYBP12	processed_pseudogene	0	0	0	0.0000	0.0000	0.0000
ENSG00000226314.8	ZNF192P1	transcribed_unprocessed_pseudogene	33	22	11	0.7348	0.1822	0.1970
ENSG00000226317.3	LINC00351	lncRNA	0	0	0	0.0000	0.0000	0.0000
ENSG00000226318.1	RPS3AP38	processed_pseudogene	14	7	7	1.0405	0.2580	0.2790
ENSG00000226320.6	LINC01811	lncRNA	1481	760	721	10.5658	2.6202	2.8330
ENSG00000226321.5	CROCC2	protein_coding	1	0	1	0.0095	0.0024	0.0025
ENSG00000226323.1	AC006150.1	lncRNA	0	0	0	0.0000	0.0000	0.0000
ENSG00000226324.1	AL358453.1	processed_pseudogene	0	0	0	0.0000	0.0000	0.0000
ENSG00000226327.3	RPSAP49	processed_pseudogene	3	3	0	0.1920	0.0476	0.0515
ENSG00000226328.7	NUP50-DT	lncRNA	580	304	276	10.4718	2.5969	2.8078
ENSG00000226329.2	AC005682.1	unprocessed_pseudogene	38	20	21	1.4690	0.3643	0.3939
ENSG00000226330.1	AL606489.1	lncRNA	14	8	6	1.6336	0.4051	0.4380
ENSG00000226331.1	RPL23AP28	processed_pseudogene	0	0	0	0.0000	0.0000	0.0000
ENSG00000226332.2	AL354836.1	lncRNA	30	642	687	2.4982	0.6195	0.6699
ENSG00000226334.1	AL359182.1	lncRNA	6	5	2	0.7255	0.1799	0.1945
ENSG00000226336.2	MRPS16P3	processed_pseudogene	0	0	0	0.0000	0.0000	0.0000
ENSG00000226337.3	TMEM252-DT	lncRNA	0	0	0	0.0000	0.0000	0.0000
ENSG00000226338.1	AC079150.1	processed_pseudogene	0	0	0	0.0000	0.0000	0.0000
ENSG00000226339.1	RPS26P56	processed_pseudogene	0	0	0	0.0000	0.0000	0.0000
ENSG00000226340.1	USP8P2	processed_pseudogene	1	1	0	0.1041	0.0258	0.0279
ENSG00000226341.1	MTCYBP39	processed_pseudogene	0	0	0	0.0000	0.0000	0.0000
ENSG00000226342.1	NMD3P1	processed_pseudogene	1	4	1	0.0381	0.0095	0.0102
ENSG00000226344.1	CST12P	unprocessed_pseudogene	0	0	0	0.0000	0.0000	0.0000
ENSG00000226345.1	AC083822.1	processed_pseudogene	0	0	0	0.0000	0.0000	0.0000
ENSG00000226348.1	VN2R10P	unitary_pseudogene	0	0	0	0.0000	0.0000	0.0000
ENSG00000226349.1	AC099066.1	lncRNA	3	2	2	0.3186	0.0790	0.0854
ENSG00000226352.2	PSPC1-AS2	lncRNA	17	46	52	2.5640	0.6358	0.6875
ENSG00000226353.1	TAF9P1	processed_pseudogene	0	0	0	0.0000	0.0000	0.0000
ENSG00000226355.2	AL353803.1	lncRNA	12	7	6	0.2949	0.0731	0.0791
ENSG00000226356.2	RPS6P20	unprocessed_pseudogene	1	1	0	0.0511	0.0127	0.0137
ENSG00000226358.1	KRT8P38	processed_pseudogene	0	0	0	0.0000	0.0000	0.0000
ENSG00000226359.1	ACTG1P24	processed_pseudogene	5	4	1	0.3233	0.0802	0.0867
ENSG00000226360.5	RPL10AP6	processed_pseudogene	25	10	15	2.1745	0.5392	0.5830
ENSG00000226361.5	TERF1P5	processed_pseudogene	1	1	0	0.0470	0.0117	0.0126
ENSG00000226362.2	FAM41AY2	lncRNA	0	0	0	0.0000	0.0000	0.0000
ENSG00000226363.3	HAGLROS	lncRNA	23	9	15	1.1635	0.2885	0.3120
ENSG00000226364.1	LINC02089	lncRNA	0	0	0	0.0000	0.0000	0.0000
ENSG00000226366.1	CCDC12P1	processed_pseudogene	0	0	0	0.0000	0.0000	0.0000
ENSG00000226367.6	ST7-AS2	lncRNA	3	108	92	0.0471	0.0117	0.0126
ENSG00000226369.1	USP9YP11	unprocessed_pseudogene	0	0	0	0.0000	0.0000	0.0000
ENSG00000226370.1	LINC00375	lncRNA	0	0	0	0.0000	0.0000	0.0000
ENSG00000226372.4	DCAF8L1	protein_coding	0	0	0	0.0000	0.0000	0.0000
ENSG00000226374.3	LINC01345	lncRNA	0	0	0	0.0000	0.0000	0.0000
ENSG00000226375.1	AL022310.1	lncRNA	0	0	0	0.0000	0.0000	0.0000
ENSG00000226376.1	AL135923.1	lncRNA	0	0	0	0.0000	0.0000	0.0000
ENSG00000226377.2	AC084809.1	lncRNA	39	166	180	0.7314	0.1814	0.1961
ENSG00000226380.9	AC016831.1	lncRNA	21	9	12	0.1799	0.0446	0.0482
ENSG00000226383.7	LINC01876	lncRNA	13	8	5	0.2714	0.0673	0.0728
ENSG00000226386.1	PARD3-AS1	lncRNA	43	28	16	8.0746	2.0024	2.1651
ENSG00000226387.2	SORCS3-AS1	lncRNA	0	0	0	0.0000	0.0000	0.0000
ENSG00000226388.1	ELL2P4	processed_pseudogene	0	0	0	0.0000	0.0000	0.0000
ENSG00000226389.3	MAPK6P6	processed_pseudogene	0	0	0	0.0000	0.0000	0.0000
ENSG00000226390.1	KCNQ2-AS1	lncRNA	0	0	0	0.0000	0.0000	0.0000
ENSG00000226392.1	MTATP6P21	unprocessed_pseudogene	0	0	0	0.0000	0.0000	0.0000
ENSG00000226393.1	IFNA20P	unprocessed_pseudogene	18	9	9	1.9333	0.4794	0.5184
ENSG00000226394.2	AC093423.1	processed_pseudogene	0	0	0	0.0000	0.0000	0.0000
ENSG00000226395.1	MRPS21P5	processed_pseudogene	0	0	0	0.0000	0.0000	0.0000
ENSG00000226396.1	AL031727.1	processed_pseudogene	42	23	19	5.2348	1.2982	1.4036
ENSG00000226397.8	C12orf77	lncRNA	2	2	0	0.0423	0.0105	0.0113
ENSG00000226398.1	AC013480.1	lncRNA	1	1	0	0.1639	0.0406	0.0439
ENSG00000226400.2	AC010385.1	processed_pseudogene	0	0	0	0.0000	0.0000	0.0000
ENSG00000226401.3	AC006015.1	unprocessed_pseudogene	0	0	0	0.0000	0.0000	0.0000
ENSG00000226403.2	AL392089.1	lncRNA	0	0	0	0.0000	0.0000	0.0000
ENSG00000226405.1	AL133325.1	processed_pseudogene	0	0	0	0.0000	0.0000	0.0000
ENSG00000226406.1	RBMX2P1	processed_pseudogene	1	1	0	0.0678	0.0168	0.0182
ENSG00000226407.1	RPL23P11	processed_pseudogene	0	0	0	0.0000	0.0000	0.0000
ENSG00000226409.3	AL450332.1	lncRNA	0	0	0	0.0000	0.0000	0.0000
ENSG00000226410.1	AC104058.1	processed_pseudogene	0	0	0	0.0000	0.0000	0.0000
ENSG00000226411.1	AC079355.1	unprocessed_pseudogene	0	0	0	0.0000	0.0000	0.0000
ENSG00000226412.1	LINC02628	lncRNA	0	0	0	0.0000	0.0000	0.0000
ENSG00000226413.2	OR8T1P	unprocessed_pseudogene	5	6	3	0.3089	0.0766	0.0828
ENSG00000226414.1	MTCYBP38	processed_pseudogene	0	0	0	0.0000	0.0000	0.0000
ENSG00000226415.1	TPI1P1	processed_pseudogene	57	29	28	4.3100	1.0688	1.1556
ENSG00000226416.1	MRPL23-AS1	lncRNA	4	2	2	0.1209	0.0300	0.0324
ENSG00000226419.8	SLC16A1-AS1	lncRNA	90	51	53	0.4026	0.0998	0.1080
ENSG00000226420.1	IGLV3-4	IG_V_pseudogene	0	0	0	0.0000	0.0000	0.0000
ENSG00000226421.1	SLC25A5P5	processed_pseudogene	3	2	1	0.1897	0.0470	0.0509
ENSG00000226423.1	AC093642.1	lncRNA	1	1	0	0.1004	0.0249	0.0269
ENSG00000226425.1	AL358613.1	lncRNA	3	3	0	0.3849	0.0955	0.1032
ENSG00000226426.1	AC012558.1	lncRNA	1	0	1	0.0912	0.0226	0.0244
ENSG00000226427.1	HMGN2P7	processed_pseudogene	0	0	0	0.0000	0.0000	0.0000
ENSG00000226428.1	RPL15P13	processed_pseudogene	0	0	0	0.0000	0.0000	0.0000
ENSG00000226429.2	AL590399.2	unprocessed_pseudogene	0	0	0	0.0000	0.0000	0.0000
ENSG00000226430.7	USP17L7	protein_coding	0	0	0	0.0000	0.0000	0.0000
ENSG00000226431.1	AL121929.1	lncRNA	3	2	1	0.3247	0.0805	0.0871
ENSG00000226432.3	AC010342.1	processed_pseudogene	1	1	0	0.0647	0.0160	0.0173
ENSG00000226433.2	AP000290.1	lncRNA	0	0	0	0.0000	0.0000	0.0000
ENSG00000226435.10	ANKRD18DP	transcribed_unprocessed_pseudogene	4	3	1	0.0658	0.0163	0.0176
ENSG00000226436.1	H3P43	processed_pseudogene	4	1	3	0.5601	0.1389	0.1502
ENSG00000226438.1	AL442071.1	lncRNA	0	27	30	0.0000	0.0000	0.0000
ENSG00000226439.3	AC108161.1	processed_pseudogene	2	1	1	0.2821	0.0700	0.0757
ENSG00000226440.7	LAMA4-AS1	lncRNA	11	7	4	0.1510	0.0374	0.0405
ENSG00000226441.2	PLCL2-AS1	lncRNA	0	18	19	0.0000	0.0000	0.0000
ENSG00000226442.2	AC006037.1	lncRNA	0	0	0	0.0000	0.0000	0.0000
ENSG00000226443.3	GAPDHP32	processed_pseudogene	1	0	1	0.0568	0.0141	0.0152
ENSG00000226444.2	ACTR3BP7	processed_pseudogene	1	0	1	0.0457	0.0113	0.0123
ENSG00000226445.2	BX322234.1	lncRNA	132	34677	34782	1.2980	0.3219	0.3480
ENSG00000226446.1	NOTCH2P1	processed_pseudogene	0	0	0	0.0000	0.0000	0.0000
ENSG00000226447.1	ZNF25-DT	lncRNA	0	0	0	0.0000	0.0000	0.0000
ENSG00000226448.1	RPL7AP51	processed_pseudogene	0	0	0	0.0000	0.0000	0.0000
ENSG00000226449.1	CDY5P	unprocessed_pseudogene	0	0	0	0.0000	0.0000	0.0000
ENSG00000226450.2	CYP2D8P	unprocessed_pseudogene	9	8	1	0.3425	0.0849	0.0918
ENSG00000226453.2	LINC02542	lncRNA	19	5	14	0.3731	0.0925	0.1000
ENSG00000226454.3	AL033380.1	lncRNA	0	0	0	0.0000	0.0000	0.0000
ENSG00000226455.1	AL121787.1	lncRNA	5	23	18	0.3033	0.0752	0.0813
ENSG00000226457.1	RPL22P3	processed_pseudogene	3	3	1	0.4465	0.1107	0.1197
ENSG00000226461.3	OR10G5P	unprocessed_pseudogene	0	0	0	0.0000	0.0000	0.0000
ENSG00000226465.3	AL390198.1	lncRNA	33	14	19	0.9509	0.2358	0.2550
ENSG00000226466.2	RPA2P2	processed_pseudogene	0	0	0	0.0000	0.0000	0.0000
ENSG00000226468.2	AC018641.1	processed_pseudogene	0	0	0	0.0000	0.0000	0.0000
ENSG00000226469.1	ADAM1B	unitary_pseudogene	28	16	12	0.7939	0.1969	0.2129
ENSG00000226470.1	RPS29P33	processed_pseudogene	0	0	0	0.0000	0.0000	0.0000
ENSG00000226471.6	Z93930.2	lncRNA	168	85	89	6.4811	1.6073	1.7378
ENSG00000226472.8	AC008013.1	transcribed_unprocessed_pseudogene	8	20	16	0.2274	0.0564	0.0610
ENSG00000226473.2	PPIAP62	processed_pseudogene	0	0	0	0.0000	0.0000	0.0000
ENSG00000226474.1	AP000532.1	unprocessed_pseudogene	0	0	0	0.0000	0.0000	0.0000
ENSG00000226476.6	LINC01748	lncRNA	2	0	2	0.0073	0.0018	0.0020
ENSG00000226477.1	AC245028.1	unprocessed_pseudogene	0	0	0	0.0000	0.0000	0.0000
ENSG00000226478.3	UPF3AP1	processed_pseudogene	5	1	4	0.2518	0.0624	0.0675
ENSG00000226479.4	TMEM185B	protein_coding	3447	1740	1707	33.0090	8.1859	8.8508
ENSG00000226480.1	OR7H1P	unprocessed_pseudogene	0	0	0	0.0000	0.0000	0.0000
ENSG00000226481.3	ACTR3BP2	processed_pseudogene	0	0	0	0.0000	0.0000	0.0000
ENSG00000226482.1	ADIPOQ-AS1	lncRNA	0	1	0	0.0000	0.0000	0.0000
ENSG00000226483.2	AL392088.1	processed_pseudogene	0	0	0	0.0000	0.0000	0.0000
ENSG00000226484.2	AL606516.1	lncRNA	0	0	0	0.0000	0.0000	0.0000
ENSG00000226485.1	RBM22P3	processed_pseudogene	0	0	0	0.0000	0.0000	0.0000
ENSG00000226486.2	LINC01035	lncRNA	0	0	0	0.0000	0.0000	0.0000
ENSG00000226487.1	AL139254.1	lncRNA	0	0	0	0.0000	0.0000	0.0000
ENSG00000226488.2	LINC01824	lncRNA	0	0	0	0.0000	0.0000	0.0000
ENSG00000226489.1	AC104308.1	processed_pseudogene	0	0	0	0.0000	0.0000	0.0000
ENSG00000226490.2	AC138647.1	protein_coding	0	0	0	0.0000	0.0000	0.0000
ENSG00000226491.1	FTOP1	processed_pseudogene	10	6	4	0.6587	0.1633	0.1766
ENSG00000226493.1	RPL26P27	processed_pseudogene	0	0	0	0.0000	0.0000	0.0000
ENSG00000226496.3	LINC00323	lncRNA	9	6	3	0.1986	0.0492	0.0533
ENSG00000226497.1	LINC02549	lncRNA	0	0	0	0.0000	0.0000	0.0000
ENSG00000226498.2	RPSAP21	processed_pseudogene	1	0	1	0.0641	0.0159	0.0172
ENSG00000226499.1	AL136380.1	processed_pseudogene	4	2	2	1.4002	0.3472	0.3755
ENSG00000226500.2	AC243772.1	processed_pseudogene	0	0	0	0.0000	0.0000	0.0000
ENSG00000226501.2	USF1P1	processed_pseudogene	0	0	0	0.0000	0.0000	0.0000
ENSG00000226502.2	KRT8P27	processed_pseudogene	0	0	0	0.0000	0.0000	0.0000
ENSG00000226504.1	TMEM167AP1	processed_pseudogene	0	0	0	0.0000	0.0000	0.0000
ENSG00000226506.6	AC007463.1	lncRNA	0	0	0	0.0000	0.0000	0.0000
ENSG00000226507.1	IPMKP1	processed_pseudogene	0	0	0	0.0000	0.0000	0.0000
ENSG00000226508.1	LINC01918	lncRNA	37	29	8	2.0796	0.5157	0.5576
ENSG00000226509.1	AC005588.1	processed_pseudogene	0	0	0	0.0000	0.0000	0.0000
ENSG00000226510.1	UPK1A-AS1	lncRNA	1	0	1	0.0713	0.0177	0.0191
ENSG00000226515.1	AC004386.1	processed_pseudogene	0	0	0	0.0000	0.0000	0.0000
ENSG00000226516.7	FAM138B	lncRNA	0	0	0	0.0000	0.0000	0.0000
ENSG00000226519.2	LINC00390	lncRNA	23	13	11	0.2250	0.0558	0.0603
ENSG00000226520.1	KIRREL1-IT1	lncRNA	1	0	1	0.0966	0.0240	0.0259
ENSG00000226521.7	AC087499.2	transcribed_unprocessed_pseudogene	2	1	1	0.0756	0.0188	0.0203
ENSG00000226522.1	HDAC9-AS1	lncRNA	0	0	0	0.0000	0.0000	0.0000
ENSG00000226523.1	AC074375.1	processed_pseudogene	0	0	0	0.0000	0.0000	0.0000
ENSG00000226525.5	RPS7P10	processed_pseudogene	14	7	7	1.3166	0.3265	0.3530
ENSG00000226526.1	AL049569.1	lncRNA	3	124	132	0.2675	0.0663	0.0717
ENSG00000226527.2	AP000289.1	lncRNA	0	0	0	0.0000	0.0000	0.0000
ENSG00000226529.1	MTND1P1	processed_pseudogene	0	0	0	0.0000	0.0000	0.0000
ENSG00000226530.2	AL158055.1	lncRNA	14	8	7	0.0903	0.0224	0.0242
ENSG00000226532.1	AL022718.1	processed_pseudogene	0	0	0	0.0000	0.0000	0.0000
ENSG00000226533.1	BTBD9-AS1	lncRNA	2	2	0	0.2025	0.0502	0.0543
ENSG00000226534.1	AP000552.1	processed_pseudogene	0	0	0	0.0000	0.0000	0.0000
ENSG00000226535.1	AL445487.1	processed_pseudogene	1	1	0	0.0359	0.0089	0.0096
ENSG00000226536.1	SETP15	processed_pseudogene	0	0	0	0.0000	0.0000	0.0000
ENSG00000226537.2	OR7E33P	unprocessed_pseudogene	0	0	0	0.0000	0.0000	0.0000
ENSG00000226539.1	MLXP1	processed_pseudogene	0	0	0	0.0000	0.0000	0.0000
ENSG00000226540.2	GAPDHP73	processed_pseudogene	0	0	0	0.0000	0.0000	0.0000
ENSG00000226541.1	AL359633.1	processed_pseudogene	0	0	0	0.0000	0.0000	0.0000
ENSG00000226542.1	AC114814.1	lncRNA	0	0	0	0.0000	0.0000	0.0000
ENSG00000226543.3	MYL6P1	processed_pseudogene	1	1	0	0.1252	0.0310	0.0336
ENSG00000226544.4	RPL7P22	processed_pseudogene	0	0	0	0.0000	0.0000	0.0000
ENSG00000226545.1	AL357552.1	unprocessed_pseudogene	1	0	1	0.1367	0.0339	0.0366
ENSG00000226547.2	SSU72P1	processed_pseudogene	1	0	1	0.0973	0.0241	0.0261
ENSG00000226548.1	AC016722.1	lncRNA	1	0	1	0.0870	0.0216	0.0233
ENSG00000226549.3	SCDP1	processed_pseudogene	1	0	1	0.0525	0.0130	0.0141
ENSG00000226552.2	BX284613.1	processed_pseudogene	0	0	0	0.0000	0.0000	0.0000
ENSG00000226553.1	IMPDH1P7	processed_pseudogene	0	0	0	0.0000	0.0000	0.0000
ENSG00000226554.1	MTCL1P1	processed_pseudogene	0	0	0	0.0000	0.0000	0.0000
ENSG00000226555.1	AGKP1	processed_pseudogene	0	0	0	0.0000	0.0000	0.0000
ENSG00000226556.2	NPM1P49	processed_pseudogene	1	1	0	0.0794	0.0197	0.0213
ENSG00000226557.1	TRAF6P1	processed_pseudogene	0	0	0	0.0000	0.0000	0.0000
ENSG00000226558.1	AL590383.1	processed_pseudogene	0	0	0	0.0000	0.0000	0.0000
ENSG00000226562.4	CYP4F26P	lncRNA	3	1	2	0.0417	0.0103	0.0112
ENSG00000226564.1	FTH1P20	processed_pseudogene	192	89	103	19.8692	4.9274	5.3276
ENSG00000226565.2	AL445493.1	processed_pseudogene	0	0	0	0.0000	0.0000	0.0000
ENSG00000226566.2	AL390962.1	lncRNA	0	0	0	0.0000	0.0000	0.0000
ENSG00000226567.2	LINC00606	lncRNA	0	0	0	0.0000	0.0000	0.0000
ENSG00000226570.2	AL450304.1	processed_pseudogene	0	0	0	0.0000	0.0000	0.0000
ENSG00000226571.2	AL592429.2	lncRNA	5	2	3	0.0585	0.0145	0.0157
ENSG00000226572.1	SNORD57	snoRNA	0	0	0	0.0000	0.0000	0.0000
ENSG00000226573.1	AC003071.1	processed_pseudogene	0	0	0	0.0000	0.0000	0.0000
ENSG00000226576.1	AC060234.1	lncRNA	0	65	60	0.0000	0.0000	0.0000
ENSG00000226577.1	MICC	unprocessed_pseudogene	4	1	3	0.2150	0.0533	0.0577
ENSG00000226578.1	AL132657.1	lncRNA	69	36	33	5.4958	1.3629	1.4736
ENSG00000226579.1	MTCYBP31	processed_pseudogene	0	0	0	0.0000	0.0000	0.0000
ENSG00000226580.1	RPL39P40	processed_pseudogene	1	1	0	0.3884	0.0963	0.1041
ENSG00000226581.2	LINC02848	lncRNA	7	4	8	0.0784	0.0194	0.0210
ENSG00000226582.1	UBE2V1P5	processed_pseudogene	0	0	0	0.0000	0.0000	0.0000
ENSG00000226587.1	AC006455.1	lncRNA	0	0	0	0.0000	0.0000	0.0000
ENSG00000226590.1	UBE2V1P10	processed_pseudogene	0	0	0	0.0000	0.0000	0.0000
ENSG00000226592.1	AC004911.1	processed_pseudogene	0	0	0	0.0000	0.0000	0.0000
ENSG00000226594.1	AL356421.2	lncRNA	0	0	0	0.0000	0.0000	0.0000
ENSG00000226595.1	AC245291.1	unprocessed_pseudogene	0	0	0	0.0000	0.0000	0.0000
ENSG00000226597.1	IFNWP9	unprocessed_pseudogene	0	0	0	0.0000	0.0000	0.0000
ENSG00000226599.1	AL450344.2	lncRNA	0	3	5	0.0000	0.0000	0.0000
ENSG00000226600.3	CT47A9	protein_coding	0	0	0	0.0000	0.0000	0.0000
ENSG00000226601.1	AL359979.1	lncRNA	1	0	1	0.1164	0.0289	0.0312
ENSG00000226604.2	PAPPA-AS2	lncRNA	1	0	1	0.0306	0.0076	0.0082
ENSG00000226605.1	AC092567.1	lncRNA	0	70	71	0.0000	0.0000	0.0000
ENSG00000226608.3	FTLP3	processed_pseudogene	74	29	45	7.9480	1.9710	2.1311
ENSG00000226609.2	AL390067.1	lncRNA	16	12	4	0.5453	0.1352	0.1462
ENSG00000226611.2	OFD1P2Y	unprocessed_pseudogene	0	0	0	0.0000	0.0000	0.0000
ENSG00000226616.1	OR52M2P	unprocessed_pseudogene	0	0	0	0.0000	0.0000	0.0000
ENSG00000226617.1	RPL21P110	processed_pseudogene	0	0	0	0.0000	0.0000	0.0000
ENSG00000226619.1	AL137001.1	lncRNA	0	0	0	0.0000	0.0000	0.0000
ENSG00000226620.8	LINC00343	lncRNA	0	0	0	0.0000	0.0000	0.0000
ENSG00000226621.1	AC083855.1	processed_pseudogene	1	1	0	0.2198	0.0545	0.0589
ENSG00000226622.6	AC092155.1	lncRNA	0	0	0	0.0000	0.0000	0.0000
ENSG00000226624.1	AC005099.1	processed_pseudogene	12	6	6	1.1156	0.2767	0.2991
ENSG00000226625.1	RBM17P1	processed_pseudogene	0	0	0	0.0000	0.0000	0.0000
ENSG00000226626.2	NOP56P2	processed_pseudogene	1	0	1	0.0737	0.0183	0.0198
ENSG00000226627.2	SHANK2-AS1	lncRNA	0	0	0	0.0000	0.0000	0.0000
ENSG00000226629.1	LINC00974	lncRNA	2	1	1	0.0530	0.0131	0.0142
ENSG00000226631.1	SLC9A3P3	processed_pseudogene	1	0	1	0.0254	0.0063	0.0068
ENSG00000226632.1	UBE2V1P1	processed_pseudogene	0	0	0	0.0000	0.0000	0.0000
ENSG00000226633.2	PPIAP28	processed_pseudogene	0	0	0	0.0000	0.0000	0.0000
ENSG00000226636.1	AC006020.1	processed_pseudogene	0	0	0	0.0000	0.0000	0.0000
ENSG00000226640.2	AL357793.1	lncRNA	0	0	0	0.0000	0.0000	0.0000
ENSG00000226641.1	SHISA5P1	processed_pseudogene	0	0	0	0.0000	0.0000	0.0000
ENSG00000226642.1	ACTG1P12	processed_pseudogene	1	1	0	0.0486	0.0121	0.0130
ENSG00000226643.2	AL513314.1	lncRNA	1	1	0	0.1783	0.0442	0.0478
ENSG00000226644.5	AL121899.1	lncRNA	0	0	0	0.0000	0.0000	0.0000
ENSG00000226645.1	AP006216.1	lncRNA	0	2	10	0.0000	0.0000	0.0000
ENSG00000226646.1	RPL7P37	processed_pseudogene	1	0	1	0.0768	0.0191	0.0206
ENSG00000226647.2	AL365356.1	lncRNA	5	63	69	0.2008	0.0498	0.0538
ENSG00000226648.2	PLCG1-AS1	lncRNA	85	1057	943	0.5738	0.1423	0.1539
ENSG00000226649.1	AC019118.1	lncRNA	2	1	1	0.2607	0.0647	0.0699
ENSG00000226650.6	KIF4B	protein_coding	5	2	3	0.0646	0.0160	0.0173
ENSG00000226652.3	PSMD10P2	transcribed_processed_pseudogene	0	0	0	0.0000	0.0000	0.0000
ENSG00000226653.3	OR13Z1P	unitary_pseudogene	0	0	0	0.0000	0.0000	0.0000
ENSG00000226655.1	AC096732.1	lncRNA	0	0	0	0.0000	0.0000	0.0000
ENSG00000226658.1	RPL23AP30	processed_pseudogene	0	0	0	0.0000	0.0000	0.0000
ENSG00000226659.1	AC021028.1	lncRNA	7	4	8	0.6638	0.1646	0.1780
ENSG00000226660.2	TRBV2	TR_V_gene	3	2	1	0.4041	0.1002	0.1084
ENSG00000226661.1	AC004973.1	lncRNA	0	0	0	0.0000	0.0000	0.0000
ENSG00000226662.2	CHMP1AP1	processed_pseudogene	0	0	0	0.0000	0.0000	0.0000
ENSG00000226663.2	MTND4P10	processed_pseudogene	0	0	0	0.0000	0.0000	0.0000
ENSG00000226664.1	AL020998.1	lncRNA	0	0	0	0.0000	0.0000	0.0000
ENSG00000226665.1	SSR1P2	processed_pseudogene	0	0	0	0.0000	0.0000	0.0000
ENSG00000226666.1	HSPA9P1	processed_pseudogene	2	1	1	0.0559	0.0139	0.0150
ENSG00000226668.5	AL136981.1	transcribed_unprocessed_pseudogene	2	2	1	0.0235	0.0058	0.0063
ENSG00000226669.2	AL354977.1	lncRNA	2	2	0	0.1670	0.0414	0.0448
ENSG00000226670.1	BCAS2P3	processed_pseudogene	0	0	0	0.0000	0.0000	0.0000
ENSG00000226671.1	AC005008.1	processed_pseudogene	0	0	0	0.0000	0.0000	0.0000
ENSG00000226673.2	LINC01108	lncRNA	4	2	2	0.0614	0.0152	0.0165
ENSG00000226674.11	TEX41	lncRNA	116	55	61	0.2456	0.0609	0.0658
ENSG00000226676.1	LINC02679	lncRNA	0	0	0	0.0000	0.0000	0.0000
ENSG00000226677.3	IGBP1P1	processed_pseudogene	1	0	1	0.0562	0.0139	0.0151
ENSG00000226679.1	AL606748.1	lncRNA	1	1	0	0.0866	0.0215	0.0232
ENSG00000226680.2	AC073311.1	lncRNA	0	0	0	0.0000	0.0000	0.0000
ENSG00000226681.1	AC020595.1	lncRNA	0	0	0	0.0000	0.0000	0.0000
ENSG00000226683.2	PWWP2AP1	processed_pseudogene	0	0	0	0.0000	0.0000	0.0000
ENSG00000226685.4	CT47A12	protein_coding	0	0	0	0.0000	0.0000	0.0000
ENSG00000226686.8	LINC01535	lncRNA	62	35	28	0.8026	0.1990	0.2152
ENSG00000226688.7	ENTPD1-AS1	lncRNA	123	1264	1292	0.2789	0.0692	0.0748
ENSG00000226690.8	AC013470.2	protein_coding	0	0	0	0.0000	0.0000	0.0000
ENSG00000226693.1	NXNP1	processed_pseudogene	0	0	0	0.0000	0.0000	0.0000
ENSG00000226694.2	AL441943.1	lncRNA	0	0	0	0.0000	0.0000	0.0000
ENSG00000226695.1	ANKRD20A10P	processed_pseudogene	0	0	0	0.0000	0.0000	0.0000
ENSG00000226696.6	LENG8-AS1	lncRNA	200	110	131	6.8243	1.6924	1.8298
ENSG00000226698.1	AL034380.1	lncRNA	0	75	84	0.0000	0.0000	0.0000
ENSG00000226699.1	AL360181.1	lncRNA	5	3	2	1.5410	0.3822	0.4132
ENSG00000226700.1	MTND4P25	processed_pseudogene	0	0	0	0.0000	0.0000	0.0000
ENSG00000226701.1	RPL15P14	processed_pseudogene	1	0	1	0.0892	0.0221	0.0239
ENSG00000226702.1	MIR217HG	lncRNA	0	0	0	0.0000	0.0000	0.0000
ENSG00000226703.1	NPM1P4	processed_pseudogene	0	0	0	0.0000	0.0000	0.0000
ENSG00000226705.1	SDCBPP1	processed_pseudogene	3	2	1	0.1912	0.0474	0.0513
ENSG00000226706.1	AL161452.1	lncRNA	3	402	389	0.1523	0.0378	0.0408
ENSG00000226707.1	AL359458.1	lncRNA	0	0	0	0.0000	0.0000	0.0000
ENSG00000226708.1	AC073409.1	lncRNA	0	0	0	0.0000	0.0000	0.0000
ENSG00000226709.1	FGF12-AS3	lncRNA	4	4	0	0.7795	0.1933	0.2090
ENSG00000226711.7	FAM66C	lncRNA	79	49	38	0.9500	0.2356	0.2547
ENSG00000226715.4	LINC01709	lncRNA	0	75	91	0.0000	0.0000	0.0000
ENSG00000226716.1	AL589986.1	lncRNA	0	1	0	0.0000	0.0000	0.0000
ENSG00000226717.2	PTPRD-AS2	lncRNA	0	0	0	0.0000	0.0000	0.0000
ENSG00000226718.1	SNRPGP8	processed_pseudogene	0	0	0	0.0000	0.0000	0.0000
ENSG00000226721.2	EEF1DP2	processed_pseudogene	0	33	20	0.0000	0.0000	0.0000
ENSG00000226722.4	LINC00424	lncRNA	0	0	0	0.0000	0.0000	0.0000
ENSG00000226723.2	AL513175.1	processed_pseudogene	0	0	0	0.0000	0.0000	0.0000
ENSG00000226724.1	AC109780.2	unprocessed_pseudogene	0	0	0	0.0000	0.0000	0.0000
ENSG00000226725.2	PABPC1L2B-AS1	lncRNA	1	0	1	0.0486	0.0121	0.0130
ENSG00000226726.1	TMEM256P2	processed_pseudogene	0	0	0	0.0000	0.0000	0.0000
ENSG00000226729.3	RPL35AP30	processed_pseudogene	0	0	0	0.0000	0.0000	0.0000
ENSG00000226733.4	AL138826.1	lncRNA	0	0	0	0.0000	0.0000	0.0000
ENSG00000226734.1	SNRPGP12	processed_pseudogene	0	0	0	0.0000	0.0000	0.0000
ENSG00000226739.1	AL358972.1	lncRNA	0	0	0	0.0000	0.0000	0.0000
ENSG00000226741.2	LINC02554	lncRNA	2	1	1	0.0178	0.0044	0.0048
ENSG00000226742.4	HSBP1L1	protein_coding	421	206	223	11.7321	2.9095	3.1458
ENSG00000226744.1	AC005326.1	processed_pseudogene	3	1	2	1.3832	0.3430	0.3709
ENSG00000226745.2	OAZ1P1	processed_pseudogene	0	0	0	0.0000	0.0000	0.0000
ENSG00000226746.2	SMCR5	lncRNA	4	3	3	0.0798	0.0198	0.0214
ENSG00000226747.6	FSIP2-AS2	lncRNA	0	0	0	0.0000	0.0000	0.0000
ENSG00000226750.1	AL360271.2	unprocessed_pseudogene	0	0	0	0.0000	0.0000	0.0000
ENSG00000226752.9	CUTALP	transcribed_unitary_pseudogene	498	248	258	3.9094	0.9695	1.0482
ENSG00000226753.1	FOXN3P2	processed_pseudogene	1	1	0	0.3001	0.0744	0.0805
ENSG00000226754.2	AL606760.1	lncRNA	49	104	143	1.4316	0.3550	0.3839
ENSG00000226755.2	VPS25P1	processed_pseudogene	0	0	0	0.0000	0.0000	0.0000
ENSG00000226756.1	AC007365.1	lncRNA	13	5	8	1.1758	0.2916	0.3153
ENSG00000226757.2	PP12613	lncRNA	0	0	0	0.0000	0.0000	0.0000
ENSG00000226758.1	DISC1-IT1	lncRNA	0	0	0	0.0000	0.0000	0.0000
ENSG00000226759.8	DAB1-AS1	lncRNA	0	0	0	0.0000	0.0000	0.0000
ENSG00000226761.3	TAS2R46	protein_coding	2	1	1	0.1220	0.0302	0.0327
ENSG00000226762.5	LINC02668	lncRNA	2	1	1	0.0244	0.0060	0.0065
ENSG00000226763.5	SRRM5	protein_coding	35	525	490	0.7354	0.1824	0.1972
ENSG00000226764.2	AC010145.1	lncRNA	0	0	0	0.0000	0.0000	0.0000
ENSG00000226765.1	RPSAP33	processed_pseudogene	0	0	0	0.0000	0.0000	0.0000
ENSG00000226766.1	FABP7P1	processed_pseudogene	0	0	0	0.0000	0.0000	0.0000
ENSG00000226767.1	AC114501.1	processed_pseudogene	25	12	13	8.2427	2.0441	2.2102
ENSG00000226769.1	GAPDHP54	processed_pseudogene	0	0	0	0.0000	0.0000	0.0000
ENSG00000226770.1	AC000124.1	lncRNA	4	1	3	0.2370	0.0588	0.0636
ENSG00000226771.1	AP001136.1	lncRNA	0	0	0	0.0000	0.0000	0.0000
ENSG00000226772.1	AL021393.1	lncRNA	1	1	0	0.1052	0.0261	0.0282
ENSG00000226773.1	AL663109.1	processed_pseudogene	0	0	0	0.0000	0.0000	0.0000
ENSG00000226774.1	HIKESHIP1	processed_pseudogene	0	0	0	0.0000	0.0000	0.0000
ENSG00000226776.1	KRTAP3-4P	unprocessed_pseudogene	0	0	0	0.0000	0.0000	0.0000
ENSG00000226777.7	FAM30A	lncRNA	10	6	5	0.0574	0.0142	0.0154
ENSG00000226779.1	NAALADL2-AS2	lncRNA	1	0	1	0.0546	0.0135	0.0146
ENSG00000226780.1	AC244035.1	lncRNA	0	0	0	0.0000	0.0000	0.0000
ENSG00000226781.1	TBCAP1	processed_pseudogene	131	66	65	22.7187	5.6340	6.0916
ENSG00000226782.2	AC117465.1	lncRNA	0	0	0	0.0000	0.0000	0.0000
ENSG00000226783.1	TLK1P1	processed_pseudogene	1	0	1	0.0232	0.0058	0.0062
ENSG00000226784.3	PGAM4	protein_coding	9	4	5	0.3020	0.0749	0.0810
ENSG00000226789.1	WBP11P2	processed_pseudogene	0	0	0	0.0000	0.0000	0.0000
ENSG00000226790.3	HNRNPA3P1	processed_pseudogene	5	3	2	0.2489	0.0617	0.0668
ENSG00000226791.7	LINC02611	lncRNA	81	44	37	0.8178	0.2028	0.2193
ENSG00000226792.7	C13orf42	protein_coding	0	0	0	0.0000	0.0000	0.0000
ENSG00000226794.1	MTND1P20	processed_pseudogene	0	0	0	0.0000	0.0000	0.0000
ENSG00000226797.2	AC005828.1	lncRNA	9	6	8	0.6879	0.1706	0.1844
ENSG00000226798.1	AL138749.1	lncRNA	1	0	1	0.0717	0.0178	0.0192
ENSG00000226800.5	CACTIN-AS1	lncRNA	13	262	270	0.3854	0.0956	0.1033
ENSG00000226801.2	OSTCP8	processed_pseudogene	1	1	0	0.1266	0.0314	0.0339
ENSG00000226802.1	AL442647.1	processed_pseudogene	0	0	0	0.0000	0.0000	0.0000
ENSG00000226803.9	ZNF451-AS1	lncRNA	37	346	285	0.4267	0.1058	0.1144
ENSG00000226804.4	AL359839.1	processed_pseudogene	0	0	0	0.0000	0.0000	0.0000
ENSG00000226806.1	LCT-AS1	lncRNA	25	10	17	0.7614	0.1888	0.2042
ENSG00000226807.6	MROH5	polymorphic_pseudogene	0	1	2	0.0000	0.0000	0.0000
ENSG00000226808.3	LINC00840	lncRNA	6	3	3	0.0457	0.0113	0.0123
ENSG00000226810.3	AC112198.1	processed_pseudogene	0	0	0	0.0000	0.0000	0.0000
ENSG00000226812.2	AL117382.1	lncRNA	0	0	1	0.0000	0.0000	0.0000
ENSG00000226813.3	LINC01941	lncRNA	0	0	0	0.0000	0.0000	0.0000
ENSG00000226814.2	AL035407.1	processed_pseudogene	0	0	0	0.0000	0.0000	0.0000
ENSG00000226816.3	AC005082.1	lncRNA	32	11	21	0.8033	0.1992	0.2154
ENSG00000226818.1	SLC6A6P1	processed_pseudogene	0	0	0	0.0000	0.0000	0.0000
ENSG00000226819.1	MEIS1-AS3	lncRNA	2	1	1	0.1604	0.0398	0.0430
ENSG00000226820.2	AL592049.1	unprocessed_pseudogene	0	0	0	0.0000	0.0000	0.0000
ENSG00000226822.3	LINC02785	lncRNA	27	17	11	0.3706	0.0919	0.0994
ENSG00000226823.1	SUGT1P1	unprocessed_pseudogene	10	7	3	1.1914	0.2955	0.3195
ENSG00000226824.7	AC006001.2	lncRNA	122	67	55	2.5835	0.6407	0.6927
ENSG00000226825.2	LINC01509	lncRNA	0	0	0	0.0000	0.0000	0.0000
ENSG00000226827.1	NPM1P11	processed_pseudogene	3	2	1	0.1990	0.0493	0.0534
ENSG00000226828.2	LINC02774	lncRNA	2	0	2	0.0563	0.0140	0.0151
ENSG00000226829.2	AC093655.1	lncRNA	0	0	0	0.0000	0.0000	0.0000
ENSG00000226831.1	MED15P3	processed_pseudogene	0	0	0	0.0000	0.0000	0.0000
ENSG00000226833.6	AC092164.1	lncRNA	49	27	26	0.4379	0.1086	0.1174
ENSG00000226835.3	ARHGAP29-AS1	lncRNA	228	113	115	3.4333	0.8514	0.9206
ENSG00000226836.5	AC018437.1	processed_pseudogene	0	0	0	0.0000	0.0000	0.0000
ENSG00000226837.2	HMGB1P32	processed_pseudogene	0	0	0	0.0000	0.0000	0.0000
ENSG00000226838.1	AC096582.1	unprocessed_pseudogene	0	0	0	0.0000	0.0000	0.0000
ENSG00000226839.1	MTND6P11	processed_pseudogene	0	0	0	0.0000	0.0000	0.0000
ENSG00000226840.1	PAICSP3	processed_pseudogene	0	0	0	0.0000	0.0000	0.0000
ENSG00000226842.1	AL158834.1	lncRNA	0	1	2	0.0000	0.0000	0.0000
ENSG00000226843.1	AL606753.1	processed_pseudogene	0	0	0	0.0000	0.0000	0.0000
ENSG00000226845.1	EEF1GP3	processed_pseudogene	1	0	1	0.0440	0.0109	0.0118
ENSG00000226846.2	LINC00348	lncRNA	0	0	0	0.0000	0.0000	0.0000
ENSG00000226847.1	PRPS1P1	processed_pseudogene	0	0	0	0.0000	0.0000	0.0000
ENSG00000226849.1	AL109811.1	lncRNA	6	686	664	0.1269	0.0315	0.0340
ENSG00000226851.1	AC004112.1	lncRNA	9	3	6	0.7219	0.1790	0.1936
ENSG00000226853.3	AC010894.1	lncRNA	12	4	9	0.8506	0.2110	0.2281
ENSG00000226854.1	AL451105.1	lncRNA	0	0	0	0.0000	0.0000	0.0000
ENSG00000226855.1	RPSAP17	processed_pseudogene	5	3	2	0.3211	0.0796	0.0861
ENSG00000226856.7	THORLNC	lncRNA	9	2	7	0.1846	0.0458	0.0495
ENSG00000226857.1	DUTP3	transcribed_processed_pseudogene	0	0	0	0.0000	0.0000	0.0000
ENSG00000226859.1	LINC02051	lncRNA	0	0	0	0.0000	0.0000	0.0000
ENSG00000226860.1	RBX1P1	processed_pseudogene	0	0	0	0.0000	0.0000	0.0000
ENSG00000226861.1	AL390835.1	lncRNA	0	0	0	0.0000	0.0000	0.0000
ENSG00000226862.1	AC104463.2	lncRNA	0	0	0	0.0000	0.0000	0.0000
ENSG00000226863.1	SHROOM2P1	transcribed_unprocessed_pseudogene	0	0	0	0.0000	0.0000	0.0000
ENSG00000226864.2	ATE1-AS1	transcribed_unitary_pseudogene	32	16	24	1.5484	0.3840	0.4152
ENSG00000226867.1	AC244505.4	unprocessed_pseudogene	0	0	0	0.0000	0.0000	0.0000
ENSG00000226868.1	AC096637.1	lncRNA	0	0	0	0.0000	0.0000	0.0000
ENSG00000226869.6	LHFPL3-AS1	lncRNA	0	0	0	0.0000	0.0000	0.0000
ENSG00000226870.2	BX276092.2	transcribed_unprocessed_pseudogene	0	0	0	0.0000	0.0000	0.0000
ENSG00000226871.1	AC135178.2	lncRNA	1	19	19	0.1056	0.0262	0.0283
ENSG00000226872.2	AC002472.1	lncRNA	0	100	100	0.0000	0.0000	0.0000
ENSG00000226873.1	CDY14P	unprocessed_pseudogene	0	0	0	0.0000	0.0000	0.0000
ENSG00000226874.1	AC005154.1	processed_pseudogene	12	7	5	1.7956	0.4453	0.4815
ENSG00000226875.1	ZNF877P	unprocessed_pseudogene	0	0	0	0.0000	0.0000	0.0000
ENSG00000226876.3	SMYD3-AS1	lncRNA	0	0	0	0.0000	0.0000	0.0000
ENSG00000226877.9	AL354733.1	lncRNA	1	15	21	0.0229	0.0057	0.0061
ENSG00000226878.2	GSTM3P2	processed_pseudogene	1	0	1	0.1070	0.0265	0.0287
ENSG00000226881.5	H3P44	processed_pseudogene	1	0	1	0.1322	0.0328	0.0354
ENSG00000226883.1	AL035416.1	lncRNA	0	0	0	0.0000	0.0000	0.0000
ENSG00000226884.1	RPS29P10	processed_pseudogene	0	0	0	0.0000	0.0000	0.0000
ENSG00000226885.1	E2F6P3	processed_pseudogene	0	0	0	0.0000	0.0000	0.0000
ENSG00000226886.1	AC093787.1	processed_pseudogene	0	0	0	0.0000	0.0000	0.0000
ENSG00000226887.8	ERVMER34-1	protein_coding	163	94	78	2.2983	0.5700	0.6162
ENSG00000226888.2	RPLP1P10	processed_pseudogene	0	0	0	0.0000	0.0000	0.0000
ENSG00000226889.3	AL359541.1	lncRNA	5	5	0	0.4931	0.1223	0.1322
ENSG00000226890.1	Z97652.1	lncRNA	0	32	47	0.0000	0.0000	0.0000
ENSG00000226891.9	LINC01359	lncRNA	76	50	26	0.5481	0.1359	0.1470
ENSG00000226899.1	AL731577.1	lncRNA	0	0	0	0.0000	0.0000	0.0000
ENSG00000226900.2	AL451069.1	lncRNA	0	0	0	0.0000	0.0000	0.0000
ENSG00000226902.1	CHCHD2P1	processed_pseudogene	0	0	0	0.0000	0.0000	0.0000
ENSG00000226903.2	LINC00354	lncRNA	0	0	0	0.0000	0.0000	0.0000
ENSG00000226904.1	AL353608.2	lncRNA	0	0	0	0.0000	0.0000	0.0000
ENSG00000226905.1	AC005040.1	processed_pseudogene	0	0	0	0.0000	0.0000	0.0000
ENSG00000226906.1	TTTY4	lncRNA	0	0	0	0.0000	0.0000	0.0000
ENSG00000226908.1	H2BP6	processed_pseudogene	0	0	0	0.0000	0.0000	0.0000
ENSG00000226912.1	ISCA2P1	processed_pseudogene	3	3	0	0.3798	0.0942	0.1018
ENSG00000226913.2	BSN-DT	lncRNA	14	8	7	0.2686	0.0666	0.0720
ENSG00000226915.1	RPL19P4	processed_pseudogene	6	2	4	0.5826	0.1445	0.1562
ENSG00000226917.6	LINC01276	lncRNA	0	0	0	0.0000	0.0000	0.0000
ENSG00000226918.1	AC010086.1	unprocessed_pseudogene	0	0	0	0.0000	0.0000	0.0000
ENSG00000226919.4	AL365184.1	lncRNA	0	6	9	0.0000	0.0000	0.0000
ENSG00000226920.1	AL160004.1	lncRNA	0	0	0	0.0000	0.0000	0.0000
ENSG00000226921.7	LINC00454	lncRNA	0	0	1	0.0000	0.0000	0.0000
ENSG00000226925.1	IL1R1-AS1	lncRNA	0	60	76	0.0000	0.0000	0.0000
ENSG00000226926.7	PDZPH1P	transcribed_unitary_pseudogene	2	1	1	0.0503	0.0125	0.0135
ENSG00000226927.1	AL451081.1	lncRNA	0	0	0	0.0000	0.0000	0.0000
ENSG00000226928.1	RPS14P4	processed_pseudogene	2	2	0	0.2713	0.0673	0.0728
ENSG00000226929.3	CT47A11	protein_coding	0	0	0	0.0000	0.0000	0.0000
ENSG00000226930.1	GTF2IP2	unprocessed_pseudogene	0	0	0	0.0000	0.0000	0.0000
ENSG00000226933.1	NRBF2P2	processed_pseudogene	6	4	2	0.3952	0.0980	0.1060
ENSG00000226935.6	LINC00161	lncRNA	2	1	1	0.1304	0.0323	0.0350
ENSG00000226937.9	CEP164P1	transcribed_processed_pseudogene	2	497	450	0.0260	0.0065	0.0070
ENSG00000226938.1	AC119428.1	lncRNA	0	0	0	0.0000	0.0000	0.0000
ENSG00000226939.1	AC062021.1	lncRNA	0	0	0	0.0000	0.0000	0.0000
ENSG00000226941.8	RBMY1J	protein_coding	0	0	0	0.0000	0.0000	0.0000
ENSG00000226942.2	IL9RP3	unprocessed_pseudogene	27	16	11	0.9147	0.2268	0.2453
ENSG00000226943.3	ALG1L5P	unprocessed_pseudogene	1	1	0	0.0736	0.0182	0.0197
ENSG00000226944.1	RNF207-AS1	lncRNA	17	13	12	2.5504	0.6325	0.6839
ENSG00000226945.1	AC098935.1	processed_pseudogene	12	5	7	1.1138	0.2762	0.2986
ENSG00000226946.1	AC062022.1	processed_pseudogene	0	0	0	0.0000	0.0000	0.0000
ENSG00000226947.1	LCEP4	unprocessed_pseudogene	0	0	0	0.0000	0.0000	0.0000
ENSG00000226948.2	RPS4XP2	transcribed_processed_pseudogene	9	6	3	0.2001	0.0496	0.0536
ENSG00000226949.1	OR6K5P	unprocessed_pseudogene	0	0	0	0.0000	0.0000	0.0000
ENSG00000226950.8	DANCR	lncRNA	2231	1101	1159	12.4295	3.0824	3.3328
ENSG00000226952.1	AC093019.1	processed_pseudogene	0	0	0	0.0000	0.0000	0.0000
ENSG00000226953.8	NCKAP5-AS2	lncRNA	11	6	5	0.3550	0.0880	0.0952
ENSG00000226954.1	AL023802.1	lncRNA	1	0	1	0.0150	0.0037	0.0040
ENSG00000226955.1	AC104306.2	processed_pseudogene	0	0	0	0.0000	0.0000	0.0000
ENSG00000226956.1	AP000432.1	lncRNA	0	0	0	0.0000	0.0000	0.0000
ENSG00000226957.1	AL358075.1	lncRNA	6	4	2	0.5243	0.1300	0.1406
ENSG00000226960.1	MTCO1P21	unprocessed_pseudogene	1	0	1	0.0963	0.0239	0.0258
ENSG00000226961.3	PPIAP60	processed_pseudogene	0	0	0	0.0000	0.0000	0.0000
ENSG00000226962.1	RAC1P6	processed_pseudogene	0	0	0	0.0000	0.0000	0.0000
ENSG00000226963.1	AC078883.2	lncRNA	0	7	5	0.0000	0.0000	0.0000
ENSG00000226964.1	RHEBP2	processed_pseudogene	12	6	6	1.1342	0.2813	0.3041
ENSG00000226965.2	AC073114.1	lncRNA	6	3	3	0.1108	0.0275	0.0297
ENSG00000226967.1	HAUS4P1	processed_pseudogene	0	0	0	0.0000	0.0000	0.0000
ENSG00000226968.1	LINC00423	lncRNA	1	1	0	0.0628	0.0156	0.0168
ENSG00000226969.1	AL391845.1	lncRNA	2	0	2	0.2108	0.0523	0.0565
ENSG00000226970.2	NEDD8P1	processed_pseudogene	0	0	0	0.0000	0.0000	0.0000
ENSG00000226971.1	AL606490.2	processed_pseudogene	3	1	2	0.1279	0.0317	0.0343
ENSG00000226972.2	RPL12P19	processed_pseudogene	2	0	2	0.2334	0.0579	0.0626
ENSG00000226973.1	AL512638.1	unprocessed_pseudogene	0	0	0	0.0000	0.0000	0.0000
ENSG00000226976.3	COX6A1P2	processed_pseudogene	39	18	21	6.7021	1.6621	1.7971
ENSG00000226977.1	HMGN1P24	processed_pseudogene	1	1	0	0.1903	0.0472	0.0510
ENSG00000226978.1	MAGI2-AS2	lncRNA	0	0	0	0.0000	0.0000	0.0000
ENSG00000226979.9	LTA	protein_coding	24	13	13	0.7836	0.1943	0.2101
ENSG00000226981.2	ABHD17AP6	unprocessed_pseudogene	0	0	0	0.0000	0.0000	0.0000
ENSG00000226982.4	CENPCP1	processed_pseudogene	5	3	2	0.1100	0.0273	0.0295
ENSG00000226983.3	LINC01692	lncRNA	0	0	0	0.0000	0.0000	0.0000
ENSG00000226984.1	AL035410.1	processed_pseudogene	0	0	0	0.0000	0.0000	0.0000
ENSG00000226985.7	LINC01203	lncRNA	5	2	3	0.0403	0.0100	0.0108
ENSG00000226986.4	PRELID1P5	processed_pseudogene	9	8	1	0.7745	0.1921	0.2077
ENSG00000226987.1	AL157938.1	processed_pseudogene	1	1	0	0.1014	0.0252	0.0272
ENSG00000226989.1	AL049758.1	processed_pseudogene	0	0	0	0.0000	0.0000	0.0000
ENSG00000226990.1	AC025946.1	lncRNA	0	0	0	0.0000	0.0000	0.0000
ENSG00000226991.2	AC140479.1	processed_pseudogene	0	0	0	0.0000	0.0000	0.0000
ENSG00000226992.1	AC145625.1	lncRNA	0	0	0	0.0000	0.0000	0.0000
ENSG00000226994.9	AC012593.1	lncRNA	1	1	0	0.0119	0.0030	0.0032
ENSG00000226995.9	LINC00658	lncRNA	0	0	0	0.0000	0.0000	0.0000
ENSG00000226996.5	AP000477.1	lncRNA	0	0	0	0.0000	0.0000	0.0000
ENSG00000226998.1	MTATP6P30	unprocessed_pseudogene	0	0	0	0.0000	0.0000	0.0000
ENSG00000226999.1	AC073325.2	processed_pseudogene	0	0	0	0.0000	0.0000	0.0000
ENSG00000227000.2	HSPD1P14	processed_pseudogene	0	0	0	0.0000	0.0000	0.0000
ENSG00000227001.3	NBPF2P	unprocessed_pseudogene	50	26	24	4.2897	1.0638	1.1502
ENSG00000227002.2	SNRPEP10	processed_pseudogene	0	0	0	0.0000	0.0000	0.0000
ENSG00000227004.2	AC108032.1	processed_pseudogene	0	0	0	0.0000	0.0000	0.0000
ENSG00000227006.2	AL136988.2	lncRNA	8	5	3	0.3424	0.0849	0.0918
ENSG00000227007.1	LINC01247	lncRNA	0	0	0	0.0000	0.0000	0.0000
ENSG00000227008.2	AL009174.1	processed_pseudogene	24	13	11	3.2717	0.8114	0.8773
ENSG00000227009.1	FUNDC2P4	processed_pseudogene	2	1	1	0.2694	0.0668	0.0722
ENSG00000227011.4	LINC02876	lncRNA	0	0	0	0.0000	0.0000	0.0000
ENSG00000227012.3	LINC02527	lncRNA	0	0	0	0.0000	0.0000	0.0000
ENSG00000227013.3	OR7E96P	unprocessed_pseudogene	0	0	0	0.0000	0.0000	0.0000
ENSG00000227014.6	FKBP14-AS1	lncRNA	17	206	206	0.3399	0.0843	0.0911
ENSG00000227015.1	AC023141.4	unprocessed_pseudogene	0	0	0	0.0000	0.0000	0.0000
ENSG00000227016.3	LINC02796	lncRNA	1	1	0	0.0410	0.0102	0.0110
ENSG00000227017.1	AC007036.1	lncRNA	1	1	0	0.0841	0.0209	0.0226
ENSG00000227018.1	IL6STP1	processed_pseudogene	11	5	6	0.6116	0.1517	0.1640
ENSG00000227019.2	OR7E101P	unprocessed_pseudogene	0	0	0	0.0000	0.0000	0.0000
ENSG00000227021.1	AC007557.1	lncRNA	0	0	0	0.0000	0.0000	0.0000
ENSG00000227023.1	OR51A3P	unprocessed_pseudogene	0	0	0	0.0000	0.0000	0.0000
ENSG00000227028.6	SLC8A1-AS1	lncRNA	14	203	219	0.0937	0.0232	0.0251
ENSG00000227029.1	AL139237.1	lncRNA	0	0	0	0.0000	0.0000	0.0000
ENSG00000227032.1	RPS2P36	processed_pseudogene	0	0	0	0.0000	0.0000	0.0000
ENSG00000227033.1	AC019130.1	lncRNA	0	37	27	0.0000	0.0000	0.0000
ENSG00000227034.1	AL445433.1	processed_pseudogene	1	1	0	0.2207	0.0547	0.0592
ENSG00000227035.1	MTATP6P18	unprocessed_pseudogene	0	0	0	0.0000	0.0000	0.0000
ENSG00000227036.8	LINC00511	lncRNA	207	121	102	0.4245	0.1053	0.1138
ENSG00000227038.3	GTF2IP7	transcribed_unprocessed_pseudogene	90	52	38	1.9829	0.4917	0.5317
ENSG00000227039.6	ITGB2-AS1	lncRNA	31	34	35	0.7211	0.1788	0.1933
ENSG00000227040.4	AC022483.1	processed_pseudogene	0	0	0	0.0000	0.0000	0.0000
ENSG00000227042.1	AC003666.1	lncRNA	0	0	0	0.0000	0.0000	0.0000
ENSG00000227043.3	LINC01682	lncRNA	0	0	0	0.0000	0.0000	0.0000
ENSG00000227045.1	AL589765.1	lncRNA	1	1	1	0.1469	0.0364	0.0394
ENSG00000227047.1	AC012065.1	lncRNA	0	0	0	0.0000	0.0000	0.0000
ENSG00000227048.2	AC096677.3	processed_pseudogene	0	0	0	0.0000	0.0000	0.0000
ENSG00000227050.1	AL512288.1	lncRNA	2	40	40	0.2310	0.0573	0.0619
ENSG00000227051.7	C14orf132	protein_coding	3391	1691	1700	24.5944	6.0992	6.5946
ENSG00000227053.1	MUC12-AS1	lncRNA	1	5	10	0.1393	0.0346	0.0374
ENSG00000227054.1	FDX1P2	processed_pseudogene	0	0	0	0.0000	0.0000	0.0000
ENSG00000227055.1	AC009961.2	processed_pseudogene	1	0	1	0.2259	0.0560	0.0606
ENSG00000227056.2	RPL6P2	processed_pseudogene	0	0	0	0.0000	0.0000	0.0000
ENSG00000227057.10	WDR46	protein_coding	2742	1405	1342	54.8496	13.6022	14.7070
ENSG00000227058.1	BX510359.2	unprocessed_pseudogene	0	0	0	0.0000	0.0000	0.0000
ENSG00000227059.7	ANHX	protein_coding	1	1	0	0.0264	0.0066	0.0071
ENSG00000227060.7	LINC00629	lncRNA	4	4	0	0.0809	0.0201	0.0217
ENSG00000227061.2	AC079779.1	lncRNA	0	0	0	0.0000	0.0000	0.0000
ENSG00000227062.2	AL596276.1	processed_pseudogene	0	0	0	0.0000	0.0000	0.0000
ENSG00000227063.5	RPL41P1	processed_pseudogene	1067	535	532	747.0314	185.2562	200.3040
ENSG00000227064.1	Z82205.1	processed_pseudogene	0	0	0	0.0000	0.0000	0.0000
ENSG00000227066.2	Z98257.1	lncRNA	1	1	0	0.0194	0.0048	0.0052
ENSG00000227067.3	DPPA3P1	processed_pseudogene	0	0	0	0.0000	0.0000	0.0000
ENSG00000227068.1	AL162584.1	lncRNA	1	1	0	0.0896	0.0222	0.0240
ENSG00000227069.1	CNN2P2	processed_pseudogene	0	0	0	0.0000	0.0000	0.0000
ENSG00000227070.1	EPS15-AS1	lncRNA	9	7	2	1.0722	0.2659	0.2875
ENSG00000227071.1	FOCAD-AS1	lncRNA	3	1	2	0.4022	0.0997	0.1078
ENSG00000227072.1	AL353706.1	processed_pseudogene	0	0	0	0.0000	0.0000	0.0000
ENSG00000227073.1	SDHDP2	processed_pseudogene	0	0	0	0.0000	0.0000	0.0000
ENSG00000227075.1	AP000472.1	lncRNA	0	0	0	0.0000	0.0000	0.0000
ENSG00000227076.1	AL158166.1	lncRNA	14	7	7	2.1400	0.5307	0.5738
ENSG00000227077.3	AC107983.1	processed_pseudogene	17	12	8	4.5908	1.1385	1.2309
ENSG00000227078.1	LINC02094	lncRNA	0	0	0	0.0000	0.0000	0.0000
ENSG00000227080.2	AC012441.1	processed_pseudogene	0	0	0	0.0000	0.0000	0.0000
ENSG00000227081.5	AC005912.1	processed_pseudogene	73	32	41	16.2346	4.0260	4.3530
ENSG00000227082.3	LINC02798	lncRNA	38	18	21	0.4549	0.1128	0.1220
ENSG00000227083.1	L29074.1	lncRNA	7	4	3	0.7434	0.1844	0.1993
ENSG00000227087.4	RBMX2P5	processed_pseudogene	1	1	0	0.0585	0.0145	0.0157
ENSG00000227088.2	AC012494.1	lncRNA	4	3	1	0.1821	0.0451	0.0488
ENSG00000227089.2	AL031767.1	lncRNA	0	0	0	0.0000	0.0000	0.0000
ENSG00000227090.1	AP000402.1	lncRNA	0	0	0	0.0000	0.0000	0.0000
ENSG00000227091.2	SLC6A17-AS1	lncRNA	0	2	4	0.0000	0.0000	0.0000
ENSG00000227094.1	AL512785.1	lncRNA	1	0	1	0.1097	0.0272	0.0294
ENSG00000227096.1	HMGB3P8	processed_pseudogene	0	0	0	0.0000	0.0000	0.0000
ENSG00000227097.5	RPS28P7	processed_pseudogene	2509	1243	1266	677.5492	168.0254	181.6735
ENSG00000227098.2	AC073636.1	lncRNA	2	1	1	0.0329	0.0082	0.0088
ENSG00000227101.2	AC025822.1	lncRNA	0	0	0	0.0000	0.0000	0.0000
ENSG00000227102.2	OR2AS1P	unprocessed_pseudogene	0	0	0	0.0000	0.0000	0.0000
ENSG00000227104.3	PIGQP1	transcribed_unprocessed_pseudogene	0	0	0	0.0000	0.0000	0.0000
ENSG00000227105.1	PARP1P1	processed_pseudogene	1	1	0	0.0187	0.0046	0.0050
ENSG00000227107.1	AC104667.1	lncRNA	61	29	32	1.6817	0.4171	0.4509
ENSG00000227108.1	IGHD1-14	IG_D_gene	0	0	0	0.0000	0.0000	0.0000
ENSG00000227109.1	CRIP1P3	processed_pseudogene	0	0	0	0.0000	0.0000	0.0000
ENSG00000227110.7	LMCD1-AS1	lncRNA	85	46	39	0.4282	0.1062	0.1148
ENSG00000227113.2	AC073210.1	unprocessed_pseudogene	4	1	3	0.9778	0.2425	0.2622
ENSG00000227115.8	LINC01630	lncRNA	0	0	0	0.0000	0.0000	0.0000
ENSG00000227117.6	HORMAD2-AS1	lncRNA	3	1	4	0.1182	0.0293	0.0317
ENSG00000227118.3	BTF3P13	processed_pseudogene	1	0	1	0.1157	0.0287	0.0310
ENSG00000227120.1	AC009238.1	processed_pseudogene	0	0	0	0.0000	0.0000	0.0000
ENSG00000227121.2	LINC02672	lncRNA	0	0	0	0.0000	0.0000	0.0000
ENSG00000227123.1	RPL12P44	processed_pseudogene	1	0	1	0.1130	0.0280	0.0303
ENSG00000227124.11	ZNF717	protein_coding	115	79	75	0.8527	0.2115	0.2286
ENSG00000227125.1	AP002856.1	lncRNA	0	0	0	0.0000	0.0000	0.0000
ENSG00000227128.5	LBX1-AS1	lncRNA	4	3	2	0.0417	0.0103	0.0112
ENSG00000227131.1	AL139275.2	lncRNA	0	0	0	0.0000	0.0000	0.0000
ENSG00000227133.1	AC011742.1	processed_pseudogene	1	1	0	0.1307	0.0324	0.0350
ENSG00000227134.1	OTX2P2	processed_pseudogene	0	0	0	0.0000	0.0000	0.0000
ENSG00000227138.1	AL161788.1	processed_pseudogene	0	0	0	0.0000	0.0000	0.0000
ENSG00000227139.1	AC241644.1	lncRNA	0	0	0	0.0000	0.0000	0.0000
ENSG00000227140.3	USP17L5	protein_coding	0	0	0	0.0000	0.0000	0.0000
ENSG00000227141.2	AL160286.1	processed_pseudogene	13	8	5	0.2984	0.0740	0.0800
ENSG00000227143.1	LINC01153	lncRNA	0	0	0	0.0000	0.0000	0.0000
ENSG00000227145.2	IL21-AS1	lncRNA	1	0	1	0.0144	0.0036	0.0039
ENSG00000227148.1	AC069285.2	lncRNA	0	0	0	0.0000	0.0000	0.0000
ENSG00000227149.1	MTCO1P44	processed_pseudogene	0	0	0	0.0000	0.0000	0.0000
ENSG00000227150.1	AL669970.2	lncRNA	0	0	0	0.0000	0.0000	0.0000
ENSG00000227151.4	PRR20D	protein_coding	0	0	0	0.0000	0.0000	0.0000
ENSG00000227152.6	OR2T7	polymorphic_pseudogene	0	0	0	0.0000	0.0000	0.0000
ENSG00000227154.4	MKRN6P	unprocessed_pseudogene	0	0	0	0.0000	0.0000	0.0000
ENSG00000227155.7	AL161725.1	lncRNA	17	11	7	0.2401	0.0595	0.0644
ENSG00000227157.2	AC068535.1	lncRNA	0	0	0	0.0000	0.0000	0.0000
ENSG00000227158.1	AC073621.1	processed_pseudogene	2	0	2	0.1108	0.0275	0.0297
ENSG00000227159.8	DDX11L16	unprocessed_pseudogene	0	0	0	0.0000	0.0000	0.0000
ENSG00000227159.8_PAR_Y	DDX11L16	unprocessed_pseudogene	0	0	0	0.0000	0.0000	0.0000
ENSG00000227160.3	THEM7P	transcribed_unitary_pseudogene	4	1	3	0.1900	0.0471	0.0509
ENSG00000227161.1	AC092755.1	lncRNA	1	1	0	0.5846	0.1450	0.1568
ENSG00000227163.2	AL139220.1	processed_pseudogene	0	0	0	0.0000	0.0000	0.0000
ENSG00000227165.9	WDR11-AS1	lncRNA	10	26	31	0.0845	0.0210	0.0227
ENSG00000227166.1	STSP1	unprocessed_pseudogene	0	0	0	0.0000	0.0000	0.0000
ENSG00000227167.1	AL442638.1	lncRNA	0	0	0	0.0000	0.0000	0.0000
ENSG00000227169.2	Z98747.1	lncRNA	0	0	0	0.0000	0.0000	0.0000
ENSG00000227170.1	AF178030.1	lncRNA	13	6	7	1.8339	0.4548	0.4917
ENSG00000227172.2	AC011290.1	lncRNA	6	4	2	0.8219	0.2038	0.2204
ENSG00000227173.1	MYL6P3	processed_pseudogene	0	0	0	0.0000	0.0000	0.0000
ENSG00000227175.1	AL590677.1	lncRNA	1	13	9	0.1492	0.0370	0.0400
ENSG00000227176.1	NSA2P5	processed_pseudogene	3	3	0	0.2204	0.0547	0.0591
ENSG00000227177.1	AIMP1P2	processed_pseudogene	0	0	0	0.0000	0.0000	0.0000
ENSG00000227179.6	PGBP	transcribed_unprocessed_pseudogene	0	0	0	0.0000	0.0000	0.0000
ENSG00000227180.1	LRRC2P1	processed_pseudogene	0	0	0	0.0000	0.0000	0.0000
ENSG00000227181.1	LINC01688	lncRNA	0	0	0	0.0000	0.0000	0.0000
ENSG00000227182.1	VN1R28P	unitary_pseudogene	1	0	1	0.0633	0.0157	0.0170
ENSG00000227183.3	HDGFP1	processed_pseudogene	1	1	0	0.2250	0.0558	0.0603
ENSG00000227186.1	AC018511.1	lncRNA	0	0	1	0.0000	0.0000	0.0000
ENSG00000227187.1	RPL21P31	processed_pseudogene	0	0	0	0.0000	0.0000	0.0000
ENSG00000227188.1	MGAT3-AS1	lncRNA	0	0	0	0.0000	0.0000	0.0000
ENSG00000227189.2	AC092535.2	lncRNA	0	0	0	0.0000	0.0000	0.0000
ENSG00000227191.8	TRGC2	TR_C_gene	42	24	18	2.3513	0.5831	0.6304
ENSG00000227192.1	AL023581.2	lncRNA	11	6	5	1.1301	0.2803	0.3030
ENSG00000227193.2	AC244453.1	lncRNA	0	0	0	0.0000	0.0000	0.0000
ENSG00000227195.11	MIR663AHG	lncRNA	0	0	0	0.0000	0.0000	0.0000
ENSG00000227196.1	IGHD4-23	IG_D_gene	0	0	0	0.0000	0.0000	0.0000
ENSG00000227197.1	AC009365.3	lncRNA	2	0	2	0.1420	0.0352	0.0381
ENSG00000227198.1	C6orf47-AS1	lncRNA	0	346	298	0.0000	0.0000	0.0000
ENSG00000227199.1	ST7-AS1	lncRNA	35	92	99	1.0507	0.2606	0.2817
ENSG00000227200.1	AL162724.1	lncRNA	4	1	3	0.6081	0.1508	0.1631
ENSG00000227201.2	CNN2P1	processed_pseudogene	3	1	2	0.1853	0.0460	0.0497
ENSG00000227203.3	SUB1P1	processed_pseudogene	1	1	0	0.1485	0.0368	0.0398
ENSG00000227204.1	RBMY2JP	unprocessed_pseudogene	0	0	0	0.0000	0.0000	0.0000
ENSG00000227205.4	PFN1P9	processed_pseudogene	0	0	0	0.0000	0.0000	0.0000
ENSG00000227206.1	AL645937.2	lncRNA	0	0	0	0.0000	0.0000	0.0000
ENSG00000227207.2	RPL31P12	processed_pseudogene	0	0	0	0.0000	0.0000	0.0000
ENSG00000227209.1	WARS2P1	processed_pseudogene	0	0	0	0.0000	0.0000	0.0000
ENSG00000227210.2	AC079145.1	lncRNA	107	514	510	1.5753	0.3907	0.4224
ENSG00000227211.2	H3P45	processed_pseudogene	0	0	0	0.0000	0.0000	0.0000
ENSG00000227212.3	PFN1P6	processed_pseudogene	8	22	15	1.1370	0.2820	0.3049
ENSG00000227213.1	SPATA13-AS1	lncRNA	0	0	0	0.0000	0.0000	0.0000
ENSG00000227214.2	HCG15	lncRNA	11	7	4	0.6045	0.1499	0.1621
ENSG00000227215.1	AL355613.1	lncRNA	0	0	0	0.0000	0.0000	0.0000
ENSG00000227217.1	AL356276.1	lncRNA	0	1	1	0.0000	0.0000	0.0000
ENSG00000227218.7	AL157935.1	lncRNA	115	294	318	2.5880	0.6418	0.6939
ENSG00000227220.1	AL133346.1	lncRNA	9	5	8	1.0311	0.2557	0.2765
ENSG00000227224.1	AC092035.1	processed_pseudogene	0	0	0	0.0000	0.0000	0.0000
ENSG00000227225.1	MTND1P14	unprocessed_pseudogene	0	0	0	0.0000	0.0000	0.0000
ENSG00000227227.1	AC017101.1	lncRNA	2	401	449	0.1986	0.0493	0.0533
ENSG00000227230.1	AL606534.1	lncRNA	5	66	67	0.4086	0.1013	0.1096
ENSG00000227232.5	WASH7P	unprocessed_pseudogene	21	9	12	0.8815	0.2186	0.2364
ENSG00000227233.1	CICP17	processed_pseudogene	2	2	0	0.0477	0.0118	0.0128
ENSG00000227234.2	SPANXB1	protein_coding	0	0	0	0.0000	0.0000	0.0000
ENSG00000227236.2	AL583844.1	processed_pseudogene	0	0	0	0.0000	0.0000	0.0000
ENSG00000227237.1	AL672291.1	lncRNA	6	2	4	0.7365	0.1826	0.1975
ENSG00000227238.1	TTC39DP	unitary_pseudogene	0	0	0	0.0000	0.0000	0.0000
ENSG00000227240.2	AL136456.1	lncRNA	1	0	1	0.0356	0.0088	0.0095
ENSG00000227241.1	AC011998.1	processed_pseudogene	0	0	0	0.0000	0.0000	0.0000
ENSG00000227242.4	AC244394.2	unprocessed_pseudogene	0	0	0	0.0000	0.0000	0.0000
ENSG00000227243.3	SLAMF6P1	unprocessed_pseudogene	0	0	0	0.0000	0.0000	0.0000
ENSG00000227244.2	LINC00845	lncRNA	0	0	0	0.0000	0.0000	0.0000
ENSG00000227245.1	AC092042.1	lncRNA	7	2	5	0.7799	0.1934	0.2091
ENSG00000227247.1	TRIM60P13	processed_pseudogene	0	0	0	0.0000	0.0000	0.0000
ENSG00000227248.1	FAM155A-IT1	lncRNA	0	0	0	0.0000	0.0000	0.0000
ENSG00000227249.1	AC000374.1	processed_pseudogene	0	0	0	0.0000	0.0000	0.0000
ENSG00000227251.1	TRIM60P9Y	processed_pseudogene	0	0	0	0.0000	0.0000	0.0000
ENSG00000227252.2	AC012063.1	lncRNA	179	95	85	0.7751	0.1922	0.2078
ENSG00000227253.3	AL158834.2	lncRNA	3	237	268	0.1534	0.0380	0.0411
ENSG00000227254.1	VDAC1P12	processed_pseudogene	1	1	0	0.0643	0.0159	0.0172
ENSG00000227255.1	CDRT15P2	unprocessed_pseudogene	0	0	0	0.0000	0.0000	0.0000
ENSG00000227256.1	MIS18A-AS1	lncRNA	13	7	6	0.9587	0.2377	0.2571
ENSG00000227257.1	AL158827.1	processed_pseudogene	0	0	0	0.0000	0.0000	0.0000
ENSG00000227258.6	SMIM2-AS1	lncRNA	27	29	26	0.2954	0.0733	0.0792
ENSG00000227259.2	HMGN2P22	processed_pseudogene	0	0	0	0.0000	0.0000	0.0000
ENSG00000227260.2	LINC01985	lncRNA	0	0	0	0.0000	0.0000	0.0000
ENSG00000227261.1	YWHAZP7	processed_pseudogene	0	0	0	0.0000	0.0000	0.0000
ENSG00000227262.3	HCG4B	unprocessed_pseudogene	4	26	30	0.2289	0.0568	0.0614
ENSG00000227264.3	ACTR3BP5	processed_pseudogene	0	0	0	0.0000	0.0000	0.0000
ENSG00000227265.2	GXYLT1P7	processed_pseudogene	0	0	0	0.0000	0.0000	0.0000
ENSG00000227267.3	AC072039.1	processed_pseudogene	0	0	0	0.0000	0.0000	0.0000
ENSG00000227268.5	KLLN	protein_coding	108	58	50	1.3996	0.3471	0.3753
ENSG00000227269.1	AL162427.1	lncRNA	0	0	0	0.0000	0.0000	0.0000
ENSG00000227270.1	AC009963.1	unprocessed_pseudogene	0	0	0	0.0000	0.0000	0.0000
ENSG00000227271.1	RPL39P25	processed_pseudogene	0	0	0	0.0000	0.0000	0.0000
ENSG00000227274.1	MYOCD-AS1	lncRNA	0	0	0	0.0000	0.0000	0.0000
ENSG00000227275.1	MTND6P10	unprocessed_pseudogene	0	0	0	0.0000	0.0000	0.0000
ENSG00000227278.1	AL603839.1	lncRNA	0	108	110	0.0000	0.0000	0.0000
ENSG00000227279.1	AC110015.1	lncRNA	1	27	32	0.1289	0.0320	0.0346
ENSG00000227282.1	AL389889.1	lncRNA	0	0	0	0.0000	0.0000	0.0000
ENSG00000227283.1	RPL35AP12	processed_pseudogene	0	0	0	0.0000	0.0000	0.0000
ENSG00000227284.2	MARK2P10	processed_pseudogene	0	0	0	0.0000	0.0000	0.0000
ENSG00000227288.3	ARID3BP1	processed_pseudogene	4	1	3	0.1354	0.0336	0.0363
ENSG00000227289.2	HSFY3P	transcribed_unprocessed_pseudogene	0	0	0	0.0000	0.0000	0.0000
ENSG00000227290.2	LINC01364	lncRNA	0	0	0	0.0000	0.0000	0.0000
ENSG00000227291.1	AC092170.1	processed_pseudogene	0	0	0	0.0000	0.0000	0.0000
ENSG00000227292.1	AC009229.1	lncRNA	5	4	2	0.4559	0.1131	0.1222
ENSG00000227293.1	AC118345.1	lncRNA	0	0	0	0.0000	0.0000	0.0000
ENSG00000227294.1	AC016994.1	lncRNA	0	0	0	0.0000	0.0000	0.0000
ENSG00000227295.2	ELL2P1	processed_pseudogene	4	2	2	0.1190	0.0295	0.0319
ENSG00000227297.1	AL035541.1	lncRNA	0	0	0	0.0000	0.0000	0.0000
ENSG00000227298.1	ARAFP3	processed_pseudogene	0	0	0	0.0000	0.0000	0.0000
ENSG00000227300.12	KRT16P2	transcribed_unprocessed_pseudogene	1	0	1	0.0378	0.0094	0.0101
ENSG00000227301.1	AL356489.1	lncRNA	0	0	0	0.0000	0.0000	0.0000
ENSG00000227302.1	SSXP9	unprocessed_pseudogene	0	0	0	0.0000	0.0000	0.0000
ENSG00000227303.1	AC239727.1	lncRNA	0	0	0	0.0000	0.0000	0.0000
ENSG00000227304.3	AC067942.1	transcribed_processed_pseudogene	2	0	2	0.0760	0.0188	0.0204
ENSG00000227305.2	AC073188.2	lncRNA	0	0	0	0.0000	0.0000	0.0000
ENSG00000227306.1	LINC02708	lncRNA	0	0	0	0.0000	0.0000	0.0000
ENSG00000227307.1	AC010998.1	lncRNA	2	1	1	0.1203	0.0298	0.0322
ENSG00000227308.2	LINC02832	lncRNA	1	1	0	0.0192	0.0048	0.0052
ENSG00000227309.1	AC140076.1	processed_pseudogene	1	0	1	0.1571	0.0390	0.0421
ENSG00000227311.3	AL031985.2	processed_pseudogene	5	1	4	0.5907	0.1465	0.1584
ENSG00000227312.2	AL445686.1	processed_pseudogene	0	0	0	0.0000	0.0000	0.0000
ENSG00000227313.1	LINC02630	lncRNA	0	0	0	0.0000	0.0000	0.0000
ENSG00000227321.2	MTND4P15	unprocessed_pseudogene	0	0	0	0.0000	0.0000	0.0000
ENSG00000227329.2	AL139396.1	processed_pseudogene	41	16	25	13.9228	3.4527	3.7332
ENSG00000227330.1	AF130417.1	lncRNA	0	0	0	0.0000	0.0000	0.0000
ENSG00000227331.1	RPL7AP22	processed_pseudogene	0	0	0	0.0000	0.0000	0.0000
ENSG00000227335.1	IGHJ1P	IG_J_pseudogene	0	0	0	0.0000	0.0000	0.0000
ENSG00000227336.1	LINC00434	lncRNA	0	0	0	0.0000	0.0000	0.0000
ENSG00000227337.1	RPL23AP43	processed_pseudogene	2	0	2	0.2408	0.0597	0.0646
ENSG00000227338.2	AL139280.1	lncRNA	0	0	0	0.0000	0.0000	0.0000
ENSG00000227339.1	THRAP3P1	processed_pseudogene	0	0	0	0.0000	0.0000	0.0000
ENSG00000227342.1	LINC00307	lncRNA	0	0	0	0.0000	0.0000	0.0000
ENSG00000227343.1	RPL15P1	processed_pseudogene	0	0	0	0.0000	0.0000	0.0000
ENSG00000227344.2	HAUS6P1	processed_pseudogene	1	1	0	0.0366	0.0091	0.0098
ENSG00000227345.8	PARG	protein_coding	2354	1175	1183	26.0275	6.4546	6.9789
ENSG00000227347.1	HNRNPKP2	processed_pseudogene	15	10	5	0.6120	0.1518	0.1641
ENSG00000227348.1	MTND5P25	unprocessed_pseudogene	0	0	0	0.0000	0.0000	0.0000
ENSG00000227349.1	CEACAMP7	unprocessed_pseudogene	0	0	0	0.0000	0.0000	0.0000
ENSG00000227350.1	PPIAP88	processed_pseudogene	0	0	0	0.0000	0.0000	0.0000
ENSG00000227351.2	NANOGP6	processed_pseudogene	1	1	0	0.0670	0.0166	0.0180
ENSG00000227352.1	ARHGEF7-AS1	lncRNA	0	0	1	0.0000	0.0000	0.0000
ENSG00000227353.1	RAB28P3	processed_pseudogene	0	0	0	0.0000	0.0000	0.0000
ENSG00000227354.7	RBM26-AS1	lncRNA	63	35	31	0.5291	0.1312	0.1419
ENSG00000227355.3	AL359644.1	lncRNA	8	33	31	0.2491	0.0618	0.0668
ENSG00000227356.2	LINC00866	lncRNA	0	0	0	0.0000	0.0000	0.0000
ENSG00000227358.1	AL354861.1	processed_pseudogene	0	0	0	0.0000	0.0000	0.0000
ENSG00000227359.1	AC017074.1	lncRNA	18	12	6	1.8196	0.4512	0.4879
ENSG00000227360.2	AL512658.1	lncRNA	0	0	0	0.0000	0.0000	0.0000
ENSG00000227361.1	RPS24P7	processed_pseudogene	7	1	6	1.6137	0.4002	0.4327
ENSG00000227364.1	AC018685.1	lncRNA	0	0	0	0.0000	0.0000	0.0000
ENSG00000227365.1	AC008060.2	lncRNA	0	0	0	0.0000	0.0000	0.0000
ENSG00000227367.1	SLC9B1P4	unprocessed_pseudogene	0	0	0	0.0000	0.0000	0.0000
ENSG00000227368.1	CDK8P2	processed_pseudogene	0	0	0	0.0000	0.0000	0.0000
ENSG00000227370.1	AC254562.1	processed_pseudogene	2	1	1	0.2487	0.0617	0.0667
ENSG00000227371.1	AC074085.1	processed_pseudogene	0	0	0	0.0000	0.0000	0.0000
ENSG00000227372.12	TP73-AS1	transcribed_unitary_pseudogene	1661	955	943	9.7099	2.4079	2.6035
ENSG00000227373.6	RABGAP1L-DT	lncRNA	13	7	6	0.0940	0.0233	0.0252
ENSG00000227374.1	AL157832.1	lncRNA	0	0	0	0.0000	0.0000	0.0000
ENSG00000227375.6	DLG1-AS1	lncRNA	12	21	28	0.3184	0.0790	0.0854
ENSG00000227376.1	FTH1P16	processed_pseudogene	70	37	33	7.1915	1.7834	1.9283
ENSG00000227379.2	PPIAP2	processed_pseudogene	1	1	0	0.1153	0.0286	0.0309
ENSG00000227382.1	EIF4A2P2	processed_pseudogene	8	6	2	0.4240	0.1051	0.1137
ENSG00000227383.1	RPL35AP2	processed_pseudogene	0	0	0	0.0000	0.0000	0.0000
ENSG00000227386.1	AC091705.1	lncRNA	0	0	0	0.0000	0.0000	0.0000
ENSG00000227388.3	AL133410.1	lncRNA	50	26	24	0.6926	0.1718	0.1857
ENSG00000227391.1	SALL1P1	processed_pseudogene	0	0	0	0.0000	0.0000	0.0000
ENSG00000227392.2	HPN-AS1	lncRNA	33	99	125	0.3959	0.0982	0.1062
ENSG00000227393.1	AL031575.1	processed_pseudogene	0	0	0	0.0000	0.0000	0.0000
ENSG00000227394.1	RPL11P1	processed_pseudogene	8	4	4	0.7795	0.1933	0.2090
ENSG00000227395.1	EIF2AP4	processed_pseudogene	0	0	0	0.0000	0.0000	0.0000
ENSG00000227397.1	AC079355.2	processed_pseudogene	0	0	0	0.0000	0.0000	0.0000
ENSG00000227398.4	KIF9-AS1	lncRNA	135	147	128	1.0957	0.2717	0.2938
ENSG00000227399.1	AL391219.1	processed_pseudogene	0	0	1	0.0000	0.0000	0.0000
ENSG00000227400.2	AC012501.2	lncRNA	0	0	0	0.0000	0.0000	0.0000
ENSG00000227401.1	RPL37P1	processed_pseudogene	1	0	1	0.1997	0.0495	0.0535
ENSG00000227403.2	LINC01806	lncRNA	81	48	59	1.8448	0.4575	0.4946
ENSG00000227404.1	KRT8P20	processed_pseudogene	1	0	1	0.0402	0.0100	0.0108
ENSG00000227406.1	RNF6P1	processed_pseudogene	0	0	0	0.0000	0.0000	0.0000
ENSG00000227407.1	AC245884.1	lncRNA	1	4	5	0.1072	0.0266	0.0287
ENSG00000227408.1	AMYP1	unprocessed_pseudogene	0	0	0	0.0000	0.0000	0.0000
ENSG00000227409.1	ZMYM4-AS1	lncRNA	2	104	116	0.2471	0.0613	0.0663
ENSG00000227411.1	ACNATP	unitary_pseudogene	0	0	0	0.0000	0.0000	0.0000
ENSG00000227412.1	STK33P1	processed_pseudogene	0	0	0	0.0000	0.0000	0.0000
ENSG00000227413.1	AL022238.1	processed_pseudogene	2	0	2	0.3195	0.0792	0.0857
ENSG00000227416.2	AL929472.1	processed_pseudogene	1	0	1	0.1322	0.0328	0.0354
ENSG00000227417.3	AC114402.1	processed_pseudogene	0	0	0	0.0000	0.0000	0.0000
ENSG00000227418.6	PCGEM1	lncRNA	0	0	0	0.0000	0.0000	0.0000
ENSG00000227421.2	LINC01724	lncRNA	0	0	0	0.0000	0.0000	0.0000
ENSG00000227423.2	OR10U1P	unprocessed_pseudogene	0	0	0	0.0000	0.0000	0.0000
ENSG00000227425.1	MRPS21P2	processed_pseudogene	0	0	0	0.0000	0.0000	0.0000
ENSG00000227426.1	VN1R33P	unitary_pseudogene	0	0	0	0.0000	0.0000	0.0000
ENSG00000227427.1	MDH1P1	processed_pseudogene	0	0	0	0.0000	0.0000	0.0000
ENSG00000227430.1	H3P9	processed_pseudogene	0	0	0	0.0000	0.0000	0.0000
ENSG00000227431.6	CSE1L-AS1	lncRNA	7	5	2	0.5838	0.1448	0.1565
ENSG00000227432.1	ASIC4-AS1	lncRNA	0	0	0	0.0000	0.0000	0.0000
ENSG00000227433.1	AC090018.1	processed_pseudogene	0	0	0	0.0000	0.0000	0.0000
ENSG00000227434.2	RNF19BPX	processed_pseudogene	0	0	0	0.0000	0.0000	0.0000
ENSG00000227436.1	FCF1P1	processed_pseudogene	1	1	0	0.0993	0.0246	0.0266
ENSG00000227437.1	RPS8P4	processed_pseudogene	0	0	0	0.0000	0.0000	0.0000
ENSG00000227438.1	AP001471.1	lncRNA	10	1	10	0.8439	0.2093	0.2263
ENSG00000227439.1	TTTY17B	lncRNA	0	0	0	0.0000	0.0000	0.0000
ENSG00000227440.1	ATP5MC1P4	processed_pseudogene	3	2	1	0.3858	0.0957	0.1034
ENSG00000227443.2	H3P30	processed_pseudogene	0	0	0	0.0000	0.0000	0.0000
ENSG00000227444.1	AC007322.1	unprocessed_pseudogene	0	0	0	0.0000	0.0000	0.0000
ENSG00000227445.1	OR10R1P	unprocessed_pseudogene	0	0	0	0.0000	0.0000	0.0000
ENSG00000227447.1	XGY1	unprocessed_pseudogene	0	0	0	0.0000	0.0000	0.0000
ENSG00000227449.8	FGF7P6	transcribed_unprocessed_pseudogene	0	5	3	0.0000	0.0000	0.0000
ENSG00000227453.1	HNRNPA1P63	processed_pseudogene	0	0	0	0.0000	0.0000	0.0000
ENSG00000227454.2	MTND4P30	unprocessed_pseudogene	1	1	0	0.0631	0.0156	0.0169
ENSG00000227455.3	AL450345.1	lncRNA	9	5	4	0.1164	0.0289	0.0312
ENSG00000227456.9	LINC00310	lncRNA	126	72	54	2.1785	0.5402	0.5841
ENSG00000227459.1	AC079612.2	lncRNA	0	0	0	0.0000	0.0000	0.0000
ENSG00000227462.1	PSME2P6	processed_pseudogene	1	1	0	0.1734	0.0430	0.0465
ENSG00000227463.3	AL390838.1	lncRNA	0	0	0	0.0000	0.0000	0.0000
ENSG00000227465.1	GPN3P1	processed_pseudogene	0	0	0	0.0000	0.0000	0.0000
ENSG00000227466.1	PDE4B-AS1	lncRNA	0	0	0	0.0000	0.0000	0.0000
ENSG00000227467.3	LINC01537	lncRNA	4	2	2	0.0926	0.0230	0.0248
ENSG00000227470.1	RPL39P16	processed_pseudogene	9	6	3	3.3359	0.8273	0.8945
ENSG00000227471.9	AKR1B15	protein_coding	191	88	103	3.2323	0.8016	0.8667
ENSG00000227473.1	TSSK5P	unitary_pseudogene	29	12	17	1.8132	0.4497	0.4862
ENSG00000227474.1	RPL6P24	processed_pseudogene	0	6	11	0.0000	0.0000	0.0000
ENSG00000227475.1	AL355300.1	lncRNA	1	1	0	0.3033	0.0752	0.0813
ENSG00000227477.1	STK4-AS1	lncRNA	77	39	38	2.1146	0.5244	0.5670
ENSG00000227479.1	AC124861.1	lncRNA	0	0	0	0.0000	0.0000	0.0000
ENSG00000227480.2	CCDC148-AS1	lncRNA	0	4	4	0.0000	0.0000	0.0000
ENSG00000227481.1	AC008080.2	lncRNA	0	0	0	0.0000	0.0000	0.0000
ENSG00000227482.1	AL157702.2	lncRNA	5	4	2	0.2318	0.0575	0.0622
ENSG00000227484.1	CR559946.1	lncRNA	2	52	45	0.2136	0.0530	0.0573
ENSG00000227485.1	AL162400.1	lncRNA	0	0	0	0.0000	0.0000	0.0000
ENSG00000227486.2	AL050309.1	lncRNA	90	47	43	0.4095	0.1015	0.1098
ENSG00000227487.4	NCAM1-AS1	lncRNA	5	38	29	0.0489	0.0121	0.0131
ENSG00000227488.2	GAGE12D	protein_coding	0	0	0	0.0000	0.0000	0.0000
ENSG00000227489.1	AC006458.1	lncRNA	0	0	0	0.0000	0.0000	0.0000
ENSG00000227491.1	CCNJP1	processed_pseudogene	0	0	0	0.0000	0.0000	0.0000
ENSG00000227492.2	AL138921.1	lncRNA	14	164	143	0.6193	0.1536	0.1661
ENSG00000227493.1	AC239367.1	unprocessed_pseudogene	0	0	0	0.0000	0.0000	0.0000
ENSG00000227494.2	USP9YP14	unprocessed_pseudogene	0	0	0	0.0000	0.0000	0.0000
ENSG00000227495.1	KIF1C-AS1	lncRNA	8	188	207	0.7782	0.1930	0.2087
ENSG00000227496.3	AC099066.2	lncRNA	131	65	67	2.0944	0.5194	0.5616
ENSG00000227497.1	PABPC1P6	processed_pseudogene	0	0	0	0.0000	0.0000	0.0000
ENSG00000227498.2	AC018359.1	lncRNA	1	1	0	0.0988	0.0245	0.0265
ENSG00000227499.1	AC092647.2	processed_pseudogene	0	0	0	0.0000	0.0000	0.0000
ENSG00000227500.10	SCAMP4	protein_coding	6862	3411	3452	57.2691	14.2022	15.3558
ENSG00000227502.3	MROCKI	lncRNA	58	29	29	1.1939	0.2961	0.3201
ENSG00000227505.1	AC016925.1	processed_pseudogene	0	0	0	0.0000	0.0000	0.0000
ENSG00000227507.3	LTB	protein_coding	70	31	40	2.5861	0.6413	0.6934
ENSG00000227508.6	LINC01624	lncRNA	0	0	0	0.0000	0.0000	0.0000
ENSG00000227509.1	LINC01839	lncRNA	0	0	0	0.0000	0.0000	0.0000
ENSG00000227510.4	LINC01442	lncRNA	0	0	0	0.0000	0.0000	0.0000
ENSG00000227511.1	AC005297.1	unprocessed_pseudogene	0	0	0	0.0000	0.0000	0.0000
ENSG00000227512.1	AL592301.1	lncRNA	1	0	1	0.0656	0.0163	0.0176
ENSG00000227513.1	ILRUNP1	processed_pseudogene	0	0	0	0.0000	0.0000	0.0000
ENSG00000227514.3	AC107890.1	processed_pseudogene	4	9	7	0.4354	0.1080	0.1167
ENSG00000227515.3	C1DP4	processed_pseudogene	0	0	0	0.0000	0.0000	0.0000
ENSG00000227516.1	AL160163.1	lncRNA	0	0	0	0.0000	0.0000	0.0000
ENSG00000227517.7	LINC01483	lncRNA	2	1	1	0.0255	0.0063	0.0068
ENSG00000227518.5	MIR1302-9HG	lncRNA	2	1	1	0.0388	0.0096	0.0104
ENSG00000227519.1	AL008719.1	lncRNA	0	0	0	0.0000	0.0000	0.0000
ENSG00000227521.2	TUBB4BP8	processed_pseudogene	3	1	2	0.1722	0.0427	0.0462
ENSG00000227523.1	RPS20P15	processed_pseudogene	0	0	0	0.0000	0.0000	0.0000
ENSG00000227525.4	RPL7P6	processed_pseudogene	9	3	6	0.6916	0.1715	0.1854
ENSG00000227527.2	AC096540.1	lncRNA	12	2	10	1.0295	0.2553	0.2761
ENSG00000227528.6	DIAPH3-AS1	lncRNA	0	12	6	0.0000	0.0000	0.0000
ENSG00000227531.1	AL162414.1	lncRNA	0	0	0	0.0000	0.0000	0.0000
ENSG00000227532.1	AC002542.1	processed_pseudogene	0	0	0	0.0000	0.0000	0.0000
ENSG00000227533.6	SLC2A1-AS1	lncRNA	54	35	54	0.7163	0.1776	0.1921
ENSG00000227534.1	AP1M2P1	processed_pseudogene	0	0	0	0.0000	0.0000	0.0000
ENSG00000227535.2	AL357315.1	lncRNA	1	0	1	0.2233	0.0554	0.0599
ENSG00000227536.1	SOCS5P4	processed_pseudogene	20	13	7	0.7243	0.1796	0.1942
ENSG00000227537.1	AL139281.1	processed_pseudogene	0	0	0	0.0000	0.0000	0.0000
ENSG00000227538.1	HNRNPFP1	processed_pseudogene	1	0	1	0.0501	0.0124	0.0134
ENSG00000227540.1	DNAJC9-AS1	lncRNA	46	69	74	2.7752	0.6882	0.7441
ENSG00000227541.1	SFR1P1	processed_pseudogene	1	0	1	0.0824	0.0204	0.0221
ENSG00000227542.1	AC092614.1	lncRNA	8	5	3	0.4991	0.1238	0.1338
ENSG00000227543.5	SPAG5-AS1	lncRNA	35	1742	1871	0.5176	0.1284	0.1388
ENSG00000227544.10	AC018647.1	lncRNA	16	12	5	0.1349	0.0335	0.0362
ENSG00000227545.1	AC006455.2	processed_pseudogene	0	0	0	0.0000	0.0000	0.0000
ENSG00000227547.3	OR4A2P	unprocessed_pseudogene	0	0	0	0.0000	0.0000	0.0000
ENSG00000227549.2	AC116035.1	lncRNA	0	0	0	0.0000	0.0000	0.0000
ENSG00000227550.2	TRBV7-5	TR_V_pseudogene	0	0	0	0.0000	0.0000	0.0000
ENSG00000227551.1	USP17L12	protein_coding	0	0	0	0.0000	0.0000	0.0000
ENSG00000227554.1	AL590422.1	lncRNA	1	0	1	0.1558	0.0386	0.0418
ENSG00000227555.1	MIR4290HG	lncRNA	0	0	0	0.0000	0.0000	0.0000
ENSG00000227556.1	AC096531.1	unprocessed_pseudogene	0	0	0	0.0000	0.0000	0.0000
ENSG00000227557.1	MTND3P9	processed_pseudogene	0	0	0	0.0000	0.0000	0.0000
ENSG00000227560.1	RPS15AP30	processed_pseudogene	0	0	0	0.0000	0.0000	0.0000
ENSG00000227562.1	AC074257.1	lncRNA	0	0	0	0.0000	0.0000	0.0000
ENSG00000227563.1	RNF11P2	processed_pseudogene	0	0	0	0.0000	0.0000	0.0000
ENSG00000227564.3	LINC00376	lncRNA	0	0	0	0.0000	0.0000	0.0000
ENSG00000227568.1	SNX18P26	processed_pseudogene	6	3	3	0.4598	0.1140	0.1233
ENSG00000227573.2	AC004986.1	processed_pseudogene	0	0	0	0.0000	0.0000	0.0000
ENSG00000227574.2	AC112229.2	lncRNA	0	0	0	0.0000	0.0000	0.0000
ENSG00000227578.1	RPS3AP53	processed_pseudogene	1	1	0	0.0729	0.0181	0.0195
ENSG00000227579.6	AL136114.1	lncRNA	9	6	3	0.1861	0.0462	0.0499
ENSG00000227581.2	STAU2P1	processed_pseudogene	0	0	0	0.0000	0.0000	0.0000
ENSG00000227582.2	ADGRF5P1	transcribed_processed_pseudogene	7	2	5	0.2666	0.0661	0.0715
ENSG00000227583.1	RPS3AP37	processed_pseudogene	2	1	1	0.1522	0.0378	0.0408
ENSG00000227584.2	MTND4P5	unprocessed_pseudogene	0	0	0	0.0000	0.0000	0.0000
ENSG00000227585.2	AL360013.1	processed_pseudogene	0	0	0	0.0000	0.0000	0.0000
ENSG00000227586.5	RPS26P39	processed_pseudogene	4	1	3	0.6652	0.1650	0.1784
ENSG00000227588.2	CNTN4-AS2	lncRNA	2	0	2	0.2662	0.0660	0.0714
ENSG00000227589.1	TP73-AS3	lncRNA	0	0	0	0.0000	0.0000	0.0000
ENSG00000227590.2	ATP5MC1P5	processed_pseudogene	0	0	0	0.0000	0.0000	0.0000
ENSG00000227591.5	HSD11B1-AS1	lncRNA	1	1	0	0.1189	0.0295	0.0319
ENSG00000227592.1	PIGFP3	processed_pseudogene	0	0	0	0.0000	0.0000	0.0000
ENSG00000227593.2	PHBP16	processed_pseudogene	0	0	0	0.0000	0.0000	0.0000
ENSG00000227597.1	WASF1P1	processed_pseudogene	0	0	0	0.0000	0.0000	0.0000
ENSG00000227598.1	Z94721.1	lncRNA	5	2	3	0.7365	0.1826	0.1975
ENSG00000227599.1	PTPRT-AS1	lncRNA	7	4	3	0.2503	0.0621	0.0671
ENSG00000227602.1	AL031779.1	lncRNA	0	0	0	0.0000	0.0000	0.0000
ENSG00000227604.3	TOMM22P3	processed_pseudogene	0	0	0	0.0000	0.0000	0.0000
ENSG00000227606.2	AC005392.1	lncRNA	0	0	0	0.0000	0.0000	0.0000
ENSG00000227607.2	SUMO2P2	processed_pseudogene	0	0	0	0.0000	0.0000	0.0000
ENSG00000227609.2	TMEM183AP1	processed_pseudogene	0	0	0	0.0000	0.0000	0.0000
ENSG00000227610.1	FRMPD3-AS1	lncRNA	0	0	0	0.0000	0.0000	0.0000
ENSG00000227611.1	LINC01074	lncRNA	0	0	0	0.0000	0.0000	0.0000
ENSG00000227613.1	QRSL1P2	processed_pseudogene	0	0	0	0.0000	0.0000	0.0000
ENSG00000227615.1	AP001324.1	processed_pseudogene	330	138	192	46.9030	11.6315	12.5763
ENSG00000227616.1	AC063976.3	unprocessed_pseudogene	0	0	0	0.0000	0.0000	0.0000
ENSG00000227617.9	CERS6-AS1	lncRNA	8	7633	7756	0.1052	0.0261	0.0282
ENSG00000227619.3	AL391056.1	lncRNA	263	147	116	3.9562	0.9811	1.0608
ENSG00000227620.4	ALG1L8P	unprocessed_pseudogene	5	19	17	0.3731	0.0925	0.1000
ENSG00000227621.1	PHBP11	processed_pseudogene	1	0	1	0.0701	0.0174	0.0188
ENSG00000227623.1	AC010881.1	processed_pseudogene	0	0	0	0.0000	0.0000	0.0000
ENSG00000227624.2	SNRPEP3	processed_pseudogene	0	0	0	0.0000	0.0000	0.0000
ENSG00000227625.2	AL359510.1	processed_pseudogene	0	0	0	0.0000	0.0000	0.0000
ENSG00000227627.3	AL080276.2	lncRNA	6	225	201	0.1000	0.0248	0.0268
ENSG00000227629.1	SLC25A15P1	unprocessed_pseudogene	0	0	0	0.0000	0.0000	0.0000
ENSG00000227630.4	LINC01132	lncRNA	62	23	39	0.6917	0.1715	0.1855
ENSG00000227632.2	AC018804.1	unprocessed_pseudogene	5	2	3	0.4588	0.1138	0.1230
ENSG00000227633.1	RBMY2YP	unprocessed_pseudogene	0	0	0	0.0000	0.0000	0.0000
ENSG00000227634.3	LINC01714	lncRNA	0	0	0	0.0000	0.0000	0.0000
ENSG00000227635.1	USP9YP21	unprocessed_pseudogene	0	0	0	0.0000	0.0000	0.0000
ENSG00000227638.2	HNRNPA1P14	processed_pseudogene	10	8	3	0.6065	0.1504	0.1626
ENSG00000227640.3	SOX21-AS1	lncRNA	2	1	1	0.0234	0.0058	0.0063
ENSG00000227644.2	HIGD1AP11	processed_pseudogene	0	20	26	0.0000	0.0000	0.0000
ENSG00000227645.2	RPL7P54	processed_pseudogene	0	0	0	0.0000	0.0000	0.0000
ENSG00000227646.7	STEAP2-AS1	lncRNA	3	2	1	0.1408	0.0349	0.0378
ENSG00000227649.1	MTND6P32	processed_pseudogene	0	0	0	0.0000	0.0000	0.0000
ENSG00000227653.1	ISCA1P6	processed_pseudogene	0	0	0	0.0000	0.0000	0.0000
ENSG00000227657.1	SERPINA7P1	unprocessed_pseudogene	0	0	0	0.0000	0.0000	0.0000
ENSG00000227658.1	AC005160.1	lncRNA	0	0	0	0.0000	0.0000	0.0000
ENSG00000227659.1	CLYBL-AS2	lncRNA	0	0	0	0.0000	0.0000	0.0000
ENSG00000227660.1	UST-AS1	lncRNA	0	4	14	0.0000	0.0000	0.0000
ENSG00000227661.1	MTCO3P18	unprocessed_pseudogene	0	0	0	0.0000	0.0000	0.0000
ENSG00000227663.1	RPL7P2	processed_pseudogene	0	0	0	0.0000	0.0000	0.0000
ENSG00000227666.1	CYCSP24	processed_pseudogene	2	1	1	0.3589	0.0890	0.0962
ENSG00000227667.1	AL392003.1	processed_pseudogene	0	0	0	0.0000	0.0000	0.0000
ENSG00000227671.4	AL390728.4	transcribed_unprocessed_pseudogene	594	292	302	15.5952	3.8675	4.1816
ENSG00000227673.1	AL162734.1	lncRNA	2	1	1	0.7224	0.1792	0.1937
ENSG00000227674.3	LINC00355	lncRNA	86	38	48	1.7350	0.4303	0.4652
ENSG00000227676.4	LINC01068	lncRNA	9	4	5	0.5038	0.1249	0.1351
ENSG00000227678.8	AL355581.1	lncRNA	10	83	60	0.1688	0.0419	0.0453
ENSG00000227679.1	AL133173.1	processed_pseudogene	0	0	0	0.0000	0.0000	0.0000
ENSG00000227680.1	AC108051.1	lncRNA	0	0	0	0.0000	0.0000	0.0000
ENSG00000227681.5	AL033504.1	lncRNA	0	0	0	0.0000	0.0000	0.0000
ENSG00000227682.2	ATP5F1AP2	transcribed_processed_pseudogene	0	0	0	0.0000	0.0000	0.0000
ENSG00000227683.1	AL358394.1	lncRNA	3	0	3	0.3180	0.0789	0.0853
ENSG00000227684.2	CROCCP4	transcribed_unprocessed_pseudogene	0	0	0	0.0000	0.0000	0.0000
ENSG00000227685.1	LINC02088	lncRNA	1	1	0	0.0915	0.0227	0.0245
ENSG00000227687.1	AL713965.1	lncRNA	0	0	0	0.0000	0.0000	0.0000
ENSG00000227688.2	HNRNPA3P2	unprocessed_pseudogene	0	0	0	0.0000	0.0000	0.0000
ENSG00000227689.1	SRP68P2	processed_pseudogene	4	4	5	0.8931	0.2215	0.2395
ENSG00000227692.1	MED28P3	processed_pseudogene	7	5	2	0.7476	0.1854	0.2005
ENSG00000227693.1	GSTM3P1	processed_pseudogene	0	0	0	0.0000	0.0000	0.0000
ENSG00000227694.1	RPL23AP74	processed_pseudogene	0	6	7	0.0000	0.0000	0.0000
ENSG00000227695.6	DNMBP-AS1	lncRNA	3	249	272	0.0566	0.0140	0.0152
ENSG00000227698.1	AP001619.1	lncRNA	5	3	2	0.6343	0.1573	0.1701
ENSG00000227700.1	AC239809.2	processed_pseudogene	0	1	0	0.0000	0.0000	0.0000
ENSG00000227702.1	LINC00111	lncRNA	0	0	0	0.0000	0.0000	0.0000
ENSG00000227704.1	AL354892.1	lncRNA	0	11	8	0.0000	0.0000	0.0000
ENSG00000227705.1	AL391097.2	lncRNA	0	0	0	0.0000	0.0000	0.0000
ENSG00000227706.4	AL713998.1	lncRNA	1	0	1	0.0104	0.0026	0.0028
ENSG00000227707.1	SDAD1P3	processed_pseudogene	0	0	0	0.0000	0.0000	0.0000
ENSG00000227708.1	LINC01850	lncRNA	0	0	0	0.0000	0.0000	0.0000
ENSG00000227709.4	AC091607.1	processed_pseudogene	0	0	0	0.0000	0.0000	0.0000
ENSG00000227710.1	AC245517.2	unprocessed_pseudogene	0	0	0	0.0000	0.0000	0.0000
ENSG00000227711.3	AL451054.1	unprocessed_pseudogene	2	2	0	0.1469	0.0364	0.0394
ENSG00000227712.2	AL359915.1	lncRNA	4	1	3	0.0777	0.0193	0.0208
ENSG00000227713.2	AC092159.1	lncRNA	2	1	1	0.0767	0.0190	0.0206
ENSG00000227714.1	MTND6P18	processed_pseudogene	0	0	0	0.0000	0.0000	0.0000
ENSG00000227716.1	AP000459.1	lncRNA	0	0	0	0.0000	0.0000	0.0000
ENSG00000227717.4	AC138749.1	unprocessed_pseudogene	0	0	0	0.0000	0.0000	0.0000
ENSG00000227718.1	AC016730.1	lncRNA	0	0	0	0.0000	0.0000	0.0000
ENSG00000227719.1	AC006042.1	lncRNA	8	12	14	0.8658	0.2147	0.2322
ENSG00000227721.1	RPSAP64	processed_pseudogene	0	0	0	0.0000	0.0000	0.0000
ENSG00000227722.2	AL022100.1	transcribed_processed_pseudogene	2	2	0	0.0676	0.0168	0.0181
ENSG00000227723.1	AL596188.1	lncRNA	0	0	0	0.0000	0.0000	0.0000
ENSG00000227725.3	GCOM2	processed_pseudogene	3	1	2	0.1541	0.0382	0.0413
ENSG00000227726.1	AP001271.1	lncRNA	3	1	2	0.8259	0.2048	0.2214
ENSG00000227728.2	AL356583.1	unprocessed_pseudogene	0	0	0	0.0000	0.0000	0.0000
ENSG00000227729.5	RD3L	protein_coding	0	0	0	0.0000	0.0000	0.0000
ENSG00000227730.2	MTND6P5	unprocessed_pseudogene	0	0	0	0.0000	0.0000	0.0000
ENSG00000227733.10	AC239809.3	lncRNA	5	4	3	0.0177	0.0044	0.0047
ENSG00000227734.1	AL590378.1	lncRNA	0	0	0	0.0000	0.0000	0.0000
ENSG00000227735.1	CYCSP5	processed_pseudogene	0	0	0	0.0000	0.0000	0.0000
ENSG00000227736.1	MTCO3P16	unprocessed_pseudogene	0	0	0	0.0000	0.0000	0.0000
ENSG00000227737.3	OR8B1P	transcribed_unprocessed_pseudogene	0	0	0	0.0000	0.0000	0.0000
ENSG00000227738.1	PSMD14P1	processed_pseudogene	0	0	0	0.0000	0.0000	0.0000
ENSG00000227740.2	LINC02803	lncRNA	11	6	6	0.5194	0.1288	0.1393
ENSG00000227741.1	AL121987.2	lncRNA	13	488	501	0.4672	0.1159	0.1253
ENSG00000227742.2	CALR4P	transcribed_unitary_pseudogene	43	25	18	0.9018	0.2236	0.2418
ENSG00000227743.2	AC004875.1	lncRNA	0	0	0	0.0000	0.0000	0.0000
ENSG00000227744.4	LINC01940	lncRNA	3	1	2	0.0488	0.0121	0.0131
ENSG00000227745.1	AC098826.2	unprocessed_pseudogene	0	0	0	0.0000	0.0000	0.0000
ENSG00000227747.2	AC096631.2	processed_pseudogene	1	1	0	0.0718	0.0178	0.0192
ENSG00000227748.2	AL138916.1	lncRNA	1	0	1	0.0432	0.0107	0.0116
ENSG00000227751.1	RCC2-AS1	lncRNA	0	900	871	0.0000	0.0000	0.0000
ENSG00000227753.3	AC023194.1	processed_pseudogene	0	0	0	0.0000	0.0000	0.0000
ENSG00000227755.1	AP000344.1	transcribed_processed_pseudogene	4	3	1	0.2853	0.0708	0.0765
ENSG00000227757.3	AP000282.1	lncRNA	0	0	0	0.0000	0.0000	0.0000
ENSG00000227758.1	AL645939.2	unprocessed_pseudogene	0	0	0	0.0000	0.0000	0.0000
ENSG00000227759.2	VTI1BP4	processed_pseudogene	0	0	0	0.0000	0.0000	0.0000
ENSG00000227760.2	AC135001.1	processed_pseudogene	0	0	0	0.0000	0.0000	0.0000
ENSG00000227762.4	GUSBP8	unprocessed_pseudogene	0	0	0	0.0000	0.0000	0.0000
ENSG00000227764.2	LINC01693	lncRNA	0	0	0	0.0000	0.0000	0.0000
ENSG00000227765.4	MYL12BP2	processed_pseudogene	1	1	0	0.1108	0.0275	0.0297
ENSG00000227766.1	AL671277.1	unprocessed_pseudogene	0	4837	5025	0.0000	0.0000	0.0000
ENSG00000227769.7	AC072062.1	lncRNA	5	2	3	0.0744	0.0184	0.0199
ENSG00000227770.1	RPL7P12	processed_pseudogene	1	1	0	0.0756	0.0188	0.0203
ENSG00000227773.1	ASH1L-IT1	lncRNA	0	0	0	0.0000	0.0000	0.0000
ENSG00000227775.3	AL031282.1	transcribed_processed_pseudogene	397	278	281	8.1602	2.0236	2.1880
ENSG00000227776.1	AKR1D1P1	processed_pseudogene	0	0	0	0.0000	0.0000	0.0000
ENSG00000227777.1	AL031736.1	processed_pseudogene	0	0	0	0.0000	0.0000	0.0000
ENSG00000227779.1	AC234779.1	processed_pseudogene	0	0	0	0.0000	0.0000	0.0000
ENSG00000227782.2	AC002553.1	lncRNA	33	137	118	2.3335	0.5787	0.6257
ENSG00000227784.1	ZNF965P	processed_pseudogene	0	0	0	0.0000	0.0000	0.0000
ENSG00000227785.1	AC092013.1	processed_pseudogene	1	0	1	0.1708	0.0424	0.0458
ENSG00000227788.1	MTCO3P43	processed_pseudogene	5	4	1	0.3678	0.0912	0.0986
ENSG00000227789.1	MTCYBP7	processed_pseudogene	0	0	0	0.0000	0.0000	0.0000
ENSG00000227790.7	SPECC1P1	transcribed_unprocessed_pseudogene	0	0	0	0.0000	0.0000	0.0000
ENSG00000227791.3	RPS10P9	processed_pseudogene	14	10	4	1.7335	0.4299	0.4648
ENSG00000227795.1	MTND4LP9	processed_pseudogene	0	0	0	0.0000	0.0000	0.0000
ENSG00000227799.1	CDPF1P1	processed_pseudogene	35	27	18	1.3841	0.3433	0.3711
ENSG00000227800.1	IGHD4-17	IG_D_gene	0	0	0	0.0000	0.0000	0.0000
ENSG00000227802.1	DNAJB3	transcribed_processed_pseudogene	0	0	0	0.0000	0.0000	0.0000
ENSG00000227803.2	AL158198.1	lncRNA	1	48	48	0.1492	0.0370	0.0400
ENSG00000227805.1	RPL21P90	processed_pseudogene	0	0	0	0.0000	0.0000	0.0000
ENSG00000227806.1	OR5W1P	unprocessed_pseudogene	0	0	0	0.0000	0.0000	0.0000
ENSG00000227809.2	AL355674.1	lncRNA	0	0	0	0.0000	0.0000	0.0000
ENSG00000227811.3	INKA2-AS1	lncRNA	0	7	7	0.0000	0.0000	0.0000
ENSG00000227813.1	Z82190.1	processed_pseudogene	1	0	1	0.1157	0.0287	0.0310
ENSG00000227814.3	MRPS17P9	processed_pseudogene	0	0	0	0.0000	0.0000	0.0000
ENSG00000227815.2	AL359265.1	unprocessed_pseudogene	1	0	1	0.0713	0.0177	0.0191
ENSG00000227817.4	ARHGAP42P1	unprocessed_pseudogene	0	0	0	0.0000	0.0000	0.0000
ENSG00000227818.1	AL590408.1	lncRNA	0	0	0	0.0000	0.0000	0.0000
ENSG00000227824.1	AC122136.1	lncRNA	2	1	1	0.2373	0.0588	0.0636
ENSG00000227825.4	SLC9A7P1	transcribed_processed_pseudogene	41	23	18	0.7022	0.1741	0.1883
ENSG00000227827.3	PKD1P2	unprocessed_pseudogene	54	27	27	0.3083	0.0765	0.0827
ENSG00000227830.1	TRIM60P3Y	processed_pseudogene	0	0	0	0.0000	0.0000	0.0000
ENSG00000227832.1	ST13P21	processed_pseudogene	0	0	0	0.0000	0.0000	0.0000
ENSG00000227834.1	AP003385.1	processed_pseudogene	0	0	0	0.0000	0.0000	0.0000
ENSG00000227835.8	CARM1P1	transcribed_unprocessed_pseudogene	1	1	0	0.0342	0.0085	0.0092
ENSG00000227836.1	AC008850.1	processed_pseudogene	1	0	1	0.1567	0.0388	0.0420
ENSG00000227837.1	TRIM60P11Y	processed_pseudogene	0	0	0	0.0000	0.0000	0.0000
ENSG00000227838.1	AL121885.2	lncRNA	0	0	0	0.0000	0.0000	0.0000
ENSG00000227840.1	KRTAP8-3P	unprocessed_pseudogene	0	0	0	0.0000	0.0000	0.0000
ENSG00000227841.1	MTND5P31	unprocessed_pseudogene	0	0	0	0.0000	0.0000	0.0000
ENSG00000227842.1	AC093166.1	processed_pseudogene	0	0	0	0.0000	0.0000	0.0000
ENSG00000227845.2	AL627223.1	processed_pseudogene	1	1	0	0.1283	0.0318	0.0344
ENSG00000227846.1	UGT1A11P	unprocessed_pseudogene	0	0	0	0.0000	0.0000	0.0000
ENSG00000227847.1	PPIAP93	processed_pseudogene	0	0	0	0.0000	0.0000	0.0000
ENSG00000227848.1	SUCLA2-AS1	lncRNA	14	8	14	1.4383	0.3567	0.3857
ENSG00000227850.1	SEPTIN2P1	processed_pseudogene	0	0	0	0.0000	0.0000	0.0000
ENSG00000227851.1	AC021035.1	lncRNA	0	0	0	0.0000	0.0000	0.0000
ENSG00000227852.1	RPS29P17	processed_pseudogene	5	6	6	1.7081	0.4236	0.4580
ENSG00000227854.1	AL590135.1	processed_pseudogene	2	1	1	0.7271	0.1803	0.1949
ENSG00000227855.3	DPY19L2P3	transcribed_unprocessed_pseudogene	91	50	56	1.2106	0.3002	0.3246
ENSG00000227857.2	AL358075.2	lncRNA	48	31	18	8.0297	1.9913	2.1530
ENSG00000227860.1	MTND5P18	processed_pseudogene	0	0	0	0.0000	0.0000	0.0000
ENSG00000227862.1	HNRNPA1P31	processed_pseudogene	0	0	0	0.0000	0.0000	0.0000
ENSG00000227863.3	AC002383.1	lncRNA	43	21	22	1.2150	0.3013	0.3258
ENSG00000227864.1	ARL5AP1	processed_pseudogene	0	0	0	0.0000	0.0000	0.0000
ENSG00000227867.1	ELOCP11	processed_pseudogene	0	0	0	0.0000	0.0000	0.0000
ENSG00000227868.6	TEX46	protein_coding	1	1	0	0.0859	0.0213	0.0230
ENSG00000227871.1	USP9YP12	unprocessed_pseudogene	0	0	0	0.0000	0.0000	0.0000
ENSG00000227873.1	Z93242.1	processed_pseudogene	0	0	0	0.0000	0.0000	0.0000
ENSG00000227874.1	GRAMD4P1	processed_pseudogene	0	0	0	0.0000	0.0000	0.0000
ENSG00000227875.2	RPL23AP89	processed_pseudogene	0	0	0	0.0000	0.0000	0.0000
ENSG00000227877.7	MRLN	protein_coding	1	0	1	0.0192	0.0048	0.0052
ENSG00000227878.2	AC114760.1	processed_pseudogene	0	0	0	0.0000	0.0000	0.0000
ENSG00000227879.2	PSPC1P1	unprocessed_pseudogene	6	2	4	0.5117	0.1269	0.1372
ENSG00000227880.1	AL050402.1	lncRNA	0	0	0	0.0000	0.0000	0.0000
ENSG00000227881.1	ASS1P5	processed_pseudogene	1	1	0	0.0458	0.0114	0.0123
ENSG00000227882.1	THAP12P6	processed_pseudogene	0	0	0	0.0000	0.0000	0.0000
ENSG00000227883.1	ATP6V0E1P4	processed_pseudogene	0	0	0	0.0000	0.0000	0.0000
ENSG00000227885.3	AL590652.1	lncRNA	61	25	44	0.6729	0.1669	0.1804
ENSG00000227887.1	RPS26P13	processed_pseudogene	1	0	1	0.1718	0.0426	0.0461
ENSG00000227888.4	FAM66A	lncRNA	7	4	3	0.3249	0.0806	0.0871
ENSG00000227890.1	PSMA2P3	processed_pseudogene	0	3	1	0.0000	0.0000	0.0000
ENSG00000227892.1	OR5P4P	unprocessed_pseudogene	0	0	0	0.0000	0.0000	0.0000
ENSG00000227893.1	LINC00352	lncRNA	0	0	0	0.0000	0.0000	0.0000
ENSG00000227896.2	AL731569.1	lncRNA	123	61	62	2.2810	0.5657	0.6116
ENSG00000227902.2	AC062032.1	lncRNA	0	0	0	0.0000	0.0000	0.0000
ENSG00000227905.1	MED6P1	processed_pseudogene	0	0	0	0.0000	0.0000	0.0000
ENSG00000227906.8	SNAP25-AS1	lncRNA	9	48	32	0.0349	0.0087	0.0094
ENSG00000227907.1	AL158837.1	lncRNA	0	0	0	0.0000	0.0000	0.0000
ENSG00000227908.3	FLJ31104	lncRNA	53	32	21	1.3131	0.3256	0.3521
ENSG00000227910.1	AC092634.3	transcribed_processed_pseudogene	9	10	7	0.5826	0.1445	0.1562
ENSG00000227911.3	LINC02344	lncRNA	0	0	0	0.0000	0.0000	0.0000
ENSG00000227912.2	AL441943.2	lncRNA	0	0	0	0.0000	0.0000	0.0000
ENSG00000227913.1	KRT8P44	processed_pseudogene	1	0	1	0.0420	0.0104	0.0113
ENSG00000227914.3	AL136979.1	lncRNA	0	0	0	0.0000	0.0000	0.0000
ENSG00000227915.1	ELOCP16	unprocessed_pseudogene	0	0	0	0.0000	0.0000	0.0000
ENSG00000227917.3	AL449043.1	lncRNA	0	0	0	0.0000	0.0000	0.0000
ENSG00000227919.1	AL353997.1	unprocessed_pseudogene	0	0	0	0.0000	0.0000	0.0000
ENSG00000227920.3	AL353597.1	lncRNA	1	1	0	0.0494	0.0123	0.0133
ENSG00000227922.1	SPTLC1P5	processed_pseudogene	1	1	0	0.2250	0.0558	0.0603
ENSG00000227923.1	AC006455.3	processed_pseudogene	0	0	0	0.0000	0.0000	0.0000
ENSG00000227924.2	RBPJP6	processed_pseudogene	1	0	1	0.0396	0.0098	0.0106
ENSG00000227925.2	LINC01655	lncRNA	25	13	12	1.7311	0.4293	0.4642
ENSG00000227927.2	MACROD2-IT1	lncRNA	0	0	0	0.0000	0.0000	0.0000
ENSG00000227929.4	SRGAP3-AS3	lncRNA	1	1	0	0.0464	0.0115	0.0124
ENSG00000227930.1	AC003087.1	lncRNA	0	0	0	0.0000	0.0000	0.0000
ENSG00000227932.2	SELENOOLP	transcribed_unitary_pseudogene	0	0	0	0.0000	0.0000	0.0000
ENSG00000227933.1	AL357874.1	lncRNA	3	4	1	0.2964	0.0735	0.0795
ENSG00000227934.1	AL732414.1	processed_pseudogene	0	0	0	0.0000	0.0000	0.0000
ENSG00000227935.1	AL390243.1	lncRNA	1	0	1	0.0801	0.0199	0.0215
ENSG00000227937.1	MTND2P30	processed_pseudogene	0	0	0	0.0000	0.0000	0.0000
ENSG00000227938.1	AC104695.1	lncRNA	0	0	0	0.0000	0.0000	0.0000
ENSG00000227939.1	RPL3P2	processed_pseudogene	18	10	9	0.8485	0.2104	0.2275
ENSG00000227940.2	LINC01696	lncRNA	0	0	0	0.0000	0.0000	0.0000
ENSG00000227941.1	UQCRBP2	processed_pseudogene	0	0	0	0.0000	0.0000	0.0000
ENSG00000227942.1	FRMD8P1	processed_pseudogene	0	0	0	0.0000	0.0000	0.0000
ENSG00000227945.1	PTPRK-AS1	lncRNA	4	439	438	0.3016	0.0748	0.0809
ENSG00000227946.1	AC007383.1	lncRNA	48	54	63	2.6326	0.6529	0.7059
ENSG00000227947.2	LINC01738	lncRNA	0	0	0	0.0000	0.0000	0.0000
ENSG00000227948.4	AC003989.1	processed_pseudogene	1	1	0	0.1004	0.0249	0.0269
ENSG00000227949.1	CYCSP46	processed_pseudogene	0	0	0	0.0000	0.0000	0.0000
ENSG00000227950.1	AL590128.1	processed_pseudogene	0	0	0	0.0000	0.0000	0.0000
ENSG00000227952.2	RPL18AP17	processed_pseudogene	0	0	0	0.0000	0.0000	0.0000
ENSG00000227953.7	LINC01341	lncRNA	16	25	34	0.1902	0.0472	0.0510
ENSG00000227954.7	TARID	lncRNA	0	0	3	0.0000	0.0000	0.0000
ENSG00000227958.1	AL390778.1	lncRNA	0	0	0	0.0000	0.0000	0.0000
ENSG00000227959.1	AL451042.2	lncRNA	7	3	4	0.4391	0.1089	0.1177
ENSG00000227960.1	AL138799.1	lncRNA	0	0	0	0.0000	0.0000	0.0000
ENSG00000227962.1	AL391994.1	processed_pseudogene	8	3	5	1.6088	0.3990	0.4314
ENSG00000227963.1	RBM15-AS1	lncRNA	10	10	9	0.2172	0.0539	0.0582
ENSG00000227964.1	LINC01429	lncRNA	41	20	22	0.9996	0.2479	0.2680
ENSG00000227965.1	AC098592.2	processed_pseudogene	0	0	0	0.0000	0.0000	0.0000
ENSG00000227968.1	BUB3P1	processed_pseudogene	0	0	0	0.0000	0.0000	0.0000
ENSG00000227969.1	NPM1P22	processed_pseudogene	1	1	0	0.0596	0.0148	0.0160
ENSG00000227970.1	NR1H5P	unitary_pseudogene	0	0	0	0.0000	0.0000	0.0000
ENSG00000227971.1	AC078809.1	processed_pseudogene	0	0	0	0.0000	0.0000	0.0000
ENSG00000227972.1	THAP12P3	processed_pseudogene	3	3	0	0.0751	0.0186	0.0201
ENSG00000227973.1	PIN4P1	processed_pseudogene	5	4	1	0.7160	0.1776	0.1920
ENSG00000227979.1	AC002127.1	processed_pseudogene	0	0	0	0.0000	0.0000	0.0000
ENSG00000227981.2	AC012668.1	lncRNA	0	0	0	0.0000	0.0000	0.0000
ENSG00000227982.1	RPL7P30	processed_pseudogene	0	0	0	0.0000	0.0000	0.0000
ENSG00000227983.1	BRK1P2	processed_pseudogene	0	0	0	0.0000	0.0000	0.0000
ENSG00000227986.1	TRIM60P18	unprocessed_pseudogene	0	0	0	0.0000	0.0000	0.0000
ENSG00000227987.1	AC092675.2	lncRNA	0	0	0	0.0000	0.0000	0.0000
ENSG00000227988.1	TDGF1P1	processed_pseudogene	0	0	0	0.0000	0.0000	0.0000
ENSG00000227992.1	AC108463.1	processed_pseudogene	89	53	46	14.5452	3.6071	3.9001
ENSG00000227994.1	AL035417.1	processed_pseudogene	0	0	0	0.0000	0.0000	0.0000
ENSG00000227995.1	RAB11AP1	processed_pseudogene	0	0	0	0.0000	0.0000	0.0000
ENSG00000227999.1	MTND5P1	processed_pseudogene	13	8	7	0.5362	0.1330	0.1438
ENSG00000228000.1	RPL7AP65	processed_pseudogene	0	0	0	0.0000	0.0000	0.0000
ENSG00000228002.2	DHX9P1	processed_pseudogene	2	1	1	0.0369	0.0091	0.0099
ENSG00000228004.1	MYCLP2	processed_pseudogene	0	0	0	0.0000	0.0000	0.0000
ENSG00000228005.1	AC020743.1	lncRNA	0	0	0	0.0000	0.0000	0.0000
ENSG00000228007.1	AC011933.1	processed_pseudogene	0	0	0	0.0000	0.0000	0.0000
ENSG00000228008.1	AC105935.1	lncRNA	11	7	4	0.6773	0.1680	0.1816
ENSG00000228010.6	AC073343.2	lncRNA	21	13	8	0.3412	0.0846	0.0915
ENSG00000228013.1	IL6R-AS1	lncRNA	17	7	10	0.5490	0.1362	0.1472
ENSG00000228014.1	ZNF680P1	processed_pseudogene	0	0	0	0.0000	0.0000	0.0000
ENSG00000228015.1	AC074338.1	processed_pseudogene	0	0	0	0.0000	0.0000	0.0000
ENSG00000228016.1	RAPGEF4-AS1	lncRNA	2	1	1	0.0217	0.0054	0.0058
ENSG00000228019.1	AC006480.1	unprocessed_pseudogene	1	0	1	0.1500	0.0372	0.0402
ENSG00000228020.2	HNRNPA1P46	processed_pseudogene	0	0	0	0.0000	0.0000	0.0000
ENSG00000228021.7	AL158835.1	lncRNA	5	121	111	0.0622	0.0154	0.0167
ENSG00000228022.6	HCG20	lncRNA	3	609	671	0.1081	0.0268	0.0290
ENSG00000228024.1	CYP1D1P	unprocessed_pseudogene	0	0	0	0.0000	0.0000	0.0000
ENSG00000228027.1	AL136369.1	lncRNA	0	0	0	0.0000	0.0000	0.0000
ENSG00000228028.2	AC069257.1	lncRNA	0	0	0	0.0000	0.0000	0.0000
ENSG00000228030.2	AC019084.1	processed_pseudogene	0	0	0	0.0000	0.0000	0.0000
ENSG00000228031.4	AC078842.1	lncRNA	1	1	0	0.0253	0.0063	0.0068
ENSG00000228033.6	AC010967.1	lncRNA	0	0	0	0.0000	0.0000	0.0000
ENSG00000228034.1	HMGN2P21	processed_pseudogene	0	0	0	0.0000	0.0000	0.0000
ENSG00000228035.1	NGF-AS1	lncRNA	0	0	0	0.0000	0.0000	0.0000
ENSG00000228036.1	HSPD1P9	processed_pseudogene	2	2	0	0.0693	0.0172	0.0186
ENSG00000228037.1	AL139246.3	lncRNA	11	6	5	0.9965	0.2471	0.2672
ENSG00000228038.1	VN1R51P	processed_pseudogene	0	0	0	0.0000	0.0000	0.0000
ENSG00000228039.3	AC253536.2	processed_pseudogene	7	6	1	1.5629	0.3876	0.4191
ENSG00000228040.1	AL390729.1	processed_pseudogene	1	0	1	0.3635	0.0902	0.0975
ENSG00000228041.2	EIF3JP1	processed_pseudogene	0	0	0	0.0000	0.0000	0.0000
ENSG00000228042.2	M6PRP1	processed_pseudogene	0	0	0	0.0000	0.0000	0.0000
ENSG00000228043.5	AC114763.1	lncRNA	42	21	24	1.8140	0.4499	0.4864
ENSG00000228044.3	AL160408.1	lncRNA	144	72	72	3.3454	0.8296	0.8970
ENSG00000228045.1	DNAJA1P6	processed_pseudogene	1	1	0	0.1602	0.0397	0.0430
ENSG00000228046.2	MTCO3P40	processed_pseudogene	0	0	0	0.0000	0.0000	0.0000
ENSG00000228048.1	AL355314.2	lncRNA	0	0	0	0.0000	0.0000	0.0000
ENSG00000228049.7	POLR2J2	protein_coding	6	3	3	0.1648	0.0409	0.0442
ENSG00000228050.1	TOP3BP1	processed_pseudogene	1	1	0	0.0411	0.0102	0.0110
ENSG00000228051.1	WBP11P3	processed_pseudogene	0	0	0	0.0000	0.0000	0.0000
ENSG00000228053.1	AL158823.1	processed_pseudogene	1	0	1	0.1186	0.0294	0.0318
ENSG00000228054.2	RANP5	processed_pseudogene	0	0	0	0.0000	0.0000	0.0000
ENSG00000228055.3	FAM245A	lncRNA	1	1	0	0.0280	0.0069	0.0075
ENSG00000228056.3	CFL1P3	processed_pseudogene	2	1	1	0.2315	0.0574	0.0621
ENSG00000228057.1	SEC63P1	processed_pseudogene	71	32	39	3.2006	0.7937	0.8582
ENSG00000228058.2	LINC01736	lncRNA	9	5	4	0.4303	0.1067	0.1154
ENSG00000228060.3	PABPC4-AS1	lncRNA	11	775	758	0.4430	0.1099	0.1188
ENSG00000228061.7	AC131571.1	lncRNA	11	106	109	0.0944	0.0234	0.0253
ENSG00000228063.2	LYPLAL1-DT	lncRNA	13	76	69	0.1337	0.0332	0.0358
ENSG00000228064.1	AC023469.2	lncRNA	0	0	0	0.0000	0.0000	0.0000
ENSG00000228065.11	LINC01515	lncRNA	122	61	61	0.3726	0.0924	0.0999
ENSG00000228067.1	LINC01740	lncRNA	3	2	1	0.5124	0.1271	0.1374
ENSG00000228069.1	MTCO3P29	unprocessed_pseudogene	1	1	0	0.0728	0.0181	0.0195
ENSG00000228071.4	RPL7P47	processed_pseudogene	10	5	6	1.0200	0.2529	0.2735
ENSG00000228072.1	AL139008.2	lncRNA	0	0	0	0.0000	0.0000	0.0000
ENSG00000228073.1	AC133106.1	lncRNA	1	1	0	0.1428	0.0354	0.0383
ENSG00000228074.1	UBBP5	processed_pseudogene	1	1	0	0.2132	0.0529	0.0572
ENSG00000228075.5	BOD1L2	protein_coding	0	0	0	0.0000	0.0000	0.0000
ENSG00000228076.2	AL591719.1	processed_pseudogene	0	0	0	0.0000	0.0000	0.0000
ENSG00000228078.1	HLA-U	unprocessed_pseudogene	2	2	0	0.6098	0.1512	0.1635
ENSG00000228079.2	AC012368.2	lncRNA	1	0	1	0.1013	0.0251	0.0272
ENSG00000228081.2	AC092810.1	processed_pseudogene	0	0	0	0.0000	0.0000	0.0000
ENSG00000228082.1	SIM1-AS1	lncRNA	1	1	0	0.1492	0.0370	0.0400
ENSG00000228083.3	IFNA14	protein_coding	0	0	0	0.0000	0.0000	0.0000
ENSG00000228084.1	AC118553.1	lncRNA	19	33	49	1.6450	0.4079	0.4411
ENSG00000228085.1	AC009296.1	processed_pseudogene	0	0	0	0.0000	0.0000	0.0000
ENSG00000228086.1	AL589990.1	lncRNA	1	28	31	0.0958	0.0238	0.0257
ENSG00000228089.1	PNKDP1	processed_pseudogene	0	0	0	0.0000	0.0000	0.0000
ENSG00000228092.1	COX6CP15	processed_pseudogene	0	0	0	0.0000	0.0000	0.0000
ENSG00000228095.3	AL354692.1	processed_pseudogene	0	0	0	0.0000	0.0000	0.0000
ENSG00000228097.1	MTATP6P11	unprocessed_pseudogene	0	0	0	0.0000	0.0000	0.0000
ENSG00000228098.1	AC110620.1	processed_pseudogene	0	0	0	0.0000	0.0000	0.0000
ENSG00000228100.2	LINC01820	lncRNA	2	1	1	0.0896	0.0222	0.0240
ENSG00000228105.2	LINC01757	lncRNA	0	0	0	0.0000	0.0000	0.0000
ENSG00000228107.1	AP000692.1	lncRNA	18	10	8	1.7127	0.4247	0.4592
ENSG00000228108.1	SPTBN1-AS1	lncRNA	0	0	0	0.0000	0.0000	0.0000
ENSG00000228109.1	MELTF-AS1	lncRNA	72	103	102	3.5848	0.8890	0.9612
ENSG00000228110.4	ST13P19	processed_pseudogene	2	0	2	0.1009	0.0250	0.0271
ENSG00000228111.1	TPT1P2	processed_pseudogene	0	0	0	0.0000	0.0000	0.0000
ENSG00000228112.1	AC112220.1	processed_pseudogene	0	0	0	0.0000	0.0000	0.0000
ENSG00000228113.7	AC003991.1	lncRNA	6	226	254	0.0703	0.0174	0.0189
ENSG00000228115.1	AL161725.2	lncRNA	1	0	1	0.1407	0.0349	0.0377
ENSG00000228118.3	MYL6P5	processed_pseudogene	0	0	0	0.0000	0.0000	0.0000
ENSG00000228120.2	AP001631.1	lncRNA	0	0	0	0.0000	0.0000	0.0000
ENSG00000228121.1	PHBP3	processed_pseudogene	1	0	1	0.0692	0.0172	0.0186
ENSG00000228122.1	MTND1P17	processed_pseudogene	0	0	0	0.0000	0.0000	0.0000
ENSG00000228123.4	AL162726.2	processed_pseudogene	0	0	0	0.0000	0.0000	0.0000
ENSG00000228124.1	AL096678.1	lncRNA	0	27	23	0.0000	0.0000	0.0000
ENSG00000228125.2	AKIRIN1P2	processed_pseudogene	1	0	1	0.0995	0.0247	0.0267
ENSG00000228126.1	FALEC	lncRNA	27	14	13	2.7052	0.6709	0.7254
ENSG00000228127.3	LINC01649	lncRNA	9	6	3	0.2102	0.0521	0.0564
ENSG00000228131.1	IGHD6-6	IG_D_gene	0	0	0	0.0000	0.0000	0.0000
ENSG00000228132.2	AL360221.1	processed_pseudogene	0	0	0	0.0000	0.0000	0.0000
ENSG00000228133.3	AC099684.1	lncRNA	6	5	6	0.1651	0.0409	0.0443
ENSG00000228134.1	UBE2V1P14	processed_pseudogene	0	0	0	0.0000	0.0000	0.0000
ENSG00000228135.1	LINC01494	lncRNA	0	0	0	0.0000	0.0000	0.0000
ENSG00000228136.1	AL773545.1	lncRNA	0	0	0	0.0000	0.0000	0.0000
ENSG00000228137.1	AP001469.2	lncRNA	5	3	3	0.7271	0.1803	0.1949
ENSG00000228139.1	LINC01402	lncRNA	5	1	4	1.0163	0.2520	0.2725
ENSG00000228140.2	AL031283.1	lncRNA	21	11	10	0.2300	0.0570	0.0617
ENSG00000228141.7	AC105339.1	transcribed_unitary_pseudogene	5	3	2	0.1005	0.0249	0.0270
ENSG00000228142.2	AL354861.2	lncRNA	1	0	1	0.1108	0.0275	0.0297
ENSG00000228143.2	AL512649.1	processed_pseudogene	0	0	0	0.0000	0.0000	0.0000
ENSG00000228144.2	AC078927.1	protein_coding	0	0	0	0.0000	0.0000	0.0000
ENSG00000228146.8	CASP16P	transcribed_unitary_pseudogene	142	75	71	2.2761	0.5644	0.6103
ENSG00000228149.1	RPL3P1	processed_pseudogene	2	1	1	0.0937	0.0232	0.0251
ENSG00000228150.1	AL357140.2	lncRNA	14	3	11	1.8044	0.4475	0.4838
ENSG00000228151.1	AC004941.1	lncRNA	2	2	0	0.0364	0.0090	0.0097
ENSG00000228153.1	AL161793.1	lncRNA	1	0	1	0.1274	0.0316	0.0342
ENSG00000228154.3	AC092436.1	processed_pseudogene	0	0	0	0.0000	0.0000	0.0000
ENSG00000228156.1	AL133343.1	lncRNA	2	1	1	0.3065	0.0760	0.0822
ENSG00000228157.4	AC007952.2	lncRNA	8	4	4	0.1465	0.0363	0.0393
ENSG00000228158.2	TLE1P1	processed_pseudogene	14	10	4	1.3479	0.3343	0.3614
ENSG00000228159.2	LINC01674	lncRNA	0	0	0	0.0000	0.0000	0.0000
ENSG00000228160.2	AL158069.1	lncRNA	0	0	0	0.0000	0.0000	0.0000
ENSG00000228161.1	AC245452.2	unprocessed_pseudogene	0	0	0	0.0000	0.0000	0.0000
ENSG00000228162.1	AC097713.1	lncRNA	2	0	2	0.2018	0.0500	0.0541
ENSG00000228165.1	AL158147.1	lncRNA	0	0	0	0.0000	0.0000	0.0000
ENSG00000228166.1	MTND1P11	unprocessed_pseudogene	0	0	0	0.0000	0.0000	0.0000
ENSG00000228167.1	AL353072.1	processed_pseudogene	0	0	0	0.0000	0.0000	0.0000
ENSG00000228168.1	HNRNPA1P21	processed_pseudogene	79	38	41	4.6619	1.1561	1.2500
ENSG00000228169.3	PPIAP19	processed_pseudogene	1	1	0	0.1153	0.0286	0.0309
ENSG00000228170.1	AL031963.1	lncRNA	0	319	302	0.0000	0.0000	0.0000
ENSG00000228171.1	AC121251.1	unprocessed_pseudogene	0	0	0	0.0000	0.0000	0.0000
ENSG00000228172.5	AL020996.1	lncRNA	18	987	1042	0.3655	0.0906	0.0980
ENSG00000228173.2	AC091770.1	lncRNA	0	0	0	0.0000	0.0000	0.0000
ENSG00000228174.7	AL162385.1	lncRNA	0	0	0	0.0000	0.0000	0.0000
ENSG00000228175.3	GEMIN8P4	processed_pseudogene	19	8	11	1.4780	0.3665	0.3963
ENSG00000228176.1	AC092265.1	lncRNA	0	0	0	0.0000	0.0000	0.0000
ENSG00000228181.1	AL590365.1	processed_pseudogene	1	1	0	0.2334	0.0579	0.0626
ENSG00000228182.1	MTND2P25	processed_pseudogene	0	0	0	0.0000	0.0000	0.0000
ENSG00000228184.1	SNX19P1	processed_pseudogene	0	0	0	0.0000	0.0000	0.0000
ENSG00000228187.1	AC093433.1	processed_pseudogene	0	0	0	0.0000	0.0000	0.0000
ENSG00000228189.5	LINC02843	lncRNA	1	0	1	0.0190	0.0047	0.0051
ENSG00000228190.2	RPL23AP16	processed_pseudogene	0	0	0	0.0000	0.0000	0.0000
ENSG00000228191.1	AL512326.4	processed_pseudogene	0	0	0	0.0000	0.0000	0.0000
ENSG00000228192.8	AL512353.1	lncRNA	52	203	219	0.7810	0.1937	0.2094
ENSG00000228193.1	ELOCP14	processed_pseudogene	0	0	0	0.0000	0.0000	0.0000
ENSG00000228194.1	Z83846.1	processed_pseudogene	0	0	0	0.0000	0.0000	0.0000
ENSG00000228195.2	RPL5P27	processed_pseudogene	0	0	0	0.0000	0.0000	0.0000
ENSG00000228196.1	PTPN2P1	processed_pseudogene	0	0	0	0.0000	0.0000	0.0000
ENSG00000228198.3	OR2M3	protein_coding	1	0	1	0.0057	0.0014	0.0015
ENSG00000228201.1	AL022341.1	lncRNA	16	10	15	2.3325	0.5784	0.6254
ENSG00000228203.7	GRASLND	lncRNA	161	81	80	1.5480	0.3839	0.4151
ENSG00000228204.2	AC004830.2	lncRNA	2	26	24	0.1245	0.0309	0.0334
ENSG00000228205.1	AC131235.1	processed_pseudogene	27	11	16	2.0918	0.5187	0.5609
ENSG00000228206.2	AC016717.1	processed_pseudogene	0	0	0	0.0000	0.0000	0.0000
ENSG00000228207.1	AC007967.2	unprocessed_pseudogene	0	0	0	0.0000	0.0000	0.0000
ENSG00000228208.7	LINC02869	lncRNA	1	0	1	0.0457	0.0113	0.0122
ENSG00000228209.1	PNPP1	processed_pseudogene	0	0	0	0.0000	0.0000	0.0000
ENSG00000228210.1	AL121916.1	processed_pseudogene	0	0	0	0.0000	0.0000	0.0000
ENSG00000228211.2	HYAL6P	unitary_pseudogene	1	1	0	0.0443	0.0110	0.0119
ENSG00000228212.1	OFD1P17	processed_pseudogene	2	0	2	0.0376	0.0093	0.0101
ENSG00000228213.5	NLGN1-AS1	lncRNA	1	1	0	0.0696	0.0173	0.0187
ENSG00000228215.3	LINC02770	lncRNA	0	0	0	0.0000	0.0000	0.0000
ENSG00000228216.1	AL355607.1	lncRNA	5	3	2	0.9612	0.2384	0.2577
ENSG00000228217.1	PNRC2P1	processed_pseudogene	33	14	19	4.4558	1.1050	1.1947
ENSG00000228218.1	ATF4P3	processed_pseudogene	3	0	3	0.1611	0.0400	0.0432
ENSG00000228219.1	NPM1P30	processed_pseudogene	1	0	1	0.0685	0.0170	0.0184
ENSG00000228221.6	LINC00578	lncRNA	705	351	354	6.3330	1.5705	1.6981
ENSG00000228222.1	AC073050.1	lncRNA	0	0	0	0.0000	0.0000	0.0000
ENSG00000228223.3	HCG11	lncRNA	1064	518	546	10.5933	2.6270	2.8404
ENSG00000228224.3	NACA4P	transcribed_processed_pseudogene	9	7	2	0.3282	0.0814	0.0880
ENSG00000228225.1	CRLF3P3	processed_pseudogene	0	0	0	0.0000	0.0000	0.0000
ENSG00000228226.1	AC012070.1	lncRNA	0	0	0	0.0000	0.0000	0.0000
ENSG00000228229.2	AC243961.1	lncRNA	0	0	0	0.0000	0.0000	0.0000
ENSG00000228231.2	TINAG-AS1	lncRNA	0	0	0	0.0000	0.0000	0.0000
ENSG00000228232.1	GAPDHP1	processed_pseudogene	57	31	26	3.2164	0.7976	0.8624
ENSG00000228234.1	GLRXP1	processed_pseudogene	0	0	0	0.0000	0.0000	0.0000
ENSG00000228235.1	AP001476.3	lncRNA	0	0	0	0.0000	0.0000	0.0000
ENSG00000228236.2	TXNP5	processed_pseudogene	2	0	2	0.3601	0.0893	0.0965
ENSG00000228237.5	EFCAB14-AS1	lncRNA	0	285	292	0.0000	0.0000	0.0000
ENSG00000228238.1	AL096803.1	processed_pseudogene	2	1	1	0.1111	0.0275	0.0298
ENSG00000228239.1	AL138900.1	lncRNA	0	0	0	0.0000	0.0000	0.0000
ENSG00000228240.1	TTTY17A	lncRNA	0	0	0	0.0000	0.0000	0.0000
ENSG00000228241.1	MOB1AP1	processed_pseudogene	0	0	0	0.0000	0.0000	0.0000
ENSG00000228242.6	XPC-AS1	lncRNA	93	936	858	1.3136	0.3258	0.3522
ENSG00000228247.1	UBBP2	processed_pseudogene	3	2	1	0.7365	0.1826	0.1975
ENSG00000228248.1	NUTF2P3	processed_pseudogene	0	0	0	0.0000	0.0000	0.0000
ENSG00000228251.1	AC012442.1	lncRNA	21	9	12	2.2512	0.5583	0.6036
ENSG00000228252.9	COL6A4P2	transcribed_unitary_pseudogene	9	3	6	0.1299	0.0322	0.0348
ENSG00000228253.1	MT-ATP8	protein_coding	11564	6247	5318	3168.0876	785.6537	849.4700
ENSG00000228255.1	AC096639.1	lncRNA	0	0	0	0.0000	0.0000	0.0000
ENSG00000228257.1	AC010141.1	unprocessed_pseudogene	0	0	0	0.0000	0.0000	0.0000
ENSG00000228259.3	AC136604.1	unprocessed_pseudogene	1	1	0	0.0596	0.0148	0.0160
ENSG00000228261.1	ITPRIP-AS1	lncRNA	15	11	4	0.8917	0.2211	0.2391
ENSG00000228262.10	LINC01320	lncRNA	0	0	0	0.0000	0.0000	0.0000
ENSG00000228264.1	PSMD8P1	processed_pseudogene	1	0	1	0.0737	0.0183	0.0198
ENSG00000228271.2	LINC02048	lncRNA	2	2	0	0.0463	0.0115	0.0124
ENSG00000228272.1	AC106874.1	lncRNA	0	0	0	0.0000	0.0000	0.0000
ENSG00000228274.4	AL021707.2	lncRNA	130	483	458	1.6586	0.4113	0.4447
ENSG00000228275.1	ARMCX3-AS1	lncRNA	0	175	195	0.0000	0.0000	0.0000
ENSG00000228277.1	UMLILO	lncRNA	0	0	0	0.0000	0.0000	0.0000
ENSG00000228278.5	ORM2	protein_coding	7	2	5	0.5230	0.1297	0.1402
ENSG00000228280.1	AL731568.1	lncRNA	2	0	2	0.2613	0.0648	0.0701
ENSG00000228283.3	KATNBL1P6	transcribed_processed_pseudogene	0	0	0	0.0000	0.0000	0.0000
ENSG00000228285.2	LYPLA2P1	processed_pseudogene	3	1	2	0.2444	0.0606	0.0655
ENSG00000228286.3	AP000593.2	processed_pseudogene	0	0	0	0.0000	0.0000	0.0000
ENSG00000228288.7	PCAT6	lncRNA	360	170	190	22.9389	5.6886	6.1507
ENSG00000228289.1	AL355862.1	processed_pseudogene	1	0	1	0.1607	0.0398	0.0431
ENSG00000228290.7	TBX18-AS1	lncRNA	9	4	5	0.2459	0.0610	0.0659
ENSG00000228291.1	ARL4AP3	processed_pseudogene	2	0	2	0.1976	0.0490	0.0530
ENSG00000228292.1	AL512604.1	processed_pseudogene	1	0	1	0.2207	0.0547	0.0592
ENSG00000228293.1	AL049712.1	lncRNA	15	10	5	0.9755	0.2419	0.2616
ENSG00000228294.6	BMS1P17	transcribed_unprocessed_pseudogene	0	0	0	0.0000	0.0000	0.0000
ENSG00000228295.2	LINC00392	lncRNA	0	0	0	0.0000	0.0000	0.0000
ENSG00000228296.1	TTTY4C	lncRNA	0	0	0	0.0000	0.0000	0.0000
ENSG00000228300.14	FAM174C	protein_coding	1354	613	741	36.6342	9.0849	9.8229
ENSG00000228301.1	RPL7P55	processed_pseudogene	0	0	0	0.0000	0.0000	0.0000
ENSG00000228302.2	AL512770.1	lncRNA	31	498	506	0.7004	0.1737	0.1878
ENSG00000228303.1	AC095038.1	unprocessed_pseudogene	0	0	0	0.0000	0.0000	0.0000
ENSG00000228304.1	OR4K6P	unprocessed_pseudogene	0	0	0	0.0000	0.0000	0.0000
ENSG00000228305.2	PRELID1P6	processed_pseudogene	9	5	4	0.7804	0.1935	0.2093
ENSG00000228307.2	OR2S1P	transcribed_unprocessed_pseudogene	2	1	1	0.0610	0.0151	0.0164
ENSG00000228308.2	LINC01209	lncRNA	0	0	0	0.0000	0.0000	0.0000
ENSG00000228309.7	LINC01350	lncRNA	0	0	0	0.0000	0.0000	0.0000
ENSG00000228312.1	GAPDHP45	processed_pseudogene	0	0	0	0.0000	0.0000	0.0000
ENSG00000228314.1	CYP4F29P	transcribed_unprocessed_pseudogene	2	1	1	0.0661	0.0164	0.0177
ENSG00000228315.12	GUSBP11	lncRNA	157	125	152	1.1468	0.2844	0.3075
ENSG00000228316.1	MTATP6P19	processed_pseudogene	0	0	0	0.0000	0.0000	0.0000
ENSG00000228317.2	AL158070.1	lncRNA	1	9	3	0.0626	0.0155	0.0168
ENSG00000228318.3	AP001610.2	lncRNA	29	3417	3483	1.4736	0.3654	0.3951
ENSG00000228319.1	SPATA2P1	processed_pseudogene	0	0	0	0.0000	0.0000	0.0000
ENSG00000228322.1	AL162419.1	lncRNA	0	3	3	0.0000	0.0000	0.0000
ENSG00000228323.2	MYADM-AS1	lncRNA	4	3	1	0.5167	0.1281	0.1385
ENSG00000228325.5	IGKV3D-7	IG_V_gene	0	0	0	0.0000	0.0000	0.0000
ENSG00000228327.3	AL669831.1	transcribed_unprocessed_pseudogene	120	67	54	1.0580	0.2624	0.2837
ENSG00000228328.2	PGK1P1	processed_pseudogene	6	2	4	0.2726	0.0676	0.0731
ENSG00000228329.3	LINC01890	lncRNA	1	48	49	0.0296	0.0073	0.0079
ENSG00000228330.1	AL355355.1	processed_pseudogene	10	6	4	0.7151	0.1773	0.1918
ENSG00000228331.2	RPL17P43	processed_pseudogene	2	2	0	0.1935	0.0480	0.0519
ENSG00000228334.2	AC024028.1	lncRNA	0	0	0	0.0000	0.0000	0.0000
ENSG00000228335.1	AC073063.1	processed_pseudogene	21	19	11	1.9620	0.4865	0.5261
ENSG00000228336.2	OR9H1P	polymorphic_pseudogene	1	0	1	0.0116	0.0029	0.0031
ENSG00000228337.1	PPIAP69	processed_pseudogene	0	0	0	0.0000	0.0000	0.0000
ENSG00000228338.1	LINC01784	lncRNA	0	0	0	0.0000	0.0000	0.0000
ENSG00000228339.1	AMD1P1	processed_pseudogene	2	2	0	0.1230	0.0305	0.0330
ENSG00000228340.6	MIR646HG	lncRNA	81	37	44	0.1826	0.0453	0.0490
ENSG00000228341.1	AC002381.1	processed_pseudogene	0	0	0	0.0000	0.0000	0.0000
ENSG00000228343.1	AC115618.2	lncRNA	0	635	611	0.0000	0.0000	0.0000
ENSG00000228345.2	AC112492.2	processed_pseudogene	0	0	0	0.0000	0.0000	0.0000
ENSG00000228347.1	FTLP17	processed_pseudogene	2	1	1	0.2160	0.0536	0.0579
ENSG00000228348.1	EFCAB14P1	processed_pseudogene	0	0	0	0.0000	0.0000	0.0000
ENSG00000228349.1	RPS26P4	processed_pseudogene	0	0	0	0.0000	0.0000	0.0000
ENSG00000228350.1	LINC02585	lncRNA	23	12	11	6.6547	1.6503	1.7844
ENSG00000228351.3	AC018832.1	lncRNA	1	1	0	0.0430	0.0107	0.0115
ENSG00000228352.2	AL354989.1	lncRNA	9	4	5	0.8038	0.1993	0.2155
ENSG00000228353.1	AL450322.1	lncRNA	0	0	0	0.0000	0.0000	0.0000
ENSG00000228354.1	AL450023.1	processed_pseudogene	1	0	1	0.0755	0.0187	0.0202
ENSG00000228355.1	BX322559.1	lncRNA	0	0	0	0.0000	0.0000	0.0000
ENSG00000228358.6	LINC02263	lncRNA	13	4	9	0.0587	0.0146	0.0157
ENSG00000228360.1	AC009220.1	processed_pseudogene	1	1	0	0.2062	0.0511	0.0553
ENSG00000228361.2	AL606970.2	lncRNA	0	0	0	0.0000	0.0000	0.0000
ENSG00000228363.2	AC015971.1	lncRNA	20	1529	1463	0.3966	0.0983	0.1063
ENSG00000228364.1	SAR1AP1	processed_pseudogene	0	0	0	0.0000	0.0000	0.0000
ENSG00000228365.1	AL133351.1	lncRNA	0	0	0	0.0000	0.0000	0.0000
ENSG00000228366.1	AL592437.1	processed_pseudogene	0	0	0	0.0000	0.0000	0.0000
ENSG00000228367.3	AC108120.1	processed_pseudogene	0	0	0	0.0000	0.0000	0.0000
ENSG00000228368.1	AC106873.1	lncRNA	1	0	1	0.1236	0.0306	0.0331
ENSG00000228369.2	TXNDC12-AS1	lncRNA	2	0	2	0.2901	0.0719	0.0778
ENSG00000228372.8	SMIM10L2B-AS1	lncRNA	0	0	0	0.0000	0.0000	0.0000
ENSG00000228373.2	AL353752.1	processed_pseudogene	0	0	0	0.0000	0.0000	0.0000
ENSG00000228374.1	RPL9P13	processed_pseudogene	0	0	0	0.0000	0.0000	0.0000
ENSG00000228375.1	RPS20P25	processed_pseudogene	0	0	0	0.0000	0.0000	0.0000
ENSG00000228376.3	GAS2L1P2	transcribed_processed_pseudogene	1	0	1	0.0251	0.0062	0.0067
ENSG00000228379.1	AC010891.1	lncRNA	0	0	0	0.0000	0.0000	0.0000
ENSG00000228380.1	MYL6BP1	processed_pseudogene	0	0	0	0.0000	0.0000	0.0000
ENSG00000228382.1	ITPKB-IT1	lncRNA	1	1	0	0.0652	0.0162	0.0175
ENSG00000228383.7	FAM197Y7	lncRNA	0	0	0	0.0000	0.0000	0.0000
ENSG00000228384.4	AC007040.1	lncRNA	0	52	61	0.0000	0.0000	0.0000
ENSG00000228386.2	AL031668.1	lncRNA	1	0	1	0.0940	0.0233	0.0252
ENSG00000228391.1	AC011995.1	lncRNA	0	0	0	0.0000	0.0000	0.0000
ENSG00000228392.3	AL162391.1	lncRNA	0	0	0	0.0000	0.0000	0.0000
ENSG00000228393.4	LINC01004	lncRNA	114	56	58	4.3594	1.0811	1.1689
ENSG00000228395.2	AL356481.1	lncRNA	89	337	326	1.9824	0.4916	0.5315
ENSG00000228397.3	LINC01635	lncRNA	2	8	8	0.0714	0.0177	0.0192
ENSG00000228398.3	HMGN2P25	processed_pseudogene	1	1	0	0.2116	0.0525	0.0567
ENSG00000228399.1	AL109741.2	processed_pseudogene	3	1	2	0.4960	0.1230	0.1330
ENSG00000228400.2	AC079154.1	lncRNA	0	0	0	0.0000	0.0000	0.0000
ENSG00000228401.5	AL590226.1	lncRNA	3	1	2	0.1249	0.0310	0.0335
ENSG00000228403.1	AC035139.1	lncRNA	0	0	0	0.0000	0.0000	0.0000
ENSG00000228404.1	AP001468.1	lncRNA	0	16	12	0.0000	0.0000	0.0000
ENSG00000228407.2	AL139156.2	processed_pseudogene	7	2	5	1.1676	0.2895	0.3131
ENSG00000228408.6	AL031056.1	lncRNA	1	1	1	0.0199	0.0049	0.0053
ENSG00000228409.6	CCT6P1	transcribed_unprocessed_pseudogene	175	109	126	5.9427	1.4737	1.5934
ENSG00000228410.6	ELOCP24	processed_pseudogene	0	0	0	0.0000	0.0000	0.0000
ENSG00000228410.6_PAR_Y	ELOCP24	processed_pseudogene	0	0	0	0.0000	0.0000	0.0000
ENSG00000228411.1	CDY4P	processed_pseudogene	0	0	0	0.0000	0.0000	0.0000
ENSG00000228412.9	LNC-LBCS	lncRNA	18	6	12	0.0738	0.0183	0.0198
ENSG00000228413.1	AC024937.1	processed_pseudogene	1	0	1	0.1649	0.0409	0.0442
ENSG00000228414.7	LINC01185	lncRNA	5	3	2	0.0692	0.0172	0.0186
ENSG00000228415.3	PTMAP1	processed_pseudogene	4	0	4	0.6980	0.1731	0.1871
ENSG00000228417.1	AL360182.2	lncRNA	0	8	14	0.0000	0.0000	0.0000
ENSG00000228420.1	LINC01768	lncRNA	0	0	0	0.0000	0.0000	0.0000
ENSG00000228421.2	AC005013.1	lncRNA	38	100	117	3.6649	0.9089	0.9827
ENSG00000228422.5	LINC00687	lncRNA	0	0	0	0.0000	0.0000	0.0000
ENSG00000228423.2	AL357552.2	lncRNA	1	1	0	0.1607	0.0398	0.0431
ENSG00000228426.1	AL645634.1	lncRNA	0	0	0	0.0000	0.0000	0.0000
ENSG00000228427.3	AL590764.1	lncRNA	21	6	15	1.2751	0.3162	0.3419
ENSG00000228429.1	AC004910.1	processed_pseudogene	0	0	0	0.0000	0.0000	0.0000
ENSG00000228430.9	AL162726.3	transcribed_unprocessed_pseudogene	1	1	0	0.0128	0.0032	0.0034
ENSG00000228431.1	ARL5AP3	processed_pseudogene	0	0	0	0.0000	0.0000	0.0000
ENSG00000228432.1	DHFRP2	processed_pseudogene	0	0	0	0.0000	0.0000	0.0000
ENSG00000228433.2	OR7E23P	unprocessed_pseudogene	0	0	0	0.0000	0.0000	0.0000
ENSG00000228434.1	AC004951.1	lncRNA	9	6	8	0.2735	0.0678	0.0733
ENSG00000228436.3	AL139260.1	lncRNA	50	62	50	1.4149	0.3509	0.3794
ENSG00000228437.5	LINC02474	lncRNA	1	1	0	0.0415	0.0103	0.0111
ENSG00000228438.1	AL445567.1	processed_pseudogene	0	0	0	0.0000	0.0000	0.0000
ENSG00000228440.1	MTND5P6	unprocessed_pseudogene	0	0	0	0.0000	0.0000	0.0000
ENSG00000228444.2	AL137244.1	lncRNA	10	4	6	0.6556	0.1626	0.1758
ENSG00000228445.1	UGT1A2P	unprocessed_pseudogene	0	0	0	0.0000	0.0000	0.0000
ENSG00000228446.2	ANKRD49P1	processed_pseudogene	5	0	5	0.3971	0.0985	0.1065
ENSG00000228450.2	AL049734.1	processed_pseudogene	0	0	0	0.0000	0.0000	0.0000
ENSG00000228451.4	SDAD1P1	transcribed_processed_pseudogene	117	64	53	1.6642	0.4127	0.4462
ENSG00000228452.1	AC098484.1	lncRNA	0	26	26	0.0000	0.0000	0.0000
ENSG00000228453.1	RPS15AP9	processed_pseudogene	2	2	0	0.2977	0.0738	0.0798
ENSG00000228459.4	LINC01546	lncRNA	6	5	1	0.0753	0.0187	0.0202
ENSG00000228460.1	CYP2C59P	unprocessed_pseudogene	0	0	0	0.0000	0.0000	0.0000
ENSG00000228462.1	RPS19P7	processed_pseudogene	0	0	0	0.0000	0.0000	0.0000
ENSG00000228463.10	AP006222.1	transcribed_processed_pseudogene	30	25	21	0.2069	0.0513	0.0555
ENSG00000228464.1	AC073614.1	processed_pseudogene	0	0	0	0.0000	0.0000	0.0000
ENSG00000228465.1	TRAPPC2P10	unprocessed_pseudogene	0	0	0	0.0000	0.0000	0.0000
ENSG00000228466.1	TUBB4AP1	processed_pseudogene	0	0	0	0.0000	0.0000	0.0000
ENSG00000228467.2	AL845311.1	lncRNA	0	0	0	0.0000	0.0000	0.0000
ENSG00000228470.1	AL929236.1	lncRNA	5	2	3	0.5474	0.1357	0.1468
ENSG00000228471.1	AC018865.1	processed_pseudogene	0	0	0	0.0000	0.0000	0.0000
ENSG00000228473.1	LIN28AP2	processed_pseudogene	0	0	0	0.0000	0.0000	0.0000
ENSG00000228474.6	OST4	protein_coding	3355	2939	3087	317.1033	78.6384	85.0260
ENSG00000228476.2	CSTP1	transcribed_unprocessed_pseudogene	0	0	0	0.0000	0.0000	0.0000
ENSG00000228477.1	AL663070.1	processed_pseudogene	6	5	1	0.4693	0.1164	0.1258
ENSG00000228478.1	AL138885.2	lncRNA	0	0	0	0.0000	0.0000	0.0000
ENSG00000228480.1	AC130464.1	unprocessed_pseudogene	0	0	0	0.0000	0.0000	0.0000
ENSG00000228481.1	PRKCE-AS1	lncRNA	0	0	0	0.0000	0.0000	0.0000
ENSG00000228482.2	LINC01713	lncRNA	0	0	0	0.0000	0.0000	0.0000
ENSG00000228484.3	AL137025.1	lncRNA	13	7	6	0.2427	0.0602	0.0651
ENSG00000228485.1	GRK5-IT1	lncRNA	1	1	0	0.1418	0.0352	0.0380
ENSG00000228486.10	C2orf92	protein_coding	121	53	68	1.0555	0.2618	0.2830
ENSG00000228487.2	AL450263.1	lncRNA	29	57	54	2.5340	0.6284	0.6795
ENSG00000228488.1	AC092168.1	lncRNA	0	0	0	0.0000	0.0000	0.0000
ENSG00000228489.1	RPL21P50	processed_pseudogene	0	0	0	0.0000	0.0000	0.0000
ENSG00000228492.2	RAB11FIP1P1	processed_pseudogene	69	210	211	2.2208	0.5507	0.5955
ENSG00000228495.2	LINC01013	lncRNA	10	4	6	0.0836	0.0207	0.0224
ENSG00000228496.1	AC106875.1	lncRNA	0	0	0	0.0000	0.0000	0.0000
ENSG00000228499.1	TMSB10P1	processed_pseudogene	6	4	2	2.5777	0.6393	0.6912
ENSG00000228501.2	RPL15P18	processed_pseudogene	1	0	1	0.0927	0.0230	0.0248
ENSG00000228502.1	EEF1A1P11	processed_pseudogene	120	53	69	4.8993	1.2150	1.3137
ENSG00000228503.1	AL357558.1	lncRNA	1	0	1	0.1244	0.0308	0.0333
ENSG00000228504.1	LINC01760	lncRNA	0	0	0	0.0000	0.0000	0.0000
ENSG00000228505.5	AC011897.1	lncRNA	0	0	0	0.0000	0.0000	0.0000
ENSG00000228506.2	AL513550.1	lncRNA	196	169	182	4.2949	1.0651	1.1516
ENSG00000228507.1	DAP3P2	processed_pseudogene	6	3	3	0.6672	0.1655	0.1789
ENSG00000228509.6	AC006460.1	lncRNA	78	392	393	0.7675	0.1903	0.2058
ENSG00000228510.2	AL359091.2	processed_pseudogene	18	5	13	0.5887	0.1460	0.1578
ENSG00000228513.1	AC023271.2	processed_pseudogene	6	2	6	0.3122	0.0774	0.0837
ENSG00000228517.3	CT47A7	protein_coding	0	0	0	0.0000	0.0000	0.0000
ENSG00000228518.1	SURF6P1	processed_pseudogene	0	0	0	0.0000	0.0000	0.0000
ENSG00000228519.3	RANBP1P1	processed_pseudogene	10	2	8	0.9358	0.2321	0.2509
ENSG00000228521.2	AC099552.3	lncRNA	0	0	0	0.0000	0.0000	0.0000
ENSG00000228522.2	AL845321.1	transcribed_unprocessed_pseudogene	1	1	0	0.0650	0.0161	0.0174
ENSG00000228523.1	DNAJB6P4	processed_pseudogene	0	0	0	0.0000	0.0000	0.0000
ENSG00000228525.1	AL353689.1	processed_pseudogene	0	0	0	0.0000	0.0000	0.0000
ENSG00000228526.7	MIR34AHG	lncRNA	271	152	155	1.7661	0.4380	0.4735
ENSG00000228527.1	AC016396.1	lncRNA	1	1	0	0.1729	0.0429	0.0464
ENSG00000228528.2	AC068057.1	lncRNA	0	0	0	0.0000	0.0000	0.0000
ENSG00000228530.1	AL445687.1	processed_pseudogene	0	0	0	0.0000	0.0000	0.0000
ENSG00000228532.4	SUMO2P21	processed_pseudogene	9	5	4	1.7722	0.4395	0.4752
ENSG00000228536.3	LYPLAL1-AS1	lncRNA	16	9	7	0.3198	0.0793	0.0858
ENSG00000228538.7	AC009411.1	lncRNA	0	0	0	0.0000	0.0000	0.0000
ENSG00000228539.1	AL157413.1	lncRNA	2	2	0	0.1378	0.0342	0.0370
ENSG00000228540.1	AC073326.1	lncRNA	3	2	1	0.3054	0.0757	0.0819
ENSG00000228541.1	AC093159.1	lncRNA	1	1	0	0.1337	0.0332	0.0359
ENSG00000228543.1	AC003684.1	lncRNA	0	0	0	0.0000	0.0000	0.0000
ENSG00000228544.1	CCDC183-AS1	lncRNA	161	274	267	3.8266	0.9490	1.0260
ENSG00000228546.2	PMS2P12	unprocessed_pseudogene	9	5	4	1.3647	0.3384	0.3659
ENSG00000228547.5	OR7E26P	unprocessed_pseudogene	0	0	0	0.0000	0.0000	0.0000
ENSG00000228548.1	ITPKB-AS1	lncRNA	0	0	0	0.0000	0.0000	0.0000
ENSG00000228549.4	BX284668.2	lncRNA	24	19	5	0.4133	0.1025	0.1108
ENSG00000228550.1	AC073583.1	processed_pseudogene	0	0	0	0.0000	0.0000	0.0000
ENSG00000228551.1	SNRPGP9	processed_pseudogene	0	0	0	0.0000	0.0000	0.0000
ENSG00000228553.1	AL389885.1	lncRNA	0	0	0	0.0000	0.0000	0.0000
ENSG00000228554.1	AC004837.2	lncRNA	23	13	13	1.7843	0.4425	0.4784
ENSG00000228557.1	HSPA8P17	processed_pseudogene	0	0	0	0.0000	0.0000	0.0000
ENSG00000228559.2	AL033519.4	lncRNA	41	23	18	1.3092	0.3247	0.3510
ENSG00000228560.1	AL513323.1	lncRNA	0	0	0	0.0000	0.0000	0.0000
ENSG00000228561.2	AC026355.2	lncRNA	46	20	26	4.4441	1.1021	1.1916
ENSG00000228563.1	AL133247.1	lncRNA	0	0	0	0.0000	0.0000	0.0000
ENSG00000228564.2	LINC01005	lncRNA	0	0	0	0.0000	0.0000	0.0000
ENSG00000228566.2	AC013287.1	lncRNA	3	1	2	0.0578	0.0143	0.0155
ENSG00000228567.3	VN1R4	protein_coding	0	0	0	0.0000	0.0000	0.0000
ENSG00000228568.1	RPS15AP13	processed_pseudogene	1	1	0	0.1740	0.0431	0.0466
ENSG00000228570.7	NUTM2E	protein_coding	3	1	2	0.0469	0.0116	0.0126
ENSG00000228571.1	HSFY7P	unprocessed_pseudogene	0	0	0	0.0000	0.0000	0.0000
ENSG00000228572.7	AL954722.1	unprocessed_pseudogene	0	0	0	0.0000	0.0000	0.0000
ENSG00000228572.7_PAR_Y	AL954722.1	unprocessed_pseudogene	0	0	0	0.0000	0.0000	0.0000
ENSG00000228573.1	AL138962.1	lncRNA	0	0	0	0.0000	0.0000	0.0000
ENSG00000228577.1	AC010731.1	lncRNA	0	0	0	0.0000	0.0000	0.0000
ENSG00000228578.1	TUBB1P2	unprocessed_pseudogene	0	0	0	0.0000	0.0000	0.0000
ENSG00000228585.1	AC073143.1	processed_pseudogene	0	0	0	0.0000	0.0000	0.0000
ENSG00000228586.1	AC005042.1	lncRNA	0	0	0	0.0000	0.0000	0.0000
ENSG00000228587.1	AL049748.1	lncRNA	0	0	0	0.0000	0.0000	0.0000
ENSG00000228589.3	SPCS2P4	processed_pseudogene	23	13	10	1.9153	0.4750	0.5136
ENSG00000228590.2	MIR4432HG	lncRNA	0	0	0	0.0000	0.0000	0.0000
ENSG00000228592.2	D21S2088E	lncRNA	0	0	0	0.0000	0.0000	0.0000
ENSG00000228593.1	CFTRP1	unprocessed_pseudogene	0	0	0	0.0000	0.0000	0.0000
ENSG00000228594.4	FNDC10	protein_coding	1243	626	618	33.1876	8.2302	8.8987
ENSG00000228595.1	PAICSP2	processed_pseudogene	0	0	0	0.0000	0.0000	0.0000
ENSG00000228596.1	AC013436.1	lncRNA	0	0	0	0.0000	0.0000	0.0000
ENSG00000228597.1	MTND4P1	processed_pseudogene	0	0	0	0.0000	0.0000	0.0000
ENSG00000228598.1	MACC1-AS1	lncRNA	1	1	0	0.0887	0.0220	0.0238
ENSG00000228599.1	RPL7P52	processed_pseudogene	0	0	0	0.0000	0.0000	0.0000
ENSG00000228600.1	POLR2CP1	processed_pseudogene	5	3	2	0.3707	0.0919	0.0994
ENSG00000228601.1	RPL39P	processed_pseudogene	0	11	14	0.0000	0.0000	0.0000
ENSG00000228604.3	AL121759.1	lncRNA	0	5	5	0.0000	0.0000	0.0000
ENSG00000228606.3	AL139011.1	lncRNA	10	249	257	0.4127	0.1024	0.1107
ENSG00000228607.2	CLDN25	protein_coding	0	0	0	0.0000	0.0000	0.0000
ENSG00000228610.1	PDCL2P1	processed_pseudogene	0	0	0	0.0000	0.0000	0.0000
ENSG00000228611.2	HNF4GP1	processed_pseudogene	0	0	0	0.0000	0.0000	0.0000
ENSG00000228612.2	HK2P1	processed_pseudogene	1	0	1	0.0207	0.0051	0.0056
ENSG00000228613.1	AC141930.1	lncRNA	291	150	144	20.9957	5.2067	5.6296
ENSG00000228615.1	CENPNP2	processed_pseudogene	0	0	0	0.0000	0.0000	0.0000
ENSG00000228618.1	AC012462.2	lncRNA	0	0	0	0.0000	0.0000	0.0000
ENSG00000228620.1	Z97056.1	lncRNA	0	0	0	0.0000	0.0000	0.0000
ENSG00000228622.1	Z82198.1	lncRNA	0	1	0	0.0000	0.0000	0.0000
ENSG00000228623.6	ZNF883	transcribed_unprocessed_pseudogene	4	2	2	0.0403	0.0100	0.0108
ENSG00000228624.7	HDAC2-AS2	lncRNA	31	17	20	0.2180	0.0541	0.0585
ENSG00000228625.1	AL451047.1	lncRNA	1	1	0	0.0697	0.0173	0.0187
ENSG00000228626.1	AC245100.3	unprocessed_pseudogene	1	1	0	0.1990	0.0493	0.0534
ENSG00000228627.2	AC009468.1	lncRNA	0	0	0	0.0000	0.0000	0.0000
ENSG00000228629.2	AC092295.1	lncRNA	6	5	4	0.7840	0.1944	0.2102
ENSG00000228630.5	HOTAIR	lncRNA	2	2	0	0.0436	0.0108	0.0117
ENSG00000228634.1	AL136115.1	lncRNA	19	10	9	2.0841	0.5168	0.5588
ENSG00000228636.3	LINC02663	lncRNA	0	0	0	0.0000	0.0000	0.0000
ENSG00000228638.1	FCF1P2	transcribed_processed_pseudogene	0	0	0	0.0000	0.0000	0.0000
ENSG00000228639.8	ROCR	lncRNA	7	5	2	0.1107	0.0275	0.0297
ENSG00000228643.1	AC079779.2	lncRNA	0	0	1	0.0000	0.0000	0.0000
ENSG00000228645.2	PHKG1P2	processed_pseudogene	0	0	0	0.0000	0.0000	0.0000
ENSG00000228646.3	RPL31P13	processed_pseudogene	0	0	0	0.0000	0.0000	0.0000
ENSG00000228648.1	AL353747.2	lncRNA	0	0	0	0.0000	0.0000	0.0000
ENSG00000228649.9	SNHG26	lncRNA	62	30	35	0.5897	0.1462	0.1581
ENSG00000228650.2	AC008940.1	lncRNA	1	0	1	0.0722	0.0179	0.0194
ENSG00000228653.2	HNRNPCP7	processed_pseudogene	24	16	12	1.5039	0.3730	0.4032
ENSG00000228655.7	AC079793.1	lncRNA	4	2	2	0.0675	0.0167	0.0181
ENSG00000228656.1	MYO5BP3	processed_pseudogene	0	0	0	0.0000	0.0000	0.0000
ENSG00000228657.1	RPL23AP58	processed_pseudogene	2	1	1	0.2418	0.0600	0.0648
ENSG00000228658.1	AL772202.1	lncRNA	2	1	1	0.2901	0.0719	0.0778
ENSG00000228659.1	LINC01201	lncRNA	0	0	0	0.0000	0.0000	0.0000
ENSG00000228660.1	VN1R35P	transcribed_unprocessed_pseudogene	0	0	0	0.0000	0.0000	0.0000
ENSG00000228661.1	STIM1-AS1	lncRNA	7	25	28	0.8036	0.1993	0.2155
ENSG00000228663.1	PSMD10P1	processed_pseudogene	29	17	12	2.4150	0.5989	0.6475
ENSG00000228664.1	AL513480.1	processed_pseudogene	0	0	0	0.0000	0.0000	0.0000
ENSG00000228665.2	BX679664.1	processed_pseudogene	0	0	0	0.0000	0.0000	0.0000
ENSG00000228666.1	KRT18P1	processed_pseudogene	0	0	0	0.0000	0.0000	0.0000
ENSG00000228667.1	AL157385.1	processed_pseudogene	1	0	1	0.2116	0.0525	0.0567
ENSG00000228668.1	TRGV5P	TR_V_pseudogene	11	4	8	1.7622	0.4370	0.4725
ENSG00000228669.2	LINC00448	lncRNA	0	0	0	0.0000	0.0000	0.0000
ENSG00000228670.4	NANOGP2	processed_pseudogene	0	0	0	0.0000	0.0000	0.0000
ENSG00000228672.4	PROB1	protein_coding	462	235	227	5.8055	1.4397	1.5566
ENSG00000228674.4	PPIAP59	processed_pseudogene	0	0	0	0.0000	0.0000	0.0000
ENSG00000228675.1	AC006482.1	lncRNA	0	0	0	0.0000	0.0000	0.0000
ENSG00000228677.1	TTC3-AS1	lncRNA	7	407	378	0.3619	0.0897	0.0970
ENSG00000228679.1	AL034347.1	lncRNA	1	1	0	0.0679	0.0168	0.0182
ENSG00000228680.1	AC004692.2	lncRNA	0	0	0	0.0000	0.0000	0.0000
ENSG00000228681.1	AC008072.1	processed_pseudogene	0	0	0	0.0000	0.0000	0.0000
ENSG00000228683.1	AC016820.1	lncRNA	3	2	1	0.2938	0.0729	0.0788
ENSG00000228685.1	AL365356.2	processed_pseudogene	1	1	0	0.2893	0.0718	0.0776
ENSG00000228686.2	AL590723.1	lncRNA	10	5	5	0.9016	0.2236	0.2417
ENSG00000228687.1	AL035407.2	unprocessed_pseudogene	0	0	0	0.0000	0.0000	0.0000
ENSG00000228688.1	COL11A2P1	unprocessed_pseudogene	0	0	0	0.0000	0.0000	0.0000
ENSG00000228689.8	AL355997.1	lncRNA	0	0	0	0.0000	0.0000	0.0000
ENSG00000228692.2	AL445307.1	lncRNA	1	1	0	0.0942	0.0234	0.0253
ENSG00000228694.1	MTND4P18	processed_pseudogene	0	0	0	0.0000	0.0000	0.0000
ENSG00000228695.10	CES1P1	transcribed_unprocessed_pseudogene	0	1	1	0.0000	0.0000	0.0000
ENSG00000228696.10	ARL17B	protein_coding	101	46	64	0.5558	0.1378	0.1490
ENSG00000228697.4	AL023755.1	lncRNA	0	0	0	0.0000	0.0000	0.0000
ENSG00000228700.1	AC010655.1	processed_pseudogene	0	0	0	0.0000	0.0000	0.0000
ENSG00000228701.2	TNKS2-AS1	lncRNA	11	6	5	0.6257	0.1552	0.1678
ENSG00000228702.1	AL645998.1	processed_pseudogene	3	1	2	0.4931	0.1223	0.1322
ENSG00000228703.1	AL355310.2	lncRNA	0	267	265	0.0000	0.0000	0.0000
ENSG00000228705.2	LINC00659	lncRNA	0	0	0	0.0000	0.0000	0.0000
ENSG00000228707.1	AL691426.1	lncRNA	0	0	0	0.0000	0.0000	0.0000
ENSG00000228708.1	AL109763.1	lncRNA	0	0	0	0.0000	0.0000	0.0000
ENSG00000228709.1	LINC02575	lncRNA	7	3	4	0.4353	0.1079	0.1167
ENSG00000228711.1	AC004006.1	processed_pseudogene	0	0	0	0.0000	0.0000	0.0000
ENSG00000228714.4	AL691420.1	lncRNA	2	0	2	0.0380	0.0094	0.0102
ENSG00000228716.7	DHFR	protein_coding	3118	1623	1553	40.0865	9.9411	10.7485
ENSG00000228717.1	AF013593.1	processed_pseudogene	0	0	0	0.0000	0.0000	0.0000
ENSG00000228718.2	LINC02521	lncRNA	6	1	6	0.1858	0.0461	0.0498
ENSG00000228719.1	AL022313.2	lncRNA	1	0	1	0.1524	0.0378	0.0409
ENSG00000228721.1	AC016909.1	processed_pseudogene	0	0	0	0.0000	0.0000	0.0000
ENSG00000228723.6	SRGAP3-AS2	lncRNA	0	0	0	0.0000	0.0000	0.0000
ENSG00000228725.3	MTND2P12	unprocessed_pseudogene	0	0	0	0.0000	0.0000	0.0000
ENSG00000228727.9	SAPCD1	protein_coding	1	0	1	0.0417	0.0103	0.0112
ENSG00000228728.1	PPIAP91	processed_pseudogene	5	1	4	0.5740	0.1423	0.1539
ENSG00000228729.1	AL627308.1	processed_pseudogene	0	0	0	0.0000	0.0000	0.0000
ENSG00000228730.2	LINC02013	lncRNA	0	0	0	0.0000	0.0000	0.0000
ENSG00000228734.2	AC096543.2	lncRNA	0	0	0	0.0000	0.0000	0.0000
ENSG00000228735.1	AC011228.1	lncRNA	0	0	0	0.0000	0.0000	0.0000
ENSG00000228737.2	AC008781.1	lncRNA	1	377	406	0.0913	0.0226	0.0245
ENSG00000228739.1	AL162384.1	lncRNA	0	0	0	0.0000	0.0000	0.0000
ENSG00000228740.3	GABRG3-AS1	lncRNA	0	0	0	0.0000	0.0000	0.0000
ENSG00000228741.2	AL445985.1	lncRNA	16	5	11	0.5272	0.1307	0.1414
ENSG00000228742.11	LINC02577	lncRNA	5	5	1	0.0629	0.0156	0.0169
ENSG00000228744.1	RPS3AP30	processed_pseudogene	1	1	0	0.0669	0.0166	0.0179
ENSG00000228748.2	AL450306.1	lncRNA	32	1684	1806	0.5138	0.1274	0.1378
ENSG00000228750.7	LINC01672	lncRNA	1	0	1	0.0259	0.0064	0.0069
ENSG00000228751.1	AC004022.1	processed_pseudogene	3	0	3	0.1596	0.0396	0.0428
ENSG00000228753.1	EIF4BP2	processed_pseudogene	3	0	3	0.0948	0.0235	0.0254
ENSG00000228754.1	RPL13AP19	processed_pseudogene	1	1	0	0.0971	0.0241	0.0260
ENSG00000228755.1	PABPC1P8	processed_pseudogene	0	0	0	0.0000	0.0000	0.0000
ENSG00000228757.1	AC244452.1	unprocessed_pseudogene	0	0	0	0.0000	0.0000	0.0000
ENSG00000228759.1	FAF2P1	processed_pseudogene	0	0	0	0.0000	0.0000	0.0000
ENSG00000228763.1	LIMS1-AS1	lncRNA	13	7	6	1.5456	0.3833	0.4144
ENSG00000228764.1	ZNF885P	processed_pseudogene	0	0	0	0.0000	0.0000	0.0000
ENSG00000228766.3	RPL7L1P8	processed_pseudogene	0	0	0	0.0000	0.0000	0.0000
ENSG00000228767.1	KRT8P18	processed_pseudogene	5	4	1	0.1962	0.0487	0.0526
ENSG00000228768.3	AC003101.1	lncRNA	1	0	1	0.1236	0.0306	0.0331
ENSG00000228769.1	ABCF2P2	unprocessed_pseudogene	0	0	0	0.0000	0.0000	0.0000
ENSG00000228770.1	AC007327.1	processed_pseudogene	0	0	0	0.0000	0.0000	0.0000
ENSG00000228771.1	BX510359.3	unprocessed_pseudogene	0	0	0	0.0000	0.0000	0.0000
ENSG00000228772.2	AL033539.1	lncRNA	0	0	0	0.0000	0.0000	0.0000
ENSG00000228775.8	WEE2-AS1	lncRNA	96	80	61	0.8152	0.2022	0.2186
ENSG00000228776.2	AC114492.1	processed_pseudogene	0	0	0	0.0000	0.0000	0.0000
ENSG00000228777.2	LINC02534	lncRNA	0	0	0	0.0000	0.0000	0.0000
ENSG00000228778.2	AL513542.1	lncRNA	0	0	0	0.0000	0.0000	0.0000
ENSG00000228779.1	Z69666.1	lncRNA	4	3	1	0.2832	0.0702	0.0759
ENSG00000228780.2	Z92545.1	processed_pseudogene	0	0	0	0.0000	0.0000	0.0000
ENSG00000228781.1	AL353705.1	processed_pseudogene	0	0	0	0.0000	0.0000	0.0000
ENSG00000228782.7	MRPL45P2	transcribed_unprocessed_pseudogene	208	110	98	5.6223	1.3943	1.5075
ENSG00000228783.1	H3P29	processed_pseudogene	0	0	0	0.0000	0.0000	0.0000
ENSG00000228784.9	LINC00954	lncRNA	22	8	14	0.1922	0.0477	0.0515
ENSG00000228786.5	LINC00266-4P	lncRNA	0	0	0	0.0000	0.0000	0.0000
ENSG00000228787.1	NLGN4Y-AS1	lncRNA	0	0	0	0.0000	0.0000	0.0000
ENSG00000228789.8	HCG22	transcribed_unitary_pseudogene	0	2	1	0.0000	0.0000	0.0000
ENSG00000228790.1	AC245128.2	unprocessed_pseudogene	0	0	0	0.0000	0.0000	0.0000
ENSG00000228791.8	THRB-AS1	lncRNA	13	13	15	0.0962	0.0239	0.0258
ENSG00000228792.3	AL356310.1	lncRNA	1	0	1	0.0715	0.0177	0.0192
ENSG00000228793.2	AL033523.1	lncRNA	17	4	13	0.0624	0.0155	0.0167
ENSG00000228794.10	LINC01128	lncRNA	1200	623	631	4.3395	1.0762	1.1636
ENSG00000228797.2	FAM207BP	processed_pseudogene	9	4	5	1.0107	0.2506	0.2710
ENSG00000228799.6	LINC01939	lncRNA	20	6	14	0.6954	0.1725	0.1865
ENSG00000228800.1	AL590068.1	lncRNA	0	1	0	0.0000	0.0000	0.0000
ENSG00000228801.6	AC064807.1	lncRNA	463	231	232	5.4554	1.3529	1.4628
ENSG00000228802.1	AC073641.1	lncRNA	0	91	72	0.0000	0.0000	0.0000
ENSG00000228803.1	MTCYBP42	processed_pseudogene	0	0	0	0.0000	0.0000	0.0000
ENSG00000228804.5	AC072022.1	lncRNA	8	238	242	0.6327	0.1569	0.1697
ENSG00000228806.1	AC092628.1	unprocessed_pseudogene	0	0	0	0.0000	0.0000	0.0000
ENSG00000228807.1	MRPS18CP6	processed_pseudogene	6	2	4	1.5258	0.3784	0.4091
ENSG00000228808.1	HMGB3P4	processed_pseudogene	6	4	2	0.6620	0.1642	0.1775
ENSG00000228809.2	AL034428.1	lncRNA	1	0	1	0.0334	0.0083	0.0089
ENSG00000228810.1	PABPC1P11	processed_pseudogene	0	0	0	0.0000	0.0000	0.0000
ENSG00000228812.7	LAMA5-AS1	lncRNA	0	68	69	0.0000	0.0000	0.0000
ENSG00000228814.4	AC017007.1	transcribed_processed_pseudogene	0	0	0	0.0000	0.0000	0.0000
ENSG00000228815.1	MARK2P13	processed_pseudogene	0	0	0	0.0000	0.0000	0.0000
ENSG00000228816.1	AK3P5	processed_pseudogene	2	1	1	0.2185	0.0542	0.0586
ENSG00000228817.4	BACH1-IT2	lncRNA	3	3	0	0.1318	0.0327	0.0353
ENSG00000228818.1	AL359918.1	processed_pseudogene	4	3	1	0.0834	0.0207	0.0224
ENSG00000228819.1	AL049792.1	processed_pseudogene	0	0	0	0.0000	0.0000	0.0000
ENSG00000228820.2	RPSAP1	processed_pseudogene	0	0	0	0.0000	0.0000	0.0000
ENSG00000228823.1	AL592309.1	unprocessed_pseudogene	0	0	0	0.0000	0.0000	0.0000
ENSG00000228824.7	MIR4500HG	lncRNA	9	5	4	0.0316	0.0078	0.0085
ENSG00000228825.1	LAMTOR3P1	processed_pseudogene	0	0	0	0.0000	0.0000	0.0000
ENSG00000228826.3	AL592494.1	lncRNA	0	0	0	0.0000	0.0000	0.0000
ENSG00000228827.1	AL929410.1	unprocessed_pseudogene	0	0	0	0.0000	0.0000	0.0000
ENSG00000228828.1	TLK2P2	processed_pseudogene	8	5	3	0.2025	0.0502	0.0543
ENSG00000228829.1	AC005077.3	transcribed_unprocessed_pseudogene	1	0	1	0.1533	0.0380	0.0411
ENSG00000228830.1	AL160408.2	lncRNA	0	2975	2981	0.0000	0.0000	0.0000
ENSG00000228833.1	AC244098.2	unprocessed_pseudogene	0	0	0	0.0000	0.0000	0.0000
ENSG00000228834.1	ATP5MFP2	processed_pseudogene	0	0	0	0.0000	0.0000	0.0000
ENSG00000228835.1	AC012123.1	lncRNA	0	0	1	0.0000	0.0000	0.0000
ENSG00000228836.8	CT45A5	protein_coding	0	0	0	0.0000	0.0000	0.0000
ENSG00000228837.2	CBX3P6	processed_pseudogene	0	0	0	0.0000	0.0000	0.0000
ENSG00000228838.1	AL355483.1	lncRNA	0	12	11	0.0000	0.0000	0.0000
ENSG00000228839.5	PIK3IP1-DT	lncRNA	21	18	17	1.9146	0.4748	0.5134
ENSG00000228842.3	PCDH9-AS2	lncRNA	0	0	0	0.0000	0.0000	0.0000
ENSG00000228843.2	AL133410.2	lncRNA	0	57	72	0.0000	0.0000	0.0000
ENSG00000228844.1	AL358176.3	processed_pseudogene	1	1	0	0.1249	0.0310	0.0335
ENSG00000228847.1	ATP5MC2P4	processed_pseudogene	3	2	1	0.4051	0.1005	0.1086
ENSG00000228848.3	RPS20P13	processed_pseudogene	0	0	0	0.0000	0.0000	0.0000
ENSG00000228850.1	CDY12P	unprocessed_pseudogene	0	0	0	0.0000	0.0000	0.0000
ENSG00000228851.1	MTCO3P4	unprocessed_pseudogene	0	0	0	0.0000	0.0000	0.0000
ENSG00000228852.6	AC092802.2	lncRNA	22	13	9	0.8798	0.2182	0.2359
ENSG00000228853.1	NEGR1-IT1	lncRNA	0	0	0	0.0000	0.0000	0.0000
ENSG00000228855.1	AL009048.1	processed_pseudogene	0	0	0	0.0000	0.0000	0.0000
ENSG00000228856.3	USP17L30	protein_coding	0	0	0	0.0000	0.0000	0.0000
ENSG00000228857.2	AC104653.1	lncRNA	6	3	3	0.5071	0.1258	0.1360
ENSG00000228860.1	AL731547.1	processed_pseudogene	0	0	0	0.0000	0.0000	0.0000
ENSG00000228861.5	RPL23AP12	processed_pseudogene	0	0	0	0.0000	0.0000	0.0000
ENSG00000228862.4	AC068389.1	lncRNA	0	0	0	0.0000	0.0000	0.0000
ENSG00000228863.8	AL121985.1	lncRNA	1	225	240	0.0138	0.0034	0.0037
ENSG00000228868.3	MYLKP1	unprocessed_pseudogene	0	0	0	0.0000	0.0000	0.0000
ENSG00000228869.1	COX4I1P2	processed_pseudogene	0	0	0	0.0000	0.0000	0.0000
ENSG00000228872.2	CSP1	processed_pseudogene	0	0	0	0.0000	0.0000	0.0000
ENSG00000228873.1	AC012307.1	lncRNA	0	0	0	0.0000	0.0000	0.0000
ENSG00000228874.1	AC090954.1	processed_pseudogene	1	0	1	0.1571	0.0390	0.0421
ENSG00000228876.4	AC010745.2	lncRNA	0	0	1	0.0000	0.0000	0.0000
ENSG00000228877.2	AL669970.3	lncRNA	1	0	1	0.1325	0.0329	0.0355
ENSG00000228878.8	SEPTIN7-DT	lncRNA	176	83	94	2.4279	0.6021	0.6510
ENSG00000228879.1	RPL35AP6	processed_pseudogene	4	1	3	0.7045	0.1747	0.1889
ENSG00000228882.1	CICP9	processed_pseudogene	0	0	0	0.0000	0.0000	0.0000
ENSG00000228884.2	RPL23AP26	processed_pseudogene	0	0	0	0.0000	0.0000	0.0000
ENSG00000228886.1	AL138963.1	lncRNA	1	0	1	0.1829	0.0454	0.0491
ENSG00000228887.3	EEF1DP1	processed_pseudogene	56	30	26	3.5444	0.8790	0.9504
ENSG00000228888.1	LINC01428	lncRNA	0	0	0	0.0000	0.0000	0.0000
ENSG00000228889.7	UBAC2-AS1	lncRNA	98	44	55	2.1148	0.5244	0.5670
ENSG00000228890.1	TTTY21	lncRNA	0	0	0	0.0000	0.0000	0.0000
ENSG00000228897.1	AC012441.2	processed_pseudogene	1	0	1	0.0767	0.0190	0.0206
ENSG00000228898.1	MTCO1P43	unprocessed_pseudogene	0	0	0	0.0000	0.0000	0.0000
ENSG00000228901.3	HMGN2P36	processed_pseudogene	0	0	0	0.0000	0.0000	0.0000
ENSG00000228902.1	ST6GALNAC2P1	processed_pseudogene	0	0	0	0.0000	0.0000	0.0000
ENSG00000228903.7	RASA4CP	transcribed_unprocessed_pseudogene	150	123	146	2.0973	0.5201	0.5623
ENSG00000228906.1	AL353804.1	lncRNA	21	8	13	2.6406	0.6548	0.7080
ENSG00000228909.2	LINC01803	lncRNA	0	0	0	0.0000	0.0000	0.0000
ENSG00000228914.2	OR1H1P	unprocessed_pseudogene	0	0	0	0.0000	0.0000	0.0000
ENSG00000228915.3	OR7E128P	unprocessed_pseudogene	1	1	0	0.0554	0.0137	0.0148
ENSG00000228917.1	NECTIN4-AS1	lncRNA	2	2	0	0.1023	0.0254	0.0274
ENSG00000228918.4	LINC01344	lncRNA	20	11	9	0.1702	0.0422	0.0456
ENSG00000228919.5	AC097381.1	lncRNA	0	5	6	0.0000	0.0000	0.0000
ENSG00000228922.1	AC234771.2	unprocessed_pseudogene	0	0	0	0.0000	0.0000	0.0000
ENSG00000228923.1	AP000355.1	lncRNA	0	0	0	0.0000	0.0000	0.0000
ENSG00000228925.1	AC016722.2	lncRNA	11	415	370	0.3400	0.0843	0.0912
ENSG00000228927.10	TSPY3	protein_coding	0	0	0	0.0000	0.0000	0.0000
ENSG00000228928.1	KPNA2P2	processed_pseudogene	0	0	0	0.0000	0.0000	0.0000
ENSG00000228929.1	RPS13P2	processed_pseudogene	20	5	15	2.4927	0.6182	0.6684
ENSG00000228930.1	MTCO1P3	processed_pseudogene	0	0	0	0.0000	0.0000	0.0000
ENSG00000228933.8	AC107419.1	lncRNA	1	1	0	0.0083	0.0021	0.0022
ENSG00000228935.1	AL353132.1	processed_pseudogene	16	7	9	0.4441	0.1101	0.1191
ENSG00000228937.1	MTA3P1	processed_pseudogene	0	0	0	0.0000	0.0000	0.0000
ENSG00000228938.3	SNRPD2P1	processed_pseudogene	0	0	0	0.0000	0.0000	0.0000
ENSG00000228939.1	AKT3-IT1	lncRNA	2	1	1	0.2194	0.0544	0.0588
ENSG00000228940.1	AL391730.1	unprocessed_pseudogene	0	0	0	0.0000	0.0000	0.0000
ENSG00000228941.1	UBE3AP2	processed_pseudogene	0	0	0	0.0000	0.0000	0.0000
ENSG00000228943.1	AL137792.2	processed_pseudogene	0	0	0	0.0000	0.0000	0.0000
ENSG00000228944.1	AC004485.1	lncRNA	0	0	0	0.0000	0.0000	0.0000
ENSG00000228945.3	CLUHP2	unprocessed_pseudogene	0	0	0	0.0000	0.0000	0.0000
ENSG00000228948.2	SLC25A6P5	processed_pseudogene	0	0	0	0.0000	0.0000	0.0000
ENSG00000228949.1	UGT1A12P	unprocessed_pseudogene	0	0	0	0.0000	0.0000	0.0000
ENSG00000228950.1	AC023137.1	lncRNA	5	4	1	0.9206	0.2283	0.2468
ENSG00000228952.1	LINC02041	lncRNA	0	0	0	0.0000	0.0000	0.0000
ENSG00000228953.1	AC006026.2	processed_pseudogene	0	0	0	0.0000	0.0000	0.0000
ENSG00000228955.2	AL591623.2	processed_pseudogene	1	0	1	0.2555	0.0633	0.0685
ENSG00000228956.8	SATB1-AS1	lncRNA	43	19	24	0.1806	0.0448	0.0484
ENSG00000228957.1	AL512590.1	unprocessed_pseudogene	0	0	0	0.0000	0.0000	0.0000
ENSG00000228958.1	PIGPP3	processed_pseudogene	0	0	0	0.0000	0.0000	0.0000
ENSG00000228959.1	AL049812.3	lncRNA	9	5	4	1.2240	0.3035	0.3282
ENSG00000228960.6	OR2A9P	transcribed_unprocessed_pseudogene	36	25	16	0.6118	0.1517	0.1640
ENSG00000228961.1	LINC01690	lncRNA	1	0	1	0.0985	0.0244	0.0264
ENSG00000228963.3	OR7E93P	unprocessed_pseudogene	0	0	0	0.0000	0.0000	0.0000
ENSG00000228965.1	RPSAP60	processed_pseudogene	0	0	0	0.0000	0.0000	0.0000
ENSG00000228966.2	HOMER2P1	processed_pseudogene	1	1	0	0.0588	0.0146	0.0158
ENSG00000228968.1	AC096554.1	lncRNA	0	0	0	0.0000	0.0000	0.0000
ENSG00000228970.6	UBTFL6	unprocessed_pseudogene	7	5	2	0.3877	0.0961	0.1039
ENSG00000228971.3	LINC02607	lncRNA	16	11	5	0.1311	0.0325	0.0352
ENSG00000228973.1	AC009955.1	lncRNA	0	0	0	0.0000	0.0000	0.0000
ENSG00000228974.5	AC006483.1	processed_pseudogene	0	0	0	0.0000	0.0000	0.0000
ENSG00000228976.1	SUMO2P8	processed_pseudogene	0	0	0	0.0000	0.0000	0.0000
ENSG00000228979.4	PPIAP55	processed_pseudogene	4	2	2	0.4629	0.1148	0.1241
ENSG00000228980.4	LINC01205	lncRNA	0	0	0	0.0000	0.0000	0.0000
ENSG00000228981.3	AC097658.1	processed_pseudogene	7	2	5	0.4709	0.1168	0.1263
ENSG00000228982.1	AL627095.1	unprocessed_pseudogene	0	0	0	0.0000	0.0000	0.0000
ENSG00000228983.9	SLC47A1P1	transcribed_unprocessed_pseudogene	0	0	0	0.0000	0.0000	0.0000
ENSG00000228984.3	AC021451.1	processed_pseudogene	0	0	0	0.0000	0.0000	0.0000
ENSG00000228985.1	TRDD3	TR_D_gene	0	0	0	0.0000	0.0000	0.0000
ENSG00000228986.1	AC234781.3	processed_pseudogene	2	1	1	0.1166	0.0289	0.0313
ENSG00000228988.1	AL353771.1	lncRNA	0	0	0	0.0000	0.0000	0.0000
ENSG00000228992.2	RPL5P32	processed_pseudogene	1	0	1	0.0645	0.0160	0.0173
ENSG00000228995.1	MTND1P9	processed_pseudogene	2	1	1	0.1201	0.0298	0.0322
ENSG00000228997.1	AL136452.1	processed_pseudogene	1	1	0	0.1292	0.0320	0.0346
ENSG00000228998.4	AC091167.1	transcribed_processed_pseudogene	4	2	2	0.3858	0.0957	0.1034
ENSG00000228999.4	AC096570.1	lncRNA	0	0	0	0.0000	0.0000	0.0000
ENSG00000229000.1	SEPTIN7P8	processed_pseudogene	0	0	0	0.0000	0.0000	0.0000
ENSG00000229001.1	ACTBP14	processed_pseudogene	0	0	0	0.0000	0.0000	0.0000
ENSG00000229002.1	AC246785.1	unprocessed_pseudogene	0	0	0	0.0000	0.0000	0.0000
ENSG00000229005.2	HNF4A-AS1	lncRNA	0	0	0	0.0000	0.0000	0.0000
ENSG00000229007.1	EXOSC3P1	processed_pseudogene	6	4	3	0.6805	0.1688	0.1825
ENSG00000229009.7	TMPRSS11GP	transcribed_unprocessed_pseudogene	1	0	1	0.0447	0.0111	0.0120
ENSG00000229010.1	AL161672.1	processed_pseudogene	1	1	0	0.0693	0.0172	0.0186
ENSG00000229011.1	LINC01038	lncRNA	0	0	0	0.0000	0.0000	0.0000
ENSG00000229012.1	AC003685.1	lncRNA	0	0	0	0.0000	0.0000	0.0000
ENSG00000229013.1	AC083939.1	processed_pseudogene	0	0	0	0.0000	0.0000	0.0000
ENSG00000229014.3	RPL30P13	processed_pseudogene	0	0	0	0.0000	0.0000	0.0000
ENSG00000229015.2	AL450472.1	transcribed_unprocessed_pseudogene	2	1	1	0.2800	0.0694	0.0751
ENSG00000229016.1	AC096638.2	processed_pseudogene	0	0	0	0.0000	0.0000	0.0000
ENSG00000229017.7	LINC01277	lncRNA	49	18	32	0.6648	0.1649	0.1783
ENSG00000229018.5	PMS2P7	unprocessed_pseudogene	2	26	37	0.0849	0.0211	0.0228
ENSG00000229019.1	AL161457.1	lncRNA	4	2	2	0.2507	0.0622	0.0672
ENSG00000229020.4	AKR7A2P1	processed_pseudogene	2	2	0	0.1240	0.0307	0.0332
ENSG00000229021.2	AL450992.1	lncRNA	7	5	2	0.0966	0.0240	0.0259
ENSG00000229022.1	AL365366.1	processed_pseudogene	2	1	1	0.1330	0.0330	0.0357
ENSG00000229023.1	RAB1AP1	processed_pseudogene	9	6	3	0.8259	0.2048	0.2214
ENSG00000229025.1	AP001595.1	lncRNA	0	0	0	0.0000	0.0000	0.0000
ENSG00000229027.3	HSFY1P1	transcribed_unprocessed_pseudogene	0	0	0	0.0000	0.0000	0.0000
ENSG00000229028.2	KRT223P	transcribed_unprocessed_pseudogene	2	1	1	0.0665	0.0165	0.0178
ENSG00000229029.2	CDCA4P1	processed_pseudogene	4	4	0	0.3635	0.0902	0.0975
ENSG00000229030.1	BX276092.3	processed_pseudogene	0	0	0	0.0000	0.0000	0.0000
ENSG00000229031.1	MTCO1P25	unprocessed_pseudogene	0	0	0	0.0000	0.0000	0.0000
ENSG00000229032.1	AL445685.2	processed_pseudogene	0	0	0	0.0000	0.0000	0.0000
ENSG00000229035.2	SPRR2C	unprocessed_pseudogene	0	0	0	0.0000	0.0000	0.0000
ENSG00000229036.7	VDAC1P8	transcribed_processed_pseudogene	120	107	88	1.3250	0.3286	0.3553
ENSG00000229037.2	MRPL32P2	processed_pseudogene	13	7	6	1.3989	0.3469	0.3751
ENSG00000229042.2	AL031656.1	lncRNA	20	7	13	0.5317	0.1319	0.1426
ENSG00000229043.3	ZFAND2A-DT	lncRNA	205	105	102	2.5444	0.6310	0.6822
ENSG00000229044.1	AL451070.1	lncRNA	0	390	365	0.0000	0.0000	0.0000
ENSG00000229046.1	HMGN1P2	processed_pseudogene	0	0	0	0.0000	0.0000	0.0000
ENSG00000229047.1	AF127577.1	lncRNA	0	939	912	0.0000	0.0000	0.0000
ENSG00000229048.5	DUTP1	processed_pseudogene	5	4	1	0.6033	0.1496	0.1618
ENSG00000229051.2	LINC01788	lncRNA	88	48	40	2.0328	0.5041	0.5451
ENSG00000229052.2	AL449283.1	transcribed_processed_pseudogene	2	1	1	0.0333	0.0083	0.0089
ENSG00000229054.1	RPS29P14	processed_pseudogene	0	0	0	0.0000	0.0000	0.0000
ENSG00000229056.2	HECW2-AS1	lncRNA	103	57	46	3.6348	0.9014	0.9746
ENSG00000229057.1	RPS3AP54	processed_pseudogene	0	0	0	0.0000	0.0000	0.0000
ENSG00000229060.4	AL451124.1	processed_pseudogene	0	0	0	0.0000	0.0000	0.0000
ENSG00000229063.2	TRBV23OR9-2	TR_V_pseudogene	0	0	0	0.0000	0.0000	0.0000
ENSG00000229064.1	AC104073.1	processed_pseudogene	1	1	0	0.3756	0.0931	0.1007
ENSG00000229065.1	AL354893.2	lncRNA	1	1	1	0.1072	0.0266	0.0287
ENSG00000229066.2	AC093459.1	lncRNA	0	0	0	0.0000	0.0000	0.0000
ENSG00000229067.1	AL714022.1	processed_pseudogene	0	0	0	0.0000	0.0000	0.0000
ENSG00000229068.1	TMPOP1	processed_pseudogene	0	0	0	0.0000	0.0000	0.0000
ENSG00000229072.1	HMGN2P24	processed_pseudogene	0	0	0	0.0000	0.0000	0.0000
ENSG00000229079.1	CR848007.1	processed_pseudogene	0	0	0	0.0000	0.0000	0.0000
ENSG00000229080.1	MTCO3P30	unprocessed_pseudogene	0	0	0	0.0000	0.0000	0.0000
ENSG00000229081.1	LINC01165	lncRNA	0	0	0	0.0000	0.0000	0.0000
ENSG00000229082.2	OR5AW1P	unprocessed_pseudogene	0	0	0	0.0000	0.0000	0.0000
ENSG00000229083.1	PSMA6P2	processed_pseudogene	1	0	1	0.0827	0.0205	0.0222
ENSG00000229086.5	LINC01548	lncRNA	0	0	0	0.0000	0.0000	0.0000
ENSG00000229087.1	RPS26P18	processed_pseudogene	0	0	0	0.0000	0.0000	0.0000
ENSG00000229088.1	MTND1P10	processed_pseudogene	1	1	0	0.0682	0.0169	0.0183
ENSG00000229089.8	ANKRD20A8P	transcribed_unprocessed_pseudogene	0	0	0	0.0000	0.0000	0.0000
ENSG00000229090.2	FO082842.1	processed_pseudogene	0	0	0	0.0000	0.0000	0.0000
ENSG00000229091.3	HSPA8P8	processed_pseudogene	0	2	2	0.0000	0.0000	0.0000
ENSG00000229092.2	IGHV3-47	IG_V_pseudogene	3	0	3	0.5079	0.1259	0.1362
ENSG00000229093.1	OR51AB1P	unprocessed_pseudogene	0	0	0	0.0000	0.0000	0.0000
ENSG00000229097.1	CALM2P2	processed_pseudogene	32	14	18	4.1244	1.0228	1.1059
ENSG00000229101.1	ELOCP20	unprocessed_pseudogene	0	0	0	0.0000	0.0000	0.0000
ENSG00000229102.1	AC076966.2	lncRNA	0	0	0	0.0000	0.0000	0.0000
ENSG00000229104.1	YY1P2	processed_pseudogene	0	0	0	0.0000	0.0000	0.0000
ENSG00000229105.1	ASTN2-AS1	lncRNA	0	0	0	0.0000	0.0000	0.0000
ENSG00000229106.1	BTBD6P1	processed_pseudogene	0	0	0	0.0000	0.0000	0.0000
ENSG00000229107.2	ABHD17AP4	processed_pseudogene	1	1	0	0.0624	0.0155	0.0167
ENSG00000229108.2	LINC02587	lncRNA	1	1	0	0.0454	0.0113	0.0122
ENSG00000229109.2	AL137847.1	lncRNA	36	18	18	0.4220	0.1046	0.1131
ENSG00000229110.1	AC006355.1	processed_pseudogene	0	0	0	0.0000	0.0000	0.0000
ENSG00000229111.1	MED4-AS1	lncRNA	0	538	483	0.0000	0.0000	0.0000
ENSG00000229112.1	AL356583.2	unprocessed_pseudogene	0	0	0	0.0000	0.0000	0.0000
ENSG00000229115.1	AL390774.1	processed_pseudogene	0	0	0	0.0000	0.0000	0.0000
ENSG00000229116.3	AL137026.1	lncRNA	8	12	14	0.1486	0.0369	0.0399
ENSG00000229117.9	RPL41	protein_coding	10794	5497	5299	552.4616	137.0049	148.1334
ENSG00000229118.1	AC068491.1	lncRNA	0	0	0	0.0000	0.0000	0.0000
ENSG00000229119.3	AC026403.1	processed_pseudogene	41	24	17	7.8817	1.9546	2.1134
ENSG00000229120.2	CYCSP4	processed_pseudogene	1	0	1	0.1713	0.0425	0.0459
ENSG00000229122.1	AGBL5-IT1	lncRNA	17	11	6	2.8439	0.7052	0.7625
ENSG00000229124.7	VIM-AS1	lncRNA	67	6842	6965	1.8922	0.4693	0.5074
ENSG00000229127.2	KANSL1L-AS1	lncRNA	26	23	22	0.6103	0.1513	0.1636
ENSG00000229129.1	ACTG1P2	processed_pseudogene	3	2	1	0.1512	0.0375	0.0405
ENSG00000229131.1	AC016710.1	lncRNA	0	0	0	0.0000	0.0000	0.0000
ENSG00000229132.2	EIF4A1P10	processed_pseudogene	19	6	13	0.8861	0.2197	0.2376
ENSG00000229133.1	RPS7P4	processed_pseudogene	9	4	5	0.8770	0.2175	0.2351
ENSG00000229138.1	CDY6P	unprocessed_pseudogene	0	0	0	0.0000	0.0000	0.0000
ENSG00000229140.11	CCDC26	lncRNA	4	2	2	0.0044	0.0011	0.0012
ENSG00000229142.1	HCG4P8	unprocessed_pseudogene	0	10	7	0.0000	0.0000	0.0000
ENSG00000229143.1	AC009480.2	processed_pseudogene	0	0	0	0.0000	0.0000	0.0000
ENSG00000229145.1	ACTBP1	processed_pseudogene	0	0	0	0.0000	0.0000	0.0000
ENSG00000229146.2	SNX18P4	processed_pseudogene	0	0	0	0.0000	0.0000	0.0000
ENSG00000229147.1	SMPD4P2	unprocessed_pseudogene	0	0	0	0.0000	0.0000	0.0000
ENSG00000229150.1	CRYGEP	transcribed_unprocessed_pseudogene	0	0	0	0.0000	0.0000	0.0000
ENSG00000229151.2	AC233976.1	lncRNA	0	1	0	0.0000	0.0000	0.0000
ENSG00000229152.2	ANKRD10-IT1	lncRNA	271	145	126	19.2105	4.7640	5.1510
ENSG00000229153.5	EPHA1-AS1	lncRNA	24	12	12	0.2560	0.0635	0.0686
ENSG00000229154.2	KCNQ5-AS1	lncRNA	1	4	5	0.0122	0.0030	0.0033
ENSG00000229155.1	LINC02038	lncRNA	0	0	0	0.0000	0.0000	0.0000
ENSG00000229156.1	CR769776.2	processed_pseudogene	1	1	0	0.1500	0.0372	0.0402
ENSG00000229159.1	TSPY23P	unprocessed_pseudogene	0	0	0	0.0000	0.0000	0.0000
ENSG00000229160.1	AC009229.2	lncRNA	11	6	5	1.7772	0.4407	0.4765
ENSG00000229161.2	TCP1P1	unprocessed_pseudogene	61	29	32	2.1486	0.5328	0.5761
ENSG00000229162.1	RUNX3-AS1	lncRNA	0	0	0	0.0000	0.0000	0.0000
ENSG00000229163.2	NAP1L1P2	processed_pseudogene	0	0	0	0.0000	0.0000	0.0000
ENSG00000229165.1	GDI2P1	processed_pseudogene	0	0	0	0.0000	0.0000	0.0000
ENSG00000229167.2	AC114488.1	lncRNA	12	7	6	0.8370	0.2076	0.2244
ENSG00000229168.4	RPL19P20	processed_pseudogene	1	1	0	0.0960	0.0238	0.0257
ENSG00000229169.1	AL096701.2	processed_pseudogene	0	0	0	0.0000	0.0000	0.0000
ENSG00000229172.1	AC073065.1	processed_pseudogene	0	0	0	0.0000	0.0000	0.0000
ENSG00000229173.1	SRMP3	processed_pseudogene	1	1	0	0.0782	0.0194	0.0210
ENSG00000229175.2	LINC00382	lncRNA	0	0	0	0.0000	0.0000	0.0000
ENSG00000229177.1	AC008154.1	lncRNA	0	0	0	0.0000	0.0000	0.0000
ENSG00000229178.1	AC233280.1	lncRNA	14	8	6	0.4715	0.1169	0.1264
ENSG00000229180.7	AC006001.3	transcribed_unprocessed_pseudogene	1110	561	551	6.2319	1.5454	1.6710
ENSG00000229182.3	MRPS16P1	processed_pseudogene	0	0	0	0.0000	0.0000	0.0000
ENSG00000229183.8	PGA4	protein_coding	0	0	0	0.0000	0.0000	0.0000
ENSG00000229184.2	ATP5PDP2	processed_pseudogene	0	0	0	0.0000	0.0000	0.0000
ENSG00000229186.4	ADAM1A	unitary_pseudogene	0	0	0	0.0000	0.0000	0.0000
ENSG00000229188.2	AL050349.1	lncRNA	0	0	0	0.0000	0.0000	0.0000
ENSG00000229190.1	AC069542.1	lncRNA	1	97	111	0.1018	0.0252	0.0273
ENSG00000229191.1	AL358473.1	lncRNA	4	4	0	0.0647	0.0160	0.0173
ENSG00000229192.6	AC004870.3	lncRNA	0	0	0	0.0000	0.0000	0.0000
ENSG00000229195.1	AC009495.1	lncRNA	3	3	4	0.4573	0.1134	0.1226
ENSG00000229196.4	AC087071.1	lncRNA	26	16	10	2.7820	0.6899	0.7459
ENSG00000229197.1	RPS15AP28	processed_pseudogene	1	1	0	0.1469	0.0364	0.0394
ENSG00000229201.1	LINC02787	lncRNA	0	0	0	0.0000	0.0000	0.0000
ENSG00000229203.1	AC103564.1	lncRNA	0	0	0	0.0000	0.0000	0.0000
ENSG00000229204.3	PTGES3P3	processed_pseudogene	98	53	45	11.5302	2.8594	3.0916
ENSG00000229205.5	LINC00200	lncRNA	3	1	2	0.0292	0.0072	0.0078
ENSG00000229206.3	AL162408.1	lncRNA	1	0	1	0.1310	0.0325	0.0351
ENSG00000229207.1	SERPINH1P1	processed_pseudogene	6	2	5	0.2724	0.0676	0.0730
ENSG00000229208.1	RBMY2NP	unprocessed_pseudogene	0	0	0	0.0000	0.0000	0.0000
ENSG00000229209.1	AC073987.1	lncRNA	0	0	0	0.0000	0.0000	0.0000
ENSG00000229211.3	KCTD9P6	processed_pseudogene	0	0	0	0.0000	0.0000	0.0000
ENSG00000229212.8	AC044860.1	transcribed_unprocessed_pseudogene	3	3	6	0.0572	0.0142	0.0153
ENSG00000229213.1	AL033527.1	unprocessed_pseudogene	0	0	0	0.0000	0.0000	0.0000
ENSG00000229214.2	LINC00242	lncRNA	49	30	35	0.6181	0.1533	0.1657
ENSG00000229217.1	CYCSP11	processed_pseudogene	0	0	0	0.0000	0.0000	0.0000
ENSG00000229220.1	AC096633.1	processed_pseudogene	0	0	0	0.0000	0.0000	0.0000
ENSG00000229221.1	HNRNPA1P66	processed_pseudogene	0	0	0	0.0000	0.0000	0.0000
ENSG00000229222.1	KRT18P4	processed_pseudogene	12	9	3	0.5284	0.1310	0.1417
ENSG00000229224.2	AC105398.1	lncRNA	0	0	0	0.0000	0.0000	0.0000
ENSG00000229225.1	AL162400.2	lncRNA	0	0	0	0.0000	0.0000	0.0000
ENSG00000229226.3	BTF3L4P4	processed_pseudogene	0	0	0	0.0000	0.0000	0.0000
ENSG00000229227.8	AL356056.1	lncRNA	0	4	5	0.0000	0.0000	0.0000
ENSG00000229228.1	LINC00582	lncRNA	0	0	0	0.0000	0.0000	0.0000
ENSG00000229229.1	AC022201.1	lncRNA	1	1	0	0.0983	0.0244	0.0264
ENSG00000229230.3	MT1P3	processed_pseudogene	1	6	6	0.3204	0.0795	0.0859
ENSG00000229231.1	FEM1AP1	processed_pseudogene	0	0	0	0.0000	0.0000	0.0000
ENSG00000229232.6	KRT18P53	processed_pseudogene	1	0	1	0.4847	0.1202	0.1300
ENSG00000229232.6_PAR_Y	KRT18P53	processed_pseudogene	0	0	0	0.0000	0.0000	0.0000
ENSG00000229233.1	AC011891.2	lncRNA	0	0	0	0.0000	0.0000	0.0000
ENSG00000229234.1	RBMY1KP	unprocessed_pseudogene	0	0	0	0.0000	0.0000	0.0000
ENSG00000229235.1	RPL37P18	processed_pseudogene	1	0	1	0.2334	0.0579	0.0626
ENSG00000229236.3	TTTY10	lncRNA	0	0	0	0.0000	0.0000	0.0000
ENSG00000229237.2	HMGN1P37	processed_pseudogene	11	7	4	2.0588	0.5106	0.5520
ENSG00000229238.3	PPP1R12BP1	unprocessed_pseudogene	0	0	0	0.0000	0.0000	0.0000
ENSG00000229239.2	AL451000.1	unprocessed_pseudogene	0	0	0	0.0000	0.0000	0.0000
ENSG00000229240.9	LINC00710	lncRNA	0	0	0	0.0000	0.0000	0.0000
ENSG00000229241.1	PNPT1P1	processed_pseudogene	2	2	0	0.0490	0.0121	0.0131
ENSG00000229242.1	AL358452.1	lncRNA	0	0	0	0.0000	0.0000	0.0000
ENSG00000229243.2	LINC01981	lncRNA	0	0	0	0.0000	0.0000	0.0000
ENSG00000229246.2	LINC00377	lncRNA	1	0	1	0.0407	0.0101	0.0109
ENSG00000229247.2	AL627313.1	processed_pseudogene	0	0	0	0.0000	0.0000	0.0000
ENSG00000229248.1	WBP2P1	processed_pseudogene	0	0	0	0.0000	0.0000	0.0000
ENSG00000229249.7	LINC00446	lncRNA	0	0	0	0.0000	0.0000	0.0000
ENSG00000229250.1	USP9YP31	unprocessed_pseudogene	0	0	0	0.0000	0.0000	0.0000
ENSG00000229251.3	HNRNPA1P8	processed_pseudogene	12	4	8	0.7156	0.1775	0.1919
ENSG00000229254.1	OR8C1P	unprocessed_pseudogene	0	0	0	0.0000	0.0000	0.0000
ENSG00000229255.1	AC138089.1	lncRNA	0	0	0	0.0000	0.0000	0.0000
ENSG00000229256.1	ST13P13	processed_pseudogene	2	0	2	0.1039	0.0258	0.0278
ENSG00000229257.2	AL807752.2	lncRNA	1	74	48	0.1884	0.0467	0.0505
ENSG00000229258.6	LPGAT1-AS1	lncRNA	1	1	0	0.0359	0.0089	0.0096
ENSG00000229259.1	LRRC37A12P	unprocessed_pseudogene	0	0	0	0.0000	0.0000	0.0000
ENSG00000229261.1	AL596223.1	lncRNA	0	0	0	0.0000	0.0000	0.0000
ENSG00000229262.1	AL160411.1	lncRNA	0	0	0	0.0000	0.0000	0.0000
ENSG00000229263.1	AC004691.1	lncRNA	1	1	0	0.1037	0.0257	0.0278
ENSG00000229266.1	POM121L8P	processed_pseudogene	0	0	0	0.0000	0.0000	0.0000
ENSG00000229267.3	SNHG31	lncRNA	96	48	51	2.1325	0.5288	0.5718
ENSG00000229268.1	PES1P2	processed_pseudogene	0	0	0	0.0000	0.0000	0.0000
ENSG00000229269.1	AL451048.1	lncRNA	0	0	0	0.0000	0.0000	0.0000
ENSG00000229271.1	AC091493.1	lncRNA	0	0	0	0.0000	0.0000	0.0000
ENSG00000229272.2	AL157388.1	lncRNA	66	36	30	1.2054	0.2989	0.3232
ENSG00000229273.1	BX664615.1	processed_pseudogene	0	44	39	0.0000	0.0000	0.0000
ENSG00000229274.2	LINC02829	lncRNA	29	7	22	1.3997	0.3471	0.3753
ENSG00000229275.1	BX284656.1	lncRNA	0	0	0	0.0000	0.0000	0.0000
ENSG00000229276.1	REV3L-IT1	lncRNA	3	3	0	0.4454	0.1104	0.1194
ENSG00000229278.2	AL133353.1	lncRNA	0	0	0	0.0000	0.0000	0.0000
ENSG00000229280.1	EEF1DP6	processed_pseudogene	1	0	1	0.1524	0.0378	0.0409
ENSG00000229281.1	GPR53P	unprocessed_pseudogene	0	0	0	0.0000	0.0000	0.0000
ENSG00000229282.2	AL031963.2	lncRNA	1	1	0	0.0550	0.0136	0.0147
ENSG00000229283.1	AL356387.1	lncRNA	0	0	0	0.0000	0.0000	0.0000
ENSG00000229286.1	AP000522.1	unprocessed_pseudogene	0	0	0	0.0000	0.0000	0.0000
ENSG00000229287.1	FABP5P4	processed_pseudogene	0	0	0	0.0000	0.0000	0.0000
ENSG00000229288.1	AL451142.2	processed_pseudogene	0	0	0	0.0000	0.0000	0.0000
ENSG00000229289.1	AP000431.1	lncRNA	0	0	0	0.0000	0.0000	0.0000
ENSG00000229291.1	LINC02768	lncRNA	5	5	0	1.4924	0.3701	0.4002
ENSG00000229292.2	RFPL4AL1	protein_coding	0	0	0	0.0000	0.0000	0.0000
ENSG00000229294.1	AL139294.1	lncRNA	0	0	0	0.0000	0.0000	0.0000
ENSG00000229297.1	AL451140.1	lncRNA	0	0	0	0.0000	0.0000	0.0000
ENSG00000229298.1	TUBB8P1	processed_pseudogene	7	3	4	0.5460	0.1354	0.1464
ENSG00000229299.2	AL121845.1	lncRNA	0	136	133	0.0000	0.0000	0.0000
ENSG00000229301.1	AC006455.4	lncRNA	0	0	0	0.0000	0.0000	0.0000
ENSG00000229302.1	TAF9P2	processed_pseudogene	1	0	1	0.1101	0.0273	0.0295
ENSG00000229303.1	PPIAP25	processed_pseudogene	0	0	0	0.0000	0.0000	0.0000
ENSG00000229305.1	AL358876.1	processed_pseudogene	1	1	0	0.0528	0.0131	0.0141
ENSG00000229306.1	AP001464.1	lncRNA	0	0	0	0.0000	0.0000	0.0000
ENSG00000229307.1	LINC00459	lncRNA	0	0	0	0.0000	0.0000	0.0000
ENSG00000229308.1	AC010737.1	lncRNA	0	0	0	0.0000	0.0000	0.0000
ENSG00000229309.2	AL353633.1	lncRNA	0	0	0	0.0000	0.0000	0.0000
ENSG00000229310.1	RPP40P1	processed_pseudogene	0	0	0	0.0000	0.0000	0.0000
ENSG00000229311.1	BX088651.2	lncRNA	0	0	0	0.0000	0.0000	0.0000
ENSG00000229312.2	AL353693.1	lncRNA	0	0	0	0.0000	0.0000	0.0000
ENSG00000229313.1	AL133268.3	lncRNA	0	2	2	0.0000	0.0000	0.0000
ENSG00000229314.5	ORM1	protein_coding	47	21	26	2.9582	0.7336	0.7932
ENSG00000229315.7	MCHR2-AS1	lncRNA	0	0	1	0.0000	0.0000	0.0000
ENSG00000229316.1	HMGB1P45	processed_pseudogene	0	0	1	0.0000	0.0000	0.0000
ENSG00000229320.3	KRT8P12	transcribed_processed_pseudogene	407	211	196	11.2755	2.7962	3.0233
ENSG00000229321.2	AC008269.1	lncRNA	54	24	30	0.5520	0.1369	0.1480
ENSG00000229322.1	AC244197.1	processed_pseudogene	0	0	0	0.0000	0.0000	0.0000
ENSG00000229324.1	NUTF2P7	processed_pseudogene	2	0	2	0.3025	0.0750	0.0811
ENSG00000229325.1	ACAP2-IT1	lncRNA	9	6	3	0.7397	0.1834	0.1983
ENSG00000229326.3	RPL17P15	processed_pseudogene	2	2	0	0.2093	0.0519	0.0561
ENSG00000229327.1	AL391839.1	lncRNA	1	1	0	0.2140	0.0531	0.0574
ENSG00000229330.2	AC006947.1	lncRNA	1	1	0	0.1172	0.0291	0.0314
ENSG00000229331.1	GK-IT1	lncRNA	0	0	0	0.0000	0.0000	0.0000
ENSG00000229332.2	PGBD4P8	processed_pseudogene	0	0	0	0.0000	0.0000	0.0000
ENSG00000229334.1	AC046143.1	lncRNA	30	190	216	1.7503	0.4341	0.4693
ENSG00000229335.1	DANT1	lncRNA	0	0	0	0.0000	0.0000	0.0000
ENSG00000229336.1	SREK1IP1P1	processed_pseudogene	0	0	0	0.0000	0.0000	0.0000
ENSG00000229337.2	AC079305.2	lncRNA	25	15	11	0.5247	0.1301	0.1407
ENSG00000229338.1	NME2P3	processed_pseudogene	0	0	0	0.0000	0.0000	0.0000
ENSG00000229339.1	AC093414.1	processed_pseudogene	0	0	0	0.0000	0.0000	0.0000
ENSG00000229343.1	CDY22P	unprocessed_pseudogene	0	0	0	0.0000	0.0000	0.0000
ENSG00000229344.1	MTCO2P12	unprocessed_pseudogene	27	30	19	2.2451	0.5568	0.6020
ENSG00000229345.2	AL392185.1	lncRNA	0	0	0	0.0000	0.0000	0.0000
ENSG00000229347.1	AL596268.1	processed_pseudogene	0	0	0	0.0000	0.0000	0.0000
ENSG00000229348.1	HYI-AS1	lncRNA	5	2	3	0.5203	0.1290	0.1395
ENSG00000229349.2	ACTG1P9	processed_pseudogene	1	0	1	0.0213	0.0053	0.0057
ENSG00000229351.1	KRTAP9-11P	unprocessed_pseudogene	0	0	0	0.0000	0.0000	0.0000
ENSG00000229352.1	AC007563.1	lncRNA	2	2	0	0.1646	0.0408	0.0441
ENSG00000229356.1	LRRC3-DT	lncRNA	0	0	0	0.0000	0.0000	0.0000
ENSG00000229357.1	CYCSP51	processed_pseudogene	0	0	0	0.0000	0.0000	0.0000
ENSG00000229358.3	DPY19L1P1	unprocessed_pseudogene	149	355	325	3.2574	0.8078	0.8734
ENSG00000229359.2	PIN1P1	transcribed_processed_pseudogene	0	0	0	0.0000	0.0000	0.0000
ENSG00000229360.1	PPP1R2P5	processed_pseudogene	1	0	1	0.0940	0.0233	0.0252
ENSG00000229361.5	UBTFL7	processed_pseudogene	0	0	0	0.0000	0.0000	0.0000
ENSG00000229365.3	AC006967.1	processed_pseudogene	0	0	0	0.0000	0.0000	0.0000
ENSG00000229367.1	HMGN2P19	processed_pseudogene	0	0	0	0.0000	0.0000	0.0000
ENSG00000229368.1	AC090587.1	lncRNA	10	15	18	1.0761	0.2669	0.2885
ENSG00000229369.1	AL450263.2	processed_pseudogene	0	0	0	0.0000	0.0000	0.0000
ENSG00000229370.1	AC073062.1	lncRNA	0	0	0	0.0000	0.0000	0.0000
ENSG00000229372.1	SZT2-AS1	lncRNA	0	142	136	0.0000	0.0000	0.0000
ENSG00000229373.9	LINC00452	lncRNA	1	3	2	0.0155	0.0038	0.0042
ENSG00000229375.1	USP24P1	unprocessed_pseudogene	3	3	0	0.2184	0.0542	0.0586
ENSG00000229376.3	CICP3	processed_pseudogene	2	1	1	0.0462	0.0115	0.0124
ENSG00000229379.1	AC006041.1	lncRNA	0	0	0	0.0000	0.0000	0.0000
ENSG00000229380.1	PRKAR1B-AS2	lncRNA	0	0	0	0.0000	0.0000	0.0000
ENSG00000229382.1	BX322557.1	lncRNA	0	1	0	0.0000	0.0000	0.0000
ENSG00000229384.2	HMGB1P16	processed_pseudogene	1	0	1	0.1050	0.0260	0.0282
ENSG00000229385.2	CTNNA2-AS1	lncRNA	0	0	0	0.0000	0.0000	0.0000
ENSG00000229386.3	OR8B9P	transcribed_unprocessed_pseudogene	0	0	0	0.0000	0.0000	0.0000
ENSG00000229388.1	LINC01715	lncRNA	14	7	7	0.8118	0.2013	0.2177
ENSG00000229389.2	AC111152.1	transcribed_unprocessed_pseudogene	0	0	0	0.0000	0.0000	0.0000
ENSG00000229390.1	MICD	unprocessed_pseudogene	3	1	2	0.2093	0.0519	0.0561
ENSG00000229391.7	HLA-DRB6	transcribed_unprocessed_pseudogene	1491	723	769	63.7666	15.8135	17.0980
ENSG00000229393.1	AL139246.4	lncRNA	0	0	0	0.0000	0.0000	0.0000
ENSG00000229395.1	AC062039.1	lncRNA	0	2	0	0.0000	0.0000	0.0000
ENSG00000229398.1	AL031667.1	processed_pseudogene	0	0	0	0.0000	0.0000	0.0000
ENSG00000229399.1	AL592148.1	processed_pseudogene	2	1	1	0.2549	0.0632	0.0683
ENSG00000229400.1	CNIH3-AS1	lncRNA	1	22	15	0.0678	0.0168	0.0182
ENSG00000229401.1	MIR5689HG	lncRNA	0	0	0	0.0000	0.0000	0.0000
ENSG00000229402.1	AL162151.1	lncRNA	0	0	0	0.0000	0.0000	0.0000
ENSG00000229403.1	AC005999.1	lncRNA	0	0	0	0.0000	0.0000	0.0000
ENSG00000229404.6	LINC00858	lncRNA	0	0	0	0.0000	0.0000	0.0000
ENSG00000229405.1	AC092580.1	processed_pseudogene	0	0	0	0.0000	0.0000	0.0000
ENSG00000229406.1	OFD1P4Y	unprocessed_pseudogene	0	0	0	0.0000	0.0000	0.0000
ENSG00000229407.5	AL359853.1	lncRNA	1	1	0	0.0944	0.0234	0.0253
ENSG00000229409.1	AL117328.1	processed_pseudogene	6	5	1	2.1004	0.5209	0.5632
ENSG00000229413.2	AC018638.1	processed_pseudogene	19	30	33	3.2651	0.8097	0.8755
ENSG00000229414.2	KCNQ1-AS1	lncRNA	3	0	3	0.1569	0.0389	0.0421
ENSG00000229415.10	SFTA3	lncRNA	0	0	0	0.0000	0.0000	0.0000
ENSG00000229416.1	USP9YP8	unprocessed_pseudogene	0	0	0	0.0000	0.0000	0.0000
ENSG00000229417.1	NPM1P25	processed_pseudogene	0	0	0	0.0000	0.0000	0.0000
ENSG00000229418.2	AL136181.1	lncRNA	0	0	0	0.0000	0.0000	0.0000
ENSG00000229419.1	RALGAPA1P1	processed_pseudogene	199	96	103	1.8109	0.4491	0.4856
ENSG00000229421.1	H3P10	processed_pseudogene	0	0	0	0.0000	0.0000	0.0000
ENSG00000229422.2	AL512625.2	lncRNA	19	10	9	0.9257	0.2296	0.2482
ENSG00000229423.2	RPL27AP8	processed_pseudogene	0	0	0	0.0000	0.0000	0.0000
ENSG00000229424.1	AC007349.1	lncRNA	0	0	0	0.0000	0.0000	0.0000
ENSG00000229425.3	AJ009632.2	lncRNA	29	18	11	0.0805	0.0200	0.0216
ENSG00000229427.1	ANKRD26P4	processed_pseudogene	8	4	4	0.4776	0.1184	0.1280
ENSG00000229431.1	MED8-AS1	lncRNA	28	300	317	2.1722	0.5387	0.5824
ENSG00000229433.2	LINC02069	lncRNA	0	0	0	0.0000	0.0000	0.0000
ENSG00000229434.1	AC017048.1	lncRNA	0	0	0	0.0000	0.0000	0.0000
ENSG00000229435.2	PIP5K1P2	unprocessed_pseudogene	0	0	0	0.0000	0.0000	0.0000
ENSG00000229436.1	AC073850.1	processed_pseudogene	0	0	0	0.0000	0.0000	0.0000
ENSG00000229437.2	LINC00366	lncRNA	1	1	0	0.0373	0.0092	0.0100
ENSG00000229440.1	AL139413.1	processed_pseudogene	0	0	0	0.0000	0.0000	0.0000
ENSG00000229442.2	THEMIS3P	unitary_pseudogene	0	0	0	0.0000	0.0000	0.0000
ENSG00000229443.2	LINC00433	lncRNA	0	0	0	0.0000	0.0000	0.0000
ENSG00000229444.1	ST3GAL3-AS1	lncRNA	0	0	0	0.0000	0.0000	0.0000
ENSG00000229447.2	AC114495.2	processed_pseudogene	19	7	12	2.4657	0.6115	0.6611
ENSG00000229452.1	CPVL-AS1	lncRNA	0	0	0	0.0000	0.0000	0.0000
ENSG00000229453.2	SPINK8	protein_coding	27	17	10	3.4486	0.8552	0.9247
ENSG00000229454.1	AL157882.1	lncRNA	0	0	0	0.0000	0.0000	0.0000
ENSG00000229455.2	RPS10P18	processed_pseudogene	0	0	0	0.0000	0.0000	0.0000
ENSG00000229456.1	RLIMP1	processed_pseudogene	0	0	0	0.0000	0.0000	0.0000
ENSG00000229457.1	LINC01789	lncRNA	0	0	0	0.0000	0.0000	0.0000
ENSG00000229458.2	AC010157.1	lncRNA	0	0	0	0.0000	0.0000	0.0000
ENSG00000229459.1	AC023669.1	lncRNA	1	0	1	0.1082	0.0268	0.0290
ENSG00000229462.1	AC127383.1	unprocessed_pseudogene	0	0	0	0.0000	0.0000	0.0000
ENSG00000229463.2	LYST-AS1	lncRNA	3	3	0	0.3265	0.0810	0.0876
ENSG00000229465.1	ACTG1P11	processed_pseudogene	5	5	0	0.2520	0.0625	0.0676
ENSG00000229466.2	LINC02627	lncRNA	3	2	1	0.0728	0.0181	0.0195
ENSG00000229468.1	RPL39P18	processed_pseudogene	0	0	0	0.0000	0.0000	0.0000
ENSG00000229473.2	RGS17P1	processed_pseudogene	10	6	4	1.0255	0.2543	0.2750
ENSG00000229474.7	PATL2	protein_coding	44	24	20	0.5230	0.1297	0.1402
ENSG00000229478.1	ROBO2P1	processed_pseudogene	0	0	0	0.0000	0.0000	0.0000
ENSG00000229483.2	LINC00362	lncRNA	0	0	0	0.0000	0.0000	0.0000
ENSG00000229484.1	LINC02766	lncRNA	3	2	1	0.3884	0.0963	0.1041
ENSG00000229485.1	KSR1P1	processed_pseudogene	0	0	0	0.0000	0.0000	0.0000
ENSG00000229486.2	AC104454.1	processed_pseudogene	0	0	0	0.0000	0.0000	0.0000
ENSG00000229487.1	ALG13-AS1	lncRNA	5	3	2	1.4541	0.3606	0.3899
ENSG00000229491.5	AC136489.1	lncRNA	0	0	0	0.0000	0.0000	0.0000
ENSG00000229492.1	FO681548.1	processed_pseudogene	1	1	0	0.0501	0.0124	0.0134
ENSG00000229494.2	AC012494.2	lncRNA	1	1	0	0.0407	0.0101	0.0109
ENSG00000229495.1	AL450327.1	lncRNA	1	0	1	0.0215	0.0053	0.0058
ENSG00000229497.1	AC005189.1	processed_pseudogene	0	0	0	0.0000	0.0000	0.0000
ENSG00000229498.1	AC105053.1	lncRNA	0	0	0	0.0000	0.0000	0.0000
ENSG00000229500.1	RPL17P1	processed_pseudogene	0	0	0	0.0000	0.0000	0.0000
ENSG00000229502.5	AL391863.1	lncRNA	0	300	295	0.0000	0.0000	0.0000
ENSG00000229503.1	RPL21P37	processed_pseudogene	9	6	3	1.0700	0.2653	0.2869
ENSG00000229505.1	AC104455.1	processed_pseudogene	0	0	0	0.0000	0.0000	0.0000
ENSG00000229508.2	PHKG1P4	unprocessed_pseudogene	0	0	0	0.0000	0.0000	0.0000
ENSG00000229509.1	AC244023.1	unprocessed_pseudogene	0	0	0	0.0000	0.0000	0.0000
ENSG00000229511.1	GAS2L1P1	processed_pseudogene	5	1	4	0.1916	0.0475	0.0514
ENSG00000229512.1	AC068580.1	lncRNA	0	0	0	0.0000	0.0000	0.0000
ENSG00000229515.1	FLT1P1	processed_pseudogene	0	0	0	0.0000	0.0000	0.0000
ENSG00000229518.1	UBE2V1P3	processed_pseudogene	0	0	0	0.0000	0.0000	0.0000
ENSG00000229519.2	AL591866.1	processed_pseudogene	7	2	5	0.9899	0.2455	0.2654
ENSG00000229520.1	LINC00404	lncRNA	0	0	0	0.0000	0.0000	0.0000
ENSG00000229521.2	MYCBP2-AS2	lncRNA	3	2	1	0.3975	0.0986	0.1066
ENSG00000229522.1	LINC01523	lncRNA	0	0	0	0.0000	0.0000	0.0000
ENSG00000229525.1	AC053503.1	lncRNA	34	23	18	1.2066	0.2992	0.3235
ENSG00000229526.2	KRT16P4	transcribed_processed_pseudogene	0	0	0	0.0000	0.0000	0.0000
ENSG00000229528.1	AC119677.1	lncRNA	3	1	2	0.3612	0.0896	0.0969
ENSG00000229530.1	AL136097.1	processed_pseudogene	0	0	0	0.0000	0.0000	0.0000
ENSG00000229531.6	RABGAP1L-AS1	lncRNA	2	1	1	0.1163	0.0288	0.0312
ENSG00000229532.1	AC105443.1	processed_pseudogene	0	0	0	0.0000	0.0000	0.0000
ENSG00000229533.1	AC003986.1	lncRNA	2	1	1	0.0743	0.0184	0.0199
ENSG00000229534.1	HNRNPA1P53	processed_pseudogene	2	0	2	0.1199	0.0297	0.0321
ENSG00000229536.3	LINC02572	lncRNA	52	20	32	0.7139	0.1770	0.1914
ENSG00000229537.7	LINC01739	lncRNA	0	0	0	0.0000	0.0000	0.0000
ENSG00000229539.1	PANK2-AS1	lncRNA	136	81	94	17.4888	4.3370	4.6893
ENSG00000229541.2	GAPDHP26	processed_pseudogene	0	0	0	0.0000	0.0000	0.0000
ENSG00000229543.1	AC010163.1	lncRNA	0	0	0	0.0000	0.0000	0.0000
ENSG00000229544.9	NKX1-2	protein_coding	2	2	0	0.0353	0.0088	0.0095
ENSG00000229546.1	LINC00428	lncRNA	0	0	0	0.0000	0.0000	0.0000
ENSG00000229547.4	UBE2DNL	transcribed_processed_pseudogene	0	0	0	0.0000	0.0000	0.0000
ENSG00000229549.9	TSPY8	protein_coding	0	0	0	0.0000	0.0000	0.0000
ENSG00000229550.1	AC012445.1	lncRNA	0	0	0	0.0000	0.0000	0.0000
ENSG00000229551.2	GAPDHP17	processed_pseudogene	0	0	0	0.0000	0.0000	0.0000
ENSG00000229553.1	USP9YP17	unprocessed_pseudogene	0	0	0	0.0000	0.0000	0.0000
ENSG00000229554.2	RPL21P24	processed_pseudogene	0	0	0	0.0000	0.0000	0.0000
ENSG00000229557.1	LINC00379	lncRNA	0	0	0	0.0000	0.0000	0.0000
ENSG00000229558.2	SACS-AS1	lncRNA	0	0	0	0.0000	0.0000	0.0000
ENSG00000229559.2	AL353597.2	transcribed_processed_pseudogene	0	0	0	0.0000	0.0000	0.0000
ENSG00000229560.1	LYARP1	processed_pseudogene	0	0	0	0.0000	0.0000	0.0000
ENSG00000229562.1	ZFYVE9P1	processed_pseudogene	0	0	0	0.0000	0.0000	0.0000
ENSG00000229563.7	LINC01204	lncRNA	0	0	0	0.0000	0.0000	0.0000
ENSG00000229565.2	LINC02264	lncRNA	0	0	0	0.0000	0.0000	0.0000
ENSG00000229567.1	AL139421.1	processed_pseudogene	2	1	1	0.6711	0.1664	0.1800
ENSG00000229568.1	SMC4P1	unprocessed_pseudogene	0	0	0	0.0000	0.0000	0.0000
ENSG00000229569.1	AL356753.1	lncRNA	1	0	1	0.0281	0.0070	0.0075
ENSG00000229570.2	GAPDHP58	processed_pseudogene	1	1	0	0.0564	0.0140	0.0151
ENSG00000229571.7	PRAMEF25	protein_coding	0	0	0	0.0000	0.0000	0.0000
ENSG00000229572.1	EIF4BP4	processed_pseudogene	0	0	0	0.0000	0.0000	0.0000
ENSG00000229578.3	LINC00358	lncRNA	0	0	0	0.0000	0.0000	0.0000
ENSG00000229579.5	USP17L26	protein_coding	0	0	0	0.0000	0.0000	0.0000
ENSG00000229582.3	AL358074.1	lncRNA	4	3	1	0.0949	0.0235	0.0254
ENSG00000229585.4	RPL21P44	processed_pseudogene	4	2	2	0.4806	0.1192	0.1289
ENSG00000229586.2	TNPO1P3	processed_pseudogene	0	0	0	0.0000	0.0000	0.0000
ENSG00000229587.2	AL158825.2	lncRNA	7	5	2	0.5925	0.1469	0.1589
ENSG00000229588.2	AL596087.2	lncRNA	2	9	9	0.1496	0.0371	0.0401
ENSG00000229589.1	ACVR2B-AS1	lncRNA	142	72	72	3.1994	0.7934	0.8579
ENSG00000229590.3	MSX2P1	processed_pseudogene	0	0	0	0.0000	0.0000	0.0000
ENSG00000229591.1	AC006017.1	lncRNA	8	275	309	0.6741	0.1672	0.1808
ENSG00000229593.1	SUCLA2P3	processed_pseudogene	0	0	0	0.0000	0.0000	0.0000
ENSG00000229594.1	AL159987.2	unprocessed_pseudogene	0	0	0	0.0000	0.0000	0.0000
ENSG00000229595.1	AL109810.1	processed_pseudogene	1	0	1	0.1146	0.0284	0.0307
ENSG00000229596.3	MYL8P	processed_pseudogene	1	1	0	0.1095	0.0271	0.0294
ENSG00000229598.1	PRDX3P1	processed_pseudogene	18	8	10	1.3378	0.3318	0.3587
ENSG00000229599.2	LINC00411	lncRNA	1	1	0	0.0269	0.0067	0.0072
ENSG00000229600.1	AL391336.1	lncRNA	0	0	0	0.0000	0.0000	0.0000
ENSG00000229601.1	AL590762.1	processed_pseudogene	2	1	1	0.4483	0.1112	0.1202
ENSG00000229603.1	AC004014.1	lncRNA	0	0	0	0.0000	0.0000	0.0000
ENSG00000229604.2	MTATP8P2	processed_pseudogene	5	2	3	1.4037	0.3481	0.3764
ENSG00000229605.5	RPL21P93	processed_pseudogene	1	0	1	0.1160	0.0288	0.0311
ENSG00000229606.2	LINC01718	lncRNA	0	0	0	0.0000	0.0000	0.0000
ENSG00000229607.1	AL137027.1	lncRNA	4	2	2	0.5109	0.1267	0.1370
ENSG00000229608.1	GOLGA2P4	unprocessed_pseudogene	0	0	0	0.0000	0.0000	0.0000
ENSG00000229609.1	LINC01079	lncRNA	0	0	0	0.0000	0.0000	0.0000
ENSG00000229611.2	LINC02851	lncRNA	1	0	1	0.1056	0.0262	0.0283
ENSG00000229612.1	SUMO1P2	processed_pseudogene	1	0	1	0.1865	0.0463	0.0500
ENSG00000229613.2	LINC01501	lncRNA	0	0	0	0.0000	0.0000	0.0000
ENSG00000229616.2	AL356095.1	unprocessed_pseudogene	0	0	0	0.0000	0.0000	0.0000
ENSG00000229618.3	AC011287.1	lncRNA	2	1	1	0.0085	0.0021	0.0023
ENSG00000229619.4	MBNL1-AS1	lncRNA	145	198	213	0.9991	0.2478	0.2679
ENSG00000229621.2	LINC01822	lncRNA	0	0	0	0.0000	0.0000	0.0000
ENSG00000229622.1	MTND5P2	processed_pseudogene	0	0	0	0.0000	0.0000	0.0000
ENSG00000229623.1	METTL21AP1	processed_pseudogene	3	2	1	0.2679	0.0664	0.0718
ENSG00000229625.3	AC016877.1	lncRNA	3	2	1	0.3667	0.0909	0.0983
ENSG00000229626.1	PIGCP2	processed_pseudogene	0	0	0	0.0000	0.0000	0.0000
ENSG00000229627.2	BSNDP4	processed_pseudogene	0	0	0	0.0000	0.0000	0.0000
ENSG00000229628.1	AC073115.1	lncRNA	10	10	5	1.0660	0.2644	0.2858
ENSG00000229629.1	AL500527.2	processed_pseudogene	0	0	0	0.0000	0.0000	0.0000
ENSG00000229630.1	LINC01264	lncRNA	1	1	0	0.1134	0.0281	0.0304
ENSG00000229635.1	AL137159.1	processed_pseudogene	18	5	13	1.9937	0.4944	0.5346
ENSG00000229636.2	KRT8P21	processed_pseudogene	0	0	0	0.0000	0.0000	0.0000
ENSG00000229637.4	PRAC2	protein_coding	0	0	0	0.0000	0.0000	0.0000
ENSG00000229638.1	RPL4P4	processed_pseudogene	38	18	21	1.6783	0.4162	0.4500
ENSG00000229639.1	LINC01758	lncRNA	0	0	0	0.0000	0.0000	0.0000
ENSG00000229641.1	CYP2C56P	processed_pseudogene	0	0	0	0.0000	0.0000	0.0000
ENSG00000229642.1	AC087857.1	lncRNA	1	0	1	0.1214	0.0301	0.0326
ENSG00000229643.2	LINC00280	lncRNA	0	0	0	0.0000	0.0000	0.0000
ENSG00000229644.6	NAMPTP1	processed_pseudogene	180	110	70	4.0604	1.0069	1.0887
ENSG00000229646.2	AL109914.1	lncRNA	3	1	2	1.1653	0.2890	0.3124
ENSG00000229647.2	MYOSLID	lncRNA	59	41	52	1.0532	0.2612	0.2824
ENSG00000229648.1	RPSAP22	processed_pseudogene	1	0	1	0.0666	0.0165	0.0179
ENSG00000229649.1	LINC02681	lncRNA	0	0	0	0.0000	0.0000	0.0000
ENSG00000229652.1	AL359837.1	processed_pseudogene	0	0	0	0.0000	0.0000	0.0000
ENSG00000229654.1	LINC02526	lncRNA	0	0	0	0.0000	0.0000	0.0000
ENSG00000229656.7	ITGB1-DT	lncRNA	5	3	6	0.0779	0.0193	0.0209
ENSG00000229657.2	AL391822.1	processed_pseudogene	2	0	2	0.2018	0.0500	0.0541
ENSG00000229658.1	PABPC1P9	unprocessed_pseudogene	0	0	0	0.0000	0.0000	0.0000
ENSG00000229659.1	RPL26P6	processed_pseudogene	16	11	5	2.0716	0.5137	0.5555
ENSG00000229660.1	AC004975.2	lncRNA	9	3	6	0.9033	0.2240	0.2422
ENSG00000229661.1	BUD31P2	processed_pseudogene	4	3	1	0.7561	0.1875	0.2027
ENSG00000229662.2	AC245047.2	processed_pseudogene	0	0	0	0.0000	0.0000	0.0000
ENSG00000229663.1	DPY19L4P1	processed_pseudogene	0	0	0	0.0000	0.0000	0.0000
ENSG00000229664.1	AL137186.1	lncRNA	5	16	15	0.5907	0.1465	0.1584
ENSG00000229665.8	PRR20C	protein_coding	0	0	0	0.0000	0.0000	0.0000
ENSG00000229666.1	MAST4-AS1	lncRNA	19	9	10	1.3867	0.3439	0.3718
ENSG00000229667.2	UBE2V1P9	processed_pseudogene	0	0	0	0.0000	0.0000	0.0000
ENSG00000229668.1	AL133384.1	processed_pseudogene	0	0	0	0.0000	0.0000	0.0000
ENSG00000229670.2	PKP4P1	unprocessed_pseudogene	0	0	0	0.0000	0.0000	0.0000
ENSG00000229671.3	LINC01150	lncRNA	19	10	9	0.8295	0.2057	0.2224
ENSG00000229672.3	AL450322.2	lncRNA	0	0	0	0.0000	0.0000	0.0000
ENSG00000229673.1	Z73495.1	lncRNA	0	0	0	0.0000	0.0000	0.0000
ENSG00000229674.2	H2AL1RP	protein_coding	2	1	1	0.1700	0.0422	0.0456
ENSG00000229676.3	ZNF492	protein_coding	65	17	53	0.8681	0.2153	0.2328
ENSG00000229677.1	AC018644.1	processed_pseudogene	11	4	7	1.1321	0.2808	0.3036
ENSG00000229679.1	AC007327.2	lncRNA	0	0	0	0.0000	0.0000	0.0000
ENSG00000229682.1	AC114755.1	processed_pseudogene	0	0	0	0.0000	0.0000	0.0000
ENSG00000229686.1	SNORD56	snoRNA	0	0	0	0.0000	0.0000	0.0000
ENSG00000229687.2	AL049745.2	processed_pseudogene	0	0	0	0.0000	0.0000	0.0000
ENSG00000229688.8	CRPPA-AS1	lncRNA	1	1	0	0.0204	0.0051	0.0055
ENSG00000229689.3	AC009237.3	transcribed_unprocessed_pseudogene	126	203	208	1.4354	0.3560	0.3849
ENSG00000229690.1	MTCO2P1	processed_pseudogene	0	0	0	0.0000	0.0000	0.0000
ENSG00000229692.3	SOS1-IT1	lncRNA	65	32	33	2.9395	0.7290	0.7882
ENSG00000229693.2	SKP2P1	processed_pseudogene	0	0	0	0.0000	0.0000	0.0000
ENSG00000229694.7	LINC00484	lncRNA	0	0	2	0.0000	0.0000	0.0000
ENSG00000229695.1	AC011242.1	processed_pseudogene	0	0	0	0.0000	0.0000	0.0000
ENSG00000229696.1	KARS1P1	processed_pseudogene	0	0	0	0.0000	0.0000	0.0000
ENSG00000229697.2	FAM242E	lncRNA	0	0	0	0.0000	0.0000	0.0000
ENSG00000229699.1	AL161636.1	lncRNA	0	0	0	0.0000	0.0000	0.0000
ENSG00000229700.1	AL008627.1	processed_pseudogene	10	5	5	1.1669	0.2894	0.3129
ENSG00000229701.1	MTND2P20	processed_pseudogene	0	0	0	0.0000	0.0000	0.0000
ENSG00000229703.6	LYPD9P	transcribed_unitary_pseudogene	4	1	4	0.2458	0.0609	0.0659
ENSG00000229704.1	EIF2S2P2	processed_pseudogene	0	0	0	0.0000	0.0000	0.0000
ENSG00000229707.1	SKP1P3	processed_pseudogene	0	0	0	0.0000	0.0000	0.0000
ENSG00000229708.1	MARK2P12	processed_pseudogene	0	0	0	0.0000	0.0000	0.0000
ENSG00000229709.1	USP9YP36	unprocessed_pseudogene	0	0	0	0.0000	0.0000	0.0000
ENSG00000229711.1	AL512366.1	lncRNA	0	0	0	0.0000	0.0000	0.0000
ENSG00000229713.1	LCEP2	unprocessed_pseudogene	0	0	0	0.0000	0.0000	0.0000
ENSG00000229715.5	EEF1DP3	transcribed_unprocessed_pseudogene	0	0	0	0.0000	0.0000	0.0000
ENSG00000229716.2	RPL23AP19	processed_pseudogene	1	0	1	0.1537	0.0381	0.0412
ENSG00000229717.3	AC110615.1	lncRNA	1	1	0	0.0229	0.0057	0.0061
ENSG00000229719.5	MIR194-2HG	lncRNA	1	1	0	0.0155	0.0039	0.0042
ENSG00000229720.1	AL109924.1	lncRNA	20	7	13	1.2143	0.3011	0.3256
ENSG00000229721.3	AC104115.1	processed_pseudogene	2	1	1	0.1821	0.0451	0.0488
ENSG00000229722.1	AL078590.1	lncRNA	0	0	0	0.0000	0.0000	0.0000
ENSG00000229723.1	LINC01054	lncRNA	1	0	1	0.1103	0.0274	0.0296
ENSG00000229724.1	OR2AQ1P	unprocessed_pseudogene	0	0	0	0.0000	0.0000	0.0000
ENSG00000229725.1	AC007322.2	unprocessed_pseudogene	0	0	0	0.0000	0.0000	0.0000
ENSG00000229727.7	AC013460.1	lncRNA	0	0	0	0.0000	0.0000	0.0000
ENSG00000229728.1	AL136531.1	lncRNA	36	21	15	4.2532	1.0548	1.1404
ENSG00000229730.2	AC013268.2	processed_pseudogene	0	0	0	0.0000	0.0000	0.0000
ENSG00000229731.1	AC107613.1	processed_pseudogene	0	0	0	0.0000	0.0000	0.0000
ENSG00000229732.1	AC019349.1	lncRNA	0	1	5	0.0000	0.0000	0.0000
ENSG00000229733.1	AL030996.1	processed_pseudogene	0	0	0	0.0000	0.0000	0.0000
ENSG00000229735.1	FTLP16	processed_pseudogene	0	0	0	0.0000	0.0000	0.0000
ENSG00000229738.1	AC010240.1	processed_pseudogene	0	0	0	0.0000	0.0000	0.0000
ENSG00000229739.4	PDC-AS1	lncRNA	49	25	24	0.3971	0.0985	0.1065
ENSG00000229740.3	U91324.1	lncRNA	0	0	0	0.0000	0.0000	0.0000
ENSG00000229742.1	AC092809.1	processed_pseudogene	0	0	0	0.0000	0.0000	0.0000
ENSG00000229743.4	LINC01159	lncRNA	0	0	0	0.0000	0.0000	0.0000
ENSG00000229744.1	SDHDP5	processed_pseudogene	0	0	0	0.0000	0.0000	0.0000
ENSG00000229745.1	BPY2DP	unprocessed_pseudogene	0	0	0	0.0000	0.0000	0.0000
ENSG00000229747.1	AL445687.2	processed_pseudogene	0	0	0	0.0000	0.0000	0.0000
ENSG00000229749.1	COTL1P1	processed_pseudogene	0	0	0	0.0000	0.0000	0.0000
ENSG00000229750.1	AC096649.1	lncRNA	0	81	69	0.0000	0.0000	0.0000
ENSG00000229751.1	AC044781.1	lncRNA	1	1	0	0.0995	0.0247	0.0267
ENSG00000229752.1	RPL7P10	processed_pseudogene	1	0	1	0.0767	0.0190	0.0206
ENSG00000229753.1	RPS27AP15	processed_pseudogene	0	0	0	0.0000	0.0000	0.0000
ENSG00000229754.1	CXCR2P1	transcribed_unprocessed_pseudogene	442	195	248	10.0143	2.4834	2.6852
ENSG00000229755.1	AL121910.1	lncRNA	0	0	0	0.0000	0.0000	0.0000
ENSG00000229756.1	RPL31P20	processed_pseudogene	1	1	0	0.1575	0.0391	0.0422
ENSG00000229757.2	AL031736.2	processed_pseudogene	0	0	0	0.0000	0.0000	0.0000
ENSG00000229758.2	DYNLT3P2	processed_pseudogene	1	0	1	0.1922	0.0477	0.0515
ENSG00000229759.1	MRPS18AP1	processed_pseudogene	9	23	22	0.8665	0.2149	0.2323
ENSG00000229760.1	MTCO1P52	processed_pseudogene	0	0	0	0.0000	0.0000	0.0000
ENSG00000229761.1	RPS20P1	processed_pseudogene	0	0	0	0.0000	0.0000	0.0000
ENSG00000229762.1	AC092647.3	processed_pseudogene	0	0	0	0.0000	0.0000	0.0000
ENSG00000229765.2	AL354868.1	processed_pseudogene	0	0	0	0.0000	0.0000	0.0000
ENSG00000229766.7	AL021396.1	lncRNA	2	48	63	0.0226	0.0056	0.0061
ENSG00000229769.2	TRBV10-2	TR_V_gene	0	0	0	0.0000	0.0000	0.0000
ENSG00000229770.2	AL022337.1	lncRNA	1	1	0	0.0281	0.0070	0.0075
ENSG00000229771.2	AL035665.1	lncRNA	1	0	1	0.0340	0.0084	0.0091
ENSG00000229774.1	AC018866.1	lncRNA	0	0	0	0.0000	0.0000	0.0000
ENSG00000229775.7	LINC02624	lncRNA	0	0	0	0.0000	0.0000	0.0000
ENSG00000229776.1	C4B-AS1	lncRNA	0	4	2	0.0000	0.0000	0.0000
ENSG00000229779.1	AC016751.1	lncRNA	0	0	0	0.0000	0.0000	0.0000
ENSG00000229780.1	UBE2Q1-AS1	lncRNA	2	377	368	0.2625	0.0651	0.0704
ENSG00000229781.1	RRN3P4	processed_pseudogene	16	8	8	0.4766	0.1182	0.1278
ENSG00000229782.1	AC118754.1	lncRNA	2	1	1	0.3065	0.0760	0.0822
ENSG00000229785.1	SLC25A38P1	processed_pseudogene	0	0	0	0.0000	0.0000	0.0000
ENSG00000229786.1	SNRPFP2	processed_pseudogene	0	0	0	0.0000	0.0000	0.0000
ENSG00000229788.1	LINC00388	lncRNA	0	0	0	0.0000	0.0000	0.0000
ENSG00000229791.1	AL356259.1	lncRNA	0	0	0	0.0000	0.0000	0.0000
ENSG00000229792.1	LINC00399	lncRNA	0	0	0	0.0000	0.0000	0.0000
ENSG00000229794.2	MTCYBP32	processed_pseudogene	0	0	0	0.0000	0.0000	0.0000
ENSG00000229795.2	RPS21P1	transcribed_processed_pseudogene	0	0	0	0.0000	0.0000	0.0000
ENSG00000229797.2	AC140481.1	lncRNA	0	0	0	0.0000	0.0000	0.0000
ENSG00000229798.1	KRT18P26	processed_pseudogene	1	0	1	0.0443	0.0110	0.0119
ENSG00000229800.1	ATP8A2P2	processed_pseudogene	0	1	0	0.0000	0.0000	0.0000
ENSG00000229805.1	LINC01813	lncRNA	0	0	0	0.0000	0.0000	0.0000
ENSG00000229806.1	RPS15P5	processed_pseudogene	4	3	1	0.5251	0.1302	0.1408
ENSG00000229807.12	XIST	lncRNA	7862	13214	13179	17.6464	4.3761	4.7316
ENSG00000229808.1	AL391825.1	transcribed_processed_pseudogene	5	3	2	0.2079	0.0516	0.0557
ENSG00000229809.8	ZNF688	protein_coding	563	302	274	10.5616	2.6192	2.8319
ENSG00000229814.1	RPL35AP21	processed_pseudogene	0	0	0	0.0000	0.0000	0.0000
ENSG00000229815.1	CCNB1IP1P1	processed_pseudogene	0	0	0	0.0000	0.0000	0.0000
ENSG00000229816.1	DDX50P1	processed_pseudogene	11	8	3	0.2599	0.0645	0.0697
ENSG00000229817.1	AL133412.1	processed_pseudogene	0	1	0	0.0000	0.0000	0.0000
ENSG00000229820.2	CR391992.1	processed_pseudogene	1	1	6	0.1439	0.0357	0.0386
ENSG00000229821.1	AC103925.1	lncRNA	0	0	0	0.0000	0.0000	0.0000
ENSG00000229822.2	RPS15AP39	processed_pseudogene	3	0	3	0.4396	0.1090	0.1179
ENSG00000229824.1	RPL12P34	processed_pseudogene	0	0	0	0.0000	0.0000	0.0000
ENSG00000229826.2	AC244505.5	processed_pseudogene	0	0	0	0.0000	0.0000	0.0000
ENSG00000229827.1	AC093899.1	processed_pseudogene	2	0	2	0.3016	0.0748	0.0809
ENSG00000229828.2	PDE4DIPP1	unprocessed_pseudogene	4	3	1	0.1382	0.0343	0.0371
ENSG00000229829.1	DUTP4	processed_pseudogene	0	0	0	0.0000	0.0000	0.0000
ENSG00000229830.1	AL589823.1	processed_pseudogene	0	0	0	0.0000	0.0000	0.0000
ENSG00000229831.2	AC108039.2	processed_pseudogene	0	0	0	0.0000	0.0000	0.0000
ENSG00000229832.1	AL360091.1	lncRNA	5	1	4	0.5717	0.1418	0.1533
ENSG00000229833.10	PET100	protein_coding	50	39	26	1.3103	0.3249	0.3513
ENSG00000229834.1	AL354676.1	processed_pseudogene	0	0	0	0.0000	0.0000	0.0000
ENSG00000229835.2	KHSRPP1	processed_pseudogene	2	2	0	0.0642	0.0159	0.0172
ENSG00000229836.1	AL671883.1	unprocessed_pseudogene	6	2	4	1.1120	0.2758	0.2982
ENSG00000229839.6	AC018462.1	lncRNA	16	18	20	0.4942	0.1226	0.1325
ENSG00000229840.2	ISCA1P2	processed_pseudogene	0	0	0	0.0000	0.0000	0.0000
ENSG00000229842.2	MTATP6P13	unprocessed_pseudogene	0	0	0	0.0000	0.0000	0.0000
ENSG00000229846.2	AC099788.1	lncRNA	0	0	0	0.0000	0.0000	0.0000
ENSG00000229847.9	EMX2OS	lncRNA	184	100	96	1.1701	0.2902	0.3137
ENSG00000229848.1	AC139149.1	lncRNA	76	35	43	4.5036	1.1169	1.2076
ENSG00000229849.1	PYHIN5P	unprocessed_pseudogene	0	0	0	0.0000	0.0000	0.0000
ENSG00000229851.1	ARSD-AS1	lncRNA	0	680	673	0.0000	0.0000	0.0000
ENSG00000229852.4	AC019205.1	lncRNA	107	41	66	0.5806	0.1440	0.1557
ENSG00000229853.1	AL034418.1	processed_pseudogene	4	0	4	0.2638	0.0654	0.0707
ENSG00000229854.1	AL357936.1	lncRNA	0	0	0	0.0000	0.0000	0.0000
ENSG00000229855.9	AC008568.1	lncRNA	3	3	0	0.0248	0.0061	0.0066
ENSG00000229857.1	AL353637.1	processed_pseudogene	0	0	0	0.0000	0.0000	0.0000
ENSG00000229858.2	AC016831.2	processed_pseudogene	0	0	0	0.0000	0.0000	0.0000
ENSG00000229859.10	PGA3	protein_coding	0	0	0	0.0000	0.0000	0.0000
ENSG00000229862.5	AL121972.1	lncRNA	3	9	12	0.2116	0.0525	0.0567
ENSG00000229863.1	AC097358.1	processed_pseudogene	1	0	1	0.0974	0.0242	0.0261
ENSG00000229865.1	RPL31P54	processed_pseudogene	0	0	0	0.0000	0.0000	0.0000
ENSG00000229867.2	STEAP3-AS1	lncRNA	12	151	193	0.2044	0.0507	0.0548
ENSG00000229869.1	AL359878.2	lncRNA	2	0	2	0.2787	0.0691	0.0747
ENSG00000229870.1	RPL21P89	processed_pseudogene	24	13	11	2.9144	0.7227	0.7815
ENSG00000229871.1	RPSAP20	processed_pseudogene	0	0	0	0.0000	0.0000	0.0000
ENSG00000229873.1	OGFR-AS1	lncRNA	7	12	12	0.5943	0.1474	0.1593
ENSG00000229875.1	EIF1P1	processed_pseudogene	0	0	0	0.0000	0.0000	0.0000
ENSG00000229876.1	CASC20	lncRNA	0	0	0	0.0000	0.0000	0.0000
ENSG00000229877.1	PAICSP5	processed_pseudogene	0	0	0	0.0000	0.0000	0.0000
ENSG00000229878.1	AL365203.1	processed_pseudogene	0	0	0	0.0000	0.0000	0.0000
ENSG00000229880.1	IMMTP1	processed_pseudogene	0	0	0	0.0000	0.0000	0.0000
ENSG00000229881.1	AC091685.1	lncRNA	0	0	0	0.0000	0.0000	0.0000
ENSG00000229882.1	AL450469.1	lncRNA	0	0	0	0.0000	0.0000	0.0000
ENSG00000229885.1	AC244505.6	processed_pseudogene	0	0	0	0.0000	0.0000	0.0000
ENSG00000229886.1	AC068533.2	processed_pseudogene	11	9	2	2.0386	0.5056	0.5466
ENSG00000229887.4	HNRNPA1P6	transcribed_unprocessed_pseudogene	0	0	0	0.0000	0.0000	0.0000
ENSG00000229890.1	ACTP1	processed_pseudogene	1	1	0	0.1481	0.0367	0.0397
ENSG00000229891.2	LINC01315	lncRNA	20	8	12	0.8560	0.2123	0.2295
ENSG00000229892.1	AL035666.1	processed_pseudogene	7	3	4	1.1407	0.2829	0.3059
ENSG00000229893.2	TAX1BP1-AS1	lncRNA	1	340	353	0.0477	0.0118	0.0128
ENSG00000229894.4	GK3P	protein_coding	1	0	1	0.0304	0.0075	0.0081
ENSG00000229896.2	AL157373.2	lncRNA	0	0	0	0.0000	0.0000	0.0000
ENSG00000229897.2	SEPTIN7P7	processed_pseudogene	0	0	0	0.0000	0.0000	0.0000
ENSG00000229899.1	AC084290.1	processed_pseudogene	0	0	0	0.0000	0.0000	0.0000
ENSG00000229900.1	HSPD1P21	processed_pseudogene	0	0	0	0.0000	0.0000	0.0000
ENSG00000229901.1	FOXO6-AS1	lncRNA	20	8	12	2.8787	0.7139	0.7719
ENSG00000229905.1	AL669831.2	lncRNA	0	0	0	0.0000	0.0000	0.0000
ENSG00000229906.1	SNRPGP11	processed_pseudogene	0	0	0	0.0000	0.0000	0.0000
ENSG00000229907.3	DEFB108A	unprocessed_pseudogene	0	0	0	0.0000	0.0000	0.0000
ENSG00000229909.1	TRIM60P16	processed_pseudogene	0	0	0	0.0000	0.0000	0.0000
ENSG00000229910.1	HNRNPA1P18	processed_pseudogene	0	0	0	0.0000	0.0000	0.0000
ENSG00000229911.2	AL139148.1	processed_pseudogene	0	0	0	0.0000	0.0000	0.0000
ENSG00000229912.1	AC128709.1	lncRNA	4	2	2	0.3781	0.0938	0.1014
ENSG00000229913.1	AL360295.1	lncRNA	0	0	0	0.0000	0.0000	0.0000
ENSG00000229914.1	AL138899.2	processed_pseudogene	0	0	0	0.0000	0.0000	0.0000
ENSG00000229915.1	AC016999.1	lncRNA	6	11	15	0.7528	0.1867	0.2018
ENSG00000229917.2	RPL7P46	processed_pseudogene	0	0	0	0.0000	0.0000	0.0000
ENSG00000229918.1	DOCK9-AS1	lncRNA	0	0	0	0.0000	0.0000	0.0000
ENSG00000229919.3	ELOCP3	processed_pseudogene	0	0	0	0.0000	0.0000	0.0000
ENSG00000229920.2	RPS4XP5	transcribed_processed_pseudogene	0	0	0	0.0000	0.0000	0.0000
ENSG00000229921.7	KIF25-AS1	lncRNA	1	0	2	0.0182	0.0045	0.0049
ENSG00000229922.5	LINC02865	lncRNA	1	0	1	0.0696	0.0173	0.0187
ENSG00000229923.2	AL583803.1	lncRNA	0	0	0	0.0000	0.0000	0.0000
ENSG00000229924.3	FAM90A26	protein_coding	3	1	2	0.0683	0.0169	0.0183
ENSG00000229925.1	AP001043.1	lncRNA	0	0	0	0.0000	0.0000	0.0000
ENSG00000229926.1	IL9RP1	unprocessed_pseudogene	0	0	0	0.0000	0.0000	0.0000
ENSG00000229927.2	RHEBP1	processed_pseudogene	0	1	1	0.0000	0.0000	0.0000
ENSG00000229928.1	LINC00400	lncRNA	0	0	0	0.0000	0.0000	0.0000
ENSG00000229930.1	AC138393.2	unprocessed_pseudogene	4	2	2	0.9221	0.2287	0.2472
ENSG00000229931.1	ATXN1-AS1	lncRNA	42	26	18	3.4123	0.8462	0.9150
ENSG00000229932.3	YWHAZP3	processed_pseudogene	29	13	16	2.2284	0.5526	0.5975
ENSG00000229935.1	MTCYBP9	processed_pseudogene	0	0	0	0.0000	0.0000	0.0000
ENSG00000229937.9	PRPS1L1	protein_coding	1	1	0	0.0527	0.0131	0.0141
ENSG00000229938.1	MYO16-AS2	lncRNA	0	0	0	0.0000	0.0000	0.0000
ENSG00000229939.1	AL589880.1	processed_pseudogene	28	15	13	5.5327	1.3720	1.4835
ENSG00000229940.1	TSPY22P	unprocessed_pseudogene	0	0	0	0.0000	0.0000	0.0000
ENSG00000229941.6	PDE11A-AS1	lncRNA	1	2	4	0.0308	0.0076	0.0083
ENSG00000229943.1	AC133865.1	lncRNA	0	0	0	0.0000	0.0000	0.0000
ENSG00000229944.3	EIF4EP2	processed_pseudogene	11	6	5	0.9538	0.2365	0.2558
ENSG00000229946.2	B3GNT2P1	processed_pseudogene	0	0	0	0.0000	0.0000	0.0000
ENSG00000229948.2	B3GALNT1P1	processed_pseudogene	0	0	0	0.0000	0.0000	0.0000
ENSG00000229949.1	AC005094.1	processed_pseudogene	0	0	0	0.0000	0.0000	0.0000
ENSG00000229950.1	TFAP2A-AS1	lncRNA	46	139	150	1.5418	0.3823	0.4134
ENSG00000229951.5	FLJ31356	lncRNA	31	19	12	0.5858	0.1453	0.1571
ENSG00000229953.1	AL590666.2	lncRNA	20	16	15	1.4963	0.3711	0.4012
ENSG00000229954.1	MTND2P2	processed_pseudogene	1	0	1	0.0600	0.0149	0.0161
ENSG00000229955.1	Z98749.1	lncRNA	0	0	0	0.0000	0.0000	0.0000
ENSG00000229956.11	ZRANB2-AS2	lncRNA	56	32	37	0.2135	0.0529	0.0572
ENSG00000229957.1	AL031687.1	lncRNA	0	0	0	0.0000	0.0000	0.0000
ENSG00000229960.1	AL590483.1	lncRNA	0	0	0	0.0000	0.0000	0.0000
ENSG00000229961.3	AL357143.1	transcribed_unprocessed_pseudogene	3	3	1	0.0292	0.0073	0.0078
ENSG00000229962.2	AP000221.1	lncRNA	0	0	0	0.0000	0.0000	0.0000
ENSG00000229964.1	AC080129.1	lncRNA	0	0	0	0.0000	0.0000	0.0000
ENSG00000229965.1	RPS3AP7	processed_pseudogene	3	1	2	0.2178	0.0540	0.0584
ENSG00000229967.1	MAGEA4-AS1	lncRNA	0	0	0	0.0000	0.0000	0.0000
ENSG00000229968.1	AL022578.1	processed_pseudogene	0	0	0	0.0000	0.0000	0.0000
ENSG00000229969.1	AL136982.2	lncRNA	0	4	10	0.0000	0.0000	0.0000
ENSG00000229970.3	AC007128.1	lncRNA	0	0	0	0.0000	0.0000	0.0000
ENSG00000229971.1	AL022313.3	lncRNA	0	0	0	0.0000	0.0000	0.0000
ENSG00000229972.8	IQCF3	protein_coding	0	0	0	0.0000	0.0000	0.0000
ENSG00000229975.1	LIPT1P1	processed_pseudogene	0	0	0	0.0000	0.0000	0.0000
ENSG00000229976.2	AL118523.1	lncRNA	3	3	0	0.0690	0.0171	0.0185
ENSG00000229977.2	AC073264.1	processed_pseudogene	0	0	0	0.0000	0.0000	0.0000
ENSG00000229978.1	PRAMEF36P	transcribed_unprocessed_pseudogene	0	0	0	0.0000	0.0000	0.0000
ENSG00000229979.1	AC243428.1	processed_pseudogene	0	0	0	0.0000	0.0000	0.0000
ENSG00000229980.5	TOB1-AS1	lncRNA	47	46	66	0.7531	0.1868	0.2019
ENSG00000229981.8	LINC01435	lncRNA	2	0	2	0.0171	0.0042	0.0046
ENSG00000229982.1	GTF3AP6	processed_pseudogene	0	0	0	0.0000	0.0000	0.0000
ENSG00000229983.1	AL606468.1	lncRNA	0	0	0	0.0000	0.0000	0.0000
ENSG00000229985.2	AL590640.2	processed_pseudogene	0	0	0	0.0000	0.0000	0.0000
ENSG00000229986.1	AP001042.2	lncRNA	0	0	0	0.0000	0.0000	0.0000
ENSG00000229988.2	HBBP1	transcribed_unprocessed_pseudogene	0	0	0	0.0000	0.0000	0.0000
ENSG00000229989.4	MIR181A1HG	lncRNA	2	0	2	0.0210	0.0052	0.0056
ENSG00000229990.3	AC022400.2	lncRNA	1	0	1	0.0655	0.0162	0.0176
ENSG00000229991.1	AKR1B1P1	processed_pseudogene	0	0	0	0.0000	0.0000	0.0000
ENSG00000229992.1	HMGB3P9	processed_pseudogene	2	1	1	0.1945	0.0482	0.0522
ENSG00000229994.1	RPL5P4	processed_pseudogene	9	4	5	0.5761	0.1429	0.1545
ENSG00000229996.1	AC093585.1	lncRNA	1	0	1	0.1325	0.0329	0.0355
ENSG00000229999.6	SGSM3-AS1	lncRNA	0	0	0	0.0000	0.0000	0.0000
ENSG00000230000.3	AC006455.5	lncRNA	0	0	0	0.0000	0.0000	0.0000
ENSG00000230001.1	AL359095.1	lncRNA	0	0	0	0.0000	0.0000	0.0000
ENSG00000230002.3	ALMS1-IT1	lncRNA	36	22	14	0.9699	0.2405	0.2601
ENSG00000230003.2	AL445646.1	processed_pseudogene	0	0	0	0.0000	0.0000	0.0000
ENSG00000230005.2	SNAP47-AS1	lncRNA	3	2	1	0.0996	0.0247	0.0267
ENSG00000230006.7	ANKRD36BP2	transcribed_unprocessed_pseudogene	13	9	5	0.0917	0.0227	0.0246
ENSG00000230009.1	MTCO2P3	processed_pseudogene	0	0	0	0.0000	0.0000	0.0000
ENSG00000230010.2	AL049646.1	lncRNA	7	7	7	0.1227	0.0304	0.0329
ENSG00000230011.2	CTSLP4	unprocessed_pseudogene	0	0	0	0.0000	0.0000	0.0000
ENSG00000230013.2	CT70	lncRNA	2	2	0	0.0338	0.0084	0.0091
ENSG00000230014.1	LINC00709	lncRNA	0	0	0	0.0000	0.0000	0.0000
ENSG00000230015.3	AL365184.2	lncRNA	0	0	0	0.0000	0.0000	0.0000
ENSG00000230018.1	PPIAP39	processed_pseudogene	0	33	16	0.0000	0.0000	0.0000
ENSG00000230019.1	YWHAQP9	processed_pseudogene	0	0	0	0.0000	0.0000	0.0000
ENSG00000230020.1	NHS-AS1	lncRNA	0	0	0	0.0000	0.0000	0.0000
ENSG00000230021.10	AL669831.3	transcribed_processed_pseudogene	7	69	70	0.0722	0.0179	0.0194
ENSG00000230022.1	FNTAP2	processed_pseudogene	2	1	1	0.1789	0.0444	0.0480
ENSG00000230023.2	LINC02800	lncRNA	0	0	0	0.0000	0.0000	0.0000
ENSG00000230025.1	AC007967.3	unprocessed_pseudogene	0	0	0	0.0000	0.0000	0.0000
ENSG00000230026.2	AL357556.1	processed_pseudogene	0	0	0	0.0000	0.0000	0.0000
ENSG00000230027.2	AC092813.2	lncRNA	0	0	0	0.0000	0.0000	0.0000
ENSG00000230029.1	CDY11P	unprocessed_pseudogene	0	0	0	0.0000	0.0000	0.0000
ENSG00000230030.1	AL353742.1	lncRNA	0	0	0	0.0000	0.0000	0.0000
ENSG00000230031.10	POTEB2	protein_coding	0	0	0	0.0000	0.0000	0.0000
ENSG00000230033.1	AC006357.1	lncRNA	2	0	2	0.2136	0.0530	0.0573
ENSG00000230035.2	IGSF21-AS1	lncRNA	0	0	0	0.0000	0.0000	0.0000
ENSG00000230037.1	UBBP1	processed_pseudogene	2	0	2	0.2398	0.0595	0.0643
ENSG00000230039.1	CCNYL5	processed_pseudogene	0	0	0	0.0000	0.0000	0.0000
ENSG00000230040.2	LINC00364	lncRNA	0	0	0	0.0000	0.0000	0.0000
ENSG00000230042.1	AK3P3	processed_pseudogene	18	6	12	1.5373	0.3812	0.4122
ENSG00000230043.1	TMSB4XP6	processed_pseudogene	0	6	9	0.0000	0.0000	0.0000
ENSG00000230044.1	CDK8P1	processed_pseudogene	0	0	0	0.0000	0.0000	0.0000
ENSG00000230045.4	FAM90A15P	unprocessed_pseudogene	0	0	0	0.0000	0.0000	0.0000
ENSG00000230046.1	BIRC6-AS1	lncRNA	0	12	13	0.0000	0.0000	0.0000
ENSG00000230047.1	HIGD2AP1	processed_pseudogene	1	1	0	0.1767	0.0438	0.0474
ENSG00000230051.2	AL020994.2	lncRNA	0	0	0	0.0000	0.0000	0.0000
ENSG00000230052.1	MTND3P2	unprocessed_pseudogene	0	0	0	0.0000	0.0000	0.0000
ENSG00000230053.2	AC093578.1	processed_pseudogene	1	1	0	0.1541	0.0382	0.0413
ENSG00000230054.3	TEX53	protein_coding	2	3	1	0.1993	0.0494	0.0534
ENSG00000230056.1	DDX6P1	processed_pseudogene	0	0	0	0.0000	0.0000	0.0000
ENSG00000230061.2	TRPM2-AS	lncRNA	227	111	118	5.6166	1.3929	1.5060
ENSG00000230062.5	ANKRD66	protein_coding	0	0	0	0.0000	0.0000	0.0000
ENSG00000230063.1	AL360091.2	lncRNA	2	1	1	0.1745	0.0433	0.0468
ENSG00000230064.1	AL772161.1	processed_pseudogene	0	3	2	0.0000	0.0000	0.0000
ENSG00000230065.1	AC010974.1	lncRNA	0	0	0	0.0000	0.0000	0.0000
ENSG00000230066.6	FAM197Y3	transcribed_unprocessed_pseudogene	0	0	0	0.0000	0.0000	0.0000
ENSG00000230067.3	HSPD1P6	transcribed_processed_pseudogene	31	16	15	0.8068	0.2001	0.2163
ENSG00000230068.2	CDC42-IT1	lncRNA	3	2	1	0.2459	0.0610	0.0659
ENSG00000230069.3	LRRC37A15P	processed_pseudogene	11	6	5	0.4604	0.1142	0.1234
ENSG00000230071.2	RPL4P6	processed_pseudogene	15	7	8	0.6523	0.1618	0.1749
ENSG00000230073.1	AC009947.1	unprocessed_pseudogene	0	0	0	0.0000	0.0000	0.0000
ENSG00000230074.3	AL162231.2	lncRNA	138	144	143	5.5503	1.3764	1.4882
ENSG00000230076.1	RPL10P6	processed_pseudogene	7	3	5	1.2483	0.3096	0.3347
ENSG00000230077.1	MTAPP2	processed_pseudogene	0	0	0	0.0000	0.0000	0.0000
ENSG00000230079.1	STK24P1	processed_pseudogene	0	0	0	0.0000	0.0000	0.0000
ENSG00000230080.2	AC139143.1	processed_pseudogene	1	1	1	0.0470	0.0117	0.0126
ENSG00000230081.2	HSPE1P28	processed_pseudogene	1	1	0	0.2688	0.0667	0.0721
ENSG00000230082.1	PRRT3-AS1	lncRNA	18	54	60	1.6625	0.4123	0.4458
ENSG00000230083.1	AC009237.4	processed_pseudogene	0	0	0	0.0000	0.0000	0.0000
ENSG00000230084.6	AC006059.1	lncRNA	112	146	113	2.0469	0.5076	0.5488
ENSG00000230086.1	VN1R96P	unitary_pseudogene	0	0	0	0.0000	0.0000	0.0000
ENSG00000230087.1	AC104389.3	processed_pseudogene	0	0	0	0.0000	0.0000	0.0000
ENSG00000230088.1	KRT16P5	processed_pseudogene	0	0	0	0.0000	0.0000	0.0000
ENSG00000230090.5	AC108025.1	lncRNA	0	0	0	0.0000	0.0000	0.0000
ENSG00000230091.6	TMEM254-AS1	lncRNA	165	159	175	2.9819	0.7395	0.7995
ENSG00000230092.7	AL669831.4	transcribed_unprocessed_pseudogene	4	11	7	0.2601	0.0645	0.0698
ENSG00000230096.1	AC022535.1	lncRNA	0	0	0	0.0000	0.0000	0.0000
ENSG00000230097.2	ME2P1	processed_pseudogene	0	0	0	0.0000	0.0000	0.0000
ENSG00000230098.1	TCERG1L-AS1	lncRNA	17	12	5	2.0425	0.5065	0.5477
ENSG00000230099.2	TRBV5-4	TR_V_gene	3	0	3	0.3127	0.0776	0.0839
ENSG00000230100.1	AL606490.3	lncRNA	0	0	0	0.0000	0.0000	0.0000
ENSG00000230101.5	TUBB3P2	processed_pseudogene	0	0	0	0.0000	0.0000	0.0000
ENSG00000230102.8	LINC02028	lncRNA	34	18	16	0.1803	0.0447	0.0483
ENSG00000230104.1	AC018712.1	processed_pseudogene	0	0	0	0.0000	0.0000	0.0000
ENSG00000230105.1	AL354793.1	lncRNA	1	1	0	0.0795	0.0197	0.0213
ENSG00000230106.1	SNRPCP15	processed_pseudogene	0	1	0	0.0000	0.0000	0.0000
ENSG00000230107.1	AL022316.1	lncRNA	5	3	2	0.4957	0.1229	0.1329
ENSG00000230109.1	LINC02643	lncRNA	0	0	0	0.0000	0.0000	0.0000
ENSG00000230111.1	H3P11	processed_pseudogene	0	0	0	0.0000	0.0000	0.0000
ENSG00000230112.1	AL157398.1	processed_pseudogene	0	0	0	0.0000	0.0000	0.0000
ENSG00000230113.1	AC138207.1	lncRNA	8	153	151	0.8324	0.2064	0.2232
ENSG00000230114.1	AGBL4-AS1	lncRNA	0	0	0	0.0000	0.0000	0.0000
ENSG00000230115.1	TPRG1-AS2	lncRNA	0	90	87	0.0000	0.0000	0.0000
ENSG00000230116.1	RPS3AP11	processed_pseudogene	0	0	0	0.0000	0.0000	0.0000
ENSG00000230118.1	AC092569.1	processed_pseudogene	9	1	8	1.9783	0.4906	0.5304
ENSG00000230119.1	AC123900.1	processed_pseudogene	0	0	0	0.0000	0.0000	0.0000
ENSG00000230120.1	AL008723.1	lncRNA	0	0	0	0.0000	0.0000	0.0000
ENSG00000230121.1	AL445070.1	lncRNA	0	0	0	0.0000	0.0000	0.0000
ENSG00000230122.1	ECEL1P3	unprocessed_pseudogene	0	0	0	0.0000	0.0000	0.0000
ENSG00000230123.1	DLEC1P1	unprocessed_pseudogene	0	0	0	0.0000	0.0000	0.0000
ENSG00000230124.8	ACBD6	protein_coding	2615	1427	1379	19.7413	4.8956	5.2933
ENSG00000230125.1	EEF1A1P39	processed_pseudogene	1	0	1	0.2268	0.0563	0.0608
ENSG00000230126.1	FGF12-AS2	lncRNA	0	0	0	0.0000	0.0000	0.0000
ENSG00000230130.1	MTND2P39	processed_pseudogene	0	0	0	0.0000	0.0000	0.0000
ENSG00000230131.6	LINC02641	lncRNA	6	4	2	0.0640	0.0159	0.0172
ENSG00000230132.1	AC006457.1	processed_pseudogene	0	0	0	0.0000	0.0000	0.0000
ENSG00000230133.2	LINC01721	lncRNA	2	2	0	0.0127	0.0031	0.0034
ENSG00000230137.1	AC004832.2	processed_pseudogene	0	0	0	0.0000	0.0000	0.0000
ENSG00000230138.2	LINC02812	lncRNA	0	0	0	0.0000	0.0000	0.0000
ENSG00000230140.7	NPAS2-AS1	lncRNA	2	31	33	0.0538	0.0133	0.0144
ENSG00000230142.2	LINC01075	lncRNA	0	0	0	0.0000	0.0000	0.0000
ENSG00000230146.1	SEPHS1P4	processed_pseudogene	1	1	0	0.0482	0.0120	0.0129
ENSG00000230147.2	AL158071.1	processed_pseudogene	1	0	1	0.1230	0.0305	0.0330
ENSG00000230148.8	HOXB-AS1	lncRNA	72	160	158	2.6191	0.6495	0.7023
ENSG00000230149.2	AL021707.3	lncRNA	6	133	123	0.6457	0.1601	0.1731
ENSG00000230153.5	AF274573.1	lncRNA	0	0	0	0.0000	0.0000	0.0000
ENSG00000230154.1	AIDAP1	processed_pseudogene	4	3	1	0.2474	0.0613	0.0663
ENSG00000230155.6	CEP250-AS1	lncRNA	5	127	102	0.3380	0.0838	0.0906
ENSG00000230156.3	LINC00443	lncRNA	0	0	0	0.0000	0.0000	0.0000
ENSG00000230157.1	ATP5MC1P1	processed_pseudogene	2	1	1	0.2993	0.0742	0.0802
ENSG00000230158.1	MTND1P28	unprocessed_pseudogene	0	0	0	0.0000	0.0000	0.0000
ENSG00000230159.1	BX119904.1	lncRNA	0	0	0	0.0000	0.0000	0.0000
ENSG00000230160.1	AC004854.1	processed_pseudogene	0	0	0	0.0000	0.0000	0.0000
ENSG00000230161.1	AL162395.1	processed_pseudogene	0	0	0	0.0000	0.0000	0.0000
ENSG00000230162.1	CT45A11P	unprocessed_pseudogene	2	1	1	0.1000	0.0248	0.0268
ENSG00000230163.1	AL122010.1	lncRNA	0	32	48	0.0000	0.0000	0.0000
ENSG00000230164.1	MAS1LP1	unprocessed_pseudogene	5	2	3	0.2708	0.0672	0.0726
ENSG00000230165.1	AURKAP2	processed_pseudogene	0	0	0	0.0000	0.0000	0.0000
ENSG00000230166.1	RPL35AP24	processed_pseudogene	0	0	0	0.0000	0.0000	0.0000
ENSG00000230169.1	RPL30P16	processed_pseudogene	0	0	0	0.0000	0.0000	0.0000
ENSG00000230170.1	HNRNPA1P28	processed_pseudogene	1	1	0	0.0590	0.0146	0.0158
ENSG00000230171.1	RPL22P18	processed_pseudogene	0	0	0	0.0000	0.0000	0.0000
ENSG00000230172.1	AC090957.1	lncRNA	0	0	0	0.0000	0.0000	0.0000
ENSG00000230173.1	LINC01790	lncRNA	0	0	0	0.0000	0.0000	0.0000
ENSG00000230174.1	LINC01149	lncRNA	0	0	0	0.0000	0.0000	0.0000
ENSG00000230175.1	AL451074.3	processed_pseudogene	0	0	0	0.0000	0.0000	0.0000
ENSG00000230176.3	LINC01433	lncRNA	2	1	1	0.1198	0.0297	0.0321
ENSG00000230178.1	OR4F3	protein_coding	0	0	0	0.0000	0.0000	0.0000
ENSG00000230180.1	RPL12P49	processed_pseudogene	0	0	0	0.0000	0.0000	0.0000
ENSG00000230182.1	RNF10P1	processed_pseudogene	0	0	0	0.0000	0.0000	0.0000
ENSG00000230183.4	CNOT6LP1	processed_pseudogene	36	20	16	1.3964	0.3463	0.3744
ENSG00000230184.1	SMYD3-IT1	lncRNA	1	0	1	0.1571	0.0390	0.0421
ENSG00000230185.5	C9orf147	lncRNA	24	15	19	0.5688	0.1410	0.1525
ENSG00000230186.3	AC246680.1	lncRNA	0	2	5	0.0000	0.0000	0.0000
ENSG00000230187.1	AL139109.1	processed_pseudogene	0	0	0	0.0000	0.0000	0.0000
ENSG00000230188.1	AL158156.1	processed_pseudogene	1	0	1	0.1199	0.0297	0.0321
ENSG00000230189.7	AC008267.2	transcribed_unprocessed_pseudogene	2	2	0	0.1156	0.0287	0.0310
ENSG00000230190.1	AC005518.1	lncRNA	0	0	0	0.0000	0.0000	0.0000
ENSG00000230191.1	IFITM3P4	processed_pseudogene	7	2	5	1.0205	0.2531	0.2736
ENSG00000230192.1	AC073387.1	processed_pseudogene	0	0	0	0.0000	0.0000	0.0000
ENSG00000230194.1	AC000081.1	processed_pseudogene	0	0	0	0.0000	0.0000	0.0000
ENSG00000230196.1	DDX43P3	processed_pseudogene	0	0	0	0.0000	0.0000	0.0000
ENSG00000230197.6	AC007952.3	lncRNA	0	0	0	0.0000	0.0000	0.0000
ENSG00000230198.1	RPL37P4	processed_pseudogene	0	0	0	0.0000	0.0000	0.0000
ENSG00000230199.1	AL603825.1	processed_pseudogene	6	3	3	4.2532	1.0548	1.1404
ENSG00000230201.5	ATP6V0CP1	processed_pseudogene	1	1	0	0.0918	0.0228	0.0246
ENSG00000230202.1	AL450405.1	processed_pseudogene	131	62	69	15.6730	3.8867	4.2025
ENSG00000230203.1	Z99714.1	processed_pseudogene	0	0	0	0.0000	0.0000	0.0000
ENSG00000230204.1	FTH1P5	processed_pseudogene	70	39	31	7.2838	1.8063	1.9530
ENSG00000230205.1	AL359382.1	lncRNA	1	0	1	0.1331	0.0330	0.0357
ENSG00000230207.1	RPL4P5	processed_pseudogene	14	6	8	0.6222	0.1543	0.1668
ENSG00000230208.1	IFNNP1	processed_pseudogene	1	1	0	0.1025	0.0254	0.0275
ENSG00000230212.6	AP000688.1	lncRNA	1	278	293	0.0439	0.0109	0.0118
ENSG00000230213.1	OR8V1P	unprocessed_pseudogene	0	0	0	0.0000	0.0000	0.0000
ENSG00000230214.1	FTLP18	processed_pseudogene	0	0	0	0.0000	0.0000	0.0000
ENSG00000230215.1	LINC01840	lncRNA	0	0	0	0.0000	0.0000	0.0000
ENSG00000230216.1	HSPB1P2	processed_pseudogene	15	8	8	1.5580	0.3864	0.4177
ENSG00000230219.3	CIBAR1P2	transcribed_processed_pseudogene	1	0	1	0.0231	0.0057	0.0062
ENSG00000230221.2	AL157384.1	processed_pseudogene	0	1	0	0.0000	0.0000	0.0000
ENSG00000230223.8	ATXN8OS	lncRNA	7	3	5	0.0544	0.0135	0.0146
ENSG00000230224.1	PHBP9	processed_pseudogene	34	22	12	2.3371	0.5796	0.6267
ENSG00000230225.1	MTND5P14	unprocessed_pseudogene	1	0	1	0.0448	0.0111	0.0120
ENSG00000230226.1	AL121829.1	lncRNA	2	1	1	0.3016	0.0748	0.0809
ENSG00000230227.4	SIAH1P1	processed_pseudogene	0	0	0	0.0000	0.0000	0.0000
ENSG00000230228.2	H3P1	processed_pseudogene	0	0	0	0.0000	0.0000	0.0000
ENSG00000230229.1	AC010163.2	lncRNA	0	0	0	0.0000	0.0000	0.0000
ENSG00000230231.1	FMO7P	unprocessed_pseudogene	0	0	0	0.0000	0.0000	0.0000
ENSG00000230233.1	AF240627.1	lncRNA	0	0	0	0.0000	0.0000	0.0000
ENSG00000230234.1	AL162582.1	lncRNA	0	0	0	0.0000	0.0000	0.0000
ENSG00000230237.1	GNA13P1	processed_pseudogene	0	0	0	0.0000	0.0000	0.0000
ENSG00000230239.1	BX284668.3	unprocessed_pseudogene	0	0	0	0.0000	0.0000	0.0000
ENSG00000230240.1	RPL34P19	processed_pseudogene	1	1	0	0.1658	0.0411	0.0445
ENSG00000230241.1	AC244636.1	processed_pseudogene	0	0	0	0.0000	0.0000	0.0000
ENSG00000230243.1	FKBP1AP3	processed_pseudogene	0	0	0	0.0000	0.0000	0.0000
ENSG00000230244.1	RAD23BP2	processed_pseudogene	0	0	0	0.0000	0.0000	0.0000
ENSG00000230245.2	BX088651.3	processed_pseudogene	0	0	0	0.0000	0.0000	0.0000
ENSG00000230246.7	SPATA31C1	transcribed_unprocessed_pseudogene	0	0	0	0.0000	0.0000	0.0000
ENSG00000230247.2	HNRNPH3P1	processed_pseudogene	0	0	0	0.0000	0.0000	0.0000
ENSG00000230248.1	Z98742.1	lncRNA	0	0	0	0.0000	0.0000	0.0000
ENSG00000230249.1	RPS24P21	processed_pseudogene	0	0	0	0.0000	0.0000	0.0000
ENSG00000230250.3	LINC01753	lncRNA	0	0	0	0.0000	0.0000	0.0000
ENSG00000230251.1	PHBP4	processed_pseudogene	1	1	0	0.0678	0.0168	0.0182
ENSG00000230252.1	MTND2P4	unprocessed_pseudogene	0	0	0	0.0000	0.0000	0.0000
ENSG00000230256.1	FGFR1OP2P1	processed_pseudogene	0	0	0	0.0000	0.0000	0.0000
ENSG00000230257.5	NFE4	lncRNA	6	2	4	0.3174	0.0787	0.0851
ENSG00000230258.6	AC005208.1	lncRNA	0	0	0	0.0000	0.0000	0.0000
ENSG00000230260.1	AL136322.1	lncRNA	0	0	0	0.0000	0.0000	0.0000
ENSG00000230261.1	OR52J2P	unprocessed_pseudogene	0	0	0	0.0000	0.0000	0.0000
ENSG00000230262.8	LINC02603	lncRNA	8	24	25	0.1717	0.0426	0.0460
ENSG00000230266.1	XXYLT1-AS2	lncRNA	6	3	3	0.4340	0.1076	0.1164
ENSG00000230267.7	HERC2P4	transcribed_unprocessed_pseudogene	45	22	24	0.4221	0.1047	0.1132
ENSG00000230268.3	SSU72P8	protein_coding	0	0	0	0.0000	0.0000	0.0000
ENSG00000230269.7	LINC02525	lncRNA	0	0	0	0.0000	0.0000	0.0000
ENSG00000230271.1	AC023141.5	unprocessed_pseudogene	0	0	0	0.0000	0.0000	0.0000
ENSG00000230273.1	BRI3P3	processed_pseudogene	0	0	0	0.0000	0.0000	0.0000
ENSG00000230274.1	PGAM1P3	processed_pseudogene	0	0	0	0.0000	0.0000	0.0000
ENSG00000230275.2	SERBP1P4	processed_pseudogene	0	0	0	0.0000	0.0000	0.0000
ENSG00000230276.2	AL162388.1	processed_pseudogene	0	0	0	0.0000	0.0000	0.0000
ENSG00000230280.2	HNRNPA1P59	processed_pseudogene	12	4	8	0.7413	0.1838	0.1988
ENSG00000230282.1	RPL7P61	processed_pseudogene	0	0	0	0.0000	0.0000	0.0000
ENSG00000230283.1	RPS12P24	processed_pseudogene	0	0	0	0.0000	0.0000	0.0000
ENSG00000230284.1	AL160275.1	processed_pseudogene	0	0	0	0.0000	0.0000	0.0000
ENSG00000230285.1	AC092807.1	lncRNA	2	1	1	0.4448	0.1103	0.1193
ENSG00000230286.1	AC013472.1	lncRNA	0	0	0	0.0000	0.0000	0.0000
ENSG00000230287.3	AL445928.1	processed_pseudogene	1	0	1	0.2555	0.0633	0.0685
ENSG00000230289.1	AL358781.2	lncRNA	2	98	88	0.2398	0.0595	0.0643
ENSG00000230290.1	ARMC2-AS1	lncRNA	6	4	2	3.0380	0.7534	0.8146
ENSG00000230291.5	AC078817.1	processed_pseudogene	4	2	2	0.5215	0.1293	0.1398
ENSG00000230292.5	NAALADL2-AS3	lncRNA	0	0	0	0.0000	0.0000	0.0000
ENSG00000230294.4	LINC02370	lncRNA	0	0	0	0.0000	0.0000	0.0000
ENSG00000230295.1	GTF2IP23	unprocessed_pseudogene	40	27	14	6.4627	1.6027	1.7329
ENSG00000230298.1	AL590068.2	lncRNA	0	0	0	0.0000	0.0000	0.0000
ENSG00000230299.1	SNRPEP11	processed_pseudogene	3	1	2	1.3720	0.3402	0.3679
ENSG00000230300.1	STARD13-IT1	lncRNA	2	0	2	0.2509	0.0622	0.0673
ENSG00000230301.6	OR5H6	protein_coding	0	0	0	0.0000	0.0000	0.0000
ENSG00000230302.2	MTND3P4	processed_pseudogene	0	0	0	0.0000	0.0000	0.0000
ENSG00000230303.6	AL353743.2	lncRNA	29	12	21	0.2060	0.0511	0.0552
ENSG00000230304.1	CICP6	processed_pseudogene	0	0	0	0.0000	0.0000	0.0000
ENSG00000230305.2	AC004980.3	unprocessed_pseudogene	3	0	3	0.4661	0.1156	0.1250
ENSG00000230306.1	BANF1P2	processed_pseudogene	12	7	5	2.5777	0.6393	0.6912
ENSG00000230307.1	OR6C5P	unprocessed_pseudogene	0	0	0	0.0000	0.0000	0.0000
ENSG00000230309.1	AL121718.1	lncRNA	0	0	0	0.0000	0.0000	0.0000
ENSG00000230310.1	AC010422.1	lncRNA	5	3	2	0.5222	0.1295	0.1400
ENSG00000230311.2	TOMM20P4	processed_pseudogene	2	0	2	0.2607	0.0647	0.0699
ENSG00000230312.2	SLC25A53P1	processed_pseudogene	0	0	0	0.0000	0.0000	0.0000
ENSG00000230313.1	HCG24	lncRNA	0	0	0	0.0000	0.0000	0.0000
ENSG00000230314.7	ELOVL2-AS1	lncRNA	65	37	28	1.4416	0.3575	0.3865
ENSG00000230316.7	FEZF1-AS1	lncRNA	10	4	6	0.1690	0.0419	0.0453
ENSG00000230317.2	LINC01284	lncRNA	0	0	0	0.0000	0.0000	0.0000
ENSG00000230318.2	XRCC6P3	processed_pseudogene	0	0	0	0.0000	0.0000	0.0000
ENSG00000230319.1	TTLL1-AS1	lncRNA	25	95	91	0.6806	0.1688	0.1825
ENSG00000230320.1	BEND7P1	processed_pseudogene	0	0	0	0.0000	0.0000	0.0000
ENSG00000230321.1	MTCO2P27	unprocessed_pseudogene	5	1	4	0.6625	0.1643	0.1776
ENSG00000230322.1	AL136320.1	lncRNA	0	0	0	0.0000	0.0000	0.0000
ENSG00000230323.6	LINC00159	lncRNA	2	0	2	0.0752	0.0187	0.0202
ENSG00000230324.1	LINC01734	lncRNA	0	0	0	0.0000	0.0000	0.0000
ENSG00000230325.1	AL359921.1	lncRNA	5	11	15	0.5740	0.1423	0.1539
ENSG00000230326.1	HMGN1P33	processed_pseudogene	1	0	1	0.1257	0.0312	0.0337
ENSG00000230327.1	MTCO1P42	processed_pseudogene	0	0	0	0.0000	0.0000	0.0000
ENSG00000230328.2	AL359893.1	processed_pseudogene	0	0	0	0.0000	0.0000	0.0000
ENSG00000230330.1	HMGN2P3	processed_pseudogene	21	14	7	4.3623	1.0818	1.1697
ENSG00000230331.1	AL160004.2	processed_pseudogene	0	0	0	0.0000	0.0000	0.0000
ENSG00000230333.6	AC004160.1	lncRNA	133	79	59	1.3326	0.3305	0.3573
ENSG00000230335.1	DNAJB5P1	processed_pseudogene	0	0	0	0.0000	0.0000	0.0000
ENSG00000230337.1	EXOSC10-AS1	lncRNA	5	80	84	0.5290	0.1312	0.1418
ENSG00000230338.1	MTND4P19	processed_pseudogene	0	0	0	0.0000	0.0000	0.0000
ENSG00000230339.2	AC015818.1	processed_pseudogene	0	0	0	0.0000	0.0000	0.0000
ENSG00000230342.2	FANCD2P2	unprocessed_pseudogene	5	4	1	0.2025	0.0502	0.0543
ENSG00000230343.1	AC018892.1	unprocessed_pseudogene	0	0	0	0.0000	0.0000	0.0000
ENSG00000230347.5	CT47A8	protein_coding	0	0	0	0.0000	0.0000	0.0000
ENSG00000230350.1	RPL35AP3	processed_pseudogene	0	0	0	0.0000	0.0000	0.0000
ENSG00000230352.1	AL035250.2	lncRNA	0	0	0	0.0000	0.0000	0.0000
ENSG00000230353.5	RPS21P2	processed_pseudogene	0	0	0	0.0000	0.0000	0.0000
ENSG00000230355.1	AC009474.1	processed_pseudogene	0	0	0	0.0000	0.0000	0.0000
ENSG00000230356.1	NCAPD2P1	processed_pseudogene	0	0	0	0.0000	0.0000	0.0000
ENSG00000230358.4	SPDYE21	protein_coding	13	8	5	0.5697	0.1413	0.1528
ENSG00000230359.5	TPI1P2	transcribed_processed_pseudogene	39	15	24	1.0965	0.2719	0.2940
ENSG00000230360.1	DDX10P2	processed_pseudogene	1	0	1	0.0217	0.0054	0.0058
ENSG00000230361.1	VN1R32P	unitary_pseudogene	0	0	0	0.0000	0.0000	0.0000
ENSG00000230362.1	ACTG1P23	processed_pseudogene	16	10	6	0.8448	0.2095	0.2265
ENSG00000230364.1	RPL4P3	processed_pseudogene	1	1	0	0.0433	0.0107	0.0116
ENSG00000230365.1	AL451129.1	lncRNA	0	0	0	0.0000	0.0000	0.0000
ENSG00000230366.9	DSCR9	lncRNA	6	5	3	0.1790	0.0444	0.0480
ENSG00000230368.2	FAM41C	lncRNA	1	0	1	0.0288	0.0071	0.0077
ENSG00000230370.1	RPL23AP52	processed_pseudogene	0	0	0	0.0000	0.0000	0.0000
ENSG00000230371.1	KARS1P2	processed_pseudogene	1	0	1	0.0346	0.0086	0.0093
ENSG00000230373.8	GOLGA6L5P	transcribed_unprocessed_pseudogene	19	9	10	0.2764	0.0685	0.0741
ENSG00000230375.1	GSTA11P	unprocessed_pseudogene	0	0	0	0.0000	0.0000	0.0000
ENSG00000230376.1	MEMO1P4	processed_pseudogene	0	0	0	0.0000	0.0000	0.0000
ENSG00000230377.1	ELOCP7	processed_pseudogene	0	0	0	0.0000	0.0000	0.0000
ENSG00000230379.5	AP000146.1	lncRNA	0	0	0	0.0000	0.0000	0.0000
ENSG00000230381.2	AL136376.1	lncRNA	0	0	0	0.0000	0.0000	0.0000
ENSG00000230383.1	AC009245.1	processed_pseudogene	16	7	9	1.0526	0.2610	0.2822
ENSG00000230384.1	RPSAP25	processed_pseudogene	0	0	0	0.0000	0.0000	0.0000
ENSG00000230385.1	AC012507.1	lncRNA	0	4	6	0.0000	0.0000	0.0000
ENSG00000230386.5	AC104057.1	unprocessed_pseudogene	0	0	0	0.0000	0.0000	0.0000
ENSG00000230387.4	AL118508.1	lncRNA	196	102	94	2.0972	0.5201	0.5623
ENSG00000230390.1	LINC01048	lncRNA	8	3	5	0.8878	0.2202	0.2381
ENSG00000230391.1	RPSAP23	processed_pseudogene	0	0	0	0.0000	0.0000	0.0000
ENSG00000230392.1	AC004835.1	lncRNA	1	0	1	0.0195	0.0048	0.0052
ENSG00000230393.1	AC092667.1	lncRNA	155	160	154	3.3991	0.8429	0.9114
ENSG00000230395.1	ANAPC1P3	unprocessed_pseudogene	0	0	0	0.0000	0.0000	0.0000
ENSG00000230397.1	SPTLC1P1	transcribed_processed_pseudogene	1	0	1	0.2173	0.0539	0.0583
ENSG00000230398.1	HINT2P1	processed_pseudogene	0	0	0	0.0000	0.0000	0.0000
ENSG00000230399.1	RBBP8P1	processed_pseudogene	0	0	0	0.0000	0.0000	0.0000
ENSG00000230400.3	LINC01747	lncRNA	9	2	7	0.1119	0.0278	0.0300
ENSG00000230401.1	LINC01972	lncRNA	0	0	0	0.0000	0.0000	0.0000
ENSG00000230402.2	LINC01349	lncRNA	0	0	0	0.0000	0.0000	0.0000
ENSG00000230403.1	LINC01066	lncRNA	4	2	2	0.5685	0.1410	0.1524
ENSG00000230404.1	AL161640.1	lncRNA	0	0	0	0.0000	0.0000	0.0000
ENSG00000230405.1	RPS3AP52	processed_pseudogene	0	0	0	0.0000	0.0000	0.0000
ENSG00000230406.2	RPL23P5	processed_pseudogene	0	0	0	0.0000	0.0000	0.0000
ENSG00000230407.1	AC018717.1	processed_pseudogene	0	0	0	0.0000	0.0000	0.0000
ENSG00000230408.3	BZW1-AS1	lncRNA	0	477	493	0.0000	0.0000	0.0000
ENSG00000230409.3	TCEA1P2	processed_pseudogene	172	95	77	10.7661	2.6699	2.8868
ENSG00000230411.1	OR3D1P	unprocessed_pseudogene	1	0	1	0.0594	0.0147	0.0159
ENSG00000230412.1	ELOCP12	processed_pseudogene	0	0	0	0.0000	0.0000	0.0000
ENSG00000230415.1	LINC01786	lncRNA	29	15	14	3.2058	0.7950	0.8596
ENSG00000230416.3	OR5M4P	unprocessed_pseudogene	0	0	0	0.0000	0.0000	0.0000
ENSG00000230417.12	LINC00595	lncRNA	90	44	46	0.4743	0.1176	0.1272
ENSG00000230418.2	ARL2BPP7	processed_pseudogene	0	0	0	0.0000	0.0000	0.0000
ENSG00000230423.3	AL672310.1	lncRNA	1	0	1	0.0166	0.0041	0.0045
ENSG00000230424.1	EMC1-AS1	lncRNA	14	144	147	1.5660	0.3883	0.4199
ENSG00000230425.1	RSU1P1	unprocessed_pseudogene	0	0	0	0.0000	0.0000	0.0000
ENSG00000230426.4	LINC01036	lncRNA	2	1	1	0.0094	0.0023	0.0025
ENSG00000230427.1	ALG14-AS1	lncRNA	0	0	0	0.0000	0.0000	0.0000
ENSG00000230428.1	AL049542.1	transcribed_unprocessed_pseudogene	0	0	0	0.0000	0.0000	0.0000
ENSG00000230430.5	USP17L25	protein_coding	0	0	0	0.0000	0.0000	0.0000
ENSG00000230432.1	AC114803.1	lncRNA	0	26	25	0.0000	0.0000	0.0000
ENSG00000230433.1	AL031770.1	lncRNA	1	0	1	0.0666	0.0165	0.0179
ENSG00000230434.3	LINC01650	lncRNA	0	0	0	0.0000	0.0000	0.0000
ENSG00000230435.1	AC004160.2	lncRNA	12	11	9	1.2087	0.2998	0.3241
ENSG00000230437.1	AL136460.1	lncRNA	0	0	0	0.0000	0.0000	0.0000
ENSG00000230438.7	SERPINB9P1	lncRNA	480	228	252	6.1558	1.5266	1.6506
ENSG00000230440.1	AL391119.1	lncRNA	0	0	0	0.0000	0.0000	0.0000
ENSG00000230442.5	ASB15-AS1	lncRNA	1	0	1	0.0328	0.0081	0.0088
ENSG00000230444.1	TFAMP1	processed_pseudogene	2	2	0	0.1541	0.0382	0.0413
ENSG00000230445.4	LRRC37A6P	transcribed_processed_pseudogene	132	77	78	1.3308	0.3300	0.3568
ENSG00000230447.2	CTF2P	unitary_pseudogene	0	0	0	0.0000	0.0000	0.0000
ENSG00000230448.5	LINC00276	lncRNA	1	1	0	0.0147	0.0037	0.0040
ENSG00000230449.1	RPL7P4	processed_pseudogene	2	2	0	0.1554	0.0385	0.0417
ENSG00000230450.1	NEK2P4	processed_pseudogene	0	0	0	0.0000	0.0000	0.0000
ENSG00000230451.2	RPS29P6	processed_pseudogene	1	1	0	0.3911	0.0970	0.1049
ENSG00000230452.1	LINC01381	lncRNA	0	0	0	0.0000	0.0000	0.0000
ENSG00000230453.9	ANKRD18B	protein_coding	7	2	5	0.0678	0.0168	0.0182
ENSG00000230454.1	U73166.1	lncRNA	70	40	33	1.5123	0.3750	0.4055
ENSG00000230457.3	PA2G4P4	processed_pseudogene	4	2	2	0.1919	0.0476	0.0515
ENSG00000230458.1	GPM6BP1	unprocessed_pseudogene	0	0	0	0.0000	0.0000	0.0000
ENSG00000230459.3	AC060773.1	processed_pseudogene	0	0	0	0.0000	0.0000	0.0000
ENSG00000230461.9	PROX1-AS1	lncRNA	0	0	1	0.0000	0.0000	0.0000
ENSG00000230465.1	VENTXP4	processed_pseudogene	0	0	0	0.0000	0.0000	0.0000
ENSG00000230468.1	CLUHP5	unprocessed_pseudogene	0	0	0	0.0000	0.0000	0.0000
ENSG00000230469.1	RPL5P26	processed_pseudogene	0	0	0	0.0000	0.0000	0.0000
ENSG00000230470.1	AL078645.1	lncRNA	2	0	2	0.2681	0.0665	0.0719
ENSG00000230471.1	AP000532.2	lncRNA	0	0	0	0.0000	0.0000	0.0000
ENSG00000230472.5	AL135908.1	lncRNA	0	0	0	0.0000	0.0000	0.0000
ENSG00000230474.1	ATP6V1G1P7	processed_pseudogene	0	0	0	0.0000	0.0000	0.0000
ENSG00000230476.1	OFD1P9Y	unprocessed_pseudogene	0	0	0	0.0000	0.0000	0.0000
ENSG00000230477.1	AC005034.1	processed_pseudogene	0	0	0	0.0000	0.0000	0.0000
ENSG00000230478.1	Z96811.1	processed_pseudogene	0	0	0	0.0000	0.0000	0.0000
ENSG00000230479.1	AP000695.1	lncRNA	102	52	51	6.4775	1.6064	1.7368
ENSG00000230480.1	AC093142.1	processed_pseudogene	0	0	0	0.0000	0.0000	0.0000
ENSG00000230481.2	IGKV1OR22-5	IG_V_pseudogene	1	0	1	0.1602	0.0397	0.0430
ENSG00000230482.1	ATP5MC2P3	processed_pseudogene	0	0	0	0.0000	0.0000	0.0000
ENSG00000230483.1	AC124057.1	lncRNA	0	0	0	0.0000	0.0000	0.0000
ENSG00000230484.2	OR51A10P	unitary_pseudogene	0	0	0	0.0000	0.0000	0.0000
ENSG00000230485.1	AC000077.1	processed_pseudogene	0	0	0	0.0000	0.0000	0.0000
ENSG00000230487.8	PSMG3-AS1	lncRNA	805	397	430	7.0932	1.7590	1.9019
ENSG00000230489.1	VAV3-AS1	lncRNA	24	17	9	2.1988	0.5453	0.5896
ENSG00000230490.3	AL139383.1	lncRNA	29	10	24	0.2602	0.0645	0.0698
ENSG00000230491.1	AC234781.4	processed_pseudogene	0	0	0	0.0000	0.0000	0.0000
ENSG00000230492.1	AL049651.1	lncRNA	0	0	0	0.0000	0.0000	0.0000
ENSG00000230495.1	AL132765.1	processed_pseudogene	10	6	4	1.0255	0.2543	0.2750
ENSG00000230496.1	MTCO2P7	unprocessed_pseudogene	0	0	0	0.0000	0.0000	0.0000
ENSG00000230497.2	EEF1B2P8	processed_pseudogene	0	0	0	0.0000	0.0000	0.0000
ENSG00000230498.3	AL035409.1	lncRNA	36	21	16	0.9787	0.2427	0.2624
ENSG00000230499.1	AC108463.2	lncRNA	26	19	26	3.5788	0.8875	0.9596
ENSG00000230500.1	MKX-AS1	lncRNA	0	0	0	0.0000	0.0000	0.0000
ENSG00000230501.1	ANKRD30BP3	unprocessed_pseudogene	2	0	2	0.1060	0.0263	0.0284
ENSG00000230502.1	AL953862.1	processed_pseudogene	0	0	0	0.0000	0.0000	0.0000
ENSG00000230506.2	AL354824.1	lncRNA	0	0	0	0.0000	0.0000	0.0000
ENSG00000230507.5	RPL7AP8	processed_pseudogene	1	1	0	0.0705	0.0175	0.0189
ENSG00000230508.1	RPL19P21	processed_pseudogene	4	2	2	0.3838	0.0952	0.1029
ENSG00000230510.7	PPP5D1	transcribed_unprocessed_pseudogene	45	19	29	0.3949	0.0979	0.1059
ENSG00000230513.2	THAP7-AS1	lncRNA	110	121	127	2.0366	0.5051	0.5461
ENSG00000230515.1	AC092580.2	lncRNA	0	0	0	0.0000	0.0000	0.0000
ENSG00000230516.1	AL589642.2	lncRNA	0	0	0	0.0000	0.0000	0.0000
ENSG00000230519.2	HMGB1P49	processed_pseudogene	3	1	2	0.2990	0.0741	0.0802
ENSG00000230520.1	AC092098.1	processed_pseudogene	0	0	0	0.0000	0.0000	0.0000
ENSG00000230521.1	AL645929.1	unprocessed_pseudogene	36	526	529	2.0939	0.5193	0.5614
ENSG00000230522.5	MBD3L2	protein_coding	0	0	0	0.0000	0.0000	0.0000
ENSG00000230523.1	LINC01756	lncRNA	0	0	0	0.0000	0.0000	0.0000
ENSG00000230524.8	COL6A4P1	transcribed_unprocessed_pseudogene	1	0	1	0.0124	0.0031	0.0033
ENSG00000230525.6	LINC01799	lncRNA	0	0	0	0.0000	0.0000	0.0000
ENSG00000230526.1	AC073370.1	lncRNA	8	5	3	0.8642	0.2143	0.2317
ENSG00000230528.7	NOS2P3	transcribed_unprocessed_pseudogene	0	0	1	0.0000	0.0000	0.0000
ENSG00000230529.1	CEACAMP9	unprocessed_pseudogene	0	0	0	0.0000	0.0000	0.0000
ENSG00000230530.2	LIMD1-AS1	lncRNA	36	1652	1727	0.4509	0.1118	0.1209
ENSG00000230531.1	MTND5P7	unprocessed_pseudogene	0	0	0	0.0000	0.0000	0.0000
ENSG00000230532.1	AC091133.1	lncRNA	0	1082	1074	0.0000	0.0000	0.0000
ENSG00000230533.4	AL356234.2	lncRNA	0	0	0	0.0000	0.0000	0.0000
ENSG00000230534.6	AL392046.1	lncRNA	1	2	4	0.0399	0.0099	0.0107
ENSG00000230535.1	BASP1P1	processed_pseudogene	0	0	0	0.0000	0.0000	0.0000
ENSG00000230536.1	AL360268.1	lncRNA	1	1	1	0.0741	0.0184	0.0199
ENSG00000230537.2	AL158071.2	lncRNA	23	11	12	0.4447	0.1103	0.1192
ENSG00000230538.1	Z82209.1	processed_pseudogene	0	0	0	0.0000	0.0000	0.0000
ENSG00000230539.1	AOAH-IT1	lncRNA	0	0	0	0.0000	0.0000	0.0000
ENSG00000230542.6	LINC00102	lncRNA	1	0	1	0.0423	0.0105	0.0113
ENSG00000230542.6_PAR_Y	LINC00102	lncRNA	0	0	0	0.0000	0.0000	0.0000
ENSG00000230543.1	SNX3P1X	processed_pseudogene	0	0	0	0.0000	0.0000	0.0000
ENSG00000230546.1	AL445193.1	unprocessed_pseudogene	0	0	0	0.0000	0.0000	0.0000
ENSG00000230547.1	HMGB1P11	processed_pseudogene	1	3	4	0.0890	0.0221	0.0239
ENSG00000230548.1	MTND4P27	unprocessed_pseudogene	0	0	0	0.0000	0.0000	0.0000
ENSG00000230549.3	USP17L1	protein_coding	2	2	0	0.0712	0.0177	0.0191
ENSG00000230550.2	ERLNC1	lncRNA	12	184	178	0.4430	0.1099	0.1188
ENSG00000230551.4	AC021078.1	lncRNA	2035	1008	1028	13.3632	3.3139	3.5831
ENSG00000230552.6	AC092162.2	lncRNA	34	20	18	0.3094	0.0767	0.0830
ENSG00000230555.2	AL450326.1	lncRNA	140	78	62	10.4466	2.5906	2.8011
ENSG00000230556.1	AC073264.2	processed_pseudogene	0	0	0	0.0000	0.0000	0.0000
ENSG00000230558.2	CEACAMP2	unprocessed_pseudogene	0	0	0	0.0000	0.0000	0.0000
ENSG00000230559.1	RPL17P12	processed_pseudogene	0	0	0	0.0000	0.0000	0.0000
ENSG00000230561.4	CCDC192	protein_coding	18	59	57	0.5370	0.1332	0.1440
ENSG00000230562.3	FAM133DP	processed_pseudogene	4	2	2	0.3283	0.0814	0.0880
ENSG00000230563.4	AL121757.1	lncRNA	7	3	4	0.1320	0.0327	0.0354
ENSG00000230564.1	CALM1P2	processed_pseudogene	0	0	1	0.0000	0.0000	0.0000
ENSG00000230565.1	ZNF32-AS2	lncRNA	36	158	179	2.2559	0.5594	0.6049
ENSG00000230568.1	SF3A3P1	processed_pseudogene	2	1	1	0.0768	0.0190	0.0206
ENSG00000230569.1	AC114763.2	lncRNA	2	1	1	0.1373	0.0341	0.0368
ENSG00000230570.1	AL139095.3	processed_pseudogene	1	1	0	0.0471	0.0117	0.0126
ENSG00000230571.2	AC113347.1	processed_pseudogene	0	0	0	0.0000	0.0000	0.0000
ENSG00000230572.5	AC027612.2	transcribed_unprocessed_pseudogene	1	0	1	0.0370	0.0092	0.0099
ENSG00000230573.1	LINC02639	lncRNA	1	1	0	0.1058	0.0262	0.0284
ENSG00000230575.1	AC013286.1	lncRNA	0	0	0	0.0000	0.0000	0.0000
ENSG00000230576.1	OR6R1P	unprocessed_pseudogene	0	0	0	0.0000	0.0000	0.0000
ENSG00000230578.3	AC234781.5	transcribed_unprocessed_pseudogene	0	1	0	0.0000	0.0000	0.0000
ENSG00000230580.1	RPL19P5	processed_pseudogene	6	4	2	0.6833	0.1694	0.1832
ENSG00000230581.2	ACTG1P14	processed_pseudogene	24	14	10	1.2130	0.3008	0.3253
ENSG00000230583.7	GTF2IRD1P1	transcribed_unprocessed_pseudogene	24	634	653	0.4169	0.1034	0.1118
ENSG00000230584.1	CCT5P2	processed_pseudogene	0	0	0	0.0000	0.0000	0.0000
ENSG00000230585.2	PHBP12	processed_pseudogene	6	6	4	0.4196	0.1040	0.1125
ENSG00000230587.2	LINC02580	lncRNA	12	7	5	0.2201	0.0546	0.0590
ENSG00000230589.1	IMP3P1	processed_pseudogene	0	0	0	0.0000	0.0000	0.0000
ENSG00000230590.11	FTX	lncRNA	3300	3109	2971	4.5263	1.1225	1.2136
ENSG00000230592.2	RPSAP8	processed_pseudogene	1	0	1	0.0638	0.0158	0.0171
ENSG00000230593.3	PPIAP40	processed_pseudogene	3	0	3	0.3472	0.0861	0.0931
ENSG00000230594.3	CT47A4	protein_coding	0	0	0	0.0000	0.0000	0.0000
ENSG00000230595.1	RSL24D1P2	processed_pseudogene	0	0	0	0.0000	0.0000	0.0000
ENSG00000230596.3	GPAA1P2	transcribed_processed_pseudogene	1	0	1	0.0317	0.0079	0.0085
ENSG00000230597.1	AL136164.1	lncRNA	0	0	0	0.0000	0.0000	0.0000
ENSG00000230598.2	AL645937.3	transcribed_unprocessed_pseudogene	0	0	0	0.0000	0.0000	0.0000
ENSG00000230599.2	AC018495.1	lncRNA	0	0	0	0.0000	0.0000	0.0000
ENSG00000230600.1	AC073188.3	lncRNA	0	0	0	0.0000	0.0000	0.0000
ENSG00000230601.7	TEX48	protein_coding	2	1	1	0.1360	0.0337	0.0365
ENSG00000230603.1	AC011753.1	processed_pseudogene	0	0	0	0.0000	0.0000	0.0000
ENSG00000230604.2	TSEN15P2	processed_pseudogene	2	2	0	0.3168	0.0786	0.0849
ENSG00000230605.1	MTCYBP6	processed_pseudogene	0	0	0	0.0000	0.0000	0.0000
ENSG00000230606.11	AC092683.1	lncRNA	29	21	22	0.2446	0.0607	0.0656
ENSG00000230607.3	AC005722.1	processed_pseudogene	0	0	0	0.0000	0.0000	0.0000
ENSG00000230609.1	AL513185.2	processed_pseudogene	0	0	0	0.0000	0.0000	0.0000
ENSG00000230611.1	HMGB1P27	processed_pseudogene	3	1	2	0.2821	0.0700	0.0757
ENSG00000230612.3	AC004039.1	lncRNA	16	16	12	0.5072	0.1258	0.1360
ENSG00000230613.1	HM13-AS1	lncRNA	12	36	21	1.3917	0.3451	0.3731
ENSG00000230614.3	DYNLL1P7	processed_pseudogene	0	0	0	0.0000	0.0000	0.0000
ENSG00000230615.7	AL139220.2	lncRNA	126	63	72	0.6766	0.1678	0.1814
ENSG00000230617.1	AC079987.1	processed_pseudogene	0	0	0	0.0000	0.0000	0.0000
ENSG00000230618.3	H3P12	processed_pseudogene	0	0	0	0.0000	0.0000	0.0000
ENSG00000230621.1	AC068138.1	processed_pseudogene	0	0	0	0.0000	0.0000	0.0000
ENSG00000230622.1	UQCRHP1	processed_pseudogene	0	0	0	0.0000	0.0000	0.0000
ENSG00000230623.6	AC104461.1	lncRNA	2	2	1	0.0278	0.0069	0.0075
ENSG00000230626.4	AC011005.1	protein_coding	8	3	5	0.3592	0.0891	0.0963
ENSG00000230627.1	Z97205.1	lncRNA	0	0	0	0.0000	0.0000	0.0000
ENSG00000230628.1	AL160408.3	lncRNA	128	63	65	2.0367	0.5051	0.5461
ENSG00000230629.2	RPS23P8	processed_pseudogene	47	19	29	8.0769	2.0030	2.1657
ENSG00000230630.5	DNM3OS	lncRNA	778	396	382	13.8092	3.4245	3.7027
ENSG00000230631.1	AL353152.1	lncRNA	1	0	1	0.1207	0.0299	0.0324
ENSG00000230634.1	AL031597.1	processed_pseudogene	2	0	2	0.2625	0.0651	0.0704
ENSG00000230635.2	CYP4F60P	unprocessed_pseudogene	0	0	0	0.0000	0.0000	0.0000
ENSG00000230636.1	RPL36P1	processed_pseudogene	0	0	0	0.0000	0.0000	0.0000
ENSG00000230637.2	AL022324.1	unprocessed_pseudogene	2	1	1	0.1711	0.0424	0.0459
ENSG00000230638.4	AL445933.1	processed_pseudogene	201	112	97	5.0842	1.2608	1.3632
ENSG00000230639.1	VN1R36P	unprocessed_pseudogene	1	1	0	0.1949	0.0483	0.0523
ENSG00000230641.1	USP12-AS2	lncRNA	3	2	1	0.6098	0.1512	0.1635
ENSG00000230643.1	AP000533.3	unprocessed_pseudogene	0	0	0	0.0000	0.0000	0.0000
ENSG00000230645.2	LINC01818	lncRNA	0	0	0	0.0000	0.0000	0.0000
ENSG00000230646.1	KLF2P2	processed_pseudogene	0	3	2	0.0000	0.0000	0.0000
ENSG00000230647.2	AC022816.1	lncRNA	0	0	0	0.0000	0.0000	0.0000
ENSG00000230648.1	AL138831.1	lncRNA	2	3	1	0.5427	0.1346	0.1455
ENSG00000230649.3	AC024084.1	lncRNA	1	1	0	0.0384	0.0095	0.0103
ENSG00000230650.1	AC140479.2	processed_pseudogene	18	6	12	0.3261	0.0809	0.0874
ENSG00000230651.8	RGPD4-AS1	lncRNA	0	0	0	0.0000	0.0000	0.0000
ENSG00000230654.1	MTCO2P25	unprocessed_pseudogene	0	0	0	0.0000	0.0000	0.0000
ENSG00000230655.3	OR7E55P	unprocessed_pseudogene	0	0	0	0.0000	0.0000	0.0000
ENSG00000230657.8	PRB4	protein_coding	0	0	0	0.0000	0.0000	0.0000
ENSG00000230658.2	KLHL7-DT	lncRNA	206	101	105	3.2596	0.8083	0.8740
ENSG00000230659.3	AL451074.4	processed_pseudogene	0	0	0	0.0000	0.0000	0.0000
ENSG00000230661.1	YY1P1	processed_pseudogene	0	0	0	0.0000	0.0000	0.0000
ENSG00000230662.1	TNPO1P2	processed_pseudogene	0	0	0	0.0000	0.0000	0.0000
ENSG00000230663.1	FAM224B	lncRNA	0	0	0	0.0000	0.0000	0.0000
ENSG00000230665.3	THAP12P1	processed_pseudogene	3	1	2	0.0772	0.0192	0.0207
ENSG00000230666.5	CEACAM22P	transcribed_unprocessed_pseudogene	2	1	1	0.0358	0.0089	0.0096
ENSG00000230667.6	SETSIP	protein_coding	1	1	0	0.0624	0.0155	0.0167
ENSG00000230668.2	AL844175.1	lncRNA	0	0	0	0.0000	0.0000	0.0000
ENSG00000230671.2	NDUFS5P5	processed_pseudogene	0	0	0	0.0000	0.0000	0.0000
ENSG00000230673.3	PABPC1P3	processed_pseudogene	0	0	0	0.0000	0.0000	0.0000
ENSG00000230676.1	AL353803.2	lncRNA	0	0	1	0.0000	0.0000	0.0000
ENSG00000230679.1	ENO1-AS1	lncRNA	15	18	15	1.8655	0.4626	0.5002
ENSG00000230680.2	AC004869.1	lncRNA	0	0	0	0.0000	0.0000	0.0000
ENSG00000230681.1	CEACAMP4	unprocessed_pseudogene	0	0	0	0.0000	0.0000	0.0000
ENSG00000230682.1	GRPEL2P3	processed_pseudogene	0	0	0	0.0000	0.0000	0.0000
ENSG00000230683.1	DDTP1	processed_pseudogene	1	0	1	0.1481	0.0367	0.0397
ENSG00000230684.1	AL158207.2	lncRNA	3	1	2	0.6396	0.1586	0.1715
ENSG00000230686.1	AC067945.1	lncRNA	0	0	0	0.0000	0.0000	0.0000
ENSG00000230687.1	AL008626.1	lncRNA	0	0	0	0.0000	0.0000	0.0000
ENSG00000230690.2	AC013402.1	lncRNA	0	0	0	0.0000	0.0000	0.0000
ENSG00000230691.1	MRPL35P4	processed_pseudogene	0	0	0	0.0000	0.0000	0.0000
ENSG00000230694.1	AL450003.1	lncRNA	0	0	0	0.0000	0.0000	0.0000
ENSG00000230695.1	AC012462.3	lncRNA	2	2	0	0.8658	0.2147	0.2322
ENSG00000230696.1	AC011753.2	lncRNA	0	0	0	0.0000	0.0000	0.0000
ENSG00000230697.1	SAP18P3	processed_pseudogene	2	2	0	0.2864	0.0710	0.0768
ENSG00000230698.1	AC105935.2	lncRNA	0	5	4	0.0000	0.0000	0.0000
ENSG00000230699.2	AL645608.2	lncRNA	11	7	4	0.2050	0.0508	0.0550
ENSG00000230701.2	FBXW4P1	processed_pseudogene	9	6	3	0.2280	0.0565	0.0611
ENSG00000230702.1	RPL31P30	processed_pseudogene	2	0	2	0.3142	0.0779	0.0842
ENSG00000230703.1	MYOM3-AS1	lncRNA	0	0	0	0.0000	0.0000	0.0000
ENSG00000230704.1	AL021940.1	lncRNA	0	0	0	0.0000	0.0000	0.0000
ENSG00000230706.2	TMEM184CP1	processed_pseudogene	0	0	0	0.0000	0.0000	0.0000
ENSG00000230707.1	AL589987.1	processed_pseudogene	0	0	0	0.0000	0.0000	0.0000
ENSG00000230709.1	AC104024.1	lncRNA	0	0	0	0.0000	0.0000	0.0000
ENSG00000230710.2	LINC00332	lncRNA	0	0	0	0.0000	0.0000	0.0000
ENSG00000230711.2	CTAGE13P	processed_pseudogene	1	0	1	0.0232	0.0057	0.0062
ENSG00000230712.3	GGTLC4P	unprocessed_pseudogene	4	1	3	0.3361	0.0833	0.0901
ENSG00000230714.1	AL355526.1	lncRNA	0	0	0	0.0000	0.0000	0.0000
ENSG00000230715.3	AC018638.2	processed_pseudogene	145	66	79	20.4043	5.0601	5.4711
ENSG00000230716.3	KRT8P7	processed_pseudogene	3	2	1	0.1188	0.0295	0.0319
ENSG00000230718.1	AC114878.1	processed_pseudogene	4	2	2	0.6336	0.1571	0.1699
ENSG00000230720.1	LINC02644	lncRNA	0	0	0	0.0000	0.0000	0.0000
ENSG00000230721.1	AL049597.1	processed_pseudogene	4	1	3	0.4087	0.1014	0.1096
ENSG00000230724.9	LINC01001	lncRNA	10	5	6	0.1483	0.0368	0.0398
ENSG00000230725.6	AL035252.2	lncRNA	0	0	0	0.0000	0.0000	0.0000
ENSG00000230727.1	RBMY2WP	unprocessed_pseudogene	0	0	0	0.0000	0.0000	0.0000
ENSG00000230728.1	AL590093.1	lncRNA	0	0	0	0.0000	0.0000	0.0000
ENSG00000230729.1	AL160270.1	lncRNA	1	71	44	0.0899	0.0223	0.0241
ENSG00000230730.1	AC074011.1	lncRNA	0	0	2	0.0000	0.0000	0.0000
ENSG00000230731.3	AL589745.1	lncRNA	12	10	5	0.0962	0.0239	0.0258
ENSG00000230732.4	AC016949.1	lncRNA	25	17	8	1.0034	0.2488	0.2690
ENSG00000230733.2	AC092171.2	lncRNA	0	151	165	0.0000	0.0000	0.0000
ENSG00000230734.1	RPL10P3	processed_pseudogene	9	5	4	1.0906	0.2705	0.2924
ENSG00000230735.1	AC093423.2	lncRNA	1	1	3	0.1298	0.0322	0.0348
ENSG00000230736.2	AL021937.1	lncRNA	8	5	3	0.2912	0.0722	0.0781
ENSG00000230737.1	AC106870.2	lncRNA	0	0	0	0.0000	0.0000	0.0000
ENSG00000230739.1	AL392003.2	unprocessed_pseudogene	1	0	1	0.0835	0.0207	0.0224
ENSG00000230741.1	Z82173.1	lncRNA	1	0	1	0.1172	0.0291	0.0314
ENSG00000230746.2	AC006007.1	lncRNA	0	0	0	0.0000	0.0000	0.0000
ENSG00000230747.1	AC021188.1	lncRNA	3	1	2	0.2299	0.0570	0.0616
ENSG00000230748.1	PRELID1P7	processed_pseudogene	0	0	0	0.0000	0.0000	0.0000
ENSG00000230749.5	MEIS1-AS2	lncRNA	1	38	40	0.0213	0.0053	0.0057
ENSG00000230750.1	SDAD1P2	processed_pseudogene	0	0	0	0.0000	0.0000	0.0000
ENSG00000230751.1	AC007036.2	lncRNA	2	0	2	0.2595	0.0644	0.0696
ENSG00000230753.6	ZNF341-AS1	lncRNA	5	8	8	0.3966	0.0983	0.1063
ENSG00000230755.1	MTATP6P23	processed_pseudogene	0	0	0	0.0000	0.0000	0.0000
ENSG00000230756.1	RHOQP3	processed_pseudogene	6	1	5	0.5479	0.1359	0.1469
ENSG00000230757.1	NFU1P1	processed_pseudogene	0	0	0	0.0000	0.0000	0.0000
ENSG00000230758.1	SNAP23P1	processed_pseudogene	2	0	2	0.4611	0.1143	0.1236
ENSG00000230759.1	AC095032.2	lncRNA	0	0	0	0.0000	0.0000	0.0000
ENSG00000230764.1	MTND1P4	unprocessed_pseudogene	0	0	0	0.0000	0.0000	0.0000
ENSG00000230768.9	LINC01676	lncRNA	0	0	0	0.0000	0.0000	0.0000
ENSG00000230769.1	Z98048.1	processed_pseudogene	3	1	2	0.3465	0.0859	0.0929
ENSG00000230772.1	VN1R108P	unprocessed_pseudogene	1	0	1	0.0683	0.0169	0.0183
ENSG00000230773.9	AC092650.1	lncRNA	0	0	0	0.0000	0.0000	0.0000
ENSG00000230777.1	RPS29P5	processed_pseudogene	4	0	5	1.3265	0.3290	0.3557
ENSG00000230778.1	ANKRD63	protein_coding	1	1	1	0.0496	0.0123	0.0133
ENSG00000230779.1	AL161636.2	processed_pseudogene	0	0	0	0.0000	0.0000	0.0000
ENSG00000230781.1	Z83820.1	unitary_pseudogene	0	0	0	0.0000	0.0000	0.0000
ENSG00000230782.1	AL807761.4	lncRNA	0	0	0	0.0000	0.0000	0.0000
ENSG00000230783.1	RPS3AP13	processed_pseudogene	6	4	2	0.4448	0.1103	0.1193
ENSG00000230785.2	AC006326.1	processed_pseudogene	0	0	0	0.0000	0.0000	0.0000
ENSG00000230787.1	PSAT1P3	processed_pseudogene	0	0	0	0.0000	0.0000	0.0000
ENSG00000230788.2	CTDSPL2P2	processed_pseudogene	0	0	0	0.0000	0.0000	0.0000
ENSG00000230789.1	ARHGAP26-IT1	lncRNA	1	1	0	0.1462	0.0362	0.0392
ENSG00000230790.2	AC012456.2	lncRNA	0	0	0	0.0000	0.0000	0.0000
ENSG00000230793.1	SMARCE1P5	processed_pseudogene	8	3	5	0.3704	0.0918	0.0993
ENSG00000230794.1	AF015720.1	lncRNA	0	0	0	0.0000	0.0000	0.0000
ENSG00000230795.3	HLA-K	unprocessed_pseudogene	133	87	94	7.2107	1.7882	1.9334
ENSG00000230796.1	AC064862.1	unprocessed_pseudogene	0	0	0	0.0000	0.0000	0.0000
ENSG00000230797.3	YY2	protein_coding	55	28	27	1.1326	0.2809	0.3037
ENSG00000230798.5	FOXD3-AS1	lncRNA	179	85	109	8.4032	2.0839	2.2532
ENSG00000230799.1	RPS2P16	processed_pseudogene	1	0	1	0.0678	0.0168	0.0182
ENSG00000230801.1	AL160175.1	processed_pseudogene	0	0	0	0.0000	0.0000	0.0000
ENSG00000230803.1	AC097532.1	lncRNA	0	0	0	0.0000	0.0000	0.0000
ENSG00000230804.2	CDRT15P14	unprocessed_pseudogene	1	0	1	0.0979	0.0243	0.0263
ENSG00000230805.8	AL132709.7	lncRNA	0	5	5	0.0000	0.0000	0.0000
ENSG00000230806.1	SRGAP2-AS1	lncRNA	0	0	1	0.0000	0.0000	0.0000
ENSG00000230807.1	AC099535.1	processed_pseudogene	4	0	4	0.6114	0.1516	0.1639
ENSG00000230809.1	RPS6P15	processed_pseudogene	0	0	0	0.0000	0.0000	0.0000
ENSG00000230813.1	AL356583.3	unprocessed_pseudogene	0	0	0	0.0000	0.0000	0.0000
ENSG00000230814.1	USP9YP24	unprocessed_pseudogene	0	0	0	0.0000	0.0000	0.0000
ENSG00000230815.1	AL807757.1	lncRNA	1	0	1	0.1337	0.0332	0.0359
ENSG00000230817.6	LINC01362	lncRNA	0	0	0	0.0000	0.0000	0.0000
ENSG00000230818.1	MTND2P16	processed_pseudogene	0	0	0	0.0000	0.0000	0.0000
ENSG00000230819.1	ZNF736P5Y	processed_pseudogene	0	0	0	0.0000	0.0000	0.0000
ENSG00000230820.2	AC000362.1	processed_pseudogene	0	0	0	0.0000	0.0000	0.0000
ENSG00000230821.1	AC245291.2	processed_pseudogene	0	0	0	0.0000	0.0000	0.0000
ENSG00000230823.3	CBX1P1	processed_pseudogene	0	0	0	0.0000	0.0000	0.0000
ENSG00000230825.2	AC005532.1	lncRNA	7	3	4	0.1221	0.0303	0.0327
ENSG00000230826.1	AL390774.2	lncRNA	1	1	0	0.0720	0.0178	0.0193
ENSG00000230828.1	AL583843.1	processed_pseudogene	0	0	0	0.0000	0.0000	0.0000
ENSG00000230829.3	AC025181.1	processed_pseudogene	0	0	0	0.0000	0.0000	0.0000
ENSG00000230830.1	ARPP21-AS1	lncRNA	0	0	0	0.0000	0.0000	0.0000
ENSG00000230831.1	AC007349.2	lncRNA	0	0	0	0.0000	0.0000	0.0000
ENSG00000230832.3	SSBL4P	processed_pseudogene	1	0	1	0.0457	0.0113	0.0123
ENSG00000230833.1	RPEP3	processed_pseudogene	1	0	1	0.0839	0.0208	0.0225
ENSG00000230834.1	AC068580.2	lncRNA	0	0	0	0.0000	0.0000	0.0000
ENSG00000230835.1	AP001187.1	processed_pseudogene	1	1	0	0.1380	0.0342	0.0370
ENSG00000230836.1	LINC01293	lncRNA	1	0	1	0.0448	0.0111	0.0120
ENSG00000230837.1	RPL31P2	processed_pseudogene	1	1	0	0.1504	0.0373	0.0403
ENSG00000230838.1	LINC01614	lncRNA	1702	840	862	148.9512	36.9384	39.9388
ENSG00000230840.1	AC097463.1	processed_pseudogene	0	0	0	0.0000	0.0000	0.0000
ENSG00000230841.2	RPL23AP15	processed_pseudogene	1	0	1	0.1236	0.0306	0.0331
ENSG00000230843.1	AL139824.1	lncRNA	0	0	0	0.0000	0.0000	0.0000
ENSG00000230844.3	ZNF674-AS1	lncRNA	291	148	146	6.4313	1.5949	1.7244
ENSG00000230845.1	GSTA10P	unprocessed_pseudogene	1	1	0	0.0985	0.0244	0.0264
ENSG00000230846.1	AL158154.2	lncRNA	0	0	0	0.0000	0.0000	0.0000
ENSG00000230847.4	OCLNP1	unprocessed_pseudogene	64	28	36	5.3453	1.3256	1.4332
ENSG00000230848.1	AL360268.2	lncRNA	0	0	0	0.0000	0.0000	0.0000
ENSG00000230849.2	GOT2P2	processed_pseudogene	0	0	0	0.0000	0.0000	0.0000
ENSG00000230851.1	AP006294.1	processed_pseudogene	0	0	0	0.0000	0.0000	0.0000
ENSG00000230852.2	LINC02857	lncRNA	0	0	0	0.0000	0.0000	0.0000
ENSG00000230853.1	RPL10P11	processed_pseudogene	0	0	0	0.0000	0.0000	0.0000
ENSG00000230854.1	USP9YP20	unprocessed_pseudogene	0	0	0	0.0000	0.0000	0.0000
ENSG00000230859.1	YRDCP3	processed_pseudogene	0	0	0	0.0000	0.0000	0.0000
ENSG00000230860.1	CCNB1IP1P2	processed_pseudogene	0	0	0	0.0000	0.0000	0.0000
ENSG00000230863.3	AL137803.1	transcribed_processed_pseudogene	4	1	3	0.1051	0.0261	0.0282
ENSG00000230864.1	AC099567.1	lncRNA	0	0	0	0.0000	0.0000	0.0000
ENSG00000230865.1	TSEN15P1	processed_pseudogene	0	0	0	0.0000	0.0000	0.0000
ENSG00000230866.2	LINC02558	lncRNA	1	1	0	0.0349	0.0086	0.0093
ENSG00000230867.1	AL157884.1	processed_pseudogene	0	0	0	0.0000	0.0000	0.0000
ENSG00000230869.1	AGAP10P	unprocessed_pseudogene	2	0	2	0.0469	0.0116	0.0126
ENSG00000230870.2	FBXW11P1	processed_pseudogene	9	5	4	0.3463	0.0859	0.0928
ENSG00000230871.1	RPS6P23	processed_pseudogene	0	0	0	0.0000	0.0000	0.0000
ENSG00000230872.2	MFSD13B	transcribed_unitary_pseudogene	20	9	11	0.7801	0.1934	0.2092
ENSG00000230873.9	STMND1	protein_coding	684	339	345	12.5289	3.1071	3.3594
ENSG00000230876.8	LINC00486	lncRNA	7	1	6	0.0712	0.0177	0.0191
ENSG00000230879.1	RBMX2P4	processed_pseudogene	0	0	0	0.0000	0.0000	0.0000
ENSG00000230881.1	AL445933.2	lncRNA	7	2	5	1.4980	0.3715	0.4017
ENSG00000230882.1	AC005077.4	processed_pseudogene	208	106	102	3.3750	0.8370	0.9050
ENSG00000230886.3	HMGB1P25	processed_pseudogene	0	0	0	0.0000	0.0000	0.0000
ENSG00000230889.2	SHC1P1	processed_pseudogene	0	0	0	0.0000	0.0000	0.0000
ENSG00000230891.7	LINC00692	lncRNA	0	0	0	0.0000	0.0000	0.0000
ENSG00000230894.2	AL133284.1	lncRNA	3	2	1	0.0307	0.0076	0.0082
ENSG00000230896.1	AL604028.1	lncRNA	152	92	60	14.4146	3.5747	3.8650
ENSG00000230897.1	RPS18P12	processed_pseudogene	11	6	5	1.3591	0.3370	0.3644
ENSG00000230898.1	AL596087.3	lncRNA	0	0	0	0.0000	0.0000	0.0000
ENSG00000230899.1	MAGEA8-AS1	lncRNA	1	1	1	0.1191	0.0295	0.0319
ENSG00000230902.1	FAM204CP	processed_pseudogene	0	0	0	0.0000	0.0000	0.0000
ENSG00000230904.1	XKRYP2	unprocessed_pseudogene	0	0	0	0.0000	0.0000	0.0000
ENSG00000230908.2	AL591074.1	lncRNA	0	0	0	0.0000	0.0000	0.0000
ENSG00000230910.4	AL391807.1	lncRNA	1	1	0	0.0092	0.0023	0.0025
ENSG00000230911.1	PPIHP1	processed_pseudogene	4	2	2	0.4448	0.1103	0.1193
ENSG00000230912.1	AL021707.4	lncRNA	7	5	3	0.9682	0.2401	0.2596
ENSG00000230913.1	NPM1P51	processed_pseudogene	0	0	0	0.0000	0.0000	0.0000
ENSG00000230914.3	AC004840.1	transcribed_unitary_pseudogene	1	0	1	0.0758	0.0188	0.0203
ENSG00000230916.2	MTCO1P53	processed_pseudogene	0	0	0	0.0000	0.0000	0.0000
ENSG00000230918.2	DPP4-DT	lncRNA	1	22	16	0.0389	0.0097	0.0104
ENSG00000230920.1	AL513422.1	lncRNA	0	0	0	0.0000	0.0000	0.0000
ENSG00000230921.1	HAO2-IT1	lncRNA	0	0	0	0.0000	0.0000	0.0000
ENSG00000230922.1	AL079301.1	lncRNA	1	0	1	0.0347	0.0086	0.0093
ENSG00000230923.2	LINC00309	lncRNA	0	0	0	0.0000	0.0000	0.0000
ENSG00000230926.1	AC239367.2	unprocessed_pseudogene	0	0	0	0.0000	0.0000	0.0000
ENSG00000230927.3	TMBIM7P	transcribed_unitary_pseudogene	9	4	12	0.2506	0.0621	0.0672
ENSG00000230928.1	AL139241.1	lncRNA	3	5	3	0.1457	0.0361	0.0391
ENSG00000230929.5	AC099513.1	processed_pseudogene	27	14	13	5.0869	1.2615	1.3640
ENSG00000230931.2	GXYLT1P1	processed_pseudogene	0	0	0	0.0000	0.0000	0.0000
ENSG00000230932.2	AL355306.1	processed_pseudogene	0	0	0	0.0000	0.0000	0.0000
ENSG00000230934.1	BX276092.4	processed_pseudogene	0	0	0	0.0000	0.0000	0.0000
ENSG00000230935.1	RPS3P1	processed_pseudogene	1	0	1	0.2954	0.0732	0.0792
ENSG00000230936.1	AC073347.1	processed_pseudogene	0	0	0	0.0000	0.0000	0.0000
ENSG00000230937.12	MIR205HG	lncRNA	119	68	51	1.9156	0.4750	0.5136
ENSG00000230941.1	AC002386.1	lncRNA	0	0	0	0.0000	0.0000	0.0000
ENSG00000230942.1	HMGN1P5	processed_pseudogene	0	0	0	0.0000	0.0000	0.0000
ENSG00000230943.3	LINC02541	lncRNA	52	29	24	1.2241	0.3036	0.3282
ENSG00000230944.1	AC026202.1	lncRNA	0	0	0	0.0000	0.0000	0.0000
ENSG00000230945.1	LINC01507	lncRNA	1	0	1	0.1272	0.0315	0.0341
ENSG00000230946.3	HNRNPA1P68	processed_pseudogene	1	1	0	0.0579	0.0144	0.0155
ENSG00000230947.2	AP000356.1	lncRNA	0	0	0	0.0000	0.0000	0.0000
ENSG00000230948.1	AURKBP1	processed_pseudogene	0	0	0	0.0000	0.0000	0.0000
ENSG00000230950.1	MTND2P21	unprocessed_pseudogene	1	0	1	0.0544	0.0135	0.0146
ENSG00000230951.1	GPS2P2	processed_pseudogene	0	0	0	0.0000	0.0000	0.0000
ENSG00000230952.1	AC099344.1	lncRNA	0	0	0	0.0000	0.0000	0.0000
ENSG00000230953.2	AC099677.1	processed_pseudogene	23	18	5	7.4533	1.8483	1.9985
ENSG00000230955.1	AL929472.2	lncRNA	0	86	95	0.0000	0.0000	0.0000
ENSG00000230956.2	CAPZA1P1	processed_pseudogene	0	0	0	0.0000	0.0000	0.0000
ENSG00000230958.1	AC093166.2	processed_pseudogene	0	0	0	0.0000	0.0000	0.0000
ENSG00000230960.1	AL109910.1	lncRNA	0	0	0	0.0000	0.0000	0.0000
ENSG00000230962.2	LINC01520	lncRNA	2	1	1	0.0744	0.0184	0.0199
ENSG00000230964.1	AC233266.1	processed_pseudogene	0	0	0	0.0000	0.0000	0.0000
ENSG00000230965.1	SNX18P13	processed_pseudogene	1	1	0	0.1072	0.0266	0.0287
ENSG00000230967.2	AL133387.2	lncRNA	1	1	0	0.1086	0.0269	0.0291
ENSG00000230968.1	AC084149.1	lncRNA	0	0	0	0.0000	0.0000	0.0000
ENSG00000230969.2	LINC02090	lncRNA	0	0	0	0.0000	0.0000	0.0000
ENSG00000230970.4	HHATL-AS1	lncRNA	0	0	0	0.0000	0.0000	0.0000
ENSG00000230972.1	AP001116.1	lncRNA	0	0	0	0.0000	0.0000	0.0000
ENSG00000230973.1	AL049734.2	processed_pseudogene	0	0	0	0.0000	0.0000	0.0000
ENSG00000230975.1	AC012355.1	lncRNA	0	0	0	0.0000	0.0000	0.0000
ENSG00000230977.1	AC023274.1	unprocessed_pseudogene	0	0	0	0.0000	0.0000	0.0000
ENSG00000230978.2	LINC00160	lncRNA	112	48	64	6.4878	1.6089	1.7396
ENSG00000230979.3	AC079250.1	processed_pseudogene	18	8	10	1.9224	0.4767	0.5155
ENSG00000230980.1	RPL36AP39	processed_pseudogene	1	1	0	0.1783	0.0442	0.0478
ENSG00000230982.1	DSTNP1	processed_pseudogene	36	16	20	4.3904	1.0888	1.1772
ENSG00000230986.1	DDX3P2	processed_pseudogene	0	0	0	0.0000	0.0000	0.0000
ENSG00000230987.2	AL359976.1	processed_pseudogene	1	0	1	0.0161	0.0040	0.0043
ENSG00000230988.3	RPL23AP11	processed_pseudogene	0	0	0	0.0000	0.0000	0.0000
ENSG00000230989.7	HSBP1	protein_coding	7064	3507	3557	42.6623	10.5798	11.4392
ENSG00000230990.2	AL049649.1	lncRNA	0	0	0	0.0000	0.0000	0.0000
ENSG00000230991.2	AC092625.1	lncRNA	0	0	0	0.0000	0.0000	0.0000
ENSG00000230992.3	FAM201B	processed_pseudogene	0	0	0	0.0000	0.0000	0.0000
ENSG00000230993.1	RPL12P15	processed_pseudogene	2	2	0	0.2273	0.0564	0.0609
ENSG00000230994.1	FGFR3P1	processed_pseudogene	0	0	0	0.0000	0.0000	0.0000
ENSG00000230997.5	RAB42P1	processed_pseudogene	0	0	0	0.0000	0.0000	0.0000
ENSG00000230999.1	MTND5P8	unprocessed_pseudogene	1	0	1	0.0524	0.0130	0.0140
ENSG00000231001.2	CCNB1IP1P3	processed_pseudogene	0	0	0	0.0000	0.0000	0.0000
ENSG00000231004.2	CECR9	TEC	1	0	1	0.2850	0.0707	0.0764
ENSG00000231005.1	RPL39P39	processed_pseudogene	0	0	0	0.0000	0.0000	0.0000
ENSG00000231006.1	RPL7P32	processed_pseudogene	14	6	8	1.0671	0.2646	0.2861
ENSG00000231007.5	CDC20P1	processed_pseudogene	23	14	11	0.8696	0.2156	0.2332
ENSG00000231009.1	CUBNP1	unprocessed_pseudogene	0	0	0	0.0000	0.0000	0.0000
ENSG00000231010.1	AL121672.1	lncRNA	36	21	15	1.7287	0.4287	0.4635
ENSG00000231011.1	AC092832.1	processed_pseudogene	0	0	0	0.0000	0.0000	0.0000
ENSG00000231013.2	SCTR-AS1	lncRNA	0	0	0	0.0000	0.0000	0.0000
ENSG00000231015.1	AL049594.1	lncRNA	1	0	1	0.0704	0.0175	0.0189
ENSG00000231017.1	RPS27P10	processed_pseudogene	1	0	1	0.2278	0.0565	0.0611
ENSG00000231018.1	EIF4A1P3	processed_pseudogene	0	0	0	0.0000	0.0000	0.0000
ENSG00000231019.1	LINC00373	lncRNA	0	0	0	0.0000	0.0000	0.0000
ENSG00000231020.1	AL591043.1	processed_pseudogene	0	0	0	0.0000	0.0000	0.0000
ENSG00000231022.1	RPS3AP9	processed_pseudogene	0	0	0	0.0000	0.0000	0.0000
ENSG00000231023.7	LINC00326	lncRNA	0	0	0	0.0000	0.0000	0.0000
ENSG00000231024.1	AC092431.1	lncRNA	7	5	2	0.9452	0.2344	0.2534
ENSG00000231026.1	XKRYP4	unprocessed_pseudogene	0	0	0	0.0000	0.0000	0.0000
ENSG00000231028.9	LINC00271	lncRNA	99	56	61	0.3867	0.0959	0.1037
ENSG00000231029.2	AL031733.1	processed_pseudogene	0	0	0	0.0000	0.0000	0.0000
ENSG00000231031.6	LINC01804	lncRNA	0	0	0	0.0000	0.0000	0.0000
ENSG00000231032.1	CEP19P1	processed_pseudogene	0	0	0	0.0000	0.0000	0.0000
ENSG00000231034.1	AL118520.1	processed_pseudogene	0	0	0	0.0000	0.0000	0.0000
ENSG00000231035.1	RPL7L1P9	processed_pseudogene	1	0	1	0.0761	0.0189	0.0204
ENSG00000231039.2	AL355303.1	lncRNA	0	0	0	0.0000	0.0000	0.0000
ENSG00000231040.2	LINC01911	lncRNA	0	0	0	0.0000	0.0000	0.0000
ENSG00000231043.3	AC007238.1	processed_pseudogene	44	28	31	1.4332	0.3554	0.3843
ENSG00000231046.1	AL360227.1	lncRNA	0	1	2	0.0000	0.0000	0.0000
ENSG00000231047.1	GCNT1P3	processed_pseudogene	0	0	0	0.0000	0.0000	0.0000
ENSG00000231049.2	OR52B5P	transcribed_unprocessed_pseudogene	0	0	0	0.0000	0.0000	0.0000
ENSG00000231050.1	AL109917.1	lncRNA	35	20	15	2.1908	0.5433	0.5874
ENSG00000231051.3	USP17L28	protein_coding	0	0	0	0.0000	0.0000	0.0000
ENSG00000231052.1	AL353614.1	lncRNA	0	0	0	0.0000	0.0000	0.0000
ENSG00000231053.1	TRAPPC2LP1	processed_pseudogene	0	0	0	0.0000	0.0000	0.0000
ENSG00000231054.1	AC093833.1	lncRNA	0	2	1	0.0000	0.0000	0.0000
ENSG00000231056.1	LINC02522	lncRNA	0	0	0	0.0000	0.0000	0.0000
ENSG00000231057.4	AC096637.2	lncRNA	40	30	10	0.9202	0.2282	0.2467
ENSG00000231058.1	MSANTD2P1	processed_pseudogene	0	0	0	0.0000	0.0000	0.0000
ENSG00000231060.1	FARSBP1	processed_pseudogene	0	0	0	0.0000	0.0000	0.0000
ENSG00000231061.1	LINC00395	lncRNA	0	0	0	0.0000	0.0000	0.0000
ENSG00000231062.1	AC103563.2	lncRNA	0	0	0	0.0000	0.0000	0.0000
ENSG00000231063.1	RPL6P6	processed_pseudogene	1	0	1	0.0676	0.0168	0.0181
ENSG00000231064.7	THBS3-AS1	lncRNA	42	882	862	0.9659	0.2395	0.2590
ENSG00000231066.3	NPM1P9	processed_pseudogene	3	2	2	0.2016	0.0500	0.0540
ENSG00000231068.1	KRTAP21-3	protein_coding	0	0	0	0.0000	0.0000	0.0000
ENSG00000231069.1	BX842568.2	unprocessed_pseudogene	1	0	1	0.0993	0.0246	0.0266
ENSG00000231070.1	OR52Y1P	unprocessed_pseudogene	0	0	0	0.0000	0.0000	0.0000
ENSG00000231071.1	IDI1P3	processed_pseudogene	0	0	0	0.0000	0.0000	0.0000
ENSG00000231072.1	GAPDHP64	processed_pseudogene	0	0	0	0.0000	0.0000	0.0000
ENSG00000231073.1	AL590133.1	lncRNA	6	4	2	0.9246	0.2293	0.2479
ENSG00000231074.9	HCG18	lncRNA	2059	1209	1211	6.6228	1.6424	1.7758
ENSG00000231078.1	AL157414.2	lncRNA	0	0	0	0.0000	0.0000	0.0000
ENSG00000231079.7	KIF5C-AS1	lncRNA	1	0	1	0.0136	0.0034	0.0037
ENSG00000231080.1	AL592161.1	lncRNA	0	30	35	0.0000	0.0000	0.0000
ENSG00000231081.1	AL078587.1	lncRNA	0	0	1	0.0000	0.0000	0.0000
ENSG00000231082.1	LINC02655	lncRNA	0	0	0	0.0000	0.0000	0.0000
ENSG00000231083.1	AC011747.1	lncRNA	2	2	0	0.2007	0.0498	0.0538
ENSG00000231084.2	RPL22P24	processed_pseudogene	37	18	19	5.5805	1.3839	1.4963
ENSG00000231086.1	TSSK1A	unitary_pseudogene	5	5	6	0.3692	0.0916	0.0990
ENSG00000231087.2	FDPSP7	processed_pseudogene	0	1	0	0.0000	0.0000	0.0000
ENSG00000231090.2	MIR4422HG	lncRNA	0	1	0	0.0000	0.0000	0.0000
ENSG00000231092.1	AC012513.1	lncRNA	0	3	12	0.0000	0.0000	0.0000
ENSG00000231093.1	AL391256.1	processed_pseudogene	0	0	0	0.0000	0.0000	0.0000
ENSG00000231095.1	GYG1P3	processed_pseudogene	0	1	0	0.0000	0.0000	0.0000
ENSG00000231096.1	NDUFB4P3	processed_pseudogene	0	0	0	0.0000	0.0000	0.0000
ENSG00000231098.1	AC008154.2	lncRNA	0	0	0	0.0000	0.0000	0.0000
ENSG00000231099.1	BMS1P19	processed_pseudogene	0	0	0	0.0000	0.0000	0.0000
ENSG00000231100.1	AL606752.1	unprocessed_pseudogene	0	0	0	0.0000	0.0000	0.0000
ENSG00000231102.1	AL035588.1	lncRNA	1	0	2	0.1390	0.0345	0.0373
ENSG00000231103.2	PRAMEF30P	unprocessed_pseudogene	0	0	0	0.0000	0.0000	0.0000
ENSG00000231104.8	AC022395.1	lncRNA	4	70	64	0.1088	0.0270	0.0292
ENSG00000231105.2	ECE1-AS1	lncRNA	15	12	11	0.3298	0.0818	0.0884
ENSG00000231106.2	LINC01436	lncRNA	132	60	72	7.1429	1.7714	1.9152
ENSG00000231107.2	LINC01508	lncRNA	7	4	3	0.1978	0.0491	0.0530
ENSG00000231108.2	PRELID3BP11	processed_pseudogene	0	0	0	0.0000	0.0000	0.0000
ENSG00000231110.1	FO393408.1	lncRNA	0	0	0	0.0000	0.0000	0.0000
ENSG00000231112.1	MTHFD2P3	processed_pseudogene	0	0	0	0.0000	0.0000	0.0000
ENSG00000231113.2	AL035587.1	lncRNA	99	53	46	3.7680	0.9344	1.0103
ENSG00000231114.1	AC078842.2	lncRNA	0	0	0	0.0000	0.0000	0.0000
ENSG00000231119.2	AL031666.1	lncRNA	27	17	11	0.8464	0.2099	0.2270
ENSG00000231120.3	BTF3P10	processed_pseudogene	4	2	2	0.4583	0.1136	0.1229
ENSG00000231122.5	FAM25E	transcribed_unprocessed_pseudogene	0	0	0	0.0000	0.0000	0.0000
ENSG00000231123.1	SPATA20P1	processed_pseudogene	52	32	31	6.7327	1.6696	1.8053
ENSG00000231124.1	UBE2V1P11	processed_pseudogene	1	0	1	0.1990	0.0493	0.0534
ENSG00000231125.2	AF129075.1	lncRNA	26	15	11	1.8570	0.4605	0.4979
ENSG00000231128.6	AL137856.1	lncRNA	1	32	33	0.0358	0.0089	0.0096
ENSG00000231130.1	HLA-T	unprocessed_pseudogene	3	1	2	0.3781	0.0938	0.1014
ENSG00000231131.8	LNCAROD	lncRNA	37	19	18	0.6376	0.1581	0.1710
ENSG00000231132.1	AC022537.1	lncRNA	1	0	1	0.1272	0.0315	0.0341
ENSG00000231133.8	HAR1B	lncRNA	1	2	1	0.0110	0.0027	0.0030
ENSG00000231134.1	TCF7L1-IT1	lncRNA	0	0	0	0.0000	0.0000	0.0000
ENSG00000231136.1	AP000705.1	processed_pseudogene	0	0	0	0.0000	0.0000	0.0000
ENSG00000231137.1	RBM22P5	processed_pseudogene	0	0	0	0.0000	0.0000	0.0000
ENSG00000231138.1	AC009987.1	lncRNA	1	2	2	0.0704	0.0174	0.0189
ENSG00000231139.1	AC104843.2	unprocessed_pseudogene	0	0	0	0.0000	0.0000	0.0000
ENSG00000231140.3	BX005214.2	lncRNA	0	0	0	0.0000	0.0000	0.0000
ENSG00000231141.1	TTTY3	lncRNA	0	0	0	0.0000	0.0000	0.0000
ENSG00000231143.1	AL157378.1	lncRNA	0	0	0	0.0000	0.0000	0.0000
ENSG00000231144.1	EEF1A1P40	processed_pseudogene	0	0	0	0.0000	0.0000	0.0000
ENSG00000231147.2	ARHGAP42P2	unprocessed_pseudogene	0	0	0	0.0000	0.0000	0.0000
ENSG00000231148.1	HMGB1P7	processed_pseudogene	1	0	1	0.0927	0.0230	0.0248
ENSG00000231149.2	AL354979.1	lncRNA	0	0	0	0.0000	0.0000	0.0000
ENSG00000231150.5	DNAH8-AS1	lncRNA	0	0	0	0.0000	0.0000	0.0000
ENSG00000231152.1	MTND2P15	processed_pseudogene	0	0	0	0.0000	0.0000	0.0000
ENSG00000231153.1	AC002429.1	processed_pseudogene	0	0	0	0.0000	0.0000	0.0000
ENSG00000231154.1	MORF4L2-AS1	lncRNA	71	242	226	1.9302	0.4787	0.5176
ENSG00000231156.1	AC093702.1	lncRNA	0	0	0	0.0000	0.0000	0.0000
ENSG00000231158.1	PTP4A1P1	processed_pseudogene	0	0	0	0.0000	0.0000	0.0000
ENSG00000231159.1	OFD1P8Y	unprocessed_pseudogene	0	0	0	0.0000	0.0000	0.0000
ENSG00000231160.10	KLF3-AS1	lncRNA	104	85	93	0.9138	0.2266	0.2450
ENSG00000231162.4	COX11P1	processed_pseudogene	0	0	0	0.0000	0.0000	0.0000
ENSG00000231163.6	CSMD2-AS1	lncRNA	0	0	0	0.0000	0.0000	0.0000
ENSG00000231164.1	RPL7P56	processed_pseudogene	1	1	0	0.0791	0.0196	0.0212
ENSG00000231165.3	TRBV26OR9-2	TR_V_pseudogene	3	2	1	0.5806	0.1440	0.1557
ENSG00000231166.2	TUBB4BP6	processed_pseudogene	0	0	0	0.0000	0.0000	0.0000
ENSG00000231167.3	YBX1P2	processed_pseudogene	16	7	9	0.9083	0.2252	0.2435
ENSG00000231169.4	EEF1B2P1	processed_pseudogene	1	0	1	0.0844	0.0209	0.0226
ENSG00000231170.7	AC002451.1	lncRNA	9	2	8	0.0757	0.0188	0.0203
ENSG00000231171.4	LINC01098	lncRNA	8	4	4	0.2266	0.0562	0.0608
ENSG00000231172.2	AC007099.1	lncRNA	1	0	1	0.0479	0.0119	0.0128
ENSG00000231173.1	AC116609.2	lncRNA	8	9	4	1.7722	0.4395	0.4752
ENSG00000231175.1	LINC01720	lncRNA	0	0	0	0.0000	0.0000	0.0000
ENSG00000231177.4	LINC00852	lncRNA	41	28	13	1.7508	0.4342	0.4695
ENSG00000231178.3	AL357832.1	lncRNA	1	0	1	0.0379	0.0094	0.0102
ENSG00000231181.1	AL954705.1	processed_pseudogene	7	2	5	0.7101	0.1761	0.1904
ENSG00000231183.4	AC007003.1	lncRNA	0	0	0	0.0000	0.0000	0.0000
ENSG00000231184.3	CCNQP3	processed_pseudogene	0	0	0	0.0000	0.0000	0.0000
ENSG00000231185.7	SPRY4-AS1	lncRNA	36	16	20	0.7081	0.1756	0.1899
ENSG00000231187.3	AL356056.2	lncRNA	4	8	8	0.0739	0.0183	0.0198
ENSG00000231188.1	AL139819.1	lncRNA	0	0	0	0.0000	0.0000	0.0000
ENSG00000231189.1	AC013448.1	lncRNA	0	0	0	0.0000	0.0000	0.0000
ENSG00000231192.2	OR5H1	protein_coding	0	0	0	0.0000	0.0000	0.0000
ENSG00000231193.1	AL157884.2	lncRNA	8	6	2	0.8234	0.2042	0.2208
ENSG00000231194.1	FARP1-AS1	lncRNA	0	245	290	0.0000	0.0000	0.0000
ENSG00000231195.1	IFNA11P	unprocessed_pseudogene	0	0	0	0.0000	0.0000	0.0000
ENSG00000231198.1	AC004987.1	processed_pseudogene	0	4	2	0.0000	0.0000	0.0000
ENSG00000231199.2	MTND5P19	processed_pseudogene	0	0	0	0.0000	0.0000	0.0000
ENSG00000231201.1	AF127577.2	lncRNA	10	2	8	0.6882	0.1707	0.1845
ENSG00000231202.1	TRGVB	TR_V_pseudogene	0	0	0	0.0000	0.0000	0.0000
ENSG00000231203.1	KRT8P10	processed_pseudogene	4	1	3	0.1568	0.0389	0.0420
ENSG00000231204.7	AC011752.1	lncRNA	0	0	0	0.0000	0.0000	0.0000
ENSG00000231205.11	ZNF826P	transcribed_unprocessed_pseudogene	451	218	233	4.2570	1.0557	1.1415
ENSG00000231206.2	HNRNPA1P25	processed_pseudogene	1	0	1	0.0605	0.0150	0.0162
ENSG00000231207.1	FO393419.1	processed_pseudogene	0	0	0	0.0000	0.0000	0.0000
ENSG00000231208.4	ZBTB46-AS1	lncRNA	0	0	0	0.0000	0.0000	0.0000
ENSG00000231210.3	COMETT	lncRNA	1	1	0	0.0335	0.0083	0.0090
ENSG00000231211.2	RPL17P49	processed_pseudogene	0	0	0	0.0000	0.0000	0.0000
ENSG00000231212.1	AL590399.3	lncRNA	0	0	0	0.0000	0.0000	0.0000
ENSG00000231213.6	PLSCR5	protein_coding	0	0	0	0.0000	0.0000	0.0000
ENSG00000231216.1	GS1-600G8.3	lncRNA	0	0	0	0.0000	0.0000	0.0000
ENSG00000231219.1	PRAMEF32P	unprocessed_pseudogene	0	0	0	0.0000	0.0000	0.0000
ENSG00000231221.1	LINC01593	lncRNA	0	0	0	0.0000	0.0000	0.0000
ENSG00000231222.1	ARF4P4	processed_pseudogene	0	0	0	0.0000	0.0000	0.0000
ENSG00000231226.1	TRIM31-AS1	lncRNA	0	0	0	0.0000	0.0000	0.0000
ENSG00000231227.1	AC006450.1	lncRNA	0	0	0	0.0000	0.0000	0.0000
ENSG00000231228.4	ARPP19P1	processed_pseudogene	0	0	0	0.0000	0.0000	0.0000
ENSG00000231231.5	LINC01423	lncRNA	5	4	1	0.3301	0.0819	0.0885
ENSG00000231232.4	AC023141.6	unprocessed_pseudogene	0	0	0	0.0000	0.0000	0.0000
ENSG00000231233.1	CFAP58-DT	lncRNA	21	11	10	1.4980	0.3715	0.4017
ENSG00000231234.2	SKP1P1	transcribed_processed_pseudogene	1	1	0	0.1160	0.0288	0.0311
ENSG00000231235.1	CTNNBL1P1	processed_pseudogene	0	0	0	0.0000	0.0000	0.0000
ENSG00000231236.2	AP001605.1	lncRNA	1	0	1	0.0218	0.0054	0.0058
ENSG00000231237.1	OR6K1P	unprocessed_pseudogene	0	0	0	0.0000	0.0000	0.0000
ENSG00000231238.2	LINC00349	lncRNA	0	0	0	0.0000	0.0000	0.0000
ENSG00000231240.1	KLF2P1	processed_pseudogene	13	9	6	0.7075	0.1755	0.1897
ENSG00000231241.1	RPS3AP3	processed_pseudogene	2	2	0	0.4687	0.1162	0.1257
ENSG00000231243.1	AC116038.1	lncRNA	0	0	0	0.0000	0.0000	0.0000
ENSG00000231244.1	PSMC1P3	processed_pseudogene	0	0	0	0.0000	0.0000	0.0000
ENSG00000231245.2	C1DP1	processed_pseudogene	0	6	4	0.0000	0.0000	0.0000
ENSG00000231246.2	LINC02884	lncRNA	40	18	22	0.3620	0.0898	0.0971
ENSG00000231248.3	FAM242D	lncRNA	0	0	0	0.0000	0.0000	0.0000
ENSG00000231249.1	ITPR1-DT	lncRNA	39	21	18	2.5777	0.6393	0.6912
ENSG00000231251.1	AL021921.1	processed_pseudogene	0	0	0	0.0000	0.0000	0.0000
ENSG00000231252.3	AC099792.1	lncRNA	1	0	1	0.0132	0.0033	0.0035
ENSG00000231253.2	LINC01640	lncRNA	2	1	2	0.0564	0.0140	0.0151
ENSG00000231254.2	PCED1CP	processed_pseudogene	1	0	1	0.0722	0.0179	0.0194
ENSG00000231255.1	AC005009.1	lncRNA	2	0	2	0.4216	0.1046	0.1131
ENSG00000231256.8	CFAP97D1	protein_coding	2	1	3	0.0302	0.0075	0.0081
ENSG00000231258.2	ZSWIM5P2	unprocessed_pseudogene	33	13	20	0.9183	0.2277	0.2462
ENSG00000231259.5	ANAPC1P2	unprocessed_pseudogene	0	0	0	0.0000	0.0000	0.0000
ENSG00000231261.1	HMGN2P10	processed_pseudogene	0	0	0	0.0000	0.0000	0.0000
ENSG00000231264.1	ARAFP1	processed_pseudogene	0	0	0	0.0000	0.0000	0.0000
ENSG00000231265.1	TRERNA1	lncRNA	0	0	0	0.0000	0.0000	0.0000
ENSG00000231266.1	AC010745.3	lncRNA	0	0	0	0.0000	0.0000	0.0000
ENSG00000231270.1	COBLP1	processed_pseudogene	0	0	0	0.0000	0.0000	0.0000
ENSG00000231271.1	AP000350.3	unprocessed_pseudogene	1	1	0	0.1962	0.0487	0.0526
ENSG00000231272.1	AL122008.1	lncRNA	1	0	1	0.1255	0.0311	0.0336
ENSG00000231274.5	SBK3	protein_coding	5	1	4	0.1865	0.0463	0.0500
ENSG00000231276.2	E2F4P1	processed_pseudogene	0	0	0	0.0000	0.0000	0.0000
ENSG00000231278.1	OR9S24P	unprocessed_pseudogene	0	0	0	0.0000	0.0000	0.0000
ENSG00000231280.1	SALL4P6	processed_pseudogene	0	0	0	0.0000	0.0000	0.0000
ENSG00000231290.6	APCDD1L-DT	lncRNA	64	29	36	0.5670	0.1406	0.1520
ENSG00000231291.3	AC106799.1	lncRNA	0	0	0	0.0000	0.0000	0.0000
ENSG00000231292.6	IGKV1OR2-108	IG_V_gene	7	2	5	1.1246	0.2789	0.3015
ENSG00000231293.1	RPL36AP6	processed_pseudogene	0	0	0	0.0000	0.0000	0.0000
ENSG00000231295.1	AC004888.1	lncRNA	6	4	2	0.6220	0.1543	0.1668
ENSG00000231296.1	AL050341.1	processed_pseudogene	0	9	8	0.0000	0.0000	0.0000
ENSG00000231297.3	AL627443.1	lncRNA	0	0	0	0.0000	0.0000	0.0000
ENSG00000231298.7	MANCR	lncRNA	12	10	6	0.2405	0.0596	0.0645
ENSG00000231299.1	SEPTIN14P24	unprocessed_pseudogene	0	0	0	0.0000	0.0000	0.0000
ENSG00000231300.1	EZH2P1	processed_pseudogene	0	0	0	0.0000	0.0000	0.0000
ENSG00000231301.1	RPL13AP	processed_pseudogene	0	0	0	0.0000	0.0000	0.0000
ENSG00000231302.1	RPL36P2	processed_pseudogene	0	0	0	0.0000	0.0000	0.0000
ENSG00000231304.2	SGO1-AS1	lncRNA	2	54	41	0.0173	0.0043	0.0046
ENSG00000231305.4	AC112484.1	lncRNA	52	27	30	1.3722	0.3403	0.3679
ENSG00000231307.1	RPS3P2	processed_pseudogene	1	0	1	0.0809	0.0201	0.0217
ENSG00000231310.3	TBL1XR1-AS1	lncRNA	3	190	176	0.1990	0.0493	0.0534
ENSG00000231311.1	PRYP2	unprocessed_pseudogene	0	0	0	0.0000	0.0000	0.0000
ENSG00000231312.7	MAP4K3-DT	lncRNA	419	231	188	1.8845	0.4673	0.5053
ENSG00000231313.2	CLIC1P1	processed_pseudogene	3	3	0	0.2350	0.0583	0.0630
ENSG00000231316.1	AL591419.1	processed_pseudogene	0	0	0	0.0000	0.0000	0.0000
ENSG00000231317.1	AC091812.1	unprocessed_pseudogene	3	2	1	0.0873	0.0217	0.0234
ENSG00000231322.5	RPL13AP17	transcribed_processed_pseudogene	0	0	0	0.0000	0.0000	0.0000
ENSG00000231324.1	AP000696.1	lncRNA	0	0	0	0.0000	0.0000	0.0000
ENSG00000231326.7	LINC02662	lncRNA	0	0	0	0.0000	0.0000	0.0000
ENSG00000231327.1	LINC01816	lncRNA	27	14	13	2.3129	0.5736	0.6202
ENSG00000231328.1	TPT1P7	processed_pseudogene	0	0	0	0.0000	0.0000	0.0000
ENSG00000231329.8	AL031772.1	lncRNA	9	276	251	0.0991	0.0246	0.0266
ENSG00000231331.1	AC103563.3	unprocessed_pseudogene	4	3	2	0.6408	0.1589	0.1718
ENSG00000231332.2	OOEP-AS1	lncRNA	0	1	1	0.0000	0.0000	0.0000
ENSG00000231333.2	RPL34P6	processed_pseudogene	0	0	0	0.0000	0.0000	0.0000
ENSG00000231334.2	EML6-AS1	lncRNA	0	0	0	0.0000	0.0000	0.0000
ENSG00000231336.1	AC017006.1	lncRNA	0	0	0	0.0000	0.0000	0.0000
ENSG00000231340.1	ACTG1P10	processed_pseudogene	15	16	21	0.7862	0.1950	0.2108
ENSG00000231341.1	VDAC1P6	processed_pseudogene	1	1	0	0.0663	0.0164	0.0178
ENSG00000231344.1	AL020997.1	processed_pseudogene	3	2	2	0.4875	0.1209	0.1307
ENSG00000231345.3	BEND3P1	transcribed_processed_pseudogene	0	0	0	0.0000	0.0000	0.0000
ENSG00000231346.5	LINC01160	lncRNA	11	8	3	0.4530	0.1123	0.1215
ENSG00000231349.2	AC119749.1	processed_pseudogene	0	0	0	0.0000	0.0000	0.0000
ENSG00000231351.2	WBP1P1	processed_pseudogene	3	0	3	0.3369	0.0835	0.0903
ENSG00000231353.1	AL355994.1	unprocessed_pseudogene	0	0	0	0.0000	0.0000	0.0000
ENSG00000231355.1	AP000302.1	lncRNA	0	0	0	0.0000	0.0000	0.0000
ENSG00000231356.1	MTFR1P1	processed_pseudogene	0	0	0	0.0000	0.0000	0.0000
ENSG00000231357.1	AC006028.1	processed_pseudogene	0	0	0	0.0000	0.0000	0.0000
ENSG00000231358.4	AL355516.1	lncRNA	3	1	2	0.1569	0.0389	0.0421
ENSG00000231359.3	AC072052.1	processed_pseudogene	20	8	12	3.7065	0.9192	0.9938
ENSG00000231361.1	RPS29P23	processed_pseudogene	0	0	0	0.0000	0.0000	0.0000
ENSG00000231362.1	AC069271.1	processed_pseudogene	0	0	0	0.0000	0.0000	0.0000
ENSG00000231364.3	LINC01712	lncRNA	0	0	0	0.0000	0.0000	0.0000
ENSG00000231365.6	WARS2-AS1	lncRNA	376	218	228	1.8592	0.4611	0.4985
ENSG00000231366.1	RPS26P40	processed_pseudogene	0	0	0	0.0000	0.0000	0.0000
ENSG00000231367.6	LINC02613	lncRNA	48	21	28	0.5054	0.1253	0.1355
ENSG00000231368.1	RPSAP40	processed_pseudogene	0	0	0	0.0000	0.0000	0.0000
ENSG00000231369.1	Z97353.1	processed_pseudogene	9	6	3	0.8830	0.2190	0.2368
ENSG00000231371.1	AKR1B1P8	processed_pseudogene	0	0	0	0.0000	0.0000	0.0000
ENSG00000231373.1	GNA14-AS1	lncRNA	0	0	0	0.0000	0.0000	0.0000
ENSG00000231375.1	CDY17P	unprocessed_pseudogene	0	0	0	0.0000	0.0000	0.0000
ENSG00000231376.1	HMGN2P16	processed_pseudogene	0	0	0	0.0000	0.0000	0.0000
ENSG00000231378.1	NDUFAF4P4	processed_pseudogene	0	0	0	0.0000	0.0000	0.0000
ENSG00000231381.2	RNF2P1	processed_pseudogene	6	34	15	0.3369	0.0835	0.0903
ENSG00000231382.1	NBPF21P	unprocessed_pseudogene	0	0	0	0.0000	0.0000	0.0000
ENSG00000231383.2	FGF12-AS1	lncRNA	1	0	1	0.0525	0.0130	0.0141
ENSG00000231384.1	AC007919.2	processed_pseudogene	0	0	0	0.0000	0.0000	0.0000
ENSG00000231386.1	MOB4P1	processed_pseudogene	0	0	0	0.0000	0.0000	0.0000
ENSG00000231388.1	FMN2P1	processed_pseudogene	0	0	0	0.0000	0.0000	0.0000
ENSG00000231389.7	HLA-DPA1	protein_coding	26006	14157	14063	256.5761	63.6283	68.7966
ENSG00000231390.1	SNX18P8	unprocessed_pseudogene	0	0	0	0.0000	0.0000	0.0000
ENSG00000231392.1	AC244157.1	unprocessed_pseudogene	0	0	0	0.0000	0.0000	0.0000
ENSG00000231393.1	AL357874.2	lncRNA	7	4	3	0.5846	0.1450	0.1568
ENSG00000231394.1	AC099681.2	lncRNA	3	0	3	0.3133	0.0777	0.0840
ENSG00000231395.1	ARL4AP4	processed_pseudogene	12	9	3	1.3137	0.3258	0.3523
ENSG00000231396.3	USP17L10	protein_coding	0	0	0	0.0000	0.0000	0.0000
ENSG00000231397.1	AC004941.2	processed_pseudogene	0	0	0	0.0000	0.0000	0.0000
ENSG00000231398.1	AL359385.1	processed_pseudogene	0	0	0	0.0000	0.0000	0.0000
ENSG00000231399.1	SNRPEP8	processed_pseudogene	0	0	0	0.0000	0.0000	0.0000
ENSG00000231401.2	AC023481.1	lncRNA	16	8	8	0.3468	0.0860	0.0930
ENSG00000231402.1	WASF5P	processed_pseudogene	1	0	1	0.0390	0.0097	0.0105
ENSG00000231403.1	AC099344.2	lncRNA	0	0	0	0.0000	0.0000	0.0000
ENSG00000231404.2	RAC1P3	processed_pseudogene	0	0	0	0.0000	0.0000	0.0000
ENSG00000231405.1	AL008638.1	lncRNA	5	4	1	0.5995	0.1487	0.1607
ENSG00000231407.6	GORAB-AS1	lncRNA	139	80	59	1.3959	0.3462	0.3743
ENSG00000231409.3	AC018868.1	processed_pseudogene	5	1	4	0.9002	0.2232	0.2414
ENSG00000231411.1	DUX4L31	unprocessed_pseudogene	0	0	0	0.0000	0.0000	0.0000
ENSG00000231412.2	AC005392.2	lncRNA	4	3	1	0.7536	0.1869	0.2021
ENSG00000231413.1	AL356289.1	lncRNA	0	0	0	0.0000	0.0000	0.0000
ENSG00000231414.1	RPL39P15	processed_pseudogene	5	3	2	1.8176	0.4508	0.4874
ENSG00000231416.1	AL358472.1	processed_pseudogene	0	0	0	0.0000	0.0000	0.0000
ENSG00000231417.2	IRX1P1	unprocessed_pseudogene	0	0	0	0.0000	0.0000	0.0000
ENSG00000231418.2	AC005090.1	lncRNA	0	0	0	0.0000	0.0000	0.0000
ENSG00000231419.6	LINC00689	lncRNA	11	5	6	0.0681	0.0169	0.0183
ENSG00000231420.1	LINC01817	lncRNA	0	0	0	0.0000	0.0000	0.0000
ENSG00000231421.8	AC011840.1	lncRNA	0	0	0	0.0000	0.0000	0.0000
ENSG00000231422.2	LINC01516	lncRNA	0	0	0	0.0000	0.0000	0.0000
ENSG00000231423.1	RAB9AP5	unprocessed_pseudogene	0	0	0	0.0000	0.0000	0.0000
ENSG00000231424.3	BX284613.2	lncRNA	48	21	28	0.3447	0.0855	0.0924
ENSG00000231426.7	FILNC1	lncRNA	0	1	1	0.0000	0.0000	0.0000
ENSG00000231427.6	LINC01445	lncRNA	0	0	0	0.0000	0.0000	0.0000
ENSG00000231428.2	LINC00396	lncRNA	0	0	0	0.0000	0.0000	0.0000
ENSG00000231431.7	FAR2P4	transcribed_unprocessed_pseudogene	0	1	2	0.0000	0.0000	0.0000
ENSG00000231434.1	HSP90AA3P	processed_pseudogene	8	3	7	0.2094	0.0519	0.0561
ENSG00000231436.1	RBMY3AP	unprocessed_pseudogene	0	0	0	0.0000	0.0000	0.0000
ENSG00000231437.3	LINC01750	lncRNA	13	8	5	0.2054	0.0509	0.0551
ENSG00000231439.4	WASIR2	lncRNA	98	49	49	5.2728	1.3076	1.4138
ENSG00000231440.1	AL358176.4	lncRNA	0	0	0	0.0000	0.0000	0.0000
ENSG00000231441.2	DST-AS1	lncRNA	3	1	2	0.1547	0.0384	0.0415
ENSG00000231442.3	LARP1BP1	processed_pseudogene	0	0	0	0.0000	0.0000	0.0000
ENSG00000231443.2	AC124944.1	processed_pseudogene	13	4	9	0.5936	0.1472	0.1592
ENSG00000231445.1	TIMM8AP1	processed_pseudogene	0	3	4	0.0000	0.0000	0.0000
ENSG00000231447.1	AC244102.1	lncRNA	0	0	0	0.0000	0.0000	0.0000
ENSG00000231449.1	AC097359.1	processed_pseudogene	3	0	3	0.3675	0.0911	0.0985
ENSG00000231453.1	LINC01305	lncRNA	0	0	0	0.0000	0.0000	0.0000
ENSG00000231454.2	AL935212.2	processed_pseudogene	0	0	0	0.0000	0.0000	0.0000
ENSG00000231458.2	RNASEH1P2	processed_pseudogene	0	0	0	0.0000	0.0000	0.0000
ENSG00000231460.2	AL365204.1	lncRNA	0	0	0	0.0000	0.0000	0.0000
ENSG00000231461.1	HLA-DPA2	unprocessed_pseudogene	0	1	1	0.0000	0.0000	0.0000
ENSG00000231464.1	AC024937.2	processed_pseudogene	0	0	0	0.0000	0.0000	0.0000
ENSG00000231466.2	AL022324.2	processed_pseudogene	15	9	6	1.0906	0.2705	0.2924
ENSG00000231467.2	AL022314.1	lncRNA	3	0	4	0.3667	0.0909	0.0983
ENSG00000231468.2	PRDX3P2	processed_pseudogene	10	7	3	0.9282	0.2302	0.2489
ENSG00000231470.1	HMGB3P2	processed_pseudogene	0	0	0	0.0000	0.0000	0.0000
ENSG00000231471.1	HMGN2P34	processed_pseudogene	0	0	0	0.0000	0.0000	0.0000
ENSG00000231473.3	RB1-DT	lncRNA	10	3	7	0.3096	0.0768	0.0830
ENSG00000231475.3	IGHV4-31	IG_V_gene	4	2	2	0.5300	0.1314	0.1421
ENSG00000231476.1	AC074389.2	lncRNA	0	0	0	0.0000	0.0000	0.0000
ENSG00000231477.2	AC004448.1	lncRNA	0	0	0	0.0000	0.0000	0.0000
ENSG00000231478.1	FCF1P9	transcribed_processed_pseudogene	0	0	0	0.0000	0.0000	0.0000
ENSG00000231480.1	SNRPGP13	processed_pseudogene	0	0	0	0.0000	0.0000	0.0000
ENSG00000231482.3	AC105450.1	lncRNA	39	20	23	0.8609	0.2135	0.2308
ENSG00000231484.1	AC023141.7	unprocessed_pseudogene	0	0	0	0.0000	0.0000	0.0000
ENSG00000231487.1	AP006285.1	lncRNA	0	0	0	0.0000	0.0000	0.0000
ENSG00000231489.1	AL606490.4	processed_pseudogene	0	0	0	0.0000	0.0000	0.0000
ENSG00000231490.1	RPL7L1P2	processed_pseudogene	0	0	0	0.0000	0.0000	0.0000
ENSG00000231491.2	JKAMPP1	processed_pseudogene	0	0	0	0.0000	0.0000	0.0000
ENSG00000231492.3	AP003774.1	lncRNA	0	0	0	0.0000	0.0000	0.0000
ENSG00000231494.1	RPL21P35	processed_pseudogene	0	0	0	0.0000	0.0000	0.0000
ENSG00000231495.1	AL121885.3	lncRNA	0	0	0	0.0000	0.0000	0.0000
ENSG00000231496.2	AL136369.2	lncRNA	0	0	0	0.0000	0.0000	0.0000
ENSG00000231500.7	RPS18	protein_coding	63973	32051	31925	1978.1391	490.5585	530.4051
ENSG00000231501.1	MTND4LP1	processed_pseudogene	1	1	0	0.3612	0.0896	0.0969
ENSG00000231503.4	PTMAP4	processed_pseudogene	35	27	33	5.7366	1.4226	1.5382
ENSG00000231504.1	NMD3P2	processed_pseudogene	0	0	0	0.0000	0.0000	0.0000
ENSG00000231505.1	AC108868.1	lncRNA	0	0	0	0.0000	0.0000	0.0000
ENSG00000231507.2	LINC01353	lncRNA	7	3	4	0.2508	0.0622	0.0672
ENSG00000231508.1	RPL34P20	processed_pseudogene	0	0	0	0.0000	0.0000	0.0000
ENSG00000231509.1	AL162253.1	lncRNA	3	0	3	0.2244	0.0557	0.0602
ENSG00000231510.1	LINC02782	lncRNA	0	0	0	0.0000	0.0000	0.0000
ENSG00000231512.6	SEPTIN14P21	transcribed_unprocessed_pseudogene	0	0	0	0.0000	0.0000	0.0000
ENSG00000231513.3	E2F6P4	processed_pseudogene	0	0	0	0.0000	0.0000	0.0000
ENSG00000231514.1	CCNQP2	processed_pseudogene	0	0	0	0.0000	0.0000	0.0000
ENSG00000231515.1	AC006003.1	lncRNA	0	0	0	0.0000	0.0000	0.0000
ENSG00000231516.3	CBX1P5	processed_pseudogene	0	0	0	0.0000	0.0000	0.0000
ENSG00000231519.1	AC007285.1	lncRNA	3	1	2	0.3284	0.0814	0.0881
ENSG00000231521.1	AL162385.2	lncRNA	5	3	2	0.9949	0.2467	0.2668
ENSG00000231523.1	SEPTIN14P1	unprocessed_pseudogene	0	0	0	0.0000	0.0000	0.0000
ENSG00000231525.1	AC002486.2	processed_pseudogene	0	0	0	0.0000	0.0000	0.0000
ENSG00000231527.7	FAM27C	lncRNA	8	6	2	0.0300	0.0074	0.0080
ENSG00000231528.3	FAM225A	lncRNA	29	19	10	0.2682	0.0665	0.0719
ENSG00000231529.2	LINC02779	lncRNA	0	0	0	0.0000	0.0000	0.0000
ENSG00000231530.1	AL157932.1	lncRNA	6	3	3	0.9374	0.2325	0.2513
ENSG00000231531.5	HINT1P1	processed_pseudogene	2	0	2	0.3001	0.0744	0.0805
ENSG00000231532.6	LINC01249	lncRNA	0	0	0	0.0000	0.0000	0.0000
ENSG00000231533.2	AL391840.1	lncRNA	3	2	1	0.0144	0.0036	0.0039
ENSG00000231534.1	FBXO36-IT1	lncRNA	0	0	0	0.0000	0.0000	0.0000
ENSG00000231535.7	LINC00278	lncRNA	0	0	0	0.0000	0.0000	0.0000
ENSG00000231536.1	AC226101.1	lncRNA	0	0	0	0.0000	0.0000	0.0000
ENSG00000231537.1	MTCO3P10	unprocessed_pseudogene	0	0	0	0.0000	0.0000	0.0000
ENSG00000231538.1	DPP10-AS3	lncRNA	0	0	0	0.0000	0.0000	0.0000
ENSG00000231539.1	AC010132.1	lncRNA	4	2	2	0.4043	0.1003	0.1084
ENSG00000231540.1	ELOCP9	processed_pseudogene	0	0	0	0.0000	0.0000	0.0000
ENSG00000231541.1	RPS6P2	processed_pseudogene	0	0	0	0.0000	0.0000	0.0000
ENSG00000231542.1	TAB3-AS1	lncRNA	0	16	16	0.0000	0.0000	0.0000
ENSG00000231544.3	RSL24D1P11	processed_pseudogene	0	0	0	0.0000	0.0000	0.0000
ENSG00000231546.1	RPL3P5	transcribed_processed_pseudogene	1	1	0	0.0460	0.0114	0.0123
ENSG00000231547.1	AC096632.1	unprocessed_pseudogene	0	0	0	0.0000	0.0000	0.0000
ENSG00000231548.2	OR55B1P	transcribed_unitary_pseudogene	0	0	0	0.0000	0.0000	0.0000
ENSG00000231549.1	ATP5MDP1	processed_pseudogene	0	0	0	0.0000	0.0000	0.0000
ENSG00000231550.1	PTCHD3P2	processed_pseudogene	1	1	0	0.0471	0.0117	0.0126
ENSG00000231551.8	AC245100.4	transcribed_unprocessed_pseudogene	42	24	20	0.7153	0.1774	0.1918
ENSG00000231552.1	IGBP1P3	processed_pseudogene	0	0	0	0.0000	0.0000	0.0000
ENSG00000231553.1	RNMTL1P1	processed_pseudogene	0	0	0	0.0000	0.0000	0.0000
ENSG00000231556.1	RSL24D1P3	processed_pseudogene	0	0	0	0.0000	0.0000	0.0000
ENSG00000231557.1	AC020718.1	lncRNA	0	0	0	0.0000	0.0000	0.0000
ENSG00000231559.1	Z95118.1	processed_pseudogene	0	0	0	0.0000	0.0000	0.0000
ENSG00000231560.1	CLEC12A-AS1	lncRNA	16	8	10	0.2294	0.0569	0.0615
ENSG00000231561.2	CEACAMP5	unprocessed_pseudogene	0	0	0	0.0000	0.0000	0.0000
ENSG00000231562.1	AL512593.1	processed_pseudogene	0	0	0	0.0000	0.0000	0.0000
ENSG00000231563.2	AL139288.1	lncRNA	13	5	10	1.5201	0.3770	0.4076
ENSG00000231564.1	EIF4A1P11	processed_pseudogene	0	0	0	0.0000	0.0000	0.0000
ENSG00000231565.1	NEK2P2	processed_pseudogene	0	0	0	0.0000	0.0000	0.0000
ENSG00000231566.2	LINC02595	lncRNA	1	1	0	0.0253	0.0063	0.0068
ENSG00000231567.1	MTND2P19	unprocessed_pseudogene	0	0	0	0.0000	0.0000	0.0000
ENSG00000231568.1	S100A11P7	processed_pseudogene	0	0	0	0.0000	0.0000	0.0000
ENSG00000231569.1	AL355334.1	processed_pseudogene	0	0	0	0.0000	0.0000	0.0000
ENSG00000231570.1	PPIAP63	processed_pseudogene	0	0	0	0.0000	0.0000	0.0000
ENSG00000231574.6	LINC02015	lncRNA	520	259	261	9.0624	2.2474	2.4299
ENSG00000231575.1	AL139118.1	lncRNA	0	0	0	0.0000	0.0000	0.0000
ENSG00000231576.1	MTCO2P20	processed_pseudogene	0	0	0	0.0000	0.0000	0.0000
ENSG00000231579.3	RPL7P21	processed_pseudogene	0	0	0	0.0000	0.0000	0.0000
ENSG00000231582.2	MTND4LP21	processed_pseudogene	0	0	0	0.0000	0.0000	0.0000
ENSG00000231583.1	AC108938.1	unprocessed_pseudogene	0	0	0	0.0000	0.0000	0.0000
ENSG00000231584.8	FAHD2CP	transcribed_unprocessed_pseudogene	143	324	295	3.7895	0.9398	1.0161
ENSG00000231585.1	AC034228.1	lncRNA	0	0	0	0.0000	0.0000	0.0000
ENSG00000231586.2	RPS23P9	unprocessed_pseudogene	0	0	0	0.0000	0.0000	0.0000
ENSG00000231587.1	SNORD62B	snoRNA	7	4	3	4.6159	1.1447	1.2377
ENSG00000231588.1	SHQ1P1	processed_pseudogene	0	67	78	0.0000	0.0000	0.0000
ENSG00000231589.1	AC009110.1	lncRNA	0	0	0	0.0000	0.0000	0.0000
ENSG00000231590.2	AC235565.1	unitary_pseudogene	0	0	0	0.0000	0.0000	0.0000
ENSG00000231593.1	BX510359.4	unprocessed_pseudogene	0	0	0	0.0000	0.0000	0.0000
ENSG00000231597.1	AC007557.2	lncRNA	0	0	0	0.0000	0.0000	0.0000
ENSG00000231600.1	AC236972.1	unprocessed_pseudogene	0	0	0	0.0000	0.0000	0.0000
ENSG00000231601.1	AL157709.1	lncRNA	0	0	0	0.0000	0.0000	0.0000
ENSG00000231603.1	AL606490.5	processed_pseudogene	0	0	0	0.0000	0.0000	0.0000
ENSG00000231604.2	AL133232.1	lncRNA	4	1	3	0.4696	0.1165	0.1259
ENSG00000231605.6	LINC01363	lncRNA	1	0	1	0.0294	0.0073	0.0079
ENSG00000231606.2	AL357873.1	lncRNA	5	2	3	0.1831	0.0454	0.0491
ENSG00000231607.12	DLEU2	lncRNA	215	246	289	1.0472	0.2597	0.2808
ENSG00000231609.7	AC007098.1	lncRNA	15	202	188	0.2567	0.0637	0.0688
ENSG00000231610.1	PIK3CDP1	processed_pseudogene	0	0	0	0.0000	0.0000	0.0000
ENSG00000231612.1	AC104462.1	lncRNA	6	3	4	0.7612	0.1888	0.2041
ENSG00000231613.1	AC099568.1	lncRNA	1	0	1	0.1114	0.0276	0.0299
ENSG00000231615.2	AL645568.1	processed_pseudogene	0	0	0	0.0000	0.0000	0.0000
ENSG00000231616.9	AL354733.2	lncRNA	10	36	32	0.1363	0.0338	0.0365
ENSG00000231619.1	ANAPC15P1	processed_pseudogene	0	0	0	0.0000	0.0000	0.0000
ENSG00000231620.1	AP000855.1	lncRNA	0	0	0	0.0000	0.0000	0.0000
ENSG00000231621.1	ANKRD44-AS1	lncRNA	1	1	1	0.1246	0.0309	0.0334
ENSG00000231622.1	RPS29P7	processed_pseudogene	0	0	0	0.0000	0.0000	0.0000
ENSG00000231625.4	SLC47A1P2	transcribed_unprocessed_pseudogene	3	1	2	0.1147	0.0284	0.0308
ENSG00000231626.1	AC013402.2	lncRNA	0	0	0	0.0000	0.0000	0.0000
ENSG00000231628.1	AL133406.2	lncRNA	17	74	71	0.8047	0.1996	0.2158
ENSG00000231630.1	AL592464.1	lncRNA	0	0	0	0.0000	0.0000	0.0000
ENSG00000231633.1	LINC00283	lncRNA	0	0	0	0.0000	0.0000	0.0000
ENSG00000231635.1	ATP5F1BP1	processed_pseudogene	0	0	0	0.0000	0.0000	0.0000
ENSG00000231636.1	AGBL5-AS1	lncRNA	2	1	1	0.2787	0.0691	0.0747
ENSG00000231637.3	USP17L29	protein_coding	0	0	0	0.0000	0.0000	0.0000
ENSG00000231638.1	LUARIS	lncRNA	13	19	12	0.2528	0.0627	0.0678
ENSG00000231643.4	YWHAQP8	processed_pseudogene	0	0	0	0.0000	0.0000	0.0000
ENSG00000231645.3	KRT17P6	transcribed_unprocessed_pseudogene	2	1	1	0.0730	0.0181	0.0196
ENSG00000231646.6	FSIP2-AS1	lncRNA	5	7	2	0.1190	0.0295	0.0319
ENSG00000231648.2	LINC01698	lncRNA	0	0	0	0.0000	0.0000	0.0000
ENSG00000231649.3	SPATA31B1P	unprocessed_pseudogene	0	0	0	0.0000	0.0000	0.0000
ENSG00000231650.1	RFESDP1	processed_pseudogene	0	0	0	0.0000	0.0000	0.0000
ENSG00000231651.1	DLG3-AS1	lncRNA	5	6	6	0.5883	0.1459	0.1577
ENSG00000231652.2	AL590428.1	lncRNA	119	100	85	3.4204	0.8482	0.9171
ENSG00000231653.1	AC010731.2	lncRNA	0	0	0	0.0000	0.0000	0.0000
ENSG00000231654.1	RPS6KA2-AS1	lncRNA	0	0	0	0.0000	0.0000	0.0000
ENSG00000231655.1	EMP2P1	processed_pseudogene	6	3	3	0.9666	0.2397	0.2592
ENSG00000231660.1	RPS8P6	processed_pseudogene	0	0	0	0.0000	0.0000	0.0000
ENSG00000231662.1	AL357052.1	lncRNA	0	0	0	0.0000	0.0000	0.0000
ENSG00000231663.1	COA6-AS1	lncRNA	102	134	115	10.0599	2.4947	2.6974
ENSG00000231665.1	OGFOD1P1	processed_pseudogene	2	0	2	0.0712	0.0177	0.0191
ENSG00000231666.7	LINC01704	lncRNA	0	0	0	0.0000	0.0000	0.0000
ENSG00000231667.2	OR7E111P	unprocessed_pseudogene	0	0	0	0.0000	0.0000	0.0000
ENSG00000231668.2	PPP2R2DP1	processed_pseudogene	0	0	0	0.0000	0.0000	0.0000
ENSG00000231671.1	LINC01307	lncRNA	0	0	0	0.0000	0.0000	0.0000
ENSG00000231672.8	DIRC3	lncRNA	32	20	28	0.2198	0.0545	0.0589
ENSG00000231674.1	LINC00410	lncRNA	0	0	0	0.0000	0.0000	0.0000
ENSG00000231675.1	AC005042.2	processed_pseudogene	1	0	1	0.3259	0.0808	0.0874
ENSG00000231678.2	AL358779.1	lncRNA	0	0	0	0.0000	0.0000	0.0000
ENSG00000231680.1	LINC02723	lncRNA	0	0	0	0.0000	0.0000	0.0000
ENSG00000231681.2	AC020743.2	lncRNA	0	0	0	0.0000	0.0000	0.0000
ENSG00000231682.1	LINC01891	lncRNA	0	0	0	0.0000	0.0000	0.0000
ENSG00000231683.6	AL033397.1	lncRNA	1	0	1	0.0142	0.0035	0.0038
ENSG00000231684.3	EIF1P3	processed_pseudogene	2	1	1	0.3396	0.0842	0.0911
ENSG00000231686.1	ANKRD11P2	processed_pseudogene	0	0	0	0.0000	0.0000	0.0000
ENSG00000231688.1	RPL21P43	processed_pseudogene	0	0	0	0.0000	0.0000	0.0000
ENSG00000231689.2	LINC01090	lncRNA	0	3	0	0.0000	0.0000	0.0000
ENSG00000231690.3	LINC00574	lncRNA	19	12	23	0.4173	0.1035	0.1119
ENSG00000231691.2	AL592114.3	lncRNA	3	4	5	0.1146	0.0284	0.0307
ENSG00000231694.1	AC244098.3	unprocessed_pseudogene	0	0	0	0.0000	0.0000	0.0000
ENSG00000231697.3	NANOGP5	transcribed_processed_pseudogene	2	0	2	0.1293	0.0321	0.0347
ENSG00000231698.2	AP002856.2	lncRNA	2	0	2	0.0951	0.0236	0.0255
ENSG00000231699.1	AC020550.1	processed_pseudogene	0	0	0	0.0000	0.0000	0.0000
ENSG00000231700.3	AL356276.2	processed_pseudogene	0	0	0	0.0000	0.0000	0.0000
ENSG00000231701.1	BMS1P13	unprocessed_pseudogene	0	0	1	0.0000	0.0000	0.0000
ENSG00000231702.2	AL645608.3	processed_pseudogene	0	0	0	0.0000	0.0000	0.0000
ENSG00000231703.2	AL354993.1	lncRNA	0	0	0	0.0000	0.0000	0.0000
ENSG00000231704.6	AC004895.1	lncRNA	10	4	7	0.4652	0.1154	0.1247
ENSG00000231705.1	AL451069.2	lncRNA	12	5	7	2.2913	0.5682	0.6144
ENSG00000231706.2	CYCSP43	processed_pseudogene	0	0	0	0.0000	0.0000	0.0000
ENSG00000231707.4	PABPC1P1	processed_pseudogene	3	2	1	0.2879	0.0714	0.0772
ENSG00000231711.2	LINC00899	lncRNA	251	129	122	2.8773	0.7136	0.7715
ENSG00000231712.1	H3P5	processed_pseudogene	0	0	0	0.0000	0.0000	0.0000
ENSG00000231713.2	AF064860.2	lncRNA	18	11	7	0.5715	0.1417	0.1533
ENSG00000231714.1	AL513348.1	lncRNA	0	0	0	0.0000	0.0000	0.0000
ENSG00000231715.1	COX6CP2	processed_pseudogene	7	2	5	1.7643	0.4375	0.4731
ENSG00000231716.1	CDY23P	unprocessed_pseudogene	0	0	0	0.0000	0.0000	0.0000
ENSG00000231718.1	LINC02789	lncRNA	0	0	0	0.0000	0.0000	0.0000
ENSG00000231720.1	AL353747.3	lncRNA	0	0	0	0.0000	0.0000	0.0000
ENSG00000231721.7	LINC-PINT	lncRNA	637	307	342	4.0005	0.9921	1.0727
ENSG00000231722.1	CHMP4AP1	processed_pseudogene	0	0	0	0.0000	0.0000	0.0000
ENSG00000231723.1	CAPZBP1	processed_pseudogene	0	0	0	0.0000	0.0000	0.0000
ENSG00000231724.1	AC112907.1	lncRNA	0	0	0	0.0000	0.0000	0.0000
ENSG00000231725.1	VN1R110P	processed_pseudogene	0	0	0	0.0000	0.0000	0.0000
ENSG00000231726.2	HMGN2P38	processed_pseudogene	1	1	0	0.2140	0.0531	0.0574
ENSG00000231728.5	TMSB15B-AS1	lncRNA	25	12	13	0.3086	0.0765	0.0827
ENSG00000231729.1	ARHGEF9-IT1	lncRNA	0	0	0	0.0000	0.0000	0.0000
ENSG00000231731.7	AC010976.1	lncRNA	42	198	206	0.4323	0.1072	0.1159
ENSG00000231735.1	RPS2P18	processed_pseudogene	0	0	0	0.0000	0.0000	0.0000
ENSG00000231738.11	TSPAN19	protein_coding	0	0	0	0.0000	0.0000	0.0000
ENSG00000231739.2	GAPDHP59	processed_pseudogene	1	0	1	0.2124	0.0527	0.0570
ENSG00000231740.1	AL136985.1	lncRNA	0	0	0	0.0000	0.0000	0.0000
ENSG00000231741.2	AL353743.3	processed_pseudogene	3	1	2	0.1159	0.0287	0.0311
ENSG00000231742.6	LINC01273	lncRNA	10	4	6	0.3047	0.0756	0.0817
ENSG00000231743.1	AC026396.1	processed_pseudogene	0	0	0	0.0000	0.0000	0.0000
ENSG00000231744.1	AL669818.1	processed_pseudogene	0	0	0	0.0000	0.0000	0.0000
ENSG00000231747.1	AC079922.1	processed_pseudogene	22	10	12	3.4753	0.8618	0.9318
ENSG00000231748.1	AL596223.2	lncRNA	0	0	0	0.0000	0.0000	0.0000
ENSG00000231749.3	ABCA9-AS1	lncRNA	2	19	22	0.0379	0.0094	0.0102
ENSG00000231750.3	NANOGP10	processed_pseudogene	0	0	0	0.0000	0.0000	0.0000
ENSG00000231752.6	EMBP1	transcribed_unprocessed_pseudogene	41	17	24	0.4047	0.1004	0.1085
ENSG00000231754.2	AL512380.1	lncRNA	2	1	1	0.0539	0.0134	0.0144
ENSG00000231755.1	CHODL-AS1	lncRNA	0	0	0	0.0000	0.0000	0.0000
ENSG00000231756.1	AL449983.1	lncRNA	0	0	0	0.0000	0.0000	0.0000
ENSG00000231758.3	ARHGAP15-AS1	lncRNA	0	0	0	0.0000	0.0000	0.0000
ENSG00000231760.5	AL355312.2	lncRNA	6	578	618	0.1607	0.0399	0.0431
ENSG00000231762.1	AL590426.1	processed_pseudogene	0	0	0	0.0000	0.0000	0.0000
ENSG00000231763.1	PQLC1P1	processed_pseudogene	0	0	0	0.0000	0.0000	0.0000
ENSG00000231764.10	DLX6-AS1	lncRNA	1	1	0	0.0034	0.0008	0.0009
ENSG00000231765.1	PPP1R11P2	processed_pseudogene	3	2	1	0.4454	0.1104	0.1194
ENSG00000231766.1	MTCO2P5	processed_pseudogene	0	0	0	0.0000	0.0000	0.0000
ENSG00000231767.4	RPS27AP5	protein_coding	1	1	0	0.1086	0.0269	0.0291
ENSG00000231768.2	LINC01354	lncRNA	14	4	10	0.2447	0.0607	0.0656
ENSG00000231769.3	AL035701.1	lncRNA	1	0	1	0.0287	0.0071	0.0077
ENSG00000231770.6	TMEM44-AS1	lncRNA	360	210	211	12.8724	3.1922	3.4515
ENSG00000231772.5	Z93403.1	lncRNA	1	0	1	0.0434	0.0108	0.0116
ENSG00000231776.5	LINC01611	lncRNA	9	5	4	0.6888	0.1708	0.1847
ENSG00000231777.1	MTND4P21	unprocessed_pseudogene	0	0	0	0.0000	0.0000	0.0000
ENSG00000231780.1	AC090960.1	processed_pseudogene	0	0	0	0.0000	0.0000	0.0000
ENSG00000231781.1	AC079896.1	lncRNA	0	0	0	0.0000	0.0000	0.0000
ENSG00000231782.7	LINC00575	lncRNA	0	0	0	0.0000	0.0000	0.0000
ENSG00000231784.8	DBIL5P	transcribed_unitary_pseudogene	16	7	13	0.3389	0.0841	0.0909
ENSG00000231787.4	H2BP9	processed_pseudogene	1	0	1	0.1310	0.0325	0.0351
ENSG00000231788.4	RPL31P50	processed_pseudogene	0	0	0	0.0000	0.0000	0.0000
ENSG00000231789.2	PIK3CD-AS2	lncRNA	20	10	10	1.2079	0.2995	0.3239
ENSG00000231791.1	AL445228.1	lncRNA	0	0	0	0.0000	0.0000	0.0000
ENSG00000231793.5	DOC2GP	transcribed_unitary_pseudogene	1	1	0	0.0180	0.0045	0.0048
ENSG00000231794.5	AC009542.1	lncRNA	4	68	54	0.0906	0.0225	0.0243
ENSG00000231795.1	ITCH-IT1	lncRNA	2	1	1	0.5453	0.1352	0.1462
ENSG00000231799.2	PA2G4P6	processed_pseudogene	4	2	2	0.1895	0.0470	0.0508
ENSG00000231801.2	ANP32BP2	processed_pseudogene	0	0	0	0.0000	0.0000	0.0000
ENSG00000231802.1	DNAJB6P3	processed_pseudogene	1	0	1	0.0740	0.0184	0.0199
ENSG00000231804.1	AL353748.1	processed_pseudogene	3	2	1	0.3589	0.0890	0.0962
ENSG00000231806.3	PCAT7	lncRNA	155	1935	1864	1.4888	0.3692	0.3992
ENSG00000231808.2	LINC01388	lncRNA	1	1	0	0.1363	0.0338	0.0366
ENSG00000231809.4	NANOGP9	processed_pseudogene	0	0	0	0.0000	0.0000	0.0000
ENSG00000231810.1	RPL36AP35	processed_pseudogene	0	0	0	0.0000	0.0000	0.0000
ENSG00000231811.3	AL159166.1	lncRNA	23	13	10	0.3502	0.0868	0.0939
ENSG00000231812.1	SNRPCP9	processed_pseudogene	2	1	1	0.5479	0.1359	0.1469
ENSG00000231814.3	LINC00210	lncRNA	0	0	0	0.0000	0.0000	0.0000
ENSG00000231815.2	AC007179.1	lncRNA	0	0	0	0.0000	0.0000	0.0000
ENSG00000231817.9	LINC01198	lncRNA	0	0	0	0.0000	0.0000	0.0000
ENSG00000231821.1	NPM1P48	processed_pseudogene	0	0	0	0.0000	0.0000	0.0000
ENSG00000231822.1	SMC3P1	processed_pseudogene	5	3	2	0.3858	0.0957	0.1034
ENSG00000231824.4	AKAIN1	protein_coding	0	0	0	0.0000	0.0000	0.0000
ENSG00000231826.6	LINC01819	lncRNA	15	6	9	0.2043	0.0507	0.0548
ENSG00000231827.3	AL513523.2	transcribed_unprocessed_pseudogene	1	2	0	0.0246	0.0061	0.0066
ENSG00000231829.4	AL157834.1	lncRNA	10	4	6	0.3471	0.0861	0.0931
ENSG00000231830.1	AC245140.1	lncRNA	4	3	1	0.6652	0.1650	0.1784
ENSG00000231831.1	MTHFD1P1	processed_pseudogene	3	2	1	0.0616	0.0153	0.0165
ENSG00000231837.2	RPS7P2	processed_pseudogene	0	0	0	0.0000	0.0000	0.0000
ENSG00000231839.1	DPY19L4P2	processed_pseudogene	0	0	0	0.0000	0.0000	0.0000
ENSG00000231840.2	TMEM139-AS1	lncRNA	1	162	150	0.0281	0.0070	0.0075
ENSG00000231841.1	FAM192BP	processed_pseudogene	4	1	3	0.2977	0.0738	0.0798
ENSG00000231845.3	HMGB3P14	processed_pseudogene	4	2	2	0.3787	0.0939	0.1015
ENSG00000231846.1	AC092832.2	lncRNA	0	0	0	0.0000	0.0000	0.0000
ENSG00000231848.1	KRTCAP2P1	processed_pseudogene	0	0	0	0.0000	0.0000	0.0000
ENSG00000231849.1	UBE2V2P4	processed_pseudogene	0	1	1	0.0000	0.0000	0.0000
ENSG00000231851.6	MRPS9-AS1	lncRNA	9	274	307	0.4344	0.1077	0.1165
ENSG00000231852.9	CYP21A2	protein_coding	149	77	84	2.9953	0.7428	0.8031
ENSG00000231855.1	AL161935.2	unprocessed_pseudogene	0	0	0	0.0000	0.0000	0.0000
ENSG00000231856.2	AL162377.1	lncRNA	71	70	92	1.6308	0.4044	0.4373
ENSG00000231857.1	MORF4L1P5	processed_pseudogene	0	0	0	0.0000	0.0000	0.0000
ENSG00000231858.5	AC067945.2	lncRNA	1	27	38	0.1091	0.0270	0.0292
ENSG00000231859.1	AC079781.1	processed_pseudogene	1	1	0	0.1439	0.0357	0.0386
ENSG00000231861.2	OR5K2	protein_coding	1	1	2	0.0535	0.0133	0.0143
ENSG00000231863.2	AL139393.1	lncRNA	17	10	7	0.2376	0.0589	0.0637
ENSG00000231864.2	AL807752.3	lncRNA	0	70	67	0.0000	0.0000	0.0000
ENSG00000231866.2	AC099677.2	processed_pseudogene	0	0	0	0.0000	0.0000	0.0000
ENSG00000231867.1	AP001625.1	lncRNA	0	0	0	0.0000	0.0000	0.0000
ENSG00000231868.1	AL031848.1	lncRNA	0	10	14	0.0000	0.0000	0.0000
ENSG00000231870.4	KRT17P3	unprocessed_pseudogene	2	0	2	0.0899	0.0223	0.0241
ENSG00000231871.5	IPO9-AS1	lncRNA	6	558	556	0.2671	0.0662	0.0716
ENSG00000231873.2	AC099560.1	lncRNA	7	3	4	0.3482	0.0864	0.0934
ENSG00000231874.3	TSPY18P	unprocessed_pseudogene	0	0	0	0.0000	0.0000	0.0000
ENSG00000231875.1	AL359885.1	processed_pseudogene	9	7	2	0.5652	0.1402	0.1516
ENSG00000231876.8	AC009158.1	lncRNA	0	0	0	0.0000	0.0000	0.0000
ENSG00000231877.1	AL359551.1	lncRNA	1	4	0	0.0196	0.0048	0.0052
ENSG00000231878.1	SNRPFP1	processed_pseudogene	0	0	0	0.0000	0.0000	0.0000
ENSG00000231879.1	TXNL1P1	processed_pseudogene	0	0	0	0.0000	0.0000	0.0000
ENSG00000231880.2	KF459542.1	lncRNA	0	221	213	0.0000	0.0000	0.0000
ENSG00000231881.2	AL109615.2	lncRNA	34	20	18	0.0731	0.0181	0.0196
ENSG00000231882.1	F10-AS1	lncRNA	0	0	0	0.0000	0.0000	0.0000
ENSG00000231883.1	AL138733.2	lncRNA	0	0	0	0.0000	0.0000	0.0000
ENSG00000231884.1	NDUFB1P1	processed_pseudogene	1	1	0	0.3151	0.0781	0.0845
ENSG00000231887.7	PRH1	protein_coding	16	16	14	0.2886	0.0716	0.0774
ENSG00000231888.1	MTND5P15	processed_pseudogene	0	0	0	0.0000	0.0000	0.0000
ENSG00000231889.7	TRAF3IP2-AS1	lncRNA	148	80	95	1.7417	0.4319	0.4670
ENSG00000231890.8	DARS-AS1	lncRNA	36	200	224	0.3109	0.0771	0.0834
ENSG00000231892.1	AC073316.2	lncRNA	1	1	0	0.1357	0.0336	0.0364
ENSG00000231894.2	WDR95P	unitary_pseudogene	5	2	3	0.1839	0.0456	0.0493
ENSG00000231896.1	AC019185.1	lncRNA	0	0	0	0.0000	0.0000	0.0000
ENSG00000231897.1	MARK2P14	unprocessed_pseudogene	0	0	0	0.0000	0.0000	0.0000
ENSG00000231898.9	MYO3B-AS1	lncRNA	0	1	0	0.0000	0.0000	0.0000
ENSG00000231900.3	GOT2P1	processed_pseudogene	0	0	0	0.0000	0.0000	0.0000
ENSG00000231901.1	AL354754.1	lncRNA	0	0	1	0.0000	0.0000	0.0000
ENSG00000231902.2	AL135923.2	lncRNA	0	0	0	0.0000	0.0000	0.0000
ENSG00000231903.1	AC079354.1	lncRNA	0	0	1	0.0000	0.0000	0.0000
ENSG00000231905.2	SETP10	processed_pseudogene	3	3	0	0.2090	0.0518	0.0560
ENSG00000231906.1	AC016397.1	processed_pseudogene	1	0	1	0.2343	0.0581	0.0628
ENSG00000231907.2	GAPDHP37	processed_pseudogene	1	0	1	0.0586	0.0145	0.0157
ENSG00000231908.1	IDH1-AS1	lncRNA	6	6	2	0.5195	0.1288	0.1393
ENSG00000231909.7	MAP1LC3BP1	transcribed_processed_pseudogene	0	0	0	0.0000	0.0000	0.0000
ENSG00000231910.1	GAMTP2	processed_pseudogene	2	1	1	0.2450	0.0607	0.0657
ENSG00000231911.1	TPRKBP1	processed_pseudogene	0	0	0	0.0000	0.0000	0.0000
ENSG00000231912.2	FO393415.2	lncRNA	0	0	0	0.0000	0.0000	0.0000
ENSG00000231913.1	RARRES2P3	processed_pseudogene	0	0	0	0.0000	0.0000	0.0000
ENSG00000231914.1	LINC00387	lncRNA	0	0	0	0.0000	0.0000	0.0000
ENSG00000231915.2	SALL4P5	unprocessed_pseudogene	0	0	0	0.0000	0.0000	0.0000
ENSG00000231916.1	AC006033.1	processed_pseudogene	0	0	0	0.0000	0.0000	0.0000
ENSG00000231918.1	AC007402.1	lncRNA	0	0	0	0.0000	0.0000	0.0000
ENSG00000231920.1	NEBL-AS1	lncRNA	24	27	39	1.9986	0.4956	0.5359
ENSG00000231922.1	AL138479.1	processed_pseudogene	0	0	0	0.0000	0.0000	0.0000
ENSG00000231923.1	AC024082.1	processed_pseudogene	0	0	0	0.0000	0.0000	0.0000
ENSG00000231924.10	PSG1	protein_coding	0	0	0	0.0000	0.0000	0.0000
ENSG00000231925.12	TAPBP	protein_coding	12476	6369	6109	139.9354	34.7026	37.5214
ENSG00000231926.1	SEPHS1P7	processed_pseudogene	0	0	0	0.0000	0.0000	0.0000
ENSG00000231927.1	AC093734.1	lncRNA	3	3	0	0.7030	0.1743	0.1885
ENSG00000231929.2	HMGB3P31	processed_pseudogene	0	0	0	0.0000	0.0000	0.0000
ENSG00000231930.1	AF228730.1	processed_pseudogene	0	0	0	0.0000	0.0000	0.0000
ENSG00000231931.1	AC024082.2	processed_pseudogene	0	0	0	0.0000	0.0000	0.0000
ENSG00000231933.7	MYO18B-AS1	lncRNA	0	0	0	0.0000	0.0000	0.0000
ENSG00000231934.2	FAM242A	lncRNA	0	0	0	0.0000	0.0000	0.0000
ENSG00000231937.1	AC116666.1	lncRNA	0	0	0	0.0000	0.0000	0.0000
ENSG00000231940.1	RPS7P3	processed_pseudogene	2	1	1	0.1956	0.0485	0.0524
ENSG00000231942.3	HNRNPA1P36	processed_pseudogene	7	5	2	0.4157	0.1031	0.1115
ENSG00000231943.9	PGM5P4-AS1	lncRNA	0	0	0	0.0000	0.0000	0.0000
ENSG00000231944.1	PHKA1-AS1	lncRNA	2	0	2	0.1897	0.0470	0.0509
ENSG00000231947.1	MTND2P24	processed_pseudogene	0	0	0	0.0000	0.0000	0.0000
ENSG00000231948.2	HS1BP3-IT1	lncRNA	9	2	7	0.8506	0.2110	0.2281
ENSG00000231949.1	AL161638.1	lncRNA	0	0	0	0.0000	0.0000	0.0000
ENSG00000231951.1	AC004837.3	lncRNA	0	33	16	0.0000	0.0000	0.0000
ENSG00000231952.3	DPY19L1P2	unprocessed_pseudogene	9	5	4	0.5578	0.1383	0.1496
ENSG00000231953.2	AL031432.1	lncRNA	0	0	0	0.0000	0.0000	0.0000
ENSG00000231954.1	MTND2P22	unprocessed_pseudogene	0	0	0	0.0000	0.0000	0.0000
ENSG00000231955.1	AC007383.2	lncRNA	0	337	295	0.0000	0.0000	0.0000
ENSG00000231956.1	HNRNPA1P9	processed_pseudogene	0	0	0	0.0000	0.0000	0.0000
ENSG00000231957.2	GNAI2P2	processed_pseudogene	0	0	0	0.0000	0.0000	0.0000
ENSG00000231961.1	AL035461.1	processed_pseudogene	0	0	0	0.0000	0.0000	0.0000
ENSG00000231963.1	AL662864.1	lncRNA	0	0	0	0.0000	0.0000	0.0000
ENSG00000231964.1	AL731567.1	lncRNA	4	2	2	0.4910	0.1218	0.1317
ENSG00000231965.4	AF131215.1	processed_pseudogene	0	0	0	0.0000	0.0000	0.0000
ENSG00000231966.1	LINC02818	lncRNA	4	3	1	0.6426	0.1594	0.1723
ENSG00000231967.1	AL135786.1	processed_pseudogene	12	7	5	3.1800	0.7886	0.8527
ENSG00000231969.2	MMADHC-DT	lncRNA	7	220	230	0.0555	0.0138	0.0149
ENSG00000231970.1	AL355490.2	lncRNA	1	77	90	0.1035	0.0257	0.0277
ENSG00000231971.6	CT69	lncRNA	2	2	0	0.0327	0.0081	0.0088
ENSG00000231976.8	FAM238B	transcribed_unprocessed_pseudogene	0	0	0	0.0000	0.0000	0.0000
ENSG00000231977.1	AL096828.1	lncRNA	8	3	5	0.8370	0.2076	0.2244
ENSG00000231978.2	AL590103.1	processed_pseudogene	0	0	0	0.0000	0.0000	0.0000
ENSG00000231979.1	AL356361.2	lncRNA	0	0	0	0.0000	0.0000	0.0000
ENSG00000231980.1	AC011899.1	lncRNA	0	0	0	0.0000	0.0000	0.0000
ENSG00000231981.3	RPL7L1P12	processed_pseudogene	1	1	0	0.0778	0.0193	0.0209
ENSG00000231982.1	AC112907.2	unprocessed_pseudogene	3	1	2	0.5155	0.1279	0.1382
ENSG00000231983.1	LINC00415	lncRNA	0	0	0	0.0000	0.0000	0.0000
ENSG00000231984.1	AL596266.1	processed_pseudogene	0	0	0	0.0000	0.0000	0.0000
ENSG00000231985.1	AL354949.1	lncRNA	1	0	1	0.3336	0.0827	0.0894
ENSG00000231986.1	AP000474.1	lncRNA	0	0	0	0.0000	0.0000	0.0000
ENSG00000231987.1	LINC01787	lncRNA	0	2	0	0.0000	0.0000	0.0000
ENSG00000231988.1	OFD1P3Y	unprocessed_pseudogene	0	0	0	0.0000	0.0000	0.0000
ENSG00000231989.5	PPP1R2B	protein_coding	5	1	4	0.1269	0.0315	0.0340
ENSG00000231990.2	AL442224.1	lncRNA	0	0	0	0.0000	0.0000	0.0000
ENSG00000231991.4	ANXA2P2	processed_pseudogene	377	192	186	20.9605	5.1980	5.6202
ENSG00000231992.1	AC092802.3	lncRNA	0	0	0	0.0000	0.0000	0.0000
ENSG00000231993.1	EP300-AS1	lncRNA	27	11	16	3.3505	0.8309	0.8984
ENSG00000231995.2	AL590399.4	processed_pseudogene	5	4	1	0.4718	0.1170	0.1265
ENSG00000231996.1	AC096949.1	processed_pseudogene	0	0	0	0.0000	0.0000	0.0000
ENSG00000231999.7	LRRC8C-DT	lncRNA	59	172	192	0.2794	0.0693	0.0749
ENSG00000232000.3	CLCN3P1	transcribed_unprocessed_pseudogene	60	27	34	0.3024	0.0750	0.0811
ENSG00000232001.2	AC108868.2	lncRNA	0	0	0	0.0000	0.0000	0.0000
ENSG00000232002.2	LINC01880	lncRNA	0	0	0	0.0000	0.0000	0.0000
ENSG00000232003.2	ZNF736P12Y	processed_pseudogene	0	0	0	0.0000	0.0000	0.0000
ENSG00000232004.1	CAP1P2	processed_pseudogene	9	5	4	0.3622	0.0898	0.0971
ENSG00000232006.9	AC005537.1	lncRNA	3	3	1	0.0331	0.0082	0.0089
ENSG00000232009.1	AL591503.2	processed_pseudogene	0	0	0	0.0000	0.0000	0.0000
ENSG00000232010.1	DNMT3L-AS1	lncRNA	0	1	1	0.0000	0.0000	0.0000
ENSG00000232015.2	HSPE1P25	processed_pseudogene	0	0	0	0.0000	0.0000	0.0000
ENSG00000232019.1	AC074183.1	lncRNA	0	0	0	0.0000	0.0000	0.0000
ENSG00000232021.7	LEF1-AS1	lncRNA	21	57	59	0.1959	0.0486	0.0525
ENSG00000232022.7	FAAHP1	transcribed_unprocessed_pseudogene	41	21	21	0.9391	0.2329	0.2518
ENSG00000232023.3	LINC01807	lncRNA	2	0	2	0.0583	0.0144	0.0156
ENSG00000232024.2	LSM12P1	processed_pseudogene	112	46	66	10.8019	2.6788	2.8963
ENSG00000232027.2	AL671986.1	processed_pseudogene	18	13	6	1.0689	0.2651	0.2866
ENSG00000232028.1	AC007391.1	lncRNA	3	3	0	0.3376	0.0837	0.0905
ENSG00000232029.1	ELOCP15	processed_pseudogene	0	0	0	0.0000	0.0000	0.0000
ENSG00000232030.3	MAGEB6B	protein_coding	1	1	0	0.0463	0.0115	0.0124
ENSG00000232031.1	AL078599.2	lncRNA	3	1	2	0.3612	0.0896	0.0969
ENSG00000232032.1	AC079781.2	processed_pseudogene	1	1	0	0.3356	0.0832	0.0900
ENSG00000232034.1	AC092168.2	lncRNA	1	0	1	0.0791	0.0196	0.0212
ENSG00000232035.1	AL135790.1	lncRNA	0	0	0	0.0000	0.0000	0.0000
ENSG00000232036.2	AL078645.2	processed_pseudogene	5	3	2	0.2140	0.0531	0.0574
ENSG00000232037.3	AL590556.1	processed_pseudogene	2	2	0	0.2348	0.0582	0.0630
ENSG00000232039.2	DEFT1P2	unprocessed_pseudogene	0	0	0	0.0000	0.0000	0.0000
ENSG00000232040.4	ZBED9	protein_coding	25	14	11	0.1737	0.0431	0.0466
ENSG00000232041.1	PSMD10P3	processed_pseudogene	1	0	1	0.1266	0.0314	0.0339
ENSG00000232042.1	AL512286.1	processed_pseudogene	0	0	0	0.0000	0.0000	0.0000
ENSG00000232043.1	AL133230.1	lncRNA	53	618	622	0.6552	0.1625	0.1757
ENSG00000232044.7	SILC1	lncRNA	4	2	2	0.0099	0.0025	0.0027
ENSG00000232046.7	LINC01798	lncRNA	5	5	1	0.0725	0.0180	0.0194
ENSG00000232048.2	HNRNPCP9	processed_pseudogene	0	0	0	0.0000	0.0000	0.0000
ENSG00000232050.1	Z98949.1	processed_pseudogene	0	0	0	0.0000	0.0000	0.0000
ENSG00000232053.7	AC078845.1	lncRNA	12	8	4	0.2079	0.0516	0.0558
ENSG00000232054.1	NPM1P34	processed_pseudogene	2	1	1	0.1270	0.0315	0.0341
ENSG00000232056.1	AC092687.1	lncRNA	0	0	0	0.0000	0.0000	0.0000
ENSG00000232057.1	AC093390.1	lncRNA	0	0	0	0.0000	0.0000	0.0000
ENSG00000232058.1	AC005772.1	lncRNA	0	0	0	0.0000	0.0000	0.0000
ENSG00000232059.3	AL451007.1	processed_pseudogene	6	3	3	1.1774	0.2920	0.3157
ENSG00000232060.3	SLC4A1APP1	processed_pseudogene	1	1	0	0.0942	0.0234	0.0253
ENSG00000232063.2	AL691447.2	lncRNA	42	20	22	0.5612	0.1392	0.1505
ENSG00000232064.1	USP9YP33	unprocessed_pseudogene	0	0	0	0.0000	0.0000	0.0000
ENSG00000232065.1	LINC01063	lncRNA	16	9	7	2.6074	0.6466	0.6991
ENSG00000232068.1	AF003529.1	unprocessed_pseudogene	0	0	0	0.0000	0.0000	0.0000
ENSG00000232069.1	RPS29P28	processed_pseudogene	0	0	0	0.0000	0.0000	0.0000
ENSG00000232070.9	TMEM253	protein_coding	5	20	29	0.1313	0.0326	0.0352
ENSG00000232072.1	AC004870.4	lncRNA	0	0	0	0.0000	0.0000	0.0000
ENSG00000232073.1	Z82198.2	lncRNA	0	4	4	0.0000	0.0000	0.0000
ENSG00000232075.1	MRPL35P2	processed_pseudogene	15	12	9	1.6647	0.4128	0.4464
ENSG00000232077.2	LINC01031	lncRNA	1	0	1	0.0281	0.0070	0.0075
ENSG00000232079.7	LINC01697	lncRNA	1	0	1	0.0140	0.0035	0.0037
ENSG00000232080.5	AL662789.1	lncRNA	0	0	0	0.0000	0.0000	0.0000
ENSG00000232081.1	LARGE-IT1	lncRNA	0	0	0	0.0000	0.0000	0.0000
ENSG00000232082.1	RPS6KA2-IT1	lncRNA	5	4	1	0.4897	0.1214	0.1313
ENSG00000232083.3	RPL31P7	processed_pseudogene	0	0	0	0.0000	0.0000	0.0000
ENSG00000232084.5	LINC01104	lncRNA	1	1	1	0.0168	0.0042	0.0045
ENSG00000232085.1	AL606534.2	lncRNA	0	66	70	0.0000	0.0000	0.0000
ENSG00000232086.1	AL159990.2	lncRNA	0	0	0	0.0000	0.0000	0.0000
ENSG00000232087.1	HCFC2P1	processed_pseudogene	0	0	0	0.0000	0.0000	0.0000
ENSG00000232089.1	AC011233.1	processed_pseudogene	0	0	0	0.0000	0.0000	0.0000
ENSG00000232090.2	POLR2DP1	processed_pseudogene	0	0	0	0.0000	0.0000	0.0000
ENSG00000232091.1	PNLIPP1	unprocessed_pseudogene	1	1	0	0.0840	0.0208	0.0225
ENSG00000232093.1	DCST1-AS1	lncRNA	121	77	94	8.3478	2.0702	2.2383
ENSG00000232096.1	YPEL5P1	processed_pseudogene	0	0	0	0.0000	0.0000	0.0000
ENSG00000232097.1	AC079781.3	processed_pseudogene	1	1	0	0.1593	0.0395	0.0427
ENSG00000232098.3	AC012313.1	lncRNA	597	284	314	9.9081	2.4571	2.6567
ENSG00000232100.1	LINC01653	lncRNA	0	0	0	0.0000	0.0000	0.0000
ENSG00000232101.1	AC108059.1	processed_pseudogene	0	0	0	0.0000	0.0000	0.0000
ENSG00000232102.1	MTCO3P2	processed_pseudogene	0	0	0	0.0000	0.0000	0.0000
ENSG00000232104.3	RFX3-AS1	lncRNA	40	18	22	1.4522	0.3601	0.3894
ENSG00000232105.1	RPL32P28	processed_pseudogene	0	0	0	0.0000	0.0000	0.0000
ENSG00000232109.1	VN1R54P	processed_pseudogene	0	0	0	0.0000	0.0000	0.0000
ENSG00000232110.8	AL353751.1	lncRNA	3	4	1	0.0692	0.0172	0.0186
ENSG00000232111.2	AC073488.1	processed_pseudogene	0	0	0	0.0000	0.0000	0.0000
ENSG00000232112.3	TMA7	protein_coding	548	2562	2613	27.2845	6.7663	7.3159
ENSG00000232113.3	TEX50	protein_coding	0	0	0	0.0000	0.0000	0.0000
ENSG00000232114.1	NPLP1	processed_pseudogene	0	0	0	0.0000	0.0000	0.0000
ENSG00000232115.1	AC026884.1	processed_pseudogene	0	0	0	0.0000	0.0000	0.0000
ENSG00000232117.2	LINC00384	lncRNA	5	2	3	0.0414	0.0103	0.0111
ENSG00000232118.2	BACH1-AS1	lncRNA	5	3	2	0.3226	0.0800	0.0865
ENSG00000232119.8	MCTS1	protein_coding	3355	1700	1658	17.6758	4.3834	4.7395
ENSG00000232120.1	AL357375.1	lncRNA	0	0	0	0.0000	0.0000	0.0000
ENSG00000232121.1	AL450469.2	lncRNA	0	0	0	0.0000	0.0000	0.0000
ENSG00000232124.3	AP001057.1	lncRNA	80	49	47	2.1461	0.5322	0.5754
ENSG00000232125.5	DYTN	protein_coding	0	0	0	0.0000	0.0000	0.0000
ENSG00000232128.1	MTCO3P45	processed_pseudogene	0	0	0	0.0000	0.0000	0.0000
ENSG00000232130.1	AC092966.1	lncRNA	0	0	0	0.0000	0.0000	0.0000
ENSG00000232131.1	NCOA7-AS1	lncRNA	0	0	0	0.0000	0.0000	0.0000
ENSG00000232132.1	NDFIP2-AS1	lncRNA	0	0	0	0.0000	0.0000	0.0000
ENSG00000232133.1	IMPDH1P10	processed_pseudogene	1	68	67	0.0368	0.0091	0.0099
ENSG00000232134.1	RPS15AP12	processed_pseudogene	9	3	6	1.3154	0.3262	0.3527
ENSG00000232135.1	AL031663.1	processed_pseudogene	0	0	0	0.0000	0.0000	0.0000
ENSG00000232136.2	DUXAP7	processed_pseudogene	3	2	1	0.2469	0.0612	0.0662
ENSG00000232138.1	IFNWP5	unprocessed_pseudogene	0	0	0	0.0000	0.0000	0.0000
ENSG00000232139.6	LINC00867	lncRNA	0	188	189	0.0000	0.0000	0.0000
ENSG00000232140.2	AC073257.1	lncRNA	19	8	11	0.6275	0.1556	0.1683
ENSG00000232142.1	RPS25P9	processed_pseudogene	0	0	0	0.0000	0.0000	0.0000
ENSG00000232144.1	PSAT1P2	processed_pseudogene	0	0	0	0.0000	0.0000	0.0000
ENSG00000232145.1	AC099548.1	processed_pseudogene	0	0	0	0.0000	0.0000	0.0000
ENSG00000232148.1	FMO11P	unprocessed_pseudogene	0	0	0	0.0000	0.0000	0.0000
ENSG00000232149.1	FERP1	processed_pseudogene	3	306	268	0.2145	0.0532	0.0575
ENSG00000232150.3	ST13P4	processed_pseudogene	13	8	5	0.6745	0.1673	0.1809
ENSG00000232153.3	AC012593.2	lncRNA	0	0	0	0.0000	0.0000	0.0000
ENSG00000232154.2	MTCYBP15	processed_pseudogene	0	0	0	0.0000	0.0000	0.0000
ENSG00000232155.1	AC244090.1	processed_pseudogene	0	0	0	0.0000	0.0000	0.0000
ENSG00000232158.1	C11orf98P1	processed_pseudogene	1	1	0	0.1783	0.0442	0.0478
ENSG00000232159.3	RAB9BP1	processed_pseudogene	0	0	0	0.0000	0.0000	0.0000
ENSG00000232160.7	RAP2C-AS1	lncRNA	362	355	363	3.5038	0.8689	0.9395
ENSG00000232161.1	AC023141.8	unprocessed_pseudogene	0	0	0	0.0000	0.0000	0.0000
ENSG00000232162.1	USP12-AS1	lncRNA	0	0	0	0.0000	0.0000	0.0000
ENSG00000232163.2	RPLP1P13	processed_pseudogene	2	1	1	0.3793	0.0941	0.1017
ENSG00000232164.1	LINC01873	lncRNA	0	0	0	0.0000	0.0000	0.0000
ENSG00000232165.1	AC006455.6	processed_pseudogene	0	0	0	0.0000	0.0000	0.0000
ENSG00000232166.1	AL122008.2	processed_pseudogene	0	0	0	0.0000	0.0000	0.0000
ENSG00000232167.1	AC137675.1	processed_pseudogene	0	0	0	0.0000	0.0000	0.0000
ENSG00000232168.2	P2RY10BP	unitary_pseudogene	0	0	0	0.0000	0.0000	0.0000
ENSG00000232170.6	LINC00708	lncRNA	0	0	0	0.0000	0.0000	0.0000
ENSG00000232172.1	AL359092.2	processed_pseudogene	2	1	1	0.1939	0.0481	0.0520
ENSG00000232173.2	OR2H5P	unprocessed_pseudogene	0	0	0	0.0000	0.0000	0.0000
ENSG00000232174.3	AC113340.1	processed_pseudogene	0	0	0	0.0000	0.0000	0.0000
ENSG00000232175.1	AL122003.1	processed_pseudogene	0	0	0	0.0000	0.0000	0.0000
ENSG00000232176.1	AL161909.1	processed_pseudogene	4	2	2	0.3186	0.0790	0.0854
ENSG00000232177.1	MTND4P24	processed_pseudogene	6	4	2	0.8571	0.2125	0.2298
ENSG00000232179.1	MTATP6P29	unprocessed_pseudogene	0	0	0	0.0000	0.0000	0.0000
ENSG00000232183.1	AL031386.1	lncRNA	0	0	0	0.0000	0.0000	0.0000
ENSG00000232184.1	AL662889.1	lncRNA	0	0	0	0.0000	0.0000	0.0000
ENSG00000232185.1	CNOT7P2	processed_pseudogene	0	0	0	0.0000	0.0000	0.0000
ENSG00000232186.1	TERF1P7	processed_pseudogene	12	6	6	0.5542	0.1374	0.1486
ENSG00000232187.1	FTH1P7	processed_pseudogene	299	141	158	30.7179	7.6177	8.2365
ENSG00000232188.1	AL354714.3	lncRNA	0	0	0	0.0000	0.0000	0.0000
ENSG00000232190.3	LINC02181	lncRNA	0	0	0	0.0000	0.0000	0.0000
ENSG00000232192.1	KIF26B-AS1	lncRNA	2	2	0	0.1400	0.0347	0.0375
ENSG00000232193.1	AL157359.2	lncRNA	0	0	0	0.0000	0.0000	0.0000
ENSG00000232194.1	Z99943.1	lncRNA	6	1	5	0.4739	0.1175	0.1271
ENSG00000232195.1	TOMM22P2	processed_pseudogene	0	0	0	0.0000	0.0000	0.0000
ENSG00000232196.4	MTRNR2L4	protein_coding	5	2	3	0.1678	0.0416	0.0450
ENSG00000232197.3	AL596442.1	lncRNA	0	0	0	0.0000	0.0000	0.0000
ENSG00000232198.2	MTCO2P34	processed_pseudogene	0	0	0	0.0000	0.0000	0.0000
ENSG00000232199.1	RPL3P8	processed_pseudogene	0	0	0	0.0000	0.0000	0.0000
ENSG00000232200.2	AL158090.1	lncRNA	1	0	1	0.0942	0.0234	0.0253
ENSG00000232202.1	CHORDC1P1	processed_pseudogene	11	7	4	0.6365	0.1579	0.1707
ENSG00000232203.3	SLC25A6P2	processed_pseudogene	2	2	0	0.1293	0.0321	0.0347
ENSG00000232204.1	TET1P1	processed_pseudogene	0	0	0	0.0000	0.0000	0.0000
ENSG00000232205.1	CDY18P	unprocessed_pseudogene	0	0	0	0.0000	0.0000	0.0000
ENSG00000232208.2	AL139415.1	processed_pseudogene	0	0	0	0.0000	0.0000	0.0000
ENSG00000232211.1	AL353613.1	lncRNA	0	0	0	0.0000	0.0000	0.0000
ENSG00000232212.1	LINC01701	lncRNA	0	0	0	0.0000	0.0000	0.0000
ENSG00000232215.2	OR2L6P	unprocessed_pseudogene	0	0	0	0.0000	0.0000	0.0000
ENSG00000232216.1	IGHV3-43	IG_V_gene	27	17	10	3.5280	0.8749	0.9460
ENSG00000232217.1	FTLP8	processed_pseudogene	1	1	0	0.2124	0.0527	0.0570
ENSG00000232218.1	AL021937.2	unprocessed_pseudogene	6	3	3	1.6928	0.4198	0.4539
ENSG00000232220.2	AC008440.1	lncRNA	0	4372	5091	0.0000	0.0000	0.0000
ENSG00000232223.1	CNN2P10	processed_pseudogene	0	0	0	0.0000	0.0000	0.0000
ENSG00000232225.6	LINC01047	lncRNA	0	0	0	0.0000	0.0000	0.0000
ENSG00000232226.2	ARSFP1	transcribed_unprocessed_pseudogene	0	0	0	0.0000	0.0000	0.0000
ENSG00000232227.5	AC013401.1	lncRNA	2	2	2	0.1812	0.0449	0.0486
ENSG00000232228.1	RPL36AP16	processed_pseudogene	1	0	1	0.1783	0.0442	0.0478
ENSG00000232229.6	LINC00865	lncRNA	109	97	102	1.0457	0.2593	0.2804
ENSG00000232230.1	TPM4P1	processed_pseudogene	0	0	0	0.0000	0.0000	0.0000
ENSG00000232233.1	LINC02043	lncRNA	1	1	0	0.0310	0.0077	0.0083
ENSG00000232234.4	AL355499.1	lncRNA	0	2	2	0.0000	0.0000	0.0000
ENSG00000232235.1	CDY3P	processed_pseudogene	0	0	0	0.0000	0.0000	0.0000
ENSG00000232237.3	ASCL5	protein_coding	1	1	0	0.0280	0.0069	0.0075
ENSG00000232238.1	RPS29P8	processed_pseudogene	0	0	0	0.0000	0.0000	0.0000
ENSG00000232239.2	RBPJP5	processed_pseudogene	0	0	0	0.0000	0.0000	0.0000
ENSG00000232240.2	AL356387.2	processed_pseudogene	0	0	0	0.0000	0.0000	0.0000
ENSG00000232241.1	DYNLT3P1	processed_pseudogene	0	0	0	0.0000	0.0000	0.0000
ENSG00000232242.2	ZYG11AP1	processed_pseudogene	0	0	0	0.0000	0.0000	0.0000
ENSG00000232245.1	AL035415.1	lncRNA	0	0	0	0.0000	0.0000	0.0000
ENSG00000232249.1	AC152007.1	unprocessed_pseudogene	0	0	0	0.0000	0.0000	0.0000
ENSG00000232252.1	AL354994.1	lncRNA	0	0	0	0.0000	0.0000	0.0000
ENSG00000232254.1	CSF2RBP1	unprocessed_pseudogene	0	0	0	0.0000	0.0000	0.0000
ENSG00000232258.6	TMEM114	protein_coding	2	1	1	0.0799	0.0198	0.0214
ENSG00000232259.1	AL158166.2	lncRNA	11	6	6	0.8340	0.2068	0.2236
ENSG00000232260.2	BTF3L4P1	processed_pseudogene	3	1	2	0.3635	0.0902	0.0975
ENSG00000232261.1	Z98751.1	unprocessed_pseudogene	0	0	0	0.0000	0.0000	0.0000
ENSG00000232263.1	KRTAP25-1	protein_coding	0	0	0	0.0000	0.0000	0.0000
ENSG00000232264.5	USP17L24	protein_coding	0	0	0	0.0000	0.0000	0.0000
ENSG00000232265.8	LINC02805	lncRNA	3	3	1	0.0266	0.0066	0.0071
ENSG00000232267.1	ACTR3P2	processed_pseudogene	0	0	0	0.0000	0.0000	0.0000
ENSG00000232268.6	OR52I1	protein_coding	0	0	0	0.0000	0.0000	0.0000
ENSG00000232271.1	AL096799.1	lncRNA	0	0	0	0.0000	0.0000	0.0000
ENSG00000232273.1	FTH1P1	processed_pseudogene	6	1	5	0.6396	0.1586	0.1715
ENSG00000232277.1	SLC30A6P1	processed_pseudogene	0	0	0	0.0000	0.0000	0.0000
ENSG00000232281.2	IFNWP15	unprocessed_pseudogene	0	0	0	0.0000	0.0000	0.0000
ENSG00000232282.1	MTND1P32	processed_pseudogene	0	0	0	0.0000	0.0000	0.0000
ENSG00000232283.1	HSD17B3-AS1	lncRNA	0	6	2	0.0000	0.0000	0.0000
ENSG00000232284.7	GNG12-AS1	lncRNA	27	75	77	0.4419	0.1096	0.1185
ENSG00000232285.1	ELOBP3	processed_pseudogene	0	0	0	0.0000	0.0000	0.0000
ENSG00000232286.1	AL121902.1	lncRNA	0	0	0	0.0000	0.0000	0.0000
ENSG00000232287.2	SLC6A1-AS1	lncRNA	2	1	2	0.1942	0.0482	0.0521
ENSG00000232290.1	AL133260.2	lncRNA	1	1	0	0.1432	0.0355	0.0384
ENSG00000232292.1	ALDH7A1P2	processed_pseudogene	0	0	0	0.0000	0.0000	0.0000
ENSG00000232293.2	PAICSP7	processed_pseudogene	0	0	0	0.0000	0.0000	0.0000
ENSG00000232294.6	AL031674.1	lncRNA	5	3	2	0.0861	0.0214	0.0231
ENSG00000232295.7	AL589935.1	lncRNA	9	306	297	0.0987	0.0245	0.0265
ENSG00000232296.1	AL691482.1	processed_pseudogene	0	0	0	0.0000	0.0000	0.0000
ENSG00000232298.2	GRHL3-AS1	lncRNA	14	8	6	0.9275	0.2300	0.2487
ENSG00000232299.1	AL357514.1	lncRNA	0	0	0	0.0000	0.0000	0.0000
ENSG00000232300.1	FAM215B	lncRNA	10	4	6	0.2598	0.0644	0.0697
ENSG00000232301.2	LNCPRESS1	lncRNA	0	0	0	0.0000	0.0000	0.0000
ENSG00000232303.2	DFFBP1	processed_pseudogene	2	5	16	0.1159	0.0287	0.0311
ENSG00000232305.1	CLCP1	processed_pseudogene	4	2	2	0.5846	0.1450	0.1568
ENSG00000232306.2	AC012485.2	lncRNA	0	1	2	0.0000	0.0000	0.0000
ENSG00000232307.1	DAOA-AS1	lncRNA	0	0	0	0.0000	0.0000	0.0000
ENSG00000232309.2	AL390856.1	lncRNA	0	0	0	0.0000	0.0000	0.0000
ENSG00000232310.8	AL078590.2	lncRNA	47	19	28	0.5861	0.1453	0.1571
ENSG00000232314.1	PSMC1P13	processed_pseudogene	0	0	0	0.0000	0.0000	0.0000
ENSG00000232316.2	LINC02518	lncRNA	11	6	5	0.8418	0.2088	0.2257
ENSG00000232320.6	MXRA7P1	processed_pseudogene	17	6	11	1.8866	0.4679	0.5059
ENSG00000232325.4	AC093627.1	lncRNA	1	1	0	0.0647	0.0160	0.0173
ENSG00000232327.4	AC105917.1	processed_pseudogene	0	0	0	0.0000	0.0000	0.0000
ENSG00000232328.3	AC084030.1	lncRNA	2	0	2	0.0446	0.0111	0.0119
ENSG00000232332.1	ARL5AP5	processed_pseudogene	0	0	0	0.0000	0.0000	0.0000
ENSG00000232333.1	RPS27AP2	processed_pseudogene	5	5	0	0.6098	0.1512	0.1635
ENSG00000232334.1	AL683842.1	processed_pseudogene	9	5	4	0.9722	0.2411	0.2607
ENSG00000232335.1	AL354864.1	lncRNA	0	40	35	0.0000	0.0000	0.0000
ENSG00000232337.1	AC009313.1	processed_pseudogene	0	0	0	0.0000	0.0000	0.0000
ENSG00000232341.2	RPL4P2	processed_pseudogene	3	1	2	0.1327	0.0329	0.0356
ENSG00000232342.7	AC022540.1	lncRNA	7	7	8	0.3227	0.0800	0.0865
ENSG00000232344.2	AC087163.1	processed_pseudogene	15	5	10	0.9972	0.2473	0.2674
ENSG00000232346.1	Z74021.1	processed_pseudogene	9	2	7	1.2540	0.3110	0.3362
ENSG00000232347.1	AL390728.5	lncRNA	5	3	2	0.4016	0.0996	0.1077
ENSG00000232349.2	YBX1P7	processed_pseudogene	0	0	0	0.0000	0.0000	0.0000
ENSG00000232350.1	AC244250.2	unprocessed_pseudogene	0	0	0	0.0000	0.0000	0.0000
ENSG00000232352.1	SEMA3B-AS1	lncRNA	114	57	72	19.1270	4.7433	5.1286
ENSG00000232353.5	AC026320.1	lncRNA	0	0	0	0.0000	0.0000	0.0000
ENSG00000232354.8	VIPR1-AS1	lncRNA	72	162	162	0.7857	0.1948	0.2107
ENSG00000232355.2	AL603650.1	unprocessed_pseudogene	0	0	0	0.0000	0.0000	0.0000
ENSG00000232358.1	AL050404.1	lncRNA	0	0	0	0.0000	0.0000	0.0000
ENSG00000232359.1	AC104777.1	lncRNA	0	0	0	0.0000	0.0000	0.0000
ENSG00000232360.1	AP000281.2	lncRNA	0	0	0	0.0000	0.0000	0.0000
ENSG00000232361.3	AC069304.1	processed_pseudogene	0	0	0	0.0000	0.0000	0.0000
ENSG00000232362.1	ATP5MGP2	processed_pseudogene	0	0	0	0.0000	0.0000	0.0000
ENSG00000232363.1	AL021391.1	lncRNA	5	3	2	0.5203	0.1290	0.1395
ENSG00000232366.1	VDAC1P9	processed_pseudogene	0	0	0	0.0000	0.0000	0.0000
ENSG00000232368.1	FTLP2	processed_pseudogene	21	13	8	2.2555	0.5593	0.6048
ENSG00000232369.1	PPIAP35	processed_pseudogene	2	2	1	0.2305	0.0572	0.0618
ENSG00000232370.1	BAG1P1	processed_pseudogene	0	0	0	0.0000	0.0000	0.0000
ENSG00000232373.2	MTCYBP3	processed_pseudogene	0	0	0	0.0000	0.0000	0.0000
ENSG00000232374.5	GPR79	processed_pseudogene	1	1	0	0.0653	0.0162	0.0175
ENSG00000232375.1	AC092042.2	unprocessed_pseudogene	2	1	1	0.3427	0.0850	0.0919
ENSG00000232377.1	AC016910.1	lncRNA	1	1	5	0.0542	0.0134	0.0145
ENSG00000232378.1	RPL29P28	processed_pseudogene	0	0	0	0.0000	0.0000	0.0000
ENSG00000232379.1	RPL22P23	processed_pseudogene	0	0	0	0.0000	0.0000	0.0000
ENSG00000232380.1	ZDHHC20P4	processed_pseudogene	6	2	4	0.3379	0.0838	0.0906
ENSG00000232381.1	OR52U1P	unprocessed_pseudogene	0	0	0	0.0000	0.0000	0.0000
ENSG00000232382.2	OR5K1	protein_coding	0	0	0	0.0000	0.0000	0.0000
ENSG00000232383.1	AC010677.1	processed_pseudogene	7	4	3	0.9635	0.2389	0.2584
ENSG00000232385.2	RPS3AP25	processed_pseudogene	5	3	3	0.3576	0.0887	0.0959
ENSG00000232386.9	AC015712.1	lncRNA	41	25	16	1.5721	0.3899	0.4215
ENSG00000232387.2	SKA2P1	processed_pseudogene	1	0	1	0.1454	0.0361	0.0390
ENSG00000232388.5	SMIM26	protein_coding	922	472	450	47.6198	11.8092	12.7685
ENSG00000232389.1	AL583856.1	processed_pseudogene	4	2	2	0.2060	0.0511	0.0552
ENSG00000232390.3	NDUFA5P1	processed_pseudogene	0	0	0	0.0000	0.0000	0.0000
ENSG00000232391.1	RANP2	processed_pseudogene	0	0	0	0.0000	0.0000	0.0000
ENSG00000232392.1	GOT2P7	processed_pseudogene	0	0	0	0.0000	0.0000	0.0000
ENSG00000232393.1	RPL5P6	processed_pseudogene	0	0	0	0.0000	0.0000	0.0000
ENSG00000232394.1	AC090696.1	lncRNA	0	0	0	0.0000	0.0000	0.0000
ENSG00000232395.1	AL138830.2	lncRNA	0	0	0	0.0000	0.0000	0.0000
ENSG00000232396.2	AC004882.1	lncRNA	0	0	0	0.0000	0.0000	0.0000
ENSG00000232398.1	TMPRSS11CP	unprocessed_pseudogene	1	0	2	0.0830	0.0206	0.0223
ENSG00000232399.4	USP17L13	protein_coding	0	0	0	0.0000	0.0000	0.0000
ENSG00000232400.1	RAD17P1	processed_pseudogene	12	5	7	0.3333	0.0826	0.0894
ENSG00000232401.2	LINC00112	lncRNA	0	0	0	0.0000	0.0000	0.0000
ENSG00000232403.1	RPL27P5	processed_pseudogene	1	1	0	0.1818	0.0451	0.0487
ENSG00000232406.7	AL121895.1	lncRNA	30	20	13	0.4012	0.0995	0.1076
ENSG00000232407.3	PPIAP70	processed_pseudogene	0	0	0	0.0000	0.0000	0.0000
ENSG00000232408.1	AC140481.2	lncRNA	0	0	0	0.0000	0.0000	0.0000
ENSG00000232409.1	AC019185.2	processed_pseudogene	0	0	0	0.0000	0.0000	0.0000
ENSG00000232411.1	AC009495.2	lncRNA	1	0	1	0.1121	0.0278	0.0301
ENSG00000232412.1	AL121601.1	lncRNA	9	11	4	1.5656	0.3883	0.4198
ENSG00000232413.1	AL589923.1	lncRNA	0	0	0	0.0000	0.0000	0.0000
ENSG00000232415.1	ELN-AS1	lncRNA	67	729	751	7.1420	1.7712	1.9150
ENSG00000232416.3	BPESC1	lncRNA	0	0	0	0.0000	0.0000	0.0000
ENSG00000232418.1	AC074348.1	processed_pseudogene	1	0	1	0.4296	0.1065	0.1152
ENSG00000232419.1	TTTY19	lncRNA	0	0	0	0.0000	0.0000	0.0000
ENSG00000232420.2	IL9RP2	unprocessed_pseudogene	0	0	0	0.0000	0.0000	0.0000
ENSG00000232422.1	KNOP1P4	processed_pseudogene	0	0	0	0.0000	0.0000	0.0000
ENSG00000232423.6	PRAMEF6	protein_coding	0	0	0	0.0000	0.0000	0.0000
ENSG00000232424.1	USP9YP29	unprocessed_pseudogene	0	0	0	0.0000	0.0000	0.0000
ENSG00000232429.3	RPL21P131	processed_pseudogene	1	0	1	0.1174	0.0291	0.0315
ENSG00000232430.1	RPL31P15	processed_pseudogene	0	0	0	0.0000	0.0000	0.0000
ENSG00000232431.3	AC055876.1	transcribed_unprocessed_pseudogene	0	0	0	0.0000	0.0000	0.0000
ENSG00000232433.2	GXYLT1P3	processed_pseudogene	0	0	0	0.0000	0.0000	0.0000
ENSG00000232434.2	AJM1	protein_coding	115	55	60	1.4866	0.3687	0.3986
ENSG00000232436.1	AL360013.2	lncRNA	0	0	0	0.0000	0.0000	0.0000
ENSG00000232437.1	RPS26P42	processed_pseudogene	0	0	0	0.0000	0.0000	0.0000
ENSG00000232439.1	RPL18AP7	processed_pseudogene	4	2	2	0.4329	0.1074	0.1161
ENSG00000232442.1	MHENCR	lncRNA	291	145	147	20.6025	5.1092	5.5242
ENSG00000232444.1	AC010745.4	lncRNA	0	0	0	0.0000	0.0000	0.0000
ENSG00000232445.2	EMSLR	lncRNA	37	357	353	0.4486	0.1113	0.1203
ENSG00000232446.1	AC129850.1	unprocessed_pseudogene	0	0	0	0.0000	0.0000	0.0000
ENSG00000232447.1	MTND5P3	processed_pseudogene	0	0	0	0.0000	0.0000	0.0000
ENSG00000232448.2	AL354824.2	lncRNA	1	1	0	0.0361	0.0090	0.0097
ENSG00000232450.1	AL133517.1	transcribed_processed_pseudogene	28	15	13	2.1228	0.5264	0.5692
ENSG00000232451.2	AC018467.1	lncRNA	1	0	1	0.0321	0.0080	0.0086
ENSG00000232453.7	LINC02777	lncRNA	62	36	26	1.7002	0.4216	0.4559
ENSG00000232454.2	AL138752.1	processed_pseudogene	4	0	4	0.6463	0.1603	0.1733
ENSG00000232455.2	LARS2-AS1	lncRNA	1	1	0	0.0986	0.0245	0.0264
ENSG00000232456.1	AL355994.2	unprocessed_pseudogene	9	2	8	0.7250	0.1798	0.1944
ENSG00000232457.4	SLC16A6P1	transcribed_unprocessed_pseudogene	23	14	9	1.2317	0.3054	0.3302
ENSG00000232458.1	LINC01450	lncRNA	5	2	3	0.0869	0.0215	0.0233
ENSG00000232459.1	OR4F14P	unprocessed_pseudogene	0	0	0	0.0000	0.0000	0.0000
ENSG00000232460.4	BMPR1AP2	processed_pseudogene	1	1	0	0.0560	0.0139	0.0150
ENSG00000232463.1	AL359265.2	processed_pseudogene	0	0	0	0.0000	0.0000	0.0000
ENSG00000232464.1	Z98949.2	lncRNA	0	0	0	0.0000	0.0000	0.0000
ENSG00000232465.1	AL049765.1	lncRNA	0	0	0	0.0000	0.0000	0.0000
ENSG00000232466.1	H3P31	processed_pseudogene	2	1	1	0.3049	0.0756	0.0818
ENSG00000232467.2	TMA16P2	processed_pseudogene	0	0	0	0.0000	0.0000	0.0000
ENSG00000232470.1	AL136368.1	lncRNA	13	9	14	1.8385	0.4559	0.4930
ENSG00000232471.3	AC119751.1	unprocessed_pseudogene	0	0	0	0.0000	0.0000	0.0000
ENSG00000232472.1	EEF1B2P3	processed_pseudogene	32	13	19	2.6766	0.6638	0.7177
ENSG00000232474.1	NCKAP5-IT1	lncRNA	0	0	0	0.0000	0.0000	0.0000
ENSG00000232475.1	HSFY5P	unprocessed_pseudogene	0	0	0	0.0000	0.0000	0.0000
ENSG00000232479.2	KRT8P52	processed_pseudogene	5	4	2	0.2188	0.0543	0.0587
ENSG00000232480.1	TGFB2-AS1	lncRNA	1	8	4	0.1018	0.0252	0.0273
ENSG00000232482.2	AL357134.1	processed_pseudogene	0	0	0	0.0000	0.0000	0.0000
ENSG00000232485.3	RPL37A-DT	lncRNA	105	59	47	3.2048	0.7948	0.8593
ENSG00000232486.1	DEPDC1P2	processed_pseudogene	0	0	0	0.0000	0.0000	0.0000
ENSG00000232487.1	RASA3-IT1	lncRNA	1	1	0	0.1492	0.0370	0.0400
ENSG00000232489.1	MFAP1P1	processed_pseudogene	1	1	0	0.0452	0.0112	0.0121
ENSG00000232490.6	OSBPL10-AS1	lncRNA	1	1	0	0.0246	0.0061	0.0066
ENSG00000232491.1	SAPCD2P3	processed_pseudogene	0	0	0	0.0000	0.0000	0.0000
ENSG00000232492.1	NPM1P13	processed_pseudogene	0	0	0	0.0000	0.0000	0.0000
ENSG00000232493.2	RPL12P11	processed_pseudogene	1	0	1	0.1132	0.0281	0.0304
ENSG00000232494.1	AL161912.1	lncRNA	0	0	0	0.0000	0.0000	0.0000
ENSG00000232496.2	RPL3P12	processed_pseudogene	0	0	0	0.0000	0.0000	0.0000
ENSG00000232497.1	ADIPOR1P1	processed_pseudogene	0	0	0	0.0000	0.0000	0.0000
ENSG00000232499.2	AL391058.1	processed_pseudogene	9	6	4	0.4960	0.1230	0.1330
ENSG00000232500.2	AP005273.1	lncRNA	0	0	0	0.0000	0.0000	0.0000
ENSG00000232502.1	AC073464.1	processed_pseudogene	0	0	0	0.0000	0.0000	0.0000
ENSG00000232503.1	CYCSP8	processed_pseudogene	0	0	0	0.0000	0.0000	0.0000
ENSG00000232504.5	ST3GAL5-AS1	lncRNA	5	0	5	0.2655	0.0658	0.0712
ENSG00000232508.1	MRPL45P1	processed_pseudogene	0	0	0	0.0000	0.0000	0.0000
ENSG00000232511.4	OR2AH1P	transcribed_unprocessed_pseudogene	0	0	0	0.0000	0.0000	0.0000
ENSG00000232512.6	AP000233.2	lncRNA	0	0	0	0.0000	0.0000	0.0000
ENSG00000232514.1	AL356968.1	processed_pseudogene	0	0	0	0.0000	0.0000	0.0000
ENSG00000232515.1	AC245060.1	unprocessed_pseudogene	0	0	0	0.0000	0.0000	0.0000
ENSG00000232517.2	CSPG4BP	unitary_pseudogene	6	3	3	0.0486	0.0121	0.0130
ENSG00000232518.3	AC074366.1	lncRNA	0	0	0	0.0000	0.0000	0.0000
ENSG00000232519.2	AL353807.2	lncRNA	2	1	2	0.5155	0.1279	0.1382
ENSG00000232520.2	GCSIR	lncRNA	0	0	0	0.0000	0.0000	0.0000
ENSG00000232522.1	ZNF886P	unprocessed_pseudogene	0	0	0	0.0000	0.0000	0.0000
ENSG00000232524.1	AC073323.1	lncRNA	1	4	2	0.1257	0.0312	0.0337
ENSG00000232525.1	SS18L2P1	processed_pseudogene	0	0	0	0.0000	0.0000	0.0000
ENSG00000232526.1	VDAC1P13	processed_pseudogene	0	0	0	0.0000	0.0000	0.0000
ENSG00000232527.8	LINC02802	lncRNA	16	9	7	1.0334	0.2563	0.2771
ENSG00000232528.3	AL109809.1	transcribed_unitary_pseudogene	7	4	3	0.2538	0.0629	0.0681
ENSG00000232529.1	AL031773.1	lncRNA	0	0	0	0.0000	0.0000	0.0000
ENSG00000232530.1	LIF-AS1	lncRNA	0	2	4	0.0000	0.0000	0.0000
ENSG00000232531.3	KMT5AP2	processed_pseudogene	0	0	0	0.0000	0.0000	0.0000
ENSG00000232533.1	AC093673.1	lncRNA	495	257	238	43.3201	10.7430	11.6156
ENSG00000232535.2	OR5H8	polymorphic_pseudogene	0	0	0	0.0000	0.0000	0.0000
ENSG00000232536.1	AL365436.2	lncRNA	13	5	8	1.4016	0.3476	0.3758
ENSG00000232537.2	AC092810.2	lncRNA	0	0	0	0.0000	0.0000	0.0000
ENSG00000232539.1	LINC00945	lncRNA	0	0	0	0.0000	0.0000	0.0000
ENSG00000232540.1	RPL36P19	processed_pseudogene	1	1	0	0.1884	0.0467	0.0505
ENSG00000232542.1	DPYD-IT1	lncRNA	0	0	0	0.0000	0.0000	0.0000
ENSG00000232543.2	IGHD4-11	IG_D_gene	0	0	0	0.0000	0.0000	0.0000
ENSG00000232545.1	AC253536.3	lncRNA	19	9	10	1.9310	0.4789	0.5178
ENSG00000232546.1	AC027644.1	unprocessed_pseudogene	53	26	27	10.0860	2.5012	2.7044
ENSG00000232548.1	LINC01809	lncRNA	0	0	0	0.0000	0.0000	0.0000
ENSG00000232549.1	SRD5A1P1	processed_pseudogene	0	0	0	0.0000	0.0000	0.0000
ENSG00000232551.2	MTCO1P14	processed_pseudogene	0	0	0	0.0000	0.0000	0.0000
ENSG00000232553.3	CLK2P1	processed_pseudogene	0	0	0	0.0000	0.0000	0.0000
ENSG00000232554.9	RSU1P2	transcribed_unprocessed_pseudogene	0	0	0	0.0000	0.0000	0.0000
ENSG00000232555.2	AC104088.1	lncRNA	0	0	0	0.0000	0.0000	0.0000
ENSG00000232556.1	PRCPP1	processed_pseudogene	0	0	0	0.0000	0.0000	0.0000
ENSG00000232557.3	AL590609.2	lncRNA	1	1	0	0.2700	0.0670	0.0724
ENSG00000232558.1	KCND3-IT1	lncRNA	1	0	1	0.1508	0.0374	0.0404
ENSG00000232560.7	LINC01549	lncRNA	0	0	0	0.0000	0.0000	0.0000
ENSG00000232562.1	TPMTP3	processed_pseudogene	0	0	0	0.0000	0.0000	0.0000
ENSG00000232563.1	CRB3P1	processed_pseudogene	0	0	0	0.0000	0.0000	0.0000
ENSG00000232564.3	MRTFA-AS1	lncRNA	4	5	0	0.1174	0.0291	0.0315
ENSG00000232568.2	RPL23AP35	processed_pseudogene	1	1	0	0.1132	0.0281	0.0304
ENSG00000232573.1	RPL3P4	processed_pseudogene	206	83	128	27.6176	6.8489	7.4052
ENSG00000232576.2	AL645638.1	processed_pseudogene	0	0	0	0.0000	0.0000	0.0000
ENSG00000232578.4	AC093311.1	processed_pseudogene	3	1	2	0.0842	0.0209	0.0226
ENSG00000232579.1	MTCO1P27	unprocessed_pseudogene	1	1	0	0.2509	0.0622	0.0673
ENSG00000232581.1	AC079742.1	lncRNA	0	520	478	0.0000	0.0000	0.0000
ENSG00000232582.1	AC234771.3	processed_pseudogene	0	0	0	0.0000	0.0000	0.0000
ENSG00000232583.1	GPR143P	unprocessed_pseudogene	0	0	0	0.0000	0.0000	0.0000
ENSG00000232585.1	OFD1P12Y	unprocessed_pseudogene	0	0	0	0.0000	0.0000	0.0000
ENSG00000232586.1	KIAA1614-AS1	lncRNA	1	67	54	0.0394	0.0098	0.0106
ENSG00000232587.1	EEF1A1P3	processed_pseudogene	8	5	3	0.3276	0.0812	0.0878
ENSG00000232590.1	AL451127.1	lncRNA	0	0	0	0.0000	0.0000	0.0000
ENSG00000232591.2	LINC02642	lncRNA	4	2	2	0.0760	0.0188	0.0204
ENSG00000232593.7	KANTR	protein_coding	740	355	411	4.2274	1.0484	1.1335
ENSG00000232594.1	AC103563.4	unprocessed_pseudogene	0	0	0	0.0000	0.0000	0.0000
ENSG00000232595.1	CST2P1	unprocessed_pseudogene	0	0	0	0.0000	0.0000	0.0000
ENSG00000232596.3	LINC01646	lncRNA	0	0	0	0.0000	0.0000	0.0000
ENSG00000232597.6	AC013727.1	lncRNA	0	0	0	0.0000	0.0000	0.0000
ENSG00000232598.2	AL122034.1	lncRNA	0	0	0	0.0000	0.0000	0.0000
ENSG00000232599.1	AL008707.1	processed_pseudogene	0	0	0	0.0000	0.0000	0.0000
ENSG00000232600.3	TONSL-AS1	lncRNA	11	13	20	1.4575	0.3614	0.3908
ENSG00000232601.1	ANAPC15P2	processed_pseudogene	0	0	0	0.0000	0.0000	0.0000
ENSG00000232603.1	AC245291.3	unprocessed_pseudogene	0	0	0	0.0000	0.0000	0.0000
ENSG00000232604.1	AC010967.2	lncRNA	0	0	0	0.0000	0.0000	0.0000
ENSG00000232605.2	HMGN2P11	processed_pseudogene	0	0	0	0.0000	0.0000	0.0000
ENSG00000232606.2	LINC01412	lncRNA	0	0	0	0.0000	0.0000	0.0000
ENSG00000232608.1	TIMM9P2	processed_pseudogene	4	3	1	0.8528	0.2115	0.2287
ENSG00000232610.1	CCT6P4	processed_pseudogene	0	0	0	0.0000	0.0000	0.0000
ENSG00000232611.1	AL683813.1	lncRNA	122	73	63	2.2925	0.5685	0.6147
ENSG00000232612.1	RPL31P35	processed_pseudogene	1	0	1	0.1504	0.0373	0.0403
ENSG00000232613.6	LINC02576	lncRNA	10	3	7	0.5005	0.1241	0.1342
ENSG00000232614.1	USP9YP9	unprocessed_pseudogene	0	0	0	0.0000	0.0000	0.0000
ENSG00000232615.4	AC026412.2	processed_pseudogene	12	6	6	0.6330	0.1570	0.1697
ENSG00000232617.1	AC017019.1	unprocessed_pseudogene	0	0	0	0.0000	0.0000	0.0000
ENSG00000232618.2	AL355304.1	lncRNA	15	10	9	0.2602	0.0645	0.0698
ENSG00000232620.1	TSPY17P	unprocessed_pseudogene	0	0	0	0.0000	0.0000	0.0000
ENSG00000232621.1	C4BPAP2	unprocessed_pseudogene	1	0	1	0.1186	0.0294	0.0318
ENSG00000232622.1	AC114482.1	processed_pseudogene	0	0	0	0.0000	0.0000	0.0000
ENSG00000232623.1	MRAP-AS1	lncRNA	2	2	1	0.1949	0.0483	0.0523
ENSG00000232624.8	LINC01517	lncRNA	0	0	0	0.0000	0.0000	0.0000
ENSG00000232625.1	RPL23AP31	processed_pseudogene	0	0	0	0.0000	0.0000	0.0000
ENSG00000232626.3	AC099336.1	transcribed_processed_pseudogene	2	0	2	0.0726	0.0180	0.0195
ENSG00000232627.1	AC021876.1	processed_pseudogene	0	0	0	0.0000	0.0000	0.0000
ENSG00000232628.6	AC092809.2	lncRNA	2	1	1	0.0863	0.0214	0.0231
ENSG00000232629.9	HLA-DQB2	protein_coding	490	247	243	13.7156	3.4013	3.6776
ENSG00000232630.1	PRPS1P2	processed_pseudogene	41	21	21	2.4814	0.6154	0.6654
ENSG00000232631.1	MTND2P23	processed_pseudogene	0	0	0	0.0000	0.0000	0.0000
ENSG00000232633.4	AC079465.1	lncRNA	7	12	9	0.0947	0.0235	0.0254
ENSG00000232634.1	NEFLP1	processed_pseudogene	0	0	0	0.0000	0.0000	0.0000
ENSG00000232636.2	AL360267.1	lncRNA	0	0	0	0.0000	0.0000	0.0000
ENSG00000232638.1	AL390294.1	lncRNA	3	223	231	0.4232	0.1050	0.1135
ENSG00000232640.1	AL354892.2	lncRNA	46	29	17	6.4731	1.6053	1.7357
ENSG00000232642.2	AC008073.2	lncRNA	5	1	4	0.2383	0.0591	0.0639
ENSG00000232643.2	LINC00385	lncRNA	0	0	0	0.0000	0.0000	0.0000
ENSG00000232644.1	AC005297.2	unprocessed_pseudogene	0	0	0	0.0000	0.0000	0.0000
ENSG00000232645.5	LINC01431	lncRNA	137	74	63	9.2381	2.2910	2.4771
ENSG00000232646.1	AL731563.1	processed_pseudogene	1	0	1	0.2650	0.0657	0.0711
ENSG00000232647.1	POLR3KP1	processed_pseudogene	0	0	0	0.0000	0.0000	0.0000
ENSG00000232648.4	AC107214.1	lncRNA	29	14	15	0.8977	0.2226	0.2407
ENSG00000232650.6	LINC01780	lncRNA	0	0	0	0.0000	0.0000	0.0000
ENSG00000232653.8	GOLGA8N	protein_coding	39	33	38	0.2909	0.0721	0.0780
ENSG00000232654.1	FAM136BP	processed_pseudogene	0	0	0	0.0000	0.0000	0.0000
ENSG00000232655.1	LINC01656	lncRNA	1	0	1	0.0900	0.0223	0.0241
ENSG00000232656.8	IDI2-AS1	lncRNA	27	271	247	0.4573	0.1134	0.1226
ENSG00000232658.1	SLC44A3P1	processed_pseudogene	0	0	0	0.0000	0.0000	0.0000
ENSG00000232661.1	CFTR-AS1	lncRNA	0	0	0	0.0000	0.0000	0.0000
ENSG00000232662.2	LDHBP1	processed_pseudogene	0	0	0	0.0000	0.0000	0.0000
ENSG00000232663.2	AL139415.2	processed_pseudogene	0	0	0	0.0000	0.0000	0.0000
ENSG00000232664.2	LARP1BP3	processed_pseudogene	0	0	0	0.0000	0.0000	0.0000
ENSG00000232665.2	PHBP10	processed_pseudogene	0	0	0	0.0000	0.0000	0.0000
ENSG00000232667.10	AC004862.1	lncRNA	0	0	0	0.0000	0.0000	0.0000
ENSG00000232668.1	AC010967.3	processed_pseudogene	0	0	0	0.0000	0.0000	0.0000
ENSG00000232671.6	ZNF687-AS1	lncRNA	8	33	30	0.4587	0.1138	0.1230
ENSG00000232672.1	ACTG1P21	processed_pseudogene	1	1	0	0.0567	0.0141	0.0152
ENSG00000232675.7	AL121830.1	lncRNA	2	249	273	0.0460	0.0114	0.0123
ENSG00000232676.1	ADH5P2	processed_pseudogene	0	0	0	0.0000	0.0000	0.0000
ENSG00000232677.9	LINC00665	lncRNA	1456	725	748	6.7864	1.6830	1.8197
ENSG00000232678.2	SPTLC1P4	processed_pseudogene	1	1	0	0.2181	0.0541	0.0585
ENSG00000232679.2	LINC01705	lncRNA	90	47	43	2.6919	0.6676	0.7218
ENSG00000232680.2	AC002511.1	lncRNA	1	0	1	0.0567	0.0141	0.0152
ENSG00000232682.2	AL592430.1	lncRNA	21	516	480	0.7406	0.1837	0.1986
ENSG00000232684.1	ATP11A-AS1	lncRNA	0	0	0	0.0000	0.0000	0.0000
ENSG00000232685.5	LINC00442	lncRNA	0	0	0	0.0000	0.0000	0.0000
ENSG00000232687.1	RPL12P9	processed_pseudogene	1	1	0	0.1162	0.0288	0.0312
ENSG00000232688.2	LINC01628	lncRNA	0	0	0	0.0000	0.0000	0.0000
ENSG00000232690.1	HSPE1P9	unprocessed_pseudogene	0	0	0	0.0000	0.0000	0.0000
ENSG00000232692.1	AP001596.1	lncRNA	4	1	3	0.1010	0.0250	0.0271
ENSG00000232693.2	AC012370.1	lncRNA	3	1	2	0.3210	0.0796	0.0861
ENSG00000232695.1	ELOCP17	processed_pseudogene	0	0	0	0.0000	0.0000	0.0000
ENSG00000232696.1	AC017006.2	lncRNA	1	1	0	0.1222	0.0303	0.0328
ENSG00000232699.3	BDH2P1	processed_pseudogene	1	0	1	0.0771	0.0191	0.0207
ENSG00000232701.1	RPL21P108	processed_pseudogene	0	0	0	0.0000	0.0000	0.0000
ENSG00000232702.3	AL158050.1	processed_pseudogene	1	0	1	0.1241	0.0308	0.0333
ENSG00000232706.3	NUTM2HP	unprocessed_pseudogene	1	1	0	0.0227	0.0056	0.0061
ENSG00000232707.1	AP1B1P2	unprocessed_pseudogene	0	0	0	0.0000	0.0000	0.0000
ENSG00000232709.1	MARK2P9	processed_pseudogene	6	0	6	0.1970	0.0489	0.0528
ENSG00000232710.1	AC254562.2	lncRNA	0	11	9	0.0000	0.0000	0.0000
ENSG00000232712.6	KIZ-AS1	lncRNA	5	2	3	0.0520	0.0129	0.0139
ENSG00000232713.2	RPS12P3	processed_pseudogene	72	31	41	10.1823	2.5251	2.7302
ENSG00000232714.1	MTND3P8	processed_pseudogene	0	0	0	0.0000	0.0000	0.0000
ENSG00000232715.1	LINC01022	lncRNA	0	0	0	0.0000	0.0000	0.0000
ENSG00000232716.2	AC016831.3	processed_pseudogene	0	0	0	0.0000	0.0000	0.0000
ENSG00000232717.2	TRIM51JP	unprocessed_pseudogene	0	0	0	0.0000	0.0000	0.0000
ENSG00000232718.1	GAPDHP48	processed_pseudogene	0	0	0	0.0000	0.0000	0.0000
ENSG00000232719.1	AC007272.1	lncRNA	2	0	4	0.0894	0.0222	0.0240
ENSG00000232721.2	AC239800.2	lncRNA	3	1	2	0.0636	0.0158	0.0171
ENSG00000232722.3	MROH4P	transcribed_unitary_pseudogene	0	0	0	0.0000	0.0000	0.0000
ENSG00000232723.1	RPS17P7	processed_pseudogene	0	0	0	0.0000	0.0000	0.0000
ENSG00000232724.1	TRIM80P	unitary_pseudogene	2	0	2	0.0398	0.0099	0.0107
ENSG00000232725.1	U52111.1	lncRNA	7	6	2	0.3652	0.0906	0.0979
ENSG00000232727.2	YWHAEP1	processed_pseudogene	0	0	0	0.0000	0.0000	0.0000
ENSG00000232728.1	PHB2P1	processed_pseudogene	0	0	0	0.0000	0.0000	0.0000
ENSG00000232729.8	AC211433.1	lncRNA	12	981	974	0.2329	0.0578	0.0624
ENSG00000232730.1	FAM8A4P	processed_pseudogene	0	0	0	0.0000	0.0000	0.0000
ENSG00000232732.11	AC097717.1	lncRNA	0	0	0	0.0000	0.0000	0.0000
ENSG00000232734.1	ATP5MC1P7	processed_pseudogene	0	0	0	0.0000	0.0000	0.0000
ENSG00000232735.2	ATG4AP1	processed_pseudogene	0	0	0	0.0000	0.0000	0.0000
ENSG00000232736.1	AC007551.1	processed_pseudogene	0	0	0	0.0000	0.0000	0.0000
ENSG00000232738.1	AL353612.1	lncRNA	0	0	0	0.0000	0.0000	0.0000
ENSG00000232739.1	AL607028.1	lncRNA	0	0	0	0.0000	0.0000	0.0000
ENSG00000232740.1	LINC01826	lncRNA	1	1	1	0.0971	0.0241	0.0260
ENSG00000232742.3	RHOQP2	processed_pseudogene	21	10	11	2.0568	0.5101	0.5515
ENSG00000232743.2	ELF2P3	processed_pseudogene	0	0	0	0.0000	0.0000	0.0000
ENSG00000232744.1	USP9YP16	unprocessed_pseudogene	0	0	0	0.0000	0.0000	0.0000
ENSG00000232746.1	LINC02022	lncRNA	0	0	0	0.0000	0.0000	0.0000
ENSG00000232747.2	IGKV1D-35	IG_V_pseudogene	0	0	0	0.0000	0.0000	0.0000
ENSG00000232748.3	AC135050.1	lncRNA	25	343	373	0.3946	0.0979	0.1058
ENSG00000232749.2	AL162726.4	lncRNA	0	0	0	0.0000	0.0000	0.0000
ENSG00000232750.2	AL139132.1	processed_pseudogene	4	2	2	0.6594	0.1635	0.1768
ENSG00000232751.1	AL645568.2	processed_pseudogene	0	0	0	0.0000	0.0000	0.0000
ENSG00000232752.1	MTCO3P21	unprocessed_pseudogene	1	0	1	0.0882	0.0219	0.0236
ENSG00000232754.1	AL035658.1	lncRNA	1	180	194	0.1589	0.0394	0.0426
ENSG00000232756.1	AC004990.1	lncRNA	3	2	1	0.0740	0.0184	0.0199
ENSG00000232757.1	ETF1P1	processed_pseudogene	10	4	6	0.5763	0.1429	0.1545
ENSG00000232759.1	AC002480.1	lncRNA	5	9	6	0.1166	0.0289	0.0313
ENSG00000232760.1	AC103564.2	unprocessed_pseudogene	0	0	0	0.0000	0.0000	0.0000
ENSG00000232762.1	AL355483.2	lncRNA	1	1	0	0.0754	0.0187	0.0202
ENSG00000232764.1	TRIM60P8Y	processed_pseudogene	0	0	0	0.0000	0.0000	0.0000
ENSG00000232765.6	AL158819.1	transcribed_unprocessed_pseudogene	0	0	0	0.0000	0.0000	0.0000
ENSG00000232766.1	KIAA1143P2	processed_pseudogene	0	0	0	0.0000	0.0000	0.0000
ENSG00000232767.2	AC016825.1	lncRNA	2	146	152	0.1284	0.0319	0.0344
ENSG00000232768.1	AL356320.1	processed_pseudogene	0	0	0	0.0000	0.0000	0.0000
ENSG00000232771.2	PPP1R26P5	processed_pseudogene	0	0	0	0.0000	0.0000	0.0000
ENSG00000232772.1	MTND4P22	processed_pseudogene	0	0	0	0.0000	0.0000	0.0000
ENSG00000232773.2	DEFB130D	unprocessed_pseudogene	0	0	0	0.0000	0.0000	0.0000
ENSG00000232774.8	AL355916.1	lncRNA	53	40	35	1.0506	0.2605	0.2817
ENSG00000232775.6	BMS1P22	transcribed_unprocessed_pseudogene	12	5	7	0.4329	0.1074	0.1161
ENSG00000232777.1	MRPL51P2	processed_pseudogene	0	0	0	0.0000	0.0000	0.0000
ENSG00000232778.1	RPL23AP50	processed_pseudogene	0	0	0	0.0000	0.0000	0.0000
ENSG00000232780.2	GAPDHP74	transcribed_processed_pseudogene	2	0	2	0.1240	0.0307	0.0332
ENSG00000232783.5	FRG2FP	transcribed_unprocessed_pseudogene	0	0	0	0.0000	0.0000	0.0000
ENSG00000232786.1	TIMM9P3	processed_pseudogene	0	0	0	0.0000	0.0000	0.0000
ENSG00000232787.2	OR7L1P	unprocessed_pseudogene	0	0	0	0.0000	0.0000	0.0000
ENSG00000232788.1	ITGA6-AS1	lncRNA	12	44	40	0.6319	0.1567	0.1694
ENSG00000232789.1	AC053503.2	unprocessed_pseudogene	0	0	0	0.0000	0.0000	0.0000
ENSG00000232790.3	LINC01162	lncRNA	0	0	0	0.0000	0.0000	0.0000
ENSG00000232791.4	OR11I1P	unitary_pseudogene	0	0	0	0.0000	0.0000	0.0000
ENSG00000232792.2	FTH1P25	processed_pseudogene	1	1	0	0.1209	0.0300	0.0324
ENSG00000232793.2	DNAJC19P8	processed_pseudogene	1	1	0	0.2190	0.0543	0.0587
ENSG00000232794.1	HNRNPDP1	processed_pseudogene	1	1	0	0.0752	0.0187	0.0202
ENSG00000232795.1	SCAND3P1	processed_pseudogene	1	1	0	0.0535	0.0133	0.0143
ENSG00000232797.1	FAM207CP	processed_pseudogene	0	0	0	0.0000	0.0000	0.0000
ENSG00000232798.1	CR769767.1	processed_pseudogene	0	0	0	0.0000	0.0000	0.0000
ENSG00000232799.1	CRYGFP	unprocessed_pseudogene	0	0	0	0.0000	0.0000	0.0000
ENSG00000232800.1	SLC7A15P	unitary_pseudogene	0	0	0	0.0000	0.0000	0.0000
ENSG00000232801.1	SDCBPP3	processed_pseudogene	0	0	0	0.0000	0.0000	0.0000
ENSG00000232803.1	SLCO4A1-AS1	lncRNA	0	32	28	0.0000	0.0000	0.0000
ENSG00000232805.1	NIP7P1	processed_pseudogene	0	0	0	0.0000	0.0000	0.0000
ENSG00000232806.1	AP001610.3	lncRNA	0	0	0	0.0000	0.0000	0.0000
ENSG00000232807.2	AL137186.2	lncRNA	85	563	523	1.2322	0.3056	0.3304
ENSG00000232808.1	TTTY20	lncRNA	0	0	0	0.0000	0.0000	0.0000
ENSG00000232809.1	VDAC1P10	processed_pseudogene	0	0	0	0.0000	0.0000	0.0000
ENSG00000232810.4	TNF	protein_coding	32	15	19	1.0815	0.2682	0.2900
ENSG00000232811.1	AL360270.1	lncRNA	28	75	67	0.6731	0.1669	0.1805
ENSG00000232812.2	LINC01717	lncRNA	0	0	0	0.0000	0.0000	0.0000
ENSG00000232813.1	S100A11P6	processed_pseudogene	0	0	0	0.0000	0.0000	0.0000
ENSG00000232814.2	COL4A2-AS1	lncRNA	2	806	784	0.2100	0.0521	0.0563
ENSG00000232815.1	DUX4L50	unprocessed_pseudogene	46	25	21	3.6485	0.9048	0.9783
ENSG00000232817.1	AC073188.4	lncRNA	0	0	0	0.0000	0.0000	0.0000
ENSG00000232818.2	RPS2P32	processed_pseudogene	8	6	2	0.5086	0.1261	0.1364
ENSG00000232821.1	AC003986.2	lncRNA	8	14	18	0.2652	0.0658	0.0711
ENSG00000232823.2	TXNP1	processed_pseudogene	0	0	0	0.0000	0.0000	0.0000
ENSG00000232824.1	PRR13P1	processed_pseudogene	0	0	0	0.0000	0.0000	0.0000
ENSG00000232825.3	AL445433.2	lncRNA	0	1	0	0.0000	0.0000	0.0000
ENSG00000232827.3	LINC01189	lncRNA	0	0	0	0.0000	0.0000	0.0000
ENSG00000232828.1	AC231533.1	lncRNA	0	71	77	0.0000	0.0000	0.0000
ENSG00000232829.3	GSTO3P	processed_pseudogene	0	0	0	0.0000	0.0000	0.0000
ENSG00000232830.5	AC110994.1	processed_pseudogene	0	0	0	0.0000	0.0000	0.0000
ENSG00000232832.1	LMLN-AS1	lncRNA	1	78	85	0.1046	0.0259	0.0281
ENSG00000232834.1	AC112492.3	processed_pseudogene	0	0	0	0.0000	0.0000	0.0000
ENSG00000232835.1	AC107057.1	lncRNA	0	0	0	0.0000	0.0000	0.0000
ENSG00000232837.1	LINC01700	lncRNA	0	0	0	0.0000	0.0000	0.0000
ENSG00000232838.4	PET117	protein_coding	28	11	17	1.3796	0.3421	0.3699
ENSG00000232841.1	BRWD1P3	processed_pseudogene	0	0	0	0.0000	0.0000	0.0000
ENSG00000232842.2	KAT7P1	processed_pseudogene	1	0	1	0.0574	0.0142	0.0154
ENSG00000232843.2	SNX18P2	processed_pseudogene	0	0	0	0.0000	0.0000	0.0000
ENSG00000232845.1	TRAPPC2P9	unprocessed_pseudogene	0	0	0	0.0000	0.0000	0.0000
ENSG00000232846.1	SLC25A6P3	processed_pseudogene	1	1	0	0.0645	0.0160	0.0173
ENSG00000232848.1	AL034417.1	processed_pseudogene	1	0	1	0.0709	0.0176	0.0190
ENSG00000232849.2	LINC00363	lncRNA	0	0	0	0.0000	0.0000	0.0000
ENSG00000232850.3	PTGES2-AS1	lncRNA	12	4	8	0.3241	0.0804	0.0869
ENSG00000232851.3	ATP5MFP3	processed_pseudogene	0	0	0	0.0000	0.0000	0.0000
ENSG00000232852.1	CICP4	processed_pseudogene	0	0	1	0.0000	0.0000	0.0000
ENSG00000232853.1	LUZP4P1	processed_pseudogene	0	0	0	0.0000	0.0000	0.0000
ENSG00000232855.7	AF165147.1	lncRNA	22	11	11	0.1322	0.0328	0.0354
ENSG00000232857.2	KATNBL1P2	processed_pseudogene	1	1	0	0.0679	0.0168	0.0182
ENSG00000232858.1	RPL34P27	processed_pseudogene	1	1	0	0.1625	0.0403	0.0436
ENSG00000232859.10	LYRM9	protein_coding	393	388	413	4.1426	1.0273	1.1108
ENSG00000232860.8	SMG7-AS1	lncRNA	37	28	16	0.6202	0.1538	0.1663
ENSG00000232862.5	AL138787.1	transcribed_processed_pseudogene	35	16	19	1.1857	0.2940	0.3179
ENSG00000232864.1	NUCKS1P1	processed_pseudogene	0	0	0	0.0000	0.0000	0.0000
ENSG00000232867.1	AL355433.1	processed_pseudogene	0	0	0	0.0000	0.0000	0.0000
ENSG00000232869.2	TRBV29-1	TR_V_gene	5	4	1	0.7053	0.1749	0.1891
ENSG00000232871.8	SEC1P	transcribed_unitary_pseudogene	12	33	32	0.2584	0.0641	0.0693
ENSG00000232872.2	CTAGE3P	processed_pseudogene	16	9	7	0.3774	0.0936	0.1012
ENSG00000232873.1	RPL23AP93	processed_pseudogene	1	1	0	0.1172	0.0291	0.0314
ENSG00000232874.1	AC080129.2	lncRNA	9	5	4	1.1870	0.2944	0.3183
ENSG00000232875.1	HMGN2P35	processed_pseudogene	1	1	0	0.2100	0.0521	0.0563
ENSG00000232876.1	AL353596.1	lncRNA	9	3	6	0.6461	0.1602	0.1732
ENSG00000232878.3	DPYD-AS1	lncRNA	5	172	154	0.1917	0.0475	0.0514
ENSG00000232879.2	GLRX5P2	processed_pseudogene	7	2	5	2.2946	0.5690	0.6153
ENSG00000232880.1	NDUFB4P10	processed_pseudogene	1	0	1	0.1580	0.0392	0.0424
ENSG00000232881.2	RPS10P21	processed_pseudogene	0	0	0	0.0000	0.0000	0.0000
ENSG00000232882.1	PHKA1P1	processed_pseudogene	17	6	11	1.5524	0.3850	0.4163
ENSG00000232883.1	AL451081.2	processed_pseudogene	2	1	1	0.1216	0.0301	0.0326
ENSG00000232884.9	AF127936.1	lncRNA	99	43	56	1.0492	0.2602	0.2813
ENSG00000232885.2	GPC5-AS2	lncRNA	0	0	0	0.0000	0.0000	0.0000
ENSG00000232886.1	AF212831.1	lncRNA	0	0	0	0.0000	0.0000	0.0000
ENSG00000232887.1	AC006466.1	processed_pseudogene	0	0	0	0.0000	0.0000	0.0000
ENSG00000232888.4	RPS11P5	processed_pseudogene	21	15	6	2.4606	0.6102	0.6598
ENSG00000232889.2	AC087499.3	processed_pseudogene	2	1	1	0.6372	0.1580	0.1709
ENSG00000232891.1	AL450344.3	lncRNA	0	0	0	0.0000	0.0000	0.0000
ENSG00000232892.1	RGS5-AS1	lncRNA	0	0	0	0.0000	0.0000	0.0000
ENSG00000232893.1	IQCA1-AS1	lncRNA	0	23	19	0.0000	0.0000	0.0000
ENSG00000232894.1	MRPS31P2	unprocessed_pseudogene	0	0	0	0.0000	0.0000	0.0000
ENSG00000232895.2	AL121999.1	lncRNA	0	0	0	0.0000	0.0000	0.0000
ENSG00000232896.1	AL592463.1	lncRNA	0	0	0	0.0000	0.0000	0.0000
ENSG00000232897.2	AL117329.2	processed_pseudogene	0	0	1	0.0000	0.0000	0.0000
ENSG00000232899.1	CDY9P	unprocessed_pseudogene	0	0	0	0.0000	0.0000	0.0000
ENSG00000232900.2	AL050403.1	lncRNA	0	0	0	0.0000	0.0000	0.0000
ENSG00000232901.1	CYCSP10	processed_pseudogene	15	5	10	2.8934	0.7175	0.7758
ENSG00000232903.2	LINC01166	lncRNA	0	0	0	0.0000	0.0000	0.0000
ENSG00000232905.2	AL162393.1	processed_pseudogene	0	0	0	0.0000	0.0000	0.0000
ENSG00000232906.1	AC092685.1	processed_pseudogene	0	0	0	0.0000	0.0000	0.0000
ENSG00000232907.8	DLGAP4-AS1	lncRNA	32	964	924	0.6921	0.1716	0.1856
ENSG00000232908.3	HSD17B7P1	processed_pseudogene	0	0	0	0.0000	0.0000	0.0000
ENSG00000232909.1	AL157823.2	lncRNA	14	10	8	1.1868	0.2943	0.3182
ENSG00000232910.1	RAB9AP1	unprocessed_pseudogene	0	0	0	0.0000	0.0000	0.0000
ENSG00000232912.6	RERE-AS1	lncRNA	1	1	0	0.0481	0.0119	0.0129
ENSG00000232913.8	PLCE1-AS2	lncRNA	0	0	0	0.0000	0.0000	0.0000
ENSG00000232914.1	TRAPPC2P4	unprocessed_pseudogene	0	0	0	0.0000	0.0000	0.0000
ENSG00000232915.1	RNF14P1	processed_pseudogene	1	0	1	0.0453	0.0112	0.0121
ENSG00000232916.1	HMGN2P27	processed_pseudogene	0	0	0	0.0000	0.0000	0.0000
ENSG00000232917.5	HSPE1P6	processed_pseudogene	1	0	1	0.1949	0.0483	0.0523
ENSG00000232918.2	AC118469.1	processed_pseudogene	1	1	0	0.1162	0.0288	0.0312
ENSG00000232920.1	LINC01400	lncRNA	0	0	0	0.0000	0.0000	0.0000
ENSG00000232922.1	MTND6P24	unprocessed_pseudogene	0	0	0	0.0000	0.0000	0.0000
ENSG00000232924.1	ELOCP4	processed_pseudogene	0	0	0	0.0000	0.0000	0.0000
ENSG00000232925.2	MRPS16P2	processed_pseudogene	0	0	0	0.0000	0.0000	0.0000
ENSG00000232926.1	AC000078.1	processed_pseudogene	12	5	7	0.9978	0.2475	0.2676
ENSG00000232927.1	USP12PY	processed_pseudogene	0	0	0	0.0000	0.0000	0.0000
ENSG00000232928.2	DDX3P1	processed_pseudogene	13	8	10	0.3781	0.0938	0.1014
ENSG00000232930.2	AC083864.2	lncRNA	0	0	0	0.0000	0.0000	0.0000
ENSG00000232931.6	LINC00342	lncRNA	1184	573	611	7.8084	1.9364	2.0937
ENSG00000232934.8	AL157786.1	lncRNA	18	32	42	0.3135	0.0777	0.0841
ENSG00000232935.2	AL359094.2	lncRNA	0	0	0	0.0000	0.0000	0.0000
ENSG00000232936.6	AL157400.2	lncRNA	1	0	1	0.0271	0.0067	0.0073
ENSG00000232937.1	AL589765.2	lncRNA	0	0	0	0.0000	0.0000	0.0000
ENSG00000232938.2	RPL23AP87	transcribed_processed_pseudogene	7	3	4	0.1760	0.0436	0.0472
ENSG00000232939.1	AL158829.1	lncRNA	0	0	0	0.0000	0.0000	0.0000
ENSG00000232940.6	HCG25	lncRNA	47	769	778	0.6062	0.1503	0.1625
ENSG00000232943.1	GGCTP2	processed_pseudogene	0	0	0	0.0000	0.0000	0.0000
ENSG00000232944.1	AC092423.1	processed_pseudogene	0	0	0	0.0000	0.0000	0.0000
ENSG00000232946.1	RPL35AP20	processed_pseudogene	4	2	2	0.6853	0.1700	0.1838
ENSG00000232947.1	LINC02543	lncRNA	0	0	0	0.0000	0.0000	0.0000
ENSG00000232948.1	DEFB130A	protein_coding	0	0	0	0.0000	0.0000	0.0000
ENSG00000232949.2	AC002480.2	lncRNA	3	2	1	0.0795	0.0197	0.0213
ENSG00000232950.1	ZNF519P1	processed_pseudogene	0	0	0	0.0000	0.0000	0.0000
ENSG00000232951.1	IPO7P1	processed_pseudogene	0	0	0	0.0000	0.0000	0.0000
ENSG00000232952.1	AL512844.1	processed_pseudogene	1	0	1	0.0319	0.0079	0.0085
ENSG00000232953.1	HSPA8P18	processed_pseudogene	2	1	1	0.0588	0.0146	0.0158
ENSG00000232954.2	LINC00374	lncRNA	0	0	0	0.0000	0.0000	0.0000
ENSG00000232956.9	SNHG15	lncRNA	755	377	379	10.8698	2.6956	2.9145
ENSG00000232958.1	AC027119.1	unprocessed_pseudogene	0	0	0	0.0000	0.0000	0.0000
ENSG00000232959.1	AL356475.1	lncRNA	0	183	189	0.0000	0.0000	0.0000
ENSG00000232963.1	HMGN2P20	processed_pseudogene	0	0	0	0.0000	0.0000	0.0000
ENSG00000232964.2	LINC01737	lncRNA	0	0	0	0.0000	0.0000	0.0000
ENSG00000232965.1	RPS12P18	processed_pseudogene	0	0	0	0.0000	0.0000	0.0000
ENSG00000232968.1	EIF4EP4	processed_pseudogene	0	0	0	0.0000	0.0000	0.0000
ENSG00000232969.1	AP001062.2	lncRNA	3	4	0	1.3396	0.3322	0.3592
ENSG00000232970.1	POLHP1	processed_pseudogene	0	0	0	0.0000	0.0000	0.0000
ENSG00000232971.2	AL591719.2	lncRNA	0	0	0	0.0000	0.0000	0.0000
ENSG00000232973.13	CYP1B1-AS1	lncRNA	99	520	493	0.5341	0.1325	0.1432
ENSG00000232975.1	MTCO1P57	unprocessed_pseudogene	0	0	0	0.0000	0.0000	0.0000
ENSG00000232976.1	TRIM60P10Y	processed_pseudogene	0	0	0	0.0000	0.0000	0.0000
ENSG00000232977.7	LINC00327	lncRNA	27	18	9	0.2941	0.0729	0.0788
ENSG00000232978.2	AL161909.2	lncRNA	0	0	0	0.0000	0.0000	0.0000
ENSG00000232979.1	AC092580.3	processed_pseudogene	0	0	0	0.0000	0.0000	0.0000
ENSG00000232981.1	MTCO1P51	unprocessed_pseudogene	0	0	0	0.0000	0.0000	0.0000
ENSG00000232982.1	MTCO1P45	processed_pseudogene	0	0	0	0.0000	0.0000	0.0000
ENSG00000232983.2	AL160270.2	processed_pseudogene	0	0	0	0.0000	0.0000	0.0000
ENSG00000232985.1	AL355537.1	lncRNA	0	0	0	0.0000	0.0000	0.0000
ENSG00000232986.1	AL139081.1	lncRNA	1	1	0	0.1485	0.0368	0.0398
ENSG00000232987.2	LINC01219	lncRNA	0	0	0	0.0000	0.0000	0.0000
ENSG00000232989.1	AL356010.1	processed_pseudogene	0	0	0	0.0000	0.0000	0.0000
ENSG00000232990.2	MTATP6P7	unprocessed_pseudogene	0	0	0	0.0000	0.0000	0.0000
ENSG00000232991.5	GACAT1	lncRNA	0	0	0	0.0000	0.0000	0.0000
ENSG00000232992.2	AHCYP4	processed_pseudogene	0	0	0	0.0000	0.0000	0.0000
ENSG00000232993.1	AL445183.1	lncRNA	0	566	543	0.0000	0.0000	0.0000
ENSG00000232994.1	RPL7P14	processed_pseudogene	2	2	0	0.1531	0.0380	0.0410
ENSG00000232995.7	RGS5	lncRNA	88	41	47	1.3763	0.3413	0.3690
ENSG00000232998.3	VPS13A-AS1	lncRNA	0	6	4	0.0000	0.0000	0.0000
ENSG00000232999.1	AL133351.2	unprocessed_pseudogene	0	0	0	0.0000	0.0000	0.0000
ENSG00000233002.2	TBC1D26-AS1	lncRNA	0	1	2	0.0000	0.0000	0.0000
ENSG00000233003.4	CICP26	unprocessed_pseudogene	0	0	0	0.0000	0.0000	0.0000
ENSG00000233005.2	AC018742.1	lncRNA	0	0	0	0.0000	0.0000	0.0000
ENSG00000233006.8	MIR3936HG	lncRNA	420	405	451	5.0334	1.2482	1.3496
ENSG00000233007.1	UBTFL11	processed_pseudogene	0	0	0	0.0000	0.0000	0.0000
ENSG00000233008.6	LINC01725	lncRNA	19	6	13	0.0867	0.0215	0.0232
ENSG00000233009.1	NALCN-AS1	lncRNA	9	27	21	0.1793	0.0445	0.0481
ENSG00000233010.1	RPEP4	processed_pseudogene	2	1	1	0.1884	0.0467	0.0505
ENSG00000233011.1	SLC9A3P1	processed_pseudogene	0	0	0	0.0000	0.0000	0.0000
ENSG00000233012.2	HDAC1P2	transcribed_processed_pseudogene	0	0	0	0.0000	0.0000	0.0000
ENSG00000233013.10	FAM157B	transcribed_unprocessed_pseudogene	3	3	0	0.0821	0.0204	0.0220
ENSG00000233014.1	TBC1D3P7	unprocessed_pseudogene	3	1	2	0.1861	0.0462	0.0499
ENSG00000233015.1	SLC25A6P1	processed_pseudogene	0	0	0	0.0000	0.0000	0.0000
ENSG00000233016.7	SNHG7	lncRNA	1009	684	706	11.6991	2.9013	3.1369
ENSG00000233017.3	AL121832.1	lncRNA	3	2	1	0.1180	0.0293	0.0316
ENSG00000233018.1	AL732292.1	processed_pseudogene	0	0	0	0.0000	0.0000	0.0000
ENSG00000233020.1	CHORDC1P5	processed_pseudogene	0	0	0	0.0000	0.0000	0.0000
ENSG00000233021.2	AL669841.1	lncRNA	1	21	19	0.1016	0.0252	0.0273
ENSG00000233024.7	NPIPA9	protein_coding	0	0	0	0.0000	0.0000	0.0000
ENSG00000233025.1	CRYZP1	processed_pseudogene	19	11	8	1.1378	0.2822	0.3051
ENSG00000233026.1	MTCO1P5	processed_pseudogene	0	0	0	0.0000	0.0000	0.0000
ENSG00000233028.1	AC006970.1	processed_pseudogene	48	22	26	3.4943	0.8666	0.9369
ENSG00000233029.3	AC244453.2	lncRNA	3	4	3	0.0480	0.0119	0.0129
ENSG00000233030.2	AC243772.2	lncRNA	18	18	14	0.2881	0.0714	0.0773
ENSG00000233031.1	AC125238.1	processed_pseudogene	0	0	0	0.0000	0.0000	0.0000
ENSG00000233033.1	CASK-AS1	lncRNA	16	1038	1033	1.7619	0.4369	0.4724
ENSG00000233036.1	KRTAP8-2P	unprocessed_pseudogene	0	0	0	0.0000	0.0000	0.0000
ENSG00000233037.2	AC009237.5	processed_pseudogene	0	0	0	0.0000	0.0000	0.0000
ENSG00000233038.6	PTPRN2-AS1	lncRNA	14	9	5	0.5022	0.1245	0.1347
ENSG00000233039.1	MTND5P30	processed_pseudogene	0	0	0	0.0000	0.0000	0.0000
ENSG00000233040.2	FAM204BP	processed_pseudogene	0	0	0	0.0000	0.0000	0.0000
ENSG00000233041.8	PHGR1	protein_coding	2	2	0	0.1205	0.0299	0.0323
ENSG00000233044.1	AL049820.1	lncRNA	0	0	0	0.0000	0.0000	0.0000
ENSG00000233045.1	RPL15P5	processed_pseudogene	18	13	8	1.6025	0.3974	0.4297
ENSG00000233047.7	LINC01677	lncRNA	0	0	0	0.0000	0.0000	0.0000
ENSG00000233048.1	LINC01722	lncRNA	0	1	0	0.0000	0.0000	0.0000
ENSG00000233050.1	DEFB130B	protein_coding	0	0	0	0.0000	0.0000	0.0000
ENSG00000233052.1	AL513304.1	lncRNA	2	2	0	0.3159	0.0783	0.0847
ENSG00000233055.1	AL353621.1	processed_pseudogene	0	0	0	0.0000	0.0000	0.0000
ENSG00000233056.3	ERVH48-1	protein_coding	18	12	6	0.3659	0.0907	0.0981
ENSG00000233057.1	EEF1A1P14	processed_pseudogene	6	3	3	0.2473	0.0613	0.0663
ENSG00000233058.2	LINC00884	lncRNA	151	83	83	0.9087	0.2253	0.2436
ENSG00000233060.1	AC016700.1	lncRNA	0	0	0	0.0000	0.0000	0.0000
ENSG00000233061.1	TTLL7-IT1	lncRNA	0	0	0	0.0000	0.0000	0.0000
ENSG00000233063.2	SAR1AP4	processed_pseudogene	0	0	0	0.0000	0.0000	0.0000
ENSG00000233064.2	AL136307.1	lncRNA	0	0	0	0.0000	0.0000	0.0000
ENSG00000233067.4	PTCHD1-AS	lncRNA	0	10	16	0.0000	0.0000	0.0000
ENSG00000233068.3	AL391422.2	lncRNA	0	0	0	0.0000	0.0000	0.0000
ENSG00000233069.1	AL663074.1	lncRNA	1	0	1	0.1897	0.0470	0.0509
ENSG00000233070.1	ZFY-AS1	lncRNA	0	0	0	0.0000	0.0000	0.0000
ENSG00000233071.3	RPSAP59	processed_pseudogene	0	0	0	0.0000	0.0000	0.0000
ENSG00000233072.1	RPS15AP6	processed_pseudogene	2	2	0	0.2946	0.0731	0.0790
ENSG00000233073.2	GRM3-AS1	lncRNA	1	1	1	0.0150	0.0037	0.0040
ENSG00000233077.1	LINC01271	lncRNA	1	17	13	0.0252	0.0063	0.0068
ENSG00000233078.1	AL355994.3	lncRNA	0	127	111	0.0000	0.0000	0.0000
ENSG00000233079.3	LINC01755	lncRNA	1	0	1	0.0167	0.0041	0.0045
ENSG00000233080.3	LINC01399	transcribed_processed_pseudogene	0	0	0	0.0000	0.0000	0.0000
ENSG00000233081.1	AL353764.1	lncRNA	19	11	8	2.2732	0.5637	0.6095
ENSG00000233082.1	AC073094.1	lncRNA	0	0	0	0.0000	0.0000	0.0000
ENSG00000233083.1	FTH1P6	processed_pseudogene	0	0	0	0.0000	0.0000	0.0000
ENSG00000233084.2	RPL23AP25	processed_pseudogene	7	2	5	0.8574	0.2126	0.2299
ENSG00000233085.5	BX322234.2	lncRNA	2	1	1	0.1520	0.0377	0.0408
ENSG00000233086.8	LNCARSR	lncRNA	1	1	0	0.0133	0.0033	0.0036
ENSG00000233087.7	RAB6D	protein_coding	6	5	2	0.1122	0.0278	0.0301
ENSG00000233090.1	AC015922.1	unprocessed_pseudogene	4	1	3	1.2328	0.3057	0.3306
ENSG00000233093.6	LINC00892	lncRNA	4	2	2	0.1180	0.0293	0.0316
ENSG00000233096.1	AC099541.1	lncRNA	0	0	0	0.0000	0.0000	0.0000
ENSG00000233098.9	CCDC144NL-AS1	lncRNA	218	719	774	0.9288	0.2303	0.2490
ENSG00000233099.1	AC095030.1	lncRNA	0	0	0	0.0000	0.0000	0.0000
ENSG00000233101.10	HOXB-AS3	lncRNA	22	76	90	0.6522	0.1617	0.1749
ENSG00000233103.1	AL133329.1	lncRNA	0	0	0	0.0000	0.0000	0.0000
ENSG00000233105.1	AC103563.5	unprocessed_pseudogene	0	0	0	0.0000	0.0000	0.0000
ENSG00000233106.1	RPL12P3	processed_pseudogene	0	0	0	0.0000	0.0000	0.0000
ENSG00000233107.1	SUCLA2P2	processed_pseudogene	0	0	0	0.0000	0.0000	0.0000
ENSG00000233108.1	GLCCI1-DT	lncRNA	0	19	17	0.0000	0.0000	0.0000
ENSG00000233109.4	AC013701.1	processed_pseudogene	0	0	0	0.0000	0.0000	0.0000
ENSG00000233110.1	AC093797.1	lncRNA	6	19	21	0.1902	0.0472	0.0510
ENSG00000233111.1	RAB1C	processed_pseudogene	4	3	1	0.3743	0.0928	0.1004
ENSG00000233114.2	AL358075.3	processed_pseudogene	1	0	1	0.2509	0.0622	0.0673
ENSG00000233115.4	FAM90A11P	unprocessed_pseudogene	0	0	0	0.0000	0.0000	0.0000
ENSG00000233117.4	LINC00702	lncRNA	670	328	342	3.0686	0.7610	0.8228
ENSG00000233118.2	UBE2V1P8	processed_pseudogene	0	0	0	0.0000	0.0000	0.0000
ENSG00000233120.1	USP9YP15	unprocessed_pseudogene	0	0	0	0.0000	0.0000	0.0000
ENSG00000233121.1	VN1R20P	unitary_pseudogene	4	3	1	0.2348	0.0582	0.0630
ENSG00000233122.2	CTAGE7P	processed_pseudogene	42	21	21	0.9778	0.2425	0.2622
ENSG00000233123.1	LINC01007	lncRNA	0	0	0	0.0000	0.0000	0.0000
ENSG00000233124.2	LINC00456	lncRNA	6	5	1	0.0725	0.0180	0.0194
ENSG00000233125.3	ACTBP12	processed_pseudogene	0	0	0	0.0000	0.0000	0.0000
ENSG00000233126.3	ZNF736P3Y	processed_pseudogene	0	0	0	0.0000	0.0000	0.0000
ENSG00000233128.2	LINC01794	lncRNA	0	0	0	0.0000	0.0000	0.0000
ENSG00000233129.1	AL117351.1	processed_pseudogene	0	0	0	0.0000	0.0000	0.0000
ENSG00000233131.1	RPS15AP14	processed_pseudogene	6	3	3	0.8658	0.2147	0.2322
ENSG00000233132.4	FAM90A3P	unprocessed_pseudogene	0	0	0	0.0000	0.0000	0.0000
ENSG00000233133.1	AC104451.1	unprocessed_pseudogene	0	0	0	0.0000	0.0000	0.0000
ENSG00000233134.1	MTND3P17	unprocessed_pseudogene	0	0	0	0.0000	0.0000	0.0000
ENSG00000233135.1	RPS27P18	unprocessed_pseudogene	0	0	0	0.0000	0.0000	0.0000
ENSG00000233136.3	USP17L11	protein_coding	0	0	0	0.0000	0.0000	0.0000
ENSG00000233138.1	AL023584.1	lncRNA	0	174	162	0.0000	0.0000	0.0000
ENSG00000233139.1	AC244636.2	processed_pseudogene	0	0	0	0.0000	0.0000	0.0000
ENSG00000233143.2	DIRC3-AS1	lncRNA	8	14	10	0.0513	0.0127	0.0138
ENSG00000233144.1	AL512656.1	lncRNA	3	1564	1614	0.4243	0.1052	0.1138
ENSG00000233145.1	AL589987.2	lncRNA	0	0	0	0.0000	0.0000	0.0000
ENSG00000233146.1	BPIFB5P	unitary_pseudogene	0	0	0	0.0000	0.0000	0.0000
ENSG00000233148.2	SYF2P2	processed_pseudogene	0	0	0	0.0000	0.0000	0.0000
ENSG00000233153.6	UBE2E2-AS1	lncRNA	1	0	1	0.0711	0.0176	0.0191
ENSG00000233154.6	LINC01762	lncRNA	31	17	15	0.9994	0.2479	0.2680
ENSG00000233155.1	HMGA1P8	processed_pseudogene	7	6	1	1.2367	0.3067	0.3316
ENSG00000233156.1	HSFY8P	unprocessed_pseudogene	0	0	0	0.0000	0.0000	0.0000
ENSG00000233157.1	Z97055.1	processed_pseudogene	0	0	0	0.0000	0.0000	0.0000
ENSG00000233158.1	RPS24P6	processed_pseudogene	0	0	0	0.0000	0.0000	0.0000
ENSG00000233159.1	RPL31P16	processed_pseudogene	0	0	0	0.0000	0.0000	0.0000
ENSG00000233162.1	MORF4L1P6	processed_pseudogene	0	0	0	0.0000	0.0000	0.0000
ENSG00000233163.1	RPS12P17	processed_pseudogene	1	0	1	0.1504	0.0373	0.0403
ENSG00000233167.1	EEF1A1P26	processed_pseudogene	0	0	0	0.0000	0.0000	0.0000
ENSG00000233170.4	AC138356.2	processed_pseudogene	53	27	26	4.5062	1.1175	1.2083
ENSG00000233173.1	VN1R34P	unitary_pseudogene	0	0	0	0.0000	0.0000	0.0000
ENSG00000233175.2	AC008105.1	lncRNA	28	247	258	0.6925	0.1717	0.1857
ENSG00000233176.3	OR7E157P	unprocessed_pseudogene	0	0	0	0.0000	0.0000	0.0000
ENSG00000233178.7	AL161457.2	lncRNA	26	17	10	0.3680	0.0913	0.0987
ENSG00000233179.1	Z82249.1	lncRNA	0	0	0	0.0000	0.0000	0.0000
ENSG00000233183.3	AL138889.1	lncRNA	16	69	76	0.0622	0.0154	0.0167
ENSG00000233184.7	AC093157.1	lncRNA	168	91	109	0.9655	0.2394	0.2589
ENSG00000233186.2	KLF4P1	processed_pseudogene	0	0	0	0.0000	0.0000	0.0000
ENSG00000233189.1	RPL12P29	processed_pseudogene	0	0	0	0.0000	0.0000	0.0000
ENSG00000233190.1	RPS24P13	processed_pseudogene	0	0	0	0.0000	0.0000	0.0000
ENSG00000233191.2	AC006372.2	lncRNA	6	3	3	0.2151	0.0533	0.0577
ENSG00000233193.1	AC005324.1	lncRNA	0	0	0	0.0000	0.0000	0.0000
ENSG00000233196.2	AL096803.2	processed_pseudogene	1	0	1	0.0838	0.0208	0.0225
ENSG00000233197.1	TMEM256P1	processed_pseudogene	1	1	0	0.1668	0.0414	0.0447
ENSG00000233198.4	RNF224	protein_coding	79	33	46	2.8554	0.7081	0.7656
ENSG00000233200.1	LINC02634	lncRNA	0	0	0	0.0000	0.0000	0.0000
ENSG00000233203.6	DHCR24-DT	lncRNA	18	10	8	1.3344	0.3309	0.3578
ENSG00000233204.1	MAPRE1P3	processed_pseudogene	0	0	0	0.0000	0.0000	0.0000
ENSG00000233205.1	WBP1P2	processed_pseudogene	2	1	1	0.2656	0.0659	0.0712
ENSG00000233206.1	RPS3AP1	processed_pseudogene	0	0	0	0.0000	0.0000	0.0000
ENSG00000233208.6	LINC00642	lncRNA	0	0	1	0.0000	0.0000	0.0000
ENSG00000233211.2	GRPEL2P1	processed_pseudogene	0	0	0	0.0000	0.0000	0.0000
ENSG00000233213.1	KCNJ6-AS1	lncRNA	0	0	0	0.0000	0.0000	0.0000
ENSG00000233214.1	AC002511.2	lncRNA	1	1	0	0.1260	0.0313	0.0338
ENSG00000233215.6	LINC01687	lncRNA	8	4	5	0.1233	0.0306	0.0331
ENSG00000233216.1	AL357373.1	processed_pseudogene	1	1	0	0.1761	0.0437	0.0472
ENSG00000233217.2	MROH3P	transcribed_unitary_pseudogene	0	0	0	0.0000	0.0000	0.0000
ENSG00000233219.1	AC008080.3	lncRNA	2	0	2	0.2985	0.0740	0.0800
ENSG00000233220.3	LINC00167	lncRNA	7	5	3	0.2798	0.0694	0.0750
ENSG00000233221.7	AC133785.1	lncRNA	3	1	2	0.0434	0.0108	0.0116
ENSG00000233222.2	AL513523.3	lncRNA	0	45	37	0.0000	0.0000	0.0000
ENSG00000233223.3	AC016876.1	lncRNA	138	625	614	5.6710	1.4064	1.5206
ENSG00000233225.3	SSBL3P1	processed_pseudogene	31	18	19	1.5314	0.3798	0.4106
ENSG00000233228.1	LPCAT2BP	unitary_pseudogene	0	0	0	0.0000	0.0000	0.0000
ENSG00000233229.1	CNOT7P1	processed_pseudogene	0	0	0	0.0000	0.0000	0.0000
ENSG00000233230.1	AC079807.1	lncRNA	27	29	35	1.7887	0.4436	0.4796
ENSG00000233231.1	HNRNPA1P49	processed_pseudogene	12	6	6	0.7528	0.1867	0.2018
ENSG00000233232.7	NPIPB7	protein_coding	1	0	1	0.0334	0.0083	0.0090
ENSG00000233234.1	AL592464.2	lncRNA	0	0	0	0.0000	0.0000	0.0000
ENSG00000233235.1	BX119321.1	unprocessed_pseudogene	0	0	0	0.0000	0.0000	0.0000
ENSG00000233236.1	LINC02573	lncRNA	0	0	0	0.0000	0.0000	0.0000
ENSG00000233237.8	LINC00472	lncRNA	264	132	132	0.7533	0.1868	0.2020
ENSG00000233238.1	DEFA9P	unprocessed_pseudogene	0	0	0	0.0000	0.0000	0.0000
ENSG00000233242.3	AL512604.2	lncRNA	8	3	5	0.2099	0.0521	0.0563
ENSG00000233243.1	VKORC1P1	processed_pseudogene	0	0	0	0.0000	0.0000	0.0000
ENSG00000233246.1	PHC2-AS1	lncRNA	4	3	2	0.4629	0.1148	0.1241
ENSG00000233247.3	UBE2E4P	processed_pseudogene	6	5	1	0.6220	0.1543	0.1668
ENSG00000233248.1	MTND6P9	processed_pseudogene	0	0	0	0.0000	0.0000	0.0000
ENSG00000233250.1	AC233728.1	lncRNA	7	7	0	1.8210	0.4516	0.4883
ENSG00000233251.8	AC007743.1	lncRNA	84	41	50	1.0903	0.2704	0.2924
ENSG00000233252.1	CRIP1P1	processed_pseudogene	0	0	0	0.0000	0.0000	0.0000
ENSG00000233254.1	RPL21P134	processed_pseudogene	3	1	2	0.3522	0.0874	0.0944
ENSG00000233256.1	AL355870.1	lncRNA	7	3	4	0.8744	0.2168	0.2345
ENSG00000233258.1	AL390786.1	lncRNA	0	0	0	0.0000	0.0000	0.0000
ENSG00000233259.4	FABP3P2	processed_pseudogene	0	0	0	0.0000	0.0000	0.0000
ENSG00000233260.1	RPSAP63	processed_pseudogene	1	1	0	0.0639	0.0158	0.0171
ENSG00000233261.3	FAM238A	transcribed_unprocessed_pseudogene	0	0	0	0.0000	0.0000	0.0000
ENSG00000233262.1	AL356134.1	lncRNA	0	16	8	0.0000	0.0000	0.0000
ENSG00000233263.1	CAPZA1P4	processed_pseudogene	0	0	0	0.0000	0.0000	0.0000
ENSG00000233264.2	AC006042.2	processed_pseudogene	5	4	1	0.1930	0.0479	0.0518
ENSG00000233266.1	HMGB1P31	processed_pseudogene	33	14	19	4.3827	1.0869	1.1752
ENSG00000233268.3	AL691449.1	processed_pseudogene	0	0	0	0.0000	0.0000	0.0000
ENSG00000233270.1	SNRPEP4	processed_pseudogene	12	6	6	2.4391	0.6049	0.6540
ENSG00000233271.1	AL590440.1	lncRNA	0	112	122	0.0000	0.0000	0.0000
ENSG00000233272.1	PNPT1P2	processed_pseudogene	0	0	0	0.0000	0.0000	0.0000
ENSG00000233273.1	AMMECR1LP1	processed_pseudogene	2	1	1	0.1349	0.0334	0.0362
ENSG00000233275.1	AC009238.2	processed_pseudogene	0	0	0	0.0000	0.0000	0.0000
ENSG00000233276.7	GPX1	protein_coding	12386	6197	6190	593.7529	147.2447	159.2050
ENSG00000233277.1	LINC01728	lncRNA	0	0	0	0.0000	0.0000	0.0000
ENSG00000233278.1	RPS26P2	processed_pseudogene	0	0	0	0.0000	0.0000	0.0000
ENSG00000233285.1	MTCYBP10	unprocessed_pseudogene	0	0	0	0.0000	0.0000	0.0000
ENSG00000233286.1	MTND3P10	processed_pseudogene	5	4	1	0.8315	0.2062	0.2230
ENSG00000233287.1	AC009362.1	processed_pseudogene	0	0	0	0.0000	0.0000	0.0000
ENSG00000233288.2	AC092447.5	lncRNA	2	2	0	0.0232	0.0057	0.0062
ENSG00000233290.3	AL157944.1	lncRNA	0	0	0	0.0000	0.0000	0.0000
ENSG00000233291.1	RPL7AP61	processed_pseudogene	0	0	0	0.0000	0.0000	0.0000
ENSG00000233292.1	AL513533.1	processed_pseudogene	0	0	0	0.0000	0.0000	0.0000
ENSG00000233293.1	AL133343.2	lncRNA	1	0	1	0.1209	0.0300	0.0324
ENSG00000233295.3	FAM90A20P	unprocessed_pseudogene	3	3	0	0.1220	0.0302	0.0327
ENSG00000233296.2	TMEM18-DT	lncRNA	12	113	129	0.2327	0.0577	0.0624
ENSG00000233297.4	RASA4DP	unprocessed_pseudogene	7	6	1	0.3311	0.0821	0.0888
ENSG00000233299.1	HIGD1AP4	processed_pseudogene	0	0	0	0.0000	0.0000	0.0000
ENSG00000233300.1	EIF4A1P1	processed_pseudogene	0	0	0	0.0000	0.0000	0.0000
ENSG00000233301.1	OR4C14P	unprocessed_pseudogene	0	0	0	0.0000	0.0000	0.0000
ENSG00000233303.1	XXYLT1-AS1	lncRNA	0	0	0	0.0000	0.0000	0.0000
ENSG00000233304.7	LINC01346	lncRNA	0	0	0	0.0000	0.0000	0.0000
ENSG00000233306.2	TRGV2	TR_V_gene	2	1	1	0.2085	0.0517	0.0559
ENSG00000233307.1	SRSF3P6	processed_pseudogene	0	0	0	0.0000	0.0000	0.0000
ENSG00000233308.2	OSTN-AS1	lncRNA	0	0	0	0.0000	0.0000	0.0000
ENSG00000233309.1	RPS6P12	processed_pseudogene	6	3	3	0.4687	0.1162	0.1257
ENSG00000233311.1	MTCO1P54	processed_pseudogene	0	0	0	0.0000	0.0000	0.0000
ENSG00000233313.2	HMGA1P5	processed_pseudogene	0	0	0	0.0000	0.0000	0.0000
ENSG00000233316.4	DSCR10	lncRNA	0	0	0	0.0000	0.0000	0.0000
ENSG00000233318.2	RPL31P45	processed_pseudogene	0	0	0	0.0000	0.0000	0.0000
ENSG00000233319.1	PPIAP32	processed_pseudogene	0	0	0	0.0000	0.0000	0.0000
ENSG00000233321.2	LINC02669	lncRNA	29	18	11	0.2509	0.0622	0.0673
ENSG00000233324.1	EEF1A1P34	processed_pseudogene	1	1	0	0.0448	0.0111	0.0120
ENSG00000233325.3	MIPEPP3	transcribed_unprocessed_pseudogene	47	35	41	4.3199	1.0713	1.1583
ENSG00000233327.11	USP32P2	transcribed_unprocessed_pseudogene	14	6	8	0.1313	0.0325	0.0352
ENSG00000233328.3	PFN1P1	processed_pseudogene	6	3	3	0.8044	0.1995	0.2157
ENSG00000233329.1	RPS16P3	processed_pseudogene	0	0	0	0.0000	0.0000	0.0000
ENSG00000233330.1	AL078581.2	lncRNA	43	34	48	7.1721	1.7786	1.9231
ENSG00000233332.1	AL122008.3	lncRNA	0	0	0	0.0000	0.0000	0.0000
ENSG00000233333.2	RNFT1P2	processed_pseudogene	0	0	0	0.0000	0.0000	0.0000
ENSG00000233334.3	FAM53B-AS1	lncRNA	0	0	0	0.0000	0.0000	0.0000
ENSG00000233335.1	RPL36AP14	processed_pseudogene	0	0	0	0.0000	0.0000	0.0000
ENSG00000233336.1	AC245056.1	lncRNA	0	0	0	0.0000	0.0000	0.0000
ENSG00000233337.1	UBE2FP3	processed_pseudogene	33	19	14	3.5714	0.8857	0.9576
ENSG00000233338.1	TLR8-AS1	lncRNA	2	2	0	0.0841	0.0209	0.0225
ENSG00000233339.1	AC018878.1	lncRNA	2	1	1	0.2619	0.0650	0.0702
ENSG00000233340.1	AL139120.1	lncRNA	0	0	0	0.0000	0.0000	0.0000
ENSG00000233342.2	AL139393.2	lncRNA	3	1	2	0.1322	0.0328	0.0354
ENSG00000233343.1	ATP6V1G1P4	processed_pseudogene	1	0	1	0.1693	0.0420	0.0454
ENSG00000233347.1	ERP29P1	processed_pseudogene	2	2	0	0.1607	0.0398	0.0431
ENSG00000233349.1	LINC00333	lncRNA	0	0	0	0.0000	0.0000	0.0000
ENSG00000233351.1	AL356124.2	lncRNA	2	113	93	0.2901	0.0719	0.0778
ENSG00000233352.1	AL035660.1	unprocessed_pseudogene	0	0	0	0.0000	0.0000	0.0000
ENSG00000233353.1	RPS7P9	processed_pseudogene	0	0	0	0.0000	0.0000	0.0000
ENSG00000233354.1	LINC00028	lncRNA	3	1	2	0.2898	0.0719	0.0777
ENSG00000233355.7	CHRM3-AS2	lncRNA	0	0	0	0.0000	0.0000	0.0000
ENSG00000233357.2	RPL30P15	processed_pseudogene	0	0	0	0.0000	0.0000	0.0000
ENSG00000233358.2	AL035401.1	lncRNA	0	0	0	0.0000	0.0000	0.0000
ENSG00000233359.2	AC114485.1	lncRNA	0	0	0	0.0000	0.0000	0.0000
ENSG00000233360.4	PDXP-DT	lncRNA	3	354	316	0.0875	0.0217	0.0235
ENSG00000233363.1	AC006019.2	lncRNA	0	0	0	0.0000	0.0000	0.0000
ENSG00000233365.2	AL121956.1	lncRNA	0	0	0	0.0000	0.0000	0.0000
ENSG00000233366.1	ZNF90P2	processed_pseudogene	0	0	0	0.0000	0.0000	0.0000
ENSG00000233367.1	AL133480.1	lncRNA	0	0	0	0.0000	0.0000	0.0000
ENSG00000233369.7	GTF2IP4	transcribed_processed_pseudogene	757	382	375	11.8951	2.9499	3.1895
ENSG00000233370.1	ACTR1AP1	processed_pseudogene	0	0	0	0.0000	0.0000	0.0000
ENSG00000233372.1	AL137076.1	lncRNA	0	0	0	0.0000	0.0000	0.0000
ENSG00000233376.1	AL117382.2	lncRNA	0	0	0	0.0000	0.0000	0.0000
ENSG00000233377.1	MTND4P20	processed_pseudogene	0	0	0	0.0000	0.0000	0.0000
ENSG00000233378.1	USP9YP34	unprocessed_pseudogene	0	0	0	0.0000	0.0000	0.0000
ENSG00000233379.2	AL139002.1	lncRNA	0	0	0	0.0000	0.0000	0.0000
ENSG00000233380.1	RPS2P48	processed_pseudogene	7	4	3	0.4501	0.1116	0.1207
ENSG00000233381.3	AK4P3	processed_pseudogene	6	3	4	0.5086	0.1261	0.1364
ENSG00000233382.7	NKAPP1	transcribed_processed_pseudogene	86	47	40	1.2674	0.3143	0.3398
ENSG00000233383.1	AC073089.1	processed_pseudogene	0	0	0	0.0000	0.0000	0.0000
ENSG00000233384.3	CNIH3-AS2	lncRNA	11	4	7	0.1509	0.0374	0.0405
ENSG00000233385.1	MTCO3P8	unprocessed_pseudogene	0	0	0	0.0000	0.0000	0.0000
ENSG00000233387.1	IATPR	lncRNA	0	0	0	0.0000	0.0000	0.0000
ENSG00000233388.2	AL022334.1	processed_pseudogene	4	2	2	0.1314	0.0326	0.0352
ENSG00000233392.5	UICLM	lncRNA	0	0	0	0.0000	0.0000	0.0000
ENSG00000233393.1	AP000688.2	lncRNA	1	0	1	0.0243	0.0060	0.0065
ENSG00000233395.2	LINC00841	lncRNA	6	5	1	0.0681	0.0169	0.0183
ENSG00000233396.8	LINC01719	lncRNA	54	29	25	0.6637	0.1646	0.1780
ENSG00000233397.3	AC008063.1	lncRNA	1	1	0	0.0491	0.0122	0.0132
ENSG00000233399.2	LINC01648	lncRNA	3	2	1	0.1120	0.0278	0.0300
ENSG00000233401.1	PRKAR1AP1	processed_pseudogene	2	0	2	0.0976	0.0242	0.0262
ENSG00000233402.1	TARDBPP1	processed_pseudogene	0	0	0	0.0000	0.0000	0.0000
ENSG00000233403.1	AC121342.1	lncRNA	0	0	0	0.0000	0.0000	0.0000
ENSG00000233405.2	LINC01046	lncRNA	0	0	0	0.0000	0.0000	0.0000
ENSG00000233406.5	AL162430.1	processed_pseudogene	14	9	9	0.9126	0.2263	0.2447
ENSG00000233407.1	AL592182.1	lncRNA	0	0	0	0.0000	0.0000	0.0000
ENSG00000233408.1	AP000534.1	lncRNA	0	0	0	0.0000	0.0000	0.0000
ENSG00000233409.1	FANK1-AS1	lncRNA	1	1	0	0.1325	0.0329	0.0355
ENSG00000233410.1	LINC01222	lncRNA	0	0	0	0.0000	0.0000	0.0000
ENSG00000233411.1	AL359962.1	lncRNA	0	4	3	0.0000	0.0000	0.0000
ENSG00000233412.5	OR5H15	protein_coding	0	0	0	0.0000	0.0000	0.0000
ENSG00000233415.1	AL133419.1	lncRNA	0	0	0	0.0000	0.0000	0.0000
ENSG00000233416.1	RPS25P3	processed_pseudogene	4	4	0	0.6049	0.1500	0.1622
ENSG00000233417.2	AC004946.1	lncRNA	0	0	0	0.0000	0.0000	0.0000
ENSG00000233419.3	IFITM3P7	processed_pseudogene	0	0	0	0.0000	0.0000	0.0000
ENSG00000233420.2	AC002069.2	lncRNA	1	0	1	0.0138	0.0034	0.0037
ENSG00000233421.4	LINC01783	lncRNA	11	3	8	0.3016	0.0748	0.0809
ENSG00000233423.1	AC005482.1	lncRNA	0	0	0	0.0000	0.0000	0.0000
ENSG00000233424.2	BX664718.1	lncRNA	0	0	0	0.0000	0.0000	0.0000
ENSG00000233425.1	KRT18P67	processed_pseudogene	2	1	1	0.0897	0.0223	0.0241
ENSG00000233426.3	EIF3FP3	processed_pseudogene	168	79	89	8.7728	2.1756	2.3523
ENSG00000233427.1	AL009181.1	lncRNA	3	43	52	0.1568	0.0389	0.0420
ENSG00000233428.1	PPIAP65	processed_pseudogene	0	0	0	0.0000	0.0000	0.0000
ENSG00000233429.9	HOTAIRM1	lncRNA	39	16	26	1.4784	0.3666	0.3964
ENSG00000233430.3	AC239798.1	unprocessed_pseudogene	2	2	0	0.0964	0.0239	0.0259
ENSG00000233431.1	LINC02596	lncRNA	0	0	0	0.0000	0.0000	0.0000
ENSG00000233432.2	MTIF2P1	processed_pseudogene	2	0	2	0.0733	0.0182	0.0196
ENSG00000233433.1	AC006144.1	processed_pseudogene	0	0	0	0.0000	0.0000	0.0000
ENSG00000233435.2	AGGF1P2	processed_pseudogene	2	2	0	0.0539	0.0134	0.0144
ENSG00000233436.7	BTBD18	protein_coding	8	6	10	0.1423	0.0353	0.0382
ENSG00000233437.1	AC118758.1	transcribed_unprocessed_pseudogene	0	0	0	0.0000	0.0000	0.0000
ENSG00000233440.2	HMGA1P6	processed_pseudogene	0	0	0	0.0000	0.0000	0.0000
ENSG00000233441.6	CYP2AB1P	transcribed_unitary_pseudogene	1	0	1	0.0310	0.0077	0.0083
ENSG00000233442.2	PPP6R2P1	unprocessed_pseudogene	0	0	0	0.0000	0.0000	0.0000
ENSG00000233444.1	AC013262.1	processed_pseudogene	1	0	1	0.2250	0.0558	0.0603
ENSG00000233445.1	RPL17P11	processed_pseudogene	0	0	0	0.0000	0.0000	0.0000
ENSG00000233446.2	PDK1P2	processed_pseudogene	0	0	0	0.0000	0.0000	0.0000
ENSG00000233447.1	AC103563.6	unprocessed_pseudogene	0	0	0	0.0000	0.0000	0.0000
ENSG00000233448.2	PMS2P9	transcribed_unprocessed_pseudogene	0	0	0	0.0000	0.0000	0.0000
ENSG00000233449.1	MTATP6P14	processed_pseudogene	0	0	0	0.0000	0.0000	0.0000
ENSG00000233451.1	AL513128.1	lncRNA	0	0	0	0.0000	0.0000	0.0000
ENSG00000233452.7	STXBP5-AS1	lncRNA	46	46	50	0.2010	0.0498	0.0539
ENSG00000233454.1	AC069285.3	unprocessed_pseudogene	0	0	0	0.0000	0.0000	0.0000
ENSG00000233455.2	AL035414.1	processed_pseudogene	0	0	0	0.0000	0.0000	0.0000
ENSG00000233456.1	LINC01077	lncRNA	0	0	0	0.0000	0.0000	0.0000
ENSG00000233457.1	AL353705.2	processed_pseudogene	0	0	0	0.0000	0.0000	0.0000
ENSG00000233459.1	AC125238.2	processed_pseudogene	0	0	0	0.0000	0.0000	0.0000
ENSG00000233460.1	RPL35AP31	processed_pseudogene	0	0	0	0.0000	0.0000	0.0000
ENSG00000233461.6	AL445524.1	lncRNA	56	26	31	0.7101	0.1761	0.1904
ENSG00000233464.2	NANOGP11	lncRNA	0	0	0	0.0000	0.0000	0.0000
ENSG00000233467.2	U40455.1	processed_pseudogene	0	1	0	0.0000	0.0000	0.0000
ENSG00000233469.1	ST6GALNAC4P1	processed_pseudogene	4	2	2	0.4546	0.1127	0.1219
ENSG00000233470.1	AL360175.1	lncRNA	0	0	0	0.0000	0.0000	0.0000
ENSG00000233471.2	KRT18P62	processed_pseudogene	2	2	1	0.0881	0.0219	0.0236
ENSG00000233472.1	AL390866.1	lncRNA	0	0	0	0.0000	0.0000	0.0000
ENSG00000233473.2	RAD1P2	processed_pseudogene	1	0	1	0.0855	0.0212	0.0229
ENSG00000233476.3	EEF1A1P6	processed_pseudogene	312	156	158	12.7843	3.1704	3.4279
ENSG00000233477.1	PPIAP38	processed_pseudogene	0	0	0	0.0000	0.0000	0.0000
ENSG00000233478.1	AL031280.1	lncRNA	2	0	2	0.0510	0.0126	0.0137
ENSG00000233479.1	AC017074.2	lncRNA	1	0	1	0.0934	0.0232	0.0251
ENSG00000233480.2	LINC01683	lncRNA	0	0	0	0.0000	0.0000	0.0000
ENSG00000233482.1	AC093579.1	lncRNA	0	0	0	0.0000	0.0000	0.0000
ENSG00000233483.3	AC008105.2	transcribed_unitary_pseudogene	57	137	134	1.9603	0.4861	0.5256
ENSG00000233484.2	AL450471.1	transcribed_processed_pseudogene	0	0	0	0.0000	0.0000	0.0000
ENSG00000233485.1	FHAD1-AS1	lncRNA	1	75	81	0.0183	0.0045	0.0049
ENSG00000233487.6	RPSAP69	transcribed_processed_pseudogene	15	8	7	0.7154	0.1774	0.1918
ENSG00000233489.1	PAXBP1P1	processed_pseudogene	0	0	0	0.0000	0.0000	0.0000
ENSG00000233491.8	AC008163.1	transcribed_unitary_pseudogene	0	0	0	0.0000	0.0000	0.0000
ENSG00000233492.2	AL133325.2	lncRNA	0	0	0	0.0000	0.0000	0.0000
ENSG00000233493.4	TMEM238	protein_coding	111	65	46	9.0573	2.2461	2.4286
ENSG00000233494.1	AC009963.2	processed_pseudogene	0	0	0	0.0000	0.0000	0.0000
ENSG00000233496.1	SYNJ2-IT1	lncRNA	0	0	0	0.0000	0.0000	0.0000
ENSG00000233497.4	HNRNPA1P60	processed_pseudogene	1	1	0	0.0596	0.0148	0.0160
ENSG00000233499.1	OR5B1P	unprocessed_pseudogene	0	0	0	0.0000	0.0000	0.0000
ENSG00000233502.1	AC104794.2	lncRNA	0	0	0	0.0000	0.0000	0.0000
ENSG00000233503.1	HNRNPLP1	processed_pseudogene	1	1	0	0.0378	0.0094	0.0101
ENSG00000233508.3	AL021395.1	lncRNA	1196	577	619	27.7517	6.8821	7.4412
ENSG00000233509.2	ZNF197-AS1	lncRNA	6	3	3	0.5462	0.1354	0.1464
ENSG00000233511.1	Z98742.2	processed_pseudogene	0	0	0	0.0000	0.0000	0.0000
ENSG00000233514.1	AL356653.1	processed_pseudogene	1	1	0	0.1575	0.0391	0.0422
ENSG00000233515.2	LINC01518	lncRNA	3	2	1	0.0681	0.0169	0.0183
ENSG00000233516.1	AL445644.1	lncRNA	0	0	0	0.0000	0.0000	0.0000
ENSG00000233517.1	AC005162.1	lncRNA	8	5	3	0.7849	0.1947	0.2105
ENSG00000233518.1	RPL7P35	processed_pseudogene	0	0	0	0.0000	0.0000	0.0000
ENSG00000233519.1	AL590490.1	lncRNA	0	0	0	0.0000	0.0000	0.0000
ENSG00000233521.7	LINC01638	lncRNA	37	21	16	1.6509	0.4094	0.4427
ENSG00000233522.1	FAM224A	lncRNA	0	0	0	0.0000	0.0000	0.0000
ENSG00000233523.1	PHBP5	processed_pseudogene	0	0	0	0.0000	0.0000	0.0000
ENSG00000233524.1	RANP8	processed_pseudogene	4	3	1	0.3181	0.0789	0.0853
ENSG00000233526.1	RFC5P1	processed_pseudogene	0	0	0	0.0000	0.0000	0.0000
ENSG00000233527.9	ZNF529-AS1	lncRNA	173	126	147	2.6828	0.6653	0.7193
ENSG00000233528.4	LINC00430	lncRNA	0	0	0	0.0000	0.0000	0.0000
ENSG00000233529.1	HCG21	lncRNA	0	0	0	0.0000	0.0000	0.0000
ENSG00000233531.1	DEFA10P	unprocessed_pseudogene	0	0	0	0.0000	0.0000	0.0000
ENSG00000233532.6	LINC00460	lncRNA	13	5	8	0.1742	0.0432	0.0467
ENSG00000233533.1	MKNK2P1	processed_pseudogene	0	0	0	0.0000	0.0000	0.0000
ENSG00000233534.3	AL035604.1	lncRNA	0	0	0	0.0000	0.0000	0.0000
ENSG00000233535.1	AC003035.2	lncRNA	1	0	1	0.0815	0.0202	0.0218
ENSG00000233536.2	AP000943.1	lncRNA	0	0	0	0.0000	0.0000	0.0000
ENSG00000233537.1	TEDDM2P	unitary_pseudogene	0	0	0	0.0000	0.0000	0.0000
ENSG00000233538.1	AC017104.2	lncRNA	0	0	0	0.0000	0.0000	0.0000
ENSG00000233539.5	AC011294.1	lncRNA	1	1	0	0.0203	0.0050	0.0054
ENSG00000233540.1	DNM3-IT1	lncRNA	1	1	0	0.1432	0.0355	0.0384
ENSG00000233541.4	RPL31P47	processed_pseudogene	0	0	0	0.0000	0.0000	0.0000
ENSG00000233542.2	AL391845.2	lncRNA	11	4	7	0.3024	0.0750	0.0811
ENSG00000233543.1	CHTF8P1	processed_pseudogene	0	0	0	0.0000	0.0000	0.0000
ENSG00000233544.1	EIF3KP2	processed_pseudogene	0	0	0	0.0000	0.0000	0.0000
ENSG00000233545.1	CYCSP33	processed_pseudogene	0	0	0	0.0000	0.0000	0.0000
ENSG00000233546.1	PRYP5	unprocessed_pseudogene	0	0	0	0.0000	0.0000	0.0000
ENSG00000233547.1	AL158212.2	lncRNA	0	33	45	0.0000	0.0000	0.0000
ENSG00000233548.1	CYCSP44	processed_pseudogene	0	0	0	0.0000	0.0000	0.0000
ENSG00000233549.2	CYCSP35	processed_pseudogene	0	0	0	0.0000	0.0000	0.0000
ENSG00000233550.1	MTCYBP8	unprocessed_pseudogene	0	0	0	0.0000	0.0000	0.0000
ENSG00000233551.2	LSM1P1	processed_pseudogene	0	0	0	0.0000	0.0000	0.0000
ENSG00000233553.1	AC108462.1	lncRNA	0	0	0	0.0000	0.0000	0.0000
ENSG00000233554.6	B4GALT1-AS1	lncRNA	14	33	22	0.2070	0.0513	0.0555
ENSG00000233555.2	AL591438.1	processed_pseudogene	0	0	0	0.0000	0.0000	0.0000
ENSG00000233557.2	NFU1P2	processed_pseudogene	0	0	0	0.0000	0.0000	0.0000
ENSG00000233558.1	AL050331.1	processed_pseudogene	0	24	20	0.0000	0.0000	0.0000
ENSG00000233559.2	LINC00513	lncRNA	29	15	17	0.6898	0.1711	0.1850
ENSG00000233560.2	KRT8P39	processed_pseudogene	1	1	0	0.0396	0.0098	0.0106
ENSG00000233562.1	RPS3AP8	processed_pseudogene	1	0	1	0.0829	0.0206	0.0222
ENSG00000233563.1	OR52E7P	unprocessed_pseudogene	0	0	0	0.0000	0.0000	0.0000
ENSG00000233565.1	AC007690.1	processed_pseudogene	0	0	0	0.0000	0.0000	0.0000
ENSG00000233569.2	AL161630.1	lncRNA	0	0	0	0.0000	0.0000	0.0000
ENSG00000233570.2	LINC00690	lncRNA	0	0	0	0.0000	0.0000	0.0000
ENSG00000233571.1	AL592043.1	lncRNA	0	0	0	0.0000	0.0000	0.0000
ENSG00000233574.1	AL020994.3	lncRNA	17	10	7	3.5185	0.8726	0.9434
ENSG00000233575.2	AL358934.1	processed_pseudogene	0	0	0	0.0000	0.0000	0.0000
ENSG00000233576.1	HTR3C2P	unprocessed_pseudogene	0	0	0	0.0000	0.0000	0.0000
ENSG00000233577.6	AL022332.1	lncRNA	0	0	0	0.0000	0.0000	0.0000
ENSG00000233578.1	EIF4EP1	processed_pseudogene	4	0	4	0.3533	0.0876	0.0947
ENSG00000233579.1	KRT8P15	processed_pseudogene	0	0	0	0.0000	0.0000	0.0000
ENSG00000233581.1	AC069155.1	lncRNA	0	1	0	0.0000	0.0000	0.0000
ENSG00000233583.1	AL356273.1	processed_pseudogene	0	0	0	0.0000	0.0000	0.0000
ENSG00000233585.2	AC231533.2	transcribed_processed_pseudogene	8	4	5	0.3419	0.0848	0.0917
ENSG00000233586.1	AC246785.2	processed_pseudogene	0	2	0	0.0000	0.0000	0.0000
ENSG00000233587.2	LINC01884	lncRNA	0	0	0	0.0000	0.0000	0.0000
ENSG00000233588.1	CYP51A1P2	processed_pseudogene	10	6	4	0.3783	0.0938	0.1014
ENSG00000233589.1	AL138789.1	lncRNA	1	18	24	0.0591	0.0146	0.0158
ENSG00000233590.1	LINC02640	lncRNA	0	0	0	0.0000	0.0000	0.0000
ENSG00000233593.10	LINC02609	lncRNA	162	88	74	0.6400	0.1587	0.1716
ENSG00000233594.2	BTF3P5	processed_pseudogene	4	1	3	0.4857	0.1205	0.1302
ENSG00000233595.2	MTND2P29	processed_pseudogene	0	0	0	0.0000	0.0000	0.0000
ENSG00000233597.3	AC133435.1	processed_pseudogene	3	2	1	0.2954	0.0732	0.0792
ENSG00000233601.1	NCOR1P3	unprocessed_pseudogene	0	0	0	0.0000	0.0000	0.0000
ENSG00000233602.1	ERI3-IT1	lncRNA	5	3	2	0.4581	0.1136	0.1228
ENSG00000233603.1	JTBP1	processed_pseudogene	3	1	2	0.6888	0.1708	0.1847
ENSG00000233605.3	LINC01851	lncRNA	0	0	0	0.0000	0.0000	0.0000
ENSG00000233606.2	OR6C66P	transcribed_unprocessed_pseudogene	0	0	0	0.0000	0.0000	0.0000
ENSG00000233607.1	LINC01392	lncRNA	0	0	0	0.0000	0.0000	0.0000
ENSG00000233608.4	TWIST2	protein_coding	382	188	194	11.5908	2.8744	3.1079
ENSG00000233609.3	RPL10P19	transcribed_processed_pseudogene	3	0	3	0.1180	0.0293	0.0316
ENSG00000233610.1	LINC00462	lncRNA	0	0	0	0.0000	0.0000	0.0000
ENSG00000233611.3	AC019068.1	lncRNA	0	0	0	0.0000	0.0000	0.0000
ENSG00000233613.5	DCUN1D2-AS	lncRNA	6	3	3	0.9122	0.2262	0.2446
ENSG00000233614.6	DDX11L10	transcribed_unprocessed_pseudogene	6	4	2	0.1975	0.0490	0.0530
ENSG00000233615.1	HNRNPA1P42	processed_pseudogene	0	0	0	0.0000	0.0000	0.0000
ENSG00000233616.2	AL359636.1	lncRNA	0	0	0	0.0000	0.0000	0.0000
ENSG00000233619.1	AC006328.1	processed_pseudogene	0	0	0	0.0000	0.0000	0.0000
ENSG00000233620.5	USH2A-AS2	lncRNA	0	0	0	0.0000	0.0000	0.0000
ENSG00000233621.2	LINC01137	lncRNA	386	190	196	7.2508	1.7981	1.9442
ENSG00000233622.3	CYP2T1P	transcribed_unitary_pseudogene	2674	1359	1319	52.8187	13.0985	14.1625
ENSG00000233623.2	PGAM1P11	processed_pseudogene	4	1	3	0.3336	0.0827	0.0894
ENSG00000233625.1	AL035045.1	lncRNA	0	0	0	0.0000	0.0000	0.0000
ENSG00000233626.2	AC092814.2	processed_pseudogene	7	3	4	1.0284	0.2550	0.2758
ENSG00000233627.2	C4A-AS1	lncRNA	0	4	2	0.0000	0.0000	0.0000
ENSG00000233632.1	Z82198.3	processed_pseudogene	0	0	0	0.0000	0.0000	0.0000
ENSG00000233633.2	AC093326.1	lncRNA	1	1	0	0.0159	0.0039	0.0043
ENSG00000233634.1	GOT2P5	processed_pseudogene	0	0	0	0.0000	0.0000	0.0000
ENSG00000233635.2	AC015923.1	lncRNA	7	126	128	0.6051	0.1501	0.1623
ENSG00000233639.7	PANTR1	lncRNA	0	0	0	0.0000	0.0000	0.0000
ENSG00000233640.2	KRTAP13-5P	unprocessed_pseudogene	0	0	0	0.0000	0.0000	0.0000
ENSG00000233642.1	GPR158-AS1	lncRNA	0	0	0	0.0000	0.0000	0.0000
ENSG00000233643.2	LINC02625	lncRNA	6	1	5	0.6672	0.1655	0.1789
ENSG00000233644.1	ARHGEF7-IT1	lncRNA	1	2	0	0.0705	0.0175	0.0189
ENSG00000233645.1	AL358876.2	lncRNA	1	0	1	0.1189	0.0295	0.0319
ENSG00000233646.1	OR52T1P	unprocessed_pseudogene	0	0	0	0.0000	0.0000	0.0000
ENSG00000233647.2	NENFP1	processed_pseudogene	0	0	0	0.0000	0.0000	0.0000
ENSG00000233648.1	AC010095.1	processed_pseudogene	0	0	0	0.0000	0.0000	0.0000
ENSG00000233651.2	AL590399.5	lncRNA	0	0	0	0.0000	0.0000	0.0000
ENSG00000233652.1	CICP1	processed_pseudogene	0	0	0	0.0000	0.0000	0.0000
ENSG00000233653.3	CICP7	processed_pseudogene	0	0	1	0.0000	0.0000	0.0000
ENSG00000233654.2	AC108047.1	lncRNA	41	24	17	1.1189	0.2775	0.3000
ENSG00000233655.1	IGHD4-4	IG_D_gene	0	0	0	0.0000	0.0000	0.0000
ENSG00000233656.2	AL445430.1	lncRNA	0	0	0	0.0000	0.0000	0.0000
ENSG00000233659.1	NDUFA5P4	processed_pseudogene	0	0	0	0.0000	0.0000	0.0000
ENSG00000233661.1	SPIN4-AS1	lncRNA	1	19	25	0.1331	0.0330	0.0357
ENSG00000233662.1	CALM2P4	processed_pseudogene	0	0	0	0.0000	0.0000	0.0000
ENSG00000233663.1	AL161722.1	processed_pseudogene	0	0	0	0.0000	0.0000	0.0000
ENSG00000233664.1	NDUFS5P3	processed_pseudogene	0	0	0	0.0000	0.0000	0.0000
ENSG00000233665.8	AC060234.2	lncRNA	2	27	30	0.0583	0.0145	0.0156
ENSG00000233668.1	AL353662.1	processed_pseudogene	8	4	4	0.7034	0.1744	0.1886
ENSG00000233670.7	PIRT	protein_coding	2	1	1	0.0328	0.0081	0.0088
ENSG00000233671.1	CENPNP1	processed_pseudogene	0	0	0	0.0000	0.0000	0.0000
ENSG00000233672.9	RNASEH2B-AS1	lncRNA	63	43	28	0.3675	0.0911	0.0985
ENSG00000233673.7	ANAPC1P1	transcribed_unprocessed_pseudogene	5	4	2	0.1111	0.0275	0.0298
ENSG00000233674.2	AL451062.1	processed_pseudogene	0	0	0	0.0000	0.0000	0.0000
ENSG00000233676.2	FDPSP6	processed_pseudogene	0	0	0	0.0000	0.0000	0.0000
ENSG00000233677.1	DDX39BP1	unprocessed_pseudogene	0	0	0	0.0000	0.0000	0.0000
ENSG00000233680.4	HNRNPA1P27	processed_pseudogene	11	6	5	0.6532	0.1620	0.1751
ENSG00000233681.1	CEACAMP1	unprocessed_pseudogene	0	0	0	0.0000	0.0000	0.0000
ENSG00000233682.3	AL356417.2	lncRNA	70	34	37	4.8293	1.1976	1.2949
ENSG00000233683.1	AC004965.1	processed_pseudogene	0	0	0	0.0000	0.0000	0.0000
ENSG00000233684.2	LINC01865	lncRNA	0	0	0	0.0000	0.0000	0.0000
ENSG00000233685.1	OR6L1P	unprocessed_pseudogene	0	0	0	0.0000	0.0000	0.0000
ENSG00000233686.3	PIEZO1P1	processed_pseudogene	0	0	0	0.0000	0.0000	0.0000
ENSG00000233688.1	BX842559.2	processed_pseudogene	0	0	0	0.0000	0.0000	0.0000
ENSG00000233689.2	AC104688.1	lncRNA	0	0	0	0.0000	0.0000	0.0000
ENSG00000233690.1	EBAG9P1	processed_pseudogene	27	16	11	2.8198	0.6993	0.7561
ENSG00000233691.2	AL354714.4	processed_pseudogene	0	0	0	0.0000	0.0000	0.0000
ENSG00000233693.1	PBX1-AS1	lncRNA	1	1	0	0.0289	0.0072	0.0077
ENSG00000233694.6	LINC02579	lncRNA	0	0	0	0.0000	0.0000	0.0000
ENSG00000233695.2	GAS6-AS1	lncRNA	53	2005	2117	0.4193	0.1040	0.1124
ENSG00000233699.2	TTTY18	lncRNA	0	0	0	0.0000	0.0000	0.0000
ENSG00000233701.3	PRR23C	protein_coding	0	0	0	0.0000	0.0000	0.0000
ENSG00000233702.1	RPL37P13	processed_pseudogene	0	0	0	0.0000	0.0000	0.0000
ENSG00000233703.1	AC027673.1	processed_pseudogene	0	0	0	0.0000	0.0000	0.0000
ENSG00000233705.7	SLC26A4-AS1	lncRNA	8	5	8	0.0522	0.0129	0.0140
ENSG00000233706.1	AL353689.2	lncRNA	0	272	308	0.0000	0.0000	0.0000
ENSG00000233707.3	RPL22P11	processed_pseudogene	0	0	0	0.0000	0.0000	0.0000
ENSG00000233708.1	AL512353.2	processed_pseudogene	0	0	0	0.0000	0.0000	0.0000
ENSG00000233709.1	MTND4P28	processed_pseudogene	0	0	0	0.0000	0.0000	0.0000
ENSG00000233710.1	AL049564.1	processed_pseudogene	0	0	0	0.0000	0.0000	0.0000
ENSG00000233711.1	EIF4EBP2P1	processed_pseudogene	0	0	0	0.0000	0.0000	0.0000
ENSG00000233712.1	AL135929.1	unprocessed_pseudogene	0	0	0	0.0000	0.0000	0.0000
ENSG00000233713.2	AL161447.1	processed_pseudogene	0	0	0	0.0000	0.0000	0.0000
ENSG00000233714.1	AC012506.3	lncRNA	0	0	0	0.0000	0.0000	0.0000
ENSG00000233716.1	MTFR2P1	processed_pseudogene	1	0	1	0.0504	0.0125	0.0135
ENSG00000233717.1	RPS29P29	processed_pseudogene	1	1	0	0.3316	0.0822	0.0889
ENSG00000233718.8	MYCNOS	lncRNA	0	0	1	0.0000	0.0000	0.0000
ENSG00000233719.4	GOT2P3	transcribed_processed_pseudogene	2	0	2	0.0880	0.0218	0.0236
ENSG00000233720.1	AC245517.3	unprocessed_pseudogene	0	0	0	0.0000	0.0000	0.0000
ENSG00000233721.1	AL356309.2	lncRNA	0	0	0	0.0000	0.0000	0.0000
ENSG00000233723.9	LINC01122	lncRNA	12	11	16	0.0565	0.0140	0.0151
ENSG00000233724.1	AL513321.1	processed_pseudogene	1	0	1	0.0745	0.0185	0.0200
ENSG00000233725.7	NRAD1	lncRNA	12	4	8	0.1319	0.0327	0.0354
ENSG00000233727.1	AL162389.1	processed_pseudogene	0	0	0	0.0000	0.0000	0.0000
ENSG00000233728.1	AL929472.3	lncRNA	0	283	246	0.0000	0.0000	0.0000
ENSG00000233729.1	NCKAP5-AS1	lncRNA	5	2	3	0.1657	0.0411	0.0444
ENSG00000233730.1	LINC01765	lncRNA	0	0	0	0.0000	0.0000	0.0000
ENSG00000233732.5	IGHV3OR16-10	IG_V_gene	0	0	0	0.0000	0.0000	0.0000
ENSG00000233733.1	H2AZP6	processed_pseudogene	3	2	1	0.4318	0.1071	0.1158
ENSG00000233735.5	AL359918.2	lncRNA	0	0	1	0.0000	0.0000	0.0000
ENSG00000233737.3	AP003072.1	processed_pseudogene	0	0	0	0.0000	0.0000	0.0000
ENSG00000233739.1	AL031587.2	lncRNA	0	52	52	0.0000	0.0000	0.0000
ENSG00000233740.1	CICP2	processed_pseudogene	0	0	0	0.0000	0.0000	0.0000
ENSG00000233741.1	RPL27P7	processed_pseudogene	0	0	0	0.0000	0.0000	0.0000
ENSG00000233746.2	LINC00656	lncRNA	1	1	0	0.0297	0.0074	0.0080
ENSG00000233747.1	RPL36AP13	processed_pseudogene	1	0	1	0.1789	0.0444	0.0480
ENSG00000233750.3	CICP27	processed_pseudogene	2	2	1	0.0298	0.0074	0.0080
ENSG00000233751.1	RRAS2P2	processed_pseudogene	0	0	0	0.0000	0.0000	0.0000
ENSG00000233752.1	RPL21P36	processed_pseudogene	0	0	0	0.0000	0.0000	0.0000
ENSG00000233754.2	AP001628.2	lncRNA	0	0	0	0.0000	0.0000	0.0000
ENSG00000233755.1	AL050344.1	lncRNA	0	0	0	0.0000	0.0000	0.0000
ENSG00000233756.5	DSCAM-IT1	lncRNA	0	0	0	0.0000	0.0000	0.0000
ENSG00000233757.6	AC092835.1	protein_coding	53	20	33	1.3045	0.3235	0.3498
ENSG00000233760.2	AC004947.1	lncRNA	2	1	1	0.0333	0.0083	0.0089
ENSG00000233762.3	RPS15P4	processed_pseudogene	88	41	47	11.1644	2.7687	2.9935
ENSG00000233764.1	MTCO1P20	processed_pseudogene	0	0	0	0.0000	0.0000	0.0000
ENSG00000233765.1	CDRT15P12	unprocessed_pseudogene	4	3	1	0.3572	0.0886	0.0958
ENSG00000233766.7	CAVIN2-AS1	lncRNA	0	7	13	0.0000	0.0000	0.0000
ENSG00000233767.1	PSMA6P3	processed_pseudogene	0	0	0	0.0000	0.0000	0.0000
ENSG00000233771.2	CICP5	unprocessed_pseudogene	2	2	0	0.0512	0.0127	0.0137
ENSG00000233774.1	MED14P1	unprocessed_pseudogene	0	0	0	0.0000	0.0000	0.0000
ENSG00000233775.1	AL109945.1	lncRNA	3	3	0	0.2476	0.0614	0.0664
ENSG00000233776.5	LINC01251	lncRNA	0	0	0	0.0000	0.0000	0.0000
ENSG00000233778.3	AC104339.1	processed_pseudogene	0	0	0	0.0000	0.0000	0.0000
ENSG00000233780.3	HNRNPA1P30	transcribed_processed_pseudogene	2	0	2	0.0698	0.0173	0.0187
ENSG00000233782.1	ZNF90P3	processed_pseudogene	0	0	0	0.0000	0.0000	0.0000
ENSG00000233783.8	AP001442.1	lncRNA	7	1	6	0.1162	0.0288	0.0312
ENSG00000233785.1	AC131011.1	lncRNA	3	1	2	0.2532	0.0628	0.0679
ENSG00000233786.1	CDC27P1	processed_pseudogene	0	0	0	0.0000	0.0000	0.0000
ENSG00000233787.3	AC010374.1	processed_pseudogene	0	0	0	0.0000	0.0000	0.0000
ENSG00000233791.5	LINC01136	lncRNA	40	15	25	0.8324	0.2064	0.2232
ENSG00000233792.3	PUDPP2	transcribed_processed_pseudogene	0	0	1	0.0000	0.0000	0.0000
ENSG00000233797.2	UFL1-AS1	lncRNA	10	4	10	0.0862	0.0214	0.0231
ENSG00000233799.1	AC139887.1	lncRNA	3	21	24	0.5949	0.1475	0.1595
ENSG00000233802.8	TRIM49D2	protein_coding	0	0	0	0.0000	0.0000	0.0000
ENSG00000233803.9	TSPY4	protein_coding	0	0	0	0.0000	0.0000	0.0000
ENSG00000233805.1	AL365496.1	processed_pseudogene	0	0	0	0.0000	0.0000	0.0000
ENSG00000233806.7	LINC01237	lncRNA	102	50	53	3.6130	0.8960	0.9688
ENSG00000233807.1	AMZ2P3	processed_pseudogene	0	0	0	0.0000	0.0000	0.0000
ENSG00000233810.1	MOB1AP2	processed_pseudogene	0	0	0	0.0000	0.0000	0.0000
ENSG00000233814.1	H3P32	processed_pseudogene	0	0	0	0.0000	0.0000	0.0000
ENSG00000233816.3	IFNA13	protein_coding	0	0	0	0.0000	0.0000	0.0000
ENSG00000233817.1	AL162727.1	lncRNA	6	3	3	0.1118	0.0277	0.0300
ENSG00000233818.1	AP000695.2	lncRNA	73	41	45	3.5143	0.8715	0.9423
ENSG00000233819.1	LCEP1	unprocessed_pseudogene	0	0	0	0.0000	0.0000	0.0000
ENSG00000233820.2	AL589843.2	transcribed_processed_pseudogene	15	6	9	0.5717	0.1418	0.1533
ENSG00000233821.1	ENOX1-AS1	lncRNA	0	0	0	0.0000	0.0000	0.0000
ENSG00000233822.4	H2BC15	protein_coding	41	27	16	0.4245	0.1053	0.1138
ENSG00000233823.1	AL356311.1	lncRNA	20	6	14	4.3961	1.0902	1.1787
ENSG00000233824.2	AC003985.1	lncRNA	0	0	0	0.0000	0.0000	0.0000
ENSG00000233825.1	AL391839.2	lncRNA	0	50	48	0.0000	0.0000	0.0000
ENSG00000233827.2	CCNQP1	processed_pseudogene	0	0	0	0.0000	0.0000	0.0000
ENSG00000233828.5	MIR4280HG	lncRNA	2	0	2	0.0181	0.0045	0.0048
ENSG00000233829.1	RPL26P15	processed_pseudogene	0	0	0	0.0000	0.0000	0.0000
ENSG00000233830.2	EIF4HP1	processed_pseudogene	11	5	6	0.9080	0.2252	0.2435
ENSG00000233832.1	AL590623.1	processed_pseudogene	0	0	0	0.0000	0.0000	0.0000
ENSG00000233833.1	ETF1P3	processed_pseudogene	1	0	1	0.0489	0.0121	0.0131
ENSG00000233834.6	AC005083.1	lncRNA	88	50	38	5.5388	1.3736	1.4851
ENSG00000233835.1	AL132875.2	lncRNA	0	0	0	0.0000	0.0000	0.0000
ENSG00000233836.7	AC139769.1	transcribed_unprocessed_pseudogene	1071	546	539	18.7342	4.6459	5.0233
ENSG00000233837.1	EIF3LP2	processed_pseudogene	2	1	1	0.1405	0.0349	0.0377
ENSG00000233838.5	DPH3P1	processed_pseudogene	0	24	24	0.0000	0.0000	0.0000
ENSG00000233839.1	AL357055.1	processed_pseudogene	0	0	0	0.0000	0.0000	0.0000
ENSG00000233840.1	PCDH9-AS4	lncRNA	0	0	0	0.0000	0.0000	0.0000
ENSG00000233842.2	AC079248.1	lncRNA	0	0	0	0.0000	0.0000	0.0000
ENSG00000233843.1	CYCSP48	processed_pseudogene	0	0	0	0.0000	0.0000	0.0000
ENSG00000233845.1	AC093732.1	lncRNA	3	1	2	0.3376	0.0837	0.0905
ENSG00000233846.2	SELENOTP1	processed_pseudogene	3	1	2	0.3493	0.0866	0.0937
ENSG00000233847.1	ERCC8-AS1	lncRNA	2	54	43	0.2780	0.0689	0.0745
ENSG00000233848.1	AL513188.1	lncRNA	0	0	0	0.0000	0.0000	0.0000
ENSG00000233849.1	AC022201.2	lncRNA	0	44	52	0.0000	0.0000	0.0000
ENSG00000233850.1	AC103563.7	lncRNA	0	0	0	0.0000	0.0000	0.0000
ENSG00000233851.1	LATS2-AS1	lncRNA	0	0	0	0.0000	0.0000	0.0000
ENSG00000233852.1	AC005304.1	lncRNA	3	1	2	0.4201	0.1042	0.1126
ENSG00000233854.2	POU6F2-AS2	lncRNA	4	1	3	0.1389	0.0344	0.0372
ENSG00000233858.4	LINC02599	lncRNA	8	3	5	0.1278	0.0317	0.0343
ENSG00000233859.2	ADH5P4	processed_pseudogene	6	2	4	0.3065	0.0760	0.0822
ENSG00000233860.2	SHROOM3-AS1	lncRNA	34	517	431	0.4436	0.1100	0.1189
ENSG00000233861.1	MGAT2P1	processed_pseudogene	0	0	0	0.0000	0.0000	0.0000
ENSG00000233862.7	AC016907.2	lncRNA	9	7	2	0.1210	0.0300	0.0324
ENSG00000233866.1	AC145543.1	lncRNA	0	0	0	0.0000	0.0000	0.0000
ENSG00000233867.2	SLC9B1P3	unprocessed_pseudogene	0	0	0	0.0000	0.0000	0.0000
ENSG00000233868.1	LLPHP3	processed_pseudogene	3	2	1	0.4362	0.1082	0.1170
ENSG00000233869.1	RPSAP27	processed_pseudogene	0	0	0	0.0000	0.0000	0.0000
ENSG00000233870.1	AC007881.1	unprocessed_pseudogene	1	1	0	0.3033	0.0752	0.0813
ENSG00000233871.2	DLG5-AS1	lncRNA	117	71	59	2.7137	0.6730	0.7276
ENSG00000233872.1	TOR1BP1	processed_pseudogene	1	0	1	0.0698	0.0173	0.0187
ENSG00000233873.1	RPL7P44	processed_pseudogene	1	0	1	0.0764	0.0190	0.0205
ENSG00000233874.2	MFN1P1	processed_pseudogene	0	0	0	0.0000	0.0000	0.0000
ENSG00000233875.1	AL592078.1	lncRNA	0	0	0	0.0000	0.0000	0.0000
ENSG00000233876.2	GAPDHP68	processed_pseudogene	0	0	0	0.0000	0.0000	0.0000
ENSG00000233877.2	AL606517.1	processed_pseudogene	0	0	0	0.0000	0.0000	0.0000
ENSG00000233880.1	NFYCP1	processed_pseudogene	0	0	0	0.0000	0.0000	0.0000
ENSG00000233882.2	LINC01680	lncRNA	0	0	0	0.0000	0.0000	0.0000
ENSG00000233884.2	AL772337.2	lncRNA	0	0	0	0.0000	0.0000	0.0000
ENSG00000233885.7	YEATS2-AS1	lncRNA	44	362	383	0.7628	0.1892	0.2045
ENSG00000233887.1	AL354685.1	processed_pseudogene	0	0	0	0.0000	0.0000	0.0000
ENSG00000233888.2	MTCO2P17	unprocessed_pseudogene	2	0	2	0.1675	0.0415	0.0449
ENSG00000233891.8	AC007179.2	lncRNA	1	0	1	0.0110	0.0027	0.0029
ENSG00000233892.1	PAIP1P1	processed_pseudogene	9	7	2	0.4243	0.1052	0.1138
ENSG00000233893.2	EZR-AS1	lncRNA	9	1025	1029	1.4099	0.3496	0.3780
ENSG00000233894.1	AC105271.1	lncRNA	1	1	0	0.0627	0.0155	0.0168
ENSG00000233896.2	PDYN-AS1	lncRNA	0	0	0	0.0000	0.0000	0.0000
ENSG00000233900.1	RPL17P35	processed_pseudogene	0	0	0	0.0000	0.0000	0.0000
ENSG00000233901.6	LINC01503	lncRNA	442	208	234	5.3720	1.3322	1.4404
ENSG00000233902.1	AL645933.1	unprocessed_pseudogene	0	69	70	0.0000	0.0000	0.0000
ENSG00000233905.1	LONRF2P2	processed_pseudogene	0	0	0	0.0000	0.0000	0.0000
ENSG00000233906.1	AL445623.1	lncRNA	0	0	0	0.0000	0.0000	0.0000
ENSG00000233907.1	LINC01761	lncRNA	0	0	0	0.0000	0.0000	0.0000
ENSG00000233908.1	AL359711.1	processed_pseudogene	0	0	0	0.0000	0.0000	0.0000
ENSG00000233909.1	UBE2V1P4	processed_pseudogene	0	0	0	0.0000	0.0000	0.0000
ENSG00000233910.1	GTF2F2P2	processed_pseudogene	0	0	0	0.0000	0.0000	0.0000
ENSG00000233912.1	AC026202.2	lncRNA	7	4	3	0.5907	0.1465	0.1584
ENSG00000233913.7	RPL10P9	processed_pseudogene	65	33	32	5.7150	1.4173	1.5324
ENSG00000233915.4	UBE2Q2P10	processed_pseudogene	0	0	0	0.0000	0.0000	0.0000
ENSG00000233916.1	ZDHHC20P1	processed_pseudogene	4	2	2	0.5363	0.1330	0.1438
ENSG00000233917.9	POTEB	protein_coding	0	0	0	0.0000	0.0000	0.0000
ENSG00000233918.1	AC128676.1	processed_pseudogene	0	0	0	0.0000	0.0000	0.0000
ENSG00000233919.1	AC009743.1	lncRNA	0	0	0	0.0000	0.0000	0.0000
ENSG00000233920.2	AL162595.2	lncRNA	0	0	0	0.0000	0.0000	0.0000
ENSG00000233921.2	RPS15AP40	processed_pseudogene	2	1	1	0.2901	0.0719	0.0778
ENSG00000233922.3	LINC01694	lncRNA	3	2	1	0.0239	0.0059	0.0064
ENSG00000233924.1	RPSAP13	processed_pseudogene	0	0	0	0.0000	0.0000	0.0000
ENSG00000233926.1	AL591368.1	lncRNA	1	1	0	0.0301	0.0075	0.0081
ENSG00000233927.5	RPS28	protein_coding	10668	5850	5911	285.5035	70.8020	76.5530
ENSG00000233928.6	AL591501.1	lncRNA	83	42	41	0.3260	0.0808	0.0874
ENSG00000233929.1	MT1XP1	processed_pseudogene	1	0	1	0.3049	0.0756	0.0818
ENSG00000233930.4	KRTAP5-AS1	lncRNA	21	15	27	0.4063	0.1008	0.1089
ENSG00000233932.6	CTXN2	protein_coding	0	9	5	0.0000	0.0000	0.0000
ENSG00000233933.2	AL135924.1	processed_pseudogene	0	0	0	0.0000	0.0000	0.0000
ENSG00000233934.2	RPL21P38	processed_pseudogene	0	0	0	0.0000	0.0000	0.0000
ENSG00000233936.1	AL390778.2	lncRNA	0	0	0	0.0000	0.0000	0.0000
ENSG00000233937.7	CTC-338M12.4	lncRNA	112	729	767	1.9085	0.4733	0.5117
ENSG00000233939.1	RPL27AP4	processed_pseudogene	0	0	0	0.0000	0.0000	0.0000
ENSG00000233940.1	RPL12P45	processed_pseudogene	0	0	0	0.0000	0.0000	0.0000
ENSG00000233941.1	AL356859.1	lncRNA	1	1	0	0.1370	0.0340	0.0367
ENSG00000233942.1	AC004012.1	lncRNA	4	1	3	0.4248	0.1053	0.1139
ENSG00000233943.1	AC114973.1	processed_pseudogene	0	0	0	0.0000	0.0000	0.0000
ENSG00000233944.1	LINC00265-3P	processed_pseudogene	0	0	0	0.0000	0.0000	0.0000
ENSG00000233945.2	LINC02650	lncRNA	0	0	0	0.0000	0.0000	0.0000
ENSG00000233946.2	RPS29P4	processed_pseudogene	0	0	0	0.0000	0.0000	0.0000
ENSG00000233947.1	ASS1P3	processed_pseudogene	2	2	0	0.0907	0.0225	0.0243
ENSG00000233951.3	RCC2P3	processed_pseudogene	1	0	1	0.0369	0.0091	0.0099
ENSG00000233952.1	FTLP15	processed_pseudogene	5	0	5	0.5330	0.1322	0.1429
ENSG00000233953.1	AC009970.1	lncRNA	0	0	0	0.0000	0.0000	0.0000
ENSG00000233954.6	UQCRHL	protein_coding	64	32	32	1.6649	0.4129	0.4464
ENSG00000233955.1	AHCYP3	processed_pseudogene	0	0	0	0.0000	0.0000	0.0000
ENSG00000233956.1	BTF3P6	processed_pseudogene	0	0	0	0.0000	0.0000	0.0000
ENSG00000233960.1	AC079763.1	lncRNA	0	0	0	0.0000	0.0000	0.0000
ENSG00000233962.1	AC064862.2	unprocessed_pseudogene	0	0	0	0.0000	0.0000	0.0000
ENSG00000233963.2	ATP8A2P3	unprocessed_pseudogene	1	1	0	0.0369	0.0092	0.0099
ENSG00000233966.1	UBE2SP1	processed_pseudogene	6	3	3	0.5086	0.1261	0.1364
ENSG00000233967.7	AL359715.1	lncRNA	75	34	41	0.6783	0.1682	0.1819
ENSG00000233968.7	AL157895.1	lncRNA	40	27	16	0.4852	0.1203	0.1301
ENSG00000233969.2	AC004946.2	lncRNA	0	0	0	0.0000	0.0000	0.0000
ENSG00000233970.1	AC092159.2	lncRNA	4	4	5	0.3973	0.0985	0.1065
ENSG00000233971.1	RPS20P10	processed_pseudogene	2	1	1	0.4483	0.1112	0.1202
ENSG00000233973.7	LINC01360	lncRNA	0	0	0	0.0000	0.0000	0.0000
ENSG00000233974.3	AC138951.1	processed_pseudogene	4	2	2	0.0845	0.0210	0.0227
ENSG00000233975.1	LINC02574	lncRNA	9	4	5	1.1573	0.2870	0.3103
ENSG00000233977.1	AC099681.3	lncRNA	1	0	1	0.0604	0.0150	0.0162
ENSG00000233978.1	LINC02590	lncRNA	0	0	0	0.0000	0.0000	0.0000
ENSG00000233979.1	RPL22P21	processed_pseudogene	1	0	1	0.1668	0.0414	0.0447
ENSG00000233980.1	FDPSP2	processed_pseudogene	1	2	1	0.0632	0.0157	0.0170
ENSG00000233981.1	AL022396.1	lncRNA	0	0	0	0.0000	0.0000	0.0000
ENSG00000233983.2	AL365220.1	processed_pseudogene	0	0	0	0.0000	0.0000	0.0000
ENSG00000233984.1	RPSAP14	processed_pseudogene	0	2	2	0.0000	0.0000	0.0000
ENSG00000233985.2	LINC01681	lncRNA	1	1	0	0.0203	0.0050	0.0054
ENSG00000233987.2	AC106706.1	lncRNA	0	0	0	0.0000	0.0000	0.0000
ENSG00000233990.1	AL353754.1	processed_pseudogene	3	0	3	0.5004	0.1241	0.1342
ENSG00000233993.1	DTD1-AS1	lncRNA	0	0	0	0.0000	0.0000	0.0000
ENSG00000233994.2	GDI2P2	processed_pseudogene	4	4	0	0.3731	0.0925	0.1000
ENSG00000233995.1	AP000547.1	unprocessed_pseudogene	0	0	0	0.0000	0.0000	0.0000
ENSG00000233996.1	KDM3AP1	processed_pseudogene	14	5	9	0.6408	0.1589	0.1718
ENSG00000233997.5	LINC01425	lncRNA	0	0	0	0.0000	0.0000	0.0000
ENSG00000233998.1	SETP5	processed_pseudogene	2	1	1	0.2018	0.0500	0.0541
ENSG00000233999.3	IGKV3OR2-268	IG_V_gene	2	1	1	0.3241	0.0804	0.0869
ENSG00000234001.1	AC000111.1	processed_pseudogene	0	0	0	0.0000	0.0000	0.0000
ENSG00000234003.1	MTATP6P27	unprocessed_pseudogene	3	3	0	0.2740	0.0679	0.0735
ENSG00000234004.4	AC092017.1	processed_pseudogene	2	0	2	0.3133	0.0777	0.0840
ENSG00000234005.3	GAPDHP22	processed_pseudogene	3	1	2	0.4119	0.1022	0.1105
ENSG00000234006.1	DDX39B-AS1	lncRNA	2	6	1	0.2152	0.0534	0.0577
ENSG00000234008.5	PPP1R2P2	processed_pseudogene	1	1	0	0.0925	0.0229	0.0248
ENSG00000234009.1	RPL5P34	processed_pseudogene	20	7	13	1.2730	0.3157	0.3413
ENSG00000234015.1	LINC02530	lncRNA	0	0	0	0.0000	0.0000	0.0000
ENSG00000234016.1	GNG10P1	processed_pseudogene	1	1	0	0.2850	0.0707	0.0764
ENSG00000234017.1	AC022018.1	processed_pseudogene	2	2	0	0.4706	0.1167	0.1262
ENSG00000234019.1	AL591212.1	lncRNA	0	2	2	0.0000	0.0000	0.0000
ENSG00000234020.1	CHIAP3	unprocessed_pseudogene	19	13	10	0.9510	0.2358	0.2550
ENSG00000234021.1	AL596451.1	lncRNA	0	0	0	0.0000	0.0000	0.0000
ENSG00000234022.1	AC008278.2	lncRNA	0	0	0	0.0000	0.0000	0.0000
ENSG00000234025.1	RBPMS2P1	processed_pseudogene	0	0	0	0.0000	0.0000	0.0000
ENSG00000234026.1	AL157834.2	lncRNA	2	0	2	0.1711	0.0424	0.0459
ENSG00000234028.3	EIF2AK3-DT	lncRNA	178	96	84	2.3568	0.5845	0.6319
ENSG00000234030.1	TMEM97P1	processed_pseudogene	0	0	0	0.0000	0.0000	0.0000
ENSG00000234031.1	RPS3AP44	processed_pseudogene	3	0	3	0.2154	0.0534	0.0577
ENSG00000234033.1	RAC1P8	processed_pseudogene	0	0	0	0.0000	0.0000	0.0000
ENSG00000234034.1	AP000959.1	lncRNA	0	0	0	0.0000	0.0000	0.0000
ENSG00000234036.4	TXNP6	processed_pseudogene	1	1	1	0.1829	0.0454	0.0491
ENSG00000234039.2	NDUFA5P7	processed_pseudogene	0	0	0	0.0000	0.0000	0.0000
ENSG00000234040.3	RPL10P12	processed_pseudogene	4	2	2	0.7133	0.1769	0.1913
ENSG00000234041.1	AL512326.5	processed_pseudogene	0	0	0	0.0000	0.0000	0.0000
ENSG00000234042.1	AL591438.2	processed_pseudogene	7	2	5	0.5745	0.1425	0.1540
ENSG00000234043.3	NUDT9P1	processed_pseudogene	12	5	7	0.9134	0.2265	0.2449
ENSG00000234044.1	AC108059.2	processed_pseudogene	0	0	0	0.0000	0.0000	0.0000
ENSG00000234048.1	FAM96AP1	processed_pseudogene	0	0	0	0.0000	0.0000	0.0000
ENSG00000234050.1	Z95624.1	lncRNA	1	1	2	0.0903	0.0224	0.0242
ENSG00000234052.2	LINC01673	lncRNA	0	0	0	0.0000	0.0000	0.0000
ENSG00000234055.1	AL158151.2	lncRNA	1	92	88	0.2353	0.0584	0.0631
ENSG00000234056.2	LINC00463	lncRNA	0	0	0	0.0000	0.0000	0.0000
ENSG00000234059.1	CASKP1	unprocessed_pseudogene	0	0	0	0.0000	0.0000	0.0000
ENSG00000234060.1	EDDM3CP	processed_pseudogene	0	0	0	0.0000	0.0000	0.0000
ENSG00000234061.1	AC007969.1	processed_pseudogene	2	1	1	0.5938	0.1473	0.1592
ENSG00000234062.8	AL390879.1	transcribed_unprocessed_pseudogene	134	74	61	1.9346	0.4798	0.5187
ENSG00000234064.1	PRAMEF29P	unprocessed_pseudogene	0	0	0	0.0000	0.0000	0.0000
ENSG00000234065.2	MTND4P26	processed_pseudogene	4	3	1	0.1669	0.0414	0.0448
ENSG00000234066.1	TAS2R62P	unitary_pseudogene	0	0	0	0.0000	0.0000	0.0000
ENSG00000234067.1	RPL5P10	processed_pseudogene	0	0	0	0.0000	0.0000	0.0000
ENSG00000234068.7	PAGE2	protein_coding	1	1	0	0.0871	0.0216	0.0234
ENSG00000234069.1	GAPDHP53	processed_pseudogene	0	0	0	0.0000	0.0000	0.0000
ENSG00000234070.1	SPATA17-AS1	lncRNA	1	35	40	0.1350	0.0335	0.0362
ENSG00000234071.1	AC010099.2	processed_pseudogene	0	0	0	0.0000	0.0000	0.0000
ENSG00000234072.1	AC074117.1	lncRNA	189	312	355	3.1413	0.7790	0.8423
ENSG00000234073.1	AC011816.1	processed_pseudogene	2	1	1	0.2077	0.0515	0.0557
ENSG00000234075.1	RPL35AP	processed_pseudogene	0	0	0	0.0000	0.0000	0.0000
ENSG00000234076.1	TPRG1-AS1	lncRNA	59	52	47	4.8004	1.1905	1.2872
ENSG00000234080.3	AL596275.1	processed_pseudogene	2	4	2	0.1293	0.0321	0.0347
ENSG00000234081.1	ELOCP10	processed_pseudogene	0	0	0	0.0000	0.0000	0.0000
ENSG00000234083.1	AJ006995.1	lncRNA	0	0	0	0.0000	0.0000	0.0000
ENSG00000234084.1	AL049552.1	lncRNA	47	37	35	4.6194	1.1456	1.2386
ENSG00000234085.1	AC064862.3	unprocessed_pseudogene	0	0	0	0.0000	0.0000	0.0000
ENSG00000234087.1	AL356299.1	processed_pseudogene	0	0	0	0.0000	0.0000	0.0000
ENSG00000234088.1	RPS15AP7	processed_pseudogene	0	0	0	0.0000	0.0000	0.0000
ENSG00000234089.2	AC099654.1	lncRNA	0	0	0	0.0000	0.0000	0.0000
ENSG00000234091.1	AL157392.2	lncRNA	1	1	0	0.1196	0.0297	0.0321
ENSG00000234093.3	RPS15AP11	processed_pseudogene	7	5	2	1.0311	0.2557	0.2765
ENSG00000234099.1	MTND4P11	unprocessed_pseudogene	1	1	0	0.0536	0.0133	0.0144
ENSG00000234102.1	KRT19P4	processed_pseudogene	0	0	0	0.0000	0.0000	0.0000
ENSG00000234104.1	AL133465.1	lncRNA	0	0	0	0.0000	0.0000	0.0000
ENSG00000234105.1	AC009468.2	lncRNA	0	0	0	0.0000	0.0000	0.0000
ENSG00000234106.3	SRP14P2	processed_pseudogene	5	4	1	0.8125	0.2015	0.2178
ENSG00000234107.1	TPT1P1	processed_pseudogene	0	0	0	0.0000	0.0000	0.0000
ENSG00000234108.1	AL596276.2	processed_pseudogene	1	1	0	0.1713	0.0425	0.0459
ENSG00000234109.1	RPL7P36	processed_pseudogene	0	0	0	0.0000	0.0000	0.0000
ENSG00000234110.1	TSPY25P	unprocessed_pseudogene	0	0	0	0.0000	0.0000	0.0000
ENSG00000234111.6	LINC02433	lncRNA	1	1	0	0.0380	0.0094	0.0102
ENSG00000234112.2	AC099066.3	processed_pseudogene	1	0	1	0.1884	0.0467	0.0505
ENSG00000234115.2	AL138878.2	processed_pseudogene	15	9	6	0.6855	0.1700	0.1838
ENSG00000234116.1	AL606534.3	lncRNA	0	0	0	0.0000	0.0000	0.0000
ENSG00000234117.2	AL445224.1	lncRNA	0	3	6	0.0000	0.0000	0.0000
ENSG00000234118.1	RPL13AP6	processed_pseudogene	5	3	2	0.4633	0.1149	0.1242
ENSG00000234119.1	METAP2P1	processed_pseudogene	0	0	0	0.0000	0.0000	0.0000
ENSG00000234120.1	AF228730.2	processed_pseudogene	0	0	0	0.0000	0.0000	0.0000
ENSG00000234121.1	GPM6BP3	processed_pseudogene	0	0	0	0.0000	0.0000	0.0000
ENSG00000234122.1	TRBV22OR9-2	TR_V_pseudogene	0	0	0	0.0000	0.0000	0.0000
ENSG00000234123.1	RHBDF1P1	processed_pseudogene	1	0	1	0.0292	0.0072	0.0078
ENSG00000234124.6	CSN1S2AP	transcribed_unitary_pseudogene	0	0	0	0.0000	0.0000	0.0000
ENSG00000234125.5	EEF1GP8	processed_pseudogene	1	0	1	0.0491	0.0122	0.0132
ENSG00000234127.9	TRIM26	protein_coding	3864	1890	1989	50.0634	12.4152	13.4237
ENSG00000234129.8	AC073529.1	lncRNA	14	5	9	0.2266	0.0562	0.0608
ENSG00000234130.2	AP2B1P1	processed_pseudogene	43	24	19	0.8721	0.2163	0.2339
ENSG00000234131.1	ELOCP8	processed_pseudogene	0	0	0	0.0000	0.0000	0.0000
ENSG00000234132.2	AL358473.2	lncRNA	0	0	0	0.0000	0.0000	0.0000
ENSG00000234134.1	AL158835.2	lncRNA	12	5	7	2.2684	0.5625	0.6082
ENSG00000234135.2	RPL23AP83	processed_pseudogene	0	0	0	0.0000	0.0000	0.0000
ENSG00000234136.1	AC055764.1	lncRNA	3	76	63	0.3597	0.0892	0.0964
ENSG00000234139.4	AL035420.1	lncRNA	15	7	8	0.3749	0.0930	0.1005
ENSG00000234141.1	AC006042.3	lncRNA	10	4	6	0.8195	0.2032	0.2197
ENSG00000234142.2	LINC01675	lncRNA	0	0	0	0.0000	0.0000	0.0000
ENSG00000234143.1	UGT1A13P	unprocessed_pseudogene	0	0	0	0.0000	0.0000	0.0000
ENSG00000234144.1	COX6CP13	processed_pseudogene	0	0	0	0.0000	0.0000	0.0000
ENSG00000234145.1	NAP1L4P3	processed_pseudogene	2	2	0	0.0989	0.0245	0.0265
ENSG00000234146.1	AKAP8P1	processed_pseudogene	0	0	0	0.0000	0.0000	0.0000
ENSG00000234147.1	AL035446.1	lncRNA	2	0	2	0.2504	0.0621	0.0671
ENSG00000234148.3	LINC01961	lncRNA	0	0	0	0.0000	0.0000	0.0000
ENSG00000234149.1	AC018511.2	lncRNA	0	106	127	0.0000	0.0000	0.0000
ENSG00000234152.1	ELOBP1	processed_pseudogene	0	0	0	0.0000	0.0000	0.0000
ENSG00000234155.1	LINC02535	lncRNA	8	2	6	0.1805	0.0448	0.0484
ENSG00000234156.3	AL359636.2	lncRNA	66	38	28	0.6228	0.1544	0.1670
ENSG00000234158.1	RPEP2	processed_pseudogene	0	0	0	0.0000	0.0000	0.0000
ENSG00000234159.1	RBPMSLP	processed_pseudogene	0	0	0	0.0000	0.0000	0.0000
ENSG00000234160.1	AL513165.1	lncRNA	90	45	45	17.6605	4.3796	4.7354
ENSG00000234161.1	PABPC5-AS1	lncRNA	3	3	0	0.3994	0.0990	0.1071
ENSG00000234162.3	AC009505.1	lncRNA	0	0	0	0.0000	0.0000	0.0000
ENSG00000234163.1	MTND4LP11	processed_pseudogene	0	0	0	0.0000	0.0000	0.0000
ENSG00000234166.1	ARHGEF19-AS1	lncRNA	0	158	157	0.0000	0.0000	0.0000
ENSG00000234167.1	ELOBP4	processed_pseudogene	0	0	0	0.0000	0.0000	0.0000
ENSG00000234168.2	LINC01039	lncRNA	0	0	0	0.0000	0.0000	0.0000
ENSG00000234169.1	LINC01868	lncRNA	0	0	0	0.0000	0.0000	0.0000
ENSG00000234170.6	LINC02645	lncRNA	0	0	0	0.0000	0.0000	0.0000
ENSG00000234171.3	RNASEH1-AS1	lncRNA	364	182	182	4.7161	1.1695	1.2645
ENSG00000234172.1	AC093639.1	lncRNA	0	0	0	0.0000	0.0000	0.0000
ENSG00000234173.1	AL353784.1	lncRNA	0	0	0	0.0000	0.0000	0.0000
ENSG00000234174.1	AC016683.1	lncRNA	2	6	8	0.1056	0.0262	0.0283
ENSG00000234175.1	AL355355.2	processed_pseudogene	28	14	14	4.6979	1.1650	1.2597
ENSG00000234176.1	HSPA8P1	processed_pseudogene	10	7	3	0.3094	0.0767	0.0830
ENSG00000234177.5	LINC01114	lncRNA	0	0	0	0.0000	0.0000	0.0000
ENSG00000234178.1	DEFA11P	unprocessed_pseudogene	0	0	0	0.0000	0.0000	0.0000
ENSG00000234179.1	MTCYBP1	processed_pseudogene	0	0	0	0.0000	0.0000	0.0000
ENSG00000234181.1	AL353795.2	lncRNA	2	3	8	0.2669	0.0662	0.0716
ENSG00000234182.2	AL731533.1	lncRNA	0	0	0	0.0000	0.0000	0.0000
ENSG00000234183.1	LINC01952	lncRNA	8	5	3	1.2533	0.3108	0.3360
ENSG00000234184.6	LINC01781	lncRNA	0	0	0	0.0000	0.0000	0.0000
ENSG00000234185.2	AC068533.3	lncRNA	3	1	2	0.4211	0.1044	0.1129
ENSG00000234186.4	C16orf82	protein_coding	0	0	0	0.0000	0.0000	0.0000
ENSG00000234187.1	AIMP1P1	processed_pseudogene	0	0	0	0.0000	0.0000	0.0000
ENSG00000234189.1	AC099799.1	processed_pseudogene	0	0	0	0.0000	0.0000	0.0000
ENSG00000234190.1	AC241644.2	lncRNA	0	0	0	0.0000	0.0000	0.0000
ENSG00000234191.1	LINC01283	lncRNA	6	4	2	0.4329	0.1074	0.1161
ENSG00000234192.1	RPS26P38	processed_pseudogene	0	0	0	0.0000	0.0000	0.0000
ENSG00000234193.1	ACSL3-AS1	lncRNA	9	8	2	0.9504	0.2357	0.2548
ENSG00000234197.1	ETV5-AS1	lncRNA	4	4	2	0.4051	0.1005	0.1086
ENSG00000234199.3	LINC01191	lncRNA	0	0	0	0.0000	0.0000	0.0000
ENSG00000234200.2	AC243591.1	unprocessed_pseudogene	0	0	0	0.0000	0.0000	0.0000
ENSG00000234201.1	BMI1P1	processed_pseudogene	0	0	0	0.0000	0.0000	0.0000
ENSG00000234202.2	H3P3	processed_pseudogene	0	0	0	0.0000	0.0000	0.0000
ENSG00000234203.1	AC004771.1	lncRNA	0	155	159	0.0000	0.0000	0.0000
ENSG00000234204.1	PIGPP2	processed_pseudogene	0	0	0	0.0000	0.0000	0.0000
ENSG00000234206.5	AL121957.1	lncRNA	0	0	0	0.0000	0.0000	0.0000
ENSG00000234207.1	LINC01830	lncRNA	0	0	0	0.0000	0.0000	0.0000
ENSG00000234208.1	AC005529.1	lncRNA	1	0	1	0.1962	0.0487	0.0526
ENSG00000234210.1	AC006372.3	lncRNA	7	3	4	0.0980	0.0243	0.0263
ENSG00000234211.2	AL451067.1	lncRNA	1	28	34	0.0559	0.0139	0.0150
ENSG00000234213.1	FHP1	processed_pseudogene	2	2	0	0.1613	0.0400	0.0433
ENSG00000234215.3	CT66	lncRNA	1	1	0	0.0298	0.0074	0.0080
ENSG00000234217.2	RBPJP7	processed_pseudogene	0	0	0	0.0000	0.0000	0.0000
ENSG00000234219.1	CDCA4P4	unprocessed_pseudogene	3	1	2	0.2502	0.0620	0.0671
ENSG00000234222.6	LIX1L-AS1	lncRNA	25	687	800	0.4365	0.1082	0.1170
ENSG00000234223.2	AC003988.1	lncRNA	0	0	0	0.0000	0.0000	0.0000
ENSG00000234224.3	TMEM229A	protein_coding	0	0	0	0.0000	0.0000	0.0000
ENSG00000234225.2	AC244394.3	lncRNA	0	0	0	0.0000	0.0000	0.0000
ENSG00000234226.5	NDUFS5P2	processed_pseudogene	0	0	0	0.0000	0.0000	0.0000
ENSG00000234227.1	RPL7L1P1	processed_pseudogene	0	0	0	0.0000	0.0000	0.0000
ENSG00000234228.1	NCLP2	processed_pseudogene	0	0	0	0.0000	0.0000	0.0000
ENSG00000234230.1	ZFX-AS1	lncRNA	3	2	3	0.4080	0.1012	0.1094
ENSG00000234231.4	ANAPC1P4	transcribed_unprocessed_pseudogene	1	0	1	0.0274	0.0068	0.0073
ENSG00000234232.7	AC243772.3	transcribed_unprocessed_pseudogene	10	10	15	0.1698	0.0421	0.0455
ENSG00000234233.1	KCNH1-IT1	lncRNA	14	8	6	1.2683	0.3145	0.3401
ENSG00000234234.1	MTCO2P8	unprocessed_pseudogene	0	0	0	0.0000	0.0000	0.0000
ENSG00000234235.1	BOK-AS1	lncRNA	1	5	3	0.0882	0.0219	0.0236
ENSG00000234238.2	AC022498.1	lncRNA	0	0	0	0.0000	0.0000	0.0000
ENSG00000234239.1	CFL1P8	processed_pseudogene	0	0	0	0.0000	0.0000	0.0000
ENSG00000234241.1	AL109618.1	processed_pseudogene	3	0	3	0.1011	0.0251	0.0271
ENSG00000234244.2	AL512641.1	lncRNA	0	0	0	0.0000	0.0000	0.0000
ENSG00000234247.1	DNAJB6P6	processed_pseudogene	0	1	0	0.0000	0.0000	0.0000
ENSG00000234253.1	RPL7P13	processed_pseudogene	1	1	0	0.0765	0.0190	0.0205
ENSG00000234255.9	AC012370.2	lncRNA	1	1	0	0.0207	0.0051	0.0056
ENSG00000234256.2	PTCD2P2	processed_pseudogene	0	0	0	0.0000	0.0000	0.0000
ENSG00000234257.1	SOD2P1	processed_pseudogene	0	0	0	0.0000	0.0000	0.0000
ENSG00000234259.3	AC008550.1	processed_pseudogene	1	1	0	0.0642	0.0159	0.0172
ENSG00000234261.4	AL138720.1	lncRNA	76	36	40	1.1795	0.2925	0.3163
ENSG00000234262.1	AL356867.1	unprocessed_pseudogene	0	0	0	0.0000	0.0000	0.0000
ENSG00000234263.2	MAP3K5-AS1	lncRNA	11	1	10	0.7701	0.1910	0.2065
ENSG00000234264.1	DEPDC1-AS1	lncRNA	0	0	0	0.0000	0.0000	0.0000
ENSG00000234265.2	LINC01723	lncRNA	0	0	0	0.0000	0.0000	0.0000
ENSG00000234267.3	TULP3P1	transcribed_processed_pseudogene	1	1	0	0.0280	0.0069	0.0075
ENSG00000234268.1	AP000936.3	processed_pseudogene	6	5	1	1.3344	0.3309	0.3578
ENSG00000234269.2	AL365396.1	processed_pseudogene	0	0	0	0.0000	0.0000	0.0000
ENSG00000234270.1	RPL36P20	processed_pseudogene	0	0	0	0.0000	0.0000	0.0000
ENSG00000234271.1	Z98752.2	processed_pseudogene	3	1	2	0.5453	0.1352	0.1462
ENSG00000234272.1	RPL30P2	processed_pseudogene	5	3	2	0.9744	0.2416	0.2613
ENSG00000234273.1	AC073071.1	lncRNA	0	0	0	0.0000	0.0000	0.0000
ENSG00000234274.1	COX7BP2	processed_pseudogene	0	0	0	0.0000	0.0000	0.0000
ENSG00000234275.4	AC017053.1	lncRNA	0	0	0	0.0000	0.0000	0.0000
ENSG00000234276.1	SDR42E1P3	processed_pseudogene	0	0	0	0.0000	0.0000	0.0000
ENSG00000234277.3	LINC01641	lncRNA	0	0	0	0.0000	0.0000	0.0000
ENSG00000234278.3	PRR20E	protein_coding	0	0	0	0.0000	0.0000	0.0000
ENSG00000234279.2	LINC01937	lncRNA	1	1	0	0.0696	0.0173	0.0187
ENSG00000234281.5	LANCL1-AS1	lncRNA	26	21	5	0.8845	0.2193	0.2372
ENSG00000234282.1	AL109809.2	unprocessed_pseudogene	0	0	0	0.0000	0.0000	0.0000
ENSG00000234283.1	LINC01731	lncRNA	2	2	0	0.2700	0.0670	0.0724
ENSG00000234284.7	ZNF879	protein_coding	358	186	172	5.2994	1.3142	1.4210
ENSG00000234285.1	GAPDHP49	processed_pseudogene	0	0	0	0.0000	0.0000	0.0000
ENSG00000234286.1	AC006026.3	lncRNA	12	12	13	4.7589	1.1802	1.2760
ENSG00000234287.1	AC099560.2	processed_pseudogene	15	9	6	3.3359	0.8273	0.8945
ENSG00000234288.2	OR1AA1P	unprocessed_pseudogene	0	0	0	0.0000	0.0000	0.0000
ENSG00000234289.6	H2BS1	protein_coding	0	0	0	0.0000	0.0000	0.0000
ENSG00000234290.2	AC116366.1	lncRNA	186	127	150	2.8279	0.7013	0.7583
ENSG00000234292.3	AC123595.1	lncRNA	0	3	0	0.0000	0.0000	0.0000
ENSG00000234293.1	BACH1-IT3	lncRNA	0	0	0	0.0000	0.0000	0.0000
ENSG00000234296.1	AL390961.1	lncRNA	0	0	0	0.0000	0.0000	0.0000
ENSG00000234297.2	PSIP1P1	processed_pseudogene	1	0	1	0.0569	0.0141	0.0153
ENSG00000234300.1	LINC00229	lncRNA	2	1	1	0.2268	0.0563	0.0608
ENSG00000234303.3	CLYBL-AS1	lncRNA	0	0	0	0.0000	0.0000	0.0000
ENSG00000234304.2	SGO1P2	processed_pseudogene	0	0	0	0.0000	0.0000	0.0000
ENSG00000234306.1	AL583859.1	lncRNA	0	0	0	0.0000	0.0000	0.0000
ENSG00000234308.3	LINC01878	lncRNA	1	1	0	0.0177	0.0044	0.0048
ENSG00000234309.1	SLC25A18P1	processed_pseudogene	0	0	0	0.0000	0.0000	0.0000
ENSG00000234311.1	AL451069.3	lncRNA	2	1	1	0.1120	0.0278	0.0300
ENSG00000234312.1	SAPCD2P4	processed_pseudogene	0	0	0	0.0000	0.0000	0.0000
ENSG00000234315.1	OSTCP5	processed_pseudogene	0	0	0	0.0000	0.0000	0.0000
ENSG00000234318.1	AC099794.1	lncRNA	1	1	0	0.1269	0.0315	0.0340
ENSG00000234319.1	RPS12P2	processed_pseudogene	1	1	0	0.2108	0.0523	0.0565
ENSG00000234322.1	ST13P18	processed_pseudogene	6	2	4	0.3313	0.0822	0.0888
ENSG00000234323.8	LINC01505	lncRNA	78	36	42	0.3440	0.0853	0.0922
ENSG00000234324.1	RPL9P2	processed_pseudogene	3	2	1	0.3076	0.0763	0.0825
ENSG00000234325.1	MRPS10P2	processed_pseudogene	0	0	0	0.0000	0.0000	0.0000
ENSG00000234327.8	ZNF232-AS1	lncRNA	75	75	87	2.1203	0.5258	0.5685
ENSG00000234329.1	AL604028.2	processed_pseudogene	21	8	13	1.5113	0.3748	0.4052
ENSG00000234332.1	BCAS2P2	processed_pseudogene	0	0	0	0.0000	0.0000	0.0000
ENSG00000234333.2	CYCSP53	processed_pseudogene	0	0	0	0.0000	0.0000	0.0000
ENSG00000234335.1	RPS4XP11	processed_pseudogene	2	3	0	0.1469	0.0364	0.0394
ENSG00000234336.7	JAZF1-AS1	lncRNA	10	31	40	0.1336	0.0331	0.0358
ENSG00000234337.4	AC026462.1	processed_pseudogene	10	6	4	0.7674	0.1903	0.2058
ENSG00000234338.1	AC073349.2	processed_pseudogene	60	26	34	2.1226	0.5264	0.5692
ENSG00000234340.1	AP000705.2	processed_pseudogene	0	0	0	0.0000	0.0000	0.0000
ENSG00000234345.2	ELF2P1	processed_pseudogene	7	5	2	0.3788	0.0939	0.1016
ENSG00000234349.1	GLUD1P9	processed_pseudogene	0	0	0	0.0000	0.0000	0.0000
ENSG00000234350.5	AC007405.1	lncRNA	16	10	6	0.1336	0.0331	0.0358
ENSG00000234352.9	AC009264.1	lncRNA	0	0	0	0.0000	0.0000	0.0000
ENSG00000234353.2	AP000346.2	transcribed_unprocessed_pseudogene	21	9	12	1.3145	0.3260	0.3525
ENSG00000234354.3	RPS26P47	processed_pseudogene	3	2	1	0.4889	0.1212	0.1311
ENSG00000234355.3	FTH1P27	unprocessed_pseudogene	0	0	0	0.0000	0.0000	0.0000
ENSG00000234356.1	AC009945.1	processed_pseudogene	0	0	0	0.0000	0.0000	0.0000
ENSG00000234358.1	AC003080.1	processed_pseudogene	0	0	0	0.0000	0.0000	0.0000
ENSG00000234359.3	ELK1P1	processed_pseudogene	0	0	0	0.0000	0.0000	0.0000
ENSG00000234360.1	AL135790.2	processed_pseudogene	0	0	0	0.0000	0.0000	0.0000
ENSG00000234361.1	AL391863.2	lncRNA	0	0	0	0.0000	0.0000	0.0000
ENSG00000234362.6	LINC01914	lncRNA	21	9	12	1.0986	0.2724	0.2946
ENSG00000234363.1	PPIAP27	processed_pseudogene	0	0	0	0.0000	0.0000	0.0000
ENSG00000234367.1	PFN1P3	processed_pseudogene	1	0	1	0.1411	0.0350	0.0378
ENSG00000234369.1	TATDN1P1	processed_pseudogene	2	2	0	0.1273	0.0316	0.0341
ENSG00000234371.6	RPSAP31	transcribed_processed_pseudogene	2	2	0	0.0962	0.0239	0.0258
ENSG00000234373.1	SNX18P7	processed_pseudogene	3	0	3	0.2679	0.0664	0.0718
ENSG00000234376.4	UBTFL2	processed_pseudogene	0	0	0	0.0000	0.0000	0.0000
ENSG00000234377.7	OBI1-AS1	lncRNA	1	281	306	0.0065	0.0016	0.0017
ENSG00000234378.1	AC098828.1	lncRNA	0	0	0	0.0000	0.0000	0.0000
ENSG00000234379.1	HMGB1P48	unprocessed_pseudogene	0	0	0	0.0000	0.0000	0.0000
ENSG00000234380.2	LINC01426	lncRNA	225	109	116	2.3647	0.5864	0.6340
ENSG00000234381.1	MED15P7	unprocessed_pseudogene	0	0	0	0.0000	0.0000	0.0000
ENSG00000234382.2	AL513174.1	unprocessed_pseudogene	0	0	0	0.0000	0.0000	0.0000
ENSG00000234383.1	CTBP2P8	processed_pseudogene	3	1	2	0.1279	0.0317	0.0343
ENSG00000234384.1	LINC01049	lncRNA	1	0	1	0.0764	0.0190	0.0205
ENSG00000234385.1	RCC2P1	processed_pseudogene	0	0	0	0.0000	0.0000	0.0000
ENSG00000234386.4	OR7E162P	unprocessed_pseudogene	0	0	0	0.0000	0.0000	0.0000
ENSG00000234387.1	AC073188.5	lncRNA	0	0	0	0.0000	0.0000	0.0000
ENSG00000234388.2	TXNP3	processed_pseudogene	0	0	0	0.0000	0.0000	0.0000
ENSG00000234389.1	AC007278.1	lncRNA	2	2	0	0.0855	0.0212	0.0229
ENSG00000234390.4	USP27X-AS1	lncRNA	202	100	102	5.2669	1.3061	1.4122
ENSG00000234391.1	AL606490.6	processed_pseudogene	0	0	0	0.0000	0.0000	0.0000
ENSG00000234393.1	AL592546.2	lncRNA	5	4	3	0.4098	0.1016	0.1099
ENSG00000234394.8	AL353608.3	lncRNA	0	0	0	0.0000	0.0000	0.0000
ENSG00000234396.3	AL590822.1	lncRNA	0	2	3	0.0000	0.0000	0.0000
ENSG00000234397.3	PPIAP34	processed_pseudogene	0	0	0	0.0000	0.0000	0.0000
ENSG00000234398.1	AC134915.1	unprocessed_pseudogene	0	0	0	0.0000	0.0000	0.0000
ENSG00000234399.1	RBMY2XP	unprocessed_pseudogene	0	0	0	0.0000	0.0000	0.0000
ENSG00000234402.1	ELK2BP	unprocessed_pseudogene	1	0	1	0.0463	0.0115	0.0124
ENSG00000234404.2	SPRYD7P1	processed_pseudogene	0	0	0	0.0000	0.0000	0.0000
ENSG00000234405.2	Z69733.1	lncRNA	7	9	16	0.2052	0.0509	0.0550
ENSG00000234406.1	AC004129.2	processed_pseudogene	0	0	0	0.0000	0.0000	0.0000
ENSG00000234409.7	CCDC188	protein_coding	15	7	8	0.5320	0.1319	0.1426
ENSG00000234413.1	MPV17L2P1	processed_pseudogene	0	0	0	0.0000	0.0000	0.0000
ENSG00000234414.7	RBMY1A1	protein_coding	0	0	0	0.0000	0.0000	0.0000
ENSG00000234415.1	RPL5P7	processed_pseudogene	0	0	0	0.0000	0.0000	0.0000
ENSG00000234418.2	AC015983.2	lncRNA	0	0	0	0.0000	0.0000	0.0000
ENSG00000234419.1	CICP13	processed_pseudogene	0	0	0	0.0000	0.0000	0.0000
ENSG00000234420.7	ZNF37BP	transcribed_processed_pseudogene	1667	845	822	9.2176	2.2859	2.4715
ENSG00000234421.2	SLC25A5P4	processed_pseudogene	0	0	0	0.0000	0.0000	0.0000
ENSG00000234422.1	UBE2WP1	processed_pseudogene	0	0	0	0.0000	0.0000	0.0000
ENSG00000234423.2	LINC01250	lncRNA	0	0	0	0.0000	0.0000	0.0000
ENSG00000234424.2	AL353743.4	unprocessed_pseudogene	1	3	2	0.0367	0.0091	0.0098
ENSG00000234425.1	AL138930.1	lncRNA	2	1	1	0.1786	0.0443	0.0479
ENSG00000234426.3	AL139042.1	lncRNA	0	0	0	0.0000	0.0000	0.0000
ENSG00000234427.1	AL022724.2	lncRNA	1	1	0	0.1024	0.0254	0.0274
ENSG00000234428.2	AC023051.1	lncRNA	2	1	1	0.1295	0.0321	0.0347
ENSG00000234429.1	ANKRD11P1	processed_pseudogene	0	0	0	0.0000	0.0000	0.0000
ENSG00000234431.2	AC007283.1	lncRNA	0	0	0	0.0000	0.0000	0.0000
ENSG00000234432.4	AC092171.3	lncRNA	450	267	280	9.6264	2.3872	2.5811
ENSG00000234435.3	LINC01432	lncRNA	0	0	0	0.0000	0.0000	0.0000
ENSG00000234436.1	AC245884.2	unprocessed_pseudogene	0	0	0	0.0000	0.0000	0.0000
ENSG00000234438.5	KBTBD13	protein_coding	2	0	2	0.0354	0.0088	0.0095
ENSG00000234439.1	KRT18P2	processed_pseudogene	0	0	0	0.0000	0.0000	0.0000
ENSG00000234441.1	AC105272.1	unprocessed_pseudogene	0	0	0	0.0000	0.0000	0.0000
ENSG00000234442.4	BX276092.5	transcribed_unprocessed_pseudogene	0	0	0	0.0000	0.0000	0.0000
ENSG00000234444.10	ZNF736	protein_coding	680	333	347	3.4483	0.8552	0.9246
ENSG00000234445.1	FGF14-AS1	lncRNA	1	0	1	0.1056	0.0262	0.0283
ENSG00000234446.3	AC068489.1	lncRNA	0	0	0	0.0000	0.0000	0.0000
ENSG00000234448.1	AL606490.7	processed_pseudogene	0	0	0	0.0000	0.0000	0.0000
ENSG00000234450.1	AC005534.1	processed_pseudogene	1	1	0	0.1310	0.0325	0.0351
ENSG00000234451.1	BX005266.3	processed_pseudogene	0	0	0	0.0000	0.0000	0.0000
ENSG00000234452.5	SLC16A12-AS1	lncRNA	0	1	0	0.0000	0.0000	0.0000
ENSG00000234455.1	AC067960.1	lncRNA	0	0	0	0.0000	0.0000	0.0000
ENSG00000234456.8	MAGI2-AS3	lncRNA	1435	737	711	4.5762	1.1349	1.2270
ENSG00000234457.1	AC006960.1	processed_pseudogene	0	0	0	0.0000	0.0000	0.0000
ENSG00000234458.4	OR7E130P	unprocessed_pseudogene	0	0	0	0.0000	0.0000	0.0000
ENSG00000234459.1	AC002064.2	lncRNA	10	6	4	1.9623	0.4866	0.5262
ENSG00000234460.2	AL772337.3	transcribed_unprocessed_pseudogene	0	0	0	0.0000	0.0000	0.0000
ENSG00000234463.1	COX6CP12	processed_pseudogene	0	0	0	0.0000	0.0000	0.0000
ENSG00000234464.2	AL356010.2	lncRNA	0	0	1	0.0000	0.0000	0.0000
ENSG00000234465.11	PINLYP	protein_coding	103	48	56	1.2784	0.3170	0.3428
ENSG00000234466.1	HDGFL3P1	processed_pseudogene	1	1	0	0.0634	0.0157	0.0170
ENSG00000234467.1	SLC25A1P2	processed_pseudogene	0	0	0	0.0000	0.0000	0.0000
ENSG00000234469.4	CLDN34	protein_coding	4	2	2	0.2280	0.0565	0.0611
ENSG00000234471.1	AC147651.1	lncRNA	0	0	0	0.0000	0.0000	0.0000
ENSG00000234473.1	ZNF101P2	processed_pseudogene	0	0	0	0.0000	0.0000	0.0000
ENSG00000234474.3	MIR3663HG	lncRNA	0	0	0	0.0000	0.0000	0.0000
ENSG00000234476.3	LINC02765	lncRNA	1	1	0	0.0250	0.0062	0.0067
ENSG00000234477.1	AC004231.1	lncRNA	24	991	914	1.6700	0.4141	0.4478
ENSG00000234478.1	ACBD3-AS1	lncRNA	9	498	493	0.9540	0.2366	0.2558
ENSG00000234479.2	AP1B1P1	transcribed_unprocessed_pseudogene	0	0	0	0.0000	0.0000	0.0000
ENSG00000234480.1	MTCO2P18	unprocessed_pseudogene	0	0	0	0.0000	0.0000	0.0000
ENSG00000234481.2	AC117945.1	lncRNA	1	0	1	0.0729	0.0181	0.0195
ENSG00000234484.1	AL032821.1	lncRNA	0	4	5	0.0000	0.0000	0.0000
ENSG00000234485.5	OR7E46P	unprocessed_pseudogene	0	0	0	0.0000	0.0000	0.0000
ENSG00000234488.1	RPL27P6	processed_pseudogene	0	0	0	0.0000	0.0000	0.0000
ENSG00000234489.1	ALDH7A1P4	processed_pseudogene	0	0	0	0.0000	0.0000	0.0000
ENSG00000234491.1	HNRNPA1P51	processed_pseudogene	0	0	0	0.0000	0.0000	0.0000
ENSG00000234492.4	RPL34-DT	lncRNA	41	24	18	0.5088	0.1262	0.1364
ENSG00000234493.4	RHOXF1P1	transcribed_unprocessed_pseudogene	0	0	0	0.0000	0.0000	0.0000
ENSG00000234494.7	SP2-AS1	lncRNA	169	98	72	3.7866	0.9390	1.0153
ENSG00000234496.2	MRPS21P1	processed_pseudogene	0	0	0	0.0000	0.0000	0.0000
ENSG00000234497.5	ERICH3-AS1	lncRNA	0	0	1	0.0000	0.0000	0.0000
ENSG00000234498.3	RPL13AP20	processed_pseudogene	92	49	43	8.5670	2.1245	2.2971
ENSG00000234500.1	AC008267.3	unprocessed_pseudogene	37	16	21	2.9470	0.7308	0.7902
ENSG00000234502.2	FYTTD1P1	processed_pseudogene	0	0	0	0.0000	0.0000	0.0000
ENSG00000234503.1	AP000550.2	lncRNA	0	0	0	0.0000	0.0000	0.0000
ENSG00000234504.2	AL353801.2	lncRNA	0	0	0	0.0000	0.0000	0.0000
ENSG00000234506.5	LINC01506	lncRNA	3	2	1	0.3234	0.0802	0.0867
ENSG00000234509.1	AP000253.1	lncRNA	3	1	2	0.0762	0.0189	0.0204
ENSG00000234511.10	C5orf58	protein_coding	7	130	124	0.1247	0.0309	0.0334
ENSG00000234512.1	TLR12P	unitary_pseudogene	4	2	2	0.0838	0.0208	0.0225
ENSG00000234513.1	AC073072.1	processed_pseudogene	2	0	2	0.3259	0.0808	0.0874
ENSG00000234515.1	PPP1R2P1	transcribed_processed_pseudogene	3	2	1	0.2509	0.0622	0.0673
ENSG00000234518.2	PTGES3P1	processed_pseudogene	433	190	243	50.8394	12.6077	13.6317
ENSG00000234519.2	AL109924.2	lncRNA	0	0	0	0.0000	0.0000	0.0000
ENSG00000234520.6	HRAT17	lncRNA	2	1	1	0.0296	0.0074	0.0079
ENSG00000234521.2	AC005041.2	transcribed_unitary_pseudogene	0	0	0	0.0000	0.0000	0.0000
ENSG00000234522.1	AC073587.1	unprocessed_pseudogene	0	0	0	0.0000	0.0000	0.0000
ENSG00000234523.1	NDUFB1P2	processed_pseudogene	0	0	0	0.0000	0.0000	0.0000
ENSG00000234524.1	RPL12P43	processed_pseudogene	0	0	0	0.0000	0.0000	0.0000
ENSG00000234527.1	PCDH9-AS1	lncRNA	0	0	0	0.0000	0.0000	0.0000
ENSG00000234529.2	GAPDHP19	processed_pseudogene	0	0	0	0.0000	0.0000	0.0000
ENSG00000234534.1	CSNK1G2P1	processed_pseudogene	0	0	0	0.0000	0.0000	0.0000
ENSG00000234535.1	AL161719.1	lncRNA	0	4	1	0.0000	0.0000	0.0000
ENSG00000234537.1	AL354751.1	unprocessed_pseudogene	6	4	2	0.1826	0.0453	0.0490
ENSG00000234538.1	ZNF114P1	processed_pseudogene	0	0	0	0.0000	0.0000	0.0000
ENSG00000234540.1	AL080313.1	lncRNA	0	0	0	0.0000	0.0000	0.0000
ENSG00000234541.2	CHEK2P5	unprocessed_pseudogene	0	0	0	0.0000	0.0000	0.0000
ENSG00000234542.1	AL357127.1	lncRNA	0	0	0	0.0000	0.0000	0.0000
ENSG00000234544.2	PTGES3P5	processed_pseudogene	0	0	0	0.0000	0.0000	0.0000
ENSG00000234545.8	FAM133B	protein_coding	757	370	387	9.5484	2.3679	2.5602
ENSG00000234546.4	LNCTAM34A	lncRNA	83	66	53	2.1985	0.5452	0.5895
ENSG00000234548.7	LINC02020	lncRNA	0	0	0	0.0000	0.0000	0.0000
ENSG00000234551.2	LINC01309	lncRNA	0	0	0	0.0000	0.0000	0.0000
ENSG00000234553.1	AC022431.1	lncRNA	20	9	11	2.1160	0.5248	0.5674
ENSG00000234556.1	LINC00701	lncRNA	0	0	0	0.0000	0.0000	0.0000
ENSG00000234557.2	PPIAP90	processed_pseudogene	0	1	1	0.0000	0.0000	0.0000
ENSG00000234558.1	API5P1	processed_pseudogene	2	0	2	0.0751	0.0186	0.0201
ENSG00000234559.1	RPL22P7	processed_pseudogene	0	0	0	0.0000	0.0000	0.0000
ENSG00000234560.4	OR10G8	protein_coding	0	0	0	0.0000	0.0000	0.0000
ENSG00000234562.1	TPMTP2	processed_pseudogene	4	2	2	0.3125	0.0775	0.0838
ENSG00000234564.1	HSPA8P20	processed_pseudogene	0	0	0	0.0000	0.0000	0.0000
ENSG00000234565.1	COX6B1P1	processed_pseudogene	0	0	0	0.0000	0.0000	0.0000
ENSG00000234566.1	RPL7AP71	processed_pseudogene	0	0	0	0.0000	0.0000	0.0000
ENSG00000234567.1	AL024497.2	lncRNA	0	0	0	0.0000	0.0000	0.0000
ENSG00000234568.3	BIN2P1	processed_pseudogene	1	1	0	0.0371	0.0092	0.0099
ENSG00000234569.1	RAD1P1	processed_pseudogene	0	0	0	0.0000	0.0000	0.0000
ENSG00000234570.1	ZFRP1	processed_pseudogene	0	0	0	0.0000	0.0000	0.0000
ENSG00000234571.2	H2BP2	transcribed_unprocessed_pseudogene	13	7	6	0.1795	0.0445	0.0481
ENSG00000234572.1	LINC01800	lncRNA	1	1	0	0.0287	0.0071	0.0077
ENSG00000234573.1	AL121890.1	processed_pseudogene	0	0	0	0.0000	0.0000	0.0000
ENSG00000234575.2	CTSLP8	unprocessed_pseudogene	0	0	0	0.0000	0.0000	0.0000
ENSG00000234576.2	MTND1P26	unprocessed_pseudogene	0	0	0	0.0000	0.0000	0.0000
ENSG00000234577.1	SYNE1-AS1	lncRNA	0	8	13	0.0000	0.0000	0.0000
ENSG00000234578.1	AL355483.3	lncRNA	0	1	3	0.0000	0.0000	0.0000
ENSG00000234579.1	AC009305.1	lncRNA	0	0	1	0.0000	0.0000	0.0000
ENSG00000234580.1	AL356157.1	lncRNA	0	0	0	0.0000	0.0000	0.0000
ENSG00000234583.1	TSPY19P	unprocessed_pseudogene	0	0	0	0.0000	0.0000	0.0000
ENSG00000234584.1	AC019186.1	lncRNA	5	2	3	0.5203	0.1290	0.1395
ENSG00000234585.6	CCT6P3	transcribed_unprocessed_pseudogene	277	141	136	4.0073	0.9938	1.0745
ENSG00000234586.2	AL161449.1	processed_pseudogene	1	0	1	0.0473	0.0117	0.0127
ENSG00000234587.1	MRPL50P1	processed_pseudogene	0	0	0	0.0000	0.0000	0.0000
ENSG00000234588.1	FABP5P14	processed_pseudogene	1	1	0	0.1443	0.0358	0.0387
ENSG00000234589.4	AC125807.1	processed_pseudogene	10	3	7	0.9236	0.2290	0.2477
ENSG00000234590.1	GNG5P5	processed_pseudogene	1	0	1	0.2578	0.0639	0.0691
ENSG00000234592.1	AL359845.1	processed_pseudogene	0	0	0	0.0000	0.0000	0.0000
ENSG00000234593.3	KAZN-AS1	lncRNA	13	9	4	0.2580	0.0640	0.0692
ENSG00000234594.1	AC008134.1	processed_pseudogene	0	0	0	0.0000	0.0000	0.0000
ENSG00000234595.1	AC013733.2	lncRNA	0	0	0	0.0000	0.0000	0.0000
ENSG00000234597.2	AC010096.1	lncRNA	1	1	0	0.0332	0.0082	0.0089
ENSG00000234601.1	CHRM3-AS1	lncRNA	0	0	0	0.0000	0.0000	0.0000
ENSG00000234602.9	MCIDAS	protein_coding	0	0	0	0.0000	0.0000	0.0000
ENSG00000234604.2	AL021068.1	processed_pseudogene	7	3	4	3.9697	0.9844	1.0644
ENSG00000234607.2	AL355994.4	processed_pseudogene	2	1	1	0.2015	0.0500	0.0540
ENSG00000234608.8	MAPKAPK5-AS1	lncRNA	873	500	445	15.7718	3.9113	4.2290
ENSG00000234611.1	OR2AT2P	transcribed_unitary_pseudogene	0	0	0	0.0000	0.0000	0.0000
ENSG00000234612.1	H2AZP5	processed_pseudogene	0	0	0	0.0000	0.0000	0.0000
ENSG00000234613.1	AL031584.2	lncRNA	0	0	0	0.0000	0.0000	0.0000
ENSG00000234614.1	C2CD4D-AS1	lncRNA	50	31	39	5.6038	1.3897	1.5026
ENSG00000234616.9	JRK	protein_coding	1207	607	608	6.0957	1.5117	1.6345
ENSG00000234617.2	SNRK-AS1	lncRNA	17	648	609	0.4148	0.1029	0.1112
ENSG00000234618.1	RPSAP9	processed_pseudogene	15	7	10	0.9579	0.2376	0.2569
ENSG00000234619.1	RPL7P11	processed_pseudogene	2	0	2	0.1724	0.0427	0.0462
ENSG00000234620.1	PUDPP1	unprocessed_pseudogene	0	0	0	0.0000	0.0000	0.0000
ENSG00000234622.6	AL683807.2	lncRNA	5	3	2	0.5174	0.1283	0.1387
ENSG00000234622.6_PAR_Y	AL683807.2	lncRNA	0	0	0	0.0000	0.0000	0.0000
ENSG00000234624.2	AC016894.1	processed_pseudogene	0	0	0	0.0000	0.0000	0.0000
ENSG00000234625.1	LINC00380	lncRNA	0	0	0	0.0000	0.0000	0.0000
ENSG00000234626.2	AL021937.3	lncRNA	0	0	0	0.0000	0.0000	0.0000
ENSG00000234627.3	NUS1P3	processed_pseudogene	0	0	0	0.0000	0.0000	0.0000
ENSG00000234629.1	WDR82P1	processed_pseudogene	0	0	0	0.0000	0.0000	0.0000
ENSG00000234630.1	AC245060.2	lncRNA	12	6	6	1.2987	0.3221	0.3482
ENSG00000234632.1	NECAP1P2	processed_pseudogene	1	1	0	0.0780	0.0193	0.0209
ENSG00000234634.2	LINC02093	lncRNA	0	0	0	0.0000	0.0000	0.0000
ENSG00000234636.2	MED14OS	lncRNA	23	35	32	1.4493	0.3594	0.3886
ENSG00000234637.1	RPS19P6	processed_pseudogene	0	0	0	0.0000	0.0000	0.0000
ENSG00000234638.1	AC053503.3	lncRNA	0	5	4	0.0000	0.0000	0.0000
ENSG00000234639.1	AC009263.1	processed_pseudogene	0	0	0	0.0000	0.0000	0.0000
ENSG00000234640.1	AL390763.1	lncRNA	0	0	0	0.0000	0.0000	0.0000
ENSG00000234644.2	OTX2P1	processed_pseudogene	0	0	0	0.0000	0.0000	0.0000
ENSG00000234645.3	YWHAEP5	processed_pseudogene	6	3	3	0.4448	0.1103	0.1193
ENSG00000234646.7	AL049651.2	lncRNA	6	2	4	0.2737	0.0679	0.0734
ENSG00000234647.2	AL606970.3	lncRNA	0	0	0	0.0000	0.0000	0.0000
ENSG00000234648.1	AL162151.2	processed_pseudogene	42	35	12	15.0748	3.7384	4.0421
ENSG00000234650.6	PCCA-AS1	lncRNA	5	3	2	0.2850	0.0707	0.0764
ENSG00000234652.1	AGPAT5P1	processed_pseudogene	0	0	0	0.0000	0.0000	0.0000
ENSG00000234653.1	LRRTM4-AS1	lncRNA	0	0	0	0.0000	0.0000	0.0000
ENSG00000234655.3	OR7E155P	unprocessed_pseudogene	0	0	0	0.0000	0.0000	0.0000
ENSG00000234658.1	AC013429.1	processed_pseudogene	0	0	0	0.0000	0.0000	0.0000
ENSG00000234660.2	LINC00440	lncRNA	0	0	0	0.0000	0.0000	0.0000
ENSG00000234661.2	CHL1-AS1	lncRNA	0	2	4	0.0000	0.0000	0.0000
ENSG00000234663.7	LINC01934	lncRNA	5	2	3	0.0188	0.0047	0.0051
ENSG00000234664.1	HMGN2P5	processed_pseudogene	48	20	28	9.9710	2.4727	2.6736
ENSG00000234665.9	LERFS	lncRNA	1	6	8	0.0092	0.0023	0.0025
ENSG00000234667.2	ACTBP13	unitary_pseudogene	0	0	0	0.0000	0.0000	0.0000
ENSG00000234670.1	OR6C64P	unprocessed_pseudogene	0	0	0	0.0000	0.0000	0.0000
ENSG00000234671.1	MTCYBP5	unprocessed_pseudogene	0	0	0	0.0000	0.0000	0.0000
ENSG00000234675.1	AL445123.1	lncRNA	0	0	0	0.0000	0.0000	0.0000
ENSG00000234676.1	IFT74-AS1	lncRNA	7	7	0	0.9802	0.2431	0.2628
ENSG00000234677.1	AC068058.1	lncRNA	0	0	0	0.0000	0.0000	0.0000
ENSG00000234678.2	ELF3-AS1	lncRNA	368	1406	1449	3.7474	0.9293	1.0048
ENSG00000234680.1	VN2R3P	unitary_pseudogene	0	0	0	0.0000	0.0000	0.0000
ENSG00000234682.1	VDAC2P4	processed_pseudogene	0	0	0	0.0000	0.0000	0.0000
ENSG00000234683.1	AL138799.2	processed_pseudogene	1	0	1	0.1620	0.0402	0.0434
ENSG00000234684.7	SDCBP2-AS1	lncRNA	205	155	148	2.1902	0.5431	0.5873
ENSG00000234685.1	NUS1P2	processed_pseudogene	1	1	1	0.0650	0.0161	0.0174
ENSG00000234686.1	AC091730.1	lncRNA	0	0	0	0.0000	0.0000	0.0000
ENSG00000234688.1	AL049749.1	lncRNA	0	0	0	0.0000	0.0000	0.0000
ENSG00000234690.7	EPCAM-DT	lncRNA	9	4	5	0.1420	0.0352	0.0381
ENSG00000234692.1	AL355601.1	lncRNA	0	0	0	0.0000	0.0000	0.0000
ENSG00000234693.1	RIPOR3-AS1	lncRNA	10	4	6	0.5883	0.1459	0.1577
ENSG00000234694.1	AL139289.1	lncRNA	110	61	50	9.4374	2.3404	2.5305
ENSG00000234695.1	TFPI2-DT	lncRNA	0	0	0	0.0000	0.0000	0.0000
ENSG00000234696.1	GPR50-AS1	lncRNA	0	0	0	0.0000	0.0000	0.0000
ENSG00000234698.1	AL161937.1	lncRNA	0	0	0	0.0000	0.0000	0.0000
ENSG00000234699.1	AL139339.1	lncRNA	31	22	11	2.6758	0.6636	0.7175
ENSG00000234700.1	MTCO1P8	unprocessed_pseudogene	0	0	0	0.0000	0.0000	0.0000
ENSG00000234701.1	PRDX3P3	processed_pseudogene	0	0	0	0.0000	0.0000	0.0000
ENSG00000234702.1	VDAC1P3	processed_pseudogene	1	0	1	0.0666	0.0165	0.0179
ENSG00000234703.1	AF015262.1	lncRNA	125	68	57	10.1558	2.5185	2.7231
ENSG00000234705.2	HMGA1P4	lncRNA	43	18	25	5.4676	1.3559	1.4660
ENSG00000234706.1	PRUNEP1	processed_pseudogene	0	0	0	0.0000	0.0000	0.0000
ENSG00000234707.3	SEC61G-DT	lncRNA	3	0	3	0.1175	0.0291	0.0315
ENSG00000234709.2	UPF3AP3	transcribed_processed_pseudogene	13	9	4	0.9587	0.2377	0.2571
ENSG00000234710.2	AC060834.2	lncRNA	0	0	0	0.0000	0.0000	0.0000
ENSG00000234711.1	TUBB8P11	unprocessed_pseudogene	0	0	0	0.0000	0.0000	0.0000
ENSG00000234712.1	AL713923.1	lncRNA	0	0	0	0.0000	0.0000	0.0000
ENSG00000234713.3	AC022616.1	processed_pseudogene	0	0	0	0.0000	0.0000	0.0000
ENSG00000234714.1	AC009965.1	lncRNA	0	0	0	0.0000	0.0000	0.0000
ENSG00000234715.2	AC005064.1	lncRNA	1	0	1	0.0208	0.0052	0.0056
ENSG00000234716.1	AC092447.6	processed_pseudogene	0	0	0	0.0000	0.0000	0.0000
ENSG00000234717.2	TMEM212-AS1	lncRNA	1	1	0	0.0653	0.0162	0.0175
ENSG00000234718.7	AC007161.1	transcribed_processed_pseudogene	2	2	0	0.0758	0.0188	0.0203
ENSG00000234719.9	NPIPB2	protein_coding	0	0	0	0.0000	0.0000	0.0000
ENSG00000234720.3	ATP5F1AP8	processed_pseudogene	0	0	0	0.0000	0.0000	0.0000
ENSG00000234721.3	LINC02092	lncRNA	0	0	0	0.0000	0.0000	0.0000
ENSG00000234722.5	LINC01287	lncRNA	5	3	2	0.0281	0.0070	0.0075
ENSG00000234723.1	AC092421.1	unprocessed_pseudogene	0	0	0	0.0000	0.0000	0.0000
ENSG00000234724.1	HDAC1P1	processed_pseudogene	0	0	0	0.0000	0.0000	0.0000
ENSG00000234726.1	AC245060.3	processed_pseudogene	0	0	0	0.0000	0.0000	0.0000
ENSG00000234730.1	AP001117.1	lncRNA	0	0	0	0.0000	0.0000	0.0000
ENSG00000234731.2	MTND4LP16	unprocessed_pseudogene	0	0	0	0.0000	0.0000	0.0000
ENSG00000234732.1	RPEP5	processed_pseudogene	0	0	0	0.0000	0.0000	0.0000
ENSG00000234735.1	AL022237.1	processed_pseudogene	0	0	0	0.0000	0.0000	0.0000
ENSG00000234736.6	FAM170B-AS1	lncRNA	0	0	0	0.0000	0.0000	0.0000
ENSG00000234737.1	KRT18P15	processed_pseudogene	6	2	4	0.2636	0.0654	0.0707
ENSG00000234740.1	AL162386.2	lncRNA	10	4	6	1.2409	0.3077	0.3327
ENSG00000234741.8	GAS5	lncRNA	6907	3766	3666	80.8955	20.0613	21.6908
ENSG00000234742.1	AC144530.1	processed_pseudogene	62	28	34	6.3352	1.5711	1.6987
ENSG00000234743.1	EIF5AP4	processed_pseudogene	5	3	7	0.6098	0.1512	0.1635
ENSG00000234744.1	USP9YP26	unprocessed_pseudogene	0	0	0	0.0000	0.0000	0.0000
ENSG00000234745.12	HLA-B	protein_coding	87481	52145	46827	1644.9089	407.9208	441.0550
ENSG00000234748.1	AL109913.1	processed_pseudogene	0	0	0	0.0000	0.0000	0.0000
ENSG00000234749.5	FAM90A21P	unprocessed_pseudogene	0	0	0	0.0000	0.0000	0.0000
ENSG00000234750.1	AC012618.2	processed_pseudogene	11	5	6	0.7348	0.1822	0.1970
ENSG00000234751.1	AP002381.1	processed_pseudogene	5	3	2	0.4611	0.1143	0.1236
ENSG00000234752.1	LINC02676	lncRNA	1	0	1	0.1549	0.0384	0.0415
ENSG00000234753.5	FOXP4-AS1	lncRNA	19	11	8	1.1536	0.2861	0.3093
ENSG00000234754.2	LINC02817	lncRNA	9	5	4	0.1126	0.0279	0.0302
ENSG00000234756.1	LINC02621	lncRNA	2	0	2	0.1607	0.0398	0.0431
ENSG00000234758.1	AC034228.2	lncRNA	0	2	2	0.0000	0.0000	0.0000
ENSG00000234761.1	MGAT4FP	transcribed_unprocessed_pseudogene	0	0	0	0.0000	0.0000	0.0000
ENSG00000234763.3	AL359378.1	lncRNA	1	2	2	0.0397	0.0098	0.0106
ENSG00000234764.2	E2F6P1	processed_pseudogene	0	0	0	0.0000	0.0000	0.0000
ENSG00000234765.1	ELL2P3	processed_pseudogene	0	0	0	0.0000	0.0000	0.0000
ENSG00000234766.2	LINC01496	lncRNA	0	0	0	0.0000	0.0000	0.0000
ENSG00000234767.2	LINC01052	lncRNA	0	0	0	0.0000	0.0000	0.0000
ENSG00000234768.1	AL611929.1	lncRNA	0	0	0	0.0000	0.0000	0.0000
ENSG00000234769.7	WASH4P	unprocessed_pseudogene	38	15	23	1.7295	0.4289	0.4637
ENSG00000234770.1	GULOP	unitary_pseudogene	1	0	1	0.0758	0.0188	0.0203
ENSG00000234771.3	SLC25A25-AS1	lncRNA	314	342	386	2.7863	0.6910	0.7471
ENSG00000234772.2	LINC00412	lncRNA	7	4	3	0.6107	0.1515	0.1638
ENSG00000234773.7	AC012618.3	transcribed_unprocessed_pseudogene	19	38	57	0.3431	0.0851	0.0920
ENSG00000234775.2	AC105940.2	lncRNA	4	21	17	0.0743	0.0184	0.0199
ENSG00000234776.5	C11orf94	protein_coding	3	2	1	0.2239	0.0555	0.0600
ENSG00000234777.3	LINC02529	lncRNA	0	0	0	0.0000	0.0000	0.0000
ENSG00000234779.1	BNC2-AS1	lncRNA	21	8	13	2.7825	0.6900	0.7461
ENSG00000234780.1	AC245047.3	processed_pseudogene	0	0	0	0.0000	0.0000	0.0000
ENSG00000234781.2	LINC01103	lncRNA	0	0	0	0.0000	0.0000	0.0000
ENSG00000234782.3	TPT1P9	processed_pseudogene	5	2	3	0.5517	0.1368	0.1479
ENSG00000234784.2	AL606517.2	processed_pseudogene	0	0	0	0.0000	0.0000	0.0000
ENSG00000234785.1	EEF1GP5	processed_pseudogene	2	2	1	0.0866	0.0215	0.0232
ENSG00000234787.8	LINC00458	lncRNA	0	0	0	0.0000	0.0000	0.0000
ENSG00000234788.1	HSPA8P3	processed_pseudogene	1	1	0	0.0727	0.0180	0.0195
ENSG00000234789.1	AL590369.1	lncRNA	1	61	61	0.1207	0.0299	0.0324
ENSG00000234790.1	NUTF2P4	processed_pseudogene	0	0	0	0.0000	0.0000	0.0000
ENSG00000234791.1	AC108448.1	lncRNA	0	0	0	0.0000	0.0000	0.0000
ENSG00000234792.1	AL450023.2	processed_pseudogene	0	0	0	0.0000	0.0000	0.0000
ENSG00000234793.1	AC114730.2	lncRNA	1	42	33	0.0849	0.0211	0.0228
ENSG00000234795.10	RFTN1P1	transcribed_unprocessed_pseudogene	0	0	0	0.0000	0.0000	0.0000
ENSG00000234796.1	AC113607.1	lncRNA	2	2	0	0.1926	0.0478	0.0516
ENSG00000234797.5	RPS3AP6	processed_pseudogene	47	24	23	3.3527	0.8314	0.8990
ENSG00000234800.2	PCMTD1P3	processed_pseudogene	0	0	0	0.0000	0.0000	0.0000
ENSG00000234801.3	MORF4	processed_pseudogene	3	2	1	0.1752	0.0435	0.0470
ENSG00000234803.8	FAM197Y2	transcribed_unprocessed_pseudogene	0	0	0	0.0000	0.0000	0.0000
ENSG00000234805.1	AC090505.1	processed_pseudogene	0	0	0	0.0000	0.0000	0.0000
ENSG00000234806.1	RPL26P29	processed_pseudogene	1	1	0	0.1295	0.0321	0.0347
ENSG00000234807.7	LINC01135	lncRNA	356	170	186	4.0241	0.9979	1.0790
ENSG00000234810.4	AL603840.1	lncRNA	4	2	2	0.0267	0.0066	0.0072
ENSG00000234811.1	AL161932.1	processed_pseudogene	0	0	0	0.0000	0.0000	0.0000
ENSG00000234812.1	BX664727.2	processed_pseudogene	0	0	0	0.0000	0.0000	0.0000
ENSG00000234813.1	AL357520.1	processed_pseudogene	0	0	0	0.0000	0.0000	0.0000
ENSG00000234814.8	SVIL2P	transcribed_unprocessed_pseudogene	55	27	29	0.9651	0.2393	0.2588
ENSG00000234816.2	H2AC5P	unprocessed_pseudogene	0	0	0	0.0000	0.0000	0.0000
ENSG00000234817.2	ECI2-DT	lncRNA	9	5	4	0.2242	0.0556	0.0601
ENSG00000234818.1	AC007314.1	lncRNA	3	286	264	0.3011	0.0747	0.0807
ENSG00000234819.1	AL353705.3	processed_pseudogene	0	0	0	0.0000	0.0000	0.0000
ENSG00000234821.1	MRPS33P4	processed_pseudogene	0	0	0	0.0000	0.0000	0.0000
ENSG00000234825.3	XRCC6P2	processed_pseudogene	13	7	6	0.4046	0.1003	0.1085
ENSG00000234826.1	AC003084.1	lncRNA	1	1	0	0.1304	0.0323	0.0350
ENSG00000234828.9	IQCM	protein_coding	1	1	0	0.0197	0.0049	0.0053
ENSG00000234829.4	IFNA17	protein_coding	0	0	0	0.0000	0.0000	0.0000
ENSG00000234830.8	FAM197Y9	transcribed_unprocessed_pseudogene	0	0	0	0.0000	0.0000	0.0000
ENSG00000234832.1	NXT1-AS1	lncRNA	2	1	2	0.1393	0.0346	0.0374
ENSG00000234835.1	PHBP13	processed_pseudogene	0	0	0	0.0000	0.0000	0.0000
ENSG00000234837.1	AC073464.2	processed_pseudogene	0	0	0	0.0000	0.0000	0.0000
ENSG00000234838.3	PPIAP78	processed_pseudogene	0	0	0	0.0000	0.0000	0.0000
ENSG00000234839.1	RPS26P30	processed_pseudogene	0	0	0	0.0000	0.0000	0.0000
ENSG00000234840.2	LINC01239	lncRNA	18	10	8	0.2859	0.0709	0.0767
ENSG00000234841.4	AC017007.2	processed_pseudogene	0	0	0	0.0000	0.0000	0.0000
ENSG00000234842.1	MTCO2P16	unprocessed_pseudogene	2	0	2	0.1675	0.0415	0.0449
ENSG00000234844.1	CDC42P2	processed_pseudogene	2	0	2	0.1993	0.0494	0.0534
ENSG00000234848.1	AC008758.2	lncRNA	3	0	3	0.2448	0.0607	0.0656
ENSG00000234850.1	MTND2P3	processed_pseudogene	0	0	0	0.0000	0.0000	0.0000
ENSG00000234851.4	RPL23AP42	processed_pseudogene	0	68	58	0.0000	0.0000	0.0000
ENSG00000234853.2	NDUFA5P3	processed_pseudogene	0	0	0	0.0000	0.0000	0.0000
ENSG00000234854.1	LINC00676	lncRNA	0	0	0	0.0000	0.0000	0.0000
ENSG00000234855.2	SLIT1-AS1	lncRNA	1	1	0	0.0408	0.0101	0.0109
ENSG00000234857.2	HNRNPUL2-BSCL2	protein_coding	0	0	0	0.0000	0.0000	0.0000
ENSG00000234859.5	AC003958.2	lncRNA	12	12	15	0.1673	0.0415	0.0449
ENSG00000234860.2	AL162394.1	lncRNA	0	0	0	0.0000	0.0000	0.0000
ENSG00000234861.2	ATP5F1AP1	processed_pseudogene	0	0	0	0.0000	0.0000	0.0000
ENSG00000234862.1	AL035258.1	lncRNA	0	0	0	0.0000	0.0000	0.0000
ENSG00000234863.1	AC096644.1	processed_pseudogene	0	0	0	0.0000	0.0000	0.0000
ENSG00000234864.2	LINC02632	lncRNA	0	0	0	0.0000	0.0000	0.0000
ENSG00000234865.3	ADH5P5	transcribed_processed_pseudogene	1	1	0	0.1611	0.0400	0.0432
ENSG00000234869.1	AL021392.1	lncRNA	116	66	51	2.2307	0.5532	0.5981
ENSG00000234872.2	AL358176.5	processed_pseudogene	0	0	0	0.0000	0.0000	0.0000
ENSG00000234877.2	AC092660.1	lncRNA	0	0	0	0.0000	0.0000	0.0000
ENSG00000234878.1	HSPE1P1	processed_pseudogene	0	0	0	0.0000	0.0000	0.0000
ENSG00000234880.1	LINC00163	lncRNA	0	0	0	0.0000	0.0000	0.0000
ENSG00000234881.1	PIGFP2	processed_pseudogene	0	0	0	0.0000	0.0000	0.0000
ENSG00000234882.1	EIF3EP1	processed_pseudogene	0	0	0	0.0000	0.0000	0.0000
ENSG00000234883.6	MIR155HG	lncRNA	76	37	39	2.6887	0.6668	0.7209
ENSG00000234884.2	AL022329.1	lncRNA	3	0	3	0.0918	0.0228	0.0246
ENSG00000234886.1	MTND5P26	processed_pseudogene	0	0	0	0.0000	0.0000	0.0000
ENSG00000234888.1	OFD1P15Y	unprocessed_pseudogene	0	0	0	0.0000	0.0000	0.0000
ENSG00000234889.2	KPNB1P1	processed_pseudogene	1	0	1	0.0205	0.0051	0.0055
ENSG00000234890.1	HNRNPDLP2	unprocessed_pseudogene	1	1	0	0.0755	0.0187	0.0202
ENSG00000234891.1	Z82196.1	lncRNA	0	0	0	0.0000	0.0000	0.0000
ENSG00000234892.1	Z82214.1	lncRNA	0	21	26	0.0000	0.0000	0.0000
ENSG00000234894.1	AL139327.2	unprocessed_pseudogene	0	0	0	0.0000	0.0000	0.0000
ENSG00000234895.1	OR52X1P	unitary_pseudogene	0	0	0	0.0000	0.0000	0.0000
ENSG00000234896.1	OR7E62P	unprocessed_pseudogene	30	10	20	3.5667	0.8845	0.9563
ENSG00000234898.1	CHEK2P3	unprocessed_pseudogene	0	0	0	0.0000	0.0000	0.0000
ENSG00000234899.11	SOX9-AS1	lncRNA	12	6	6	0.0430	0.0107	0.0115
ENSG00000234900.1	AL135937.1	lncRNA	0	0	0	0.0000	0.0000	0.0000
ENSG00000234901.1	MTND6P13	processed_pseudogene	0	0	0	0.0000	0.0000	0.0000
ENSG00000234902.6	AC007879.3	lncRNA	1	1	0	0.0518	0.0128	0.0139
ENSG00000234903.1	AC133104.1	unprocessed_pseudogene	0	0	0	0.0000	0.0000	0.0000
ENSG00000234906.11	APOC2	protein_coding	2	1	1	0.0898	0.0223	0.0241
ENSG00000234907.1	AL593851.1	processed_pseudogene	0	0	0	0.0000	0.0000	0.0000
ENSG00000234910.2	IL6RP1	processed_pseudogene	0	0	0	0.0000	0.0000	0.0000
ENSG00000234911.2	TEX21P	transcribed_unitary_pseudogene	32	21	12	0.5739	0.1423	0.1539
ENSG00000234912.12	SNHG20	lncRNA	436	210	226	4.0620	1.0073	1.0892
ENSG00000234913.1	AC016027.2	lncRNA	0	0	0	0.0000	0.0000	0.0000
ENSG00000234915.1	AL360091.3	lncRNA	2	1	1	0.2931	0.0727	0.0786
ENSG00000234917.2	AC098484.2	lncRNA	3	3	3	0.2831	0.0702	0.0759
ENSG00000234918.1	AL157387.1	lncRNA	853	432	421	144.3988	35.8095	38.7181
ENSG00000234919.1	LINC01827	lncRNA	0	0	0	0.0000	0.0000	0.0000
ENSG00000234921.1	AC006450.2	lncRNA	0	3	1	0.0000	0.0000	0.0000
ENSG00000234922.1	TSEN15P3	processed_pseudogene	0	0	0	0.0000	0.0000	0.0000
ENSG00000234925.2	ATP5PDP4	processed_pseudogene	5	0	5	0.5969	0.1480	0.1601
ENSG00000234927.1	HMGN1P18	processed_pseudogene	0	0	0	0.0000	0.0000	0.0000
ENSG00000234928.1	LINC01659	lncRNA	1	1	0	0.0524	0.0130	0.0140
ENSG00000234929.2	AC018685.2	lncRNA	0	0	0	0.0000	0.0000	0.0000
ENSG00000234931.1	MARK2P15	processed_pseudogene	0	0	0	0.0000	0.0000	0.0000
ENSG00000234932.2	AC009969.1	processed_pseudogene	0	0	0	0.0000	0.0000	0.0000
ENSG00000234933.1	CDC42P1	processed_pseudogene	0	0	0	0.0000	0.0000	0.0000
ENSG00000234934.1	MTND5P29	unprocessed_pseudogene	0	0	0	0.0000	0.0000	0.0000
ENSG00000234936.1	AC010883.1	lncRNA	14	118	127	1.9948	0.4947	0.5349
ENSG00000234937.1	AL139128.1	processed_pseudogene	4	3	1	0.2411	0.0598	0.0646
ENSG00000234938.2	AC012668.2	lncRNA	0	0	0	0.0000	0.0000	0.0000
ENSG00000234939.1	MTND2P18	unprocessed_pseudogene	0	0	0	0.0000	0.0000	0.0000
ENSG00000234940.1	AC023128.1	lncRNA	0	0	0	0.0000	0.0000	0.0000
ENSG00000234941.1	AL117339.2	processed_pseudogene	1	1	0	0.3501	0.0868	0.0939
ENSG00000234942.3	GRID1-AS1	lncRNA	2	2	0	0.0540	0.0134	0.0145
ENSG00000234943.2	AC092839.1	lncRNA	0	0	0	0.0000	0.0000	0.0000
ENSG00000234944.1	LINC02623	lncRNA	0	0	0	0.0000	0.0000	0.0000
ENSG00000234945.8	GTF3C2-AS1	lncRNA	5	460	458	0.0853	0.0212	0.0229
ENSG00000234946.1	SDHCP3	processed_pseudogene	0	0	0	0.0000	0.0000	0.0000
ENSG00000234948.2	LINC01524	lncRNA	14	8	6	0.0525	0.0130	0.0141
ENSG00000234949.2	AC104667.2	lncRNA	191	118	120	6.5408	1.6221	1.7538
ENSG00000234950.1	RBMY2OP	unprocessed_pseudogene	0	0	0	0.0000	0.0000	0.0000
ENSG00000234952.2	LINC02674	lncRNA	0	0	0	0.0000	0.0000	0.0000
ENSG00000234953.2	AL138799.3	lncRNA	0	0	0	0.0000	0.0000	0.0000
ENSG00000234956.7	LINC02539	lncRNA	0	0	0	0.0000	0.0000	0.0000
ENSG00000234958.6	FABP5P13	processed_pseudogene	0	0	0	0.0000	0.0000	0.0000
ENSG00000234958.6_PAR_Y	FABP5P13	processed_pseudogene	0	0	0	0.0000	0.0000	0.0000
ENSG00000234961.1	AL133415.1	lncRNA	0	20107	19266	0.0000	0.0000	0.0000
ENSG00000234962.6	LINC00700	lncRNA	0	0	0	0.0000	0.0000	0.0000
ENSG00000234964.4	FABP5P7	processed_pseudogene	3	2	1	0.4201	0.1042	0.1126
ENSG00000234965.2	SHISA8	protein_coding	4	2	2	0.1615	0.0400	0.0433
ENSG00000234967.2	AL357558.2	lncRNA	0	0	0	0.0000	0.0000	0.0000
ENSG00000234969.1	AARSD1P1	processed_pseudogene	17	8	9	0.8156	0.2023	0.2187
ENSG00000234973.5	LINC02658	lncRNA	0	0	0	0.0000	0.0000	0.0000
ENSG00000234975.6	FTH1P2	processed_pseudogene	53	37	17	7.2952	1.8091	1.9561
ENSG00000234977.1	AC074389.3	lncRNA	0	0	0	0.0000	0.0000	0.0000
ENSG00000234979.1	Z82185.1	lncRNA	1	0	2	0.1033	0.0256	0.0277
ENSG00000234981.1	AC244034.1	processed_pseudogene	5	5	0	0.3580	0.0888	0.0960
ENSG00000234982.1	AL441963.1	processed_pseudogene	5	4	1	0.3580	0.0888	0.0960
ENSG00000234983.1	AC010132.2	processed_pseudogene	0	15	19	0.0000	0.0000	0.0000
ENSG00000234984.1	FMO10P	unprocessed_pseudogene	0	0	0	0.0000	0.0000	0.0000
ENSG00000234985.2	AC074085.2	processed_pseudogene	4	1	3	0.5300	0.1314	0.1421
ENSG00000234986.1	AL731661.1	lncRNA	0	0	0	0.0000	0.0000	0.0000
ENSG00000234988.2	LINC01849	lncRNA	0	0	0	0.0000	0.0000	0.0000
ENSG00000234993.1	CUBNP2	unprocessed_pseudogene	0	0	0	0.0000	0.0000	0.0000
ENSG00000234995.1	RPS3AP28	processed_pseudogene	0	0	0	0.0000	0.0000	0.0000
ENSG00000234996.4	ACTG1P25	transcribed_processed_pseudogene	31	17	14	0.7574	0.1878	0.2031
ENSG00000234997.2	AC016745.1	lncRNA	25	14	11	1.3996	0.3471	0.3753
ENSG00000234998.1	AC244453.3	lncRNA	3	7	3	0.3707	0.0919	0.0994
ENSG00000234999.1	SNRPCP19	processed_pseudogene	0	0	0	0.0000	0.0000	0.0000
ENSG00000235001.3	EIF4A1P2	processed_pseudogene	6	3	3	0.2789	0.0692	0.0748
ENSG00000235002.1	AL513331.1	processed_pseudogene	0	0	0	0.0000	0.0000	0.0000
ENSG00000235004.1	USP9YP30	unprocessed_pseudogene	0	0	0	0.0000	0.0000	0.0000
ENSG00000235005.1	AL450468.1	lncRNA	1	1	0	0.1260	0.0313	0.0338
ENSG00000235007.3	AL158151.3	protein_coding	0	0	0	0.0000	0.0000	0.0000
ENSG00000235008.1	AL023775.1	processed_pseudogene	0	0	0	0.0000	0.0000	0.0000
ENSG00000235009.1	LINC01883	lncRNA	0	0	0	0.0000	0.0000	0.0000
ENSG00000235010.1	AL512622.1	lncRNA	0	5	2	0.0000	0.0000	0.0000
ENSG00000235011.2	AL353651.1	lncRNA	0	0	0	0.0000	0.0000	0.0000
ENSG00000235012.1	JCADP1	processed_pseudogene	0	0	0	0.0000	0.0000	0.0000
ENSG00000235013.1	COX20P2	processed_pseudogene	0	0	0	0.0000	0.0000	0.0000
ENSG00000235014.1	REREP2Y	unprocessed_pseudogene	0	0	0	0.0000	0.0000	0.0000
ENSG00000235015.1	GEMIN2P1	processed_pseudogene	0	0	0	0.0000	0.0000	0.0000
ENSG00000235016.1	SEMA3F-AS1	lncRNA	39	653	712	0.7500	0.1860	0.2011
ENSG00000235018.1	AL137077.1	processed_pseudogene	0	0	0	0.0000	0.0000	0.0000
ENSG00000235020.5	AL390783.1	lncRNA	3	3	0	0.0284	0.0070	0.0076
ENSG00000235021.1	AL591848.1	lncRNA	33	15	18	3.5851	0.8891	0.9613
ENSG00000235023.1	AP001626.1	lncRNA	0	0	0	0.0000	0.0000	0.0000
ENSG00000235024.1	AC097468.2	lncRNA	0	0	0	0.0000	0.0000	0.0000
ENSG00000235026.6	DPP10-AS1	lncRNA	0	0	0	0.0000	0.0000	0.0000
ENSG00000235027.1	AC068580.3	lncRNA	3	2533	2530	0.0844	0.0209	0.0226
ENSG00000235028.3	HMGN1P30	processed_pseudogene	0	0	0	0.0000	0.0000	0.0000
ENSG00000235029.1	MNX1-AS2	lncRNA	0	0	0	0.0000	0.0000	0.0000
ENSG00000235032.1	BMP7-AS1	lncRNA	0	0	0	0.0000	0.0000	0.0000
ENSG00000235033.7	DAAM2-AS1	lncRNA	13	154	172	0.1076	0.0267	0.0288
ENSG00000235034.7	C19orf81	protein_coding	0	0	2	0.0000	0.0000	0.0000
ENSG00000235035.1	AC005234.1	lncRNA	0	0	0	0.0000	0.0000	0.0000
ENSG00000235036.4	AL035456.1	processed_pseudogene	14	5	9	0.5799	0.1438	0.1555
ENSG00000235038.1	AL445193.2	lncRNA	0	0	0	0.0000	0.0000	0.0000
ENSG00000235039.1	MTND6P12	processed_pseudogene	0	0	0	0.0000	0.0000	0.0000
ENSG00000235040.1	MTCO3P1	unprocessed_pseudogene	0	0	0	0.0000	0.0000	0.0000
ENSG00000235042.1	SMARCAL1-AS1	lncRNA	0	20	13	0.0000	0.0000	0.0000
ENSG00000235043.3	TECRP1	processed_pseudogene	55	31	24	7.0091	1.7382	1.8794
ENSG00000235044.1	PPIAP3	processed_pseudogene	13	10	3	1.4599	0.3620	0.3914
ENSG00000235045.2	RPL7P8	processed_pseudogene	5	2	3	0.3884	0.0963	0.1041
ENSG00000235047.1	AC016751.2	lncRNA	0	0	0	0.0000	0.0000	0.0000
ENSG00000235049.1	LINC00940	lncRNA	85	36	49	2.0512	0.5087	0.5500
ENSG00000235050.6	MLIP-AS1	lncRNA	1	0	1	0.0141	0.0035	0.0038
ENSG00000235051.3	AL357497.1	lncRNA	1	1	0	0.0852	0.0211	0.0228
ENSG00000235052.1	AL021154.1	lncRNA	18	10	8	2.2386	0.5551	0.6002
ENSG00000235054.4	LINC01777	lncRNA	0	0	0	0.0000	0.0000	0.0000
ENSG00000235055.3	AL157407.1	processed_pseudogene	1	0	1	0.0627	0.0156	0.0168
ENSG00000235056.1	AC010983.1	lncRNA	0	0	0	0.0000	0.0000	0.0000
ENSG00000235058.1	ZMYND10-AS1	lncRNA	0	55	52	0.0000	0.0000	0.0000
ENSG00000235059.5	AC008175.1	lncRNA	0	0	0	0.0000	0.0000	0.0000
ENSG00000235060.1	VDAC1P4	processed_pseudogene	0	0	0	0.0000	0.0000	0.0000
ENSG00000235061.3	UBE2V1P7	processed_pseudogene	0	0	0	0.0000	0.0000	0.0000
ENSG00000235062.4	BCRP5	unprocessed_pseudogene	0	0	0	0.0000	0.0000	0.0000
ENSG00000235064.1	SLC25A5P2	processed_pseudogene	0	0	0	0.0000	0.0000	0.0000
ENSG00000235065.1	RPL24P2	processed_pseudogene	27	14	13	3.2235	0.7994	0.8643
ENSG00000235066.7	AC009303.2	lncRNA	1	53	42	0.0132	0.0033	0.0036
ENSG00000235069.2	AL627082.1	processed_pseudogene	0	0	0	0.0000	0.0000	0.0000
ENSG00000235070.3	AC062015.1	lncRNA	0	0	0	0.0000	0.0000	0.0000
ENSG00000235071.1	AC073909.1	processed_pseudogene	1	1	0	0.0568	0.0141	0.0152
ENSG00000235072.2	ARNILA	lncRNA	11	5	6	0.3448	0.0855	0.0925
ENSG00000235076.2	GAPDHP52	processed_pseudogene	0	0	0	0.0000	0.0000	0.0000
ENSG00000235077.1	AC073842.1	lncRNA	0	0	0	0.0000	0.0000	0.0000
ENSG00000235078.1	AC231981.1	lncRNA	7	72	78	0.4076	0.1011	0.1093
ENSG00000235079.1	ZRANB2-AS1	lncRNA	5	424	385	0.2932	0.0727	0.0786
ENSG00000235080.2	MTND5P23	unprocessed_pseudogene	0	0	0	0.0000	0.0000	0.0000
ENSG00000235081.1	AC245052.3	processed_pseudogene	2	1	1	0.1259	0.0312	0.0338
ENSG00000235082.2	SUMO1P3	processed_pseudogene	17	12	6	3.1713	0.7864	0.8503
ENSG00000235083.1	AL929288.2	processed_pseudogene	0	0	0	0.0000	0.0000	0.0000
ENSG00000235084.3	CHCHD2P6	processed_pseudogene	6	1	5	0.7612	0.1888	0.2041
ENSG00000235085.3	AC091153.2	lncRNA	3	4	16	0.3975	0.0986	0.1066
ENSG00000235086.1	FNDC1-IT1	lncRNA	18	8	10	1.9783	0.4906	0.5304
ENSG00000235088.1	AL031667.2	processed_pseudogene	4	2	2	0.7023	0.1742	0.1883
ENSG00000235089.1	AL357632.1	processed_pseudogene	1	0	1	0.0882	0.0219	0.0236
ENSG00000235090.1	RPL7L1P3	processed_pseudogene	2	2	0	0.1646	0.0408	0.0441
ENSG00000235091.2	BX324167.1	lncRNA	2	118	110	0.1150	0.0285	0.0308
ENSG00000235092.6	ID2-AS1	lncRNA	39	19	20	0.3122	0.0774	0.0837
ENSG00000235094.3	AC006335.1	unprocessed_pseudogene	0	0	0	0.0000	0.0000	0.0000
ENSG00000235095.1	AC099654.2	unprocessed_pseudogene	1	1	0	0.0286	0.0071	0.0077
ENSG00000235096.2	AC118555.1	lncRNA	2	0	2	0.1630	0.0404	0.0437
ENSG00000235097.1	LINC00330	lncRNA	0	0	0	0.0000	0.0000	0.0000
ENSG00000235098.8	ANKRD65	protein_coding	355	180	176	7.6142	1.8883	2.0416
ENSG00000235099.1	AL138731.1	lncRNA	0	0	0	0.0000	0.0000	0.0000
ENSG00000235100.4	AL157400.3	lncRNA	21	10	11	0.3677	0.0912	0.0986
ENSG00000235101.1	SETP9	transcribed_processed_pseudogene	0	0	0	0.0000	0.0000	0.0000
ENSG00000235102.1	ADI1P1	processed_pseudogene	1	1	0	0.1054	0.0261	0.0283
ENSG00000235105.1	AL356968.2	processed_pseudogene	5	5	2	0.2256	0.0559	0.0605
ENSG00000235106.10	BRD3OS	protein_coding	2103	1592	1586	20.0304	4.9673	5.3708
ENSG00000235108.1	IFNA12P	unprocessed_pseudogene	0	0	0	0.0000	0.0000	0.0000
ENSG00000235109.7	ZSCAN31	protein_coding	723	365	358	8.2714	2.0512	2.2178
ENSG00000235110.5	AC107421.1	processed_pseudogene	0	0	0	0.0000	0.0000	0.0000
ENSG00000235111.1	Z97192.3	lncRNA	1	0	1	0.0191	0.0047	0.0051
ENSG00000235112.1	HSPE1P27	processed_pseudogene	0	0	0	0.0000	0.0000	0.0000
ENSG00000235113.1	AL161932.2	processed_pseudogene	0	0	0	0.0000	0.0000	0.0000
ENSG00000235115.3	CHCHD2P8	processed_pseudogene	2	1	1	0.2537	0.0629	0.0680
ENSG00000235118.8	FAM237A	protein_coding	0	0	0	0.0000	0.0000	0.0000
ENSG00000235119.1	AL138895.1	lncRNA	0	0	0	0.0000	0.0000	0.0000
ENSG00000235120.1	BSN-AS1	lncRNA	0	0	0	0.0000	0.0000	0.0000
ENSG00000235121.1	AL645504.1	lncRNA	11	7	4	0.3448	0.0855	0.0925
ENSG00000235122.4	AL121974.1	lncRNA	0	0	0	0.0000	0.0000	0.0000
ENSG00000235123.5	DSCAM-AS1	lncRNA	2270	1131	1139	72.7709	18.0464	19.5123
ENSG00000235124.1	KRT8P17	processed_pseudogene	1	0	1	0.0392	0.0097	0.0105
ENSG00000235126.1	AC128709.2	lncRNA	0	0	0	0.0000	0.0000	0.0000
ENSG00000235127.1	AC068286.1	lncRNA	0	0	0	0.0000	0.0000	0.0000
ENSG00000235128.1	AC013474.1	processed_pseudogene	1	0	1	0.0710	0.0176	0.0190
ENSG00000235129.1	FABP7P2	processed_pseudogene	0	0	0	0.0000	0.0000	0.0000
ENSG00000235131.1	TP73-AS2	lncRNA	1	1	0	0.1616	0.0401	0.0433
ENSG00000235133.1	RPL35AP22	processed_pseudogene	0	0	0	0.0000	0.0000	0.0000
ENSG00000235136.1	PSMA5P1	processed_pseudogene	0	0	0	0.0000	0.0000	0.0000
ENSG00000235137.2	HSP90AB6P	processed_pseudogene	0	0	0	0.0000	0.0000	0.0000
ENSG00000235138.1	AL445931.1	lncRNA	9	5	4	0.2417	0.0599	0.0648
ENSG00000235139.2	AC003984.1	lncRNA	0	0	0	0.0000	0.0000	0.0000
ENSG00000235140.2	AC026391.1	lncRNA	0	0	0	0.0000	0.0000	0.0000
ENSG00000235141.1	COX6CP17	processed_pseudogene	1	1	0	0.3065	0.0760	0.0822
ENSG00000235142.10	LINC02532	lncRNA	207	101	106	0.8420	0.2088	0.2258
ENSG00000235143.1	AL445235.1	lncRNA	0	0	0	0.0000	0.0000	0.0000
ENSG00000235145.2	RPSAP16	processed_pseudogene	3	1	2	0.2072	0.0514	0.0556
ENSG00000235146.2	AC114498.1	lncRNA	0	0	0	0.0000	0.0000	0.0000
ENSG00000235147.1	AC128677.1	processed_pseudogene	0	0	0	0.0000	0.0000	0.0000
ENSG00000235148.2	HMGB3P23	processed_pseudogene	0	0	0	0.0000	0.0000	0.0000
ENSG00000235149.1	AC096659.1	lncRNA	0	0	0	0.0000	0.0000	0.0000
ENSG00000235150.1	RCBTB2P1	processed_pseudogene	0	0	0	0.0000	0.0000	0.0000
ENSG00000235151.1	AC131097.3	lncRNA	4	1	3	0.3973	0.0985	0.1065
ENSG00000235152.1	AL353052.1	lncRNA	0	0	0	0.0000	0.0000	0.0000
ENSG00000235154.1	FP325330.1	lncRNA	0	0	0	0.0000	0.0000	0.0000
ENSG00000235156.5	TMEM30CP	transcribed_unitary_pseudogene	1	1	0	0.0439	0.0109	0.0118
ENSG00000235158.1	AC087430.1	lncRNA	0	0	0	0.0000	0.0000	0.0000
ENSG00000235159.1	AL121672.2	lncRNA	33	16	17	2.1585	0.5353	0.5788
ENSG00000235160.2	LINC02248	lncRNA	0	0	0	0.0000	0.0000	0.0000
ENSG00000235162.9	C12orf75	protein_coding	559	281	278	11.7716	2.9192	3.1564
ENSG00000235163.2	AC096644.2	processed_pseudogene	0	0	0	0.0000	0.0000	0.0000
ENSG00000235165.2	CDK5P1	processed_pseudogene	0	0	0	0.0000	0.0000	0.0000
ENSG00000235166.8	LINC01440	lncRNA	0	0	0	0.0000	0.0000	0.0000
ENSG00000235168.1	AL078581.3	lncRNA	0	0	0	0.0000	0.0000	0.0000
ENSG00000235169.11	SMIM1	protein_coding	94	41	53	5.3683	1.3313	1.4394
ENSG00000235170.1	MTND1P31	processed_pseudogene	0	0	0	0.0000	0.0000	0.0000
ENSG00000235172.8	LINC01366	lncRNA	4	3	2	0.0755	0.0187	0.0202
ENSG00000235173.7	HGH1	protein_coding	2388	1177	1211	48.0736	11.9218	12.8901
ENSG00000235174.1	RPL39P3	processed_pseudogene	116	59	57	42.1690	10.4575	11.3069
ENSG00000235175.1	RPL26P37	processed_pseudogene	0	0	0	0.0000	0.0000	0.0000
ENSG00000235180.1	LINC00601	lncRNA	27	15	12	1.3109	0.3251	0.3515
ENSG00000235181.1	AC245036.2	unprocessed_pseudogene	0	0	0	0.0000	0.0000	0.0000
ENSG00000235182.1	AC104333.1	processed_pseudogene	0	0	0	0.0000	0.0000	0.0000
ENSG00000235183.3	SRP14P3	processed_pseudogene	2	1	1	0.3468	0.0860	0.0930
ENSG00000235185.1	AL031727.2	lncRNA	0	0	0	0.0000	0.0000	0.0000
ENSG00000235186.1	AC103563.8	unprocessed_pseudogene	0	1	0	0.0000	0.0000	0.0000
ENSG00000235189.2	AL034405.1	lncRNA	1	137	150	0.0316	0.0078	0.0085
ENSG00000235190.1	AL008629.1	processed_pseudogene	0	0	0	0.0000	0.0000	0.0000
ENSG00000235191.1	NUCB1-AS1	lncRNA	2	1486	1477	0.2619	0.0650	0.0702
ENSG00000235192.1	AC009495.3	lncRNA	5	7	3	0.3640	0.0903	0.0976
ENSG00000235194.9	PPP1R3E	protein_coding	780	463	445	7.9701	1.9765	2.1370
ENSG00000235196.3	Z68868.1	processed_pseudogene	1	0	1	0.1042	0.0259	0.0280
ENSG00000235197.1	ZNF33CP	processed_pseudogene	1	0	1	0.0279	0.0069	0.0075
ENSG00000235198.1	AC005871.1	lncRNA	0	0	0	0.0000	0.0000	0.0000
ENSG00000235199.1	CYP2C58P	processed_pseudogene	0	0	0	0.0000	0.0000	0.0000
ENSG00000235200.3	LINC01702	lncRNA	0	0	0	0.0000	0.0000	0.0000
ENSG00000235201.1	LINC02578	lncRNA	0	0	0	0.0000	0.0000	0.0000
ENSG00000235202.2	LINC01525	lncRNA	0	0	0	0.0000	0.0000	0.0000
ENSG00000235203.2	TBC1D3P3	unprocessed_pseudogene	0	0	0	0.0000	0.0000	0.0000
ENSG00000235204.1	AL162724.2	lncRNA	17	8	9	3.1301	0.7762	0.8393
ENSG00000235205.1	TATDN2P3	processed_pseudogene	0	0	0	0.0000	0.0000	0.0000
ENSG00000235207.1	TUBBP6	processed_pseudogene	0	0	0	0.0000	0.0000	0.0000
ENSG00000235208.2	AL135938.1	processed_pseudogene	0	0	0	0.0000	0.0000	0.0000
ENSG00000235209.1	AL022318.1	lncRNA	0	0	0	0.0000	0.0000	0.0000
ENSG00000235211.4	TMSB10P2	processed_pseudogene	0	0	0	0.0000	0.0000	0.0000
ENSG00000235213.1	OR6E1P	unprocessed_pseudogene	0	1	1	0.0000	0.0000	0.0000
ENSG00000235214.1	FAM83C-AS1	lncRNA	0	0	1	0.0000	0.0000	0.0000
ENSG00000235215.2	AL592431.1	lncRNA	1	0	1	0.1789	0.0444	0.0480
ENSG00000235217.6	TSPY26P	transcribed_processed_pseudogene	1319	668	651	18.4647	4.5791	4.9510
ENSG00000235218.2	DNAJC17P1	processed_pseudogene	0	0	0	0.0000	0.0000	0.0000
ENSG00000235219.1	AC236972.2	unprocessed_pseudogene	0	0	0	0.0000	0.0000	0.0000
ENSG00000235221.3	LINC00383	lncRNA	0	0	0	0.0000	0.0000	0.0000
ENSG00000235224.1	AL591212.2	processed_pseudogene	0	0	0	0.0000	0.0000	0.0000
ENSG00000235225.1	RPL31P17	processed_pseudogene	0	0	0	0.0000	0.0000	0.0000
ENSG00000235226.1	AL445528.1	processed_pseudogene	0	0	0	0.0000	0.0000	0.0000
ENSG00000235227.1	VN1R38P	unitary_pseudogene	1	0	1	0.0639	0.0159	0.0171
ENSG00000235232.1	MRPS18BP2	processed_pseudogene	0	0	0	0.0000	0.0000	0.0000
ENSG00000235235.6	IGKV1OR2-1	IG_V_pseudogene	1	0	1	0.1602	0.0397	0.0430
ENSG00000235236.1	AC137630.2	lncRNA	15	275	277	1.2889	0.3196	0.3456
ENSG00000235237.1	Z82188.2	lncRNA	3	415	436	0.2700	0.0670	0.0724
ENSG00000235238.1	SUMO2P1	processed_pseudogene	5	2	3	0.9984	0.2476	0.2677
ENSG00000235239.1	Z74696.1	processed_pseudogene	0	0	0	0.0000	0.0000	0.0000
ENSG00000235240.1	AC026185.1	unprocessed_pseudogene	0	0	0	0.0000	0.0000	0.0000
ENSG00000235241.1	BX284668.4	processed_pseudogene	0	107	99	0.0000	0.0000	0.0000
ENSG00000235242.1	AC010982.1	lncRNA	0	0	0	0.0000	0.0000	0.0000
ENSG00000235243.1	AC093716.1	processed_pseudogene	0	0	0	0.0000	0.0000	0.0000
ENSG00000235244.4	DANT2	lncRNA	18	11	8	0.2330	0.0578	0.0625
ENSG00000235245.1	AL360181.2	lncRNA	61	35	26	5.5261	1.3704	1.4817
ENSG00000235246.1	AL020993.1	lncRNA	3	167	137	0.5728	0.1421	0.1536
ENSG00000235248.3	OR13C1P	transcribed_unprocessed_pseudogene	0	0	0	0.0000	0.0000	0.0000
ENSG00000235251.2	AC093155.2	processed_pseudogene	1	0	1	0.0605	0.0150	0.0162
ENSG00000235253.1	AC010240.2	processed_pseudogene	4	2	2	0.1882	0.0467	0.0505
ENSG00000235254.3	TMEM185AP1	unprocessed_pseudogene	0	1	0	0.0000	0.0000	0.0000
ENSG00000235256.1	FKBP4P7	processed_pseudogene	0	0	0	0.0000	0.0000	0.0000
ENSG00000235257.9	ITGA9-AS1	lncRNA	245	265	245	0.7292	0.1808	0.1955
ENSG00000235258.1	NDUFB4P6	processed_pseudogene	2	2	0	0.3099	0.0768	0.0831
ENSG00000235262.1	KDM5C-IT1	lncRNA	0	0	0	0.0000	0.0000	0.0000
ENSG00000235263.1	AL928921.1	lncRNA	0	0	0	0.0000	0.0000	0.0000
ENSG00000235264.1	RPL5P28	processed_pseudogene	0	0	0	0.0000	0.0000	0.0000
ENSG00000235266.1	RPL22P17	processed_pseudogene	0	0	1	0.0000	0.0000	0.0000
ENSG00000235267.1	AC074117.2	processed_pseudogene	3	0	3	0.4285	0.1063	0.1149
ENSG00000235268.2	KDM4E	protein_coding	0	0	0	0.0000	0.0000	0.0000
ENSG00000235269.2	LINC02331	lncRNA	0	0	0	0.0000	0.0000	0.0000
ENSG00000235271.6	Z97353.2	lncRNA	2	2	0	0.1062	0.0263	0.0285
ENSG00000235272.2	RAMACL	protein_coding	2	0	2	0.0570	0.0141	0.0153
ENSG00000235274.1	Z75741.2	processed_pseudogene	0	0	0	0.0000	0.0000	0.0000
ENSG00000235275.3	KRT18P16	processed_pseudogene	0	0	0	0.0000	0.0000	0.0000
ENSG00000235277.1	AF127577.3	lncRNA	2	0	2	0.1452	0.0360	0.0389
ENSG00000235278.2	ZNF652P1	processed_pseudogene	0	0	0	0.0000	0.0000	0.0000
ENSG00000235279.1	AC069079.1	lncRNA	0	0	0	0.0000	0.0000	0.0000
ENSG00000235280.2	MCF2L-AS1	lncRNA	59	33	29	4.6993	1.1654	1.2600
ENSG00000235281.2	AL713851.1	lncRNA	0	0	0	0.0000	0.0000	0.0000
ENSG00000235282.3	DYNLL1P3	processed_pseudogene	0	0	0	0.0000	0.0000	0.0000
ENSG00000235284.1	SNORD62A	snoRNA	0	0	0	0.0000	0.0000	0.0000
ENSG00000235285.1	SMIM2-IT1	lncRNA	0	0	0	0.0000	0.0000	0.0000
ENSG00000235286.1	AP000925.1	processed_pseudogene	0	1	0	0.0000	0.0000	0.0000
ENSG00000235288.3	AC099329.1	lncRNA	0	0	1	0.0000	0.0000	0.0000
ENSG00000235289.1	BRD7P6	processed_pseudogene	0	0	0	0.0000	0.0000	0.0000
ENSG00000235290.1	HLA-W	unprocessed_pseudogene	4	2	4	0.2942	0.0730	0.0789
ENSG00000235292.2	AL109838.1	lncRNA	0	0	0	0.0000	0.0000	0.0000
ENSG00000235293.1	AC114814.2	lncRNA	0	0	0	0.0000	0.0000	0.0000
ENSG00000235294.1	RPL7AP25	processed_pseudogene	0	0	0	0.0000	0.0000	0.0000
ENSG00000235295.1	LINC01634	lncRNA	1	1	0	0.0238	0.0059	0.0064
ENSG00000235296.1	AC145207.1	lncRNA	0	0	1	0.0000	0.0000	0.0000
ENSG00000235297.3	FAUP1	processed_pseudogene	5	3	2	0.6849	0.1698	0.1836
ENSG00000235298.1	AL354733.3	lncRNA	2	2414	2358	0.2908	0.0721	0.0780
ENSG00000235299.2	MRPL53P1	processed_pseudogene	1	1	0	0.1778	0.0441	0.0477
ENSG00000235300.4	THRA1/BTR	lncRNA	0	0	0	0.0000	0.0000	0.0000
ENSG00000235301.1	HLA-Z	unprocessed_pseudogene	1	1	0	0.7561	0.1875	0.2027
ENSG00000235303.1	AL023495.1	lncRNA	1	0	1	0.0295	0.0073	0.0079
ENSG00000235304.2	LINC01281	lncRNA	3	1	2	0.0731	0.0181	0.0196
ENSG00000235306.2	GAPDHP34	processed_pseudogene	0	0	0	0.0000	0.0000	0.0000
ENSG00000235308.1	AL445991.1	processed_pseudogene	11	9	2	1.3133	0.3257	0.3521
ENSG00000235310.1	GXYLT1P6	processed_pseudogene	0	0	0	0.0000	0.0000	0.0000
ENSG00000235312.1	KRTAP19-10P	unprocessed_pseudogene	0	0	0	0.0000	0.0000	0.0000
ENSG00000235313.1	HM13-IT1	lncRNA	21	7	14	3.3453	0.8296	0.8970
ENSG00000235314.1	LINC00957	lncRNA	162	140	141	3.3988	0.8429	0.9113
ENSG00000235315.2	RPL23AP69	processed_pseudogene	0	0	0	0.0000	0.0000	0.0000
ENSG00000235316.1	DUSP8P5	processed_pseudogene	88	49	40	2.7496	0.6819	0.7373
ENSG00000235318.3	MTND4LP13	unprocessed_pseudogene	0	0	0	0.0000	0.0000	0.0000
ENSG00000235319.1	AC012360.1	lncRNA	4	2	2	0.3366	0.0835	0.0902
ENSG00000235321.1	AC007556.1	lncRNA	1	0	1	0.1847	0.0458	0.0495
ENSG00000235323.2	COTL1P2	processed_pseudogene	0	0	0	0.0000	0.0000	0.0000
ENSG00000235325.1	SRSF3P5	processed_pseudogene	0	0	0	0.0000	0.0000	0.0000
ENSG00000235328.1	AC006946.1	processed_pseudogene	3	2	1	0.5187	0.1286	0.1391
ENSG00000235329.2	AL031183.1	processed_pseudogene	0	0	0	0.0000	0.0000	0.0000
ENSG00000235330.2	RPL12P25	transcribed_processed_pseudogene	10	4	6	0.8414	0.2087	0.2256
ENSG00000235332.2	RPSAP76	processed_pseudogene	1	0	1	0.0665	0.0165	0.0178
ENSG00000235333.3	PVRIG2P	transcribed_unprocessed_pseudogene	0	0	0	0.0000	0.0000	0.0000
ENSG00000235334.1	BTG3P1	processed_pseudogene	0	0	0	0.0000	0.0000	0.0000
ENSG00000235335.3	B3GALT1-AS1	lncRNA	1	1	1	0.0417	0.0103	0.0112
ENSG00000235337.1	AC093083.1	lncRNA	0	0	0	0.0000	0.0000	0.0000
ENSG00000235338.1	DUSP5P2	processed_pseudogene	0	0	0	0.0000	0.0000	0.0000
ENSG00000235339.1	GEMIN2P2	processed_pseudogene	0	0	0	0.0000	0.0000	0.0000
ENSG00000235343.2	LINC01665	lncRNA	3	5	2	0.1148	0.0285	0.0308
ENSG00000235347.1	Z84478.1	processed_pseudogene	4	2	3	0.1861	0.0461	0.0499
ENSG00000235349.1	AC016769.3	processed_pseudogene	25	13	12	4.5008	1.1162	1.2068
ENSG00000235350.1	AL606490.8	unprocessed_pseudogene	0	0	0	0.0000	0.0000	0.0000
ENSG00000235351.1	AC114730.3	lncRNA	4	68	57	0.3884	0.0963	0.1041
ENSG00000235352.1	SGCEP1	processed_pseudogene	0	0	0	0.0000	0.0000	0.0000
ENSG00000235354.1	RPS29P16	processed_pseudogene	4	1	3	1.3265	0.3290	0.3557
ENSG00000235356.2	AL592466.1	lncRNA	0	0	0	0.0000	0.0000	0.0000
ENSG00000235357.2	LINC01621	lncRNA	6	4	2	0.2310	0.0573	0.0619
ENSG00000235358.2	AC093151.2	lncRNA	2	0	2	0.0504	0.0125	0.0135
ENSG00000235361.1	AC016292.1	lncRNA	1	0	1	0.2413	0.0598	0.0647
ENSG00000235363.1	SNRPGP10	processed_pseudogene	4	0	4	1.0082	0.2500	0.2703
ENSG00000235366.2	LINC01055	lncRNA	6	3	3	0.1977	0.0490	0.0530
ENSG00000235368.1	SAPCD2P2	processed_pseudogene	0	0	0	0.0000	0.0000	0.0000
ENSG00000235369.1	RPL36AP15	processed_pseudogene	4	1	3	0.8528	0.2115	0.2287
ENSG00000235370.6	DNM1P51	transcribed_unprocessed_pseudogene	9	4	6	0.0580	0.0144	0.0156
ENSG00000235371.1	AL122018.1	processed_pseudogene	0	0	0	0.0000	0.0000	0.0000
ENSG00000235374.2	SSR4P1	transcribed_processed_pseudogene	143	80	70	3.0765	0.7629	0.8249
ENSG00000235376.5	RPEL1	protein_coding	0	0	0	0.0000	0.0000	0.0000
ENSG00000235377.1	AL158047.1	processed_pseudogene	1	1	0	0.0644	0.0160	0.0173
ENSG00000235378.2	MRPS10P1	processed_pseudogene	0	0	0	0.0000	0.0000	0.0000
ENSG00000235379.1	RPL7P31	processed_pseudogene	0	0	0	0.0000	0.0000	0.0000
ENSG00000235381.1	AL596202.1	lncRNA	47	34	33	0.8631	0.2140	0.2314
ENSG00000235382.1	MTND4P31	processed_pseudogene	0	0	0	0.0000	0.0000	0.0000
ENSG00000235385.2	LINC02154	lncRNA	4	4	0	0.1457	0.0361	0.0391
ENSG00000235386.1	AC113174.1	unprocessed_pseudogene	0	0	0	0.0000	0.0000	0.0000
ENSG00000235387.5	SPAAR	protein_coding	36	15	21	0.7035	0.1745	0.1886
ENSG00000235389.2	AL583805.2	lncRNA	0	0	0	0.0000	0.0000	0.0000
ENSG00000235390.4	AC051619.1	processed_pseudogene	0	1	0	0.0000	0.0000	0.0000
ENSG00000235397.1	EPN2-AS1	lncRNA	4	1	3	0.1906	0.0473	0.0511
ENSG00000235399.1	AL135902.1	lncRNA	1	0	1	0.1477	0.0366	0.0396
ENSG00000235400.1	AC104837.1	processed_pseudogene	6	3	3	0.2144	0.0532	0.0575
ENSG00000235403.1	AC114808.1	lncRNA	0	0	0	0.0000	0.0000	0.0000
ENSG00000235407.1	CYMP-AS1	lncRNA	0	0	0	0.0000	0.0000	0.0000
ENSG00000235408.6	SNORA71B	snoRNA	7	3	4	1.4594	0.3619	0.3913
ENSG00000235410.1	AL157896.1	lncRNA	0	0	0	0.0000	0.0000	0.0000
ENSG00000235411.1	DRG1P1	processed_pseudogene	2	2	0	0.0982	0.0244	0.0263
ENSG00000235412.1	TTTY4B	lncRNA	0	0	0	0.0000	0.0000	0.0000
ENSG00000235413.3	KRT18P63	processed_pseudogene	3	1	2	0.1738	0.0431	0.0466
ENSG00000235414.3	RPSAP24	processed_pseudogene	0	0	0	0.0000	0.0000	0.0000
ENSG00000235415.1	AC005808.1	lncRNA	7	45	44	1.0419	0.2584	0.2794
ENSG00000235416.1	TIPINP1	processed_pseudogene	1	1	0	0.0749	0.0186	0.0201
ENSG00000235419.5	AC010149.1	lncRNA	10	5	7	0.8195	0.2032	0.2197
ENSG00000235420.7	RPL29P30	transcribed_processed_pseudogene	0	0	0	0.0000	0.0000	0.0000
ENSG00000235421.1	AC114501.2	unprocessed_pseudogene	2	0	2	0.2120	0.0526	0.0568
ENSG00000235422.1	KATNBL1P3	processed_pseudogene	0	0	0	0.0000	0.0000	0.0000
ENSG00000235424.1	SUMO2P10	processed_pseudogene	0	0	1	0.0000	0.0000	0.0000
ENSG00000235425.2	RPS7P13	processed_pseudogene	0	0	0	0.0000	0.0000	0.0000
ENSG00000235426.2	AL133481.1	lncRNA	4	139	142	0.4439	0.1101	0.1190
ENSG00000235427.1	AC006159.1	lncRNA	1	1	0	0.1469	0.0364	0.0394
ENSG00000235429.1	AC083875.1	processed_pseudogene	0	0	0	0.0000	0.0000	0.0000
ENSG00000235430.1	ZSWIM5P1	processed_pseudogene	0	0	0	0.0000	0.0000	0.0000
ENSG00000235431.2	AC010991.1	lncRNA	0	0	0	0.0000	0.0000	0.0000
ENSG00000235432.1	AL663074.2	unprocessed_pseudogene	0	0	0	0.0000	0.0000	0.0000
ENSG00000235433.1	MTATP6P17	unprocessed_pseudogene	1	1	0	0.0844	0.0209	0.0226
ENSG00000235434.1	AL391883.1	lncRNA	0	0	0	0.0000	0.0000	0.0000
ENSG00000235435.1	AC096666.1	lncRNA	0	0	0	0.0000	0.0000	0.0000
ENSG00000235436.10	DPY19L2P4	transcribed_unprocessed_pseudogene	33	17	19	0.9274	0.2300	0.2487
ENSG00000235437.8	LINC01278	lncRNA	1830	900	930	7.3363	1.8193	1.9671
ENSG00000235438.7	ESRRAP2	transcribed_processed_pseudogene	7	8	7	0.1301	0.0323	0.0349
ENSG00000235440.1	RPS2P15	processed_pseudogene	3	1	2	0.2075	0.0515	0.0556
ENSG00000235444.2	PSMB3P2	processed_pseudogene	0	0	1	0.0000	0.0000	0.0000
ENSG00000235445.1	AC016027.3	lncRNA	0	0	0	0.0000	0.0000	0.0000
ENSG00000235446.2	LINC02791	lncRNA	0	0	0	0.0000	0.0000	0.0000
ENSG00000235447.2	TRAPPC13P1	processed_pseudogene	5	1	4	0.2670	0.0662	0.0716
ENSG00000235448.3	LURAP1L-AS1	lncRNA	61	27	35	1.1294	0.2801	0.3028
ENSG00000235449.2	AC098934.1	processed_pseudogene	15	10	5	4.4771	1.1103	1.2005
ENSG00000235450.1	AC079760.1	lncRNA	0	0	0	0.0000	0.0000	0.0000
ENSG00000235451.1	PNPLA4P1	unprocessed_pseudogene	0	0	0	0.0000	0.0000	0.0000
ENSG00000235453.10	SMIM27	protein_coding	141	171	184	2.0894	0.5181	0.5602
ENSG00000235454.1	HAUS6P3	processed_pseudogene	0	0	0	0.0000	0.0000	0.0000
ENSG00000235455.1	IQCF5-AS1	lncRNA	0	0	0	0.0000	0.0000	0.0000
ENSG00000235459.5	RPS26P31	processed_pseudogene	3	3	0	0.4889	0.1212	0.1311
ENSG00000235461.2	AC003001.1	lncRNA	0	1	0	0.0000	0.0000	0.0000
ENSG00000235462.1	TAB3P1	transcribed_unprocessed_pseudogene	0	0	0	0.0000	0.0000	0.0000
ENSG00000235463.1	AC078974.1	processed_pseudogene	0	0	0	0.0000	0.0000	0.0000
ENSG00000235464.1	AC007652.1	lncRNA	0	0	0	0.0000	0.0000	0.0000
ENSG00000235467.1	RPL10AP5	processed_pseudogene	0	0	0	0.0000	0.0000	0.0000
ENSG00000235469.1	MRPL50P4	processed_pseudogene	0	0	0	0.0000	0.0000	0.0000
ENSG00000235470.5	NEURL1-AS1	lncRNA	1	1	0	0.0558	0.0138	0.0150
ENSG00000235472.1	EIF4A1P7	processed_pseudogene	3	2	1	0.1395	0.0346	0.0374
ENSG00000235478.5	LINC01664	lncRNA	6	1	5	0.1739	0.0431	0.0466
ENSG00000235479.1	RAB9AP4	unprocessed_pseudogene	0	0	0	0.0000	0.0000	0.0000
ENSG00000235480.1	AC013270.1	lncRNA	7	7	0	0.9022	0.2237	0.2419
ENSG00000235481.3	UBE2R2-AS1	lncRNA	8	7	2	0.1527	0.0379	0.0409
ENSG00000235482.1	RPL21P135	processed_pseudogene	0	3	1	0.0000	0.0000	0.0000
ENSG00000235483.1	GYG2-AS1	lncRNA	0	0	0	0.0000	0.0000	0.0000
ENSG00000235485.1	AL021877.1	processed_pseudogene	0	0	0	0.0000	0.0000	0.0000
ENSG00000235486.1	ANAPC1P6	unprocessed_pseudogene	1	0	1	0.0682	0.0169	0.0183
ENSG00000235488.1	JARID2-AS1	lncRNA	5	2	3	0.6232	0.1545	0.1671
ENSG00000235489.4	DBF4P1	processed_pseudogene	9	5	4	0.2698	0.0669	0.0723
ENSG00000235491.1	LINC01889	lncRNA	14	5	9	1.1885	0.2947	0.3187
ENSG00000235492.1	LINC01221	lncRNA	0	0	0	0.0000	0.0000	0.0000
ENSG00000235493.2	LINC01967	lncRNA	0	0	0	0.0000	0.0000	0.0000
ENSG00000235494.2	AL590705.2	lncRNA	0	0	0	0.0000	0.0000	0.0000
ENSG00000235495.1	AC007422.1	lncRNA	0	0	0	0.0000	0.0000	0.0000
ENSG00000235497.5	AC012506.4	lncRNA	0	0	0	0.0000	0.0000	0.0000
ENSG00000235499.1	AC073046.1	lncRNA	25	14	11	3.6353	0.9015	0.9747
ENSG00000235500.2	SNX19P2	processed_pseudogene	6	5	1	0.1145	0.0284	0.0307
ENSG00000235501.6	AC105942.1	lncRNA	361	160	201	8.1336	2.0171	2.1809
ENSG00000235503.2	AC079799.1	lncRNA	0	0	0	0.0000	0.0000	0.0000
ENSG00000235505.7	CASP4LP	transcribed_unprocessed_pseudogene	80	38	42	1.0534	0.2612	0.2824
ENSG00000235508.3	RPS2P7	processed_pseudogene	22	12	10	1.4097	0.3496	0.3780
ENSG00000235510.1	BX842568.3	unprocessed_pseudogene	0	0	0	0.0000	0.0000	0.0000
ENSG00000235511.1	OFD1P18Y	unprocessed_pseudogene	0	0	0	0.0000	0.0000	0.0000
ENSG00000235512.1	TAB3-AS2	lncRNA	0	183	210	0.0000	0.0000	0.0000
ENSG00000235513.2	L3MBTL2-AS1	lncRNA	50	434	444	0.6246	0.1549	0.1675
ENSG00000235514.1	LLPHP2	processed_pseudogene	0	0	0	0.0000	0.0000	0.0000
ENSG00000235518.2	AC011196.1	lncRNA	0	0	0	0.0000	0.0000	0.0000
ENSG00000235519.3	LINC01815	lncRNA	0	0	0	0.0000	0.0000	0.0000
ENSG00000235521.1	USP9YP27	unprocessed_pseudogene	0	0	0	0.0000	0.0000	0.0000
ENSG00000235522.6	AC010978.1	lncRNA	1	325	341	0.0262	0.0065	0.0070
ENSG00000235523.1	AL135924.2	lncRNA	0	0	0	0.0000	0.0000	0.0000
ENSG00000235524.1	MTCO1P23	processed_pseudogene	0	0	0	0.0000	0.0000	0.0000
ENSG00000235525.1	FTLP1	processed_pseudogene	0	0	0	0.0000	0.0000	0.0000
ENSG00000235526.1	AL355990.1	lncRNA	1	1	0	0.1116	0.0277	0.0299
ENSG00000235527.7	HIPK1-AS1	lncRNA	23	16	12	0.4221	0.1047	0.1132
ENSG00000235529.1	AGAP1-IT1	lncRNA	77	41	36	6.5763	1.6309	1.7633
ENSG00000235530.7	AC087294.1	lncRNA	31	12	20	0.8513	0.2111	0.2283
ENSG00000235531.11	MSC-AS1	lncRNA	672	684	701	3.3135	0.8217	0.8885
ENSG00000235532.1	LINC00402	lncRNA	0	0	0	0.0000	0.0000	0.0000
ENSG00000235533.1	AL360089.1	lncRNA	0	0	0	0.0000	0.0000	0.0000
ENSG00000235534.1	FECHP1	processed_pseudogene	0	0	0	0.0000	0.0000	0.0000
ENSG00000235535.8	TRDN-AS1	lncRNA	0	0	0	0.0000	0.0000	0.0000
ENSG00000235537.3	AC009411.2	lncRNA	2	0	2	0.0606	0.0150	0.0162
ENSG00000235538.4	AL078602.1	lncRNA	0	0	0	0.0000	0.0000	0.0000
ENSG00000235539.1	MTND1P33	processed_pseudogene	0	0	0	0.0000	0.0000	0.0000
ENSG00000235544.1	RPS11P1	processed_pseudogene	0	0	0	0.0000	0.0000	0.0000
ENSG00000235545.1	AC103923.1	lncRNA	4	1	3	0.1847	0.0458	0.0495
ENSG00000235546.2	AC087499.4	processed_pseudogene	0	0	0	0.0000	0.0000	0.0000
ENSG00000235547.3	NDUFB11P1	processed_pseudogene	0	0	0	0.0000	0.0000	0.0000
ENSG00000235548.1	HEBP2P1	processed_pseudogene	0	0	0	0.0000	0.0000	0.0000
ENSG00000235549.1	EIF1P2	processed_pseudogene	0	0	0	0.0000	0.0000	0.0000
ENSG00000235550.1	ANKRD26P2	unprocessed_pseudogene	0	0	0	0.0000	0.0000	0.0000
ENSG00000235552.4	RPL6P27	transcribed_processed_pseudogene	132	72	60	8.5845	2.1289	2.3018
ENSG00000235554.1	SRSF6P2	processed_pseudogene	7	2	5	0.3839	0.0952	0.1029
ENSG00000235555.1	SUMO1P4	processed_pseudogene	1	1	0	0.1878	0.0466	0.0504
ENSG00000235558.3	GUSBP17	unprocessed_pseudogene	3	0	3	0.4022	0.0997	0.1078
ENSG00000235559.1	NOP56P1	processed_pseudogene	9	3	6	1.3720	0.3402	0.3679
ENSG00000235560.4	AC002310.1	lncRNA	43	68	74	1.3311	0.3301	0.3569
ENSG00000235563.1	AL445183.2	lncRNA	0	0	0	0.0000	0.0000	0.0000
ENSG00000235564.2	AP000477.2	lncRNA	0	0	0	0.0000	0.0000	0.0000
ENSG00000235568.7	NFAM1	protein_coding	449	226	223	4.3690	1.0835	1.1715
ENSG00000235570.1	LINC00533	lncRNA	0	0	0	0.0000	0.0000	0.0000
ENSG00000235571.1	SNX18P14	processed_pseudogene	0	0	0	0.0000	0.0000	0.0000
ENSG00000235572.3	AL353615.1	lncRNA	0	0	0	0.0000	0.0000	0.0000
ENSG00000235573.2	AC005005.2	processed_pseudogene	1	0	1	0.1492	0.0370	0.0400
ENSG00000235574.1	AC073150.1	processed_pseudogene	4	2	2	0.2093	0.0519	0.0561
ENSG00000235575.1	Z99758.1	lncRNA	0	0	0	0.0000	0.0000	0.0000
ENSG00000235576.1	LINC01871	lncRNA	11	6	5	2.5671	0.6366	0.6883
ENSG00000235578.1	AC007731.2	lncRNA	1	1	0	0.1272	0.0315	0.0341
ENSG00000235579.1	RPL38P5	processed_pseudogene	1	1	1	0.2879	0.0714	0.0772
ENSG00000235581.1	AC005011.1	processed_pseudogene	0	0	0	0.0000	0.0000	0.0000
ENSG00000235582.2	AL365258.2	processed_pseudogene	0	23	18	0.0000	0.0000	0.0000
ENSG00000235583.2	AC007562.1	unprocessed_pseudogene	0	0	0	0.0000	0.0000	0.0000
ENSG00000235584.3	AC008268.1	lncRNA	1151	610	541	31.7168	7.8654	8.5043
ENSG00000235586.1	AC011247.1	lncRNA	2	2	0	0.4868	0.1207	0.1305
ENSG00000235587.2	GAPDHP65	processed_pseudogene	17	10	8	0.9583	0.2377	0.2570
ENSG00000235590.7	GNAS-AS1	lncRNA	10	5	14	0.1551	0.0385	0.0416
ENSG00000235592.1	AC004674.1	unprocessed_pseudogene	1	1	0	0.0767	0.0190	0.0206
ENSG00000235593.1	RBMS3-AS1	lncRNA	1	0	1	0.1024	0.0254	0.0274
ENSG00000235594.1	AL139824.2	processed_pseudogene	0	0	0	0.0000	0.0000	0.0000
ENSG00000235595.1	GAPDHP23	processed_pseudogene	0	0	0	0.0000	0.0000	0.0000
ENSG00000235597.2	LINC01102	lncRNA	0	0	0	0.0000	0.0000	0.0000
ENSG00000235598.1	RRM2P4	processed_pseudogene	0	0	0	0.0000	0.0000	0.0000
ENSG00000235601.1	BARX1-DT	lncRNA	0	0	0	0.0000	0.0000	0.0000
ENSG00000235602.5	POU5F1P3	processed_pseudogene	8	5	3	0.4209	0.1044	0.1128
ENSG00000235605.1	AL355472.1	processed_pseudogene	3	14	7	0.3884	0.0963	0.1041
ENSG00000235606.3	AK4P6	processed_pseudogene	0	0	0	0.0000	0.0000	0.0000
ENSG00000235608.2	NKX1-1	protein_coding	0	0	0	0.0000	0.0000	0.0000
ENSG00000235609.7	AF127577.4	lncRNA	278	159	119	2.6590	0.6594	0.7130
ENSG00000235610.1	AC013448.2	lncRNA	0	0	0	0.0000	0.0000	0.0000
ENSG00000235612.1	AL353681.1	lncRNA	0	0	0	0.0000	0.0000	0.0000
ENSG00000235613.2	NSRP1P1	processed_pseudogene	0	0	0	0.0000	0.0000	0.0000
ENSG00000235615.2	AJ239322.1	lncRNA	0	0	0	0.0000	0.0000	0.0000
ENSG00000235616.1	ST13P2	processed_pseudogene	0	0	0	0.0000	0.0000	0.0000
ENSG00000235617.1	AC016027.4	unprocessed_pseudogene	0	0	0	0.0000	0.0000	0.0000
ENSG00000235618.8	FAM21EP	transcribed_unprocessed_pseudogene	20	10	14	0.4450	0.1103	0.1193
ENSG00000235619.1	RPL36AP33	processed_pseudogene	1	1	0	0.1829	0.0454	0.0491
ENSG00000235620.1	AC020743.3	lncRNA	0	0	0	0.0000	0.0000	0.0000
ENSG00000235621.9	LINC00494	lncRNA	90	49	44	0.8664	0.2149	0.2323
ENSG00000235623.2	OR7E110P	unprocessed_pseudogene	0	0	0	0.0000	0.0000	0.0000
ENSG00000235625.1	AL138957.1	lncRNA	0	0	0	0.0000	0.0000	0.0000
ENSG00000235626.2	KRT18P66	processed_pseudogene	0	0	0	0.0000	0.0000	0.0000
ENSG00000235627.1	SNRPFP4	processed_pseudogene	0	0	0	0.0000	0.0000	0.0000
ENSG00000235628.1	TNR-IT1	lncRNA	0	0	0	0.0000	0.0000	0.0000
ENSG00000235629.1	AC090952.1	lncRNA	0	0	0	0.0000	0.0000	0.0000
ENSG00000235631.2	RNF148	protein_coding	8	4	4	0.3615	0.0896	0.0969
ENSG00000235635.1	AC016644.1	lncRNA	4	91	103	0.5227	0.1296	0.1401
ENSG00000235636.1	NUS1P1	processed_pseudogene	93	40	53	5.9796	1.4829	1.6033
ENSG00000235637.1	AC069023.1	lncRNA	1	1	0	0.2566	0.0636	0.0688
ENSG00000235638.1	MTND6P14	processed_pseudogene	0	0	0	0.0000	0.0000	0.0000
ENSG00000235639.1	AC002069.3	processed_pseudogene	0	0	0	0.0000	0.0000	0.0000
ENSG00000235640.1	ELOAP1	processed_pseudogene	0	0	0	0.0000	0.0000	0.0000
ENSG00000235641.5	LINC00484	lncRNA	3	1	2	0.0395	0.0098	0.0106
ENSG00000235642.1	PTP4A1P5	processed_pseudogene	0	0	0	0.0000	0.0000	0.0000
ENSG00000235643.2	LINC01647	lncRNA	0	0	0	0.0000	0.0000	0.0000
ENSG00000235644.1	RPL10P5	processed_pseudogene	0	0	0	0.0000	0.0000	0.0000
ENSG00000235645.2	LINC02651	lncRNA	0	0	0	0.0000	0.0000	0.0000
ENSG00000235646.1	MTND1P2	unprocessed_pseudogene	0	0	0	0.0000	0.0000	0.0000
ENSG00000235647.1	MTFR2P2	processed_pseudogene	0	0	0	0.0000	0.0000	0.0000
ENSG00000235649.2	MXRA5Y	unprocessed_pseudogene	281	142	139	1.9919	0.4940	0.5341
ENSG00000235651.1	G3BP1P1	processed_pseudogene	5	2	3	0.2028	0.0503	0.0544
ENSG00000235652.9	FBXO30-DT	lncRNA	368	509	515	2.4037	0.5961	0.6445
ENSG00000235653.1	AC007253.1	processed_pseudogene	0	0	0	0.0000	0.0000	0.0000
ENSG00000235655.3	H3P6	processed_pseudogene	269	152	117	37.1167	9.2046	9.9522
ENSG00000235656.1	RPL36P18	processed_pseudogene	0	0	0	0.0000	0.0000	0.0000
ENSG00000235659.1	AL391987.4	lncRNA	0	0	0	0.0000	0.0000	0.0000
ENSG00000235660.2	LINC00345	lncRNA	30	17	13	0.8654	0.2146	0.2320
ENSG00000235661.3	MIR670HG	lncRNA	0	0	0	0.0000	0.0000	0.0000
ENSG00000235663.1	SAPCD1-AS1	lncRNA	4	27	18	0.4921	0.1220	0.1319
ENSG00000235665.6	LINC00298	lncRNA	2	0	2	0.0257	0.0064	0.0069
ENSG00000235669.1	CHN2-AS1	lncRNA	1	0	1	0.0711	0.0176	0.0191
ENSG00000235670.1	RPL21P40	processed_pseudogene	0	0	0	0.0000	0.0000	0.0000
ENSG00000235672.1	AC090286.3	transcribed_processed_pseudogene	1	1	0	0.0966	0.0240	0.0259
ENSG00000235673.1	AL929472.4	processed_pseudogene	1	0	1	0.0821	0.0204	0.0220
ENSG00000235674.2	LDHAP2	processed_pseudogene	5	29	34	0.2879	0.0714	0.0772
ENSG00000235677.1	NPM1P26	processed_pseudogene	13	9	10	0.9990	0.2477	0.2679
ENSG00000235678.3	OR5AN2P	unprocessed_pseudogene	0	0	0	0.0000	0.0000	0.0000
ENSG00000235679.1	AL161651.1	processed_pseudogene	0	0	0	0.0000	0.0000	0.0000
ENSG00000235681.1	AC245884.3	processed_pseudogene	23	13	11	5.9832	1.4838	1.6043
ENSG00000235683.1	AC018442.1	processed_pseudogene	2	0	2	0.0550	0.0136	0.0148
ENSG00000235685.2	AC092473.1	processed_pseudogene	0	0	0	0.0000	0.0000	0.0000
ENSG00000235686.1	PPIAP20	processed_pseudogene	2	2	0	0.8401	0.2083	0.2253
ENSG00000235687.9	LINC00993	transcribed_unprocessed_pseudogene	4215	2056	2159	203.4319	50.4491	54.5469
ENSG00000235688.2	SNTG2-AS1	lncRNA	4	2	2	0.4209	0.1044	0.1128
ENSG00000235689.1	AC253536.4	unprocessed_pseudogene	0	0	0	0.0000	0.0000	0.0000
ENSG00000235690.2	CUBNP3	unprocessed_pseudogene	0	0	0	0.0000	0.0000	0.0000
ENSG00000235695.1	HIGD2AP2	processed_pseudogene	0	0	0	0.0000	0.0000	0.0000
ENSG00000235698.1	PA2G4P2	processed_pseudogene	1	0	1	0.0473	0.0117	0.0127
ENSG00000235699.3	CXorf51B	protein_coding	0	0	0	0.0000	0.0000	0.0000
ENSG00000235700.1	CYCSP52	processed_pseudogene	3	0	3	0.5488	0.1361	0.1472
ENSG00000235701.1	PCBP2P1	processed_pseudogene	1	1	0	0.0580	0.0144	0.0156
ENSG00000235703.6	LINC00894	lncRNA	224	123	118	1.4085	0.3493	0.3777
ENSG00000235705.6	AL133481.2	transcribed_processed_pseudogene	0	0	0	0.0000	0.0000	0.0000
ENSG00000235706.8	DICER1-AS1	lncRNA	204	108	113	2.1977	0.5450	0.5893
ENSG00000235707.2	AL158073.1	processed_pseudogene	0	0	0	0.0000	0.0000	0.0000
ENSG00000235710.6	TRIM67-AS1	lncRNA	0	0	0	0.0000	0.0000	0.0000
ENSG00000235711.4	ANKRD34C	protein_coding	0	0	0	0.0000	0.0000	0.0000
ENSG00000235713.1	AC004522.2	unprocessed_pseudogene	1	1	0	0.0867	0.0215	0.0233
ENSG00000235716.1	KRT18P46	processed_pseudogene	0	0	0	0.0000	0.0000	0.0000
ENSG00000235717.1	DPP10-AS2	lncRNA	0	0	0	0.0000	0.0000	0.0000
ENSG00000235718.9	MFRP	protein_coding	0	0	0	0.0000	0.0000	0.0000
ENSG00000235720.1	GABPAP	processed_pseudogene	0	0	0	0.0000	0.0000	0.0000
ENSG00000235721.1	AC013268.3	processed_pseudogene	6	3	3	0.1464	0.0363	0.0393
ENSG00000235724.10	AC009299.2	lncRNA	12	15	25	0.1923	0.0477	0.0516
ENSG00000235725.1	AC007389.2	lncRNA	1	0	1	0.0342	0.0085	0.0092
ENSG00000235726.7	AC010148.1	lncRNA	3	2	1	0.0396	0.0098	0.0106
ENSG00000235728.1	AC007349.3	lncRNA	0	0	0	0.0000	0.0000	0.0000
ENSG00000235729.1	AL500522.2	processed_pseudogene	0	0	0	0.0000	0.0000	0.0000
ENSG00000235730.2	OR2AF1P	unprocessed_pseudogene	0	0	0	0.0000	0.0000	0.0000
ENSG00000235731.3	LINC02250	lncRNA	0	0	0	0.0000	0.0000	0.0000
ENSG00000235734.4	HMGN1P36	processed_pseudogene	17	5	12	3.2351	0.8023	0.8674
ENSG00000235735.1	RPL7AP72	processed_pseudogene	0	0	0	0.0000	0.0000	0.0000
ENSG00000235736.1	AL031275.1	lncRNA	0	0	0	0.0000	0.0000	0.0000
ENSG00000235737.1	TRIM60P19	processed_pseudogene	0	0	0	0.0000	0.0000	0.0000
ENSG00000235738.1	AC092647.4	processed_pseudogene	0	0	0	0.0000	0.0000	0.0000
ENSG00000235740.2	PHACTR2-AS1	lncRNA	3	1	2	0.0804	0.0199	0.0216
ENSG00000235741.1	LINC02784	lncRNA	0	0	0	0.0000	0.0000	0.0000
ENSG00000235742.1	AC012308.1	processed_pseudogene	3	2	1	0.9558	0.2370	0.2563
ENSG00000235743.2	AL139231.1	lncRNA	0	0	0	0.0000	0.0000	0.0000
ENSG00000235746.1	CTBP2P2	processed_pseudogene	0	0	0	0.0000	0.0000	0.0000
ENSG00000235748.1	SEPTIN14P12	processed_pseudogene	0	0	0	0.0000	0.0000	0.0000
ENSG00000235749.3	AL390860.1	lncRNA	0	0	1	0.0000	0.0000	0.0000
ENSG00000235750.10	KIAA0040	protein_coding	22266	11197	11069	264.8845	65.6887	71.0244
ENSG00000235756.2	AC098657.1	processed_pseudogene	0	0	0	0.0000	0.0000	0.0000
ENSG00000235759.1	ARHGAP42P3	processed_pseudogene	0	0	0	0.0000	0.0000	0.0000
ENSG00000235760.4	MSH2-OT1	lncRNA	10	6	4	0.4379	0.1086	0.1174
ENSG00000235761.2	MTCO3P46	processed_pseudogene	0	0	0	0.0000	0.0000	0.0000
ENSG00000235763.1	SNRPGP5	processed_pseudogene	0	0	0	0.0000	0.0000	0.0000
ENSG00000235768.1	BRD7P5	processed_pseudogene	0	0	0	0.0000	0.0000	0.0000
ENSG00000235770.6	LINC00607	lncRNA	657	373	361	5.3548	1.3279	1.4358
ENSG00000235772.1	AP001625.2	lncRNA	5	5	0	0.4931	0.1223	0.1322
ENSG00000235774.2	AC023347.1	lncRNA	0	0	0	0.0000	0.0000	0.0000
ENSG00000235775.1	AC063976.4	unprocessed_pseudogene	0	0	0	0.0000	0.0000	0.0000
ENSG00000235776.2	AC000089.1	processed_pseudogene	28	10	18	1.9824	0.4916	0.5315
ENSG00000235777.1	DPYD-AS2	lncRNA	3	1	2	0.1747	0.0433	0.0468
ENSG00000235778.1	AC130360.1	unprocessed_pseudogene	0	0	0	0.0000	0.0000	0.0000
ENSG00000235779.8	AC079779.3	lncRNA	1	1	0	0.0159	0.0039	0.0043
ENSG00000235780.3	USP17L27	protein_coding	0	0	0	0.0000	0.0000	0.0000
ENSG00000235781.1	LINC02569	lncRNA	5	2	3	0.3332	0.0826	0.0893
ENSG00000235782.1	AL031429.1	lncRNA	3	1	2	0.2271	0.0563	0.0609
ENSG00000235784.2	HNRNPA1P29	processed_pseudogene	0	0	0	0.0000	0.0000	0.0000
ENSG00000235785.1	AL109767.1	lncRNA	0	0	0	0.0000	0.0000	0.0000
ENSG00000235786.1	ZNRF3-IT1	lncRNA	2	1	1	0.1683	0.0417	0.0451
ENSG00000235787.1	RPL35AP8	processed_pseudogene	0	0	0	0.0000	0.0000	0.0000
ENSG00000235790.7	PEF1-AS1	lncRNA	26	207	203	0.6654	0.1650	0.1784
ENSG00000235794.1	MTND3P21	unprocessed_pseudogene	0	0	0	0.0000	0.0000	0.0000
ENSG00000235795.1	AC093157.2	lncRNA	7	4	4	0.5916	0.1467	0.1586
ENSG00000235797.2	AL160275.2	processed_pseudogene	0	0	0	0.0000	0.0000	0.0000
ENSG00000235802.1	HCFC1-AS1	lncRNA	1	0	1	0.1620	0.0402	0.0434
ENSG00000235803.1	MTCO2P23	processed_pseudogene	0	0	0	0.0000	0.0000	0.0000
ENSG00000235804.2	AL357078.1	processed_pseudogene	0	0	0	0.0000	0.0000	0.0000
ENSG00000235805.1	SOCS5P3	processed_pseudogene	0	0	0	0.0000	0.0000	0.0000
ENSG00000235806.1	AF241728.1	lncRNA	2	1	1	0.0961	0.0238	0.0258
ENSG00000235808.1	MYL6P2	processed_pseudogene	1	1	0	0.1307	0.0324	0.0350
ENSG00000235810.1	AL731534.1	processed_pseudogene	0	0	0	0.0000	0.0000	0.0000
ENSG00000235811.1	AL691482.2	processed_pseudogene	0	0	0	0.0000	0.0000	0.0000
ENSG00000235812.4	ADAM21P1	transcribed_processed_pseudogene	1	1	0	0.0245	0.0061	0.0066
ENSG00000235813.1	AL672032.1	lncRNA	0	0	0	0.0000	0.0000	0.0000
ENSG00000235815.1	AL136099.1	lncRNA	1	1	0	0.1018	0.0252	0.0273
ENSG00000235816.3	PRELID1P3	processed_pseudogene	2	0	2	0.1764	0.0437	0.0473
ENSG00000235817.2	AL158214.1	processed_pseudogene	0	0	0	0.0000	0.0000	0.0000
ENSG00000235818.3	VN1R17P	processed_pseudogene	1	1	0	0.0520	0.0129	0.0140
ENSG00000235819.2	AL158828.1	lncRNA	2	0	2	0.0937	0.0232	0.0251
ENSG00000235820.1	AL109935.1	lncRNA	0	0	0	0.0000	0.0000	0.0000
ENSG00000235821.1	IFITM4P	processed_pseudogene	1	1	0	0.1350	0.0335	0.0362
ENSG00000235823.3	OLMALINC	lncRNA	1661	813	848	6.9215	1.7165	1.8559
ENSG00000235824.5	LINC00837	lncRNA	0	0	0	0.0000	0.0000	0.0000
ENSG00000235827.2	TUBB8P9	unprocessed_pseudogene	0	0	0	0.0000	0.0000	0.0000
ENSG00000235828.5	RPL36AP26	processed_pseudogene	1	1	0	0.1783	0.0442	0.0478
ENSG00000235829.1	TBCAP2	processed_pseudogene	1	1	0	0.1740	0.0431	0.0466
ENSG00000235830.2	SRGAP3-AS4	lncRNA	4	4	0	0.4964	0.1231	0.1331
ENSG00000235831.7	BHLHE40-AS1	lncRNA	120	2526	2506	1.2680	0.3144	0.3400
ENSG00000235832.2	CNN2P3	processed_pseudogene	0	0	0	0.0000	0.0000	0.0000
ENSG00000235833.1	AC017099.1	processed_pseudogene	0	0	0	0.0000	0.0000	0.0000
ENSG00000235834.1	Z93022.1	lncRNA	1	1	0	0.0365	0.0090	0.0098
ENSG00000235836.1	KIF3AP1	processed_pseudogene	0	0	0	0.0000	0.0000	0.0000
ENSG00000235837.1	AC073333.1	lncRNA	1	283	243	0.0875	0.0217	0.0235
ENSG00000235838.1	HSP90AB7P	processed_pseudogene	0	0	0	0.0000	0.0000	0.0000
ENSG00000235840.1	AC012363.2	lncRNA	1	0	1	0.1022	0.0253	0.0274
ENSG00000235843.1	AL390961.2	lncRNA	0	0	0	0.0000	0.0000	0.0000
ENSG00000235845.1	AC098649.1	lncRNA	0	0	0	0.0000	0.0000	0.0000
ENSG00000235847.2	LDHAP7	processed_pseudogene	97	45	52	5.7004	1.4136	1.5285
ENSG00000235848.4	RMDN2-AS1	lncRNA	7	3	6	0.1210	0.0300	0.0324
ENSG00000235849.1	HS6ST2-AS1	lncRNA	0	0	0	0.0000	0.0000	0.0000
ENSG00000235852.1	AC005540.1	lncRNA	2	87	91	0.1234	0.0306	0.0331
ENSG00000235855.3	OR7E145P	unprocessed_pseudogene	0	0	0	0.0000	0.0000	0.0000
ENSG00000235857.1	CTBP2P1	processed_pseudogene	0	0	0	0.0000	0.0000	0.0000
ENSG00000235858.1	AL359195.1	lncRNA	0	0	0	0.0000	0.0000	0.0000
ENSG00000235859.5	AC006978.1	processed_pseudogene	567	269	298	26.0572	6.4619	6.9868
ENSG00000235861.1	AC005237.1	processed_pseudogene	0	0	0	0.0000	0.0000	0.0000
ENSG00000235862.2	AL590648.2	lncRNA	0	0	0	0.0000	0.0000	0.0000
ENSG00000235863.4	B3GALT4	protein_coding	487	244	249	11.6777	2.8960	3.1312
ENSG00000235864.1	HSPA8P6	processed_pseudogene	0	0	0	0.0000	0.0000	0.0000
ENSG00000235865.2	GSN-AS1	lncRNA	53	604	656	0.6310	0.1565	0.1692
ENSG00000235868.3	GAPDHP31	processed_pseudogene	1	1	0	0.0559	0.0139	0.0150
ENSG00000235869.1	Z99127.1	processed_pseudogene	0	0	0	0.0000	0.0000	0.0000
ENSG00000235871.1	AC062016.2	processed_pseudogene	0	0	0	0.0000	0.0000	0.0000
ENSG00000235872.2	AC078777.1	lncRNA	6	244	223	0.4379	0.1086	0.1174
ENSG00000235875.3	ARHGEF7-AS2	lncRNA	0	3	9	0.0000	0.0000	0.0000
ENSG00000235876.2	FEM1AP4	processed_pseudogene	1	0	1	0.0285	0.0071	0.0077
ENSG00000235879.1	FAR1P1	processed_pseudogene	0	0	0	0.0000	0.0000	0.0000
ENSG00000235880.1	AL158832.1	lncRNA	0	0	0	0.0000	0.0000	0.0000
ENSG00000235881.2	AC114776.1	lncRNA	0	0	0	0.0000	0.0000	0.0000
ENSG00000235884.4	LINC00941	lncRNA	0	0	0	0.0000	0.0000	0.0000
ENSG00000235885.8	LINC01828	lncRNA	2	2	0	0.0138	0.0034	0.0037
ENSG00000235886.1	AC006055.1	lncRNA	0	0	0	0.0000	0.0000	0.0000
ENSG00000235887.2	LINC02799	lncRNA	0	0	0	0.0000	0.0000	0.0000
ENSG00000235888.3	AF064858.1	lncRNA	13	6	7	0.1056	0.0262	0.0283
ENSG00000235890.2	TSPEAR-AS1	lncRNA	6	4	3	0.1445	0.0358	0.0387
ENSG00000235892.1	PKMP2	processed_pseudogene	0	0	0	0.0000	0.0000	0.0000
ENSG00000235893.5	BX284632.1	processed_pseudogene	0	0	0	0.0000	0.0000	0.0000
ENSG00000235895.1	AC010154.1	unprocessed_pseudogene	0	0	0	0.0000	0.0000	0.0000
ENSG00000235897.1	TM4SF19-AS1	lncRNA	16	23	23	0.4248	0.1053	0.1139
ENSG00000235899.2	LINC01564	lncRNA	0	0	0	0.0000	0.0000	0.0000
ENSG00000235901.2	AL442644.1	processed_pseudogene	0	0	0	0.0000	0.0000	0.0000
ENSG00000235902.1	AC108472.1	lncRNA	0	1	0	0.0000	0.0000	0.0000
ENSG00000235903.9	CPB2-AS1	lncRNA	17	356	330	0.0503	0.0125	0.0135
ENSG00000235904.3	RBMS3-AS3	lncRNA	22	14	8	0.2108	0.0523	0.0565
ENSG00000235907.2	AC115285.1	processed_pseudogene	6	1	5	0.4623	0.1146	0.1240
ENSG00000235908.1	RHOA-IT1	lncRNA	16	7	9	1.7550	0.4352	0.4706
ENSG00000235910.2	APOA1-AS	lncRNA	5	3	2	0.2821	0.0700	0.0757
ENSG00000235911.1	AC019055.1	lncRNA	0	0	0	0.0000	0.0000	0.0000
ENSG00000235912.1	AL031729.1	processed_pseudogene	13	7	6	3.8397	0.9522	1.0296
ENSG00000235914.2	MACROD2-AS1	lncRNA	1	1	0	0.0301	0.0075	0.0081
ENSG00000235916.1	MRPS18CP7	processed_pseudogene	0	0	1	0.0000	0.0000	0.0000
ENSG00000235917.1	MTCO2P11	unprocessed_pseudogene	0	0	0	0.0000	0.0000	0.0000
ENSG00000235919.4	ASH1L-AS1	lncRNA	84	54	79	3.9401	0.9771	1.0565
ENSG00000235920.1	THRAP3P3	processed_pseudogene	0	0	0	0.0000	0.0000	0.0000
ENSG00000235922.1	AL354766.1	processed_pseudogene	0	0	0	0.0000	0.0000	0.0000
ENSG00000235924.1	ZNRF2P3	processed_pseudogene	0	0	0	0.0000	0.0000	0.0000
ENSG00000235926.1	RPS29P15	processed_pseudogene	0	0	0	0.0000	0.0000	0.0000
ENSG00000235927.4	NEXN-AS1	lncRNA	10	43	36	0.2474	0.0614	0.0663
ENSG00000235929.1	TPT1P14	processed_pseudogene	0	0	0	0.0000	0.0000	0.0000
ENSG00000235930.3	HSPE1P12	processed_pseudogene	0	0	0	0.0000	0.0000	0.0000
ENSG00000235931.2	LINC01553	lncRNA	0	0	0	0.0000	0.0000	0.0000
ENSG00000235932.2	AL359955.2	processed_pseudogene	0	0	0	0.0000	0.0000	0.0000
ENSG00000235933.1	LINC01779	lncRNA	3	2	1	0.1861	0.0462	0.0499
ENSG00000235934.2	AC007405.2	lncRNA	8	10	3	0.1846	0.0458	0.0495
ENSG00000235937.1	RPL21P30	processed_pseudogene	1	1	0	0.1376	0.0341	0.0369
ENSG00000235939.1	AL138760.1	lncRNA	3	3	1	0.3911	0.0970	0.1049
ENSG00000235940.1	MTND1P21	processed_pseudogene	0	0	0	0.0000	0.0000	0.0000
ENSG00000235942.3	LCE6A	protein_coding	0	0	0	0.0000	0.0000	0.0000
ENSG00000235943.1	TMEM212-IT1	lncRNA	0	0	0	0.0000	0.0000	0.0000
ENSG00000235944.8	ZNF815P	transcribed_unprocessed_pseudogene	130	68	62	3.2026	0.7942	0.8587
ENSG00000235945.1	AC002543.1	processed_pseudogene	1	1	1	0.0290	0.0072	0.0078
ENSG00000235946.1	H2BW3P	processed_pseudogene	0	0	0	0.0000	0.0000	0.0000
ENSG00000235947.1	EGOT	lncRNA	140	81	60	5.4231	1.3449	1.4541
ENSG00000235951.1	AC009965.2	processed_pseudogene	0	0	0	0.0000	0.0000	0.0000
ENSG00000235954.7	TTC28-AS1	lncRNA	1149	756	737	4.5890	1.1380	1.2305
ENSG00000235955.1	CICP20	processed_pseudogene	0	0	0	0.0000	0.0000	0.0000
ENSG00000235957.1	COX7CP1	processed_pseudogene	11	7	5	3.2490	0.8057	0.8712
ENSG00000235958.5	UBOX5-AS1	lncRNA	8	106	91	0.2238	0.0555	0.0600
ENSG00000235959.1	AC009237.6	processed_pseudogene	0	0	0	0.0000	0.0000	0.0000
ENSG00000235961.6	PNMA6A	protein_coding	48	25	23	1.2163	0.3016	0.3261
ENSG00000235962.5	RPL7AP53	processed_pseudogene	4	4	0	0.2861	0.0709	0.0767
ENSG00000235963.1	MCCD1P1	unprocessed_pseudogene	1	0	1	0.1729	0.0429	0.0464
ENSG00000235964.1	FXYD6P2	processed_pseudogene	0	0	0	0.0000	0.0000	0.0000
ENSG00000235965.2	AP000431.2	lncRNA	0	0	0	0.0000	0.0000	0.0000
ENSG00000235967.1	COX5BP3	processed_pseudogene	0	0	0	0.0000	0.0000	0.0000
ENSG00000235968.1	FBXL12P1	processed_pseudogene	0	0	0	0.0000	0.0000	0.0000
ENSG00000235969.1	CHEK2P4	unprocessed_pseudogene	0	0	0	0.0000	0.0000	0.0000
ENSG00000235972.1	AL355497.2	lncRNA	0	0	0	0.0000	0.0000	0.0000
ENSG00000235974.1	VN2R19P	unitary_pseudogene	2	0	2	0.1078	0.0267	0.0289
ENSG00000235975.1	Z83313.1	processed_pseudogene	0	0	0	0.0000	0.0000	0.0000
ENSG00000235976.2	H2BP8	processed_pseudogene	0	0	0	0.0000	0.0000	0.0000
ENSG00000235978.6	AC018816.1	lncRNA	1157	1616	1519	52.4488	13.0068	14.0633
ENSG00000235979.9	AC004448.2	lncRNA	1	0	1	0.0117	0.0029	0.0031
ENSG00000235981.2	AC023274.2	unprocessed_pseudogene	0	0	0	0.0000	0.0000	0.0000
ENSG00000235984.5	GPC5-AS1	lncRNA	0	0	0	0.0000	0.0000	0.0000
ENSG00000235988.1	AC245100.5	processed_pseudogene	0	0	0	0.0000	0.0000	0.0000
ENSG00000235989.4	MORC2-AS1	lncRNA	6	417	391	0.1249	0.0310	0.0335
ENSG00000235990.2	RPL23AP20	processed_pseudogene	1	1	0	0.1347	0.0334	0.0361
ENSG00000235991.4	BX293995.1	unprocessed_pseudogene	1	0	1	0.0751	0.0186	0.0201
ENSG00000235992.1	GRAMD4P2	processed_pseudogene	0	0	0	0.0000	0.0000	0.0000
ENSG00000235993.1	AC007559.1	processed_pseudogene	0	0	0	0.0000	0.0000	0.0000
ENSG00000235994.4	HGC6.3	lncRNA	3	1	2	0.1105	0.0274	0.0296
ENSG00000235995.1	UBE2V1P6	processed_pseudogene	0	0	0	0.0000	0.0000	0.0000
ENSG00000235996.1	AL136090.1	lncRNA	1	56	44	0.1549	0.0384	0.0415
ENSG00000235997.3	LINC01936	lncRNA	110	48	62	1.3415	0.3327	0.3597
ENSG00000235998.1	TAAR7P	unprocessed_pseudogene	0	0	0	0.0000	0.0000	0.0000
ENSG00000236003.1	AC007731.3	lncRNA	1	0	1	0.0870	0.0216	0.0233
ENSG00000236004.2	AL139156.3	processed_pseudogene	0	0	0	0.0000	0.0000	0.0000
ENSG00000236005.1	AL389915.1	processed_pseudogene	0	0	0	0.0000	0.0000	0.0000
ENSG00000236007.1	MTCO1P46	processed_pseudogene	1	0	1	0.0380	0.0094	0.0102
ENSG00000236008.3	LINC01814	lncRNA	46	18	28	0.1929	0.0478	0.0517
ENSG00000236009.1	AL592309.2	lncRNA	0	0	0	0.0000	0.0000	0.0000
ENSG00000236012.2	HIGD1AP12	processed_pseudogene	0	0	0	0.0000	0.0000	0.0000
ENSG00000236013.7	AL357146.1	lncRNA	5	4	3	0.0801	0.0199	0.0215
ENSG00000236015.1	AC011290.2	processed_pseudogene	38	22	22	2.6184	0.6493	0.7021
ENSG00000236017.8	ASMTL-AS1	lncRNA	79	338	334	3.3559	0.8322	0.8998
ENSG00000236017.8_PAR_Y	ASMTL-AS1	lncRNA	0	0	0	0.0000	0.0000	0.0000
ENSG00000236018.2	AC004898.1	processed_pseudogene	1	0	1	0.0740	0.0184	0.0199
ENSG00000236021.2	AL591043.2	lncRNA	5	2	3	0.0846	0.0210	0.0227
ENSG00000236022.6	AC106017.1	lncRNA	0	0	0	0.0000	0.0000	0.0000
ENSG00000236024.1	PRRX2-AS1	lncRNA	2	1	1	0.2644	0.0656	0.0709
ENSG00000236025.1	AL139135.1	processed_pseudogene	0	0	0	0.0000	0.0000	0.0000
ENSG00000236026.1	AC009237.7	processed_pseudogene	0	0	0	0.0000	0.0000	0.0000
ENSG00000236027.3	PATE3	protein_coding	0	0	0	0.0000	0.0000	0.0000
ENSG00000236028.1	AL354766.2	lncRNA	1	1	0	0.1341	0.0332	0.0359
ENSG00000236031.1	AL591721.1	lncRNA	3	48	72	0.2265	0.0562	0.0607
ENSG00000236032.3	OR5H14	protein_coding	0	0	0	0.0000	0.0000	0.0000
ENSG00000236035.2	NSA2P1	processed_pseudogene	1	1	0	0.0716	0.0178	0.0192
ENSG00000236036.2	LINC00445	lncRNA	5	4	1	0.1812	0.0449	0.0486
ENSG00000236039.3	AC019117.1	lncRNA	42	19	24	0.6788	0.1683	0.1820
ENSG00000236040.1	CHIAP1	unprocessed_pseudogene	0	0	0	0.0000	0.0000	0.0000
ENSG00000236041.1	COX6CP18	processed_pseudogene	1	0	1	0.2555	0.0633	0.0685
ENSG00000236042.2	Z74696.2	processed_pseudogene	0	0	0	0.0000	0.0000	0.0000
ENSG00000236044.1	FABP5P2	processed_pseudogene	1	0	1	0.1390	0.0345	0.0373
ENSG00000236045.1	AL031283.2	lncRNA	12	4	8	0.9361	0.2321	0.2510
ENSG00000236046.1	AC004920.1	lncRNA	0	0	0	0.0000	0.0000	0.0000
ENSG00000236047.1	RPL13AP12	processed_pseudogene	7	6	1	0.6740	0.1671	0.1807
ENSG00000236048.2	SSBL5P	processed_pseudogene	0	0	0	0.0000	0.0000	0.0000
ENSG00000236049.1	LINC01920	lncRNA	0	0	0	0.0000	0.0000	0.0000
ENSG00000236051.7	MYCBP2-AS1	lncRNA	3	382	385	0.0416	0.0103	0.0112
ENSG00000236052.2	LINC01643	lncRNA	0	0	0	0.0000	0.0000	0.0000
ENSG00000236053.1	LINC01067	lncRNA	0	0	0	0.0000	0.0000	0.0000
ENSG00000236054.1	SYN3-AS1	lncRNA	25	13	12	3.1023	0.7693	0.8318
ENSG00000236056.1	GAPDHP14	processed_pseudogene	2	1	1	0.1210	0.0300	0.0325
ENSG00000236058.3	RPL17P36	processed_pseudogene	21	12	9	2.1692	0.5379	0.5816
ENSG00000236060.2	HSPB1P1	processed_pseudogene	56	19	37	12.4053	3.0764	3.3263
ENSG00000236062.1	GSTM5P1	processed_pseudogene	0	0	0	0.0000	0.0000	0.0000
ENSG00000236064.2	AL109946.1	lncRNA	2	3	0	0.0287	0.0071	0.0077
ENSG00000236065.2	AL020995.1	lncRNA	1	43	22	0.0338	0.0084	0.0091
ENSG00000236068.2	AC091862.1	unitary_pseudogene	0	0	0	0.0000	0.0000	0.0000
ENSG00000236069.2	AL136987.1	lncRNA	20	8	12	0.8096	0.2008	0.2171
ENSG00000236072.1	SRSF2P1	processed_pseudogene	1	0	1	0.0763	0.0189	0.0205
ENSG00000236073.2	AL627311.1	processed_pseudogene	0	0	0	0.0000	0.0000	0.0000
ENSG00000236075.1	AL359475.1	lncRNA	0	0	0	0.0000	0.0000	0.0000
ENSG00000236076.1	LINC01072	lncRNA	0	0	0	0.0000	0.0000	0.0000
ENSG00000236077.2	SLC6A14P1	unprocessed_pseudogene	0	0	0	0.0000	0.0000	0.0000
ENSG00000236078.2	LINC01447	lncRNA	0	0	0	0.0000	0.0000	0.0000
ENSG00000236079.1	Z85994.2	processed_pseudogene	0	0	0	0.0000	0.0000	0.0000
ENSG00000236080.2	YAP1P2	processed_pseudogene	0	0	0	0.0000	0.0000	0.0000
ENSG00000236081.1	ELFN1-AS1	lncRNA	2	2	0	0.1147	0.0284	0.0307
ENSG00000236083.2	OR13E1P	unitary_pseudogene	0	8	7	0.0000	0.0000	0.0000
ENSG00000236085.1	ACTG1P4	processed_pseudogene	0	0	0	0.0000	0.0000	0.0000
ENSG00000236086.4	HMGN2P28	processed_pseudogene	1	0	1	0.2165	0.0537	0.0580
ENSG00000236088.10	COX10-AS1	lncRNA	970	503	467	4.6386	1.1503	1.2438
ENSG00000236090.2	LDHAP3	processed_pseudogene	34	17	17	1.9128	0.4744	0.5129
ENSG00000236091.1	LINC02243	lncRNA	0	0	0	0.0000	0.0000	0.0000
ENSG00000236094.2	LINC00545	lncRNA	0	0	0	0.0000	0.0000	0.0000
ENSG00000236095.1	AL807757.2	lncRNA	5	2	3	0.3640	0.0903	0.0976
ENSG00000236097.1	BNIP3P2	processed_pseudogene	0	0	0	0.0000	0.0000	0.0000
ENSG00000236098.1	AC097059.1	lncRNA	5	3	2	0.4790	0.1188	0.1284
ENSG00000236099.1	AC013403.1	unprocessed_pseudogene	0	0	0	0.0000	0.0000	0.0000
ENSG00000236101.1	RAC1P7	processed_pseudogene	0	0	0	0.0000	0.0000	0.0000
ENSG00000236102.2	AC006967.2	lncRNA	0	0	0	0.0000	0.0000	0.0000
ENSG00000236104.3	ZBTB22	protein_coding	1463	746	717	30.3130	7.5173	8.1279
ENSG00000236105.1	PRELID3BP10	processed_pseudogene	0	0	0	0.0000	0.0000	0.0000
ENSG00000236106.2	AC010729.1	lncRNA	0	0	0	0.0000	0.0000	0.0000
ENSG00000236107.10	SCN1A-AS1	lncRNA	2	7	2	0.0060	0.0015	0.0016
ENSG00000236108.1	AC093422.2	processed_pseudogene	1	1	0	0.1859	0.0461	0.0499
ENSG00000236109.2	AC013402.3	lncRNA	0	0	0	0.0000	0.0000	0.0000
ENSG00000236110.1	OR2AM1P	unprocessed_pseudogene	0	0	0	0.0000	0.0000	0.0000
ENSG00000236111.5	AL603882.1	processed_pseudogene	0	0	0	0.0000	0.0000	0.0000
ENSG00000236114.1	AL450326.2	unprocessed_pseudogene	5	4	1	0.1445	0.0358	0.0388
ENSG00000236115.1	AL136097.2	lncRNA	0	0	0	0.0000	0.0000	0.0000
ENSG00000236116.1	AC064853.1	lncRNA	0	0	0	0.0000	0.0000	0.0000
ENSG00000236117.1	LINC01639	lncRNA	1	1	0	0.0596	0.0148	0.0160
ENSG00000236118.1	AC245517.4	unprocessed_pseudogene	0	0	0	0.0000	0.0000	0.0000
ENSG00000236119.1	AP000688.3	lncRNA	1	1	0	0.1630	0.0404	0.0437
ENSG00000236120.7	AC110995.1	lncRNA	342	150	192	10.0805	2.4999	2.7029
ENSG00000236121.1	HAUS6P2	processed_pseudogene	0	0	0	0.0000	0.0000	0.0000
ENSG00000236123.1	CEACAMP11	unprocessed_pseudogene	0	0	0	0.0000	0.0000	0.0000
ENSG00000236124.1	HMGN2P23	processed_pseudogene	0	0	0	0.0000	0.0000	0.0000
ENSG00000236125.3	USP17L4	protein_coding	0	0	0	0.0000	0.0000	0.0000
ENSG00000236126.3	CT47A3	protein_coding	0	0	0	0.0000	0.0000	0.0000
ENSG00000236129.1	AP002856.3	lncRNA	0	0	0	0.0000	0.0000	0.0000
ENSG00000236130.2	PTCSC2	lncRNA	3	0	3	0.0745	0.0185	0.0200
ENSG00000236131.1	MED13P1	processed_pseudogene	0	0	0	0.0000	0.0000	0.0000
ENSG00000236132.1	AL022331.1	processed_pseudogene	1	1	0	0.1189	0.0295	0.0319
ENSG00000236133.2	LINC01069	lncRNA	0	0	0	0.0000	0.0000	0.0000
ENSG00000236136.1	ADORA2BP1	processed_pseudogene	0	0	0	0.0000	0.0000	0.0000
ENSG00000236137.1	AL445231.1	lncRNA	11	16	22	0.3206	0.0795	0.0860
ENSG00000236138.4	DUX4L26	processed_pseudogene	0	0	0	0.0000	0.0000	0.0000
ENSG00000236140.1	AC245014.1	lncRNA	3	3	0	0.4465	0.1107	0.1197
ENSG00000236141.2	AC013727.2	lncRNA	0	0	0	0.0000	0.0000	0.0000
ENSG00000236144.8	TMEM147-AS1	lncRNA	317	650	676	3.6546	0.9063	0.9799
ENSG00000236145.1	AC079988.1	lncRNA	0	0	0	0.0000	0.0000	0.0000
ENSG00000236146.2	AL353803.3	processed_pseudogene	1	0	1	0.1693	0.0420	0.0454
ENSG00000236148.5	RPL23AP37	processed_pseudogene	1	0	1	0.1033	0.0256	0.0277
ENSG00000236151.1	AL110503.1	lncRNA	0	0	0	0.0000	0.0000	0.0000
ENSG00000236152.1	MRPS36P1	processed_pseudogene	0	0	0	0.0000	0.0000	0.0000
ENSG00000236153.1	AC104076.1	lncRNA	1	1	0	0.2140	0.0531	0.0574
ENSG00000236154.1	AL450311.1	lncRNA	1	0	1	0.1127	0.0280	0.0302
ENSG00000236155.6	ZPLD2P	transcribed_unprocessed_pseudogene	59	25	34	1.0485	0.2600	0.2811
ENSG00000236156.2	CHCHD4P3	processed_pseudogene	0	0	0	0.0000	0.0000	0.0000
ENSG00000236158.1	RFC3P1	processed_pseudogene	0	0	0	0.0000	0.0000	0.0000
ENSG00000236159.1	AL031659.1	processed_pseudogene	0	0	0	0.0000	0.0000	0.0000
ENSG00000236160.1	AC005345.1	processed_pseudogene	0	0	0	0.0000	0.0000	0.0000
ENSG00000236162.1	AC092687.2	lncRNA	0	0	0	0.0000	0.0000	0.0000
ENSG00000236164.1	AL161618.1	lncRNA	0	0	0	0.0000	0.0000	0.0000
ENSG00000236165.1	PRADC1P1	processed_pseudogene	5	3	2	0.5401	0.1339	0.1448
ENSG00000236166.1	AL021408.1	lncRNA	4	1	3	0.3041	0.0754	0.0815
ENSG00000236167.1	GAPDHP57	processed_pseudogene	0	0	0	0.0000	0.0000	0.0000
ENSG00000236168.1	AL133466.1	unprocessed_pseudogene	0	0	0	0.0000	0.0000	0.0000
ENSG00000236170.1	IGHD1-1	IG_D_gene	0	0	0	0.0000	0.0000	0.0000
ENSG00000236171.1	RPL12P26	processed_pseudogene	0	0	0	0.0000	0.0000	0.0000
ENSG00000236172.7	MIR7515HG	lncRNA	0	0	0	0.0000	0.0000	0.0000
ENSG00000236173.1	AL049612.1	lncRNA	3	0	3	0.2451	0.0608	0.0657
ENSG00000236175.3	SSU72P6	processed_pseudogene	0	0	0	0.0000	0.0000	0.0000
ENSG00000236176.2	LINC00353	lncRNA	0	0	0	0.0000	0.0000	0.0000
ENSG00000236179.1	PRAMEF35P	unprocessed_pseudogene	0	0	0	0.0000	0.0000	0.0000
ENSG00000236180.2	AL445669.1	processed_pseudogene	4	4	0	0.5388	0.1336	0.1445
ENSG00000236182.1	AC009319.1	processed_pseudogene	12	3	9	0.9025	0.2238	0.2420
ENSG00000236184.1	TCEA1P4	processed_pseudogene	5	1	4	0.3360	0.0833	0.0901
ENSG00000236185.1	HNRNPDLP3	processed_pseudogene	0	0	0	0.0000	0.0000	0.0000
ENSG00000236187.1	GJA6P	processed_pseudogene	0	0	0	0.0000	0.0000	0.0000
ENSG00000236188.1	PRKX-AS1	lncRNA	1	1	0	0.1099	0.0273	0.0295
ENSG00000236189.2	RPL18AP15	processed_pseudogene	0	0	0	0.0000	0.0000	0.0000
ENSG00000236190.1	Z82210.1	processed_pseudogene	0	0	0	0.0000	0.0000	0.0000
ENSG00000236191.3	RPS15AP25	processed_pseudogene	0	0	0	0.0000	0.0000	0.0000
ENSG00000236193.3	LINC01953	lncRNA	0	0	0	0.0000	0.0000	0.0000
ENSG00000236194.3	AC099811.1	lncRNA	4	1	3	0.1516	0.0376	0.0407
ENSG00000236195.1	RNMTL1P2	processed_pseudogene	0	0	0	0.0000	0.0000	0.0000
ENSG00000236197.4	PPP1R9A-AS1	lncRNA	2	1	1	0.0281	0.0070	0.0075
ENSG00000236199.1	AL359076.1	lncRNA	0	53	50	0.0000	0.0000	0.0000
ENSG00000236200.6	KDM4A-AS1	lncRNA	66	508	478	0.8876	0.2201	0.2380
ENSG00000236202.1	GRM7-AS1	lncRNA	1	1	0	0.1119	0.0277	0.0300
ENSG00000236204.6	LINC01376	lncRNA	75	33	42	1.3977	0.3466	0.3748
ENSG00000236205.1	AL023773.2	unprocessed_pseudogene	0	0	0	0.0000	0.0000	0.0000
ENSG00000236206.2	AL356441.1	lncRNA	0	0	0	0.0000	0.0000	0.0000
ENSG00000236208.1	C10orf71-AS1	lncRNA	0	0	0	0.0000	0.0000	0.0000
ENSG00000236209.1	AC104135.1	lncRNA	0	0	0	0.0000	0.0000	0.0000
ENSG00000236211.1	MTCO1P7	unprocessed_pseudogene	0	0	0	0.0000	0.0000	0.0000
ENSG00000236212.2	AC009262.1	lncRNA	1	0	1	0.0270	0.0067	0.0072
ENSG00000236213.2	AC006369.1	lncRNA	2	154	150	0.0651	0.0161	0.0174
ENSG00000236216.5	PPP1R11P1	processed_pseudogene	1	0	1	0.1508	0.0374	0.0404
ENSG00000236217.4	C1DP2	processed_pseudogene	0	0	0	0.0000	0.0000	0.0000
ENSG00000236226.1	AC073127.1	lncRNA	0	0	0	0.0000	0.0000	0.0000
ENSG00000236229.1	VEZF1P1	processed_pseudogene	1	1	0	0.0368	0.0091	0.0099
ENSG00000236230.2	AL356108.1	lncRNA	4	2	2	0.1341	0.0333	0.0360
ENSG00000236231.1	AC017048.2	lncRNA	0	0	0	0.0000	0.0000	0.0000
ENSG00000236232.1	MTCYBP24	unprocessed_pseudogene	2	0	2	0.1025	0.0254	0.0275
ENSG00000236234.1	AC091132.2	lncRNA	4	7	6	0.2950	0.0732	0.0791
ENSG00000236235.1	AP000542.1	unprocessed_pseudogene	0	0	0	0.0000	0.0000	0.0000
ENSG00000236238.2	AC093106.1	processed_pseudogene	0	0	0	0.0000	0.0000	0.0000
ENSG00000236240.1	GPC5-IT1	lncRNA	0	0	0	0.0000	0.0000	0.0000
ENSG00000236241.1	AC119744.1	processed_pseudogene	1	0	1	0.0331	0.0082	0.0089
ENSG00000236242.1	MYO16-AS1	lncRNA	1	1	0	0.0978	0.0242	0.0262
ENSG00000236243.2	RPL6P29	processed_pseudogene	0	0	0	0.0000	0.0000	0.0000
ENSG00000236244.1	SLC35F3-AS1	lncRNA	0	0	0	0.0000	0.0000	0.0000
ENSG00000236246.2	AC073135.1	unprocessed_pseudogene	0	0	0	0.0000	0.0000	0.0000
ENSG00000236248.1	AC104389.4	processed_pseudogene	0	0	0	0.0000	0.0000	0.0000
ENSG00000236252.2	AL512605.1	transcribed_processed_pseudogene	0	0	0	0.0000	0.0000	0.0000
ENSG00000236253.7	SLC25A3P1	transcribed_processed_pseudogene	0	0	0	0.0000	0.0000	0.0000
ENSG00000236254.1	MTND4P14	unprocessed_pseudogene	2	0	2	0.0838	0.0208	0.0225
ENSG00000236255.2	AC009404.1	lncRNA	172	78	94	1.8449	0.4575	0.4947
ENSG00000236256.9	DIAPH2-AS1	lncRNA	7	117	101	0.1719	0.0426	0.0461
ENSG00000236257.1	EI24P2	processed_pseudogene	0	0	0	0.0000	0.0000	0.0000
ENSG00000236258.1	TIMM8BP1	processed_pseudogene	2	1	1	0.5375	0.1333	0.1441
ENSG00000236259.1	PPIAP64	processed_pseudogene	2	0	2	0.2348	0.0582	0.0630
ENSG00000236261.1	AC064862.4	unprocessed_pseudogene	0	0	0	0.0000	0.0000	0.0000
ENSG00000236262.1	SHANK2-AS2	lncRNA	0	0	0	0.0000	0.0000	0.0000
ENSG00000236263.1	AC234582.1	lncRNA	0	21	18	0.0000	0.0000	0.0000
ENSG00000236264.5	RPL26P30	transcribed_processed_pseudogene	11	9	2	0.5295	0.1313	0.1420
ENSG00000236266.1	Z98884.1	lncRNA	12	136	109	0.8199	0.2033	0.2198
ENSG00000236267.1	AP006216.2	lncRNA	0	0	0	0.0000	0.0000	0.0000
ENSG00000236268.6	LINC01361	lncRNA	0	0	0	0.0000	0.0000	0.0000
ENSG00000236272.1	SCUBE1-AS2	lncRNA	2	2	0	0.2136	0.0530	0.0573
ENSG00000236274.1	AC004865.1	processed_pseudogene	0	0	0	0.0000	0.0000	0.0000
ENSG00000236276.2	NDP-AS1	lncRNA	1	28	14	0.0262	0.0065	0.0070
ENSG00000236277.1	NIPA2P5	processed_pseudogene	0	0	0	0.0000	0.0000	0.0000
ENSG00000236278.2	PEBP1P3	processed_pseudogene	0	0	0	0.0000	0.0000	0.0000
ENSG00000236279.7	CLEC2L	protein_coding	2	0	2	0.0420	0.0104	0.0113
ENSG00000236281.1	NDUFB9P2	processed_pseudogene	3	1	2	0.3356	0.0832	0.0900
ENSG00000236283.5	AC019197.1	lncRNA	29	15	25	0.1603	0.0397	0.0430
ENSG00000236284.1	VN1R31P	processed_pseudogene	0	0	0	0.0000	0.0000	0.0000
ENSG00000236285.1	NPM1P8	processed_pseudogene	3	1	2	0.2033	0.0504	0.0545
ENSG00000236287.8	ZBED5	protein_coding	4054	2132	2162	25.4626	6.3145	6.8274
ENSG00000236289.4	GACAT3	lncRNA	0	0	0	0.0000	0.0000	0.0000
ENSG00000236290.1	EEF1GP7	processed_pseudogene	0	0	0	0.0000	0.0000	0.0000
ENSG00000236292.1	USH2A-AS1	lncRNA	0	0	0	0.0000	0.0000	0.0000
ENSG00000236295.1	AC007557.3	lncRNA	0	0	0	0.0000	0.0000	0.0000
ENSG00000236296.8	GUSBP5	transcribed_processed_pseudogene	32	9	23	0.9124	0.2263	0.2446
ENSG00000236297.1	AC048351.1	transcribed_processed_pseudogene	8	5	3	0.4910	0.1218	0.1317
ENSG00000236299.8	AC092634.4	lncRNA	0	0	0	0.0000	0.0000	0.0000
ENSG00000236300.2	MTND4LP12	processed_pseudogene	0	0	0	0.0000	0.0000	0.0000
ENSG00000236301.5	MRGPRG-AS1	lncRNA	0	0	0	0.0000	0.0000	0.0000
ENSG00000236303.4	LINC02646	lncRNA	2	2	0	0.0620	0.0154	0.0166
ENSG00000236304.1	AP001189.1	lncRNA	17	162	159	0.6761	0.1677	0.1813
ENSG00000236305.1	SLC12A9-AS1	lncRNA	42	18	24	6.4548	1.6007	1.7307
ENSG00000236306.3	LINC01241	lncRNA	0	0	0	0.0000	0.0000	0.0000
ENSG00000236307.2	EEF1E1P1	processed_pseudogene	3	2	2	0.3957	0.0981	0.1061
ENSG00000236308.1	AL138921.2	lncRNA	15	8	17	1.4717	0.3650	0.3946
ENSG00000236311.6	TLX1NB	lncRNA	0	0	0	0.0000	0.0000	0.0000
ENSG00000236312.3	RPL34P34	processed_pseudogene	3	1	4	0.4806	0.1192	0.1289
ENSG00000236313.1	VN1R53P	processed_pseudogene	244	152	92	14.4590	3.5857	3.8769
ENSG00000236316.2	OR7E109P	unprocessed_pseudogene	0	0	0	0.0000	0.0000	0.0000
ENSG00000236317.1	AC104333.2	processed_pseudogene	0	0	0	0.0000	0.0000	0.0000
ENSG00000236318.2	AC019117.2	lncRNA	0	0	0	0.0000	0.0000	0.0000
ENSG00000236319.2	AC105021.1	transcribed_processed_pseudogene	0	0	0	0.0000	0.0000	0.0000
ENSG00000236320.4	SLFN14	protein_coding	4	5	2	0.0316	0.0078	0.0085
ENSG00000236323.1	BMP6P1	processed_pseudogene	0	0	0	0.0000	0.0000	0.0000
ENSG00000236324.1	SNX9-AS1	lncRNA	0	0	0	0.0000	0.0000	0.0000
ENSG00000236325.1	AC005300.1	processed_pseudogene	2	2	0	0.3041	0.0754	0.0815
ENSG00000236326.1	AL050331.2	lncRNA	0	201	206	0.0000	0.0000	0.0000
ENSG00000236327.2	AL831737.1	processed_pseudogene	0	0	0	0.0000	0.0000	0.0000
ENSG00000236330.1	RPL5P9	processed_pseudogene	1	0	1	0.0640	0.0159	0.0172
ENSG00000236332.2	AP001604.1	lncRNA	0	0	0	0.0000	0.0000	0.0000
ENSG00000236333.4	TRHDE-AS1	lncRNA	1	2	1	0.0031	0.0008	0.0008
ENSG00000236334.3	PPIAL4G	protein_coding	0	0	0	0.0000	0.0000	0.0000
ENSG00000236335.1	AL161638.2	lncRNA	5	2	3	0.5593	0.1387	0.1500
ENSG00000236336.1	CDYL-AS1	lncRNA	0	0	0	0.0000	0.0000	0.0000
ENSG00000236337.1	FMR1-IT1	lncRNA	9	5	4	1.4880	0.3690	0.3990
ENSG00000236339.1	POM121L13P	processed_pseudogene	0	0	0	0.0000	0.0000	0.0000
ENSG00000236340.6	GRM8-AS1	lncRNA	0	0	0	0.0000	0.0000	0.0000
ENSG00000236341.1	AL161740.1	lncRNA	0	1	0	0.0000	0.0000	0.0000
ENSG00000236343.1	EI24P4	processed_pseudogene	0	0	0	0.0000	0.0000	0.0000
ENSG00000236345.1	SCAT8	lncRNA	2	1	1	0.0780	0.0193	0.0209
ENSG00000236347.1	AL513123.1	lncRNA	0	0	0	0.0000	0.0000	0.0000
ENSG00000236348.1	PSMC1P10	processed_pseudogene	1	1	0	0.0427	0.0106	0.0115
ENSG00000236349.1	SUCLG2P2	processed_pseudogene	5	2	3	0.2188	0.0543	0.0587
ENSG00000236352.1	AC005220.1	lncRNA	0	0	1	0.0000	0.0000	0.0000
ENSG00000236354.1	LINC00437	lncRNA	0	0	0	0.0000	0.0000	0.0000
ENSG00000236355.2	AL391415.1	lncRNA	0	0	0	0.0000	0.0000	0.0000
ENSG00000236356.1	AC079584.1	lncRNA	0	0	0	0.0000	0.0000	0.0000
ENSG00000236357.1	EI24P1	processed_pseudogene	0	0	0	0.0000	0.0000	0.0000
ENSG00000236358.1	AL355472.2	lncRNA	5	6	16	0.6916	0.1715	0.1854
ENSG00000236359.1	OR51B8P	unprocessed_pseudogene	0	0	0	0.0000	0.0000	0.0000
ENSG00000236360.2	RRAS2P1	processed_pseudogene	9	16	14	1.0167	0.2521	0.2726
ENSG00000236362.8	GAGE12F	protein_coding	0	0	0	0.0000	0.0000	0.0000
ENSG00000236364.4	AL358115.1	lncRNA	12	251	196	0.2305	0.0572	0.0618
ENSG00000236365.1	EIF3MP1	processed_pseudogene	0	0	0	0.0000	0.0000	0.0000
ENSG00000236366.3	AL359313.1	lncRNA	0	0	0	0.0000	0.0000	0.0000
ENSG00000236371.5	CT47A1	protein_coding	0	0	0	0.0000	0.0000	0.0000
ENSG00000236372.1	AL353052.2	lncRNA	0	0	0	0.0000	0.0000	0.0000
ENSG00000236373.2	LINC02653	lncRNA	0	0	0	0.0000	0.0000	0.0000
ENSG00000236375.3	POU5F1P5	processed_pseudogene	1	0	1	0.0862	0.0214	0.0231
ENSG00000236376.1	AL353780.1	lncRNA	0	0	0	0.0000	0.0000	0.0000
ENSG00000236377.1	AC084809.2	lncRNA	1	1	0	0.1108	0.0275	0.0297
ENSG00000236378.1	AL133319.1	lncRNA	0	0	0	0.0000	0.0000	0.0000
ENSG00000236379.2	ZNF736P4Y	processed_pseudogene	0	0	0	0.0000	0.0000	0.0000
ENSG00000236380.5	VENTXP7	processed_pseudogene	0	0	0	0.0000	0.0000	0.0000
ENSG00000236382.1	KRTAP10-13P	unprocessed_pseudogene	0	0	0	0.0000	0.0000	0.0000
ENSG00000236383.8	CCDC200	protein_coding	150	172	171	2.5919	0.6428	0.6950
ENSG00000236384.7	LINC00479	lncRNA	1	1	0	0.0268	0.0067	0.0072
ENSG00000236385.1	AC026355.3	lncRNA	8	4	4	0.6275	0.1556	0.1683
ENSG00000236386.1	AC009518.2	processed_pseudogene	0	0	0	0.0000	0.0000	0.0000
ENSG00000236387.2	AL139350.1	lncRNA	0	0	0	0.0000	0.0000	0.0000
ENSG00000236388.1	ITCH-AS1	lncRNA	0	0	0	0.0000	0.0000	0.0000
ENSG00000236389.1	AL121970.1	lncRNA	0	0	0	0.0000	0.0000	0.0000
ENSG00000236390.1	AC092800.1	lncRNA	1	1	0	0.0979	0.0243	0.0263
ENSG00000236391.3	AC092573.1	transcribed_processed_pseudogene	0	0	0	0.0000	0.0000	0.0000
ENSG00000236393.2	AC091806.1	lncRNA	7	1	6	0.1203	0.0298	0.0323
ENSG00000236394.2	AL807752.4	lncRNA	0	0	0	0.0000	0.0000	0.0000
ENSG00000236395.1	AC093106.2	processed_pseudogene	0	0	0	0.0000	0.0000	0.0000
ENSG00000236396.8	SLC35G4	protein_coding	0	0	0	0.0000	0.0000	0.0000
ENSG00000236397.3	DDX11L2	unprocessed_pseudogene	139	70	69	5.6385	1.3983	1.5119
ENSG00000236398.2	TAS2R39	protein_coding	0	0	0	0.0000	0.0000	0.0000
ENSG00000236400.1	KRTAP21-4P	unprocessed_pseudogene	0	0	0	0.0000	0.0000	0.0000
ENSG00000236401.1	SLC4A1APP2	unprocessed_pseudogene	0	0	0	0.0000	0.0000	0.0000
ENSG00000236403.2	AL353611.1	lncRNA	0	0	0	0.0000	0.0000	0.0000
ENSG00000236404.10	VLDLR-AS1	lncRNA	28	203	205	0.2343	0.0581	0.0628
ENSG00000236405.1	UBQLN1P1	processed_pseudogene	0	0	0	0.0000	0.0000	0.0000
ENSG00000236407.1	HMGB1P18	processed_pseudogene	0	0	0	0.0000	0.0000	0.0000
ENSG00000236408.1	AC073336.1	lncRNA	0	0	0	0.0000	0.0000	0.0000
ENSG00000236409.2	NRADDP	transcribed_unitary_pseudogene	11	5	6	0.3610	0.0895	0.0968
ENSG00000236411.1	NDUFAF4P3	processed_pseudogene	17	5	12	1.8363	0.4554	0.4924
ENSG00000236412.1	AC092941.2	lncRNA	0	0	0	0.0000	0.0000	0.0000
ENSG00000236413.2	AL662874.1	processed_pseudogene	0	0	0	0.0000	0.0000	0.0000
ENSG00000236414.1	AC004415.1	lncRNA	0	0	0	0.0000	0.0000	0.0000
ENSG00000236417.2	CTSLP1	unprocessed_pseudogene	0	0	0	0.0000	0.0000	0.0000
ENSG00000236420.1	CHCHD3P1	processed_pseudogene	0	0	0	0.0000	0.0000	0.0000
ENSG00000236423.6	LINC01134	lncRNA	46	31	15	0.6388	0.1584	0.1713
ENSG00000236424.7	TSPY10	protein_coding	0	0	0	0.0000	0.0000	0.0000
ENSG00000236425.1	AC069213.2	processed_pseudogene	0	0	0	0.0000	0.0000	0.0000
ENSG00000236426.5	AL583824.1	lncRNA	0	0	0	0.0000	0.0000	0.0000
ENSG00000236427.1	AL589986.2	lncRNA	0	0	0	0.0000	0.0000	0.0000
ENSG00000236429.1	GPM6BP2	unprocessed_pseudogene	0	0	0	0.0000	0.0000	0.0000
ENSG00000236430.1	KRT8P29	processed_pseudogene	3	3	0	0.1241	0.0308	0.0333
ENSG00000236431.1	AC009237.8	processed_pseudogene	41	20	21	6.1349	1.5214	1.6450
ENSG00000236432.8	MFF-DT	lncRNA	60	110	139	0.2213	0.0549	0.0593
ENSG00000236433.1	RPL37P21	processed_pseudogene	0	0	0	0.0000	0.0000	0.0000
ENSG00000236434.2	AL162430.2	lncRNA	9	5	5	1.1733	0.2910	0.3146
ENSG00000236435.1	TSPY12P	unprocessed_pseudogene	0	0	0	0.0000	0.0000	0.0000
ENSG00000236436.1	LINC02850	lncRNA	0	0	0	0.0000	0.0000	0.0000
ENSG00000236437.1	LINC02151	lncRNA	0	0	0	0.0000	0.0000	0.0000
ENSG00000236438.7	FAM157A	transcribed_unprocessed_pseudogene	21	8	13	0.1679	0.0416	0.0450
ENSG00000236439.4	AC099336.2	processed_pseudogene	37	16	21	8.2609	2.0486	2.2150
ENSG00000236440.1	COPRSP1	processed_pseudogene	0	0	0	0.0000	0.0000	0.0000
ENSG00000236442.1	ANKRD54P1	processed_pseudogene	0	0	0	0.0000	0.0000	0.0000
ENSG00000236444.5	UBE2L5	protein_coding	9	6	3	0.1538	0.0381	0.0412
ENSG00000236445.5	LINC00608	lncRNA	0	0	0	0.0000	0.0000	0.0000
ENSG00000236446.3	CT47B1	protein_coding	0	0	0	0.0000	0.0000	0.0000
ENSG00000236447.2	ATG10-IT1	lncRNA	0	0	0	0.0000	0.0000	0.0000
ENSG00000236449.2	AC010894.2	lncRNA	6	3	3	0.0564	0.0140	0.0151
ENSG00000236450.1	AL590399.6	processed_pseudogene	0	0	0	0.0000	0.0000	0.0000
ENSG00000236451.3	AC067956.1	lncRNA	0	0	0	0.0000	0.0000	0.0000
ENSG00000236452.1	AC123023.1	lncRNA	1168	605	563	119.3464	29.5967	32.0008
ENSG00000236453.5	AC003092.1	lncRNA	2	0	2	0.1066	0.0264	0.0286
ENSG00000236456.1	AL035458.1	processed_pseudogene	50	29	21	4.8470	1.2020	1.2996
ENSG00000236457.1	AC090617.1	lncRNA	1	1	0	0.1756	0.0435	0.0471
ENSG00000236459.1	HNRNPA1P22	processed_pseudogene	0	1	1	0.0000	0.0000	0.0000
ENSG00000236460.1	SNX2P2	processed_pseudogene	0	0	0	0.0000	0.0000	0.0000
ENSG00000236461.1	AL162425.1	lncRNA	0	0	0	0.0000	0.0000	0.0000
ENSG00000236463.1	LINC00427	lncRNA	6	2	4	0.7913	0.1962	0.2122
ENSG00000236464.1	LINC02559	lncRNA	0	0	0	0.0000	0.0000	0.0000
ENSG00000236466.2	AL035670.1	lncRNA	1	0	1	0.0104	0.0026	0.0028
ENSG00000236467.8	KCNMA1-AS1	lncRNA	461	342	349	3.7025	0.9182	0.9928
ENSG00000236468.1	AC099335.1	processed_pseudogene	2	0	2	0.0850	0.0211	0.0228
ENSG00000236469.1	AC007881.2	lncRNA	3	1	3	0.2985	0.0740	0.0800
ENSG00000236471.1	AF127577.5	lncRNA	2	1	1	0.2543	0.0631	0.0682
ENSG00000236472.1	AC002401.1	lncRNA	0	488	550	0.0000	0.0000	0.0000
ENSG00000236473.1	KRT43P	unprocessed_pseudogene	5	1	4	0.3116	0.0773	0.0835
ENSG00000236474.1	GCNT1P1	processed_pseudogene	5	3	2	0.2190	0.0543	0.0587
ENSG00000236475.1	TRIM26BP	unprocessed_pseudogene	1	3	3	0.0753	0.0187	0.0202
ENSG00000236476.2	AL593856.1	processed_pseudogene	0	0	0	0.0000	0.0000	0.0000
ENSG00000236477.1	RPS24P1	processed_pseudogene	0	0	0	0.0000	0.0000	0.0000
ENSG00000236478.2	AC012513.2	processed_pseudogene	3	1	2	0.1496	0.0371	0.0401
ENSG00000236480.1	PKMP1	processed_pseudogene	2	1	1	0.0745	0.0185	0.0200
ENSG00000236481.1	LINC02195	lncRNA	3	1	2	0.5787	0.1435	0.1552
ENSG00000236483.1	MTND2P40	unprocessed_pseudogene	9	5	4	0.6069	0.1505	0.1627
ENSG00000236484.2	RRM2P2	processed_pseudogene	0	0	0	0.0000	0.0000	0.0000
ENSG00000236485.1	LINC01945	lncRNA	0	0	0	0.0000	0.0000	0.0000
ENSG00000236487.2	AC079168.1	processed_pseudogene	0	0	0	0.0000	0.0000	0.0000
ENSG00000236489.1	AC133473.1	processed_pseudogene	2	2	0	0.3793	0.0941	0.1017
ENSG00000236491.1	AC234771.4	unprocessed_pseudogene	3	2	1	0.2331	0.0578	0.0625
ENSG00000236493.2	EIF2S2P3	processed_pseudogene	4	2	2	0.2271	0.0563	0.0609
ENSG00000236494.2	AC008080.4	lncRNA	7	2	5	0.1403	0.0348	0.0376
ENSG00000236495.2	AL158168.1	lncRNA	1	0	1	0.0454	0.0113	0.0122
ENSG00000236496.2	GPS2P1	processed_pseudogene	24	13	11	1.3804	0.3423	0.3701
ENSG00000236497.2	LINC01744	lncRNA	0	0	0	0.0000	0.0000	0.0000
ENSG00000236498.1	AC107081.1	lncRNA	3	772	819	0.2121	0.0526	0.0569
ENSG00000236499.2	LINC00896	lncRNA	4	2	2	0.1066	0.0264	0.0286
ENSG00000236500.1	CD24P1	processed_pseudogene	0	0	0	0.0000	0.0000	0.0000
ENSG00000236501.6	AC074286.1	lncRNA	13	8	5	0.1077	0.0267	0.0289
ENSG00000236502.1	SIX3-AS1	lncRNA	0	0	0	0.0000	0.0000	0.0000
ENSG00000236503.1	AC009784.1	processed_pseudogene	0	0	0	0.0000	0.0000	0.0000
ENSG00000236504.2	AC087499.5	unprocessed_pseudogene	0	0	0	0.0000	0.0000	0.0000
ENSG00000236505.1	AL356379.1	unprocessed_pseudogene	0	0	0	0.0000	0.0000	0.0000
ENSG00000236507.2	BX470209.2	lncRNA	1	1	0	0.0149	0.0037	0.0040
ENSG00000236508.1	ATP13A5-AS1	lncRNA	0	0	0	0.0000	0.0000	0.0000
ENSG00000236509.2	RPL21P133	processed_pseudogene	1	1	0	0.1191	0.0295	0.0319
ENSG00000236510.1	AC011284.1	lncRNA	8	3	5	0.5300	0.1314	0.1421
ENSG00000236511.2	LINC01231	lncRNA	2	0	2	0.0215	0.0053	0.0058
ENSG00000236512.1	AL390026.1	processed_pseudogene	0	0	0	0.0000	0.0000	0.0000
ENSG00000236513.1	AC074035.1	lncRNA	0	0	0	0.0000	0.0000	0.0000
ENSG00000236514.1	AL135791.1	lncRNA	17	15	13	1.1672	0.2894	0.3130
ENSG00000236516.1	KLF2P4	processed_pseudogene	5	3	6	0.2315	0.0574	0.0621
ENSG00000236519.1	LINC01424	lncRNA	18	9	9	0.9901	0.2455	0.2655
ENSG00000236520.2	GPC6-AS1	lncRNA	0	0	0	0.0000	0.0000	0.0000
ENSG00000236521.1	NPAP1P4	processed_pseudogene	0	0	0	0.0000	0.0000	0.0000
ENSG00000236523.2	NPM1P40	processed_pseudogene	0	0	0	0.0000	0.0000	0.0000
ENSG00000236525.1	AC007278.2	lncRNA	0	0	0	0.0000	0.0000	0.0000
ENSG00000236526.1	AL035448.1	lncRNA	22	113	120	0.6814	0.1690	0.1827
ENSG00000236527.1	ARF4P2	processed_pseudogene	2	1	1	0.2156	0.0535	0.0578
ENSG00000236528.1	AL033528.2	lncRNA	1	230	241	0.0668	0.0166	0.0179
ENSG00000236529.2	AC093582.1	lncRNA	16	8	8	0.3874	0.0961	0.1039
ENSG00000236530.2	KPNA2P1	processed_pseudogene	0	0	0	0.0000	0.0000	0.0000
ENSG00000236531.2	AC006013.1	lncRNA	0	0	0	0.0000	0.0000	0.0000
ENSG00000236532.6	LINC01695	lncRNA	0	0	0	0.0000	0.0000	0.0000
ENSG00000236533.1	RPS12P4	processed_pseudogene	1	0	1	0.1421	0.0352	0.0381
ENSG00000236534.1	H3P36	processed_pseudogene	2	1	1	0.2814	0.0698	0.0755
ENSG00000236535.1	RC3H1-IT1	lncRNA	1	0	1	0.1266	0.0314	0.0339
ENSG00000236536.1	AC003986.3	lncRNA	7	3	4	0.5737	0.1423	0.1538
ENSG00000236538.1	ZNF863P	processed_pseudogene	0	0	0	0.0000	0.0000	0.0000
ENSG00000236539.3	HNRNPA1P54	processed_pseudogene	2	1	2	0.0117	0.0029	0.0031
ENSG00000236540.7	AC006547.1	lncRNA	45	218	235	1.1257	0.2792	0.3018
ENSG00000236541.1	VN2R9P	unitary_pseudogene	1	0	1	0.0595	0.0148	0.0160
ENSG00000236542.1	MED28P7	processed_pseudogene	2	3	10	0.2140	0.0531	0.0574
ENSG00000236543.3	AL354761.1	protein_coding	1	0	1	0.0309	0.0077	0.0083
ENSG00000236544.1	AC008060.3	lncRNA	0	0	0	0.0000	0.0000	0.0000
ENSG00000236545.1	AP001619.2	lncRNA	2	2	0	0.1932	0.0479	0.0518
ENSG00000236546.1	MYCL-AS1	lncRNA	2	3	8	0.1445	0.0358	0.0387
ENSG00000236548.2	RNF217-AS1	lncRNA	23	18	20	0.1074	0.0266	0.0288
ENSG00000236549.1	RPS27AP7	processed_pseudogene	0	0	0	0.0000	0.0000	0.0000
ENSG00000236550.1	AL109809.3	unprocessed_pseudogene	0	0	0	0.0000	0.0000	0.0000
ENSG00000236552.2	RPL13AP5	processed_pseudogene	345	150	196	31.9689	7.9280	8.5719
ENSG00000236554.1	ASNSP3	processed_pseudogene	4	1	3	0.1737	0.0431	0.0466
ENSG00000236555.1	AC115115.1	processed_pseudogene	0	0	0	0.0000	0.0000	0.0000
ENSG00000236556.1	AC025038.1	lncRNA	0	0	0	0.0000	0.0000	0.0000
ENSG00000236559.1	BCL2L1-AS1	lncRNA	12	8	4	1.8196	0.4512	0.4879
ENSG00000236562.4	IFITM3P1	processed_pseudogene	2	2	0	0.2946	0.0731	0.0790
ENSG00000236564.1	YWHAQP5	processed_pseudogene	1	0	2	0.0410	0.0102	0.0110
ENSG00000236565.3	HNRNPA3P5	processed_pseudogene	6	2	4	0.4085	0.1013	0.1095
ENSG00000236567.2	TCF3P1	processed_pseudogene	0	0	0	0.0000	0.0000	0.0000
ENSG00000236569.3	HNRNPA1P73	processed_pseudogene	0	0	0	0.0000	0.0000	0.0000
ENSG00000236570.1	RAD23BP1	processed_pseudogene	2	2	0	0.0924	0.0229	0.0248
ENSG00000236571.1	AC245102.1	processed_pseudogene	0	0	0	0.0000	0.0000	0.0000
ENSG00000236572.1	AC006369.2	lncRNA	0	0	0	0.0000	0.0000	0.0000
ENSG00000236574.1	AC092634.5	processed_pseudogene	0	0	0	0.0000	0.0000	0.0000
ENSG00000236576.1	AC241520.1	processed_pseudogene	0	0	0	0.0000	0.0000	0.0000
ENSG00000236577.1	SNRPGP14	processed_pseudogene	4	1	3	1.0358	0.2569	0.2777
ENSG00000236580.1	AC073626.2	processed_pseudogene	0	0	0	0.0000	0.0000	0.0000
ENSG00000236581.9	STARD13-AS	lncRNA	6	4	4	0.0587	0.0145	0.0157
ENSG00000236582.1	PRPF38AP2	processed_pseudogene	0	0	0	0.0000	0.0000	0.0000
ENSG00000236583.1	AP004290.1	processed_pseudogene	4	2	2	0.1607	0.0398	0.0431
ENSG00000236590.1	MTATP6P4	unprocessed_pseudogene	0	0	0	0.0000	0.0000	0.0000
ENSG00000236591.1	UST-AS2	lncRNA	20	12	8	8.7246	2.1636	2.3394
ENSG00000236592.5	S100A11P2	processed_pseudogene	0	0	0	0.0000	0.0000	0.0000
ENSG00000236594.2	RPS27AP14	processed_pseudogene	0	0	0	0.0000	0.0000	0.0000
ENSG00000236595.1	MED15P5	processed_pseudogene	0	0	0	0.0000	0.0000	0.0000
ENSG00000236596.1	CRLF3P1	processed_pseudogene	0	0	0	0.0000	0.0000	0.0000
ENSG00000236597.1	IGHD7-27	IG_D_gene	0	0	0	0.0000	0.0000	0.0000
ENSG00000236599.1	ELOCP26	processed_pseudogene	0	0	0	0.0000	0.0000	0.0000
ENSG00000236601.2	AL732372.1	lncRNA	0	0	0	0.0000	0.0000	0.0000
ENSG00000236603.2	RANP1	processed_pseudogene	9	4	5	0.7840	0.1944	0.2102
ENSG00000236604.1	LYPLA2P3	processed_pseudogene	0	0	0	0.0000	0.0000	0.0000
ENSG00000236605.1	AC023115.1	lncRNA	0	1	1	0.0000	0.0000	0.0000
ENSG00000236606.1	AC022028.1	processed_pseudogene	0	0	0	0.0000	0.0000	0.0000
ENSG00000236607.3	EEF1DP8	processed_pseudogene	0	0	0	0.0000	0.0000	0.0000
ENSG00000236608.1	EIF4A1P6	processed_pseudogene	3	2	1	0.1406	0.0349	0.0377
ENSG00000236609.4	ZNF853	protein_coding	1974	991	984	28.9714	7.1846	7.7682
ENSG00000236610.1	SOCS5P1	processed_pseudogene	0	0	0	0.0000	0.0000	0.0000
ENSG00000236611.1	LINC02556	lncRNA	0	0	0	0.0000	0.0000	0.0000
ENSG00000236612.1	KRTAP19-11P	unprocessed_pseudogene	0	0	0	0.0000	0.0000	0.0000
ENSG00000236615.1	AC010086.2	unprocessed_pseudogene	0	0	0	0.0000	0.0000	0.0000
ENSG00000236616.3	BAK1P2	processed_pseudogene	6	3	3	0.5392	0.1337	0.1446
ENSG00000236617.2	AC127070.1	lncRNA	58	26	32	5.9264	1.4697	1.5891
ENSG00000236618.2	PITPNA-AS1	lncRNA	20	278	252	2.0926	0.5189	0.5611
ENSG00000236620.1	XKRYP3	unprocessed_pseudogene	0	0	0	0.0000	0.0000	0.0000
ENSG00000236626.1	MTND5P17	processed_pseudogene	0	0	0	0.0000	0.0000	0.0000
ENSG00000236627.1	AL590302.2	lncRNA	0	0	0	0.0000	0.0000	0.0000
ENSG00000236634.1	AC016903.1	lncRNA	0	0	0	0.0000	0.0000	0.0000
ENSG00000236635.3	LINC02540	lncRNA	0	0	0	0.0000	0.0000	0.0000
ENSG00000236636.2	AL627308.2	processed_pseudogene	1	0	1	0.1313	0.0326	0.0352
ENSG00000236637.4	IFNA4	protein_coding	0	0	0	0.0000	0.0000	0.0000
ENSG00000236638.1	AC006455.7	processed_pseudogene	0	0	0	0.0000	0.0000	0.0000
ENSG00000236641.2	Z99916.1	lncRNA	13	6	7	0.5760	0.1428	0.1544
ENSG00000236643.1	AL354928.1	lncRNA	15	12	3	1.3787	0.3419	0.3697
ENSG00000236646.1	LAMTOR5P1	processed_pseudogene	1	0	1	0.2100	0.0521	0.0563
ENSG00000236647.1	AC009947.2	unprocessed_pseudogene	0	0	0	0.0000	0.0000	0.0000
ENSG00000236648.2	LINC02810	lncRNA	0	0	0	0.0000	0.0000	0.0000
ENSG00000236651.1	DLX2-DT	lncRNA	2	0	2	0.1194	0.0296	0.0320
ENSG00000236653.3	LINC01923	lncRNA	0	0	0	0.0000	0.0000	0.0000
ENSG00000236654.2	AC079780.1	processed_pseudogene	0	0	0	0.0000	0.0000	0.0000
ENSG00000236655.1	SLC6A14P3	processed_pseudogene	0	0	0	0.0000	0.0000	0.0000
ENSG00000236656.1	AL365440.1	lncRNA	0	0	0	0.0000	0.0000	0.0000
ENSG00000236658.1	AL161733.1	lncRNA	0	0	0	0.0000	0.0000	0.0000
ENSG00000236662.1	AL133215.1	lncRNA	0	49	33	0.0000	0.0000	0.0000
ENSG00000236663.1	FRGCA	lncRNA	0	0	0	0.0000	0.0000	0.0000
ENSG00000236664.1	AC011998.2	lncRNA	0	0	0	0.0000	0.0000	0.0000
ENSG00000236665.1	AC114808.2	lncRNA	0	0	0	0.0000	0.0000	0.0000
ENSG00000236666.1	POTEH-AS1	lncRNA	0	0	0	0.0000	0.0000	0.0000
ENSG00000236667.1	RPL27AP3	processed_pseudogene	1	1	0	0.1209	0.0300	0.0324
ENSG00000236668.2	AC006450.3	lncRNA	0	0	0	0.0000	0.0000	0.0000
ENSG00000236670.1	KRT18P5	processed_pseudogene	5	1	4	0.2196	0.0545	0.0589
ENSG00000236671.9	PRKG1-AS1	lncRNA	0	264	247	0.0000	0.0000	0.0000
ENSG00000236673.5	AL117378.1	lncRNA	0	0	0	0.0000	0.0000	0.0000
ENSG00000236674.1	AL049636.1	processed_pseudogene	0	0	0	0.0000	0.0000	0.0000
ENSG00000236675.1	MTX1P1	unprocessed_pseudogene	170	74	96	11.5044	2.8530	3.0847
ENSG00000236676.1	AC117944.1	lncRNA	2	2	0	0.1769	0.0439	0.0474
ENSG00000236677.1	SETD4-AS1	lncRNA	0	12	13	0.0000	0.0000	0.0000
ENSG00000236678.8	LINC00347	lncRNA	0	0	0	0.0000	0.0000	0.0000
ENSG00000236679.2	RPL23AP24	processed_pseudogene	0	0	0	0.0000	0.0000	0.0000
ENSG00000236680.1	AL356000.1	processed_pseudogene	2	2	0	0.0916	0.0227	0.0246
ENSG00000236681.1	DSTNP5	processed_pseudogene	0	0	0	0.0000	0.0000	0.0000
ENSG00000236682.2	MAP3K2-DT	lncRNA	147	107	101	2.5619	0.6353	0.6869
ENSG00000236683.3	HMGA1P1	processed_pseudogene	2	2	0	0.1068	0.0265	0.0286
ENSG00000236686.1	BZW1P1	processed_pseudogene	1	1	0	0.0457	0.0113	0.0123
ENSG00000236687.1	AL160271.2	lncRNA	0	0	0	0.0000	0.0000	0.0000
ENSG00000236689.1	MTCO2P21	unprocessed_pseudogene	0	0	0	0.0000	0.0000	0.0000
ENSG00000236690.2	AC007274.2	unprocessed_pseudogene	0	0	0	0.0000	0.0000	0.0000
ENSG00000236691.3	NDUFA4P2	processed_pseudogene	0	0	0	0.0000	0.0000	0.0000
ENSG00000236692.2	MTCO1P10	unprocessed_pseudogene	0	0	0	0.0000	0.0000	0.0000
ENSG00000236695.1	HNRNPA1P47	processed_pseudogene	0	0	0	0.0000	0.0000	0.0000
ENSG00000236698.1	EIF1AXP1	processed_pseudogene	15	7	8	1.9555	0.4849	0.5243
ENSG00000236699.9	ARHGEF38	protein_coding	489	744	805	3.6585	0.9073	0.9810
ENSG00000236700.6	LINC01010	lncRNA	8	4	4	0.1027	0.0255	0.0275
ENSG00000236701.3	AL512594.1	processed_pseudogene	0	0	0	0.0000	0.0000	0.0000
ENSG00000236703.1	MYB-AS1	lncRNA	5	224	216	0.6315	0.1566	0.1693
ENSG00000236704.1	CNOT4P1	processed_pseudogene	0	0	0	0.0000	0.0000	0.0000
ENSG00000236708.1	SDK1-AS1	lncRNA	5	4	1	0.2887	0.0716	0.0774
ENSG00000236709.1	DAPK1-IT1	lncRNA	0	0	0	0.0000	0.0000	0.0000
ENSG00000236710.1	AC108448.2	processed_pseudogene	7	5	2	0.5438	0.1349	0.1458
ENSG00000236711.2	SMAD9-IT1	lncRNA	0	0	0	0.0000	0.0000	0.0000
ENSG00000236712.1	AC079448.1	processed_pseudogene	0	0	0	0.0000	0.0000	0.0000
ENSG00000236713.1	AL356292.1	processed_pseudogene	0	1	1	0.0000	0.0000	0.0000
ENSG00000236714.3	LINC01844	lncRNA	2	1	1	0.0315	0.0078	0.0084
ENSG00000236716.1	AL355376.1	lncRNA	0	0	0	0.0000	0.0000	0.0000
ENSG00000236717.2	AL354751.2	unprocessed_pseudogene	2	1	1	0.5401	0.1339	0.1448
ENSG00000236718.4	RBMY2QP	transcribed_unprocessed_pseudogene	0	0	0	0.0000	0.0000	0.0000
ENSG00000236719.5	OVAAL	lncRNA	1	0	1	0.0256	0.0064	0.0069
ENSG00000236720.2	LINC01741	lncRNA	0	0	0	0.0000	0.0000	0.0000
ENSG00000236722.1	AC116036.1	processed_pseudogene	7	2	5	1.0817	0.2682	0.2900
ENSG00000236723.2	AL606760.2	lncRNA	9	455	485	0.4160	0.1032	0.1115
ENSG00000236724.1	AL137071.1	lncRNA	0	0	0	0.0000	0.0000	0.0000
ENSG00000236731.1	AL135929.2	unprocessed_pseudogene	0	0	0	0.0000	0.0000	0.0000
ENSG00000236732.1	AC094019.2	unprocessed_pseudogene	20	8	12	2.4030	0.5959	0.6443
ENSG00000236733.1	AL354794.1	lncRNA	0	0	1	0.0000	0.0000	0.0000
ENSG00000236735.3	RPL31P63	processed_pseudogene	5	4	1	0.7561	0.1875	0.2027
ENSG00000236736.1	UQCRC2P1	processed_pseudogene	0	0	0	0.0000	0.0000	0.0000
ENSG00000236737.1	GAGE12B	protein_coding	0	0	0	0.0000	0.0000	0.0000
ENSG00000236739.3	CLIC4P1	processed_pseudogene	0	1	0	0.0000	0.0000	0.0000
ENSG00000236740.6	AL033384.1	lncRNA	4	3	1	0.0703	0.0174	0.0188
ENSG00000236741.4	Z98751.2	processed_pseudogene	0	0	0	0.0000	0.0000	0.0000
ENSG00000236744.2	AC016822.1	lncRNA	0	0	0	0.0000	0.0000	0.0000
ENSG00000236745.2	YRDCP2	processed_pseudogene	1	0	1	0.0883	0.0219	0.0237
ENSG00000236747.3	LINC01282	lncRNA	1	1	0	0.0398	0.0099	0.0107
ENSG00000236748.1	AC009500.1	processed_pseudogene	0	0	0	0.0000	0.0000	0.0000
ENSG00000236750.1	AC009237.9	processed_pseudogene	2	1	1	0.3269	0.0811	0.0876
ENSG00000236751.2	LINC01186	lncRNA	5	2	3	0.1123	0.0278	0.0301
ENSG00000236753.7	MKLN1-AS	lncRNA	374	220	238	2.4554	0.6089	0.6584
ENSG00000236754.5	AC007666.1	lncRNA	7	4	4	0.2025	0.0502	0.0543
ENSG00000236756.4	DNAJC9-AS1	lncRNA	30	824	835	0.5219	0.1294	0.1399
ENSG00000236758.5	MTUS2-AS2	lncRNA	0	0	0	0.0000	0.0000	0.0000
ENSG00000236760.1	AC019118.2	lncRNA	0	0	0	0.0000	0.0000	0.0000
ENSG00000236761.6	CTAGE9	protein_coding	10	4	6	0.2201	0.0546	0.0590
ENSG00000236762.1	RPL19P16	processed_pseudogene	4	2	2	0.3858	0.0957	0.1034
ENSG00000236763.2	TRMT112P4	processed_pseudogene	0	0	0	0.0000	0.0000	0.0000
ENSG00000236764.4	COX7A2P2	processed_pseudogene	0	0	0	0.0000	0.0000	0.0000
ENSG00000236768.1	AC124916.1	processed_pseudogene	1	0	1	0.1037	0.0257	0.0278
ENSG00000236769.3	LINC02659	lncRNA	0	0	0	0.0000	0.0000	0.0000
ENSG00000236770.1	AC079325.1	unprocessed_pseudogene	0	0	0	0.0000	0.0000	0.0000
ENSG00000236772.1	AL034550.1	lncRNA	34	153	146	1.9555	0.4849	0.5243
ENSG00000236773.1	AC092809.3	processed_pseudogene	6	6	3	1.4730	0.3653	0.3950
ENSG00000236775.1	AL512637.2	processed_pseudogene	0	0	0	0.0000	0.0000	0.0000
ENSG00000236776.1	RPL21P23	processed_pseudogene	0	0	0	0.0000	0.0000	0.0000
ENSG00000236777.1	AL157831.1	processed_pseudogene	0	0	0	0.0000	0.0000	0.0000
ENSG00000236778.8	INTS6-AS1	lncRNA	61	52	52	0.2283	0.0566	0.0612
ENSG00000236779.1	AL512306.1	processed_pseudogene	2	0	2	0.1337	0.0332	0.0359
ENSG00000236780.7	LINC01829	lncRNA	19	6	14	0.2488	0.0617	0.0667
ENSG00000236782.7	AL391650.1	protein_coding	3	445	406	0.0821	0.0204	0.0220
ENSG00000236783.1	RPS15AP27	processed_pseudogene	0	0	0	0.0000	0.0000	0.0000
ENSG00000236785.1	SDR42E1P5	processed_pseudogene	0	0	0	0.0000	0.0000	0.0000
ENSG00000236786.1	TSPY15P	unprocessed_pseudogene	0	0	0	0.0000	0.0000	0.0000
ENSG00000236790.6	LINC00299	lncRNA	13	5	8	0.0330	0.0082	0.0089
ENSG00000236791.2	OR2AI1P	unprocessed_pseudogene	0	0	0	0.0000	0.0000	0.0000
ENSG00000236792.1	AL513175.2	processed_pseudogene	0	0	0	0.0000	0.0000	0.0000
ENSG00000236794.5	BCRP8	processed_pseudogene	2	2	1	0.4448	0.1103	0.1193
ENSG00000236795.1	CNTNAP2-AS1	lncRNA	0	0	0	0.0000	0.0000	0.0000
ENSG00000236796.1	AL157884.3	unprocessed_pseudogene	6	4	2	0.2874	0.0713	0.0771
ENSG00000236797.1	SPA17P1	transcribed_processed_pseudogene	2	1	1	0.2509	0.0622	0.0673
ENSG00000236799.1	LINC02626	lncRNA	1	1	0	0.1649	0.0409	0.0442
ENSG00000236800.1	AC068898.1	lncRNA	0	0	0	0.0000	0.0000	0.0000
ENSG00000236801.1	RPL24P8	processed_pseudogene	13	5	8	1.5553	0.3857	0.4170
ENSG00000236803.1	SDAD1P4	processed_pseudogene	0	0	0	0.0000	0.0000	0.0000
ENSG00000236804.1	RPS3AP12	processed_pseudogene	0	0	0	0.0000	0.0000	0.0000
ENSG00000236806.1	RPL7AP15	processed_pseudogene	3	1	2	0.2140	0.0531	0.0574
ENSG00000236807.1	AC092066.1	processed_pseudogene	0	0	0	0.0000	0.0000	0.0000
ENSG00000236809.2	SNX25P1	unprocessed_pseudogene	37	18	19	2.5159	0.6239	0.6746
ENSG00000236810.6	ELOA-AS1	lncRNA	106	673	670	1.9479	0.4831	0.5223
ENSG00000236811.1	GAPDHP2	processed_pseudogene	10	3	7	0.5682	0.1409	0.1524
ENSG00000236813.1	BTF3P8	processed_pseudogene	0	0	0	0.0000	0.0000	0.0000
ENSG00000236814.1	AC046176.1	processed_pseudogene	7	3	4	0.3393	0.0841	0.0910
ENSG00000236816.3	ANKRD20A7P	transcribed_unprocessed_pseudogene	2	0	2	0.0144	0.0036	0.0039
ENSG00000236817.5	AL606804.1	lncRNA	0	2	7	0.0000	0.0000	0.0000
ENSG00000236818.1	ARL5AP2	processed_pseudogene	0	0	0	0.0000	0.0000	0.0000
ENSG00000236819.2	LINC01563	lncRNA	5	3	2	0.0837	0.0207	0.0224
ENSG00000236822.1	NMBR-AS1	lncRNA	0	0	0	0.0000	0.0000	0.0000
ENSG00000236823.2	AL035691.1	lncRNA	0	0	0	0.0000	0.0000	0.0000
ENSG00000236824.2	BCYRN1	scRNA	33	11	22	9.3571	2.3205	2.5090
ENSG00000236825.2	RAB28P2	processed_pseudogene	0	0	0	0.0000	0.0000	0.0000
ENSG00000236827.1	LINC00529	lncRNA	0	0	0	0.0000	0.0000	0.0000
ENSG00000236828.1	DMD-AS3	lncRNA	0	0	0	0.0000	0.0000	0.0000
ENSG00000236829.9	Z97634.1	transcribed_processed_pseudogene	26	13	24	0.6436	0.1596	0.1726
ENSG00000236830.7	CBR3-AS1	lncRNA	55	158	142	0.3506	0.0869	0.0940
ENSG00000236831.1	YME1L1P1	unprocessed_pseudogene	0	0	0	0.0000	0.0000	0.0000
ENSG00000236832.1	CBY1P1	processed_pseudogene	0	0	0	0.0000	0.0000	0.0000
ENSG00000236833.1	AC024560.1	lncRNA	3	2	1	0.1157	0.0287	0.0310
ENSG00000236834.1	LINC00421	lncRNA	0	0	0	0.0000	0.0000	0.0000
ENSG00000236836.1	PCYT1B-AS1	lncRNA	0	0	0	0.0000	0.0000	0.0000
ENSG00000236837.1	AC139712.1	lncRNA	0	0	0	0.0000	0.0000	0.0000
ENSG00000236838.2	AC090617.2	lncRNA	1	6	0	0.1404	0.0348	0.0376
ENSG00000236839.1	AC069280.1	lncRNA	0	0	0	0.0000	0.0000	0.0000
ENSG00000236841.8	AC007750.1	lncRNA	52	1382	1292	0.7094	0.1759	0.1902
ENSG00000236842.1	AC010997.2	lncRNA	0	0	0	0.0000	0.0000	0.0000
ENSG00000236844.1	AC069213.3	processed_pseudogene	0	0	0	0.0000	0.0000	0.0000
ENSG00000236846.1	AL359979.2	lncRNA	0	0	0	0.0000	0.0000	0.0000
ENSG00000236847.1	AC018892.2	unprocessed_pseudogene	0	0	0	0.0000	0.0000	0.0000
ENSG00000236848.2	RPL23AP95	processed_pseudogene	2	1	1	0.4280	0.1061	0.1148
ENSG00000236849.6	LINC01474	lncRNA	1	1	0	0.0449	0.0111	0.0120
ENSG00000236852.1	SSBL2P	processed_pseudogene	1	1	0	0.0527	0.0131	0.0141
ENSG00000236853.2	OR2R1P	unitary_pseudogene	0	0	0	0.0000	0.0000	0.0000
ENSG00000236854.2	LINC00486	lncRNA	11	4	11	0.2914	0.0723	0.0781
ENSG00000236856.1	AC105393.2	lncRNA	0	0	0	0.0000	0.0000	0.0000
ENSG00000236857.3	RAP1BP1	processed_pseudogene	1	1	1	0.1025	0.0254	0.0275
ENSG00000236858.2	AL008638.2	lncRNA	0	0	0	0.0000	0.0000	0.0000
ENSG00000236859.7	NIFK-AS1	lncRNA	257	597	643	2.8510	0.7070	0.7645
ENSG00000236860.1	RPL39P29	processed_pseudogene	1	0	1	0.3612	0.0896	0.0969
ENSG00000236861.6	BET1-AS1	lncRNA	35	20	15	3.1208	0.7739	0.8368
ENSG00000236862.1	RPS20P24	processed_pseudogene	0	0	0	0.0000	0.0000	0.0000
ENSG00000236863.2	RPL23AP23	processed_pseudogene	2	1	1	0.2408	0.0597	0.0646
ENSG00000236864.1	AC068295.1	lncRNA	0	0	0	0.0000	0.0000	0.0000
ENSG00000236866.5	AL157902.1	lncRNA	0	0	0	0.0000	0.0000	0.0000
ENSG00000236867.1	Z98885.1	processed_pseudogene	0	0	0	0.0000	0.0000	0.0000
ENSG00000236869.1	ZKSCAN7-AS1	lncRNA	19	20	20	2.3629	0.5860	0.6336
ENSG00000236870.2	POMPP1	processed_pseudogene	0	0	0	0.0000	0.0000	0.0000
ENSG00000236871.7	LINC00106	lncRNA	81	44	37	7.7593	1.9242	2.0805
ENSG00000236871.7_PAR_Y	LINC00106	lncRNA	0	0	0	0.0000	0.0000	0.0000
ENSG00000236872.1	PPIAP36	processed_pseudogene	1	0	2	0.1745	0.0433	0.0468
ENSG00000236874.1	AL137078.1	lncRNA	0	0	0	0.0000	0.0000	0.0000
ENSG00000236875.3	DDX11L5	unprocessed_pseudogene	0	0	0	0.0000	0.0000	0.0000
ENSG00000236876.3	TMSB4XP1	processed_pseudogene	10	3	7	4.2007	1.0417	1.1264
ENSG00000236877.2	SETD6P1	processed_pseudogene	0	0	0	0.0000	0.0000	0.0000
ENSG00000236878.1	MTATP6P26	processed_pseudogene	3	0	3	0.2570	0.0637	0.0689
ENSG00000236880.1	Z85995.1	processed_pseudogene	0	0	0	0.0000	0.0000	0.0000
ENSG00000236882.8	LINC01554	lncRNA	21	15	10	0.5270	0.1307	0.1413
ENSG00000236883.1	AP001615.1	lncRNA	0	11	10	0.0000	0.0000	0.0000
ENSG00000236885.2	AC018731.1	lncRNA	0	0	0	0.0000	0.0000	0.0000
ENSG00000236886.2	AC007563.2	lncRNA	1	704	780	0.0627	0.0156	0.0168
ENSG00000236887.1	AL357055.2	processed_pseudogene	0	0	0	0.0000	0.0000	0.0000
ENSG00000236888.1	RPS20P5	processed_pseudogene	0	0	0	0.0000	0.0000	0.0000
ENSG00000236889.1	AC244035.2	lncRNA	0	0	0	0.0000	0.0000	0.0000
ENSG00000236890.2	AC016027.5	processed_pseudogene	2	0	2	0.5401	0.1339	0.1448
ENSG00000236892.2	AL357833.1	lncRNA	1	1	0	0.0422	0.0105	0.0113
ENSG00000236893.1	ASS1P7	processed_pseudogene	0	0	0	0.0000	0.0000	0.0000
ENSG00000236894.3	AL160287.1	transcribed_unprocessed_pseudogene	1	1	0	0.0343	0.0085	0.0092
ENSG00000236896.1	AL354726.1	lncRNA	3	2	1	0.4232	0.1050	0.1135
ENSG00000236897.1	AC113331.1	lncRNA	0	0	0	0.0000	0.0000	0.0000
ENSG00000236900.1	TIMM9P1	processed_pseudogene	0	0	0	0.0000	0.0000	0.0000
ENSG00000236901.6	MIR600HG	lncRNA	251	133	118	2.3787	0.5899	0.6378
ENSG00000236905.2	AC104333.3	processed_pseudogene	0	0	0	0.0000	0.0000	0.0000
ENSG00000236907.1	AC023141.9	unprocessed_pseudogene	0	0	0	0.0000	0.0000	0.0000
ENSG00000236908.2	LINC02827	lncRNA	22	11	15	0.4153	0.1030	0.1114
ENSG00000236909.1	OR2P1P	unprocessed_pseudogene	0	2	0	0.0000	0.0000	0.0000
ENSG00000236911.6	AL137789.1	lncRNA	0	0	0	0.0000	0.0000	0.0000
ENSG00000236913.1	RPS13P3	processed_pseudogene	0	0	0	0.0000	0.0000	0.0000
ENSG00000236914.4	LINC01852	lncRNA	56	31	25	1.1515	0.2856	0.3087
ENSG00000236915.2	CLCA4-AS1	lncRNA	1	1	0	0.0207	0.0051	0.0056
ENSG00000236917.1	DNAJA1P2	processed_pseudogene	2	0	2	0.0948	0.0235	0.0254
ENSG00000236919.3	PHKG1P3	unprocessed_pseudogene	0	0	0	0.0000	0.0000	0.0000
ENSG00000236920.2	AL590727.1	lncRNA	0	0	0	0.0000	0.0000	0.0000
ENSG00000236921.1	AL157937.1	lncRNA	1	1	0	0.1280	0.0317	0.0343
ENSG00000236922.10	LINC01378	lncRNA	0	0	0	0.0000	0.0000	0.0000
ENSG00000236924.1	AL162411.1	lncRNA	10	21	32	1.0781	0.2674	0.2891
ENSG00000236928.3	AC008267.4	processed_pseudogene	1	1	0	0.1088	0.0270	0.0292
ENSG00000236929.2	RPL35AP37	processed_pseudogene	0	0	0	0.0000	0.0000	0.0000
ENSG00000236930.1	SDHDP4	processed_pseudogene	0	0	0	0.0000	0.0000	0.0000
ENSG00000236932.2	CEACAMP8	unprocessed_pseudogene	0	0	0	0.0000	0.0000	0.0000
ENSG00000236935.1	AP003774.2	lncRNA	5	2	3	0.4219	0.1046	0.1131
ENSG00000236936.1	AL031005.1	lncRNA	1	1	0	0.0784	0.0195	0.0210
ENSG00000236937.2	PTGES3P4	processed_pseudogene	0	1	0	0.0000	0.0000	0.0000
ENSG00000236938.1	AC003092.2	lncRNA	0	0	0	0.0000	0.0000	0.0000
ENSG00000236939.2	BAALC-AS2	lncRNA	9	6	4	0.9949	0.2467	0.2668
ENSG00000236940.1	AL589765.3	processed_pseudogene	0	0	0	0.0000	0.0000	0.0000
ENSG00000236941.6	AC106872.1	processed_pseudogene	0	0	0	0.0000	0.0000	0.0000
ENSG00000236942.1	AC096533.1	processed_pseudogene	2	1	1	0.3213	0.0797	0.0862
ENSG00000236944.1	CCDC58P2	processed_pseudogene	0	0	0	0.0000	0.0000	0.0000
ENSG00000236946.2	HNRNPA1P70	transcribed_processed_pseudogene	0	0	0	0.0000	0.0000	0.0000
ENSG00000236948.2	AL365255.1	lncRNA	4	0	4	0.2072	0.0514	0.0555
ENSG00000236950.1	LINC01774	lncRNA	0	0	0	0.0000	0.0000	0.0000
ENSG00000236951.5	AC007359.1	lncRNA	0	0	0	0.0000	0.0000	0.0000
ENSG00000236953.1	ZDHHC20-IT1	lncRNA	2	1	1	0.2578	0.0639	0.0691
ENSG00000236956.2	NF1P8	unprocessed_pseudogene	0	0	0	0.0000	0.0000	0.0000
ENSG00000236957.7	AL139010.1	transcribed_unprocessed_pseudogene	0	0	0	0.0000	0.0000	0.0000
ENSG00000236958.1	AC051618.1	lncRNA	0	0	0	0.0000	0.0000	0.0000
ENSG00000236959.1	SULT1D1P	transcribed_unitary_pseudogene	0	0	0	0.0000	0.0000	0.0000
ENSG00000236960.1	AL354695.1	processed_pseudogene	0	0	0	0.0000	0.0000	0.0000
ENSG00000236961.1	AL136131.2	lncRNA	0	0	0	0.0000	0.0000	0.0000
ENSG00000236963.7	LINC01141	lncRNA	7	4	3	0.0923	0.0229	0.0247
ENSG00000236965.4	OR52N3P	unprocessed_pseudogene	0	0	0	0.0000	0.0000	0.0000
ENSG00000236966.1	AL773545.2	processed_pseudogene	0	0	0	0.0000	0.0000	0.0000
ENSG00000236968.1	AL451164.1	lncRNA	0	0	0	0.0000	0.0000	0.0000
ENSG00000236969.2	GGT8P	unprocessed_pseudogene	0	0	0	0.0000	0.0000	0.0000
ENSG00000236972.2	FABP5P1	processed_pseudogene	0	0	0	0.0000	0.0000	0.0000
ENSG00000236973.2	GAPDHP51	processed_pseudogene	0	0	0	0.0000	0.0000	0.0000
ENSG00000236975.2	LINC02814	lncRNA	6	3	3	0.0864	0.0214	0.0232
ENSG00000236976.1	AC091685.2	processed_pseudogene	2	1	1	0.1313	0.0326	0.0352
ENSG00000236977.1	ANKRD44-IT1	lncRNA	3	1	2	0.1591	0.0395	0.0427
ENSG00000236978.1	AC073873.1	processed_pseudogene	1	0	1	0.2055	0.0510	0.0551
ENSG00000236980.10	C3orf84	protein_coding	0	0	0	0.0000	0.0000	0.0000
ENSG00000236981.1	OR10G9	protein_coding	0	0	0	0.0000	0.0000	0.0000
ENSG00000236982.1	BLOC1S2P1	processed_pseudogene	0	0	0	0.0000	0.0000	0.0000
ENSG00000236985.1	AL121892.1	lncRNA	1	1	0	0.0681	0.0169	0.0183
ENSG00000236986.6	AL157938.2	lncRNA	3	271	241	0.0562	0.0139	0.0151
ENSG00000236987.2	NDUFA5P8	processed_pseudogene	0	0	0	0.0000	0.0000	0.0000
ENSG00000236988.2	CTDSPL2P1	processed_pseudogene	1	0	1	0.0364	0.0090	0.0098
ENSG00000236989.5	AC130710.1	lncRNA	1	0	1	0.0449	0.0111	0.0120
ENSG00000236990.1	AC025822.2	lncRNA	1	1	0	0.0248	0.0061	0.0066
ENSG00000236991.6	EDRF1-AS1	lncRNA	11	122	123	0.3136	0.0778	0.0841
ENSG00000236992.2	RPL12P12	processed_pseudogene	5	5	0	0.5660	0.1404	0.1518
ENSG00000236993.2	GAPDHP21	processed_pseudogene	2	1	1	0.1123	0.0278	0.0301
ENSG00000236994.1	YBX1P9	processed_pseudogene	0	0	0	0.0000	0.0000	0.0000
ENSG00000236996.1	MLIP-IT1	lncRNA	0	0	0	0.0000	0.0000	0.0000
ENSG00000236998.2	AL354794.2	processed_pseudogene	3	1	2	0.1363	0.0338	0.0366
ENSG00000236999.1	ATP2B2-IT1	lncRNA	0	0	0	0.0000	0.0000	0.0000
ENSG00000237000.1	PTMAP6	processed_pseudogene	0	0	0	0.0000	0.0000	0.0000
ENSG00000237001.7	WASF3-AS1	lncRNA	0	0	0	0.0000	0.0000	0.0000
ENSG00000237002.6	AL590730.1	lncRNA	0	0	0	0.0000	0.0000	0.0000
ENSG00000237003.1	AC126124.2	processed_pseudogene	0	0	0	0.0000	0.0000	0.0000
ENSG00000237004.4	ZNRF2P1	transcribed_processed_pseudogene	75	37	42	4.3312	1.0741	1.1613
ENSG00000237005.1	HIGD1AP15	processed_pseudogene	0	0	0	0.0000	0.0000	0.0000
ENSG00000237007.4	KRT18P52	processed_pseudogene	1	1	0	0.0670	0.0166	0.0180
ENSG00000237008.2	LAPTM4BP1	processed_pseudogene	0	0	0	0.0000	0.0000	0.0000
ENSG00000237009.2	GLIS3-AS1	lncRNA	2	34	34	0.1545	0.0383	0.0414
ENSG00000237011.1	AL357793.2	lncRNA	0	0	0	0.0000	0.0000	0.0000
ENSG00000237013.1	LINC01812	lncRNA	0	0	0	0.0000	0.0000	0.0000
ENSG00000237014.1	LRRFIP2P1	processed_pseudogene	0	0	0	0.0000	0.0000	0.0000
ENSG00000237015.1	AL031186.1	lncRNA	9	7	6	1.3257	0.3288	0.3555
ENSG00000237016.1	AC013410.1	processed_pseudogene	0	0	0	0.0000	0.0000	0.0000
ENSG00000237017.1	AC245052.4	lncRNA	19	788	788	0.2591	0.0643	0.0695
ENSG00000237019.1	AC004470.1	lncRNA	0	0	0	0.0000	0.0000	0.0000
ENSG00000237020.1	IGHD1-20	IG_D_gene	0	0	0	0.0000	0.0000	0.0000
ENSG00000237023.1	USP9YP3	unprocessed_pseudogene	0	0	0	0.0000	0.0000	0.0000
ENSG00000237024.1	RPL21P33	processed_pseudogene	0	0	0	0.0000	0.0000	0.0000
ENSG00000237025.1	AL121601.2	processed_pseudogene	4	2	2	0.3208	0.0796	0.0860
ENSG00000237026.1	AC104073.2	processed_pseudogene	5	2	3	0.9088	0.2254	0.2437
ENSG00000237027.1	AL159174.1	lncRNA	0	22	20	0.0000	0.0000	0.0000
ENSG00000237031.7	AC008067.1	lncRNA	0	0	0	0.0000	0.0000	0.0000
ENSG00000237032.1	RPSAP7	processed_pseudogene	25	12	13	1.6020	0.3973	0.4295
ENSG00000237033.2	CASP3P1	processed_pseudogene	0	0	0	0.0000	0.0000	0.0000
ENSG00000237035.1	AC020719.1	lncRNA	0	0	0	0.0000	0.0000	0.0000
ENSG00000237036.5	ZEB1-AS1	lncRNA	300	162	167	4.4064	1.0927	1.1815
ENSG00000237037.9	NDUFA6-DT	lncRNA	113	63	56	1.2309	0.3053	0.3301
ENSG00000237038.5	USP17L8	protein_coding	0	0	0	0.0000	0.0000	0.0000
ENSG00000237039.1	RPS28P4	processed_pseudogene	233	114	119	62.9211	15.6038	16.8712
ENSG00000237040.6	DPH3P2	processed_pseudogene	0	0	0	0.0000	0.0000	0.0000
ENSG00000237040.6_PAR_Y	DPH3P2	processed_pseudogene	0	0	0	0.0000	0.0000	0.0000
ENSG00000237041.1	RPL27P8	processed_pseudogene	0	0	0	0.0000	0.0000	0.0000
ENSG00000237042.1	MICG	unprocessed_pseudogene	0	0	0	0.0000	0.0000	0.0000
ENSG00000237048.4	TTTY12	lncRNA	0	0	0	0.0000	0.0000	0.0000
ENSG00000237049.1	RPL34P1	processed_pseudogene	0	0	0	0.0000	0.0000	0.0000
ENSG00000237053.1	FUCA1P1	processed_pseudogene	5	3	3	0.2099	0.0520	0.0563
ENSG00000237054.9	PRMT5-AS1	lncRNA	5	1465	1482	0.0888	0.0220	0.0238
ENSG00000237055.1	MTCO1P48	processed_pseudogene	0	0	0	0.0000	0.0000	0.0000
ENSG00000237057.3	LINC02087	lncRNA	0	0	0	0.0000	0.0000	0.0000
ENSG00000237058.1	MMEL1-AS1	lncRNA	0	2	5	0.0000	0.0000	0.0000
ENSG00000237061.1	AC100823.1	lncRNA	0	0	0	0.0000	0.0000	0.0000
ENSG00000237062.2	AL512649.2	lncRNA	0	0	0	0.0000	0.0000	0.0000
ENSG00000237063.1	AL035420.2	lncRNA	9	4	5	0.8286	0.2055	0.2222
ENSG00000237064.1	EIF3IP1	processed_pseudogene	0	0	0	0.0000	0.0000	0.0000
ENSG00000237065.2	NANOGP4	transcribed_processed_pseudogene	1	0	1	0.0621	0.0154	0.0167
ENSG00000237068.1	RPL5P2	processed_pseudogene	0	0	0	0.0000	0.0000	0.0000
ENSG00000237070.1	AC005550.2	lncRNA	0	0	0	0.0000	0.0000	0.0000
ENSG00000237072.1	AL161727.1	processed_pseudogene	0	0	0	0.0000	0.0000	0.0000
ENSG00000237073.1	AL162727.2	lncRNA	2	1	1	0.2871	0.0712	0.0770
ENSG00000237074.2	AL596218.1	lncRNA	0	0	0	0.0000	0.0000	0.0000
ENSG00000237076.1	AL035706.1	lncRNA	0	0	0	0.0000	0.0000	0.0000
ENSG00000237077.1	RPL38P2	transcribed_processed_pseudogene	1	0	1	0.1357	0.0336	0.0364
ENSG00000237080.3	EHMT2-AS1	lncRNA	21	583	648	0.4632	0.1149	0.1242
ENSG00000237082.1	COX5BP6	processed_pseudogene	16	12	4	4.3003	1.0664	1.1530
ENSG00000237083.1	AL162725.1	processed_pseudogene	0	0	0	0.0000	0.0000	0.0000
ENSG00000237085.2	AC127391.1	processed_pseudogene	0	0	0	0.0000	0.0000	0.0000
ENSG00000237087.1	AC068134.2	lncRNA	0	0	0	0.0000	0.0000	0.0000
ENSG00000237088.1	AL163193.1	processed_pseudogene	1	0	1	0.0720	0.0178	0.0193
ENSG00000237089.2	PCNPP4	processed_pseudogene	0	0	0	0.0000	0.0000	0.0000
ENSG00000237090.1	MKRN8P	processed_pseudogene	1	1	0	0.0428	0.0106	0.0115
ENSG00000237092.2	LINC01065	lncRNA	0	0	0	0.0000	0.0000	0.0000
ENSG00000237094.12	AL732372.2	transcribed_unprocessed_pseudogene	36	14	22	0.3291	0.0816	0.0882
ENSG00000237099.1	GYG1P2	processed_pseudogene	0	0	0	0.0000	0.0000	0.0000
ENSG00000237101.1	AC092809.4	lncRNA	5	107	134	0.2143	0.0532	0.0575
ENSG00000237106.2	FABP5P15	processed_pseudogene	0	0	0	0.0000	0.0000	0.0000
ENSG00000237107.3	AL591473.1	processed_pseudogene	0	0	0	0.0000	0.0000	0.0000
ENSG00000237109.1	RPL21P111	processed_pseudogene	1	1	0	0.1189	0.0295	0.0319
ENSG00000237110.2	TAAR9	protein_coding	0	0	0	0.0000	0.0000	0.0000
ENSG00000237111.1	IGHJ3P	IG_J_pseudogene	1	0	1	1.1342	0.2813	0.3041
ENSG00000237115.2	AL139805.1	processed_pseudogene	60	32	34	1.3985	0.3468	0.3750
ENSG00000237118.3	CYP2F2P	transcribed_processed_pseudogene	16	15	9	0.5865	0.1455	0.1573
ENSG00000237119.1	LINC01056	lncRNA	0	0	0	0.0000	0.0000	0.0000
ENSG00000237121.1	PIEZO1P2	unprocessed_pseudogene	0	0	0	0.0000	0.0000	0.0000
ENSG00000237124.1	MTND2P11	unprocessed_pseudogene	0	0	0	0.0000	0.0000	0.0000
ENSG00000237125.11	HAND2-AS1	lncRNA	200	166	149	0.5347	0.1326	0.1434
ENSG00000237126.8	AC073254.1	lncRNA	104	605	579	1.5833	0.3926	0.4245
ENSG00000237127.1	AC245028.2	unprocessed_pseudogene	0	0	0	0.0000	0.0000	0.0000
ENSG00000237128.1	LINC02652	lncRNA	0	0	0	0.0000	0.0000	0.0000
ENSG00000237129.1	MTCYBP34	processed_pseudogene	0	0	0	0.0000	0.0000	0.0000
ENSG00000237130.1	MRPS6P2	processed_pseudogene	0	0	0	0.0000	0.0000	0.0000
ENSG00000237131.1	AL021397.1	processed_pseudogene	0	0	0	0.0000	0.0000	0.0000
ENSG00000237133.1	RASGRP3-AS1	lncRNA	8	30	19	1.3422	0.3329	0.3599
ENSG00000237135.1	DDX10P1	processed_pseudogene	10	7	3	0.2934	0.0728	0.0787
ENSG00000237136.8	C4orf51	protein_coding	3	3	0	0.1555	0.0386	0.0417
ENSG00000237137.1	AL159169.1	processed_pseudogene	1	1	0	0.4465	0.1107	0.1197
ENSG00000237138.1	HUNK-AS1	lncRNA	0	0	0	0.0000	0.0000	0.0000
ENSG00000237139.1	RPS26P41	processed_pseudogene	1	0	1	0.1997	0.0495	0.0535
ENSG00000237140.2	HSPE1P16	processed_pseudogene	0	0	0	0.0000	0.0000	0.0000
ENSG00000237141.1	DNAJC19P1	processed_pseudogene	0	0	0	0.0000	0.0000	0.0000
ENSG00000237148.1	HIGD1AP2	processed_pseudogene	0	0	0	0.0000	0.0000	0.0000
ENSG00000237149.5	ZNF503-AS2	lncRNA	42	25	21	0.7114	0.1764	0.1908
ENSG00000237153.4	AL162725.2	lncRNA	0	0	0	0.0000	0.0000	0.0000
ENSG00000237154.2	MCFD2P1	processed_pseudogene	1	0	1	0.1890	0.0469	0.0507
ENSG00000237158.1	AL353718.1	processed_pseudogene	2	1	1	0.2194	0.0544	0.0588
ENSG00000237159.6	CNTFR-AS1	lncRNA	2	1	1	0.0436	0.0108	0.0117
ENSG00000237160.2	AC004022.2	processed_pseudogene	1	0	1	0.2938	0.0729	0.0788
ENSG00000237161.4	AC068446.1	processed_pseudogene	2	1	1	0.0732	0.0182	0.0196
ENSG00000237162.1	RPS20P9	processed_pseudogene	0	0	0	0.0000	0.0000	0.0000
ENSG00000237163.1	AC099794.2	processed_pseudogene	1	1	0	0.1872	0.0464	0.0502
ENSG00000237164.1	SLC25A15P2	unprocessed_pseudogene	6	1	5	1.0067	0.2496	0.2699
ENSG00000237166.2	LINC01792	lncRNA	4	3	1	0.0702	0.0174	0.0188
ENSG00000237167.1	AC128709.3	lncRNA	0	0	0	0.0000	0.0000	0.0000
ENSG00000237169.1	RPL12P27	processed_pseudogene	7	3	4	0.8003	0.1985	0.2146
ENSG00000237170.3	RPS7P15	processed_pseudogene	0	0	0	0.0000	0.0000	0.0000
ENSG00000237171.1	AC005297.3	unprocessed_pseudogene	0	0	0	0.0000	0.0000	0.0000
ENSG00000237172.4	B3GNT9	protein_coding	1306	1119	1106	27.4105	6.7975	7.3497
ENSG00000237173.1	AC099796.1	processed_pseudogene	0	0	0	0.0000	0.0000	0.0000
ENSG00000237174.7	AL445465.1	lncRNA	5	6	17	0.1268	0.0314	0.0340
ENSG00000237175.1	NME1P1	processed_pseudogene	0	0	0	0.0000	0.0000	0.0000
ENSG00000237176.4	AC079905.1	processed_pseudogene	0	0	0	0.0000	0.0000	0.0000
ENSG00000237178.2	H3P7	processed_pseudogene	0	0	0	0.0000	0.0000	0.0000
ENSG00000237179.6	LINC01797	lncRNA	1	0	2	0.0301	0.0075	0.0081
ENSG00000237180.1	CYP46A4P	processed_pseudogene	0	0	0	0.0000	0.0000	0.0000
ENSG00000237181.1	PRKAR1B-AS1	lncRNA	46	23	23	3.5686	0.8850	0.9569
ENSG00000237182.1	BX276092.6	processed_pseudogene	0	0	0	0.0000	0.0000	0.0000
ENSG00000237183.1	KRTAP9-10P	unprocessed_pseudogene	0	0	0	0.0000	0.0000	0.0000
ENSG00000237185.1	VN1R66P	unprocessed_pseudogene	0	0	0	0.0000	0.0000	0.0000
ENSG00000237186.1	AC092418.1	processed_pseudogene	0	0	0	0.0000	0.0000	0.0000
ENSG00000237187.9	NR2F1-AS1	lncRNA	363	217	224	0.9059	0.2246	0.2429
ENSG00000237188.5	AC242426.2	lncRNA	4	3	1	0.0548	0.0136	0.0147
ENSG00000237190.4	CDKN2AIPNL	protein_coding	3224	1670	1555	103.7644	25.7325	27.8227
ENSG00000237193.1	AL451054.2	processed_pseudogene	0	0	0	0.0000	0.0000	0.0000
ENSG00000237194.1	SNAI1P1	processed_pseudogene	0	0	0	0.0000	0.0000	0.0000
ENSG00000237195.1	DLGAP5P1	processed_pseudogene	0	0	0	0.0000	0.0000	0.0000
ENSG00000237197.1	IGHD1-7	IG_D_gene	0	0	0	0.0000	0.0000	0.0000
ENSG00000237200.1	ZBTB40-IT1	lncRNA	2	1	1	0.4155	0.1030	0.1114
ENSG00000237202.1	AJ239321.1	processed_pseudogene	0	0	0	0.0000	0.0000	0.0000
ENSG00000237205.1	RPL7P34	processed_pseudogene	0	0	0	0.0000	0.0000	0.0000
ENSG00000237206.1	IMPDH1P4	processed_pseudogene	0	0	0	0.0000	0.0000	0.0000
ENSG00000237207.2	RBM17P3	processed_pseudogene	0	0	0	0.0000	0.0000	0.0000
ENSG00000237208.1	AL445072.1	lncRNA	0	0	0	0.0000	0.0000	0.0000
ENSG00000237210.1	AC073324.1	processed_pseudogene	0	0	0	0.0000	0.0000	0.0000
ENSG00000237211.2	SETP4	processed_pseudogene	0	0	0	0.0000	0.0000	0.0000
ENSG00000237212.2	AL449403.1	lncRNA	0	0	0	0.0000	0.0000	0.0000
ENSG00000237213.2	RPL23AP22	processed_pseudogene	0	0	0	0.0000	0.0000	0.0000
ENSG00000237214.3	AL080243.2	processed_pseudogene	9	7	3	0.8770	0.2175	0.2351
ENSG00000237215.3	DEFB131D	unprocessed_pseudogene	0	0	0	0.0000	0.0000	0.0000
ENSG00000237217.1	AC008074.1	processed_pseudogene	2	0	2	0.2644	0.0656	0.0709
ENSG00000237220.1	AC104777.2	lncRNA	0	0	0	0.0000	0.0000	0.0000
ENSG00000237221.1	PPEF1-AS1	lncRNA	0	0	0	0.0000	0.0000	0.0000
ENSG00000237222.4	LINC01968	lncRNA	0	1	0	0.0000	0.0000	0.0000
ENSG00000237223.6	SULT1C2P1	transcribed_unprocessed_pseudogene	5	3	2	0.1415	0.0351	0.0379
ENSG00000237224.4	AL157832.2	lncRNA	1	1	0	0.0242	0.0060	0.0065
ENSG00000237225.2	OR13K1P	unprocessed_pseudogene	0	0	0	0.0000	0.0000	0.0000
ENSG00000237226.1	RPS3AP39	processed_pseudogene	3	1	3	0.2195	0.0544	0.0589
ENSG00000237227.1	AL162739.1	processed_pseudogene	0	0	0	0.0000	0.0000	0.0000
ENSG00000237230.1	KRTAP2-5P	unprocessed_pseudogene	0	0	0	0.0000	0.0000	0.0000
ENSG00000237232.9	ZNF295-AS1	lncRNA	44	32	29	0.3454	0.0857	0.0926
ENSG00000237233.2	TMEM26-AS1	lncRNA	18	116	98	1.1828	0.2933	0.3172
ENSG00000237234.7	Z99289.1	lncRNA	9	456	373	0.3382	0.0839	0.0907
ENSG00000237235.2	TRDD2	TR_D_gene	0	0	0	0.0000	0.0000	0.0000
ENSG00000237236.1	AC023141.10	unprocessed_pseudogene	0	0	0	0.0000	0.0000	0.0000
ENSG00000237238.3	BMS1P10	transcribed_unprocessed_pseudogene	38	22	16	1.3502	0.3348	0.3620
ENSG00000237242.1	BTF3P15	processed_pseudogene	0	0	0	0.0000	0.0000	0.0000
ENSG00000237243.1	CREB3L2-AS1	lncRNA	1	0	1	0.0983	0.0244	0.0264
ENSG00000237247.6	MBD3L5	protein_coding	0	0	0	0.0000	0.0000	0.0000
ENSG00000237248.5	LINC00987	lncRNA	39	35	41	0.8204	0.2034	0.2200
ENSG00000237249.1	Z99127.2	processed_pseudogene	0	0	0	0.0000	0.0000	0.0000
ENSG00000237250.3	AL359924.1	lncRNA	0	1	0	0.0000	0.0000	0.0000
ENSG00000237251.2	AC004987.2	unprocessed_pseudogene	0	0	0	0.0000	0.0000	0.0000
ENSG00000237252.1	MMADHCP1	processed_pseudogene	0	0	0	0.0000	0.0000	0.0000
ENSG00000237254.2	TRBV30	TR_V_gene	2	1	1	0.2537	0.0629	0.0680
ENSG00000237256.1	PGAM3P	processed_pseudogene	0	0	0	0.0000	0.0000	0.0000
ENSG00000237257.1	MTND2P8	unprocessed_pseudogene	0	0	0	0.0000	0.0000	0.0000
ENSG00000237259.1	ZNF133-AS1	lncRNA	0	38	48	0.0000	0.0000	0.0000
ENSG00000237260.1	PPIAP67	processed_pseudogene	1	1	0	0.1286	0.0319	0.0345
ENSG00000237261.2	Metazoa_SRP	misc_RNA	0	0	0	0.0000	0.0000	0.0000
ENSG00000237262.1	AC068492.1	lncRNA	0	0	0	0.0000	0.0000	0.0000
ENSG00000237263.1	MAPK6P3	processed_pseudogene	0	0	0	0.0000	0.0000	0.0000
ENSG00000237264.4	FTH1P11	processed_pseudogene	24	16	26	2.4701	0.6126	0.6623
ENSG00000237265.6	BX276092.7	transcribed_unprocessed_pseudogene	3	1	2	0.0853	0.0211	0.0229
ENSG00000237266.2	LINC01810	lncRNA	0	0	0	0.0000	0.0000	0.0000
ENSG00000237267.1	LINC01519	lncRNA	4	2	2	0.1118	0.0277	0.0300
ENSG00000237268.2	AC092447.7	transcribed_unprocessed_pseudogene	0	0	0	0.0000	0.0000	0.0000
ENSG00000237269.1	RBMY2TP	unprocessed_pseudogene	0	0	0	0.0000	0.0000	0.0000
ENSG00000237271.2	AC009498.1	lncRNA	3	2	1	0.1591	0.0395	0.0427
ENSG00000237272.2	OR51R1P	unitary_pseudogene	1	1	0	0.0596	0.0148	0.0160
ENSG00000237273.1	RSL24D1P8	processed_pseudogene	1	1	0	0.1153	0.0286	0.0309
ENSG00000237274.2	GTF3AP1	processed_pseudogene	0	0	0	0.0000	0.0000	0.0000
ENSG00000237275.1	S100A11P10	processed_pseudogene	0	0	0	0.0000	0.0000	0.0000
ENSG00000237276.8	ANO7L1	transcribed_unprocessed_pseudogene	221	104	117	6.2979	1.5618	1.6887
ENSG00000237278.2	RLIMP2	processed_pseudogene	0	135	119	0.0000	0.0000	0.0000
ENSG00000237279.2	H3P2	processed_pseudogene	0	0	0	0.0000	0.0000	0.0000
ENSG00000237280.1	AL136982.3	lncRNA	2	2	0	0.1649	0.0409	0.0442
ENSG00000237281.1	CATIP-AS2	lncRNA	16	13	10	1.6960	0.4206	0.4548
ENSG00000237282.3	LINC00851	lncRNA	0	0	0	0.0000	0.0000	0.0000
ENSG00000237283.2	AL691515.1	lncRNA	0	0	0	0.0000	0.0000	0.0000
ENSG00000237285.1	HNRNPA1P2	processed_pseudogene	2	2	1	0.1181	0.0293	0.0317
ENSG00000237286.1	CARD11-AS1	lncRNA	1	27	25	0.0585	0.0145	0.0157
ENSG00000237289.10	CKMT1B	protein_coding	118	56	62	2.0217	0.5014	0.5421
ENSG00000237290.2	LINC01343	lncRNA	3	2	6	0.0661	0.0164	0.0177
ENSG00000237292.1	LINC01732	lncRNA	2	1	1	0.1700	0.0422	0.0456
ENSG00000237293.1	AC007099.2	lncRNA	1	0	1	0.1688	0.0419	0.0453
ENSG00000237294.1	EIF4BP9	processed_pseudogene	0	0	0	0.0000	0.0000	0.0000
ENSG00000237296.9	SMG1P1	transcribed_unprocessed_pseudogene	27	22	33	0.2173	0.0539	0.0583
ENSG00000237297.1	AL713922.1	unprocessed_pseudogene	0	0	0	0.0000	0.0000	0.0000
ENSG00000237298.10	TTN-AS1	lncRNA	116	390	404	0.2579	0.0639	0.0691
ENSG00000237299.1	AP000534.2	unprocessed_pseudogene	0	0	0	0.0000	0.0000	0.0000
ENSG00000237300.2	MTCO1P19	processed_pseudogene	0	0	0	0.0000	0.0000	0.0000
ENSG00000237301.1	AL121992.1	lncRNA	5	3	2	0.0997	0.0247	0.0267
ENSG00000237302.1	OFD1P11Y	unprocessed_pseudogene	0	0	0	0.0000	0.0000	0.0000
ENSG00000237303.2	HIGD1AP8	processed_pseudogene	0	0	0	0.0000	0.0000	0.0000
ENSG00000237306.1	HSPE1P22	processed_pseudogene	4	2	2	0.6937	0.1720	0.1860
ENSG00000237307.2	SRRM1P3	processed_pseudogene	3	1	3	0.0635	0.0158	0.0170
ENSG00000237308.1	AC009237.10	processed_pseudogene	0	0	0	0.0000	0.0000	0.0000
ENSG00000237309.1	MTND2P6	unprocessed_pseudogene	0	0	0	0.0000	0.0000	0.0000
ENSG00000237310.2	GS1-124K5.4	lncRNA	155	64	91	6.9652	1.7273	1.8676
ENSG00000237311.3	AL034397.1	lncRNA	0	0	0	0.0000	0.0000	0.0000
ENSG00000237312.2	AL358134.1	lncRNA	0	0	0	0.0000	0.0000	0.0000
ENSG00000237314.2	RPL12P39	transcribed_processed_pseudogene	0	0	0	0.0000	0.0000	0.0000
ENSG00000237316.1	Z82196.2	lncRNA	0	0	0	0.0000	0.0000	0.0000
ENSG00000237317.2	AL022400.1	processed_pseudogene	1	1	0	0.0607	0.0150	0.0163
ENSG00000237319.1	AL118496.1	processed_pseudogene	0	0	0	0.0000	0.0000	0.0000
ENSG00000237320.2	AC019064.1	lncRNA	0	0	0	0.0000	0.0000	0.0000
ENSG00000237321.1	AL354936.1	lncRNA	0	0	0	0.0000	0.0000	0.0000
ENSG00000237322.1	RPL7L1P10	processed_pseudogene	0	0	0	0.0000	0.0000	0.0000
ENSG00000237323.1	AC245036.3	unprocessed_pseudogene	0	0	0	0.0000	0.0000	0.0000
ENSG00000237324.3	AC093158.1	lncRNA	1	10	9	0.0403	0.0100	0.0108
ENSG00000237325.3	AP000563.1	processed_pseudogene	0	0	0	0.0000	0.0000	0.0000
ENSG00000237326.1	AC113608.1	lncRNA	0	0	0	0.0000	0.0000	0.0000
ENSG00000237327.1	UPP2-IT1	lncRNA	3	3	0	0.4766	0.1182	0.1278
ENSG00000237328.1	RAI1-AS1	lncRNA	1	1	0	0.0783	0.0194	0.0210
ENSG00000237329.2	AL356320.2	processed_pseudogene	1	0	1	0.1119	0.0277	0.0300
ENSG00000237330.3	RNF223	protein_coding	204	107	97	6.0889	1.5100	1.6326
ENSG00000237331.1	XIAP-AS1	lncRNA	0	0	0	0.0000	0.0000	0.0000
ENSG00000237336.1	AL445489.1	lncRNA	0	0	0	0.0000	0.0000	0.0000
ENSG00000237337.1	ELAVL4-AS1	lncRNA	0	0	0	0.0000	0.0000	0.0000
ENSG00000237338.1	FTCD-AS1	lncRNA	0	0	0	0.0000	0.0000	0.0000
ENSG00000237339.5	LINC01502	lncRNA	0	0	0	0.0000	0.0000	0.0000
ENSG00000237341.1	SYP-AS1	lncRNA	1	10	11	0.1046	0.0259	0.0281
ENSG00000237342.1	AL132796.1	lncRNA	0	0	0	0.0000	0.0000	0.0000
ENSG00000237343.1	AC246785.3	lncRNA	0	0	2	0.0000	0.0000	0.0000
ENSG00000237345.1	AC245047.4	processed_pseudogene	0	0	0	0.0000	0.0000	0.0000
ENSG00000237346.2	AL080313.2	lncRNA	1	0	1	0.0706	0.0175	0.0189
ENSG00000237347.2	AC004461.1	processed_pseudogene	1	0	1	0.1407	0.0349	0.0377
ENSG00000237349.1	BX679664.2	processed_pseudogene	0	0	0	0.0000	0.0000	0.0000
ENSG00000237350.1	CDC42P6	processed_pseudogene	21	10	11	2.0676	0.5127	0.5544
ENSG00000237351.1	ITPK1P1	processed_pseudogene	0	0	0	0.0000	0.0000	0.0000
ENSG00000237352.4	LINC01358	lncRNA	32	13	20	0.2145	0.0532	0.0575
ENSG00000237353.7	PATE4	protein_coding	0	0	0	0.0000	0.0000	0.0000
ENSG00000237354.1	OR52S1P	unprocessed_pseudogene	0	0	0	0.0000	0.0000	0.0000
ENSG00000237356.7	AL365295.1	lncRNA	51	28	23	0.2000	0.0496	0.0536
ENSG00000237357.2	BX088651.4	lncRNA	3	4	4	0.0660	0.0164	0.0177
ENSG00000237358.1	AC007064.1	processed_pseudogene	0	0	0	0.0000	0.0000	0.0000
ENSG00000237359.2	AL354977.2	lncRNA	1	0	1	0.0601	0.0149	0.0161
ENSG00000237360.2	CHCHD4P2	processed_pseudogene	0	0	0	0.0000	0.0000	0.0000
ENSG00000237361.3	TUSC8	lncRNA	6	4	2	0.1085	0.0269	0.0291
ENSG00000237363.1	AP006288.1	unprocessed_pseudogene	0	0	0	0.0000	0.0000	0.0000
ENSG00000237365.1	AL512330.1	lncRNA	0	0	0	0.0000	0.0000	0.0000
ENSG00000237370.1	AC010907.2	lncRNA	1	0	1	0.0818	0.0203	0.0219
ENSG00000237371.1	AL355803.1	lncRNA	4	3	1	1.2066	0.2992	0.3235
ENSG00000237372.4	UNQ6494	lncRNA	19	8	11	0.3220	0.0799	0.0863
ENSG00000237373.1	BRWD1-IT1	lncRNA	1	1	0	0.1160	0.0288	0.0311
ENSG00000237377.2	AC005703.1	lncRNA	0	0	0	0.0000	0.0000	0.0000
ENSG00000237378.3	AL445989.1	protein_coding	0	0	0	0.0000	0.0000	0.0000
ENSG00000237379.1	CBX1P3	processed_pseudogene	1	1	0	0.1076	0.0267	0.0289
ENSG00000237380.7	HOXD-AS2	lncRNA	59	269	276	1.6156	0.4007	0.4332
ENSG00000237381.2	NT5DC1P1	processed_pseudogene	0	0	0	0.0000	0.0000	0.0000
ENSG00000237382.2	RPL21P121	processed_pseudogene	0	0	0	0.0000	0.0000	0.0000
ENSG00000237383.1	CNN2P11	processed_pseudogene	0	0	0	0.0000	0.0000	0.0000
ENSG00000237385.1	AL583839.1	lncRNA	0	0	0	0.0000	0.0000	0.0000
ENSG00000237387.1	AL022329.2	lncRNA	0	0	0	0.0000	0.0000	0.0000
ENSG00000237388.2	OR4A47	protein_coding	0	0	0	0.0000	0.0000	0.0000
ENSG00000237389.1	AL645634.2	lncRNA	1	1	1	0.1380	0.0342	0.0370
ENSG00000237390.1	AL139130.1	lncRNA	2	2	0	0.0203	0.0050	0.0054
ENSG00000237396.1	LNCNEF	lncRNA	0	0	0	0.0000	0.0000	0.0000
ENSG00000237398.1	HLA-DPA3	unprocessed_pseudogene	1	1	0	0.2476	0.0614	0.0664
ENSG00000237399.7	PITRM1-AS1	lncRNA	27	574	614	0.3504	0.0869	0.0939
ENSG00000237400.1	AC006960.2	lncRNA	0	0	0	0.0000	0.0000	0.0000
ENSG00000237401.8	LINC01304	lncRNA	0	0	0	0.0000	0.0000	0.0000
ENSG00000237402.1	CAMTA1-IT1	lncRNA	0	0	0	0.0000	0.0000	0.0000
ENSG00000237406.1	NDUFA9P1	processed_pseudogene	4	1	3	0.1999	0.0496	0.0536
ENSG00000237407.1	AP000552.2	lncRNA	0	0	0	0.0000	0.0000	0.0000
ENSG00000237408.1	ART2BP	unprocessed_pseudogene	0	0	0	0.0000	0.0000	0.0000
ENSG00000237409.2	AL513302.1	processed_pseudogene	1	0	1	0.1325	0.0329	0.0355
ENSG00000237410.1	NRXN2-AS1	lncRNA	1	0	1	0.1209	0.0300	0.0324
ENSG00000237412.7	PRSS56	protein_coding	0	0	0	0.0000	0.0000	0.0000
ENSG00000237413.5	MGC27382	lncRNA	1	1	0	0.0229	0.0057	0.0061
ENSG00000237414.2	AL365204.2	lncRNA	0	0	0	0.0000	0.0000	0.0000
ENSG00000237415.2	NRBF2P3	processed_pseudogene	1	1	0	0.0656	0.0163	0.0176
ENSG00000237417.1	XRCC6P1	processed_pseudogene	2	1	1	0.0628	0.0156	0.0168
ENSG00000237418.1	AC069257.2	processed_pseudogene	5	2	3	1.8294	0.4537	0.4905
ENSG00000237419.1	AL954642.1	lncRNA	0	0	0	0.0000	0.0000	0.0000
ENSG00000237422.2	AL158071.3	lncRNA	9	6	5	0.1081	0.0268	0.0290
ENSG00000237423.3	LINC01522	lncRNA	217	158	143	3.0620	0.7593	0.8210
ENSG00000237424.1	FOXD2-AS1	lncRNA	160	84	76	3.6164	0.8968	0.9697
ENSG00000237425.1	RPSAP2	processed_pseudogene	0	0	0	0.0000	0.0000	0.0000
ENSG00000237426.1	ZIK1P1	processed_pseudogene	0	0	0	0.0000	0.0000	0.0000
ENSG00000237427.1	TOMM22P1	processed_pseudogene	0	0	0	0.0000	0.0000	0.0000
ENSG00000237428.1	ASH2LP2	processed_pseudogene	0	0	0	0.0000	0.0000	0.0000
ENSG00000237429.1	BX293535.1	lncRNA	2	3	2	0.4008	0.0994	0.1075
ENSG00000237432.2	RPS7P12	processed_pseudogene	2	1	1	0.1949	0.0483	0.0523
ENSG00000237433.1	RPSAP11	processed_pseudogene	1	1	0	0.0644	0.0160	0.0173
ENSG00000237434.1	AL512635.1	processed_pseudogene	3	3	0	0.2045	0.0507	0.0548
ENSG00000237435.10	LINC02790	lncRNA	0	0	0	0.0000	0.0000	0.0000
ENSG00000237436.1	CAMTA1-DT	lncRNA	13	6	7	1.7765	0.4405	0.4763
ENSG00000237437.1	ASS1P12	processed_pseudogene	0	12	9	0.0000	0.0000	0.0000
ENSG00000237438.7	CECR7	transcribed_unprocessed_pseudogene	200	108	92	2.5470	0.6316	0.6829
ENSG00000237439.1	Z83839.1	transcribed_unprocessed_pseudogene	0	0	0	0.0000	0.0000	0.0000
ENSG00000237440.9	ZNF737	protein_coding	1165	575	592	7.3588	1.8249	1.9731
ENSG00000237441.10	RGL2	protein_coding	3106	1660	1788	42.3518	10.5028	11.3559
ENSG00000237442.3	HNRNPA1P57	transcribed_processed_pseudogene	1184	598	586	52.8282	13.1009	14.1650
ENSG00000237443.1	OR13D2P	unprocessed_pseudogene	0	0	0	0.0000	0.0000	0.0000
ENSG00000237444.1	AP001342.1	processed_pseudogene	0	0	1	0.0000	0.0000	0.0000
ENSG00000237445.2	AL359771.1	lncRNA	0	0	0	0.0000	0.0000	0.0000
ENSG00000237446.1	RHEBP3	processed_pseudogene	0	0	0	0.0000	0.0000	0.0000
ENSG00000237447.1	CDC27P2	processed_pseudogene	0	0	0	0.0000	0.0000	0.0000
ENSG00000237449.1	TAAR4P	unprocessed_pseudogene	0	0	0	0.0000	0.0000	0.0000
ENSG00000237450.5	RPL23AP71	processed_pseudogene	1	2	0	0.1209	0.0300	0.0324
ENSG00000237451.3	CDK2AP2P2	processed_pseudogene	1	1	0	0.1545	0.0383	0.0414
ENSG00000237452.3	BHMG1	protein_coding	10	3	7	0.2208	0.0548	0.0592
ENSG00000237453.1	AC096536.1	lncRNA	0	0	0	0.0000	0.0000	0.0000
ENSG00000237456.3	ID2B	processed_pseudogene	0	0	0	0.0000	0.0000	0.0000
ENSG00000237457.6	LINC01351	lncRNA	0	0	0	0.0000	0.0000	0.0000
ENSG00000237458.1	TUBB4BP3	processed_pseudogene	0	0	0	0.0000	0.0000	0.0000
ENSG00000237460.3	LINC01661	lncRNA	0	0	0	0.0000	0.0000	0.0000
ENSG00000237461.2	AL359710.1	lncRNA	3	2	1	0.0453	0.0112	0.0121
ENSG00000237463.6	LRRC52-AS1	lncRNA	0	0	0	0.0000	0.0000	0.0000
ENSG00000237464.1	AL031663.2	lncRNA	0	0	0	0.0000	0.0000	0.0000
ENSG00000237466.1	MTCO3P41	unprocessed_pseudogene	0	0	0	0.0000	0.0000	0.0000
ENSG00000237467.1	USP9YP35	unprocessed_pseudogene	0	0	0	0.0000	0.0000	0.0000
ENSG00000237468.2	AL359547.1	lncRNA	0	0	0	0.0000	0.0000	0.0000
ENSG00000237469.2	TUBB8P10	unprocessed_pseudogene	0	0	0	0.0000	0.0000	0.0000
ENSG00000237470.3	DCLRE1CP1	unprocessed_pseudogene	1	1	0	0.1207	0.0299	0.0324
ENSG00000237471.2	AC073115.2	lncRNA	24	16	8	0.8269	0.2051	0.2217
ENSG00000237472.1	AC245054.2	processed_pseudogene	0	0	0	0.0000	0.0000	0.0000
ENSG00000237473.2	AC068759.1	lncRNA	0	0	0	0.0000	0.0000	0.0000
ENSG00000237475.2	RPL7P53	processed_pseudogene	0	0	0	0.0000	0.0000	0.0000
ENSG00000237476.1	LINC01637	lncRNA	38	20	18	3.1506	0.7813	0.8448
ENSG00000237477.1	AC093911.1	lncRNA	0	0	0	0.0000	0.0000	0.0000
ENSG00000237478.2	AL390023.1	processed_pseudogene	0	0	0	0.0000	0.0000	0.0000
ENSG00000237479.1	AC007557.4	lncRNA	1	0	1	0.1319	0.0327	0.0354
ENSG00000237480.3	AL355306.2	lncRNA	0	0	0	0.0000	0.0000	0.0000
ENSG00000237481.1	AL117350.1	lncRNA	6	38	52	0.5317	0.1318	0.1426
ENSG00000237483.1	RPS27AP8	processed_pseudogene	0	0	0	0.0000	0.0000	0.0000
ENSG00000237484.6	LINC01684	lncRNA	43	21	22	0.2563	0.0636	0.0687
ENSG00000237487.1	VN1R48P	processed_pseudogene	165	81	84	9.0320	2.2398	2.4218
ENSG00000237489.5	C10orf143	protein_coding	253	118	135	2.1065	0.5224	0.5648
ENSG00000237490.3	RPS27AP17	processed_pseudogene	0	0	0	0.0000	0.0000	0.0000
ENSG00000237491.10	LINC01409	lncRNA	51	39	26	0.3438	0.0853	0.0922
ENSG00000237492.1	OR2L9P	unprocessed_pseudogene	0	0	0	0.0000	0.0000	0.0000
ENSG00000237493.3	AC034102.1	processed_pseudogene	9	13	4	0.8450	0.2096	0.2266
ENSG00000237494.1	AL360007.1	lncRNA	0	0	0	0.0000	0.0000	0.0000
ENSG00000237498.3	AC010105.1	lncRNA	0	0	0	0.0000	0.0000	0.0000
ENSG00000237499.7	WAKMAR2	lncRNA	31	21	12	0.4236	0.1051	0.1136
ENSG00000237500.1	AL713851.2	lncRNA	0	0	0	0.0000	0.0000	0.0000
ENSG00000237501.1	AC108667.1	processed_pseudogene	1	1	0	0.2278	0.0565	0.0611
ENSG00000237503.2	AC239798.2	processed_pseudogene	0	0	0	0.0000	0.0000	0.0000
ENSG00000237505.8	PKN2-AS1	lncRNA	17	6	11	0.0580	0.0144	0.0155
ENSG00000237506.3	RPSAP15	processed_pseudogene	5	1	4	0.3293	0.0817	0.0883
ENSG00000237510.7	GPAT2P1	transcribed_unprocessed_pseudogene	27	12	15	0.6820	0.1691	0.1829
ENSG00000237512.6	UNC5B-AS1	lncRNA	31	15	16	2.4866	0.6166	0.6667
ENSG00000237513.2	AC007384.1	lncRNA	12	6	6	0.2661	0.0660	0.0714
ENSG00000237514.3	PTP4A1P7	processed_pseudogene	0	0	0	0.0000	0.0000	0.0000
ENSG00000237515.9	SHISA9	protein_coding	385	205	200	2.1447	0.5319	0.5751
ENSG00000237517.10	DGCR5	transcribed_unprocessed_pseudogene	0	0	0	0.0000	0.0000	0.0000
ENSG00000237520.1	AL391832.1	lncRNA	0	13	4	0.0000	0.0000	0.0000
ENSG00000237521.3	OR7E24	protein_coding	0	0	0	0.0000	0.0000	0.0000
ENSG00000237522.1	NONOP2	processed_pseudogene	117	59	58	5.3900	1.3367	1.4452
ENSG00000237523.2	LINC00857	lncRNA	38	14	24	0.8589	0.2130	0.2303
ENSG00000237524.10	TEX51	protein_coding	0	0	0	0.0000	0.0000	0.0000
ENSG00000237525.7	AC012668.3	lncRNA	12	47	42	0.2168	0.0538	0.0581
ENSG00000237527.1	AF241725.1	lncRNA	0	0	0	0.0000	0.0000	0.0000
ENSG00000237528.1	UQCR10P1	processed_pseudogene	0	0	0	0.0000	0.0000	0.0000
ENSG00000237529.2	AL137847.2	lncRNA	27	12	15	1.0113	0.2508	0.2712
ENSG00000237530.2	AL136140.1	lncRNA	3	2	1	0.0934	0.0232	0.0250
ENSG00000237531.6	AL672277.1	lncRNA	11	3	8	1.0609	0.2631	0.2845
ENSG00000237531.6_PAR_Y	AL672277.1	lncRNA	0	0	0	0.0000	0.0000	0.0000
ENSG00000237532.1	AC012451.1	lncRNA	0	0	0	0.0000	0.0000	0.0000
ENSG00000237539.1	AC003669.1	processed_pseudogene	0	0	0	0.0000	0.0000	0.0000
ENSG00000237540.1	RPL36AP36	processed_pseudogene	4	3	1	0.7536	0.1869	0.2021
ENSG00000237541.4	HLA-DQA2	protein_coding	1406	679	727	54.6874	13.5619	14.6635
ENSG00000237542.1	MTCO3P17	unprocessed_pseudogene	0	0	0	0.0000	0.0000	0.0000
ENSG00000237546.1	XKRYP6	unprocessed_pseudogene	0	0	0	0.0000	0.0000	0.0000
ENSG00000237547.1	IGHJ2P	IG_J_pseudogene	1	0	1	0.9452	0.2344	0.2534
ENSG00000237548.1	TTLL11-IT1	lncRNA	1	1	0	0.0539	0.0134	0.0145
ENSG00000237549.1	RPS6P3	processed_pseudogene	0	0	0	0.0000	0.0000	0.0000
ENSG00000237550.5	AC243919.1	transcribed_processed_pseudogene	4078	2141	1937	322.5429	79.9874	86.4845
ENSG00000237551.1	AC096775.1	processed_pseudogene	0	0	0	0.0000	0.0000	0.0000
ENSG00000237552.1	LINC02567	lncRNA	0	0	0	0.0000	0.0000	0.0000
ENSG00000237553.1	AL133547.1	processed_pseudogene	0	0	0	0.0000	0.0000	0.0000
ENSG00000237555.1	AL031681.1	processed_pseudogene	34	19	15	4.8203	1.1954	1.2925
ENSG00000237556.1	KCND3-AS1	lncRNA	0	0	0	0.0000	0.0000	0.0000
ENSG00000237557.1	YWHABP1	processed_pseudogene	0	0	0	0.0000	0.0000	0.0000
ENSG00000237558.1	CDY7P	unprocessed_pseudogene	0	0	0	0.0000	0.0000	0.0000
ENSG00000237560.7	LINC01497	lncRNA	0	0	0	0.0000	0.0000	0.0000
ENSG00000237563.2	TTTY21B	lncRNA	0	0	0	0.0000	0.0000	0.0000
ENSG00000237566.1	AC090955.1	processed_pseudogene	0	0	0	0.0000	0.0000	0.0000
ENSG00000237567.2	LINC02836	lncRNA	0	0	0	0.0000	0.0000	0.0000
ENSG00000237568.1	AC099063.1	lncRNA	0	50	52	0.0000	0.0000	0.0000
ENSG00000237569.1	TUBAP1	processed_pseudogene	0	0	0	0.0000	0.0000	0.0000
ENSG00000237571.1	LINC02862	lncRNA	5	3	2	0.7019	0.1741	0.1882
ENSG00000237572.1	AC092001.1	unprocessed_pseudogene	0	0	0	0.0000	0.0000	0.0000
ENSG00000237574.1	LINC01856	lncRNA	2	1	1	0.0473	0.0117	0.0127
ENSG00000237575.4	PYY2	transcribed_unprocessed_pseudogene	46	20	26	2.4244	0.6012	0.6501
ENSG00000237576.2	LINC01888	lncRNA	0	0	0	0.0000	0.0000	0.0000
ENSG00000237579.3	LINC01514	lncRNA	0	0	0	0.0000	0.0000	0.0000
ENSG00000237580.1	GCSHP3	processed_pseudogene	0	0	0	0.0000	0.0000	0.0000
ENSG00000237581.1	AC005538.1	lncRNA	0	0	0	0.0000	0.0000	0.0000
ENSG00000237583.1	RPL34P8	processed_pseudogene	0	0	0	0.0000	0.0000	0.0000
ENSG00000237584.1	RAC1P4	processed_pseudogene	0	0	0	0.0000	0.0000	0.0000
ENSG00000237585.1	LINC00407	lncRNA	1	1	0	0.1922	0.0477	0.0515
ENSG00000237586.3	AC090192.1	processed_pseudogene	3	2	1	0.3472	0.0861	0.0931
ENSG00000237588.2	AL590666.3	lncRNA	5	6	3	0.0688	0.0171	0.0184
ENSG00000237589.1	HMGN1P32	processed_pseudogene	0	0	0	0.0000	0.0000	0.0000
ENSG00000237590.1	AL137026.2	lncRNA	0	0	0	0.0000	0.0000	0.0000
ENSG00000237592.2	IGKV1OR10-1	IG_V_pseudogene	0	0	0	0.0000	0.0000	0.0000
ENSG00000237593.1	AL445220.1	processed_pseudogene	0	0	0	0.0000	0.0000	0.0000
ENSG00000237594.2	AP000251.1	lncRNA	8	5	3	0.5519	0.1369	0.1480
ENSG00000237595.5	LINC01275	lncRNA	7	4	3	0.2891	0.0717	0.0775
ENSG00000237596.7	AL138828.1	lncRNA	5	15	18	0.0353	0.0088	0.0095
ENSG00000237601.1	AP000358.1	processed_pseudogene	0	0	0	0.0000	0.0000	0.0000
ENSG00000237603.1	HMGB3P12	processed_pseudogene	0	0	0	0.0000	0.0000	0.0000
ENSG00000237604.1	AP001056.1	lncRNA	0	0	0	0.0000	0.0000	0.0000
ENSG00000237605.2	DYRK3-AS1	lncRNA	6	3	5	0.3628	0.0900	0.0973
ENSG00000237606.2	AC091286.1	processed_pseudogene	0	0	0	0.0000	0.0000	0.0000
ENSG00000237609.1	AF064858.2	lncRNA	2	2	0	0.3884	0.0963	0.1041
ENSG00000237610.1	OR4C50P	unprocessed_pseudogene	0	0	0	0.0000	0.0000	0.0000
ENSG00000237611.2	Metazoa_SRP	misc_RNA	0	0	0	0.0000	0.0000	0.0000
ENSG00000237612.1	AP002856.4	lncRNA	1	1	0	0.0997	0.0247	0.0267
ENSG00000237613.2	FAM138A	lncRNA	0	0	0	0.0000	0.0000	0.0000
ENSG00000237614.3	AC073257.2	lncRNA	9	4	5	0.2698	0.0669	0.0723
ENSG00000237616.1	USP9YP32	unprocessed_pseudogene	0	0	0	0.0000	0.0000	0.0000
ENSG00000237617.1	AC013410.2	processed_pseudogene	0	0	0	0.0000	0.0000	0.0000
ENSG00000237618.1	BTBD7P2	processed_pseudogene	0	0	0	0.0000	0.0000	0.0000
ENSG00000237619.2	OR3B1P	unprocessed_pseudogene	0	0	0	0.0000	0.0000	0.0000
ENSG00000237620.1	GCNT1P5	processed_pseudogene	0	0	0	0.0000	0.0000	0.0000
ENSG00000237621.4	OR9A1P	polymorphic_pseudogene	1	1	0	0.0600	0.0149	0.0161
ENSG00000237622.1	ELOCP18	processed_pseudogene	0	0	0	0.0000	0.0000	0.0000
ENSG00000237623.1	NICN2P	processed_pseudogene	0	0	0	0.0000	0.0000	0.0000
ENSG00000237624.1	OXCT2P1	unprocessed_pseudogene	9	3	6	0.3325	0.0825	0.0892
ENSG00000237626.2	AL161629.1	lncRNA	3	2	1	0.0483	0.0120	0.0130
ENSG00000237628.2	MTCO2P19	processed_pseudogene	0	0	0	0.0000	0.0000	0.0000
ENSG00000237629.1	UQCRHP2	processed_pseudogene	1	0	1	0.1969	0.0488	0.0528
ENSG00000237630.1	NIFKP9	processed_pseudogene	0	0	0	0.0000	0.0000	0.0000
ENSG00000237631.2	AL161454.1	processed_pseudogene	1	1	0	0.0997	0.0247	0.0267
ENSG00000237632.3	S100A11P1	processed_pseudogene	1	0	1	0.1818	0.0451	0.0487
ENSG00000237633.4	AC104623.1	lncRNA	2	22	26	0.0778	0.0193	0.0209
ENSG00000237635.2	DUX4L29	unprocessed_pseudogene	0	0	0	0.0000	0.0000	0.0000
ENSG00000237636.3	ANKRD26P3	unprocessed_pseudogene	0	0	0	0.0000	0.0000	0.0000
ENSG00000237637.1	FRY-AS1	lncRNA	2	7	1	0.1017	0.0252	0.0273
ENSG00000237638.2	LINC02245	lncRNA	446	234	213	4.1079	1.0187	1.1015
ENSG00000237639.2	AC064862.5	unprocessed_pseudogene	0	0	0	0.0000	0.0000	0.0000
ENSG00000237640.1	AC004522.3	lncRNA	3	18	14	0.2502	0.0620	0.0671
ENSG00000237641.1	RPL28P2	processed_pseudogene	2	7	1	0.2787	0.0691	0.0747
ENSG00000237642.1	HMGB3P5	processed_pseudogene	0	0	0	0.0000	0.0000	0.0000
ENSG00000237643.2	AL365226.1	lncRNA	0	0	0	0.0000	0.0000	0.0000
ENSG00000237645.1	AC092967.1	processed_pseudogene	0	0	0	0.0000	0.0000	0.0000
ENSG00000237646.1	HLCS-IT1	lncRNA	0	0	0	0.0000	0.0000	0.0000
ENSG00000237649.8	KIFC1	protein_coding	1143	561	588	21.3926	5.3051	5.7361
ENSG00000237650.2	OR11Q1P	unprocessed_pseudogene	0	0	0	0.0000	0.0000	0.0000
ENSG00000237651.6	C2orf74	protein_coding	12	6	7	0.4492	0.1114	0.1204
ENSG00000237653.2	AC026320.2	processed_pseudogene	0	0	0	0.0000	0.0000	0.0000
ENSG00000237654.6	AP003025.1	lncRNA	1	0	1	0.0117	0.0029	0.0031
ENSG00000237655.1	AC073834.1	lncRNA	0	33	46	0.0000	0.0000	0.0000
ENSG00000237659.1	RNASEH2CP1	processed_pseudogene	0	0	0	0.0000	0.0000	0.0000
ENSG00000237661.1	TNIP2P1	processed_pseudogene	0	0	0	0.0000	0.0000	0.0000
ENSG00000237662.1	SOCS2P1	processed_pseudogene	0	0	0	0.0000	0.0000	0.0000
ENSG00000237663.2	DNAJC19P7	processed_pseudogene	0	0	0	0.0000	0.0000	0.0000
ENSG00000237664.1	LINC00316	lncRNA	4	4	1	0.4985	0.1236	0.1337
ENSG00000237665.1	GRM7-AS2	lncRNA	0	0	0	0.0000	0.0000	0.0000
ENSG00000237666.2	AC097527.1	unprocessed_pseudogene	0	0	0	0.0000	0.0000	0.0000
ENSG00000237667.7	LINC01115	lncRNA	228	106	127	1.5158	0.3759	0.4064
ENSG00000237668.1	RPS15AP38	processed_pseudogene	1	0	1	0.1524	0.0378	0.0409
ENSG00000237669.1	AL671277.2	unprocessed_pseudogene	1	27	24	0.0569	0.0141	0.0153
ENSG00000237670.1	LINC01866	lncRNA	0	0	0	0.0000	0.0000	0.0000
ENSG00000237671.3	GAGE12C	protein_coding	0	0	0	0.0000	0.0000	0.0000
ENSG00000237672.1	KRR1P1	processed_pseudogene	4	1	3	0.2825	0.0701	0.0757
ENSG00000237674.1	GSTA7P	unprocessed_pseudogene	0	0	0	0.0000	0.0000	0.0000
ENSG00000237675.5	TEX36-AS1	lncRNA	0	0	0	0.0000	0.0000	0.0000
ENSG00000237676.1	RPL30P4	processed_pseudogene	1	0	1	0.1703	0.0422	0.0457
ENSG00000237679.2	VDAC1P11	processed_pseudogene	2	1	1	0.1331	0.0330	0.0357
ENSG00000237682.2	PRKCIP1	processed_pseudogene	1	0	1	0.0316	0.0078	0.0085
ENSG00000237684.1	RPSAP35	processed_pseudogene	0	0	0	0.0000	0.0000	0.0000
ENSG00000237685.1	AL139039.3	lncRNA	3	0	3	0.1153	0.0286	0.0309
ENSG00000237686.7	AL109615.3	lncRNA	161	101	102	3.1560	0.7827	0.8462
ENSG00000237687.2	LINC00686	lncRNA	0	0	0	0.0000	0.0000	0.0000
ENSG00000237689.1	AC007064.2	lncRNA	1	1	0	0.1134	0.0281	0.0304
ENSG00000237691.1	IFNWP2	unprocessed_pseudogene	0	0	0	0.0000	0.0000	0.0000
ENSG00000237693.4	IRGM	protein_coding	4	2	3	0.0999	0.0248	0.0268
ENSG00000237699.2	BX072579.1	lncRNA	0	1	0	0.0000	0.0000	0.0000
ENSG00000237700.2	PRAMEF33	protein_coding	0	0	0	0.0000	0.0000	0.0000
ENSG00000237701.1	ATP5PFP1	processed_pseudogene	0	0	0	0.0000	0.0000	0.0000
ENSG00000237702.2	TRBV3-1	TR_V_gene	6	3	3	0.8702	0.2158	0.2333
ENSG00000237704.1	AP004289.2	processed_pseudogene	1	0	1	0.0389	0.0097	0.0104
ENSG00000237705.1	AC008937.2	lncRNA	12	396	392	1.0994	0.2726	0.2948
ENSG00000237706.4	TRIM51EP	unprocessed_pseudogene	0	0	0	0.0000	0.0000	0.0000
ENSG00000237707.1	AL031726.1	lncRNA	0	0	0	0.0000	0.0000	0.0000
ENSG00000237708.1	SPIN2P1	processed_pseudogene	0	0	0	0.0000	0.0000	0.0000
ENSG00000237709.1	EEF1A1P28	processed_pseudogene	2	1	1	0.0808	0.0200	0.0217
ENSG00000237711.1	MTCO3P11	unprocessed_pseudogene	2	2	0	0.1465	0.0363	0.0393
ENSG00000237713.1	AC011287.2	lncRNA	0	0	0	0.0000	0.0000	0.0000
ENSG00000237714.1	P4HA2-AS1	lncRNA	7	550	581	0.4731	0.1173	0.1269
ENSG00000237716.2	AL136309.2	lncRNA	1	1	0	0.0362	0.0090	0.0097
ENSG00000237717.1	BX276092.8	processed_pseudogene	0	0	0	0.0000	0.0000	0.0000
ENSG00000237718.2	AC009095.1	lncRNA	0	4	3	0.0000	0.0000	0.0000
ENSG00000237719.1	Z95152.1	processed_pseudogene	5	2	3	0.4322	0.1072	0.1159
ENSG00000237720.2	AC011995.2	lncRNA	2	1	1	0.0129	0.0032	0.0035
ENSG00000237722.2	MTND1P29	unprocessed_pseudogene	0	0	0	0.0000	0.0000	0.0000
ENSG00000237728.2	CAMTA1-AS2	lncRNA	1	0	1	0.0762	0.0189	0.0204
ENSG00000237729.2	AC002075.2	processed_pseudogene	5	4	4	1.1252	0.2790	0.3017
ENSG00000237730.1	RPS5P8	processed_pseudogene	0	0	0	0.0000	0.0000	0.0000
ENSG00000237731.1	RNGTTP1	processed_pseudogene	0	0	0	0.0000	0.0000	0.0000
ENSG00000237732.9	CT75	transcribed_unprocessed_pseudogene	1	0	2	0.0221	0.0055	0.0059
ENSG00000237734.1	AL163192.1	lncRNA	2	1	1	0.1602	0.0397	0.0430
ENSG00000237735.2	AF130359.1	lncRNA	0	0	0	0.0000	0.0000	0.0000
ENSG00000237737.6	DCTN1-AS1	lncRNA	5	68	75	0.0654	0.0162	0.0175
ENSG00000237738.1	RNF216-IT1	lncRNA	0	0	0	0.0000	0.0000	0.0000
ENSG00000237740.1	NPAP1P3	processed_pseudogene	1	0	1	0.0358	0.0089	0.0096
ENSG00000237741.1	AC002368.1	lncRNA	0	0	0	0.0000	0.0000	0.0000
ENSG00000237742.7	AL365259.1	lncRNA	2	1	1	0.0276	0.0068	0.0074
ENSG00000237743.3	FBP2P1	transcribed_unprocessed_pseudogene	0	0	0	0.0000	0.0000	0.0000
ENSG00000237745.1	RPL22P8	processed_pseudogene	0	0	0	0.0000	0.0000	0.0000
ENSG00000237746.1	ZNF101P1	processed_pseudogene	1	0	1	0.0330	0.0082	0.0088
ENSG00000237747.1	AL160279.1	processed_pseudogene	0	0	0	0.0000	0.0000	0.0000
ENSG00000237748.1	UQCRBP1	processed_pseudogene	4	3	1	0.6751	0.1674	0.1810
ENSG00000237749.4	AL034379.1	processed_pseudogene	7	1	6	1.5691	0.3891	0.4207
ENSG00000237750.2	KCNH7-AS1	lncRNA	0	0	0	0.0000	0.0000	0.0000
ENSG00000237751.2	LINC01143	lncRNA	0	0	0	0.0000	0.0000	0.0000
ENSG00000237752.2	NCKAP1P1	processed_pseudogene	0	0	0	0.0000	0.0000	0.0000
ENSG00000237753.2	AC079922.2	lncRNA	121	58	64	2.1284	0.5278	0.5707
ENSG00000237754.1	AC093655.2	processed_pseudogene	0	0	0	0.0000	0.0000	0.0000
ENSG00000237756.1	AL592435.1	lncRNA	1	0	1	0.1209	0.0300	0.0324
ENSG00000237757.2	EEF1A1P30	processed_pseudogene	3	2	1	0.1294	0.0321	0.0347
ENSG00000237758.1	BANF1P3	processed_pseudogene	12	7	5	2.6074	0.6466	0.6991
ENSG00000237759.1	AL590483.2	lncRNA	0	0	0	0.0000	0.0000	0.0000
ENSG00000237760.1	AC023669.2	lncRNA	5	1	4	1.1864	0.2942	0.3181
ENSG00000237761.3	AL161646.1	lncRNA	1	0	1	0.0422	0.0105	0.0113
ENSG00000237763.9	AMY1A	protein_coding	0	0	0	0.0000	0.0000	0.0000
ENSG00000237765.8	FAM200B	protein_coding	473	258	218	5.6282	1.3957	1.5091
ENSG00000237766.2	GGTA2P	processed_pseudogene	13	6	7	0.6553	0.1625	0.1757
ENSG00000237767.2	LINC01370	lncRNA	0	0	0	0.0000	0.0000	0.0000
ENSG00000237768.2	AL731563.2	lncRNA	0	475	454	0.0000	0.0000	0.0000
ENSG00000237770.2	SPATA31D2P	unprocessed_pseudogene	0	0	0	0.0000	0.0000	0.0000
ENSG00000237772.2	LINC02631	lncRNA	15	10	7	0.3565	0.0884	0.0956
ENSG00000237773.7	AC073332.1	lncRNA	19	76	49	0.1052	0.0261	0.0282
ENSG00000237774.3	AC126615.1	processed_pseudogene	3	1	2	0.2700	0.0670	0.0724
ENSG00000237775.1	DDR1-DT	lncRNA	0	0	0	0.0000	0.0000	0.0000
ENSG00000237781.3	ADAMTSL4-AS2	lncRNA	14	61	74	1.1939	0.2961	0.3201
ENSG00000237782.3	PLLPP1	processed_pseudogene	0	0	0	0.0000	0.0000	0.0000
ENSG00000237783.2	AL356441.2	processed_pseudogene	0	0	0	0.0000	0.0000	0.0000
ENSG00000237784.1	RPS20P12	processed_pseudogene	0	0	0	0.0000	0.0000	0.0000
ENSG00000237786.1	GFOD1-AS1	lncRNA	0	9	8	0.0000	0.0000	0.0000
ENSG00000237787.5	LINC02877	lncRNA	0	0	0	0.0000	0.0000	0.0000
ENSG00000237788.1	AL162615.1	processed_pseudogene	11	4	7	0.3774	0.0936	0.1012
ENSG00000237790.1	LINC01318	lncRNA	0	0	0	0.0000	0.0000	0.0000
ENSG00000237793.3	RPL18AP16	processed_pseudogene	1	1	0	0.1068	0.0265	0.0286
ENSG00000237797.1	MACORIS	lncRNA	9	3	6	1.4709	0.3648	0.3944
ENSG00000237798.1	AC010894.3	lncRNA	0	140	128	0.0000	0.0000	0.0000
ENSG00000237799.2	CICP11	processed_pseudogene	0	0	0	0.0000	0.0000	0.0000
ENSG00000237801.6	AMD1P2	processed_pseudogene	0	0	0	0.0000	0.0000	0.0000
ENSG00000237801.6_PAR_Y	AMD1P2	processed_pseudogene	0	0	0	0.0000	0.0000	0.0000
ENSG00000237802.7	FAM197Y6	lncRNA	0	0	0	0.0000	0.0000	0.0000
ENSG00000237803.6	LINC00211	lncRNA	4	0	4	0.0596	0.0148	0.0160
ENSG00000237804.1	HNRNPA1P39	processed_pseudogene	8	2	6	0.4726	0.1172	0.1267
ENSG00000237806.1	FAUP2	processed_pseudogene	0	0	0	0.0000	0.0000	0.0000
ENSG00000237807.4	AC022034.1	lncRNA	128	76	76	0.9644	0.2392	0.2586
ENSG00000237810.3	AC104852.1	processed_pseudogene	1	0	1	0.0389	0.0096	0.0104
ENSG00000237813.4	AC002066.1	lncRNA	1	1	0	0.0399	0.0099	0.0107
ENSG00000237816.1	RPL21P109	processed_pseudogene	0	0	0	0.0000	0.0000	0.0000
ENSG00000237818.1	RPS3AP29	processed_pseudogene	3	2	1	0.2212	0.0549	0.0593
ENSG00000237819.5	CDK6-AS1	lncRNA	4	4	1	0.3401	0.0843	0.0912
ENSG00000237821.1	ST13P7	processed_pseudogene	21	9	12	1.0836	0.2687	0.2906
ENSG00000237823.1	CDY19P	unprocessed_pseudogene	0	0	0	0.0000	0.0000	0.0000
ENSG00000237824.2	RPL23AP33	processed_pseudogene	0	0	0	0.0000	0.0000	0.0000
ENSG00000237827.1	RPS15AP29	processed_pseudogene	0	0	0	0.0000	0.0000	0.0000
ENSG00000237828.1	PA2G4P1	processed_pseudogene	0	0	0	0.0000	0.0000	0.0000
ENSG00000237832.1	AL138808.1	lncRNA	0	0	0	0.0000	0.0000	0.0000
ENSG00000237833.1	AL391380.1	processed_pseudogene	0	0	0	0.0000	0.0000	0.0000
ENSG00000237835.1	AC007064.3	processed_pseudogene	0	0	0	0.0000	0.0000	0.0000
ENSG00000237836.6	PHKA2-AS1	lncRNA	9	378	345	0.2653	0.0658	0.0711
ENSG00000237837.1	AC159540.1	lncRNA	0	0	0	0.0000	0.0000	0.0000
ENSG00000237838.1	AC092422.1	lncRNA	0	0	0	0.0000	0.0000	0.0000
ENSG00000237840.6	FAM21FP	transcribed_unprocessed_pseudogene	22	9	15	0.5978	0.1482	0.1603
ENSG00000237841.1	KRTAP19-9P	unprocessed_pseudogene	0	0	0	0.0000	0.0000	0.0000
ENSG00000237842.2	SMU1P1	processed_pseudogene	1	1	0	0.0370	0.0092	0.0099
ENSG00000237843.2	AC016903.2	lncRNA	0	0	0	0.0000	0.0000	0.0000
ENSG00000237844.2	AC016766.1	lncRNA	0	0	0	0.0000	0.0000	0.0000
ENSG00000237845.1	AL139161.1	lncRNA	0	0	0	0.0000	0.0000	0.0000
ENSG00000237846.1	AL773545.3	processed_pseudogene	2	15	21	0.1607	0.0398	0.0431
ENSG00000237848.1	AL606489.2	processed_pseudogene	0	0	0	0.0000	0.0000	0.0000
ENSG00000237849.1	NFYAP1	processed_pseudogene	12	8	4	0.7001	0.1736	0.1877
ENSG00000237850.7	AC091304.1	transcribed_unprocessed_pseudogene	0	0	0	0.0000	0.0000	0.0000
ENSG00000237851.1	AL023584.2	lncRNA	1	1	0	0.1277	0.0317	0.0342
ENSG00000237852.1	AC119800.1	lncRNA	3	0	3	0.4022	0.0997	0.1078
ENSG00000237853.6	NFIA-AS1	lncRNA	1	1	0	0.0674	0.0167	0.0181
ENSG00000237854.3	LINC00674	transcribed_unprocessed_pseudogene	303	144	160	23.4102	5.8055	6.2771
ENSG00000237856.1	AC062020.1	lncRNA	0	1	0	0.0000	0.0000	0.0000
ENSG00000237859.2	EEF1A1P31	unprocessed_pseudogene	0	0	0	0.0000	0.0000	0.0000
ENSG00000237860.1	SLC6A14P2	unprocessed_pseudogene	0	0	0	0.0000	0.0000	0.0000
ENSG00000237861.1	AL513325.1	processed_pseudogene	6	5	1	0.3291	0.0816	0.0882
ENSG00000237862.2	Z94160.1	lncRNA	1	0	1	0.0266	0.0066	0.0071
ENSG00000237863.3	AL035425.1	lncRNA	9	5	5	0.2657	0.0659	0.0712
ENSG00000237864.1	LINC00322	lncRNA	5	3	2	0.4057	0.1006	0.1088
ENSG00000237868.1	AC097533.1	processed_pseudogene	1	1	0	0.1184	0.0294	0.0317
ENSG00000237870.6	AC073130.1	lncRNA	6	4	2	0.1329	0.0330	0.0356
ENSG00000237872.4	POU5F1P4	processed_pseudogene	0	0	0	0.0000	0.0000	0.0000
ENSG00000237873.1	DLGAP5P2	processed_pseudogene	0	0	0	0.0000	0.0000	0.0000
ENSG00000237874.2	AL136972.1	lncRNA	0	0	0	0.0000	0.0000	0.0000
ENSG00000237875.1	AL353691.1	processed_pseudogene	0	0	0	0.0000	0.0000	0.0000
ENSG00000237876.1	AKR1B1P4	processed_pseudogene	0	0	0	0.0000	0.0000	0.0000
ENSG00000237877.7	LINC01473	lncRNA	43	16	27	0.6269	0.1555	0.1681
ENSG00000237879.1	LINC00398	lncRNA	5	4	1	0.3130	0.0776	0.0839
ENSG00000237880.2	LINC01885	lncRNA	0	0	0	0.0000	0.0000	0.0000
ENSG00000237882.1	PPIAP13	processed_pseudogene	1	1	0	0.1186	0.0294	0.0318
ENSG00000237883.2	DGUOK-AS1	lncRNA	37	319	337	1.7707	0.4391	0.4748
ENSG00000237885.1	AL359672.1	processed_pseudogene	0	0	0	0.0000	0.0000	0.0000
ENSG00000237886.1	NALT1	lncRNA	25	20	7	1.3031	0.3232	0.3494
ENSG00000237887.1	RPL23AP32	processed_pseudogene	3	2	1	0.3707	0.0919	0.0994
ENSG00000237888.1	AC087650.1	processed_pseudogene	4	3	1	0.4847	0.1202	0.1300
ENSG00000237891.1	AL441985.1	processed_pseudogene	0	0	0	0.0000	0.0000	0.0000
ENSG00000237892.1	KLF7-IT1	lncRNA	20	12	8	1.7316	0.4294	0.4643
ENSG00000237896.6	AC005008.2	lncRNA	1	0	1	0.0602	0.0149	0.0161
ENSG00000237897.2	AL512844.2	processed_pseudogene	0	0	0	0.0000	0.0000	0.0000
ENSG00000237899.1	AL031289.1	lncRNA	1	0	1	0.1204	0.0299	0.0323
ENSG00000237901.1	AC009161.1	processed_pseudogene	0	0	0	0.0000	0.0000	0.0000
ENSG00000237902.1	TSPY21P	unprocessed_pseudogene	0	0	0	0.0000	0.0000	0.0000
ENSG00000237903.1	AC004000.1	lncRNA	4	4	0	0.5239	0.1299	0.1405
ENSG00000237904.2	BX284632.2	processed_pseudogene	0	0	0	0.0000	0.0000	0.0000
ENSG00000237906.1	MUPP	transcribed_unprocessed_pseudogene	0	0	0	0.0000	0.0000	0.0000
ENSG00000237910.1	MTCO1P18	unprocessed_pseudogene	0	0	0	0.0000	0.0000	0.0000
ENSG00000237911.2	SRP68P3	unprocessed_pseudogene	0	3	1	0.0000	0.0000	0.0000
ENSG00000237913.1	FTLP19	processed_pseudogene	0	0	0	0.0000	0.0000	0.0000
ENSG00000237914.5	SIRPG-AS1	lncRNA	2	0	2	0.0383	0.0095	0.0103
ENSG00000237916.1	RPL37P12	processed_pseudogene	18	6	13	3.2822	0.8140	0.8801
ENSG00000237917.1	PARP4P1	unprocessed_pseudogene	2	0	2	0.0485	0.0120	0.0130
ENSG00000237919.5	LRRC7-AS1	lncRNA	0	0	0	0.0000	0.0000	0.0000
ENSG00000237920.2	AL162591.1	unprocessed_pseudogene	0	0	0	0.0000	0.0000	0.0000
ENSG00000237921.2	AC004543.1	lncRNA	1	1	0	0.1537	0.0381	0.0412
ENSG00000237922.1	AL450309.1	processed_pseudogene	0	0	0	0.0000	0.0000	0.0000
ENSG00000237923.1	LINC02570	lncRNA	0	0	0	0.0000	0.0000	0.0000
ENSG00000237924.1	RPL21P112	processed_pseudogene	0	0	0	0.0000	0.0000	0.0000
ENSG00000237926.1	AC239367.3	unprocessed_pseudogene	0	0	0	0.0000	0.0000	0.0000
ENSG00000237927.1	AL078604.2	lncRNA	12	5	7	0.3399	0.0843	0.0911
ENSG00000237928.6	NFIA-AS2	lncRNA	20	16	4	0.1825	0.0453	0.0489
ENSG00000237929.1	RPL31P3	processed_pseudogene	0	0	0	0.0000	0.0000	0.0000
ENSG00000237930.1	RPL31P14	processed_pseudogene	5	2	3	0.7643	0.1895	0.2049
ENSG00000237931.1	CLIC4P3	processed_pseudogene	0	0	0	0.0000	0.0000	0.0000
ENSG00000237934.1	AL590729.1	lncRNA	3	2	1	0.2969	0.0736	0.0796
ENSG00000237936.1	AL353093.1	processed_pseudogene	0	0	0	0.0000	0.0000	0.0000
ENSG00000237937.6	LINC02702	lncRNA	0	0	0	0.0000	0.0000	0.0000
ENSG00000237938.5	AL450998.2	lncRNA	16	268	272	0.5919	0.1468	0.1587
ENSG00000237939.1	IDI1P1	processed_pseudogene	0	0	0	0.0000	0.0000	0.0000
ENSG00000237940.3	LINC01238	lncRNA	179	94	85	3.5568	0.8820	0.9537
ENSG00000237941.2	KCNQ1DN	lncRNA	1	0	1	0.0519	0.0129	0.0139
ENSG00000237943.7	PRKCQ-AS1	lncRNA	36	20	16	0.3499	0.0868	0.0938
ENSG00000237945.7	LINC00649	lncRNA	81	467	466	0.3204	0.0795	0.0859
ENSG00000237947.1	AL583854.1	lncRNA	0	0	0	0.0000	0.0000	0.0000
ENSG00000237948.1	MTATP6P20	processed_pseudogene	2	2	0	0.2018	0.0500	0.0541
ENSG00000237949.2	LINC00844	lncRNA	6	4	2	0.0475	0.0118	0.0127
ENSG00000237950.3	AL357079.1	lncRNA	96	41	55	2.4479	0.6071	0.6564
ENSG00000237951.1	PPIL1P1	processed_pseudogene	0	0	0	0.0000	0.0000	0.0000
ENSG00000237952.1	RPL7AP73	processed_pseudogene	0	0	0	0.0000	0.0000	0.0000
ENSG00000237953.1	RPS13P5	processed_pseudogene	0	0	0	0.0000	0.0000	0.0000
ENSG00000237954.7	AL445218.1	lncRNA	0	0	0	0.0000	0.0000	0.0000
ENSG00000237955.1	AC245884.4	processed_pseudogene	1	1	0	0.1201	0.0298	0.0322
ENSG00000237956.1	TRIAP1P1	processed_pseudogene	0	0	0	0.0000	0.0000	0.0000
ENSG00000237957.6	CT47A5	protein_coding	0	0	0	0.0000	0.0000	0.0000
ENSG00000237959.1	RPL36AP10	processed_pseudogene	0	0	0	0.0000	0.0000	0.0000
ENSG00000237961.4	AC118282.1	processed_pseudogene	2	1	1	0.1483	0.0368	0.0398
ENSG00000237963.1	PRXL2CP1	processed_pseudogene	0	0	0	0.0000	0.0000	0.0000
ENSG00000237964.3	RAD52P1	processed_pseudogene	0	0	0	0.0000	0.0000	0.0000
ENSG00000237968.1	AC007322.3	unprocessed_pseudogene	0	0	0	0.0000	0.0000	0.0000
ENSG00000237970.1	TMEM161BP1	processed_pseudogene	18	8	10	0.7006	0.1737	0.1879
ENSG00000237971.1	AL445523.1	processed_pseudogene	0	0	0	0.0000	0.0000	0.0000
ENSG00000237972.1	TUBG1P	processed_pseudogene	5	3	2	0.2088	0.0518	0.0560
ENSG00000237973.1	MTCO1P12	unprocessed_pseudogene	3787	1953	1979	139.1838	34.5162	37.3198
ENSG00000237974.1	AC000111.2	processed_pseudogene	0	0	0	0.0000	0.0000	0.0000
ENSG00000237975.7	FLG-AS1	lncRNA	51	63	50	0.1931	0.0479	0.0518
ENSG00000237976.1	RFX5-AS1	lncRNA	10	25	16	0.9176	0.2276	0.2460
ENSG00000237977.1	EIF4HP2	processed_pseudogene	5	3	2	0.5036	0.1249	0.1350
ENSG00000237978.6	KCNMB2-AS1	lncRNA	14	5	9	0.1673	0.0415	0.0449
ENSG00000237979.1	DNAJB12P1	processed_pseudogene	5	3	5	0.3576	0.0887	0.0959
ENSG00000237980.2	LINC02773	lncRNA	2	1	1	0.0817	0.0203	0.0219
ENSG00000237982.1	AP006193.1	processed_pseudogene	1	1	0	0.1169	0.0290	0.0314
ENSG00000237984.3	PTENP1	transcribed_processed_pseudogene	96	46	52	1.3624	0.3379	0.3653
ENSG00000237986.4	CELF2-AS2	lncRNA	0	0	0	0.0000	0.0000	0.0000
ENSG00000237987.1	AL606970.4	lncRNA	0	0	0	0.0000	0.0000	0.0000
ENSG00000237988.5	OR2I1P	protein_coding	17	44	54	0.1797	0.0446	0.0482
ENSG00000237989.1	LINC01679	lncRNA	69	36	33	1.3985	0.3468	0.3750
ENSG00000237990.3	CNTN4-AS1	lncRNA	5	206	211	0.1365	0.0338	0.0366
ENSG00000237991.3	RPL35P1	processed_pseudogene	38	20	18	5.8243	1.4444	1.5617
ENSG00000237992.3	LINC01808	lncRNA	0	0	0	0.0000	0.0000	0.0000
ENSG00000237993.1	AL365318.1	lncRNA	1	0	1	0.0804	0.0199	0.0216
ENSG00000237994.1	AC003659.1	lncRNA	0	0	0	0.0000	0.0000	0.0000
ENSG00000237997.1	RCC2P2	processed_pseudogene	0	0	0	0.0000	0.0000	0.0000
ENSG00000237999.2	ACTG1P19	processed_pseudogene	0	0	0	0.0000	0.0000	0.0000
ENSG00000238000.1	PSME2P1	processed_pseudogene	26	11	15	2.0479	0.5078	0.5491
ENSG00000238001.2	SNRPCP1	processed_pseudogene	3	1	2	0.3715	0.0921	0.0996
ENSG00000238002.3	NPAP1P6	processed_pseudogene	1	1	0	0.0147	0.0036	0.0039
ENSG00000238003.1	RPL10P4	processed_pseudogene	3	2	1	0.5524	0.1370	0.1481
ENSG00000238004.1	AC009227.2	lncRNA	0	0	0	0.0000	0.0000	0.0000
ENSG00000238005.4	AL391832.2	lncRNA	29	21	24	0.4468	0.1108	0.1198
ENSG00000238007.1	AC024619.1	lncRNA	0	0	0	0.0000	0.0000	0.0000
ENSG00000238008.1	COX6CP10	processed_pseudogene	0	0	0	0.0000	0.0000	0.0000
ENSG00000238009.6	AL627309.1	lncRNA	1	0	2	0.0152	0.0038	0.0041
ENSG00000238010.1	AL161908.2	lncRNA	1	1	0	0.1439	0.0357	0.0386
ENSG00000238012.2	AC114752.1	lncRNA	0	0	0	0.0000	0.0000	0.0000
ENSG00000238013.1	AC109583.2	processed_pseudogene	0	0	0	0.0000	0.0000	0.0000
ENSG00000238015.2	AC104837.2	processed_pseudogene	6	0	6	0.8025	0.1990	0.2152
ENSG00000238018.2	AC093110.1	lncRNA	25	422	447	1.1470	0.2845	0.3076
ENSG00000238019.1	AL360169.1	lncRNA	0	0	0	0.0000	0.0000	0.0000
ENSG00000238020.1	HTR3E-AS1	lncRNA	1	0	1	0.1101	0.0273	0.0295
ENSG00000238021.6	ARMC4P1	transcribed_unprocessed_pseudogene	1	1	0	0.0665	0.0165	0.0178
ENSG00000238022.2	LMX1A-AS1	lncRNA	0	0	0	0.0000	0.0000	0.0000
ENSG00000238024.1	DDX39BP2	unprocessed_pseudogene	0	0	0	0.0000	0.0000	0.0000
ENSG00000238025.1	ZDHHC4P1	processed_pseudogene	0	0	0	0.0000	0.0000	0.0000
ENSG00000238026.1	AC117434.1	processed_pseudogene	0	0	0	0.0000	0.0000	0.0000
ENSG00000238029.1	RALBP1P2	processed_pseudogene	0	0	0	0.0000	0.0000	0.0000
ENSG00000238031.1	AC090505.2	lncRNA	0	0	0	0.0000	0.0000	0.0000
ENSG00000238032.1	S100A11P5	processed_pseudogene	0	0	0	0.0000	0.0000	0.0000
ENSG00000238034.1	AL109807.1	lncRNA	0	0	0	0.0000	0.0000	0.0000
ENSG00000238035.8	AC138035.1	lncRNA	19	5	14	0.5862	0.1454	0.1572
ENSG00000238037.1	OOSP1P1	processed_pseudogene	0	0	0	0.0000	0.0000	0.0000
ENSG00000238038.1	ATP6V0E1P3	processed_pseudogene	1	0	1	0.2305	0.0572	0.0618
ENSG00000238039.1	AC244197.2	lncRNA	11	7	13	0.9524	0.2362	0.2554
ENSG00000238040.1	SALL4P2	processed_pseudogene	0	0	0	0.0000	0.0000	0.0000
ENSG00000238041.3	TMEM230P2	processed_pseudogene	0	0	0	0.0000	0.0000	0.0000
ENSG00000238042.5	LINC02257	lncRNA	45	16	29	2.5571	0.6341	0.6856
ENSG00000238043.1	AC024559.1	lncRNA	0	0	0	0.0000	0.0000	0.0000
ENSG00000238045.9	AC009133.1	lncRNA	56	4384	4337	0.7863	0.1950	0.2108
ENSG00000238046.1	MTND5P22	processed_pseudogene	0	0	0	0.0000	0.0000	0.0000
ENSG00000238047.1	MTND1P30	processed_pseudogene	0	0	0	0.0000	0.0000	0.0000
ENSG00000238048.1	ART2P	unprocessed_pseudogene	1	1	0	0.0690	0.0171	0.0185
ENSG00000238049.2	Z92846.1	processed_pseudogene	0	0	0	0.0000	0.0000	0.0000
ENSG00000238051.1	ISCUP1	processed_pseudogene	0	0	0	0.0000	0.0000	0.0000
ENSG00000238054.3	AL691515.2	lncRNA	0	0	0	0.0000	0.0000	0.0000
ENSG00000238055.1	Z98742.3	processed_pseudogene	1	0	1	0.1740	0.0431	0.0466
ENSG00000238057.10	ZEB2-AS1	lncRNA	4	40	33	0.0723	0.0179	0.0194
ENSG00000238058.2	AL355574.1	lncRNA	73	37	36	4.9342	1.2236	1.3230
ENSG00000238059.1	HSPE1P21	processed_pseudogene	0	0	0	0.0000	0.0000	0.0000
ENSG00000238061.2	AL356273.2	processed_pseudogene	10	6	4	0.5828	0.1445	0.1563
ENSG00000238062.6	SPATA3-AS1	lncRNA	2	1	1	0.0293	0.0073	0.0079
ENSG00000238063.3	LINC01685	lncRNA	0	0	0	0.0000	0.0000	0.0000
ENSG00000238065.1	LRRC57P1	processed_pseudogene	0	0	0	0.0000	0.0000	0.0000
ENSG00000238066.1	AC005002.1	processed_pseudogene	0	0	0	0.0000	0.0000	0.0000
ENSG00000238067.1	XKRYP1	unprocessed_pseudogene	0	0	0	0.0000	0.0000	0.0000
ENSG00000238069.1	RPLP0P7	processed_pseudogene	0	0	0	0.0000	0.0000	0.0000
ENSG00000238072.1	CDC26P1	processed_pseudogene	38	19	19	8.3526	2.0714	2.2396
ENSG00000238073.1	RBMY2HP	unprocessed_pseudogene	0	0	0	0.0000	0.0000	0.0000
ENSG00000238074.5	TSPY9P	protein_coding	0	0	0	0.0000	0.0000	0.0000
ENSG00000238075.1	RPSAP32	processed_pseudogene	0	0	0	0.0000	0.0000	0.0000
ENSG00000238076.1	MRPL48P1	processed_pseudogene	0	0	0	0.0000	0.0000	0.0000
ENSG00000238077.1	NMNAT1P3	processed_pseudogene	0	0	0	0.0000	0.0000	0.0000
ENSG00000238078.1	LINC01352	lncRNA	28	11	18	1.6506	0.4093	0.4426
ENSG00000238079.1	AL356121.1	processed_pseudogene	0	0	0	0.0000	0.0000	0.0000
ENSG00000238081.1	AC099063.2	processed_pseudogene	1	1	0	0.0857	0.0212	0.0230
ENSG00000238082.1	NUDCP2	processed_pseudogene	2	2	0	0.1591	0.0394	0.0427
ENSG00000238083.8	LRRC37A2	protein_coding	325	197	202	2.7281	0.6765	0.7315
ENSG00000238084.4	AL031284.1	processed_pseudogene	0	0	0	0.0000	0.0000	0.0000
ENSG00000238085.1	AL590682.1	processed_pseudogene	9	4	5	1.4837	0.3679	0.3978
ENSG00000238086.5	PPP1R26P1	processed_pseudogene	5	4	1	0.0785	0.0195	0.0210
ENSG00000238087.3	FMO8P	unprocessed_pseudogene	1	1	0	0.0354	0.0088	0.0095
ENSG00000238088.1	OFD1P7Y	unprocessed_pseudogene	0	0	0	0.0000	0.0000	0.0000
ENSG00000238090.1	AC006195.1	processed_pseudogene	2	0	2	0.1229	0.0305	0.0329
ENSG00000238092.1	CEACAMP6	unprocessed_pseudogene	0	0	0	0.0000	0.0000	0.0000
ENSG00000238094.1	AC245036.4	unprocessed_pseudogene	0	0	0	0.0000	0.0000	0.0000
ENSG00000238097.2	LINC02037	lncRNA	3	0	3	0.0638	0.0158	0.0171
ENSG00000238098.9	ABCA17P	transcribed_unitary_pseudogene	29	14	18	0.2502	0.0620	0.0671
ENSG00000238099.3	LINC01625	lncRNA	13	8	5	0.1034	0.0256	0.0277
ENSG00000238102.2	AL080248.1	lncRNA	0	0	0	0.0000	0.0000	0.0000
ENSG00000238103.4	RPL9P7	processed_pseudogene	5	4	1	0.4889	0.1212	0.1311
ENSG00000238105.7	GOLGA2P5	transcribed_unprocessed_pseudogene	1310	651	659	6.7801	1.6814	1.8180
ENSG00000238107.1	LINC02806	lncRNA	0	1	0	0.0000	0.0000	0.0000
ENSG00000238108.1	AL139135.2	processed_pseudogene	0	0	0	0.0000	0.0000	0.0000
ENSG00000238109.1	RNF14P3	processed_pseudogene	5	3	2	0.2036	0.0505	0.0546
ENSG00000238110.1	AL353572.2	processed_pseudogene	2	1	1	0.1516	0.0376	0.0407
ENSG00000238111.1	RPS13P4	processed_pseudogene	1	1	0	0.1241	0.0308	0.0333
ENSG00000238113.7	LINC01410	lncRNA	90	51	65	1.2379	0.3070	0.3319
ENSG00000238116.2	RAD21P1	processed_pseudogene	0	0	0	0.0000	0.0000	0.0000
ENSG00000238117.1	AP000844.2	lncRNA	0	0	0	0.0000	0.0000	0.0000
ENSG00000238118.1	SLC25A24P2	unprocessed_pseudogene	27	25	20	3.0023	0.7445	0.8050
ENSG00000238120.1	LINC01589	lncRNA	18	10	8	1.8627	0.4619	0.4995
ENSG00000238121.6	LINC00426	lncRNA	17	7	10	0.1978	0.0491	0.0530
ENSG00000238122.1	AL359258.1	lncRNA	6	12	3	0.1371	0.0340	0.0368
ENSG00000238123.1	MID1IP1-AS1	lncRNA	0	82	92	0.0000	0.0000	0.0000
ENSG00000238124.1	AC114501.3	lncRNA	0	0	0	0.0000	0.0000	0.0000
ENSG00000238125.1	SLC9A3P2	processed_pseudogene	5	1	4	0.1403	0.0348	0.0376
ENSG00000238129.5	AL121904.1	lncRNA	0	0	0	0.0000	0.0000	0.0000
ENSG00000238131.2	LINC02854	lncRNA	0	0	0	0.0000	0.0000	0.0000
ENSG00000238132.2	CASC4P1	processed_pseudogene	2	1	1	0.0864	0.0214	0.0232
ENSG00000238133.6	MAP3K20-AS1	lncRNA	6	97	93	0.1116	0.0277	0.0299
ENSG00000238135.1	USP9YP10	unprocessed_pseudogene	0	0	0	0.0000	0.0000	0.0000
ENSG00000238137.2	ARPC3P2	processed_pseudogene	2	0	2	0.2128	0.0528	0.0571
ENSG00000238138.1	AC027124.2	processed_pseudogene	0	0	0	0.0000	0.0000	0.0000
ENSG00000238139.2	AL590559.1	processed_pseudogene	1	0	1	0.1516	0.0376	0.0407
ENSG00000238140.1	AC104170.1	lncRNA	11	9	2	0.9201	0.2282	0.2467
ENSG00000238141.2	BRWD1-AS1	lncRNA	0	0	0	0.0000	0.0000	0.0000
ENSG00000238142.2	BX284668.5	lncRNA	62	130	138	1.6507	0.4094	0.4426
ENSG00000238143.1	AL161631.1	processed_pseudogene	0	0	0	0.0000	0.0000	0.0000
ENSG00000238145.2	TUBAP8	processed_pseudogene	6	3	3	0.2855	0.0708	0.0765
ENSG00000238149.1	AC104978.1	processed_pseudogene	0	0	0	0.0000	0.0000	0.0000
ENSG00000238150.1	AC008753.1	processed_pseudogene	3	1	2	0.5990	0.1486	0.1606
ENSG00000238151.1	MLLT10P1	processed_pseudogene	8	7	9	1.7316	0.4294	0.4643
ENSG00000238152.2	OR7E140P	unprocessed_pseudogene	0	0	0	0.0000	0.0000	0.0000
ENSG00000238153.1	Z99755.1	processed_pseudogene	0	0	0	0.0000	0.0000	0.0000
ENSG00000238154.1	USP9YP4	unprocessed_pseudogene	0	0	0	0.0000	0.0000	0.0000
ENSG00000238156.1	AL445465.2	lncRNA	0	0	0	0.0000	0.0000	0.0000
ENSG00000238158.6	AL391422.3	lncRNA	0	0	0	0.0000	0.0000	0.0000
ENSG00000238160.1	LINC02863	lncRNA	2	1	1	0.1135	0.0282	0.0304
ENSG00000238161.1	OR7E117P	unprocessed_pseudogene	7	1	6	0.3570	0.0885	0.0957
ENSG00000238162.1	AC009237.11	processed_pseudogene	0	0	0	0.0000	0.0000	0.0000
ENSG00000238164.6	TNFRSF14-AS1	lncRNA	82	248	251	0.7577	0.1879	0.2032
ENSG00000238165.1	AC007560.1	processed_pseudogene	1	1	0	0.2393	0.0593	0.0642
ENSG00000238166.2	AC022748.1	transcribed_unprocessed_pseudogene	0	0	0	0.0000	0.0000	0.0000
ENSG00000238168.5	IFITM3P5	processed_pseudogene	3	2	1	0.4307	0.1068	0.1155
ENSG00000238169.2	LINC01053	lncRNA	0	0	0	0.0000	0.0000	0.0000
ENSG00000238171.1	AC068196.1	lncRNA	0	1	4	0.0000	0.0000	0.0000
ENSG00000238172.2	RPS2P35	processed_pseudogene	3	2	1	0.1897	0.0470	0.0509
ENSG00000238173.1	RPL39P6	processed_pseudogene	0	0	0	0.0000	0.0000	0.0000
ENSG00000238176.1	AL390061.1	lncRNA	0	0	0	0.0000	0.0000	0.0000
ENSG00000238178.7	AC078993.1	lncRNA	169	212	180	6.2928	1.5606	1.6873
ENSG00000238180.1	RPL21P34	processed_pseudogene	2	1	1	0.2339	0.0580	0.0627
ENSG00000238181.2	AHCYP2	processed_pseudogene	5	4	1	0.2181	0.0541	0.0585
ENSG00000238183.2	RPS27P5	processed_pseudogene	0	0	0	0.0000	0.0000	0.0000
ENSG00000238184.1	CD81-AS1	lncRNA	4	388	631	0.1471	0.0365	0.0394
ENSG00000238185.1	AL353680.1	lncRNA	6	93	67	1.0097	0.2504	0.2707
ENSG00000238186.1	AL603839.2	lncRNA	31	67	69	3.2198	0.7985	0.8633
ENSG00000238188.1	AL049733.1	processed_pseudogene	2	2	0	0.1881	0.0466	0.0504
ENSG00000238189.2	ENOX1-AS2	lncRNA	0	0	0	0.0000	0.0000	0.0000
ENSG00000238190.1	HMGB1P15	processed_pseudogene	0	0	0	0.0000	0.0000	0.0000
ENSG00000238191.3	CLUHP1	unprocessed_pseudogene	0	0	0	0.0000	0.0000	0.0000
ENSG00000238192.1	BX284656.2	lncRNA	0	0	0	0.0000	0.0000	0.0000
ENSG00000238193.1	HADHBP1	processed_pseudogene	0	0	0	0.0000	0.0000	0.0000
ENSG00000238194.2	PHACTR3-AS1	lncRNA	1	1	0	0.0252	0.0063	0.0068
ENSG00000238195.1	AL021153.1	lncRNA	0	0	0	0.0000	0.0000	0.0000
ENSG00000238197.6	PAXBP1-AS1	lncRNA	245	274	295	1.3504	0.3349	0.3621
ENSG00000238198.2	LRIG2-DT	lncRNA	20	9	11	0.4597	0.1140	0.1233
ENSG00000238199.1	UBE2V2P3	processed_pseudogene	1	0	1	0.1298	0.0322	0.0348
ENSG00000238200.1	MGAT2P2	processed_pseudogene	0	0	0	0.0000	0.0000	0.0000
ENSG00000238201.1	AC114752.2	lncRNA	0	0	0	0.0000	0.0000	0.0000
ENSG00000238205.3	MPC1L	protein_coding	0	0	0	0.0000	0.0000	0.0000
ENSG00000238207.2	AC009312.1	lncRNA	0	0	0	0.0000	0.0000	0.0000
ENSG00000238210.4	ETDA	protein_coding	2	2	0	0.1742	0.0432	0.0467
ENSG00000238211.1	POLR2LP1	processed_pseudogene	0	0	0	0.0000	0.0000	0.0000
ENSG00000238212.3	LINC02096	lncRNA	0	0	0	0.0000	0.0000	0.0000
ENSG00000238213.1	TARDBPP2	processed_pseudogene	0	0	0	0.0000	0.0000	0.0000
ENSG00000238215.1	AL513185.3	processed_pseudogene	0	0	0	0.0000	0.0000	0.0000
ENSG00000238217.6	LINC01877	lncRNA	0	0	0	0.0000	0.0000	0.0000
ENSG00000238220.1	AP000275.1	processed_pseudogene	0	0	0	0.0000	0.0000	0.0000
ENSG00000238221.1	AL139095.4	lncRNA	2	614	609	0.2268	0.0563	0.0608
ENSG00000238222.3	MKRN4P	processed_pseudogene	4	2	2	0.1491	0.0370	0.0400
ENSG00000238223.1	AL121878.1	processed_pseudogene	0	0	0	0.0000	0.0000	0.0000
ENSG00000238224.1	AC104462.2	lncRNA	0	0	0	0.0000	0.0000	0.0000
ENSG00000238225.1	CRIP1P2	processed_pseudogene	1	1	0	0.2487	0.0617	0.0667
ENSG00000238227.8	TMEM250	protein_coding	1894	943	951	31.5166	7.8158	8.4507
ENSG00000238228.1	OR7E7P	unprocessed_pseudogene	17	11	6	0.9526	0.2362	0.2554
ENSG00000238230.2	LINC00391	lncRNA	1	0	1	0.0187	0.0046	0.0050
ENSG00000238231.2	AL512288.2	processed_pseudogene	9	6	3	1.3907	0.3449	0.3729
ENSG00000238232.1	AL356364.1	lncRNA	0	0	0	0.0000	0.0000	0.0000
ENSG00000238235.1	TSPY11P	unprocessed_pseudogene	0	0	0	0.0000	0.0000	0.0000
ENSG00000238236.1	MTCYBP14	processed_pseudogene	0	0	0	0.0000	0.0000	0.0000
ENSG00000238241.2	CCR12P	transcribed_unprocessed_pseudogene	0	0	0	0.0000	0.0000	0.0000
ENSG00000238242.2	LINC02778	lncRNA	0	0	0	0.0000	0.0000	0.0000
ENSG00000238243.3	OR2W3	protein_coding	7	4	3	0.4201	0.1042	0.1126
ENSG00000238244.3	GABARAPL3	processed_pseudogene	0	0	0	0.0000	0.0000	0.0000
ENSG00000238245.2	MYO5BP2	processed_pseudogene	0	1	0	0.0000	0.0000	0.0000
ENSG00000238246.1	AC069549.1	lncRNA	5	2	3	0.5682	0.1409	0.1524
ENSG00000238247.2	RDXP3	processed_pseudogene	2	2	2	0.0734	0.0182	0.0197
ENSG00000238249.2	HMGN2P17	processed_pseudogene	143	65	78	10.9146	2.7067	2.9266
ENSG00000238250.1	ST6GAL2-IT1	lncRNA	10	4	6	1.4616	0.3625	0.3919
ENSG00000238251.2	NSA2P7	processed_pseudogene	16	6	10	1.7653	0.4378	0.4733
ENSG00000238254.3	AC008496.1	processed_pseudogene	0	0	0	0.0000	0.0000	0.0000
ENSG00000238256.1	MTND5P20	processed_pseudogene	0	0	0	0.0000	0.0000	0.0000
ENSG00000238257.1	AP000244.1	unprocessed_pseudogene	0	0	0	0.0000	0.0000	0.0000
ENSG00000238258.1	AL121748.1	lncRNA	1	500	503	0.0726	0.0180	0.0195
ENSG00000238259.1	PHF5GP	processed_pseudogene	0	0	0	0.0000	0.0000	0.0000
ENSG00000238260.1	AL513320.1	lncRNA	15	6	9	1.3676	0.3392	0.3667
ENSG00000238262.1	NTM-IT	lncRNA	0	0	0	0.0000	0.0000	0.0000
ENSG00000238263.1	RPL21P88	processed_pseudogene	0	1	0	0.0000	0.0000	0.0000
ENSG00000238265.1	LINC00317	lncRNA	0	0	0	0.0000	0.0000	0.0000
ENSG00000238266.2	LINC00707	lncRNA	1	1	0	0.0058	0.0014	0.0015
ENSG00000238267.1	AC104850.1	processed_pseudogene	3	2	1	0.3574	0.0886	0.0958
ENSG00000238269.9	PAGE2B	protein_coding	0	0	0	0.0000	0.0000	0.0000
ENSG00000238270.1	AL591504.1	lncRNA	0	0	0	0.0000	0.0000	0.0000
ENSG00000238271.2	IFNWP19	unprocessed_pseudogene	0	18	19	0.0000	0.0000	0.0000
ENSG00000238272.1	AL139142.1	lncRNA	1	1	0	0.0838	0.0208	0.0225
ENSG00000238273.3	AC108058.1	lncRNA	42	26	25	0.9129	0.2264	0.2448
ENSG00000238275.2	HOMER2P2	processed_pseudogene	3	1	2	0.2009	0.0498	0.0539
ENSG00000238276.6	AL354863.1	lncRNA	0	0	0	0.0000	0.0000	0.0000
ENSG00000238277.1	AC068483.1	lncRNA	0	0	0	0.0000	0.0000	0.0000
ENSG00000238278.3	ALG1L6P	unprocessed_pseudogene	83	60	64	6.2097	1.5399	1.6650
ENSG00000238279.1	BX470102.1	lncRNA	11	15	16	1.1748	0.2913	0.3150
ENSG00000238280.2	AC067751.1	lncRNA	2	118	108	0.0906	0.0225	0.0243
ENSG00000238282.1	AL121781.1	lncRNA	0	0	0	0.0000	0.0000	0.0000
ENSG00000238283.3	TBC1D3P1	transcribed_unprocessed_pseudogene	0	0	0	0.0000	0.0000	0.0000
ENSG00000238284.2	LINC01448	lncRNA	7	4	3	0.3361	0.0834	0.0901
ENSG00000238285.1	MRPL50P2	processed_pseudogene	1	0	1	0.1177	0.0292	0.0315
ENSG00000238286.1	SLC35E1P1	processed_pseudogene	1	0	1	0.0656	0.0163	0.0176
ENSG00000238287.1	AL603839.3	lncRNA	39	22	17	3.6557	0.9066	0.9802
ENSG00000238288.1	MTND3P23	unprocessed_pseudogene	0	0	0	0.0000	0.0000	0.0000
ENSG00000238290.1	AL034417.2	lncRNA	11	6	5	0.3052	0.0757	0.0818
ENSG00000238291.1	AL391704.2	lncRNA	0	0	0	0.0000	0.0000	0.0000
ENSG00000238295.1	AC019080.2	snoRNA	1	1	0	0.5453	0.1352	0.1462
ENSG00000238297.2	U3	snoRNA	3	0	3	0.8861	0.2197	0.2376
ENSG00000238300.1	SNORD121B	snoRNA	0	0	0	0.0000	0.0000	0.0000
ENSG00000238302.1	RNU7-120P	snRNA	0	0	0	0.0000	0.0000	0.0000
ENSG00000238304.1	RNU7-50P	snRNA	1	1	0	0.9147	0.2268	0.2453
ENSG00000238311.1	SNORD13E	snoRNA	1	1	1	0.5453	0.1352	0.1462
ENSG00000238316.1	AL627082.2	snoRNA	0	0	0	0.0000	0.0000	0.0000
ENSG00000238317.2	SNORD11	snoRNA	1	1	0	0.6751	0.1674	0.1810
ENSG00000238324.1	RN7SKP198	misc_RNA	1	1	0	0.1853	0.0460	0.0497
ENSG00000238326.1	AC016596.1	snoRNA	3	2	1	1.6359	0.4057	0.4386
ENSG00000238344.1	SNORD126	snoRNA	0	0	0	0.0000	0.0000	0.0000
ENSG00000238357.1	RNU7-148P	snRNA	0	0	0	0.0000	0.0000	0.0000
ENSG00000238358.2	AC004969.1	lncRNA	2	2	3	0.1962	0.0487	0.0526
ENSG00000238363.1	SNORA13	snoRNA	1	0	1	0.4264	0.1057	0.1143
ENSG00000238364.1	RNU7-140P	snRNA	1	0	1	0.9452	0.2344	0.2534
ENSG00000238365.3	RNU7-57P	snRNA	3	3	0	2.8355	0.7032	0.7603
ENSG00000238366.1	Y_RNA	misc_RNA	1	0	1	0.5615	0.1392	0.1506
ENSG00000238367.1	MIR2113	miRNA	0	0	0	0.0000	0.0000	0.0000
ENSG00000238370.1	RNU7-103P	snRNA	0	0	0	0.0000	0.0000	0.0000
ENSG00000238371.1	AC010145.2	snoRNA	0	0	0	0.0000	0.0000	0.0000
ENSG00000238372.1	AP001329.1	snoRNA	0	0	0	0.0000	0.0000	0.0000
ENSG00000238374.1	RNU7-180P	snRNA	0	0	0	0.0000	0.0000	0.0000
ENSG00000238379.1	RNA5SP103	rRNA_pseudogene	0	0	0	0.0000	0.0000	0.0000
ENSG00000238380.1	RNU7-165P	snRNA	0	0	0	0.0000	0.0000	0.0000
ENSG00000238382.1	RNU6-1211P	snRNA	1	1	0	0.5401	0.1339	0.1448
ENSG00000238386.1	RNU7-48P	snRNA	2	0	2	1.8003	0.4465	0.4827
ENSG00000238387.1	AC122179.1	snoRNA	0	0	0	0.0000	0.0000	0.0000
ENSG00000238390.1	AP000254.1	snoRNA	7	5	2	2.2428	0.5562	0.6014
ENSG00000238391.1	RNA5SP233	rRNA_pseudogene	1	0	1	0.5019	0.1245	0.1346
ENSG00000238399.1	MIR2053	miRNA	0	0	0	0.0000	0.0000	0.0000
ENSG00000238405.1	RNA5SP311	rRNA_pseudogene	3	3	0	1.4666	0.3637	0.3933
ENSG00000238406.1	RNU7-171P	snRNA	7	4	3	6.4027	1.5878	1.7168
ENSG00000238410.1	AC007099.3	snoRNA	0	0	0	0.0000	0.0000	0.0000
ENSG00000238417.1	RNU7-63P	snRNA	1	1	0	0.9147	0.2268	0.2453
ENSG00000238419.1	RNU7-186P	snRNA	0	0	0	0.0000	0.0000	0.0000
ENSG00000238420.1	RNU6-437P	snRNA	1	1	0	0.5969	0.1480	0.1601
ENSG00000238423.1	SNORD42B	snoRNA	0	0	0	0.0000	0.0000	0.0000
ENSG00000238426.1	Y_RNA	misc_RNA	0	0	0	0.0000	0.0000	0.0000
ENSG00000238427.1	RNU7-136P	snRNA	0	0	0	0.0000	0.0000	0.0000
ENSG00000238431.1	RNU7-157P	snRNA	0	0	0	0.0000	0.0000	0.0000
ENSG00000238440.1	AC135279.1	snoRNA	1	0	1	0.5453	0.1352	0.1462
ENSG00000238441.1	RNU7-130P	snRNA	1	0	1	0.9147	0.2268	0.2453
ENSG00000238443.1	Y_RNA	misc_RNA	0	0	0	0.0000	0.0000	0.0000
ENSG00000238444.1	RNU6-893P	snRNA	0	0	0	0.0000	0.0000	0.0000
ENSG00000238446.1	RNU7-38P	snRNA	0	0	0	0.0000	0.0000	0.0000
ENSG00000238447.1	RNU7-134P	snRNA	0	0	0	0.0000	0.0000	0.0000
ENSG00000238452.1	RNU7-144P	snRNA	0	0	0	0.0000	0.0000	0.0000
ENSG00000238456.1	RNU6-1014P	snRNA	0	0	0	0.0000	0.0000	0.0000
ENSG00000238457.1	RNU7-169P	snRNA	0	0	0	0.0000	0.0000	0.0000
ENSG00000238468.1	RNU7-14P	snRNA	0	0	0	0.0000	0.0000	0.0000
ENSG00000238478.1	RNU6-498P	snRNA	0	0	0	0.0000	0.0000	0.0000
ENSG00000238482.1	RNU6-1208P	snRNA	0	0	0	0.0000	0.0000	0.0000
ENSG00000238485.1	AL161777.1	snoRNA	0	0	0	0.0000	0.0000	0.0000
ENSG00000238489.1	RNU6-749P	snRNA	0	0	0	0.0000	0.0000	0.0000
ENSG00000238490.1	Y_RNA	misc_RNA	0	0	0	0.0000	0.0000	0.0000
ENSG00000238493.1	RNU6-221P	snRNA	0	0	0	0.0000	0.0000	0.0000
ENSG00000238498.1	SNORD13P1	snoRNA	0	0	0	0.0000	0.0000	0.0000
ENSG00000238500.1	RNU7-87P	snRNA	0	0	0	0.0000	0.0000	0.0000
ENSG00000238503.1	SNORD18	snoRNA	0	0	0	0.0000	0.0000	0.0000
ENSG00000238509.1	RNU6-104P	snRNA	0	0	0	0.0000	0.0000	0.0000
ENSG00000238516.1	Y_RNA	misc_RNA	0	0	0	0.0000	0.0000	0.0000
ENSG00000238517.1	MIR1270	miRNA	1	1	0	0.6833	0.1694	0.1832
ENSG00000238519.1	U8	snoRNA	0	0	0	0.0000	0.0000	0.0000
ENSG00000238523.1	RNU7-107P	snRNA	0	0	0	0.0000	0.0000	0.0000
ENSG00000238529.1	RNU6-599P	snRNA	0	0	0	0.0000	0.0000	0.0000
ENSG00000238531.1	SNORD105B	snoRNA	0	0	0	0.0000	0.0000	0.0000
ENSG00000238540.1	RNU7-93P	snRNA	0	0	0	0.0000	0.0000	0.0000
ENSG00000238542.1	RNU7-104P	snRNA	0	0	0	0.0000	0.0000	0.0000
ENSG00000238551.1	RNU6-1193P	snRNA	0	0	0	0.0000	0.0000	0.0000
ENSG00000238554.1	RNU1-88P	snRNA	0	0	0	0.0000	0.0000	0.0000
ENSG00000238558.1	RNU7-21P	snRNA	0	0	0	0.0000	0.0000	0.0000
ENSG00000238560.1	Y_RNA	misc_RNA	0	0	0	0.0000	0.0000	0.0000
ENSG00000238561.1	RNU6ATAC28P	snRNA	0	0	0	0.0000	0.0000	0.0000
ENSG00000238562.1	RNU7-159P	snRNA	0	0	0	0.0000	0.0000	0.0000
ENSG00000238570.1	AC092654.1	snoRNA	0	0	0	0.0000	0.0000	0.0000
ENSG00000238575.1	AP005136.1	snoRNA	0	0	0	0.0000	0.0000	0.0000
ENSG00000238578.1	SNORD4A	snoRNA	0	3	5	0.0000	0.0000	0.0000
ENSG00000238584.1	RNU7-167P	snRNA	0	0	0	0.0000	0.0000	0.0000
ENSG00000238585.1	Y_RNA	misc_RNA	0	0	0	0.0000	0.0000	0.0000
ENSG00000238590.1	RNU7-54P	snRNA	0	0	0	0.0000	0.0000	0.0000
ENSG00000238594.1	AL355497.3	snoRNA	0	0	0	0.0000	0.0000	0.0000
ENSG00000238597.1	SNORD4B	snoRNA	0	0	0	0.0000	0.0000	0.0000
ENSG00000238606.1	RNU7-7P	snRNA	0	0	0	0.0000	0.0000	0.0000
ENSG00000238609.1	RNU7-94P	snRNA	0	0	0	0.0000	0.0000	0.0000
ENSG00000238610.1	RNU7-26P	snRNA	0	0	0	0.0000	0.0000	0.0000
ENSG00000238616.1	RNU6-300P	snRNA	0	0	0	0.0000	0.0000	0.0000
ENSG00000238619.1	RNU6-775P	snRNA	0	0	0	0.0000	0.0000	0.0000
ENSG00000238622.1	SNORD97	snoRNA	0	0	0	0.0000	0.0000	0.0000
ENSG00000238627.1	RNA5SP489	rRNA_pseudogene	0	0	0	0.0000	0.0000	0.0000
ENSG00000238628.1	AL133211.1	snoRNA	0	0	0	0.0000	0.0000	0.0000
ENSG00000238632.1	RNU7-126P	snRNA	0	0	0	0.0000	0.0000	0.0000
ENSG00000238645.1	AC079416.1	snoRNA	0	0	0	0.0000	0.0000	0.0000
ENSG00000238649.1	SNORD42A	snoRNA	0	0	0	0.0000	0.0000	0.0000
ENSG00000238650.1	SNORD54	snoRNA	0	0	0	0.0000	0.0000	0.0000
ENSG00000238653.1	RNU7-62P	snRNA	0	0	0	0.0000	0.0000	0.0000
ENSG00000238658.1	RNU6-625P	snRNA	0	0	0	0.0000	0.0000	0.0000
ENSG00000238669.1	RNU6-333P	snRNA	0	0	0	0.0000	0.0000	0.0000
ENSG00000238680.1	RNU6-1037P	snRNA	0	0	0	0.0000	0.0000	0.0000
ENSG00000238685.1	AC092365.1	snoRNA	0	0	0	0.0000	0.0000	0.0000
ENSG00000238694.1	AC020589.1	snoRNA	0	0	0	0.0000	0.0000	0.0000
ENSG00000238697.1	RNU6-261P	snRNA	0	0	0	0.0000	0.0000	0.0000
ENSG00000238698.1	RNU7-147P	snRNA	0	0	0	0.0000	0.0000	0.0000
ENSG00000238704.1	RNU7-97P	snRNA	0	0	0	0.0000	0.0000	0.0000
ENSG00000238705.1	MIR1976	miRNA	0	0	0	0.0000	0.0000	0.0000
ENSG00000238707.1	AC025039.1	snoRNA	0	0	0	0.0000	0.0000	0.0000
ENSG00000238709.1	RNU7-56P	snRNA	0	0	0	0.0000	0.0000	0.0000
ENSG00000238711.1	RNY4P25	misc_RNA	2	1	1	1.1815	0.2930	0.3168
ENSG00000238713.1	Y_RNA	misc_RNA	2	1	1	1.0037	0.2489	0.2691
ENSG00000238719.1	RNU7-96P	snRNA	0	0	0	0.0000	0.0000	0.0000
ENSG00000238721.1	RNU7-194P	snRNA	0	0	0	0.0000	0.0000	0.0000
ENSG00000238723.1	Y_RNA	misc_RNA	0	0	0	0.0000	0.0000	0.0000
ENSG00000238724.1	AC020549.1	snoRNA	0	0	0	0.0000	0.0000	0.0000
ENSG00000238728.1	MIR1972-1	miRNA	1	0	1	0.7365	0.1826	0.1975
ENSG00000238730.1	RNU7-164P	snRNA	0	0	0	0.0000	0.0000	0.0000
ENSG00000238731.1	RNU7-90P	snRNA	0	0	0	0.0000	0.0000	0.0000
ENSG00000238735.1	RNU7-113P	snRNA	0	0	0	0.0000	0.0000	0.0000
ENSG00000238741.1	SCARNA7	scaRNA	2	0	2	0.3437	0.0852	0.0922
ENSG00000238745.1	AC113340.2	snoRNA	0	0	0	0.0000	0.0000	0.0000
ENSG00000238749.1	Y_RNA	misc_RNA	0	0	0	0.0000	0.0000	0.0000
ENSG00000238750.1	RNU7-27P	snRNA	0	0	0	0.0000	0.0000	0.0000
ENSG00000238754.1	SCARNA18B	snoRNA	0	0	0	0.0000	0.0000	0.0000
ENSG00000238755.3	LINC02006	lncRNA	3	2	1	0.0604	0.0150	0.0162
ENSG00000238759.1	RNU7-155P	snRNA	0	0	0	0.0000	0.0000	0.0000
ENSG00000238761.1	AL591521.1	snoRNA	0	0	0	0.0000	0.0000	0.0000
ENSG00000238764.1	AL845433.1	snoRNA	0	0	0	0.0000	0.0000	0.0000
ENSG00000238765.1	RNA5SP57	rRNA_pseudogene	0	0	0	0.0000	0.0000	0.0000
ENSG00000238777.1	RNU7-141P	snRNA	0	0	0	0.0000	0.0000	0.0000
ENSG00000238778.1	RNU7-80P	snRNA	0	0	0	0.0000	0.0000	0.0000
ENSG00000238782.1	RNU7-9P	snRNA	0	0	0	0.0000	0.0000	0.0000
ENSG00000238783.1	Y_RNA	misc_RNA	0	0	0	0.0000	0.0000	0.0000
ENSG00000238785.1	RNU7-92P	snRNA	0	0	0	0.0000	0.0000	0.0000
ENSG00000238788.1	RNU7-182P	snRNA	0	0	0	0.0000	0.0000	0.0000
ENSG00000238789.1	RNU7-152P	snRNA	0	0	0	0.0000	0.0000	0.0000
ENSG00000238793.1	SNORD124	snoRNA	1	0	1	0.5453	0.1352	0.1462
ENSG00000238795.1	SCARNA12	snoRNA	0	0	0	0.0000	0.0000	0.0000
ENSG00000238797.1	Y_RNA	misc_RNA	0	0	0	0.0000	0.0000	0.0000
ENSG00000238804.1	AC091133.2	snoRNA	0	0	0	0.0000	0.0000	0.0000
ENSG00000238808.1	RNU7-102P	snRNA	0	0	0	0.0000	0.0000	0.0000
ENSG00000238812.1	RNU7-127P	snRNA	0	0	0	0.0000	0.0000	0.0000
ENSG00000238813.1	Y_RNA	misc_RNA	0	0	0	0.0000	0.0000	0.0000
ENSG00000238819.1	AC091074.1	snoRNA	0	0	0	0.0000	0.0000	0.0000
ENSG00000238825.1	RNVU1-2	snRNA	1	1	0	0.3501	0.0868	0.0939
ENSG00000238829.1	RNU7-45P	snRNA	1	0	1	0.9002	0.2232	0.2414
ENSG00000238830.1	RNU7-46P	snRNA	0	0	0	0.0000	0.0000	0.0000
ENSG00000238832.1	AC004839.1	snoRNA	27	15	12	10.5598	2.6187	2.8314
ENSG00000238833.1	RNU1-131P	snRNA	0	0	0	0.0000	0.0000	0.0000
ENSG00000238835.1	SCARNA18	snoRNA	1	0	1	0.4232	0.1050	0.1135
ENSG00000238837.3	LINC02031	lncRNA	0	0	0	0.0000	0.0000	0.0000
ENSG00000238840.1	U8	snoRNA	2	1	1	0.8528	0.2115	0.2287
ENSG00000238842.1	RNU7-106P	snRNA	0	0	0	0.0000	0.0000	0.0000
ENSG00000238845.1	Y_RNA	misc_RNA	0	0	0	0.0000	0.0000	0.0000
ENSG00000238854.1	AC100803.1	snoRNA	0	0	0	0.0000	0.0000	0.0000
ENSG00000238862.1	SNORD19B	snoRNA	0	0	0	0.0000	0.0000	0.0000
ENSG00000238875.1	RN7SKP210	misc_RNA	0	0	0	0.0000	0.0000	0.0000
ENSG00000238880.1	RNU7-59P	snRNA	3	2	1	2.7890	0.6916	0.7478
ENSG00000238882.1	RNU6-329P	snRNA	0	0	0	0.0000	0.0000	0.0000
ENSG00000238884.1	RNU7-85P	snRNA	0	0	0	0.0000	0.0000	0.0000
ENSG00000238886.1	SNORD121A	snoRNA	1	0	1	0.6916	0.1715	0.1854
ENSG00000238898.1	RNU1-80P	snRNA	0	0	0	0.0000	0.0000	0.0000
ENSG00000238901.1	AC100872.1	snoRNA	0	0	0	0.0000	0.0000	0.0000
ENSG00000238902.1	AC026671.1	snoRNA	0	0	0	0.0000	0.0000	0.0000
ENSG00000238904.1	RNU7-34P	snRNA	0	0	0	0.0000	0.0000	0.0000
ENSG00000238906.1	AC004912.1	snoRNA	0	0	0	0.0000	0.0000	0.0000
ENSG00000238908.1	RNA5SP484	rRNA_pseudogene	0	0	0	0.0000	0.0000	0.0000
ENSG00000238912.1	Y_RNA	misc_RNA	0	0	0	0.0000	0.0000	0.0000
ENSG00000238913.1	RNU7-196P	snRNA	0	0	0	0.0000	0.0000	0.0000
ENSG00000238917.1	SNORD10	snoRNA	0	0	0	0.0000	0.0000	0.0000
ENSG00000238923.1	RNU7-1	snRNA	0	0	1	0.0000	0.0000	0.0000
ENSG00000238924.2	RNU7-82P	snRNA	0	0	0	0.0000	0.0000	0.0000
ENSG00000238926.1	Y_RNA	misc_RNA	0	0	0	0.0000	0.0000	0.0000
ENSG00000238933.1	Y_RNA	misc_RNA	0	0	0	0.0000	0.0000	0.0000
ENSG00000238934.1	AL591806.1	snoRNA	2	2	0	0.8792	0.2180	0.2357
ENSG00000238936.1	SNORD65B	snoRNA	0	0	0	0.0000	0.0000	0.0000
ENSG00000238941.1	RNU6-953P	snRNA	0	0	0	0.0000	0.0000	0.0000
ENSG00000238942.1	SNORD2	snoRNA	0	0	0	0.0000	0.0000	0.0000
ENSG00000238943.1	Y_RNA	misc_RNA	0	0	0	0.0000	0.0000	0.0000
ENSG00000238949.1	RNU7-66P	snRNA	0	0	0	0.0000	0.0000	0.0000
ENSG00000238950.1	RNU7-173P	snRNA	0	0	0	0.0000	0.0000	0.0000
ENSG00000238959.1	RNU7-19P	snRNA	0	0	0	0.0000	0.0000	0.0000
ENSG00000238961.1	SNORA47	snoRNA	2	1	1	0.8219	0.2038	0.2204
ENSG00000238962.1	RNU7-176P	snRNA	0	0	0	0.0000	0.0000	0.0000
ENSG00000238963.2	U8	snoRNA	0	0	0	0.0000	0.0000	0.0000
ENSG00000238964.1	RNU7-125P	snRNA	0	0	0	0.0000	0.0000	0.0000
ENSG00000238965.1	RNA5SP351	rRNA_pseudogene	0	0	0	0.0000	0.0000	0.0000
ENSG00000238966.1	AC090571.1	snoRNA	0	0	0	0.0000	0.0000	0.0000
ENSG00000238987.1	RNU7-133P	snRNA	0	0	0	0.0000	0.0000	0.0000
ENSG00000238998.1	RNU7-187P	snRNA	0	0	0	0.0000	0.0000	0.0000
ENSG00000239001.1	RNU6-420P	snRNA	0	0	0	0.0000	0.0000	0.0000
ENSG00000239002.3	SCARNA10	snoRNA	0	0	0	0.0000	0.0000	0.0000
ENSG00000239003.1	RNU7-88P	snRNA	0	0	0	0.0000	0.0000	0.0000
ENSG00000239005.1	AC097376.1	snoRNA	1	1	0	0.4465	0.1107	0.1197
ENSG00000239007.1	RNU7-95P	snRNA	0	0	0	0.0000	0.0000	0.0000
ENSG00000239008.1	AL590031.1	snoRNA	0	0	0	0.0000	0.0000	0.0000
ENSG00000239010.1	RNU7-74P	snRNA	0	0	0	0.0000	0.0000	0.0000
ENSG00000239014.1	SNORD108	snoRNA	0	0	0	0.0000	0.0000	0.0000
ENSG00000239021.1	RNA5SP246	rRNA_pseudogene	1	1	0	0.4766	0.1182	0.1278
ENSG00000239023.1	RNU1-98P	snRNA	0	0	0	0.0000	0.0000	0.0000
ENSG00000239030.1	RNU6-956P	snRNA	0	0	0	0.0000	0.0000	0.0000
ENSG00000239035.1	SNORD13D	snoRNA	0	0	0	0.0000	0.0000	0.0000
ENSG00000239039.1	SNORD13	snoRNA	0	0	0	0.0000	0.0000	0.0000
ENSG00000239040.1	Y_RNA	misc_RNA	3	2	1	1.6517	0.4096	0.4429
ENSG00000239041.1	AC018712.2	snoRNA	0	0	0	0.0000	0.0000	0.0000
ENSG00000239043.1	SNORD127	snoRNA	4	2	2	2.6377	0.6541	0.7072
ENSG00000239053.1	RNU7-138P	snRNA	0	0	0	0.0000	0.0000	0.0000
ENSG00000239057.2	MIR500B	miRNA	0	0	0	0.0000	0.0000	0.0000
ENSG00000239069.1	Y_RNA	misc_RNA	0	0	0	0.0000	0.0000	0.0000
ENSG00000239075.1	RNU6-274P	snRNA	0	0	0	0.0000	0.0000	0.0000
ENSG00000239078.1	RNU7-55P	snRNA	1	1	0	0.9147	0.2268	0.2453
ENSG00000239079.1	AP002762.1	snoRNA	0	0	0	0.0000	0.0000	0.0000
ENSG00000239080.1	AL807743.1	snoRNA	0	0	0	0.0000	0.0000	0.0000
ENSG00000239081.1	RNU7-24P	snRNA	0	0	0	0.0000	0.0000	0.0000
ENSG00000239082.1	RNU7-170P	snRNA	1	0	1	0.9297	0.2305	0.2493
ENSG00000239093.1	AC068299.1	snoRNA	0	0	0	0.0000	0.0000	0.0000
ENSG00000239096.1	AC090425.1	snoRNA	2	1	5	1.0906	0.2705	0.2924
ENSG00000239099.1	RNU7-23P	snRNA	0	0	0	0.0000	0.0000	0.0000
ENSG00000239102.1	RNU7-185P	snRNA	0	0	0	0.0000	0.0000	0.0000
ENSG00000239105.1	RNU7-73P	snRNA	0	0	0	0.0000	0.0000	0.0000
ENSG00000239106.1	Y_RNA	misc_RNA	0	0	0	0.0000	0.0000	0.0000
ENSG00000239108.1	RNU6-1132P	snRNA	0	0	0	0.0000	0.0000	0.0000
ENSG00000239112.1	SNORD123	snoRNA	4	2	2	3.2406	0.8036	0.8689
ENSG00000239115.1	RNU7-67P	snRNA	0	0	0	0.0000	0.0000	0.0000
ENSG00000239118.1	MIR1972-2	miRNA	0	0	0	0.0000	0.0000	0.0000
ENSG00000239119.1	RNU7-119P	snRNA	0	0	0	0.0000	0.0000	0.0000
ENSG00000239122.1	RNU2-11P	snRNA	9	4	5	2.7294	0.6769	0.7318
ENSG00000239127.1	SNORD125	snoRNA	0	0	0	0.0000	0.0000	0.0000
ENSG00000239128.1	SNORD13P3	snoRNA	1	1	0	0.5453	0.1352	0.1462
ENSG00000239129.1	AC104982.1	snoRNA	0	0	0	0.0000	0.0000	0.0000
ENSG00000239137.1	AC010327.1	snoRNA	0	0	0	0.0000	0.0000	0.0000
ENSG00000239142.1	U8	snoRNA	0	0	0	0.0000	0.0000	0.0000
ENSG00000239143.1	Y_RNA	misc_RNA	0	0	0	0.0000	0.0000	0.0000
ENSG00000239148.1	U8	snoRNA	0	0	0	0.0000	0.0000	0.0000
ENSG00000239149.1	SNORA59A	snoRNA	1	0	1	0.3731	0.0925	0.1000
ENSG00000239151.1	RNU7-195P	snRNA	0	0	0	0.0000	0.0000	0.0000
ENSG00000239152.1	RNA5SP310	rRNA_pseudogene	4	1	3	1.9555	0.4849	0.5243
ENSG00000239153.1	AP000997.1	snoRNA	0	0	0	0.0000	0.0000	0.0000
ENSG00000239168.1	RNU7-197P	snRNA	0	0	0	0.0000	0.0000	0.0000
ENSG00000239169.1	SNORD109B	snoRNA	0	0	0	0.0000	0.0000	0.0000
ENSG00000239175.1	RNU6-1218P	snRNA	0	0	0	0.0000	0.0000	0.0000
ENSG00000239180.1	Y_RNA	misc_RNA	0	0	0	0.0000	0.0000	0.0000
ENSG00000239182.1	AL391280.1	snoRNA	0	0	0	0.0000	0.0000	0.0000
ENSG00000239183.1	SNORA84	snoRNA	0	0	0	0.0000	0.0000	0.0000
ENSG00000239184.1	RNA5SP269	rRNA_pseudogene	0	0	0	0.0000	0.0000	0.0000
ENSG00000239185.1	RNU7-190P	snRNA	0	0	0	0.0000	0.0000	0.0000
ENSG00000239189.1	RNU6-634P	snRNA	0	0	0	0.0000	0.0000	0.0000
ENSG00000239190.1	RNU6-717P	snRNA	0	0	0	0.0000	0.0000	0.0000
ENSG00000239194.1	RNU1-123P	snRNA	0	0	0	0.0000	0.0000	0.0000
ENSG00000239195.1	SNORD5	snoRNA	0	0	0	0.0000	0.0000	0.0000
ENSG00000239197.1	AC090985.1	snoRNA	0	0	0	0.0000	0.0000	0.0000
ENSG00000239198.1	RPL5P22	processed_pseudogene	1	0	1	0.0642	0.0159	0.0172
ENSG00000239199.1	RPL21P6	processed_pseudogene	0	0	0	0.0000	0.0000	0.0000
ENSG00000239200.1	RPL22P20	processed_pseudogene	0	0	0	0.0000	0.0000	0.0000
ENSG00000239201.1	RPL21P106	processed_pseudogene	0	0	0	0.0000	0.0000	0.0000
ENSG00000239202.3	RN7SL499P	misc_RNA	0	0	0	0.0000	0.0000	0.0000
ENSG00000239203.1	AC093484.1	lncRNA	0	0	0	0.0000	0.0000	0.0000
ENSG00000239205.1	LINC02023	lncRNA	0	0	0	0.0000	0.0000	0.0000
ENSG00000239207.2	GAPDHP39	processed_pseudogene	0	0	0	0.0000	0.0000	0.0000
ENSG00000239210.2	RPS26P55	processed_pseudogene	0	0	0	0.0000	0.0000	0.0000
ENSG00000239211.3	RN7SL563P	misc_RNA	0	0	0	0.0000	0.0000	0.0000
ENSG00000239212.2	RPL6P7	processed_pseudogene	0	0	0	0.0000	0.0000	0.0000
ENSG00000239213.6	NCK1-DT	lncRNA	184	193	201	1.7944	0.4450	0.4811
ENSG00000239215.1	RPL27P12	processed_pseudogene	0	0	0	0.0000	0.0000	0.0000
ENSG00000239216.1	AL139420.2	lncRNA	0	0	0	0.0000	0.0000	0.0000
ENSG00000239218.2	RPS20P22	transcribed_processed_pseudogene	26	11	15	1.1187	0.2774	0.3000
ENSG00000239219.2	AC008040.1	lncRNA	4	3	2	0.0284	0.0071	0.0076
ENSG00000239221.3	RN7SL442P	misc_RNA	0	0	0	0.0000	0.0000	0.0000
ENSG00000239223.3	RPL34P31	processed_pseudogene	0	0	0	0.0000	0.0000	0.0000
ENSG00000239224.3	RN7SL546P	misc_RNA	1	1	0	0.1956	0.0485	0.0524
ENSG00000239225.1	TTTY23	lncRNA	0	0	0	0.0000	0.0000	0.0000
ENSG00000239226.1	MRPS17P3	processed_pseudogene	0	0	0	0.0000	0.0000	0.0000
ENSG00000239227.1	AC069439.1	processed_pseudogene	0	0	0	0.0000	0.0000	0.0000
ENSG00000239228.3	RN7SL578P	misc_RNA	0	0	0	0.0000	0.0000	0.0000
ENSG00000239238.1	MEMO1P3	processed_pseudogene	0	0	0	0.0000	0.0000	0.0000
ENSG00000239246.3	AC008026.1	processed_pseudogene	14	13	1	1.7762	0.4405	0.4762
ENSG00000239247.3	RN7SL589P	misc_RNA	3	1	2	0.5488	0.1361	0.1472
ENSG00000239249.3	RN7SL757P	misc_RNA	0	0	0	0.0000	0.0000	0.0000
ENSG00000239250.3	RN7SL271P	misc_RNA	0	0	0	0.0000	0.0000	0.0000
ENSG00000239253.1	RPS4XP23	processed_pseudogene	0	0	0	0.0000	0.0000	0.0000
ENSG00000239254.1	AC009220.2	processed_pseudogene	3	2	2	0.0972	0.0241	0.0261
ENSG00000239255.1	AC007620.1	processed_pseudogene	0	0	0	0.0000	0.0000	0.0000
ENSG00000239256.1	RPL35AP35	processed_pseudogene	0	0	0	0.0000	0.0000	0.0000
ENSG00000239257.1	RPL23AP1	transcribed_processed_pseudogene	0	0	0	0.0000	0.0000	0.0000
ENSG00000239261.1	RPL31P41	processed_pseudogene	0	0	0	0.0000	0.0000	0.0000
ENSG00000239263.1	RBM43P1	processed_pseudogene	0	0	0	0.0000	0.0000	0.0000
ENSG00000239264.9	TXNDC5	protein_coding	5	2	3	0.0650	0.0161	0.0174
ENSG00000239265.5	CLRN1-AS1	lncRNA	9	7	2	0.1666	0.0413	0.0447
ENSG00000239268.3	AC092691.1	lncRNA	7	3	4	0.3220	0.0798	0.0863
ENSG00000239269.1	RPSAP4	processed_pseudogene	2	0	2	0.1277	0.0317	0.0342
ENSG00000239272.1	RPL21P10	processed_pseudogene	5	4	1	0.5787	0.1435	0.1552
ENSG00000239279.3	RN7SL184P	misc_RNA	0	0	0	0.0000	0.0000	0.0000
ENSG00000239280.1	AC108693.1	processed_pseudogene	3	2	1	0.3938	0.0977	0.1056
ENSG00000239281.2	RPS29P2	processed_pseudogene	0	0	0	0.0000	0.0000	0.0000
ENSG00000239282.8	CASTOR1	protein_coding	14	6	8	0.2897	0.0718	0.0777
ENSG00000239288.1	AC063923.1	processed_pseudogene	0	0	0	0.0000	0.0000	0.0000
ENSG00000239291.1	AC002558.1	processed_pseudogene	4	2	2	0.2825	0.0701	0.0757
ENSG00000239293.1	OR9P1P	unprocessed_pseudogene	0	0	0	0.0000	0.0000	0.0000
ENSG00000239300.6	AC080162.1	lncRNA	17	9	14	1.6973	0.4209	0.4551
ENSG00000239304.1	DNM1P48	processed_pseudogene	0	0	0	0.0000	0.0000	0.0000
ENSG00000239305.7	RNF103	protein_coding	2660	2382	2441	19.8642	4.9261	5.3262
ENSG00000239306.5	RBM14	protein_coding	3035	1532	1512	26.5609	6.5868	7.1219
ENSG00000239311.1	AC092916.1	lncRNA	0	0	0	0.0000	0.0000	0.0000
ENSG00000239314.1	MORC1-AS1	lncRNA	0	0	0	0.0000	0.0000	0.0000
ENSG00000239315.4	RPL19P13	processed_pseudogene	0	0	0	0.0000	0.0000	0.0000
ENSG00000239316.3	RN7SL11P	misc_RNA	0	0	0	0.0000	0.0000	0.0000
ENSG00000239317.1	RPL35AP17	processed_pseudogene	0	0	0	0.0000	0.0000	0.0000
ENSG00000239319.3	RN7SL854P	misc_RNA	0	0	0	0.0000	0.0000	0.0000
ENSG00000239320.1	RPS29P26	processed_pseudogene	0	0	0	0.0000	0.0000	0.0000
ENSG00000239322.1	ATP6V1B1-AS1	lncRNA	0	0	0	0.0000	0.0000	0.0000
ENSG00000239323.1	AL163973.1	processed_pseudogene	0	0	0	0.0000	0.0000	0.0000
ENSG00000239327.1	AL163195.1	processed_pseudogene	0	0	0	0.0000	0.0000	0.0000
ENSG00000239332.6	LINC01119	lncRNA	38	21	17	0.5295	0.1313	0.1420
ENSG00000239333.3	RN7SL658P	misc_RNA	0	0	0	0.0000	0.0000	0.0000
ENSG00000239335.4	LLPH-DT	lncRNA	16	12	15	1.4564	0.3612	0.3905
ENSG00000239344.1	AC090686.1	processed_pseudogene	3	1	2	0.2271	0.0563	0.0609
ENSG00000239345.2	HNRNPA1P26	processed_pseudogene	2	2	0	0.1039	0.0258	0.0278
ENSG00000239350.2	AC105265.1	processed_pseudogene	0	0	0	0.0000	0.0000	0.0000
ENSG00000239351.1	NPM1P29	processed_pseudogene	0	0	0	0.0000	0.0000	0.0000
ENSG00000239354.1	RPS17P15	processed_pseudogene	0	0	0	0.0000	0.0000	0.0000
ENSG00000239356.3	RN7SL309P	misc_RNA	0	0	0	0.0000	0.0000	0.0000
ENSG00000239365.2	RPS26P49	processed_pseudogene	1	0	1	0.1698	0.0421	0.0455
ENSG00000239367.2	RN7SL477P	misc_RNA	1	1	0	0.1983	0.0492	0.0532
ENSG00000239374.1	AC090013.1	processed_pseudogene	1	1	0	0.1181	0.0293	0.0317
ENSG00000239377.1	ZNF775-AS1	lncRNA	9	2	7	1.2152	0.3014	0.3258
ENSG00000239381.7	AC125613.1	lncRNA	1	0	1	0.0343	0.0085	0.0092
ENSG00000239382.10	ALKBH6	protein_coding	57	29	28	0.7530	0.1867	0.2019
ENSG00000239383.1	AC108724.1	processed_pseudogene	0	0	0	0.0000	0.0000	0.0000
ENSG00000239388.9	ASB14	protein_coding	80	533	501	1.4002	0.3472	0.3755
ENSG00000239389.8	PCDHA13	protein_coding	21	15	10	0.2189	0.0543	0.0587
ENSG00000239390.3	RN7SL87P	misc_RNA	0	0	0	0.0000	0.0000	0.0000
ENSG00000239392.2	AL354989.2	processed_pseudogene	0	0	0	0.0000	0.0000	0.0000
ENSG00000239393.1	AC146507.1	processed_pseudogene	1	1	1	0.1602	0.0397	0.0430
ENSG00000239395.2	AC118470.1	protein_coding	0	0	0	0.0000	0.0000	0.0000
ENSG00000239396.3	RN7SL414P	misc_RNA	0	0	0	0.0000	0.0000	0.0000
ENSG00000239397.1	AC084878.1	processed_pseudogene	0	0	0	0.0000	0.0000	0.0000
ENSG00000239398.3	RN7SL342P	misc_RNA	0	0	0	0.0000	0.0000	0.0000
ENSG00000239402.3	CYP4F62P	transcribed_unprocessed_pseudogene	0	0	0	0.0000	0.0000	0.0000
ENSG00000239405.1	TMED10P2	processed_pseudogene	4	2	2	0.3707	0.0919	0.0994
ENSG00000239407.5	Z68871.1	lncRNA	60	29	31	3.0032	0.7448	0.8053
ENSG00000239408.1	AC108751.1	processed_pseudogene	0	0	0	0.0000	0.0000	0.0000
ENSG00000239412.1	RPL21P71	processed_pseudogene	1	1	0	0.1236	0.0306	0.0331
ENSG00000239413.1	RPS27P23	processed_pseudogene	0	0	0	0.0000	0.0000	0.0000
ENSG00000239415.1	AP001469.3	lncRNA	74	42	49	1.8430	0.4570	0.4942
ENSG00000239419.3	RN7SL535P	misc_RNA	2	0	2	0.3832	0.0950	0.1027
ENSG00000239426.4	OR8F1P	unprocessed_pseudogene	0	0	0	0.0000	0.0000	0.0000
ENSG00000239428.2	GM2AP2	processed_pseudogene	0	0	0	0.0000	0.0000	0.0000
ENSG00000239432.1	AF186996.1	processed_pseudogene	0	0	0	0.0000	0.0000	0.0000
ENSG00000239435.2	KCNMB3P1	transcribed_unprocessed_pseudogene	3	0	3	0.0502	0.0124	0.0135
ENSG00000239437.3	RN7SL752P	misc_RNA	0	0	0	0.0000	0.0000	0.0000
ENSG00000239438.1	RPS26P48	processed_pseudogene	0	0	0	0.0000	0.0000	0.0000
ENSG00000239439.1	RFKP2	processed_pseudogene	0	0	0	0.0000	0.0000	0.0000
ENSG00000239440.6	LINC02008	lncRNA	0	0	0	0.0000	0.0000	0.0000
ENSG00000239443.1	PABPC1P10	processed_pseudogene	2	2	0	0.2977	0.0738	0.0798
ENSG00000239445.6	ST3GAL6-AS1	lncRNA	17	15	11	0.1027	0.0255	0.0275
ENSG00000239446.1	AC004882.2	lncRNA	0	0	0	0.0000	0.0000	0.0000
ENSG00000239453.1	SIDT1-AS1	lncRNA	3	2	1	0.3659	0.0907	0.0981
ENSG00000239454.1	LINC02047	lncRNA	0	0	0	0.0000	0.0000	0.0000
ENSG00000239455.1	AC074043.1	processed_pseudogene	0	0	0	0.0000	0.0000	0.0000
ENSG00000239462.1	AC091212.1	lncRNA	0	0	0	0.0000	0.0000	0.0000
ENSG00000239464.3	RN7SL691P	misc_RNA	0	0	0	0.0000	0.0000	0.0000
ENSG00000239465.1	AC090543.1	processed_pseudogene	1	0	1	0.1169	0.0290	0.0314
ENSG00000239466.3	RN7SL552P	misc_RNA	0	0	0	0.0000	0.0000	0.0000
ENSG00000239467.6	AC007405.3	lncRNA	94	44	50	1.8350	0.4551	0.4920
ENSG00000239468.3	RN7SL569P	misc_RNA	2	1	1	0.3938	0.0977	0.1056
ENSG00000239470.3	AC011979.1	processed_pseudogene	3	1	2	0.3522	0.0874	0.0944
ENSG00000239471.3	RN7SL584P	misc_RNA	0	0	0	0.0000	0.0000	0.0000
ENSG00000239472.3	RN7SL221P	misc_RNA	3	1	2	0.6054	0.1501	0.1623
ENSG00000239473.1	RPL7P38	processed_pseudogene	0	0	0	0.0000	0.0000	0.0000
ENSG00000239474.7	KLHL41	protein_coding	31	19	12	0.6720	0.1667	0.1802
ENSG00000239480.1	AC073517.1	lncRNA	2	2	3	0.2096	0.0520	0.0562
ENSG00000239481.1	RPS3AP41	processed_pseudogene	0	0	0	0.0000	0.0000	0.0000
ENSG00000239482.6	AC112487.1	lncRNA	3	2	1	0.1348	0.0334	0.0361
ENSG00000239483.1	RPS15AP16	processed_pseudogene	1	0	1	0.1571	0.0390	0.0421
ENSG00000239486.1	AC091390.2	unprocessed_pseudogene	9	11	8	1.5100	0.3745	0.4049
ENSG00000239490.1	RPS4XP18	processed_pseudogene	0	0	0	0.0000	0.0000	0.0000
ENSG00000239494.2	RN7SL333P	misc_RNA	15	8	7	2.8641	0.7103	0.7680
ENSG00000239498.1	AC019211.1	lncRNA	0	0	0	0.0000	0.0000	0.0000
ENSG00000239503.1	MARK2P8	processed_pseudogene	1	0	1	0.0596	0.0148	0.0160
ENSG00000239504.3	RN7SL583P	misc_RNA	0	0	0	0.0000	0.0000	0.0000
ENSG00000239508.1	PLCH1-AS1	lncRNA	0	0	0	0.0000	0.0000	0.0000
ENSG00000239510.2	RPL9P5	processed_pseudogene	0	0	0	0.0000	0.0000	0.0000
ENSG00000239511.2	POM121L7P	processed_pseudogene	0	0	0	0.0000	0.0000	0.0000
ENSG00000239513.6	LINC01210	lncRNA	0	0	0	0.0000	0.0000	0.0000
ENSG00000239516.1	FLYWCH1P1	processed_pseudogene	0	0	0	0.0000	0.0000	0.0000
ENSG00000239517.1	AC116337.2	processed_pseudogene	0	0	0	0.0000	0.0000	0.0000
ENSG00000239519.1	CADM2-AS1	lncRNA	0	0	0	0.0000	0.0000	0.0000
ENSG00000239521.9	CASTOR3	transcribed_unprocessed_pseudogene	780	752	783	9.1016	2.2571	2.4404
ENSG00000239523.6	MYLK-AS1	lncRNA	65	1058	1104	0.8199	0.2033	0.2198
ENSG00000239524.2	RPL32P34	processed_pseudogene	1	1	0	0.1418	0.0352	0.0380
ENSG00000239525.1	RPL30P5	processed_pseudogene	0	0	0	0.0000	0.0000	0.0000
ENSG00000239527.1	RPS23P7	processed_pseudogene	0	0	0	0.0000	0.0000	0.0000
ENSG00000239528.1	RPS14P8	processed_pseudogene	18	8	10	2.7663	0.6860	0.7417
ENSG00000239532.1	AC108022.1	processed_pseudogene	0	0	0	0.0000	0.0000	0.0000
ENSG00000239533.6	GOLGA2P2Y	transcribed_unprocessed_pseudogene	0	0	0	0.0000	0.0000	0.0000
ENSG00000239539.1	HMGN1P20	processed_pseudogene	0	0	0	0.0000	0.0000	0.0000
ENSG00000239542.3	RN7SL399P	misc_RNA	2	1	1	0.4065	0.1008	0.1090
ENSG00000239544.1	AL442663.1	processed_pseudogene	0	0	0	0.0000	0.0000	0.0000
ENSG00000239545.3	RN7SL822P	misc_RNA	0	0	0	0.0000	0.0000	0.0000
ENSG00000239547.3	RN7SL843P	misc_RNA	0	0	0	0.0000	0.0000	0.0000
ENSG00000239552.2	HOXB-AS2	lncRNA	10	7	3	0.6711	0.1664	0.1800
ENSG00000239553.3	RN7SL12P	misc_RNA	0	0	0	0.0000	0.0000	0.0000
ENSG00000239555.3	RN7SL841P	misc_RNA	0	0	0	0.0000	0.0000	0.0000
ENSG00000239556.4	AC004951.2	transcribed_unprocessed_pseudogene	18	12	6	1.2872	0.3192	0.3452
ENSG00000239557.1	PPP2R5CP	processed_pseudogene	6	1	5	0.2764	0.0685	0.0741
ENSG00000239559.2	RPL37P2	processed_pseudogene	14	2	12	2.7663	0.6860	0.7417
ENSG00000239560.3	RN7SL479P	misc_RNA	0	0	0	0.0000	0.0000	0.0000
ENSG00000239568.1	AC104435.1	processed_pseudogene	0	0	0	0.0000	0.0000	0.0000
ENSG00000239569.3	KMT2E-AS1	lncRNA	270	162	180	20.8039	5.1592	5.5782
ENSG00000239570.1	SETP11	processed_pseudogene	0	0	0	0.0000	0.0000	0.0000
ENSG00000239571.1	IGKV2D-30	IG_V_gene	5	2	3	0.7178	0.1780	0.1925
ENSG00000239572.3	AC108749.1	lncRNA	0	0	1	0.0000	0.0000	0.0000
ENSG00000239576.1	COX6CP14	processed_pseudogene	0	0	0	0.0000	0.0000	0.0000
ENSG00000239577.3	RN7SL388P	misc_RNA	2	1	1	0.3346	0.0830	0.0897
ENSG00000239579.3	RN7SL325P	misc_RNA	0	0	0	0.0000	0.0000	0.0000
ENSG00000239580.3	RN7SL675P	misc_RNA	0	0	0	0.0000	0.0000	0.0000
ENSG00000239586.1	MTND1P16	unprocessed_pseudogene	0	0	0	0.0000	0.0000	0.0000
ENSG00000239589.7	LINC00879	lncRNA	0	0	0	0.0000	0.0000	0.0000
ENSG00000239590.1	OR1J4	protein_coding	1	0	1	0.0602	0.0149	0.0161
ENSG00000239593.1	AL513122.2	lncRNA	0	0	0	0.0000	0.0000	0.0000
ENSG00000239595.3	RN7SL79P	misc_RNA	0	0	0	0.0000	0.0000	0.0000
ENSG00000239600.1	AP000797.1	processed_pseudogene	0	0	0	0.0000	0.0000	0.0000
ENSG00000239602.1	RPL35AP16	processed_pseudogene	2	2	0	0.3533	0.0876	0.0947
ENSG00000239605.11	STPG4	protein_coding	2	2	2	0.0354	0.0088	0.0095
ENSG00000239607.3	RN7SL573P	misc_RNA	0	7	6	0.0000	0.0000	0.0000
ENSG00000239608.1	RUVBL1-AS1	lncRNA	0	0	0	0.0000	0.0000	0.0000
ENSG00000239614.1	HMGN1P7	processed_pseudogene	0	1	2	0.0000	0.0000	0.0000
ENSG00000239615.1	AC104109.1	processed_pseudogene	0	0	0	0.0000	0.0000	0.0000
ENSG00000239617.1	AC073610.1	processed_pseudogene	0	0	0	0.0000	0.0000	0.0000
ENSG00000239620.3	PRR20G	protein_coding	0	0	0	0.0000	0.0000	0.0000
ENSG00000239622.1	AC005165.2	processed_pseudogene	3	3	0	0.4477	0.1110	0.1200
ENSG00000239625.3	RN7SL241P	misc_RNA	2	1	1	0.4806	0.1192	0.1289
ENSG00000239626.1	RPSAP41	processed_pseudogene	1	0	1	0.0659	0.0164	0.0177
ENSG00000239627.3	RPL12P20	processed_pseudogene	0	0	0	0.0000	0.0000	0.0000
ENSG00000239628.1	AC073288.1	lncRNA	1	0	1	0.1209	0.0300	0.0324
ENSG00000239632.1	MTND4LP3	unprocessed_pseudogene	0	0	0	0.0000	0.0000	0.0000
ENSG00000239636.1	TFAP2E-AS1	lncRNA	6	5	3	0.3303	0.0819	0.0886
ENSG00000239640.3	RN7SL62P	misc_RNA	0	0	0	0.0000	0.0000	0.0000
ENSG00000239641.1	PLS1-AS1	lncRNA	1	0	1	0.1639	0.0406	0.0439
ENSG00000239642.6	MEIKIN	protein_coding	0	0	0	0.0000	0.0000	0.0000
ENSG00000239648.1	MTND1P3	processed_pseudogene	0	0	0	0.0000	0.0000	0.0000
ENSG00000239649.3	MYADML	transcribed_processed_pseudogene	0	0	0	0.0000	0.0000	0.0000
ENSG00000239650.4	GUSBP4	transcribed_unprocessed_pseudogene	3	2	1	0.2532	0.0628	0.0679
ENSG00000239653.1	PSMD6-AS2	lncRNA	40	23	30	0.9236	0.2290	0.2477
ENSG00000239659.2	RPL9P31	processed_pseudogene	1	0	1	0.0981	0.0243	0.0263
ENSG00000239661.1	AC092925.1	lncRNA	0	0	0	0.0000	0.0000	0.0000
ENSG00000239665.8	AL157392.3	lncRNA	638	905	882	2.4101	0.5977	0.6462
ENSG00000239670.1	AL355864.2	unprocessed_pseudogene	1	1	0	0.0657	0.0163	0.0176
ENSG00000239671.1	AC100793.1	processed_pseudogene	0	0	0	0.0000	0.0000	0.0000
ENSG00000239672.8	NME1	protein_coding	1381	663	719	22.9331	5.6872	6.1491
ENSG00000239674.2	Z83839.2	lncRNA	0	0	0	0.0000	0.0000	0.0000
ENSG00000239677.6	PDZRN3-AS1	lncRNA	0	0	0	0.0000	0.0000	0.0000
ENSG00000239679.3	RN7SL193P	misc_RNA	0	0	0	0.0000	0.0000	0.0000
ENSG00000239683.1	AC007998.1	processed_pseudogene	0	0	0	0.0000	0.0000	0.0000
ENSG00000239684.2	PTGER4P3	processed_pseudogene	0	0	0	0.0000	0.0000	0.0000
ENSG00000239686.1	AL158801.1	processed_pseudogene	0	0	0	0.0000	0.0000	0.0000
ENSG00000239689.1	RPL17P46	processed_pseudogene	0	0	0	0.0000	0.0000	0.0000
ENSG00000239690.3	RN7SL668P	misc_RNA	0	0	0	0.0000	0.0000	0.0000
ENSG00000239694.1	RPSAP38	processed_pseudogene	0	0	0	0.0000	0.0000	0.0000
ENSG00000239696.3	AC092104.1	processed_pseudogene	0	0	0	0.0000	0.0000	0.0000
ENSG00000239697.11	TNFSF12	protein_coding	814	425	493	24.1559	5.9904	6.4770
ENSG00000239699.1	HNRNPA3P8	processed_pseudogene	1	0	1	0.0582	0.0144	0.0156
ENSG00000239701.1	AC006512.1	processed_pseudogene	0	0	0	0.0000	0.0000	0.0000
ENSG00000239702.3	RN7SL507P	misc_RNA	0	0	0	0.0000	0.0000	0.0000
ENSG00000239703.3	RN7SL568P	misc_RNA	0	0	0	0.0000	0.0000	0.0000
ENSG00000239704.11	CDRT4	protein_coding	23	11	12	0.4007	0.0994	0.1074
ENSG00000239705.2	AL354710.2	lncRNA	3	0	3	0.2821	0.0700	0.0757
ENSG00000239706.1	AC117392.1	processed_pseudogene	0	0	0	0.0000	0.0000	0.0000
ENSG00000239708.3	RN7SL782P	misc_RNA	0	0	0	0.0000	0.0000	0.0000
ENSG00000239710.3	RN7SL692P	misc_RNA	0	0	0	0.0000	0.0000	0.0000
ENSG00000239713.9	APOBEC3G	protein_coding	890	441	450	9.3901	2.3287	2.5178
ENSG00000239715.1	AC093627.2	lncRNA	0	0	0	0.0000	0.0000	0.0000
ENSG00000239716.1	AC079943.1	lncRNA	0	0	0	0.0000	0.0000	0.0000
ENSG00000239718.1	HLTF-AS1	lncRNA	0	65	61	0.0000	0.0000	0.0000
ENSG00000239719.1	AC004890.1	processed_pseudogene	2	2	0	0.6266	0.1554	0.1680
ENSG00000239722.1	IMP3P2	processed_pseudogene	0	0	0	0.0000	0.0000	0.0000
ENSG00000239726.3	RN7SL688P	misc_RNA	2	0	2	0.4124	0.1023	0.1106
ENSG00000239731.3	RN7SL825P	misc_RNA	1	0	1	0.1922	0.0477	0.0515
ENSG00000239732.3	TLR9	protein_coding	1	0	1	0.0147	0.0036	0.0039
ENSG00000239736.2	CEACAMP3	transcribed_unprocessed_pseudogene	0	0	0	0.0000	0.0000	0.0000
ENSG00000239739.1	AC026316.2	lncRNA	0	0	0	0.0000	0.0000	0.0000
ENSG00000239742.3	RN7SL672P	misc_RNA	1	1	0	0.1789	0.0444	0.0480
ENSG00000239744.3	RN7SL63P	misc_RNA	0	0	0	0.0000	0.0000	0.0000
ENSG00000239745.3	RN7SL790P	misc_RNA	0	0	0	0.0000	0.0000	0.0000
ENSG00000239748.3	RN7SL795P	misc_RNA	0	0	0	0.0000	0.0000	0.0000
ENSG00000239763.2	AC009120.1	processed_pseudogene	45	26	30	5.3952	1.3380	1.4466
ENSG00000239767.2	AC108733.1	lncRNA	0	0	0	0.0000	0.0000	0.0000
ENSG00000239774.1	AC125618.1	lncRNA	3	0	3	0.3022	0.0749	0.0810
ENSG00000239775.1	AC017116.1	lncRNA	0	0	0	0.0000	0.0000	0.0000
ENSG00000239779.7	WBP1	protein_coding	170	85	85	4.0730	1.0101	1.0921
ENSG00000239780.1	RPLP0P11	processed_pseudogene	0	0	0	0.0000	0.0000	0.0000
ENSG00000239783.1	AL121776.1	processed_pseudogene	0	0	0	0.0000	0.0000	0.0000
ENSG00000239789.6	MRPS17	protein_coding	320	163	158	8.6415	2.1430	2.3171
ENSG00000239791.2	AC002310.2	lncRNA	3	200	213	0.0799	0.0198	0.0214
ENSG00000239792.2	CDRT15P5	unprocessed_pseudogene	0	0	0	0.0000	0.0000	0.0000
ENSG00000239793.1	AC098818.1	processed_pseudogene	0	0	0	0.0000	0.0000	0.0000
ENSG00000239794.3	RN7SL653P	misc_RNA	0	0	0	0.0000	0.0000	0.0000
ENSG00000239797.1	RPL21P39	processed_pseudogene	0	0	0	0.0000	0.0000	0.0000
ENSG00000239799.1	ITIH4-AS1	lncRNA	0	8	6	0.0000	0.0000	0.0000
ENSG00000239801.1	DENND6A-AS1	lncRNA	3	139	131	0.4674	0.1159	0.1253
ENSG00000239804.1	AC092902.1	processed_pseudogene	1	0	1	0.2190	0.0543	0.0587
ENSG00000239805.1	AC007547.2	processed_pseudogene	0	0	0	0.0000	0.0000	0.0000
ENSG00000239808.3	RN7SL255P	misc_RNA	0	0	0	0.0000	0.0000	0.0000
ENSG00000239809.1	AC008026.2	processed_pseudogene	0	0	0	0.0000	0.0000	0.0000
ENSG00000239810.3	PRAMEF11	protein_coding	0	0	0	0.0000	0.0000	0.0000
ENSG00000239819.2	IGKV1D-8	IG_V_gene	18	8	10	1.9116	0.4741	0.5126
ENSG00000239820.3	RN7SL213P	misc_RNA	1	0	1	0.1789	0.0444	0.0480
ENSG00000239821.3	RN7SL513P	misc_RNA	0	0	0	0.0000	0.0000	0.0000
ENSG00000239822.3	RN7SL754P	misc_RNA	0	0	0	0.0000	0.0000	0.0000
ENSG00000239823.2	Y_RNA	misc_RNA	0	0	0	0.0000	0.0000	0.0000
ENSG00000239825.3	RN7SL549P	misc_RNA	0	0	0	0.0000	0.0000	0.0000
ENSG00000239827.8	SUGT1P3	transcribed_unprocessed_pseudogene	29	19	10	0.9328	0.2313	0.2501
ENSG00000239828.7	AC063944.1	lncRNA	15	8	8	0.1942	0.0482	0.0521
ENSG00000239829.1	KRT8P25	processed_pseudogene	1	0	1	0.0389	0.0097	0.0104
ENSG00000239830.1	RPS4XP22	processed_pseudogene	22	10	12	1.5995	0.3967	0.4289
ENSG00000239831.1	RNF7P1	processed_pseudogene	0	0	0	0.0000	0.0000	0.0000
ENSG00000239835.1	AC092910.1	processed_pseudogene	0	0	0	0.0000	0.0000	0.0000
ENSG00000239839.7	DEFA3	protein_coding	0	0	0	0.0000	0.0000	0.0000
ENSG00000239840.1	RPL23AP72	processed_pseudogene	0	0	0	0.0000	0.0000	0.0000
ENSG00000239855.1	IGKV1-6	IG_V_gene	65	35	30	9.7004	2.4056	2.6010
ENSG00000239856.3	RN7SL225P	misc_RNA	0	0	0	0.0000	0.0000	0.0000
ENSG00000239857.7	GET4	protein_coding	22	71	62	0.2315	0.0574	0.0621
ENSG00000239861.1	AP001486.1	processed_pseudogene	0	0	0	0.0000	0.0000	0.0000
ENSG00000239862.1	IGKV1-37	IG_V_gene	0	0	0	0.0000	0.0000	0.0000
ENSG00000239868.3	RN7SL34P	misc_RNA	5	3	2	1.0502	0.2604	0.2816
ENSG00000239870.1	AC112206.1	processed_pseudogene	0	0	0	0.0000	0.0000	0.0000
ENSG00000239872.1	RPL35AP19	processed_pseudogene	0	0	0	0.0000	0.0000	0.0000
ENSG00000239873.2	GAPDHP27	processed_pseudogene	0	0	0	0.0000	0.0000	0.0000
ENSG00000239877.3	IGSF11-AS1	lncRNA	0	0	0	0.0000	0.0000	0.0000
ENSG00000239880.1	RALBP1P1	processed_pseudogene	0	0	0	0.0000	0.0000	0.0000
ENSG00000239881.1	RPS27P25	transcribed_processed_pseudogene	0	0	0	0.0000	0.0000	0.0000
ENSG00000239883.8	PARGP1	transcribed_unprocessed_pseudogene	157	73	84	2.7702	0.6870	0.7428
ENSG00000239884.3	RN7SL608P	misc_RNA	3	1	2	0.6098	0.1512	0.1635
ENSG00000239886.5	KRTAP9-2	protein_coding	0	0	0	0.0000	0.0000	0.0000
ENSG00000239887.6	C1orf226	protein_coding	319	160	159	4.1944	1.0402	1.1247
ENSG00000239888.3	RN7SL792P	misc_RNA	0	0	0	0.0000	0.0000	0.0000
ENSG00000239893.2	ZNF736P9Y	transcribed_processed_pseudogene	0	0	0	0.0000	0.0000	0.0000
ENSG00000239899.3	RN7SL674P	misc_RNA	1	0	1	0.2062	0.0511	0.0553
ENSG00000239900.13	ADSL	protein_coding	286	133	154	1.4501	0.3596	0.3888
ENSG00000239906.1	AL627309.2	lncRNA	2	1	1	0.3511	0.0871	0.0942
ENSG00000239908.3	RN7SL75P	misc_RNA	2	1	1	0.4036	0.1001	0.1082
ENSG00000239910.3	RN7SL530P	misc_RNA	0	0	0	0.0000	0.0000	0.0000
ENSG00000239911.2	PRKAG2-AS1	lncRNA	155	100	84	7.5581	1.8743	2.0266
ENSG00000239912.1	RPL39P36	processed_pseudogene	12	3	9	4.3623	1.0818	1.1697
ENSG00000239917.3	RPS10P16	unprocessed_pseudogene	6	5	1	0.6860	0.1701	0.1839
ENSG00000239919.1	SNRPGP3	processed_pseudogene	0	0	0	0.0000	0.0000	0.0000
ENSG00000239920.2	AC104389.5	protein_coding	3	3	1	0.0323	0.0080	0.0087
ENSG00000239921.6	LINC01471	lncRNA	0	0	0	0.0000	0.0000	0.0000
ENSG00000239922.2	AC092958.1	lncRNA	0	0	0	0.0000	0.0000	0.0000
ENSG00000239923.3	RN7SL864P	misc_RNA	0	0	0	0.0000	0.0000	0.0000
ENSG00000239924.1	RPL29P22	processed_pseudogene	0	0	0	0.0000	0.0000	0.0000
ENSG00000239926.1	PRDX3P4	processed_pseudogene	4	1	3	0.3037	0.0753	0.0814
ENSG00000239930.2	AP001625.3	lncRNA	0	0	0	0.0000	0.0000	0.0000
ENSG00000239932.3	RN7SL606P	misc_RNA	2	0	2	0.3871	0.0960	0.1038
ENSG00000239939.1	RPSAP34	processed_pseudogene	0	0	0	0.0000	0.0000	0.0000
ENSG00000239941.1	AC108718.1	lncRNA	1	0	1	0.1024	0.0254	0.0274
ENSG00000239942.2	RN7SL394P	misc_RNA	2	1	1	0.3898	0.0967	0.1045
ENSG00000239944.1	TRBV8-2	TR_V_pseudogene	5	5	0	1.0502	0.2604	0.2816
ENSG00000239945.1	AL627309.3	lncRNA	0	0	0	0.0000	0.0000	0.0000
ENSG00000239946.1	ZBTB20-AS3	lncRNA	0	0	0	0.0000	0.0000	0.0000
ENSG00000239948.2	RN7SL368P	misc_RNA	3	0	3	0.6142	0.1523	0.1647
ENSG00000239951.1	IGKV3-20	IG_V_gene	973	513	466	137.9470	34.2095	36.9882
ENSG00000239953.3	RN7SL273P	misc_RNA	0	0	0	0.0000	0.0000	0.0000
ENSG00000239958.3	RN7SL51P	misc_RNA	0	0	0	0.0000	0.0000	0.0000
ENSG00000239959.1	ENPP7P2	unprocessed_pseudogene	0	1	0	0.0000	0.0000	0.0000
ENSG00000239961.3	LILRA4	protein_coding	38	21	17	0.9872	0.2448	0.2647
ENSG00000239964.3	RN7SL748P	misc_RNA	1	0	1	0.1823	0.0452	0.0489
ENSG00000239967.1	OR2A41P	unprocessed_pseudogene	0	0	0	0.0000	0.0000	0.0000
ENSG00000239969.5	AC091390.3	transcribed_unprocessed_pseudogene	1	2	3	0.0766	0.0190	0.0205
ENSG00000239975.2	IGKV1D-33	IG_V_gene	6	5	1	0.7104	0.1762	0.1905
ENSG00000239978.1	OR7E53P	unprocessed_pseudogene	0	0	0	0.0000	0.0000	0.0000
ENSG00000239981.1	OR2A15P	unprocessed_pseudogene	1	1	0	0.0630	0.0156	0.0169
ENSG00000239983.1	AC016687.1	processed_pseudogene	0	0	0	0.0000	0.0000	0.0000
ENSG00000239984.3	RN7SL420P	misc_RNA	0	0	0	0.0000	0.0000	0.0000
ENSG00000239985.2	AC073210.2	unprocessed_pseudogene	0	0	0	0.0000	0.0000	0.0000
ENSG00000239986.2	AL445584.1	processed_pseudogene	0	0	0	0.0000	0.0000	0.0000
ENSG00000239988.1	RPL31P60	processed_pseudogene	0	0	0	0.0000	0.0000	0.0000
ENSG00000239989.1	AC008132.2	transcribed_processed_pseudogene	0	0	0	0.0000	0.0000	0.0000
ENSG00000239991.1	AC092059.1	lncRNA	0	0	0	0.0000	0.0000	0.0000
ENSG00000239992.1	TRBVA	TR_V_pseudogene	0	0	0	0.0000	0.0000	0.0000
ENSG00000239994.2	AC069444.1	lncRNA	0	16	17	0.0000	0.0000	0.0000
ENSG00000239995.2	TPT1P11	transcribed_processed_pseudogene	0	0	0	0.0000	0.0000	0.0000
ENSG00000239997.1	FCF1P3	processed_pseudogene	0	0	0	0.0000	0.0000	0.0000
ENSG00000239998.6	LILRA2	protein_coding	389	201	188	4.1242	1.0228	1.1058
ENSG00000240002.1	YBX1P3	processed_pseudogene	2	0	2	0.1248	0.0309	0.0335
ENSG00000240003.2	RPL7P24	processed_pseudogene	7	4	3	0.5279	0.1309	0.1415
ENSG00000240005.6	STIM2-AS1	lncRNA	33	17	16	3.0087	0.7461	0.8067
ENSG00000240006.1	LINC02004	lncRNA	12	6	6	2.3147	0.5740	0.6206
ENSG00000240012.1	SLC9A9-AS1	lncRNA	0	0	0	0.0000	0.0000	0.0000
ENSG00000240014.3	RN7SL254P	misc_RNA	0	0	0	0.0000	0.0000	0.0000
ENSG00000240015.2	AC084024.1	lncRNA	0	0	0	0.0000	0.0000	0.0000
ENSG00000240021.10	TEX35	protein_coding	1	1	0	0.0142	0.0035	0.0038
ENSG00000240023.1	AL133163.1	processed_pseudogene	1	1	0	0.0598	0.0148	0.0160
ENSG00000240024.5	LINC00888	transcribed_unprocessed_pseudogene	81	41	40	2.1556	0.5346	0.5780
ENSG00000240027.2	AC084357.1	processed_pseudogene	1	0	1	0.2224	0.0552	0.0596
ENSG00000240031.1	OR9A3P	transcribed_unprocessed_pseudogene	1	0	1	0.0646	0.0160	0.0173
ENSG00000240032.1	LNCSRLR	lncRNA	12	9	4	0.9598	0.2380	0.2574
ENSG00000240033.1	AC069439.2	lncRNA	0	0	0	0.0000	0.0000	0.0000
ENSG00000240034.1	MTND6P6	unprocessed_pseudogene	0	0	0	0.0000	0.0000	0.0000
ENSG00000240036.4	AC104563.1	processed_pseudogene	2	2	0	0.3016	0.0748	0.0809
ENSG00000240038.6	AMY2B	protein_coding	201	97	104	1.5217	0.3774	0.4080
ENSG00000240040.6	AC244205.1	lncRNA	0	0	0	0.0000	0.0000	0.0000
ENSG00000240041.1	IGHJ4	IG_J_gene	4	1	3	4.9313	1.2229	1.3222
ENSG00000240043.1	RPS27P26	processed_pseudogene	0	0	0	0.0000	0.0000	0.0000
ENSG00000240045.2	STRIT1	protein_coding	0	0	0	0.0000	0.0000	0.0000
ENSG00000240047.2	RPS3AP32	processed_pseudogene	0	0	0	0.0000	0.0000	0.0000
ENSG00000240048.1	DDX50P2	processed_pseudogene	2	2	0	0.0517	0.0128	0.0139
ENSG00000240051.1	RPL23AP10	processed_pseudogene	3	2	1	0.3651	0.0905	0.0979
ENSG00000240052.1	AC108114.1	processed_pseudogene	0	0	0	0.0000	0.0000	0.0000
ENSG00000240053.8	LY6G5B	protein_coding	43	22	21	0.8045	0.1995	0.2157
ENSG00000240056.2	AL445190.1	lncRNA	0	0	0	0.0000	0.0000	0.0000
ENSG00000240057.6	AC078785.1	lncRNA	26	81	69	0.2155	0.0534	0.0578
ENSG00000240058.3	ARGFXP1	processed_pseudogene	1	1	0	0.0590	0.0146	0.0158
ENSG00000240063.1	AC069431.1	lncRNA	1	0	1	0.0302	0.0075	0.0081
ENSG00000240065.8	PSMB9	protein_coding	1756	909	850	29.8330	7.3983	7.9992
ENSG00000240068.1	RPL21P42	processed_pseudogene	0	0	0	0.0000	0.0000	0.0000
ENSG00000240069.1	GPAA1P1	transcribed_processed_pseudogene	0	0	0	0.0000	0.0000	0.0000
ENSG00000240074.1	RPL9P30	processed_pseudogene	1	1	0	0.0988	0.0245	0.0265
ENSG00000240083.2	RPS3AP22	processed_pseudogene	1	0	1	0.0737	0.0183	0.0198
ENSG00000240084.1	MTND4LP10	processed_pseudogene	0	0	0	0.0000	0.0000	0.0000
ENSG00000240086.7	AC092969.1	lncRNA	4	3	1	0.0235	0.0058	0.0063
ENSG00000240087.3	RPSAP12	processed_pseudogene	8	3	5	0.5109	0.1267	0.1370
ENSG00000240089.2	BMS1P3	transcribed_unprocessed_pseudogene	0	0	0	0.0000	0.0000	0.0000
ENSG00000240093.1	AC093627.3	lncRNA	0	0	0	0.0000	0.0000	0.0000
ENSG00000240095.1	AC055758.1	lncRNA	0	0	0	0.0000	0.0000	0.0000
ENSG00000240096.1	AL132838.1	processed_pseudogene	4	2	2	0.4185	0.1038	0.1122
ENSG00000240097.1	AC104164.2	processed_pseudogene	0	1	0	0.0000	0.0000	0.0000
ENSG00000240098.3	RN7SL351P	misc_RNA	0	0	0	0.0000	0.0000	0.0000
ENSG00000240100.1	AC083806.1	processed_pseudogene	0	0	0	0.0000	0.0000	0.0000
ENSG00000240103.2	AC132825.1	unprocessed_pseudogene	0	0	0	0.0000	0.0000	0.0000
ENSG00000240106.2	RN7SL146P	misc_RNA	0	0	0	0.0000	0.0000	0.0000
ENSG00000240107.1	AC046144.1	processed_pseudogene	0	0	0	0.0000	0.0000	0.0000
ENSG00000240108.1	NCOR1P1	transcribed_unprocessed_pseudogene	0	0	0	0.0000	0.0000	0.0000
ENSG00000240116.3	RN7SL303P	misc_RNA	0	0	0	0.0000	0.0000	0.0000
ENSG00000240121.1	RPS27P20	processed_pseudogene	0	0	0	0.0000	0.0000	0.0000
ENSG00000240122.1	FABP5P11	processed_pseudogene	0	0	0	0.0000	0.0000	0.0000
ENSG00000240125.1	RPL23AP75	processed_pseudogene	4	1	3	0.5030	0.1247	0.1349
ENSG00000240128.1	KRT18P43	processed_pseudogene	0	0	0	0.0000	0.0000	0.0000
ENSG00000240131.1	AL049829.1	processed_pseudogene	0	0	0	0.0000	0.0000	0.0000
ENSG00000240132.1	ETF1P2	processed_pseudogene	5	2	3	0.1788	0.0443	0.0479
ENSG00000240135.1	PSMD12P1	unprocessed_pseudogene	0	0	0	0.0000	0.0000	0.0000
ENSG00000240137.6	ERICH6-AS1	lncRNA	99	82	64	0.9865	0.2446	0.2645
ENSG00000240138.1	EEF1GP4	processed_pseudogene	3	1	2	0.1302	0.0323	0.0349
ENSG00000240143.1	AL023653.1	lncRNA	3	0	3	0.5219	0.1294	0.1399
ENSG00000240151.3	RN7SL826P	misc_RNA	0	0	0	0.0000	0.0000	0.0000
ENSG00000240152.2	LINC02271	lncRNA	0	0	0	0.0000	0.0000	0.0000
ENSG00000240156.1	COX6CP6	processed_pseudogene	0	0	0	0.0000	0.0000	0.0000
ENSG00000240159.1	AC079080.1	processed_pseudogene	0	0	0	0.0000	0.0000	0.0000
ENSG00000240160.3	RN7SL263P	misc_RNA	1	0	1	0.1956	0.0485	0.0524
ENSG00000240163.1	AC087385.1	processed_pseudogene	2	2	1	0.3635	0.0902	0.0975
ENSG00000240167.1	RPS7P7	processed_pseudogene	0	0	0	0.0000	0.0000	0.0000
ENSG00000240173.3	RN7SL771P	misc_RNA	0	0	0	0.0000	0.0000	0.0000
ENSG00000240174.1	AP000852.1	processed_pseudogene	0	0	0	0.0000	0.0000	0.0000
ENSG00000240175.1	MAGI1-AS1	lncRNA	1	1	0	0.0960	0.0238	0.0257
ENSG00000240179.1	RPL26P3	processed_pseudogene	0	0	0	0.0000	0.0000	0.0000
ENSG00000240180.1	RPL12P28	processed_pseudogene	0	0	0	0.0000	0.0000	0.0000
ENSG00000240183.3	RN7SL297P	misc_RNA	0	0	0	0.0000	0.0000	0.0000
ENSG00000240184.7	PCDHGC3	protein_coding	1871	946	925	19.5404	4.8458	5.2394
ENSG00000240186.3	RN7SL633P	misc_RNA	0	0	0	0.0000	0.0000	0.0000
ENSG00000240189.3	RN7SL621P	misc_RNA	0	0	0	0.0000	0.0000	0.0000
ENSG00000240194.7	CYMP	transcribed_unitary_pseudogene	1	1	0	0.0449	0.0111	0.0120
ENSG00000240197.1	AC245884.5	unprocessed_pseudogene	0	0	0	0.0000	0.0000	0.0000
ENSG00000240198.5	ARHGEF3-AS1	lncRNA	1	0	1	0.0877	0.0217	0.0235
ENSG00000240199.3	RN7SL520P	misc_RNA	1	1	0	0.1983	0.0492	0.0532
ENSG00000240201.1	AL133372.1	processed_pseudogene	0	0	0	0.0000	0.0000	0.0000
ENSG00000240202.3	RN7SL223P	misc_RNA	0	0	0	0.0000	0.0000	0.0000
ENSG00000240203.3	RN7SL567P	misc_RNA	0	0	0	0.0000	0.0000	0.0000
ENSG00000240204.3	SMKR1	protein_coding	191	109	82	11.1781	2.7721	2.9972
ENSG00000240205.3	RN7SL865P	misc_RNA	0	0	0	0.0000	0.0000	0.0000
ENSG00000240207.7	AC080013.1	lncRNA	111	51	60	1.0068	0.2497	0.2700
ENSG00000240210.3	AL122013.1	processed_pseudogene	2	1	1	0.1416	0.0351	0.0380
ENSG00000240211.1	PPP1R35-AS1	lncRNA	5	3	3	0.9358	0.2321	0.2509
ENSG00000240215.4	TRBV25OR9-2	TR_V_pseudogene	0	0	0	0.0000	0.0000	0.0000
ENSG00000240216.7	CPHL1P	transcribed_unitary_pseudogene	91	49	42	1.3118	0.3253	0.3517
ENSG00000240219.1	AL512306.2	lncRNA	127	63	66	3.2457	0.8049	0.8703
ENSG00000240224.1	UGT1A5	protein_coding	1	1	0	0.0242	0.0060	0.0065
ENSG00000240225.10	ZNF542P	transcribed_unprocessed_pseudogene	569	252	325	6.8802	1.7062	1.8448
ENSG00000240230.6	COX19	protein_coding	521	264	257	4.4000	1.0912	1.1798
ENSG00000240231.1	RPS27P29	processed_pseudogene	2	1	1	0.4501	0.1116	0.1207
ENSG00000240233.3	RN7SL587P	misc_RNA	1	0	1	0.2018	0.0500	0.0541
ENSG00000240235.3	RN7SL794P	misc_RNA	0	0	0	0.0000	0.0000	0.0000
ENSG00000240236.1	HNRNPA1P23	processed_pseudogene	2	1	1	0.1001	0.0248	0.0268
ENSG00000240237.1	AF305872.1	processed_pseudogene	0	1	1	0.0000	0.0000	0.0000
ENSG00000240238.1	AC092754.1	processed_pseudogene	0	0	0	0.0000	0.0000	0.0000
ENSG00000240240.9	BX664727.3	lncRNA	0	0	0	0.0000	0.0000	0.0000
ENSG00000240241.5	AC108752.1	lncRNA	0	0	0	0.0000	0.0000	0.0000
ENSG00000240244.3	GAPDHP33	processed_pseudogene	0	0	0	0.0000	0.0000	0.0000
ENSG00000240246.1	AC108751.2	processed_pseudogene	0	0	0	0.0000	0.0000	0.0000
ENSG00000240247.7	DEFA1B	protein_coding	0	0	0	0.0000	0.0000	0.0000
ENSG00000240250.3	RN7SL541P	misc_RNA	4	4	0	0.8016	0.1988	0.2149
ENSG00000240253.6	FAR2P3	transcribed_unprocessed_pseudogene	0	1	1	0.0000	0.0000	0.0000
ENSG00000240254.2	B4GALT4-AS1	lncRNA	0	128	137	0.0000	0.0000	0.0000
ENSG00000240255.1	PSMC1P6	processed_pseudogene	0	0	0	0.0000	0.0000	0.0000
ENSG00000240265.1	AC099328.1	processed_pseudogene	0	0	0	0.0000	0.0000	0.0000
ENSG00000240268.6	MOXD2P	transcribed_unprocessed_pseudogene	0	0	0	0.0000	0.0000	0.0000
ENSG00000240270.1	RPL12P37	processed_pseudogene	0	0	0	0.0000	0.0000	0.0000
ENSG00000240271.1	AC090142.1	processed_pseudogene	0	0	0	0.0000	0.0000	0.0000
ENSG00000240280.7	TCAM1P	transcribed_unitary_pseudogene	5	4	1	0.0800	0.0198	0.0214
ENSG00000240281.2	AC034222.1	processed_pseudogene	0	0	0	0.0000	0.0000	0.0000
ENSG00000240286.1	MEAF6P1	processed_pseudogene	0	0	0	0.0000	0.0000	0.0000
ENSG00000240288.8	GHRLOS	lncRNA	36	25	32	0.6448	0.1599	0.1729
ENSG00000240291.1	AL450384.2	lncRNA	56	32	43	2.0164	0.5000	0.5407
ENSG00000240294.2	RN7SKP241	misc_RNA	0	0	0	0.0000	0.0000	0.0000
ENSG00000240296.1	AC245052.5	processed_pseudogene	0	0	0	0.0000	0.0000	0.0000
ENSG00000240298.3	RPL36AP40	processed_pseudogene	0	0	0	0.0000	0.0000	0.0000
ENSG00000240299.3	RN7SL187P	misc_RNA	0	0	0	0.0000	0.0000	0.0000
ENSG00000240302.3	RN7SL717P	misc_RNA	1	1	0	0.1909	0.0474	0.0512
ENSG00000240303.8	ACAD11	protein_coding	19	44	43	0.2141	0.0531	0.0574
ENSG00000240305.1	AC091152.1	processed_pseudogene	1	2	0	0.0677	0.0168	0.0181
ENSG00000240306.2	RN7SL100P	misc_RNA	0	0	0	0.0000	0.0000	0.0000
ENSG00000240309.1	MTCO1P6	processed_pseudogene	0	0	0	0.0000	0.0000	0.0000
ENSG00000240311.1	AC004224.1	processed_pseudogene	1	0	1	0.0998	0.0248	0.0268
ENSG00000240317.3	RN7SL764P	misc_RNA	0	0	0	0.0000	0.0000	0.0000
ENSG00000240320.1	RPS29P27	processed_pseudogene	0	0	0	0.0000	0.0000	0.0000
ENSG00000240322.3	RN7SL481P	misc_RNA	7	3	4	1.3277	0.3292	0.3560
ENSG00000240327.3	RN7SL93P	misc_RNA	0	0	0	0.0000	0.0000	0.0000
ENSG00000240328.1	AC091805.1	processed_pseudogene	0	0	0	0.0000	0.0000	0.0000
ENSG00000240338.6	AC009078.2	transcribed_unprocessed_pseudogene	1	1	0	0.0394	0.0098	0.0106
ENSG00000240342.3	RPS2P5	processed_pseudogene	1276	646	630	82.3230	20.4153	22.0735
ENSG00000240344.9	PPIL3	protein_coding	1089	554	536	21.1933	5.2557	5.6826
ENSG00000240347.3	RN7SL35P	misc_RNA	0	0	0	0.0000	0.0000	0.0000
ENSG00000240350.3	SOCAR	lncRNA	2	4	1	0.1262	0.0313	0.0338
ENSG00000240354.1	AC131211.1	lncRNA	0	0	0	0.0000	0.0000	0.0000
ENSG00000240355.1	AC004869.2	lncRNA	0	0	0	0.0000	0.0000	0.0000
ENSG00000240356.6	RPL23AP7	transcribed_processed_pseudogene	264	122	142	7.0354	1.7447	1.8864
ENSG00000240359.1	UBL5P3	processed_pseudogene	0	0	0	0.0000	0.0000	0.0000
ENSG00000240361.2	OR4G11P	transcribed_unprocessed_pseudogene	0	0	0	0.0000	0.0000	0.0000
ENSG00000240364.1	RPL31P59	processed_pseudogene	0	0	0	0.0000	0.0000	0.0000
ENSG00000240366.1	RPL36AP45	processed_pseudogene	3	1	2	0.5350	0.1327	0.1435
ENSG00000240370.6	RPL13P5	transcribed_processed_pseudogene	103	48	55	3.2760	0.8124	0.8784
ENSG00000240371.1	RPS4XP13	processed_pseudogene	4	3	1	0.2875	0.0713	0.0771
ENSG00000240373.1	SEC62-AS1	lncRNA	5	7	3	0.8195	0.2032	0.2197
ENSG00000240374.3	RN7SL503P	misc_RNA	0	0	0	0.0000	0.0000	0.0000
ENSG00000240375.1	VPS26AP1	processed_pseudogene	0	0	0	0.0000	0.0000	0.0000
ENSG00000240376.1	AC010343.1	processed_pseudogene	42	25	17	3.7867	0.9391	1.0153
ENSG00000240382.3	IGKV1-17	IG_V_gene	105	53	52	15.7528	3.9065	4.2238
ENSG00000240385.1	RPS29P20	processed_pseudogene	0	0	0	0.0000	0.0000	0.0000
ENSG00000240386.3	LCE1F	protein_coding	0	0	0	0.0000	0.0000	0.0000
ENSG00000240388.2	AC008799.1	processed_pseudogene	0	0	0	0.0000	0.0000	0.0000
ENSG00000240392.1	RPL9P3	processed_pseudogene	3	2	1	0.2959	0.0734	0.0793
ENSG00000240393.1	AC092691.2	processed_pseudogene	0	0	0	0.0000	0.0000	0.0000
ENSG00000240395.1	RPL5P23	processed_pseudogene	5	3	2	0.3267	0.0810	0.0876
ENSG00000240399.1	AC004801.2	transcribed_processed_pseudogene	11	3	8	0.8008	0.1986	0.2147
ENSG00000240401.9	AC012358.2	lncRNA	22	135	135	0.2378	0.0590	0.0638
ENSG00000240403.5	KIR3DL2	protein_coding	4	2	2	0.1209	0.0300	0.0324
ENSG00000240404.2	AC017015.1	processed_pseudogene	0	0	0	0.0000	0.0000	0.0000
ENSG00000240405.7	SAMMSON	lncRNA	8	5	3	0.0289	0.0072	0.0077
ENSG00000240409.1	MTATP8P1	unprocessed_pseudogene	0	2	0	0.0000	0.0000	0.0000
ENSG00000240411.2	RPL5P16	processed_pseudogene	0	0	0	0.0000	0.0000	0.0000
ENSG00000240412.1	RPL5P15	processed_pseudogene	0	0	0	0.0000	0.0000	0.0000
ENSG00000240416.1	CYCSP20	processed_pseudogene	0	0	0	0.0000	0.0000	0.0000
ENSG00000240418.1	AC020917.1	processed_pseudogene	5	4	1	0.3175	0.0787	0.0851
ENSG00000240419.1	AC022206.1	processed_pseudogene	0	0	0	0.0000	0.0000	0.0000
ENSG00000240423.3	LINC00636	lncRNA	0	0	0	0.0000	0.0000	0.0000
ENSG00000240424.2	AC092824.1	processed_pseudogene	0	0	0	0.0000	0.0000	0.0000
ENSG00000240426.1	AC096743.2	processed_pseudogene	0	0	0	0.0000	0.0000	0.0000
ENSG00000240427.1	RPS26P34	processed_pseudogene	0	0	0	0.0000	0.0000	0.0000
ENSG00000240429.1	LRRFIP1P1	processed_pseudogene	97	50	47	2.4492	0.6074	0.6567
ENSG00000240432.3	KRTAP13-3	protein_coding	0	0	0	0.0000	0.0000	0.0000
ENSG00000240435.2	RPS12P27	processed_pseudogene	1	0	1	0.1683	0.0417	0.0451
ENSG00000240436.1	RPL35AP14	processed_pseudogene	0	0	0	0.0000	0.0000	0.0000
ENSG00000240438.2	OFD1P5Y	unprocessed_pseudogene	0	0	0	0.0000	0.0000	0.0000
ENSG00000240439.3	RN7SL91P	misc_RNA	1	0	1	0.1949	0.0483	0.0523
ENSG00000240440.1	AC007879.4	lncRNA	0	0	0	0.0000	0.0000	0.0000
ENSG00000240441.1	AC007622.1	processed_pseudogene	4	2	2	0.4240	0.1051	0.1137
ENSG00000240443.1	RPS10P20	transcribed_processed_pseudogene	0	0	0	0.0000	0.0000	0.0000
ENSG00000240445.6	FOXO3B	protein_coding	324	149	175	2.9446	0.7302	0.7895
ENSG00000240449.1	REPIN1-AS1	lncRNA	37	66	71	3.6365	0.9018	0.9751
ENSG00000240450.1	CSPG4P1Y	lncRNA	0	0	0	0.0000	0.0000	0.0000
ENSG00000240452.1	MTCO1P29	unprocessed_pseudogene	1	0	1	0.1969	0.0488	0.0528
ENSG00000240454.1	RPL39P26	processed_pseudogene	0	0	0	0.0000	0.0000	0.0000
ENSG00000240457.3	RN7SL472P	misc_RNA	1	0	1	0.1935	0.0480	0.0519
ENSG00000240458.1	AC072046.1	processed_pseudogene	0	0	0	0.0000	0.0000	0.0000
ENSG00000240459.2	AC093663.1	processed_pseudogene	1	0	1	0.1439	0.0357	0.0386
ENSG00000240463.1	RPS19P3	processed_pseudogene	5	2	3	0.6430	0.1595	0.1724
ENSG00000240470.3	RN7SL346P	misc_RNA	0	0	0	0.0000	0.0000	0.0000
ENSG00000240471.1	PHBP8	processed_pseudogene	2	1	1	0.1564	0.0388	0.0419
ENSG00000240474.3	RN7SL116P	misc_RNA	0	0	0	0.0000	0.0000	0.0000
ENSG00000240476.1	LINC00973	lncRNA	1	0	1	0.0590	0.0146	0.0158
ENSG00000240477.1	AC022494.1	processed_pseudogene	1	0	1	0.0779	0.0193	0.0209
ENSG00000240478.1	AC012081.1	lncRNA	0	0	0	0.0000	0.0000	0.0000
ENSG00000240480.1	RPL29P2	transcribed_processed_pseudogene	1	1	0	0.0863	0.0214	0.0231
ENSG00000240481.3	RN7SL38P	misc_RNA	0	0	0	0.0000	0.0000	0.0000
ENSG00000240484.1	AC091544.1	processed_pseudogene	0	0	0	0.0000	0.0000	0.0000
ENSG00000240486.2	RPL23AP54	processed_pseudogene	0	0	0	0.0000	0.0000	0.0000
ENSG00000240487.1	FAM214BP1	processed_pseudogene	0	0	0	0.0000	0.0000	0.0000
ENSG00000240489.1	SETP14	processed_pseudogene	23	9	14	1.4941	0.3705	0.4006
ENSG00000240490.3	RN7SL277P	misc_RNA	0	0	0	0.0000	0.0000	0.0000
ENSG00000240494.2	RPS12P28	processed_pseudogene	0	10	10	0.0000	0.0000	0.0000
ENSG00000240497.3	AC092919.1	lncRNA	2	1	1	0.0818	0.0203	0.0219
ENSG00000240498.9	CDKN2B-AS1	lncRNA	175	94	112	0.4860	0.1205	0.1303
ENSG00000240499.7	AC004594.1	lncRNA	21	7	14	0.3444	0.0854	0.0923
ENSG00000240502.2	RN7SL837P	misc_RNA	0	0	0	0.0000	0.0000	0.0000
ENSG00000240505.9	TNFRSF13B	protein_coding	10	9	1	0.1596	0.0396	0.0428
ENSG00000240509.1	RPL34P18	processed_pseudogene	0	0	0	0.0000	0.0000	0.0000
ENSG00000240511.1	MED28P2	processed_pseudogene	0	0	0	0.0000	0.0000	0.0000
ENSG00000240513.1	AL049830.2	processed_pseudogene	0	0	0	0.0000	0.0000	0.0000
ENSG00000240518.2	AC116353.2	processed_pseudogene	0	0	0	0.0000	0.0000	0.0000
ENSG00000240519.1	AC091675.1	processed_pseudogene	0	0	0	0.0000	0.0000	0.0000
ENSG00000240520.6	UOX	transcribed_unitary_pseudogene	0	0	0	0.0000	0.0000	0.0000
ENSG00000240521.1	AC092979.1	lncRNA	0	0	0	0.0000	0.0000	0.0000
ENSG00000240522.1	RPL7AP10	processed_pseudogene	4	0	4	0.2868	0.0711	0.0769
ENSG00000240527.1	AL365273.1	lncRNA	0	0	0	0.0000	0.0000	0.0000
ENSG00000240531.1	RPL21P123	transcribed_processed_pseudogene	0	0	0	0.0000	0.0000	0.0000
ENSG00000240533.3	RN7SL69P	misc_RNA	0	0	0	0.0000	0.0000	0.0000
ENSG00000240534.1	RPL34P17	processed_pseudogene	0	0	0	0.0000	0.0000	0.0000
ENSG00000240535.8	AC034238.1	lncRNA	0	33	36	0.0000	0.0000	0.0000
ENSG00000240540.2	RPL3P9	processed_pseudogene	5	4	1	0.2397	0.0594	0.0643
ENSG00000240541.3	TM4SF1-AS1	lncRNA	4	3	4	0.0974	0.0241	0.0261
ENSG00000240542.4	KRTAP9-1	protein_coding	0	0	0	0.0000	0.0000	0.0000
ENSG00000240545.3	RN7SL492P	misc_RNA	0	0	0	0.0000	0.0000	0.0000
ENSG00000240549.2	THOC7-AS1	lncRNA	1	1	0	0.0843	0.0209	0.0226
ENSG00000240553.1	AL031428.1	lncRNA	1	1	0	0.0852	0.0211	0.0228
ENSG00000240554.1	RPL7AP58	processed_pseudogene	1	1	0	0.0707	0.0175	0.0190
ENSG00000240562.1	AC016968.1	lncRNA	0	0	0	0.0000	0.0000	0.0000
ENSG00000240563.2	L1TD1	protein_coding	115	57	58	1.7023	0.4222	0.4565
ENSG00000240566.1	AC010153.1	processed_pseudogene	0	0	0	0.0000	0.0000	0.0000
ENSG00000240567.1	LINC02067	lncRNA	15	12	13	0.2990	0.0741	0.0802
ENSG00000240568.1	AC107626.1	processed_pseudogene	0	0	0	0.0000	0.0000	0.0000
ENSG00000240571.1	AC087071.2	lncRNA	16	288	251	1.5780	0.3913	0.4231
ENSG00000240572.1	AC107297.1	processed_pseudogene	0	0	0	0.0000	0.0000	0.0000
ENSG00000240573.1	AC117462.1	lncRNA	0	0	0	0.0000	0.0000	0.0000
ENSG00000240577.3	RN7SL445P	misc_RNA	0	0	0	0.0000	0.0000	0.0000
ENSG00000240578.1	TRBV22-1	TR_V_pseudogene	0	0	0	0.0000	0.0000	0.0000
ENSG00000240579.1	AC006529.1	processed_pseudogene	0	0	0	0.0000	0.0000	0.0000
ENSG00000240583.13	AQP1	protein_coding	4455	2201	2254	77.0958	19.1190	20.6720
ENSG00000240584.3	RN7SL547P	misc_RNA	0	0	0	0.0000	0.0000	0.0000
ENSG00000240589.3	RN7SL258P	misc_RNA	0	0	0	0.0000	0.0000	0.0000
ENSG00000240590.1	RPSAP48	processed_pseudogene	0	0	0	0.0000	0.0000	0.0000
ENSG00000240591.2	AL096701.3	lncRNA	16	405	394	0.4018	0.0997	0.1077
ENSG00000240596.1	KCNAB1-AS2	lncRNA	1	0	1	0.1054	0.0261	0.0283
ENSG00000240601.1	RPL9P15	processed_pseudogene	0	0	0	0.0000	0.0000	0.0000
ENSG00000240602.7	AADACP1	transcribed_unprocessed_pseudogene	2	2	0	0.0564	0.0140	0.0151
ENSG00000240606.3	RN7SL564P	misc_RNA	0	0	0	0.0000	0.0000	0.0000
ENSG00000240611.1	AC010307.1	processed_pseudogene	0	0	0	0.0000	0.0000	0.0000
ENSG00000240613.3	RN7SL98P	misc_RNA	0	0	0	0.0000	0.0000	0.0000
ENSG00000240616.1	RPS6P25	processed_pseudogene	10	4	6	0.7582	0.1880	0.2033
ENSG00000240621.1	OR2AO1P	unprocessed_pseudogene	0	0	0	0.0000	0.0000	0.0000
ENSG00000240622.1	RPL7P15	processed_pseudogene	4	4	0	0.3186	0.0790	0.0854
ENSG00000240624.1	AL138976.1	processed_pseudogene	0	0	0	0.0000	0.0000	0.0000
ENSG00000240625.3	RN7SL403P	misc_RNA	3	1	2	0.5578	0.1383	0.1496
ENSG00000240626.3	RN7SL150P	misc_RNA	0	0	0	0.0000	0.0000	0.0000
ENSG00000240627.1	AC026798.1	processed_pseudogene	0	0	0	0.0000	0.0000	0.0000
ENSG00000240631.1	RPL30P12	processed_pseudogene	0	0	0	0.0000	0.0000	0.0000
ENSG00000240632.6	SPATA31D5P	transcribed_unprocessed_pseudogene	0	0	0	0.0000	0.0000	0.0000
ENSG00000240634.1	AC145285.1	processed_pseudogene	8	3	5	0.6537	0.1621	0.1753
ENSG00000240637.3	RN7SL808P	misc_RNA	0	0	0	0.0000	0.0000	0.0000
ENSG00000240639.3	RN7SL666P	misc_RNA	0	0	0	0.0000	0.0000	0.0000
ENSG00000240641.3	RN7SL580P	misc_RNA	0	0	0	0.0000	0.0000	0.0000
ENSG00000240647.3	RN7SL305P	misc_RNA	0	0	0	0.0000	0.0000	0.0000
ENSG00000240651.1	SEPTIN7P4	unprocessed_pseudogene	0	0	0	0.0000	0.0000	0.0000
ENSG00000240652.1	AP001024.1	processed_pseudogene	2	0	2	0.3288	0.0815	0.0881
ENSG00000240654.6	C1QTNF9	protein_coding	5	3	2	0.1498	0.0371	0.0402
ENSG00000240661.3	AC063952.1	transcribed_unitary_pseudogene	4	586	573	0.0532	0.0132	0.0143
ENSG00000240663.3	RN7SL310P	misc_RNA	1	1	0	0.2018	0.0500	0.0541
ENSG00000240665.1	LSP1P2	processed_pseudogene	6	8	4	2.5583	0.6344	0.6860
ENSG00000240666.2	MME-AS1	lncRNA	0	163	135	0.0000	0.0000	0.0000
ENSG00000240667.1	NBPF18P	unprocessed_pseudogene	0	0	0	0.0000	0.0000	0.0000
ENSG00000240668.1	KRT8P36	processed_pseudogene	4	3	1	0.1575	0.0391	0.0422
ENSG00000240669.1	AC023424.1	processed_pseudogene	0	0	0	0.0000	0.0000	0.0000
ENSG00000240671.4	IGKV1-8	IG_V_gene	23	12	11	3.2772	0.8127	0.8787
ENSG00000240673.1	AC006539.1	processed_pseudogene	0	1	3	0.0000	0.0000	0.0000
ENSG00000240674.1	AC106872.2	processed_pseudogene	3	2	1	0.3544	0.0879	0.0950
ENSG00000240677.1	MYL6P4	processed_pseudogene	2	0	2	0.2504	0.0621	0.0671
ENSG00000240680.1	H4P1	processed_pseudogene	0	0	0	0.0000	0.0000	0.0000
ENSG00000240682.10	ISY1	protein_coding	916	448	468	13.4159	3.3270	3.5972
ENSG00000240687.2	AC082651.1	lncRNA	4	2	2	0.0766	0.0190	0.0205
ENSG00000240692.3	RN7SL538P	misc_RNA	0	0	0	0.0000	0.0000	0.0000
ENSG00000240694.9	PNMA2	protein_coding	1072	632	652	10.9261	2.7096	2.9297
ENSG00000240695.1	AC117382.1	processed_pseudogene	4	2	2	0.3107	0.0771	0.0833
ENSG00000240698.1	RPS2P39	processed_pseudogene	0	0	0	0.0000	0.0000	0.0000
ENSG00000240704.1	KLF7P1	processed_pseudogene	0	0	0	0.0000	0.0000	0.0000
ENSG00000240707.3	LINC01168	lncRNA	2	2	0	0.0189	0.0047	0.0051
ENSG00000240708.2	LINC02030	lncRNA	1	1	0	0.0246	0.0061	0.0066
ENSG00000240710.1	AL512306.3	lncRNA	28	11	17	2.3249	0.5765	0.6234
ENSG00000240713.3	RN7SL860P	misc_RNA	0	0	0	0.0000	0.0000	0.0000
ENSG00000240718.3	RN7SL851P	misc_RNA	1	1	0	0.1872	0.0464	0.0502
ENSG00000240720.9	LRRD1	protein_coding	4	2	3	0.0510	0.0126	0.0137
ENSG00000240721.2	RPS4XP15	processed_pseudogene	1	1	0	0.0713	0.0177	0.0191
ENSG00000240723.3	RN7SL382P	misc_RNA	3	2	1	0.6033	0.1496	0.1618
ENSG00000240724.2	RPS12P15	processed_pseudogene	0	0	0	0.0000	0.0000	0.0000
ENSG00000240729.1	AC146507.2	processed_pseudogene	1	0	1	0.1191	0.0295	0.0319
ENSG00000240731.1	AL139287.1	lncRNA	109	56	53	16.0140	3.9713	4.2939
ENSG00000240733.3	RN7SL502P	misc_RNA	1	1	0	0.1956	0.0485	0.0524
ENSG00000240738.1	AF279873.2	processed_pseudogene	0	0	0	0.0000	0.0000	0.0000
ENSG00000240739.1	AC006511.1	unprocessed_pseudogene	0	0	0	0.0000	0.0000	0.0000
ENSG00000240747.8	KRBOX1	protein_coding	7	2	5	0.1361	0.0337	0.0365
ENSG00000240750.3	RN7SL559P	misc_RNA	1	1	0	0.1909	0.0474	0.0512
ENSG00000240751.1	AC026348.1	processed_pseudogene	13	11	2	0.7001	0.1736	0.1877
ENSG00000240752.1	AC055731.1	processed_pseudogene	0	0	0	0.0000	0.0000	0.0000
ENSG00000240755.1	ERLEC1P1	processed_pseudogene	0	0	0	0.0000	0.0000	0.0000
ENSG00000240758.2	AC010655.2	lncRNA	2	0	2	0.1713	0.0425	0.0459
ENSG00000240759.1	RPS27P21	processed_pseudogene	3	0	3	0.6751	0.1674	0.1810
ENSG00000240760.1	RPL31P56	processed_pseudogene	0	0	0	0.0000	0.0000	0.0000
ENSG00000240761.1	AC098831.1	processed_pseudogene	0	0	0	0.0000	0.0000	0.0000
ENSG00000240764.4	PCDHGC5	protein_coding	36	19	17	0.4062	0.1007	0.1089
ENSG00000240766.1	PLCXD2-AS1	lncRNA	0	0	0	0.0000	0.0000	0.0000
ENSG00000240767.3	RN7SL288P	misc_RNA	0	0	0	0.0000	0.0000	0.0000
ENSG00000240770.5	C21orf91-OT1	lncRNA	0	0	0	0.0000	0.0000	0.0000
ENSG00000240771.8	ARHGEF25	protein_coding	303	404	359	5.0673	1.2566	1.3587
ENSG00000240772.3	RN7SL776P	misc_RNA	0	0	0	0.0000	0.0000	0.0000
ENSG00000240774.1	AC126182.1	processed_pseudogene	0	0	0	0.0000	0.0000	0.0000
ENSG00000240775.1	AC021205.1	processed_pseudogene	0	0	0	0.0000	0.0000	0.0000
ENSG00000240776.1	AC079944.1	processed_pseudogene	4	3	1	0.4583	0.1136	0.1229
ENSG00000240777.2	AC025572.1	lncRNA	0	0	0	0.0000	0.0000	0.0000
ENSG00000240785.2	RPL36AP21	transcribed_processed_pseudogene	2	1	1	0.1769	0.0439	0.0474
ENSG00000240787.1	AC092916.2	processed_pseudogene	0	0	0	0.0000	0.0000	0.0000
ENSG00000240790.1	AC073934.1	lncRNA	1	0	1	0.1146	0.0284	0.0307
ENSG00000240791.1	MTND4LP7	unprocessed_pseudogene	0	0	0	0.0000	0.0000	0.0000
ENSG00000240792.2	AC079910.1	lncRNA	0	0	0	0.0000	0.0000	0.0000
ENSG00000240793.1	UBA52P8	processed_pseudogene	2	2	1	0.2954	0.0732	0.0792
ENSG00000240796.1	MTND2P14	unprocessed_pseudogene	0	0	0	0.0000	0.0000	0.0000
ENSG00000240801.1	AC132217.1	lncRNA	0	0	0	0.0000	0.0000	0.0000
ENSG00000240803.3	RN7SL231P	misc_RNA	0	0	0	0.0000	0.0000	0.0000
ENSG00000240804.1	NPM1P28	processed_pseudogene	0	0	0	0.0000	0.0000	0.0000
ENSG00000240808.1	AC126389.1	processed_pseudogene	2	0	2	0.3911	0.0970	0.1049
ENSG00000240809.1	CAP1P1	processed_pseudogene	44	28	16	1.7684	0.4385	0.4742
ENSG00000240813.2	AC015908.1	processed_pseudogene	0	0	0	0.0000	0.0000	0.0000
ENSG00000240821.1	RPL9P25	processed_pseudogene	0	0	0	0.0000	0.0000	0.0000
ENSG00000240823.3	RN7SL23P	misc_RNA	5	1	4	1.0311	0.2557	0.2765
ENSG00000240824.1	MTND3P7	processed_pseudogene	0	0	0	0.0000	0.0000	0.0000
ENSG00000240827.1	AC021660.1	processed_pseudogene	0	0	0	0.0000	0.0000	0.0000
ENSG00000240828.1	RPL21P4	processed_pseudogene	0	2	0	0.0000	0.0000	0.0000
ENSG00000240837.3	RN7SL77P	misc_RNA	0	1	0	0.0000	0.0000	0.0000
ENSG00000240842.2	AC099328.2	lncRNA	0	0	0	0.0000	0.0000	0.0000
ENSG00000240846.2	RPS15P9	processed_pseudogene	0	4	3	0.0000	0.0000	0.0000
ENSG00000240847.3	RN7SL497P	misc_RNA	0	0	0	0.0000	0.0000	0.0000
ENSG00000240849.11	PEDS1	protein_coding	2450	1260	1190	17.5185	4.3444	4.6973
ENSG00000240853.3	RN7SL328P	misc_RNA	0	0	0	0.0000	0.0000	0.0000
ENSG00000240854.1	PSMC2P1	processed_pseudogene	19	6	13	0.8225	0.2040	0.2205
ENSG00000240857.2	RDH14	protein_coding	1125	583	542	40.2262	9.9757	10.7860
ENSG00000240859.3	AC093627.4	lncRNA	49	29	20	0.5347	0.1326	0.1434
ENSG00000240861.1	AC009153.1	processed_pseudogene	0	0	0	0.0000	0.0000	0.0000
ENSG00000240863.3	RN7SL645P	misc_RNA	0	0	0	0.0000	0.0000	0.0000
ENSG00000240864.3	IGKV1-16	IG_V_gene	208	105	103	31.2055	7.7386	8.3672
ENSG00000240868.1	C1QTNF9-AS1	lncRNA	1	2	2	0.1207	0.0299	0.0324
ENSG00000240869.3	RN7SL128P	misc_RNA	1	1	0	0.1859	0.0461	0.0499
ENSG00000240870.2	RPL19P14	processed_pseudogene	0	0	0	0.0000	0.0000	0.0000
ENSG00000240871.5	KRTAP4-7	protein_coding	3	2	1	0.1715	0.0425	0.0460
ENSG00000240873.1	RPS29P22	processed_pseudogene	0	0	0	0.0000	0.0000	0.0000
ENSG00000240874.1	AC025271.1	processed_pseudogene	1	1	0	0.1322	0.0328	0.0354
ENSG00000240875.6	LINC00886	lncRNA	611	319	292	8.7477	2.1694	2.3456
ENSG00000240877.3	RN7SL521P	misc_RNA	5	1	4	0.9547	0.2368	0.2560
ENSG00000240881.1	AC068472.1	processed_pseudogene	0	0	0	0.0000	0.0000	0.0000
ENSG00000240882.1	AC063952.2	processed_pseudogene	3	0	3	0.1387	0.0344	0.0372
ENSG00000240888.1	AC131210.1	lncRNA	1	0	1	0.1286	0.0319	0.0345
ENSG00000240889.1	NDUFB2-AS1	lncRNA	14	655	613	0.4818	0.1195	0.1292
ENSG00000240890.2	AC020633.1	processed_pseudogene	0	0	0	0.0000	0.0000	0.0000
ENSG00000240891.8	PLCXD2	protein_coding	45	18	27	0.2844	0.0705	0.0762
ENSG00000240893.1	LINC02042	lncRNA	0	0	0	0.0000	0.0000	0.0000
ENSG00000240895.1	AC117430.1	lncRNA	0	0	0	0.0000	0.0000	0.0000
ENSG00000240898.1	AC132942.1	processed_pseudogene	19	7	12	2.2308	0.5532	0.5982
ENSG00000240902.1	APOOP2	processed_pseudogene	0	0	0	0.0000	0.0000	0.0000
ENSG00000240905.3	RN7SL798P	misc_RNA	1	0	1	0.1884	0.0467	0.0505
ENSG00000240912.1	H2BP3	processed_pseudogene	0	0	0	0.0000	0.0000	0.0000
ENSG00000240914.1	RPL15P2	processed_pseudogene	3	3	0	0.2766	0.0686	0.0742
ENSG00000240915.2	AC120042.1	lncRNA	0	0	0	0.0000	0.0000	0.0000
ENSG00000240919.1	AC022034.2	processed_pseudogene	1	0	1	0.1186	0.0294	0.0318
ENSG00000240922.1	LSAMP-AS1	lncRNA	0	0	0	0.0000	0.0000	0.0000
ENSG00000240925.1	RPS20P31	processed_pseudogene	0	0	0	0.0000	0.0000	0.0000
ENSG00000240927.3	RN7SL209P	misc_RNA	0	0	1	0.0000	0.0000	0.0000
ENSG00000240934.2	AC066616.1	processed_pseudogene	0	0	0	0.0000	0.0000	0.0000
ENSG00000240935.6	PLGLA	transcribed_unprocessed_pseudogene	0	0	0	0.0000	0.0000	0.0000
ENSG00000240936.3	RN7SL554P	misc_RNA	0	0	0	0.0000	0.0000	0.0000
ENSG00000240940.3	RN7SL591P	misc_RNA	0	0	0	0.0000	0.0000	0.0000
ENSG00000240950.1	AC021074.1	processed_pseudogene	16	6	10	1.4334	0.3555	0.3843
ENSG00000240951.1	MTCO2P6	processed_pseudogene	0	0	0	0.0000	0.0000	0.0000
ENSG00000240954.1	RPL4P1	processed_pseudogene	1	0	2	0.0444	0.0110	0.0119
ENSG00000240959.1	ST13P14	processed_pseudogene	0	0	0	0.0000	0.0000	0.0000
ENSG00000240960.1	AC082651.2	processed_pseudogene	0	0	0	0.0000	0.0000	0.0000
ENSG00000240961.3	RN7SL415P	misc_RNA	0	0	0	0.0000	0.0000	0.0000
ENSG00000240963.1	AL645465.1	lncRNA	0	0	0	0.0000	0.0000	0.0000
ENSG00000240964.3	RN7SL751P	misc_RNA	0	0	0	0.0000	0.0000	0.0000
ENSG00000240966.3	RN7SL681P	misc_RNA	0	0	0	0.0000	0.0000	0.0000
ENSG00000240970.1	RPL23AP64	processed_pseudogene	25	14	11	3.2592	0.8082	0.8739
ENSG00000240972.2	MIF	protein_coding	1	870	850	0.0777	0.0193	0.0208
ENSG00000240973.1	AC093714.1	lncRNA	0	0	0	0.0000	0.0000	0.0000
ENSG00000240974.1	RPS27AP10	processed_pseudogene	0	0	0	0.0000	0.0000	0.0000
ENSG00000240975.1	AC021723.1	processed_pseudogene	0	0	0	0.0000	0.0000	0.0000
ENSG00000240977.3	RN7SL283P	misc_RNA	0	0	0	0.0000	0.0000	0.0000
ENSG00000240980.1	AC093904.1	lncRNA	0	0	0	0.0000	0.0000	0.0000
ENSG00000240983.1	AC090311.1	processed_pseudogene	1	0	1	0.2278	0.0565	0.0611
ENSG00000240990.10	HOXA11-AS	lncRNA	8	9	10	0.1450	0.0360	0.0389
ENSG00000240991.3	RPL23AP67	processed_pseudogene	0	0	0	0.0000	0.0000	0.0000
ENSG00000240992.1	RPS23P4	processed_pseudogene	0	0	0	0.0000	0.0000	0.0000
ENSG00000240993.3	RN7SL459P	misc_RNA	2	1	1	0.3756	0.0931	0.1007
ENSG00000240995.2	AC069454.1	processed_pseudogene	0	0	0	0.0000	0.0000	0.0000
ENSG00000240996.1	AL157400.4	lncRNA	10	6	4	0.8502	0.2108	0.2280
ENSG00000240997.3	RN7SL183P	misc_RNA	0	0	0	0.0000	0.0000	0.0000
ENSG00000241002.1	AC017007.3	processed_pseudogene	0	0	0	0.0000	0.0000	0.0000
ENSG00000241003.1	AC108860.1	processed_pseudogene	3	1	2	0.4442	0.1102	0.1191
ENSG00000241007.1	SEPTIN7P6	processed_pseudogene	3	1	2	0.1488	0.0369	0.0399
ENSG00000241008.1	AC044810.1	processed_pseudogene	0	0	0	0.0000	0.0000	0.0000
ENSG00000241011.1	AC108073.2	processed_pseudogene	0	0	0	0.0000	0.0000	0.0000
ENSG00000241014.2	AC114490.1	transcribed_unitary_pseudogene	29	17	12	0.8715	0.2161	0.2337
ENSG00000241015.2	TPM3P9	transcribed_processed_pseudogene	256	135	121	4.9718	1.2330	1.3331
ENSG00000241018.1	RCC2P5	processed_pseudogene	0	0	0	0.0000	0.0000	0.0000
ENSG00000241020.1	AP000873.1	processed_pseudogene	0	0	0	0.0000	0.0000	0.0000
ENSG00000241022.1	NIPA2P2	processed_pseudogene	0	0	0	0.0000	0.0000	0.0000
ENSG00000241026.1	AC105910.1	unprocessed_pseudogene	0	0	0	0.0000	0.0000	0.0000
ENSG00000241030.1	RPL29P24	processed_pseudogene	2	1	1	0.2504	0.0621	0.0671
ENSG00000241032.3	RN7SL709P	misc_RNA	0	0	0	0.0000	0.0000	0.0000
ENSG00000241035.2	AL161747.1	processed_pseudogene	0	1	0	0.0000	0.0000	0.0000
ENSG00000241037.3	RN7SL335P	misc_RNA	0	0	0	0.0000	0.0000	0.0000
ENSG00000241042.1	AL592431.2	lncRNA	1	0	1	0.3316	0.0822	0.0889
ENSG00000241045.1	RPL7P43	processed_pseudogene	1	1	0	0.0753	0.0187	0.0202
ENSG00000241048.1	AC117386.1	lncRNA	4	3	1	0.3743	0.0928	0.1004
ENSG00000241052.1	RPL23AP70	processed_pseudogene	1	1	0	0.1233	0.0306	0.0331
ENSG00000241054.1	AL035454.1	lncRNA	0	0	0	0.0000	0.0000	0.0000
ENSG00000241057.2	AC004951.3	transcribed_unprocessed_pseudogene	1	0	1	0.0494	0.0123	0.0132
ENSG00000241058.4	NSUN6	protein_coding	615	306	309	10.0712	2.4976	2.7004
ENSG00000241059.2	AC008799.2	lncRNA	0	0	0	0.0000	0.0000	0.0000
ENSG00000241061.3	RPL5P1	processed_pseudogene	7	2	5	0.4440	0.1101	0.1191
ENSG00000241064.3	RN7SL110P	misc_RNA	0	0	0	0.0000	0.0000	0.0000
ENSG00000241067.2	RPL17P40	processed_pseudogene	0	0	0	0.0000	0.0000	0.0000
ENSG00000241069.1	AC125388.1	transcribed_processed_pseudogene	0	0	0	0.0000	0.0000	0.0000
ENSG00000241073.1	AC093019.2	lncRNA	1	0	1	0.1477	0.0366	0.0396
ENSG00000241074.3	RN7SL813P	misc_RNA	0	0	0	0.0000	0.0000	0.0000
ENSG00000241081.1	RPL22P2	processed_pseudogene	5	2	3	0.7582	0.1880	0.2033
ENSG00000241082.3	RN7SL259P	misc_RNA	0	0	0	0.0000	0.0000	0.0000
ENSG00000241088.2	RPL17P44	processed_pseudogene	0	0	0	0.0000	0.0000	0.0000
ENSG00000241095.1	CYP51A1P1	processed_pseudogene	4	1	3	0.1505	0.0373	0.0404
ENSG00000241097.2	AP001324.2	processed_pseudogene	0	0	0	0.0000	0.0000	0.0000
ENSG00000241098.1	LINC01994	lncRNA	0	0	0	0.0000	0.0000	0.0000
ENSG00000241101.1	PRICKLE2-AS2	lncRNA	3	2	1	0.3430	0.0851	0.0920
ENSG00000241102.1	AC011005.2	processed_pseudogene	0	0	0	0.0000	0.0000	0.0000
ENSG00000241103.1	RPL35AP11	processed_pseudogene	0	0	0	0.0000	0.0000	0.0000
ENSG00000241104.5	CEACAMP10	transcribed_processed_pseudogene	1	0	1	0.0289	0.0072	0.0078
ENSG00000241105.1	AC022730.1	processed_pseudogene	0	0	0	0.0000	0.0000	0.0000
ENSG00000241106.8	HLA-DOB	protein_coding	23	8	15	0.6628	0.1644	0.1777
ENSG00000241111.1	PRICKLE2-AS1	lncRNA	3	543	548	0.0262	0.0065	0.0070
ENSG00000241112.1	RPL29P14	processed_pseudogene	5	4	1	0.6625	0.1643	0.1776
ENSG00000241114.1	AC008280.1	processed_pseudogene	0	6	4	0.0000	0.0000	0.0000
ENSG00000241119.2	UGT1A9	protein_coding	0	0	0	0.0000	0.0000	0.0000
ENSG00000241120.1	HMGN1P8	processed_pseudogene	5	5	0	0.9845	0.2442	0.2640
ENSG00000241123.1	KRTAP10-5	protein_coding	0	0	0	0.0000	0.0000	0.0000
ENSG00000241127.8	YAE1	protein_coding	939	471	484	20.8010	5.1584	5.5775
ENSG00000241128.2	OR14A2	protein_coding	0	0	0	0.0000	0.0000	0.0000
ENSG00000241129.3	RPL22P19	transcribed_processed_pseudogene	1	1	0	0.1286	0.0319	0.0345
ENSG00000241130.1	AC012100.1	processed_pseudogene	0	0	0	0.0000	0.0000	0.0000
ENSG00000241131.2	LINC02032	lncRNA	0	0	0	0.0000	0.0000	0.0000
ENSG00000241134.3	BET1P1	processed_pseudogene	0	0	0	0.0000	0.0000	0.0000
ENSG00000241135.6	LINC00881	lncRNA	5	2	3	0.0687	0.0170	0.0184
ENSG00000241136.1	PAICSP6	processed_pseudogene	1	0	1	0.0443	0.0110	0.0119
ENSG00000241143.1	RPL32P9	transcribed_processed_pseudogene	0	0	0	0.0000	0.0000	0.0000
ENSG00000241144.3	RN7SL728P	misc_RNA	0	0	0	0.0000	0.0000	0.0000
ENSG00000241146.1	RPL7P41	processed_pseudogene	1	0	1	0.0593	0.0147	0.0159
ENSG00000241149.3	ZNF722P	protein_coding	1	0	1	0.0390	0.0097	0.0105
ENSG00000241151.1	LINC02066	lncRNA	0	0	0	0.0000	0.0000	0.0000
ENSG00000241152.3	RN7SL720P	misc_RNA	0	0	0	0.0000	0.0000	0.0000
ENSG00000241155.1	ARHGAP31-AS1	lncRNA	15	9	6	1.3632	0.3381	0.3655
ENSG00000241156.3	RN7SL582P	misc_RNA	0	0	0	0.0000	0.0000	0.0000
ENSG00000241157.1	AC104763.1	processed_pseudogene	1	0	1	0.1575	0.0391	0.0422
ENSG00000241158.7	ADAMTS9-AS1	lncRNA	27	35	42	0.2186	0.0542	0.0586
ENSG00000241159.3	RN7SL160P	misc_RNA	1	0	1	0.1997	0.0495	0.0535
ENSG00000241162.3	RN7SL617P	misc_RNA	0	0	0	0.0000	0.0000	0.0000
ENSG00000241163.8	LINC00877	lncRNA	11	2	10	0.0652	0.0162	0.0175
ENSG00000241168.1	AC128685.1	lncRNA	0	0	0	0.0000	0.0000	0.0000
ENSG00000241169.1	FO393419.2	lncRNA	0	0	0	0.0000	0.0000	0.0000
ENSG00000241170.3	AP001992.1	transcribed_processed_pseudogene	34	18	16	1.2586	0.3121	0.3375
ENSG00000241172.3	RN7SL70P	misc_RNA	0	0	0	0.0000	0.0000	0.0000
ENSG00000241174.3	RN7SL570P	misc_RNA	0	0	0	0.0000	0.0000	0.0000
ENSG00000241175.3	RN7SL494P	misc_RNA	0	0	0	0.0000	0.0000	0.0000
ENSG00000241179.1	AC010301.1	processed_pseudogene	2	1	1	0.3195	0.0792	0.0857
ENSG00000241180.1	AL645608.4	lncRNA	0	0	0	0.0000	0.0000	0.0000
ENSG00000241183.1	AC009022.1	processed_pseudogene	0	0	0	0.0000	0.0000	0.0000
ENSG00000241185.2	AC005410.1	transcribed_processed_pseudogene	0	0	0	0.0000	0.0000	0.0000
ENSG00000241186.10	TDGF1	protein_coding	0	0	0	0.0000	0.0000	0.0000
ENSG00000241187.1	AC008379.1	processed_pseudogene	0	0	0	0.0000	0.0000	0.0000
ENSG00000241188.3	RN7SL165P	misc_RNA	1	0	1	0.1949	0.0483	0.0523
ENSG00000241198.3	RN7SL191P	misc_RNA	0	0	0	0.0000	0.0000	0.0000
ENSG00000241200.1	ZNF736P7Y	processed_pseudogene	0	0	0	0.0000	0.0000	0.0000
ENSG00000241202.1	ZIC4-AS1	lncRNA	0	3	4	0.0000	0.0000	0.0000
ENSG00000241203.1	HMGN2P26	processed_pseudogene	0	0	0	0.0000	0.0000	0.0000
ENSG00000241204.1	AC022730.2	processed_pseudogene	1	1	0	0.1255	0.0311	0.0336
ENSG00000241207.1	AC245047.5	unprocessed_pseudogene	0	0	0	0.0000	0.0000	0.0000
ENSG00000241211.1	IQCJ-SCHIP1-AS1	lncRNA	0	0	0	0.0000	0.0000	0.0000
ENSG00000241213.2	LINC02024	lncRNA	0	0	0	0.0000	0.0000	0.0000
ENSG00000241216.1	SNAPC5P1	transcribed_processed_pseudogene	0	0	0	0.0000	0.0000	0.0000
ENSG00000241217.3	RN7SL809P	misc_RNA	11	8	3	2.1004	0.5209	0.5632
ENSG00000241218.1	CSP2	processed_pseudogene	6	5	1	0.2487	0.0617	0.0667
ENSG00000241219.1	AC078785.2	lncRNA	1	0	1	0.0453	0.0112	0.0121
ENSG00000241220.1	AC078788.1	lncRNA	1	0	1	0.0894	0.0222	0.0240
ENSG00000241221.2	MTND4LP17	unprocessed_pseudogene	0	0	0	0.0000	0.0000	0.0000
ENSG00000241223.3	RN7SL39P	misc_RNA	0	0	0	0.0000	0.0000	0.0000
ENSG00000241224.8	C3orf85	protein_coding	0	0	0	0.0000	0.0000	0.0000
ENSG00000241225.2	NMTRS-TGA3-1	unprocessed_pseudogene	0	0	0	0.0000	0.0000	0.0000
ENSG00000241226.3	RN7SL836P	misc_RNA	0	0	0	0.0000	0.0000	0.0000
ENSG00000241227.3	RN7SL553P	misc_RNA	0	0	0	0.0000	0.0000	0.0000
ENSG00000241228.1	RPL12P31	processed_pseudogene	2	0	2	0.2520	0.0625	0.0676
ENSG00000241229.3	RN7SL443P	misc_RNA	1	1	0	0.1956	0.0485	0.0524
ENSG00000241230.3	RN7SL801P	misc_RNA	0	0	0	0.0000	0.0000	0.0000
ENSG00000241231.2	AC068308.1	lncRNA	0	0	0	0.0000	0.0000	0.0000
ENSG00000241233.4	KRTAP5-8	protein_coding	0	0	0	0.0000	0.0000	0.0000
ENSG00000241241.1	KRTAP4-16	protein_coding	0	0	0	0.0000	0.0000	0.0000
ENSG00000241243.3	RN7SL629P	misc_RNA	0	0	0	0.0000	0.0000	0.0000
ENSG00000241244.1	IGKV1D-16	IG_V_gene	34	14	20	5.1009	1.2650	1.3677
ENSG00000241246.3	RN7SL302P	misc_RNA	0	0	0	0.0000	0.0000	0.0000
ENSG00000241248.3	RN7SL727P	misc_RNA	0	0	0	0.0000	0.0000	0.0000
ENSG00000241250.1	RPL17P20	processed_pseudogene	0	0	0	0.0000	0.0000	0.0000
ENSG00000241251.2	AC090525.1	processed_pseudogene	0	0	0	0.0000	0.0000	0.0000
ENSG00000241255.1	AL136126.1	processed_pseudogene	5	2	3	0.7053	0.1749	0.1891
ENSG00000241257.1	AC124945.1	processed_pseudogene	0	0	0	0.0000	0.0000	0.0000
ENSG00000241258.7	CRCP	protein_coding	2225	1145	1080	35.6440	8.8393	9.5573
ENSG00000241261.1	RPL17P19	processed_pseudogene	0	0	0	0.0000	0.0000	0.0000
ENSG00000241269.1	AC093620.1	lncRNA	14	8	6	1.3618	0.3377	0.3651
ENSG00000241278.1	ENPP7P4	transcribed_unprocessed_pseudogene	11	7	4	0.5744	0.1424	0.1540
ENSG00000241280.1	AC106712.1	lncRNA	0	0	0	0.0000	0.0000	0.0000
ENSG00000241281.1	AC010683.1	processed_pseudogene	0	0	0	0.0000	0.0000	0.0000
ENSG00000241282.1	RPL34P33	processed_pseudogene	3	2	3	0.5094	0.1263	0.1366
ENSG00000241286.2	RPL29P25	processed_pseudogene	0	0	0	0.0000	0.0000	0.0000
ENSG00000241288.8	LINC02614	lncRNA	116	67	62	0.9772	0.2423	0.2620
ENSG00000241291.3	RN7SL791P	misc_RNA	0	0	0	0.0000	0.0000	0.0000
ENSG00000241293.1	PPATP1	processed_pseudogene	0	0	0	0.0000	0.0000	0.0000
ENSG00000241294.1	IGKV2-24	IG_V_gene	98	58	41	14.2502	3.5339	3.8210
ENSG00000241295.1	ZBTB20-AS2	lncRNA	0	0	0	0.0000	0.0000	0.0000
ENSG00000241305.1	ACTG1P13	processed_pseudogene	0	0	0	0.0000	0.0000	0.0000
ENSG00000241307.1	AC104472.2	processed_pseudogene	1	0	1	0.0944	0.0234	0.0253
ENSG00000241313.3	WWTR1-AS1	lncRNA	37	86	104	0.7996	0.1983	0.2144
ENSG00000241316.8	SUCLG2-AS1	lncRNA	168	92	76	0.8566	0.2124	0.2297
ENSG00000241317.1	AL133481.3	lncRNA	0	0	0	0.0000	0.0000	0.0000
ENSG00000241318.3	WDR82P2	processed_pseudogene	0	0	0	0.0000	0.0000	0.0000
ENSG00000241319.1	SETP6	processed_pseudogene	0	0	0	0.0000	0.0000	0.0000
ENSG00000241322.11	CDRT1	protein_coding	61	28	34	0.3852	0.0955	0.1033
ENSG00000241324.1	AC004930.1	lncRNA	0	0	0	0.0000	0.0000	0.0000
ENSG00000241326.1	AL603962.1	lncRNA	0	0	0	0.0000	0.0000	0.0000
ENSG00000241328.1	LINC02070	lncRNA	0	0	0	0.0000	0.0000	0.0000
ENSG00000241333.3	RN7SL385P	misc_RNA	1	1	0	0.2055	0.0510	0.0551
ENSG00000241334.2	RPL35AP33	processed_pseudogene	0	0	0	0.0000	0.0000	0.0000
ENSG00000241336.2	LINC01487	lncRNA	0	0	0	0.0000	0.0000	0.0000
ENSG00000241343.10	RPL36A	protein_coding	92	63	70	1.3158	0.3263	0.3528
ENSG00000241344.1	RPL21P47	processed_pseudogene	0	0	0	0.0000	0.0000	0.0000
ENSG00000241345.1	AC004690.2	lncRNA	0	0	0	0.0000	0.0000	0.0000
ENSG00000241346.1	SNRPCP11	processed_pseudogene	1	1	0	0.2766	0.0686	0.0742
ENSG00000241347.3	RN7SL466P	misc_RNA	1	1	0	0.1922	0.0477	0.0515
ENSG00000241350.1	PMS2P11	transcribed_unprocessed_pseudogene	0	0	0	0.0000	0.0000	0.0000
ENSG00000241351.3	IGKV3-11	IG_V_gene	339	177	162	49.0426	12.1621	13.1499
ENSG00000241352.3	AC007688.2	processed_pseudogene	3	0	3	0.2242	0.0556	0.0601
ENSG00000241353.3	PPP1R2P4	processed_pseudogene	0	0	0	0.0000	0.0000	0.0000
ENSG00000241354.2	AL049874.1	processed_pseudogene	0	0	0	0.0000	0.0000	0.0000
ENSG00000241356.2	OR5G3	polymorphic_pseudogene	0	0	0	0.0000	0.0000	0.0000
ENSG00000241357.1	AC092849.1	lncRNA	0	128	129	0.0000	0.0000	0.0000
ENSG00000241358.1	AC069528.1	transcribed_processed_pseudogene	1	0	1	0.0620	0.0154	0.0166
ENSG00000241359.1	SYNPR-AS1	lncRNA	3	1	2	0.3049	0.0756	0.0818
ENSG00000241360.2	PDXP	protein_coding	4	4	1	0.1029	0.0255	0.0276
ENSG00000241361.8	SLC25A24P1	transcribed_unprocessed_pseudogene	164	79	94	4.9418	1.2255	1.3251
ENSG00000241362.2	RPL36AP43	processed_pseudogene	14	6	8	2.5861	0.6413	0.6934
ENSG00000241367.1	RPL7AP23	processed_pseudogene	0	0	0	0.0000	0.0000	0.0000
ENSG00000241369.6	LINC01192	lncRNA	0	0	0	0.0000	0.0000	0.0000
ENSG00000241370.6	RPP21	protein_coding	19	9	10	0.6709	0.1664	0.1799
ENSG00000241383.2	LINC01997	lncRNA	0	0	0	0.0000	0.0000	0.0000
ENSG00000241385.1	AC023245.1	processed_pseudogene	0	0	0	0.0000	0.0000	0.0000
ENSG00000241388.5	HNF1A-AS1	lncRNA	3	1	2	0.0364	0.0090	0.0098
ENSG00000241391.3	RN7SL234P	misc_RNA	0	0	0	0.0000	0.0000	0.0000
ENSG00000241392.3	RN7SL205P	misc_RNA	0	0	0	0.0000	0.0000	0.0000
ENSG00000241395.3	RN7SL344P	misc_RNA	0	0	0	0.0000	0.0000	0.0000
ENSG00000241397.1	LINC00903	lncRNA	0	0	0	0.0000	0.0000	0.0000
ENSG00000241399.7	CD302	protein_coding	487	1513	1538	6.7740	1.6799	1.8163
ENSG00000241400.1	AC022215.1	processed_pseudogene	1	0	1	0.1567	0.0388	0.0420
ENSG00000241404.7	EGFL8	protein_coding	49	20	29	1.0651	0.2641	0.2856
ENSG00000241406.3	RN7SL515P	misc_RNA	0	0	0	0.0000	0.0000	0.0000
ENSG00000241409.1	AC064852.1	lncRNA	1	132	159	0.0666	0.0165	0.0179
ENSG00000241411.1	AC104619.1	processed_pseudogene	6	2	4	0.5392	0.1337	0.1446
ENSG00000241413.3	RN7SL441P	misc_RNA	2	0	2	0.3832	0.0950	0.1027
ENSG00000241416.1	KRT8P13	processed_pseudogene	3	2	1	0.1684	0.0418	0.0452
ENSG00000241418.1	MCRIP2P1	processed_pseudogene	0	0	0	0.0000	0.0000	0.0000
ENSG00000241420.3	RN7SL505P	misc_RNA	0	0	0	0.0000	0.0000	0.0000
ENSG00000241423.2	RPL21P103	processed_pseudogene	0	0	0	0.0000	0.0000	0.0000
ENSG00000241429.1	EEF1A1P25	processed_pseudogene	6	1	5	0.2686	0.0666	0.0720
ENSG00000241431.1	RPL37P6	transcribed_processed_pseudogene	5	0	5	0.7036	0.1745	0.1887
ENSG00000241434.1	AC022137.1	transcribed_processed_pseudogene	0	0	0	0.0000	0.0000	0.0000
ENSG00000241438.1	TDGF1P6	processed_pseudogene	2	1	1	0.2532	0.0628	0.0679
ENSG00000241439.1	AC092903.1	processed_pseudogene	0	0	0	0.0000	0.0000	0.0000
ENSG00000241449.6	AC092666.1	lncRNA	10	7	3	0.1076	0.0267	0.0289
ENSG00000241451.2	RPS27P22	processed_pseudogene	0	0	0	0.0000	0.0000	0.0000
ENSG00000241456.1	AC005996.1	lncRNA	1	1	0	0.1005	0.0249	0.0270
ENSG00000241457.1	PLSCR5-AS1	lncRNA	0	0	0	0.0000	0.0000	0.0000
ENSG00000241458.1	RPL7P19	processed_pseudogene	2	1	1	0.1835	0.0455	0.0492
ENSG00000241461.3	RN7SL182P	misc_RNA	0	0	0	0.0000	0.0000	0.0000
ENSG00000241462.1	AC100832.1	processed_pseudogene	1	0	1	0.1481	0.0367	0.0397
ENSG00000241464.3	RPL39P38	processed_pseudogene	1	0	1	0.3707	0.0919	0.0994
ENSG00000241468.8	ATP5MF	protein_coding	1027	481	546	27.3433	6.7809	7.3316
ENSG00000241469.9	LINC00635	lncRNA	0	0	0	0.0000	0.0000	0.0000
ENSG00000241472.7	PTPRG-AS1	lncRNA	113	441	491	0.7266	0.1802	0.1948
ENSG00000241473.1	AC108734.2	processed_pseudogene	1	0	1	0.0530	0.0132	0.0142
ENSG00000241475.1	AL160408.4	lncRNA	30	10	20	1.8235	0.4522	0.4889
ENSG00000241476.8	SSX2	protein_coding	0	0	0	0.0000	0.0000	0.0000
ENSG00000241478.1	HSPA8P9	processed_pseudogene	3	0	3	0.0876	0.0217	0.0235
ENSG00000241479.1	MECOM-AS1	lncRNA	0	0	0	0.0000	0.0000	0.0000
ENSG00000241484.10	ARHGAP8	protein_coding	472	231	241	5.3641	1.3303	1.4383
ENSG00000241487.3	RN7SL586P	misc_RNA	0	0	0	0.0000	0.0000	0.0000
ENSG00000241489.8	AC244197.3	protein_coding	24	12	12	0.1403	0.0348	0.0376
ENSG00000241490.1	AC093010.1	lncRNA	2	3	3	0.0366	0.0091	0.0098
ENSG00000241493.1	AC018638.3	processed_pseudogene	0	0	0	0.0000	0.0000	0.0000
ENSG00000241494.1	AL355032.1	processed_pseudogene	5	3	2	0.6474	0.1605	0.1736
ENSG00000241499.1	AL132838.2	processed_pseudogene	1	0	1	0.1806	0.0448	0.0484
ENSG00000241505.1	AL391645.1	lncRNA	0	0	0	0.0000	0.0000	0.0000
ENSG00000241506.1	PSMC1P1	processed_pseudogene	16	7	9	0.6874	0.1705	0.1843
ENSG00000241511.1	RPS15AP24	processed_pseudogene	1	1	0	0.1432	0.0355	0.0384
ENSG00000241520.1	AC098820.1	lncRNA	9	5	5	0.5229	0.1297	0.1402
ENSG00000241524.3	RN7SL632P	misc_RNA	0	0	0	0.0000	0.0000	0.0000
ENSG00000241525.4	AC141424.1	lncRNA	0	103	88	0.0000	0.0000	0.0000
ENSG00000241526.1	AC112771.1	processed_pseudogene	0	0	0	0.0000	0.0000	0.0000
ENSG00000241527.1	CA15P1	unitary_pseudogene	0	0	0	0.0000	0.0000	0.0000
ENSG00000241529.3	RN7SL767P	misc_RNA	10	8	2	1.9224	0.4767	0.5155
ENSG00000241532.1	AGGF1P3	processed_pseudogene	0	0	0	0.0000	0.0000	0.0000
ENSG00000241535.1	CBX5P1	processed_pseudogene	4	2	2	0.4043	0.1003	0.1084
ENSG00000241537.1	AC134050.1	processed_pseudogene	0	0	0	0.0000	0.0000	0.0000
ENSG00000241539.1	AC079804.1	processed_pseudogene	0	0	0	0.0000	0.0000	0.0000
ENSG00000241542.3	RN7SL369P	misc_RNA	1	0	1	0.1897	0.0470	0.0509
ENSG00000241544.2	LINC02029	lncRNA	0	1	3	0.0000	0.0000	0.0000
ENSG00000241546.1	AC092910.2	processed_pseudogene	1	0	1	0.1630	0.0404	0.0437
ENSG00000241547.1	ACTG1P20	processed_pseudogene	9	3	6	1.0906	0.2705	0.2924
ENSG00000241549.8	GUSBP2	transcribed_unprocessed_pseudogene	37	17	20	1.0132	0.2513	0.2717
ENSG00000241550.3	RN7SL41P	misc_RNA	0	0	0	0.0000	0.0000	0.0000
ENSG00000241552.3	RN7SL58P	misc_RNA	0	0	0	0.0000	0.0000	0.0000
ENSG00000241553.12	ARPC4	protein_coding	5423	2925	2583	85.2379	21.1381	22.8551
ENSG00000241556.1	AC018475.1	processed_pseudogene	4	2	2	0.4878	0.1210	0.1308
ENSG00000241560.7	ZBTB20-AS1	lncRNA	7	12	9	0.0682	0.0169	0.0183
ENSG00000241562.2	RPL7P5	processed_pseudogene	0	0	0	0.0000	0.0000	0.0000
ENSG00000241563.4	CORT	protein_coding	3	1	2	0.1861	0.0462	0.0499
ENSG00000241566.1	IGKV2D-24	IG_V_gene	2	1	2	0.2908	0.0721	0.0780
ENSG00000241568.3	RN7SL338P	misc_RNA	2	1	1	0.3871	0.0960	0.1038
ENSG00000241570.8	PAQR9-AS1	lncRNA	1	8	3	0.0128	0.0032	0.0034
ENSG00000241571.2	ATP5F1AP7	processed_pseudogene	1	1	0	0.0443	0.0110	0.0119
ENSG00000241572.1	PRICKLE2-AS1	lncRNA	0	0	0	0.0000	0.0000	0.0000
ENSG00000241573.1	AC011005.3	processed_pseudogene	0	0	0	0.0000	0.0000	0.0000
ENSG00000241577.1	AC060234.3	lncRNA	0	0	0	0.0000	0.0000	0.0000
ENSG00000241582.1	RPL23AP8	processed_pseudogene	0	0	0	0.0000	0.0000	0.0000
ENSG00000241587.3	RN7SL482P	misc_RNA	0	0	0	0.0000	0.0000	0.0000
ENSG00000241588.3	RN7SL484P	misc_RNA	0	0	0	0.0000	0.0000	0.0000
ENSG00000241590.1	RPL17P37	processed_pseudogene	0	0	0	0.0000	0.0000	0.0000
ENSG00000241592.1	AC021074.2	processed_pseudogene	0	0	0	0.0000	0.0000	0.0000
ENSG00000241593.5	AC099542.1	lncRNA	1	1	0	0.0450	0.0112	0.0121
ENSG00000241595.2	KRTAP9-4	protein_coding	0	0	0	0.0000	0.0000	0.0000
ENSG00000241596.1	AC092468.1	lncRNA	0	0	0	0.0000	0.0000	0.0000
ENSG00000241597.2	AC022121.1	processed_pseudogene	0	0	0	0.0000	0.0000	0.0000
ENSG00000241598.5	KRTAP5-4	protein_coding	0	0	0	0.0000	0.0000	0.0000
ENSG00000241599.1	AL627309.4	lncRNA	0	0	0	0.0000	0.0000	0.0000
ENSG00000241604.3	RN7SL340P	misc_RNA	0	0	0	0.0000	0.0000	0.0000
ENSG00000241607.1	AC245096.1	unprocessed_pseudogene	0	0	0	0.0000	0.0000	0.0000
ENSG00000241612.1	AC114728.1	processed_pseudogene	5	1	4	0.5871	0.1456	0.1574
ENSG00000241613.3	RN7SL618P	misc_RNA	0	0	0	0.0000	0.0000	0.0000
ENSG00000241621.1	GOLGA2P6	unprocessed_pseudogene	1	0	1	0.0277	0.0069	0.0074
ENSG00000241622.1	RARRES2P1	processed_pseudogene	0	1	0	0.0000	0.0000	0.0000
ENSG00000241625.3	RN7SL18P	misc_RNA	0	0	0	0.0000	0.0000	0.0000
ENSG00000241627.3	UBQLN4P1	processed_pseudogene	3	2	1	0.0945	0.0234	0.0253
ENSG00000241631.3	RN7SL316P	misc_RNA	0	0	0	0.0000	0.0000	0.0000
ENSG00000241634.1	AC069499.1	processed_pseudogene	8	3	5	0.8913	0.2210	0.2390
ENSG00000241635.8	UGT1A1	protein_coding	1	0	1	0.0128	0.0032	0.0034
ENSG00000241636.1	LINC01323	lncRNA	0	0	0	0.0000	0.0000	0.0000
ENSG00000241640.2	AC092757.1	processed_pseudogene	1	0	2	0.1214	0.0301	0.0326
ENSG00000241641.1	RPS23P6	processed_pseudogene	1	1	0	0.1316	0.0326	0.0353
ENSG00000241644.2	INMT	protein_coding	53	30	23	0.8903	0.2208	0.2387
ENSG00000241648.1	CADM2-AS2	lncRNA	0	0	0	0.0000	0.0000	0.0000
ENSG00000241651.4	AC099340.1	processed_pseudogene	1	1	0	0.0947	0.0235	0.0254
ENSG00000241652.3	RN7SL253P	misc_RNA	0	0	0	0.0000	0.0000	0.0000
ENSG00000241654.1	RPL19P18	processed_pseudogene	0	0	0	0.0000	0.0000	0.0000
ENSG00000241656.1	UBA52P7	processed_pseudogene	0	0	0	0.0000	0.0000	0.0000
ENSG00000241657.1	TRBV11-2	lncRNA	1	1	0	0.1390	0.0345	0.0373
ENSG00000241661.1	PPP1R2P6	processed_pseudogene	2	0	2	0.1929	0.0478	0.0517
ENSG00000241665.3	RN7SL418P	misc_RNA	0	0	0	0.0000	0.0000	0.0000
ENSG00000241666.2	AL031733.2	lncRNA	1	6	8	0.0225	0.0056	0.0060
ENSG00000241667.1	AC104445.1	lncRNA	0	0	0	0.0000	0.0000	0.0000
ENSG00000241668.2	RPL19P11	processed_pseudogene	0	0	0	0.0000	0.0000	0.0000
ENSG00000241669.1	LINC01327	lncRNA	0	0	0	0.0000	0.0000	0.0000
ENSG00000241671.1	AC117394.1	processed_pseudogene	0	0	0	0.0000	0.0000	0.0000
ENSG00000241673.1	RPS27P12	processed_pseudogene	0	0	0	0.0000	0.0000	0.0000
ENSG00000241678.1	AC091564.1	processed_pseudogene	1	1	0	0.1184	0.0294	0.0317
ENSG00000241679.2	AC018450.1	lncRNA	1	1	0	0.0760	0.0189	0.0204
ENSG00000241680.1	RPL31P49	processed_pseudogene	3	1	2	0.4537	0.1125	0.1216
ENSG00000241684.6	ADAMTS9-AS2	lncRNA	60	30	30	0.4126	0.1023	0.1106
ENSG00000241685.10	ARPC1A	protein_coding	856	421	435	23.5079	5.8297	6.3032
ENSG00000241690.3	AL035460.1	protein_coding	0	0	0	0.0000	0.0000	0.0000
ENSG00000241693.2	RN7SL704P	misc_RNA	1	0	1	0.2070	0.0513	0.0555
ENSG00000241695.1	GM2AP1	processed_pseudogene	0	0	0	0.0000	0.0000	0.0000
ENSG00000241696.2	LINC02053	lncRNA	1	0	1	0.0162	0.0040	0.0043
ENSG00000241697.5	TMEFF1	protein_coding	0	0	0	0.0000	0.0000	0.0000
ENSG00000241709.3	RN7SL265P	misc_RNA	0	0	0	0.0000	0.0000	0.0000
ENSG00000241717.1	VWFP1	transcribed_unprocessed_pseudogene	54	55	51	1.0534	0.2612	0.2825
ENSG00000241720.2	AL158847.1	lncRNA	31	6008	5859	2.1758	0.5396	0.5834
ENSG00000241721.1	SUMO1P1	processed_pseudogene	1	0	1	0.1853	0.0460	0.0497
ENSG00000241722.2	AC083795.1	processed_pseudogene	0	0	0	0.0000	0.0000	0.0000
ENSG00000241723.1	AC074276.1	processed_pseudogene	0	0	0	0.0000	0.0000	0.0000
ENSG00000241728.5	AP001062.3	lncRNA	0	0	0	0.0000	0.0000	0.0000
ENSG00000241735.2	FABP5P3	transcribed_processed_pseudogene	2	11	7	0.0693	0.0172	0.0186
ENSG00000241738.1	ZNF90P1	processed_pseudogene	0	0	0	0.0000	0.0000	0.0000
ENSG00000241739.1	AC010469.2	processed_pseudogene	0	0	0	0.0000	0.0000	0.0000
ENSG00000241741.1	RPL7AP30	processed_pseudogene	22	13	9	1.5674	0.3887	0.4203
ENSG00000241743.4	XACT	lncRNA	10	5	5	0.0016	0.0004	0.0004
ENSG00000241744.1	AC079953.1	processed_pseudogene	0	0	0	0.0000	0.0000	0.0000
ENSG00000241745.3	RN7SL788P	misc_RNA	0	0	0	0.0000	0.0000	0.0000
ENSG00000241746.1	AC104212.3	processed_pseudogene	7	1	6	0.6321	0.1568	0.1695
ENSG00000241749.4	RPSAP52	transcribed_processed_pseudogene	45	21	24	1.2540	0.3110	0.3362
ENSG00000241754.2	AC063938.1	lncRNA	0	0	0	0.0000	0.0000	0.0000
ENSG00000241755.1	IGKV1-9	IG_V_gene	224	106	119	31.0588	7.7023	8.3279
ENSG00000241756.3	RN7SL83P	misc_RNA	0	0	0	0.0000	0.0000	0.0000
ENSG00000241757.3	RN7SL714P	misc_RNA	0	0	0	0.0000	0.0000	0.0000
ENSG00000241764.4	AC002467.1	lncRNA	74	62	45	1.0611	0.2631	0.2845
ENSG00000241765.2	RPS26P45	processed_pseudogene	3	2	1	0.5004	0.1241	0.1342
ENSG00000241767.2	LINC01324	lncRNA	0	0	0	0.0000	0.0000	0.0000
ENSG00000241769.7	LINC00893	lncRNA	95	52	45	1.4949	0.3707	0.4008
ENSG00000241770.1	AC104411.1	lncRNA	2	0	6	0.3544	0.0879	0.0950
ENSG00000241772.2	AC092620.1	lncRNA	5	2	3	0.2698	0.0669	0.0723
ENSG00000241776.1	AC117482.1	processed_pseudogene	0	0	0	0.0000	0.0000	0.0000
ENSG00000241777.1	AC092185.1	unprocessed_pseudogene	0	0	0	0.0000	0.0000	0.0000
ENSG00000241782.1	AP002812.1	processed_pseudogene	16	11	5	1.9143	0.4747	0.5133
ENSG00000241785.3	RN7SL390P	misc_RNA	1	0	1	0.1997	0.0495	0.0535
ENSG00000241787.1	MTND4P16	unprocessed_pseudogene	0	0	0	0.0000	0.0000	0.0000
ENSG00000241788.2	COX6B1P2	processed_pseudogene	0	0	0	0.0000	0.0000	0.0000
ENSG00000241789.3	RN7SL504P	misc_RNA	0	0	0	0.0000	0.0000	0.0000
ENSG00000241790.2	ENO1P4	processed_pseudogene	0	0	0	0.0000	0.0000	0.0000
ENSG00000241791.3	RN7SL817P	misc_RNA	0	0	0	0.0000	0.0000	0.0000
ENSG00000241792.1	AC092958.2	lncRNA	0	0	0	0.0000	0.0000	0.0000
ENSG00000241794.2	SPRR2A	protein_coding	0	0	0	0.0000	0.0000	0.0000
ENSG00000241804.1	AC126121.1	processed_pseudogene	0	0	0	0.0000	0.0000	0.0000
ENSG00000241807.3	RN7SL319P	misc_RNA	0	0	0	0.0000	0.0000	0.0000
ENSG00000241808.1	RPS15AP34	processed_pseudogene	0	0	0	0.0000	0.0000	0.0000
ENSG00000241809.1	AC022133.1	processed_pseudogene	0	0	0	0.0000	0.0000	0.0000
ENSG00000241810.1	HMGN2P13	processed_pseudogene	0	0	0	0.0000	0.0000	0.0000
ENSG00000241815.1	AC107015.1	processed_pseudogene	0	0	0	0.0000	0.0000	0.0000
ENSG00000241818.1	SCG5-AS1	lncRNA	5	2	3	0.3781	0.0938	0.1014
ENSG00000241821.3	RN7SL170P	misc_RNA	0	0	0	0.0000	0.0000	0.0000
ENSG00000241825.2	RPL7P42	processed_pseudogene	1	6	3	0.0835	0.0207	0.0224
ENSG00000241828.2	AC006517.1	processed_pseudogene	0	0	0	0.0000	0.0000	0.0000
ENSG00000241829.1	RPL21P54	processed_pseudogene	19	10	9	2.3222	0.5759	0.6227
ENSG00000241832.1	CECR3	lncRNA	2	1	1	0.0592	0.0147	0.0159
ENSG00000241834.3	RN7SL149P	misc_RNA	0	0	0	0.0000	0.0000	0.0000
ENSG00000241837.7	ATP5PO	protein_coding	1062	573	491	18.9987	4.7115	5.0942
ENSG00000241838.3	AP000529.1	processed_pseudogene	0	0	0	0.0000	0.0000	0.0000
ENSG00000241839.10	PLEKHO2	protein_coding	3343	1663	1680	50.9491	12.6349	13.6611
ENSG00000241846.1	AC092451.1	processed_pseudogene	0	0	0	0.0000	0.0000	0.0000
ENSG00000241852.10	C8orf58	protein_coding	364	179	185	6.2195	1.5424	1.6676
ENSG00000241853.1	AC097484.1	processed_pseudogene	0	0	0	0.0000	0.0000	0.0000
ENSG00000241859.7	ANOS2P	transcribed_unprocessed_pseudogene	0	0	0	0.0000	0.0000	0.0000
ENSG00000241860.7	AL627309.5	lncRNA	18	1	17	0.1350	0.0335	0.0362
ENSG00000241861.2	GAPDHP50	processed_pseudogene	0	0	0	0.0000	0.0000	0.0000
ENSG00000241866.3	RN7SL401P	misc_RNA	0	0	0	0.0000	0.0000	0.0000
ENSG00000241868.3	RN7SL434P	misc_RNA	0	0	0	0.0000	0.0000	0.0000
ENSG00000241869.3	RN7SL363P	misc_RNA	0	0	0	0.0000	0.0000	0.0000
ENSG00000241870.1	AC008620.1	processed_pseudogene	0	0	0	0.0000	0.0000	0.0000
ENSG00000241874.1	TOMM22P6	processed_pseudogene	0	0	0	0.0000	0.0000	0.0000
ENSG00000241877.1	AC095041.1	processed_pseudogene	0	0	0	0.0000	0.0000	0.0000
ENSG00000241878.11	PISD	protein_coding	4971	2568	2580	56.3585	13.9763	15.1116
ENSG00000241879.1	KLF3P2	processed_pseudogene	0	0	0	0.0000	0.0000	0.0000
ENSG00000241881.1	AC245088.1	lncRNA	0	0	0	0.0000	0.0000	0.0000
ENSG00000241882.1	AC124893.1	lncRNA	0	0	0	0.0000	0.0000	0.0000
ENSG00000241884.2	AC114401.1	lncRNA	0	0	0	0.0000	0.0000	0.0000
ENSG00000241886.1	AC112496.1	lncRNA	5	2	3	0.5045	0.1251	0.1353
ENSG00000241888.2	RPSAP37	processed_pseudogene	0	0	0	0.0000	0.0000	0.0000
ENSG00000241889.1	AC079944.2	processed_pseudogene	11	3	8	0.8499	0.2108	0.2279
ENSG00000241890.1	RPL13P4	processed_pseudogene	0	0	0	0.0000	0.0000	0.0000
ENSG00000241891.1	RPL9P6	processed_pseudogene	0	0	0	0.0000	0.0000	0.0000
ENSG00000241899.1	TPT1P3	processed_pseudogene	0	0	0	0.0000	0.0000	0.0000
ENSG00000241905.1	NDUFS6P1	processed_pseudogene	0	0	0	0.0000	0.0000	0.0000
ENSG00000241907.1	RPS20P4	processed_pseudogene	1	3	2	0.1597	0.0396	0.0428
ENSG00000241911.1	TRBVB	TR_V_pseudogene	0	0	0	0.0000	0.0000	0.0000
ENSG00000241912.1	AC078788.2	lncRNA	0	0	0	0.0000	0.0000	0.0000
ENSG00000241913.1	RPS29P21	processed_pseudogene	0	0	0	0.0000	0.0000	0.0000
ENSG00000241917.1	AC084398.1	processed_pseudogene	0	0	0	0.0000	0.0000	0.0000
ENSG00000241921.1	AC000372.1	lncRNA	0	0	0	0.0000	0.0000	0.0000
ENSG00000241923.2	RPL14P3	processed_pseudogene	6	2	4	0.5470	0.1357	0.1467
ENSG00000241926.1	MTCO1P55	processed_pseudogene	1	1	0	0.0761	0.0189	0.0204
ENSG00000241929.1	AC108751.3	processed_pseudogene	0	0	0	0.0000	0.0000	0.0000
ENSG00000241932.1	RPL35AP34	processed_pseudogene	1	0	1	0.1750	0.0434	0.0469
ENSG00000241933.1	DENND6A-DT	lncRNA	7	5	2	0.1360	0.0337	0.0365
ENSG00000241935.9	HOGA1	protein_coding	17	10	7	0.2324	0.0576	0.0623
ENSG00000241939.3	RN7SL517P	misc_RNA	0	0	0	0.0000	0.0000	0.0000
ENSG00000241941.2	RPL32P26	processed_pseudogene	0	0	0	0.0000	0.0000	0.0000
ENSG00000241942.2	RPS20P20	processed_pseudogene	0	0	0	0.0000	0.0000	0.0000
ENSG00000241943.2	RN7SL188P	misc_RNA	0	0	0	0.0000	0.0000	0.0000
ENSG00000241945.8	PWP2	protein_coding	18	9	9	0.1493	0.0370	0.0400
ENSG00000241946.1	AC068298.1	processed_pseudogene	0	0	0	0.0000	0.0000	0.0000
ENSG00000241947.1	HNRNPA1P24	processed_pseudogene	0	0	0	0.0000	0.0000	0.0000
ENSG00000241950.1	RPL29P23	processed_pseudogene	0	1	0	0.0000	0.0000	0.0000
ENSG00000241954.1	AL021937.4	lncRNA	2	1	1	0.2555	0.0633	0.0685
ENSG00000241956.10	AC109466.1	lncRNA	18	9	10	0.0994	0.0246	0.0266
ENSG00000241959.3	RN7SL76P	misc_RNA	3	1	2	0.5887	0.1460	0.1578
ENSG00000241961.1	AC011037.1	processed_pseudogene	0	0	0	0.0000	0.0000	0.0000
ENSG00000241962.9	AC079447.1	protein_coding	22	274	293	0.6260	0.1552	0.1679
ENSG00000241963.3	RN7SL655P	misc_RNA	0	0	0	0.0000	0.0000	0.0000
ENSG00000241964.3	RN7SL135P	misc_RNA	0	0	0	0.0000	0.0000	0.0000
ENSG00000241965.2	RPS2P25	processed_pseudogene	0	0	0	0.0000	0.0000	0.0000
ENSG00000241973.11	PI4KA	protein_coding	10667	5509	5416	53.0311	13.1512	14.2194
ENSG00000241975.1	ELOCP19	processed_pseudogene	18	8	10	3.2100	0.7960	0.8607
ENSG00000241981.2	AF213884.1	processed_pseudogene	2	1	1	0.2450	0.0607	0.0657
ENSG00000241983.3	RN7SL566P	misc_RNA	3	3	0	0.5748	0.1425	0.1541
ENSG00000241984.2	RPL7AP2	processed_pseudogene	8	3	5	0.6131	0.1520	0.1644
ENSG00000241985.1	WWTR1-IT1	lncRNA	0	0	0	0.0000	0.0000	0.0000
ENSG00000241990.5	PRR34-AS1	lncRNA	193	102	94	10.0137	2.4833	2.6850
ENSG00000241991.1	AC114982.1	processed_pseudogene	1	1	0	0.1584	0.0393	0.0425
ENSG00000241992.3	RN7SL831P	misc_RNA	0	0	0	0.0000	0.0000	0.0000
ENSG00000241993.1	RPL38P1	processed_pseudogene	1	1	0	0.2688	0.0667	0.0721
ENSG00000241997.3	RN7SL323P	misc_RNA	0	0	0	0.0000	0.0000	0.0000
ENSG00000242001.1	AF186996.2	processed_pseudogene	0	0	0	0.0000	0.0000	0.0000
ENSG00000242009.2	AC129807.1	lncRNA	0	0	0	0.0000	0.0000	0.0000
ENSG00000242012.1	AC084211.1	lncRNA	0	0	0	0.0000	0.0000	0.0000
ENSG00000242014.3	RN7SL26P	misc_RNA	0	0	0	0.0000	0.0000	0.0000
ENSG00000242017.1	ALG1L15P	processed_pseudogene	1	1	0	0.0714	0.0177	0.0192
ENSG00000242019.1	KIR3DL3	protein_coding	0	0	0	0.0000	0.0000	0.0000
ENSG00000242020.3	RN7SL68P	misc_RNA	1	0	1	0.1829	0.0454	0.0491
ENSG00000242021.2	AC112493.1	lncRNA	1	1	0	0.0639	0.0159	0.0171
ENSG00000242028.8	HYPK	protein_coding	24	32	40	0.1750	0.0434	0.0469
ENSG00000242029.1	AC078980.1	lncRNA	0	0	0	0.0000	0.0000	0.0000
ENSG00000242034.1	AC097493.1	processed_pseudogene	0	0	0	0.0000	0.0000	0.0000
ENSG00000242036.1	AC128713.1	processed_pseudogene	0	0	0	0.0000	0.0000	0.0000
ENSG00000242041.1	RPL35AP28	processed_pseudogene	0	0	0	0.0000	0.0000	0.0000
ENSG00000242042.1	LINC01743	lncRNA	0	0	0	0.0000	0.0000	0.0000
ENSG00000242048.3	AC093583.1	lncRNA	1	1	0	0.0237	0.0059	0.0064
ENSG00000242049.1	DNAJB8-AS1	lncRNA	2	1	1	0.0631	0.0156	0.0169
ENSG00000242052.1	RPL10P7	processed_pseudogene	6	4	2	0.5444	0.1350	0.1460
ENSG00000242058.2	RPS4XP19	processed_pseudogene	0	0	0	0.0000	0.0000	0.0000
ENSG00000242060.1	RPS3AP49	processed_pseudogene	7	1	6	0.5025	0.1246	0.1347
ENSG00000242061.1	AL160314.1	processed_pseudogene	0	0	0	0.0000	0.0000	0.0000
ENSG00000242062.1	MARK2P6	processed_pseudogene	1	0	1	0.0632	0.0157	0.0170
ENSG00000242065.3	RN7SL291P	misc_RNA	0	0	0	0.0000	0.0000	0.0000
ENSG00000242066.3	RN7SL214P	misc_RNA	0	0	0	0.0000	0.0000	0.0000
ENSG00000242067.1	RPL9P28	processed_pseudogene	0	0	0	0.0000	0.0000	0.0000
ENSG00000242068.1	AC108734.3	processed_pseudogene	2	0	2	0.0974	0.0241	0.0261
ENSG00000242070.1	NPM1P17	processed_pseudogene	0	0	0	0.0000	0.0000	0.0000
ENSG00000242071.3	RPL7AP6	processed_pseudogene	56	33	23	3.9647	0.9832	1.0631
ENSG00000242072.1	AC092590.1	lncRNA	0	0	0	0.0000	0.0000	0.0000
ENSG00000242073.2	AC211429.1	transcribed_unprocessed_pseudogene	0	0	0	0.0000	0.0000	0.0000
ENSG00000242076.2	IGKV1-33	IG_V_gene	6	3	3	0.8082	0.2004	0.2167
ENSG00000242078.1	AC084864.1	lncRNA	2	1	1	0.3719	0.0922	0.0997
ENSG00000242079.1	RN7SL318P	misc_RNA	0	0	0	0.0000	0.0000	0.0000
ENSG00000242080.1	AC008571.1	processed_pseudogene	0	0	0	0.0000	0.0000	0.0000
ENSG00000242082.2	SLC5A4-AS1	lncRNA	0	1	4	0.0000	0.0000	0.0000
ENSG00000242083.2	RPL7AP31	processed_pseudogene	2	1	1	0.1421	0.0352	0.0381
ENSG00000242085.1	RPS20P33	processed_pseudogene	15	7	8	2.4030	0.5959	0.6443
ENSG00000242086.8	MUC20-OT1	lncRNA	979	498	481	3.1547	0.7823	0.8459
ENSG00000242087.2	RPL36AP41	processed_pseudogene	0	0	0	0.0000	0.0000	0.0000
ENSG00000242088.1	AC090602.1	processed_pseudogene	1	1	0	0.2250	0.0558	0.0603
ENSG00000242094.1	FOXP1-IT1	lncRNA	3	3	5	0.0481	0.0119	0.0129
ENSG00000242097.1	AC068647.1	processed_pseudogene	1	0	1	0.0250	0.0062	0.0067
ENSG00000242100.2	RPL9P32	processed_pseudogene	1	0	2	0.0915	0.0227	0.0245
ENSG00000242101.3	RN7SL416P	misc_RNA	0	0	0	0.0000	0.0000	0.0000
ENSG00000242102.3	RN7SL152P	misc_RNA	0	0	0	0.0000	0.0000	0.0000
ENSG00000242103.1	AC079841.1	processed_pseudogene	0	0	0	0.0000	0.0000	0.0000
ENSG00000242104.5	LINC02618	transcribed_unitary_pseudogene	0	0	0	0.0000	0.0000	0.0000
ENSG00000242107.2	LINC01100	lncRNA	0	0	0	0.0000	0.0000	0.0000
ENSG00000242109.1	NPM1P23	transcribed_processed_pseudogene	0	0	0	0.0000	0.0000	0.0000
ENSG00000242110.8	AMACR	protein_coding	76	46	31	0.8892	0.2205	0.2384
ENSG00000242111.1	TOPORSLP	transcribed_unitary_pseudogene	0	0	0	0.0000	0.0000	0.0000
ENSG00000242113.3	RN7SL124P	misc_RNA	4	1	3	0.7959	0.1974	0.2134
ENSG00000242114.6	MTFP1	protein_coding	16	9	7	0.5657	0.1403	0.1517
ENSG00000242118.3	RN7SL201P	misc_RNA	0	0	0	0.0000	0.0000	0.0000
ENSG00000242119.1	AC117454.1	processed_pseudogene	0	0	0	0.0000	0.0000	0.0000
ENSG00000242120.4	MDFIC2	protein_coding	0	0	0	0.0000	0.0000	0.0000
ENSG00000242121.3	RN7SL267P	misc_RNA	0	0	0	0.0000	0.0000	0.0000
ENSG00000242123.1	AC053481.1	processed_pseudogene	0	0	0	0.0000	0.0000	0.0000
ENSG00000242125.3	SNHG3	lncRNA	2086	1062	1024	28.9376	7.1762	7.7591
ENSG00000242134.2	RPL5P13	processed_pseudogene	2	2	0	0.1600	0.0397	0.0429
ENSG00000242135.2	RPL17P2	processed_pseudogene	0	0	0	0.0000	0.0000	0.0000
ENSG00000242136.1	AC093904.2	lncRNA	0	0	0	0.0000	0.0000	0.0000
ENSG00000242137.1	RPL11P5	processed_pseudogene	0	0	0	0.0000	0.0000	0.0000
ENSG00000242140.1	AC083904.1	processed_pseudogene	0	0	0	0.0000	0.0000	0.0000
ENSG00000242142.1	SERBP1P3	processed_pseudogene	6	4	2	0.4206	0.1043	0.1128
ENSG00000242145.1	AC099542.2	lncRNA	0	0	0	0.0000	0.0000	0.0000
ENSG00000242147.3	LASTR	lncRNA	290	142	148	3.0989	0.7685	0.8309
ENSG00000242151.1	DYNLL1P5	processed_pseudogene	0	0	0	0.0000	0.0000	0.0000
ENSG00000242152.1	AC108729.1	processed_pseudogene	0	0	0	0.0000	0.0000	0.0000
ENSG00000242153.7	OFD1P6Y	transcribed_unprocessed_pseudogene	1	0	1	0.0139	0.0034	0.0037
ENSG00000242154.1	AC004884.2	lncRNA	4	3	4	0.4155	0.1030	0.1114
ENSG00000242156.1	AC000041.1	unprocessed_pseudogene	0	0	0	0.0000	0.0000	0.0000
ENSG00000242158.3	RN7SL361P	misc_RNA	0	0	0	0.0000	0.0000	0.0000
ENSG00000242159.1	ABCF2P1	processed_pseudogene	2	1	1	0.0607	0.0151	0.0163
ENSG00000242162.1	AC018639.1	processed_pseudogene	0	0	0	0.0000	0.0000	0.0000
ENSG00000242163.1	AL121769.1	processed_pseudogene	1	0	1	0.1414	0.0351	0.0379
ENSG00000242165.3	RN7SL222P	misc_RNA	0	0	0	0.0000	0.0000	0.0000
ENSG00000242169.2	AC093789.1	processed_pseudogene	2	0	2	0.1748	0.0433	0.0469
ENSG00000242170.3	RN7SL329P	misc_RNA	3	2	1	0.5690	0.1411	0.1526
ENSG00000242173.10	ARHGDIG	protein_coding	1	1	0	0.0307	0.0076	0.0082
ENSG00000242175.3	RN7SL127P	misc_RNA	0	0	0	0.0000	0.0000	0.0000
ENSG00000242176.1	RPL39P31	processed_pseudogene	0	0	0	0.0000	0.0000	0.0000
ENSG00000242178.1	MTND4P17	processed_pseudogene	0	0	0	0.0000	0.0000	0.0000
ENSG00000242182.3	RN7SL745P	misc_RNA	1	1	0	0.1897	0.0470	0.0509
ENSG00000242186.2	AC231760.1	transcribed_unitary_pseudogene	0	0	0	0.0000	0.0000	0.0000
ENSG00000242190.1	AC017015.2	lncRNA	3	2	1	0.4525	0.1122	0.1213
ENSG00000242193.11	CRYZL2P	transcribed_unitary_pseudogene	588	293	295	6.0639	1.5038	1.6259
ENSG00000242195.1	SRRM1P2	processed_pseudogene	0	0	0	0.0000	0.0000	0.0000
ENSG00000242197.2	AC098869.1	processed_pseudogene	0	0	0	0.0000	0.0000	0.0000
ENSG00000242198.1	AC008897.1	processed_pseudogene	27	15	12	4.4126	1.0943	1.1832
ENSG00000242199.1	AC022336.1	processed_pseudogene	3	2	1	0.5048	0.1252	0.1354
ENSG00000242201.3	RN7SL215P	misc_RNA	0	0	0	0.0000	0.0000	0.0000
ENSG00000242206.2	RPS26P35	processed_pseudogene	1	1	0	0.1639	0.0406	0.0439
ENSG00000242207.1	HOXB-AS4	lncRNA	1	0	1	0.0848	0.0210	0.0227
ENSG00000242208.1	RPL5P29	processed_pseudogene	4	3	1	0.2537	0.0629	0.0680
ENSG00000242209.1	AC006445.1	processed_pseudogene	0	0	0	0.0000	0.0000	0.0000
ENSG00000242214.1	MTND3P6	unprocessed_pseudogene	0	0	0	0.0000	0.0000	0.0000
ENSG00000242216.3	RN7SL97P	misc_RNA	0	0	0	0.0000	0.0000	0.0000
ENSG00000242220.9	TCP10L	protein_coding	4	2	2	0.0196	0.0049	0.0053
ENSG00000242221.9	PSG2	protein_coding	0	0	0	0.0000	0.0000	0.0000
ENSG00000242222.1	AC092989.1	processed_pseudogene	1	0	1	0.2047	0.0508	0.0549
ENSG00000242229.1	RPS3AP14	processed_pseudogene	0	0	0	0.0000	0.0000	0.0000
ENSG00000242236.2	RN7SL594P	misc_RNA	2	1	1	0.3952	0.0980	0.1060
ENSG00000242241.3	RN7SL306P	misc_RNA	1	1	0	0.1916	0.0475	0.0514
ENSG00000242242.6	NECTIN3-AS1	lncRNA	3	2	1	0.0522	0.0129	0.0140
ENSG00000242244.1	ATP5MC1P3	processed_pseudogene	0	0	0	0.0000	0.0000	0.0000
ENSG00000242246.2	AL603908.1	processed_pseudogene	0	0	0	0.0000	0.0000	0.0000
ENSG00000242247.11	ARFGAP3	protein_coding	3629	1855	1774	62.8782	15.5932	16.8598
ENSG00000242248.2	RPL7AP57	processed_pseudogene	0	0	0	0.0000	0.0000	0.0000
ENSG00000242251.3	RN7SL20P	misc_RNA	0	0	0	0.0000	0.0000	0.0000
ENSG00000242252.2	BGLAP	protein_coding	7	4	3	0.4118	0.1021	0.1104
ENSG00000242255.1	RPL39P34	transcribed_unprocessed_pseudogene	0	0	0	0.0000	0.0000	0.0000
ENSG00000242256.3	RN7SL57P	misc_RNA	0	0	0	0.0000	0.0000	0.0000
ENSG00000242258.1	LINC00996	lncRNA	10	6	4	0.2612	0.0648	0.0700
ENSG00000242259.9	C22orf39	protein_coding	2212	1128	1084	19.2870	4.7830	5.1715
ENSG00000242261.1	AC018635.1	processed_pseudogene	0	75	75	0.0000	0.0000	0.0000
ENSG00000242262.1	AC092597.1	processed_pseudogene	8	1	7	0.7365	0.1826	0.1975
ENSG00000242265.6	PEG10	protein_coding	6326	3280	3143	53.6324	13.3003	14.3806
ENSG00000242266.3	RN7SL456P	misc_RNA	0	0	0	0.0000	0.0000	0.0000
ENSG00000242267.6	SKINT1L	transcribed_unprocessed_pseudogene	4	1	3	0.1129	0.0280	0.0303
ENSG00000242268.3	LINC02082	lncRNA	0	0	0	0.0000	0.0000	0.0000
ENSG00000242272.1	AK2P2	processed_pseudogene	1	0	1	0.1400	0.0347	0.0375
ENSG00000242276.2	RPL5P3	processed_pseudogene	5	2	3	0.3190	0.0791	0.0855
ENSG00000242278.1	RPS3AP48	processed_pseudogene	0	0	0	0.0000	0.0000	0.0000
ENSG00000242279.1	AP000893.1	processed_pseudogene	0	0	0	0.0000	0.0000	0.0000
ENSG00000242280.1	SLC16A1P1	processed_pseudogene	0	0	0	0.0000	0.0000	0.0000
ENSG00000242281.3	RN7SL159P	misc_RNA	0	0	0	0.0000	0.0000	0.0000
ENSG00000242282.6	AC108488.1	lncRNA	1	1	0	0.0370	0.0092	0.0099
ENSG00000242285.1	RPL6P8	processed_pseudogene	0	0	0	0.0000	0.0000	0.0000
ENSG00000242288.9	BMS1P4-AGAP5	lncRNA	0	0	0	0.0000	0.0000	0.0000
ENSG00000242290.2	ZBTB20-AS5	lncRNA	0	0	0	0.0000	0.0000	0.0000
ENSG00000242291.1	RPL36AP51	processed_pseudogene	1	1	0	0.1783	0.0442	0.0478
ENSG00000242292.2	AC010631.1	processed_pseudogene	0	0	0	0.0000	0.0000	0.0000
ENSG00000242293.1	RPS29P1	processed_pseudogene	0	0	0	0.0000	0.0000	0.0000
ENSG00000242294.6	STAG3L5P	transcribed_unprocessed_pseudogene	116	65	51	2.3461	0.5818	0.6291
ENSG00000242295.1	AC087477.1	processed_pseudogene	1	0	1	0.1668	0.0414	0.0447
ENSG00000242296.2	DEFB109A	unprocessed_pseudogene	0	0	0	0.0000	0.0000	0.0000
ENSG00000242299.1	AC073861.1	processed_pseudogene	97	47	51	11.9845	2.9720	3.2134
ENSG00000242307.1	RPS26P52	processed_pseudogene	0	0	0	0.0000	0.0000	0.0000
ENSG00000242308.2	AC048334.1	unprocessed_pseudogene	0	0	0	0.0000	0.0000	0.0000
ENSG00000242314.1	RPL12P32	processed_pseudogene	3	2	1	0.3444	0.0854	0.0923
ENSG00000242315.3	RN7SL685P	misc_RNA	0	0	0	0.0000	0.0000	0.0000
ENSG00000242317.1	AC121764.1	lncRNA	0	0	0	0.0000	0.0000	0.0000
ENSG00000242318.1	AC058823.1	processed_pseudogene	0	0	0	0.0000	0.0000	0.0000
ENSG00000242320.2	RPL21P126	processed_pseudogene	0	0	0	0.0000	0.0000	0.0000
ENSG00000242321.1	RPL23AP40	processed_pseudogene	1	0	1	0.1454	0.0361	0.0390
ENSG00000242324.1	AL049634.1	unprocessed_pseudogene	9	5	4	0.2967	0.0736	0.0796
ENSG00000242325.1	RPS12P31	processed_pseudogene	0	0	0	0.0000	0.0000	0.0000
ENSG00000242326.1	MCUR1P2	processed_pseudogene	0	0	0	0.0000	0.0000	0.0000
ENSG00000242327.1	AC023906.1	processed_pseudogene	2	1	1	0.2504	0.0621	0.0671
ENSG00000242329.1	AC007215.1	processed_pseudogene	0	0	0	0.0000	0.0000	0.0000
ENSG00000242330.3	RN7SL683P	misc_RNA	0	0	0	0.0000	0.0000	0.0000
ENSG00000242337.5	INHCAP	transcribed_unprocessed_pseudogene	5	15	9	0.1223	0.0303	0.0328
ENSG00000242338.6	BMS1P4	transcribed_unprocessed_pseudogene	21	10	11	0.6009	0.1490	0.1611
ENSG00000242339.2	LINC02025	lncRNA	0	0	0	0.0000	0.0000	0.0000
ENSG00000242341.3	RN7SL646P	misc_RNA	0	0	0	0.0000	0.0000	0.0000
ENSG00000242348.3	RN7SL561P	misc_RNA	0	0	0	0.0000	0.0000	0.0000
ENSG00000242352.2	FAM91A3P	transcribed_processed_pseudogene	9	4	5	0.2006	0.0498	0.0538
ENSG00000242353.1	RPL12P30	processed_pseudogene	1	0	1	0.1136	0.0282	0.0305
ENSG00000242358.1	RPS21P4	processed_pseudogene	0	3	11	0.0000	0.0000	0.0000
ENSG00000242360.3	RN7SL272P	misc_RNA	0	0	0	0.0000	0.0000	0.0000
ENSG00000242362.2	CT47A2	protein_coding	0	0	0	0.0000	0.0000	0.0000
ENSG00000242364.1	AC108725.1	processed_pseudogene	0	0	0	0.0000	0.0000	0.0000
ENSG00000242365.1	NDUFA5P5	processed_pseudogene	0	0	0	0.0000	0.0000	0.0000
ENSG00000242366.3	UGT1A8	protein_coding	0	0	0	0.0000	0.0000	0.0000
ENSG00000242370.1	KCNAB1-AS1	lncRNA	0	0	0	0.0000	0.0000	0.0000
ENSG00000242371.1	IGKV1-39	IG_V_gene	6	5	1	0.8549	0.2120	0.2292
ENSG00000242372.9	EIF6	protein_coding	3901	1961	1941	135.1409	33.5136	36.2358
ENSG00000242375.1	AL590705.3	lncRNA	37	19	18	4.4267	1.0978	1.1870
ENSG00000242381.3	RN7SL741P	misc_RNA	0	0	0	0.0000	0.0000	0.0000
ENSG00000242385.1	LINC00901	lncRNA	0	0	0	0.0000	0.0000	0.0000
ENSG00000242387.1	H2AC3P	transcribed_processed_pseudogene	0	0	0	0.0000	0.0000	0.0000
ENSG00000242389.8	RBMY1E	protein_coding	0	0	0	0.0000	0.0000	0.0000
ENSG00000242390.1	RPL6P9	processed_pseudogene	0	0	0	0.0000	0.0000	0.0000
ENSG00000242391.2	AC099677.3	lncRNA	1	2	5	0.1492	0.0370	0.0400
ENSG00000242393.1	AC010141.2	unprocessed_pseudogene	0	0	0	0.0000	0.0000	0.0000
ENSG00000242396.1	AC096536.2	lncRNA	1	1929	1849	0.0986	0.0245	0.0264
ENSG00000242398.3	RN7SL800P	misc_RNA	0	0	0	0.0000	0.0000	0.0000
ENSG00000242399.1	RPS20P23	processed_pseudogene	0	0	0	0.0000	0.0000	0.0000
ENSG00000242405.2	AC007537.1	processed_pseudogene	2	2	0	0.2220	0.0550	0.0595
ENSG00000242407.1	AC091179.1	lncRNA	0	0	0	0.0000	0.0000	0.0000
ENSG00000242411.2	AC011506.1	processed_pseudogene	1	0	1	0.0930	0.0231	0.0249
ENSG00000242412.1	DBIL5P2	transcribed_processed_pseudogene	0	0	0	0.0000	0.0000	0.0000
ENSG00000242417.1	RPL18P1	processed_pseudogene	0	0	0	0.0000	0.0000	0.0000
ENSG00000242419.5	PCDHGC4	protein_coding	8	4	4	0.0912	0.0226	0.0245
ENSG00000242423.2	RPL12P36	processed_pseudogene	0	0	0	0.0000	0.0000	0.0000
ENSG00000242428.6	CFAP20DC-AS1	lncRNA	4	15	11	0.0570	0.0141	0.0153
ENSG00000242430.3	RN7SL274P	misc_RNA	0	0	0	0.0000	0.0000	0.0000
ENSG00000242431.2	AC107398.1	processed_pseudogene	0	0	0	0.0000	0.0000	0.0000
ENSG00000242435.1	UPK3BP1	transcribed_unprocessed_pseudogene	0	0	0	0.0000	0.0000	0.0000
ENSG00000242436.3	RN7SL789P	misc_RNA	0	0	0	0.0000	0.0000	0.0000
ENSG00000242439.1	AC127024.1	processed_pseudogene	0	0	0	0.0000	0.0000	0.0000
ENSG00000242440.2	LINC02046	lncRNA	0	0	0	0.0000	0.0000	0.0000
ENSG00000242441.8	GTF2A1L	protein_coding	0	0	0	0.0000	0.0000	0.0000
ENSG00000242444.3	AC007207.1	transcribed_processed_pseudogene	0	0	0	0.0000	0.0000	0.0000
ENSG00000242445.1	RPL7AP11	processed_pseudogene	15	7	8	1.0646	0.2640	0.2855
ENSG00000242456.1	MTCO3P38	processed_pseudogene	0	0	0	0.0000	0.0000	0.0000
ENSG00000242457.1	RBBP4P2	processed_pseudogene	6	4	4	0.2692	0.0668	0.0722
ENSG00000242461.1	RPS15AP32	processed_pseudogene	0	0	0	0.0000	0.0000	0.0000
ENSG00000242472.1	IGHJ5	IG_J_gene	2	1	1	2.3147	0.5740	0.6206
ENSG00000242473.1	KIR2DP1	unprocessed_pseudogene	0	0	0	0.0000	0.0000	0.0000
ENSG00000242474.3	AC093627.5	lncRNA	231	115	116	2.6132	0.6480	0.7007
ENSG00000242477.1	AC091429.1	processed_pseudogene	5	3	2	0.4356	0.1080	0.1168
ENSG00000242479.1	AC109992.1	processed_pseudogene	0	59	62	0.0000	0.0000	0.0000
ENSG00000242482.3	RN7SL392P	misc_RNA	0	0	0	0.0000	0.0000	0.0000
ENSG00000242483.3	RN7SL293P	misc_RNA	0	0	0	0.0000	0.0000	0.0000
ENSG00000242485.6	MRPL20	protein_coding	3395	2066	1941	69.5809	17.2554	18.6570
ENSG00000242488.2	AF107885.1	transcribed_processed_pseudogene	0	0	0	0.0000	0.0000	0.0000
ENSG00000242493.3	RN7SL37P	misc_RNA	1	1	0	0.1847	0.0458	0.0495
ENSG00000242498.8	ARPIN	protein_coding	3566	1855	1902	23.5422	5.8382	6.3125
ENSG00000242507.6	FO393401.1	transcribed_unprocessed_pseudogene	1	0	1	0.0427	0.0106	0.0115
ENSG00000242509.3	RN7SL156P	misc_RNA	0	0	0	0.0000	0.0000	0.0000
ENSG00000242510.1	NDUFB4P1	processed_pseudogene	0	0	0	0.0000	0.0000	0.0000
ENSG00000242512.9	LINC01206	lncRNA	3	1	2	0.0078	0.0019	0.0021
ENSG00000242515.5	UGT1A10	protein_coding	0	0	0	0.0000	0.0000	0.0000
ENSG00000242516.2	LINC00960	lncRNA	5	20	17	0.0433	0.0107	0.0116
ENSG00000242520.5	MAGEA5	transcribed_unprocessed_pseudogene	0	0	0	0.0000	0.0000	0.0000
ENSG00000242522.1	KLHL6-AS1	lncRNA	0	0	0	0.0000	0.0000	0.0000
ENSG00000242524.1	OR2U2P	unprocessed_pseudogene	0	0	0	0.0000	0.0000	0.0000
ENSG00000242525.1	OR7E100P	unprocessed_pseudogene	1	0	1	0.0559	0.0139	0.0150
ENSG00000242527.1	AC100771.1	processed_pseudogene	3	1	2	0.6098	0.1512	0.1635
ENSG00000242529.1	AHCYP8	transcribed_processed_pseudogene	0	0	0	0.0000	0.0000	0.0000
ENSG00000242531.1	AC083798.1	unprocessed_pseudogene	5	2	3	2.1645	0.5368	0.5804
ENSG00000242534.2	IGKV2D-28	IG_V_gene	8	6	3	1.1286	0.2799	0.3026
ENSG00000242536.2	AC079943.2	lncRNA	0	0	0	0.0000	0.0000	0.0000
ENSG00000242537.1	MRE11P1	processed_pseudogene	0	0	0	0.0000	0.0000	0.0000
ENSG00000242539.2	AC007620.2	lncRNA	0	1986	2093	0.0000	0.0000	0.0000
ENSG00000242540.3	AC010729.2	lncRNA	1	0	1	0.0229	0.0057	0.0061
ENSG00000242545.1	AC126121.2	lncRNA	0	0	0	0.0000	0.0000	0.0000
ENSG00000242547.3	RN7SL169P	misc_RNA	0	0	0	0.0000	0.0000	0.0000
ENSG00000242550.6	SERPINB10	protein_coding	5	4	1	0.1049	0.0260	0.0281
ENSG00000242551.2	POU5F1P6	unprocessed_pseudogene	1	1	0	0.0573	0.0142	0.0154
ENSG00000242552.1	MRPL42P4	processed_pseudogene	0	0	0	0.0000	0.0000	0.0000
ENSG00000242553.1	AP001432.1	lncRNA	10	6	4	1.0906	0.2705	0.2924
ENSG00000242559.3	RN7SL144P	misc_RNA	0	0	0	0.0000	0.0000	0.0000
ENSG00000242560.3	RN7SL797P	misc_RNA	0	0	0	0.0000	0.0000	0.0000
ENSG00000242561.1	ATP5MGP5	processed_pseudogene	0	0	0	0.0000	0.0000	0.0000
ENSG00000242562.1	DCAF13P1	processed_pseudogene	3	0	3	0.1279	0.0317	0.0343
ENSG00000242565.3	RN7SL372P	misc_RNA	0	0	0	0.0000	0.0000	0.0000
ENSG00000242568.1	AC121764.2	lncRNA	0	0	0	0.0000	0.0000	0.0000
ENSG00000242571.1	RPL21P11	processed_pseudogene	4	2	2	0.4696	0.1165	0.1259
ENSG00000242573.1	ACTR3P3	processed_pseudogene	0	0	0	0.0000	0.0000	0.0000
ENSG00000242574.9	HLA-DMB	protein_coding	2020	1016	1005	24.8329	6.1583	6.6585
ENSG00000242575.1	TUBAP13	transcribed_processed_pseudogene	0	0	0	0.0000	0.0000	0.0000
ENSG00000242578.1	AC073288.2	lncRNA	1	1	0	0.0854	0.0212	0.0229
ENSG00000242580.1	IGKV1D-43	IG_V_gene	14	8	6	1.4924	0.3701	0.4002
ENSG00000242583.1	KMT5AP3	processed_pseudogene	1	0	1	0.0801	0.0199	0.0215
ENSG00000242586.1	AC108740.1	unprocessed_pseudogene	0	0	0	0.0000	0.0000	0.0000
ENSG00000242588.6	AC108010.1	lncRNA	71	42	29	2.5943	0.6434	0.6956
ENSG00000242590.1	AL645608.5	lncRNA	0	0	0	0.0000	0.0000	0.0000
ENSG00000242593.7	AC006148.1	lncRNA	0	0	0	0.0000	0.0000	0.0000
ENSG00000242595.1	RPL26P26	processed_pseudogene	1	0	1	0.1307	0.0324	0.0350
ENSG00000242598.1	MED28P8	processed_pseudogene	0	0	0	0.0000	0.0000	0.0000
ENSG00000242599.7	CSAG4	transcribed_unprocessed_pseudogene	0	0	0	0.0000	0.0000	0.0000
ENSG00000242600.8	MBL1P	transcribed_unitary_pseudogene	2	2	0	0.0796	0.0198	0.0214
ENSG00000242602.1	RPL35AP13	processed_pseudogene	1	1	0	0.1783	0.0442	0.0478
ENSG00000242607.1	RPS3AP34	processed_pseudogene	8	4	5	0.5809	0.1441	0.1558
ENSG00000242608.1	RPS23P5	processed_pseudogene	0	0	0	0.0000	0.0000	0.0000
ENSG00000242609.1	CCDC137P	processed_pseudogene	0	0	0	0.0000	0.0000	0.0000
ENSG00000242610.2	OR5BH1P	unprocessed_pseudogene	0	0	0	0.0000	0.0000	0.0000
ENSG00000242611.2	AC093627.6	lncRNA	1	1	0	0.0415	0.0103	0.0111
ENSG00000242612.7	DECR2	protein_coding	745	388	357	10.5254	2.6102	2.8222
ENSG00000242613.1	AC063952.3	processed_pseudogene	0	0	0	0.0000	0.0000	0.0000
ENSG00000242614.3	RN7SL164P	misc_RNA	0	0	0	0.0000	0.0000	0.0000
ENSG00000242615.1	AC022415.1	transcribed_processed_pseudogene	62	30	32	2.3177	0.5748	0.6215
ENSG00000242616.4	GNG10	protein_coding	5	5	0	0.2361	0.0585	0.0633
ENSG00000242618.2	AC112219.1	lncRNA	0	0	0	0.0000	0.0000	0.0000
ENSG00000242622.2	AC092910.3	lncRNA	125	70	55	2.1953	0.5444	0.5886
ENSG00000242628.6	AC009228.1	lncRNA	10	101	89	0.1125	0.0279	0.0302
ENSG00000242634.1	RPS24P16	processed_pseudogene	0	0	0	0.0000	0.0000	0.0000
ENSG00000242635.2	RPS14P7	processed_pseudogene	0	0	0	0.0000	0.0000	0.0000
ENSG00000242636.1	RPL21P129	processed_pseudogene	0	0	0	0.0000	0.0000	0.0000
ENSG00000242638.3	RN7SL294P	misc_RNA	0	0	0	0.0000	0.0000	0.0000
ENSG00000242640.1	RPS29P11	processed_pseudogene	0	0	0	0.0000	0.0000	0.0000
ENSG00000242641.6	LINC00971	lncRNA	1	0	1	0.0065	0.0016	0.0017
ENSG00000242650.3	RN7SL292P	misc_RNA	0	0	0	0.0000	0.0000	0.0000
ENSG00000242651.3	RN7SL862P	misc_RNA	3	1	2	0.5709	0.1416	0.1531
ENSG00000242653.3	RN7SL132P	misc_RNA	0	0	0	0.0000	0.0000	0.0000
ENSG00000242654.1	RPL32P14	processed_pseudogene	0	0	0	0.0000	0.0000	0.0000
ENSG00000242657.3	RN7SL581P	misc_RNA	0	0	0	0.0000	0.0000	0.0000
ENSG00000242659.1	AC108693.2	lncRNA	7	77	75	1.3101	0.3249	0.3513
ENSG00000242660.1	AC015911.1	processed_pseudogene	1	1	0	0.3635	0.0902	0.0975
ENSG00000242661.1	RPS3AP43	processed_pseudogene	2	0	2	0.1452	0.0360	0.0389
ENSG00000242667.1	AC087385.2	processed_pseudogene	4	3	1	0.4555	0.1130	0.1221
ENSG00000242668.3	RN7SL317P	misc_RNA	0	0	0	0.0000	0.0000	0.0000
ENSG00000242670.1	RPL22P13	processed_pseudogene	0	0	0	0.0000	0.0000	0.0000
ENSG00000242671.2	LINC02010	lncRNA	0	0	0	0.0000	0.0000	0.0000
ENSG00000242673.3	RN7SL167P	misc_RNA	0	0	0	0.0000	0.0000	0.0000
ENSG00000242675.1	RPS16P9	processed_pseudogene	0	0	0	0.0000	0.0000	0.0000
ENSG00000242683.1	RPL12P21	processed_pseudogene	0	0	0	0.0000	0.0000	0.0000
ENSG00000242686.4	PDE6B-AS1	lncRNA	0	0	0	0.0000	0.0000	0.0000
ENSG00000242688.3	RN7SL304P	misc_RNA	1	0	1	0.1884	0.0467	0.0505
ENSG00000242689.3	CNTF	protein_coding	50	30	20	1.4908	0.3697	0.3997
ENSG00000242692.1	RPS27AP1	processed_pseudogene	1	0	1	0.1204	0.0299	0.0323
ENSG00000242696.3	RN7SL40P	misc_RNA	0	0	0	0.0000	0.0000	0.0000
ENSG00000242697.2	RPL5P12	processed_pseudogene	3	0	3	0.1999	0.0496	0.0536
ENSG00000242699.3	RN7SL516P	misc_RNA	0	0	0	0.0000	0.0000	0.0000
ENSG00000242703.1	CCT4P1	processed_pseudogene	0	0	0	0.0000	0.0000	0.0000
ENSG00000242705.1	ICE2P2	processed_pseudogene	1	1	0	0.0203	0.0050	0.0055
ENSG00000242706.2	RPS27AP9	processed_pseudogene	0	0	0	0.0000	0.0000	0.0000
ENSG00000242707.3	RN7SL362P	misc_RNA	0	0	0	0.0000	0.0000	0.0000
ENSG00000242709.1	RPL30P9	processed_pseudogene	0	0	0	0.0000	0.0000	0.0000
ENSG00000242715.8	CCDC169	protein_coding	31	14	17	0.1989	0.0493	0.0533
ENSG00000242719.3	RN7SL806P	misc_RNA	0	0	0	0.0000	0.0000	0.0000
ENSG00000242727.2	AC104687.1	processed_pseudogene	0	0	0	0.0000	0.0000	0.0000
ENSG00000242728.1	UQCRHP4	processed_pseudogene	0	0	0	0.0000	0.0000	0.0000
ENSG00000242729.1	AC021006.1	processed_pseudogene	0	0	0	0.0000	0.0000	0.0000
ENSG00000242731.3	FAM86LP	unprocessed_pseudogene	1	1	0	0.0665	0.0165	0.0178
ENSG00000242732.4	RTL5	protein_coding	458	232	226	5.4349	1.3478	1.4573
ENSG00000242735.1	RPSAP26	processed_pseudogene	0	0	0	0.0000	0.0000	0.0000
ENSG00000242736.1	TRBV1	TR_V_pseudogene	0	0	0	0.0000	0.0000	0.0000
ENSG00000242737.1	AC012170.1	processed_pseudogene	0	0	0	0.0000	0.0000	0.0000
ENSG00000242741.2	LINC02005	lncRNA	0	0	0	0.0000	0.0000	0.0000
ENSG00000242747.1	AC090515.1	processed_pseudogene	4	3	1	0.4766	0.1182	0.1278
ENSG00000242748.1	RPL23AP81	transcribed_processed_pseudogene	5	5	3	0.6072	0.1506	0.1628
ENSG00000242752.3	NMTRQ-TTG12-1	unprocessed_pseudogene	0	0	0	0.0000	0.0000	0.0000
ENSG00000242753.2	AL445430.2	lncRNA	0	0	0	0.0000	0.0000	0.0000
ENSG00000242756.2	RHOT1P3	processed_pseudogene	3	1	2	0.5140	0.1275	0.1378
ENSG00000242757.1	AL606462.1	processed_pseudogene	0	0	0	0.0000	0.0000	0.0000
ENSG00000242759.8	LINC00882	lncRNA	65	31	34	0.1925	0.0477	0.0516
ENSG00000242764.3	RN7SL824P	misc_RNA	0	0	0	0.0000	0.0000	0.0000
ENSG00000242766.1	IGKV1D-17	IG_V_gene	1	0	1	0.1066	0.0264	0.0286
ENSG00000242767.1	ZBTB20-AS4	lncRNA	1	2	1	0.0840	0.0208	0.0225
ENSG00000242768.2	AC096576.1	processed_pseudogene	0	0	0	0.0000	0.0000	0.0000
ENSG00000242769.3	RN7SL432P	misc_RNA	0	0	0	0.0000	0.0000	0.0000
ENSG00000242770.2	CD200R1L-AS1	lncRNA	0	0	0	0.0000	0.0000	0.0000
ENSG00000242771.1	TRBV5-2	TR_V_pseudogene	0	0	0	0.0000	0.0000	0.0000
ENSG00000242775.1	AC121764.3	lncRNA	0	0	0	0.0000	0.0000	0.0000
ENSG00000242779.7	ZNF702P	transcribed_processed_pseudogene	385	215	170	3.2976	0.8178	0.8842
ENSG00000242781.2	LINC02050	lncRNA	1	1	0	0.0450	0.0112	0.0121
ENSG00000242790.1	AC104831.1	lncRNA	0	0	0	0.0000	0.0000	0.0000
ENSG00000242791.2	AC117395.1	lncRNA	8	2	6	0.6292	0.1560	0.1687
ENSG00000242793.1	AC135999.1	processed_pseudogene	0	0	0	0.0000	0.0000	0.0000
ENSG00000242794.2	RN7SL299P	misc_RNA	0	0	0	0.0000	0.0000	0.0000
ENSG00000242795.2	AC007849.1	lncRNA	0	0	0	0.0000	0.0000	0.0000
ENSG00000242797.3	GLYCTK-AS1	lncRNA	4	36	45	0.1631	0.0404	0.0437
ENSG00000242798.1	AC073842.2	lncRNA	19	20	11	1.8837	0.4671	0.5051
ENSG00000242802.9	AP5Z1	protein_coding	1701	842	885	11.4865	2.8485	3.0799
ENSG00000242807.1	RPL26P31	processed_pseudogene	0	0	0	0.0000	0.0000	0.0000
ENSG00000242808.10	SOX2-OT	lncRNA	36	25	14	0.0645	0.0160	0.0173
ENSG00000242810.1	MRPL42P6	processed_pseudogene	0	0	0	0.0000	0.0000	0.0000
ENSG00000242811.3	RN7SL229P	misc_RNA	1	1	0	0.1897	0.0470	0.0509
ENSG00000242814.2	AC113398.1	processed_pseudogene	0	1	0	0.0000	0.0000	0.0000
ENSG00000242816.2	AC092691.3	lncRNA	0	0	0	0.0000	0.0000	0.0000
ENSG00000242818.3	RN7SL846P	misc_RNA	1	0	1	0.1942	0.0482	0.0521
ENSG00000242828.1	AC068756.1	lncRNA	0	0	0	0.0000	0.0000	0.0000
ENSG00000242829.1	RPS26P21	processed_pseudogene	0	0	0	0.0000	0.0000	0.0000
ENSG00000242834.1	RPL7AP56	processed_pseudogene	0	0	0	0.0000	0.0000	0.0000
ENSG00000242836.1	MTCO3P35	unprocessed_pseudogene	0	0	0	0.0000	0.0000	0.0000
ENSG00000242837.1	RPL21P13	processed_pseudogene	5	2	3	0.5895	0.1462	0.1581
ENSG00000242841.1	KRT8P35	processed_pseudogene	4	2	2	0.1695	0.0420	0.0455
ENSG00000242849.2	ALDOAP1	processed_pseudogene	3	2	1	0.1578	0.0391	0.0423
ENSG00000242850.3	RPL23AP68	processed_pseudogene	0	0	0	0.0000	0.0000	0.0000
ENSG00000242852.7	ZNF709	protein_coding	17	11	6	0.1693	0.0420	0.0454
ENSG00000242853.3	RN7SL749P	misc_RNA	1	1	0	0.1956	0.0485	0.0524
ENSG00000242854.1	DNM1P24	unprocessed_pseudogene	0	0	0	0.0000	0.0000	0.0000
ENSG00000242855.3	RN7SL496P	misc_RNA	0	0	0	0.0000	0.0000	0.0000
ENSG00000242856.3	VN1R105P	transcribed_processed_pseudogene	0	0	0	0.0000	0.0000	0.0000
ENSG00000242858.1	AC020899.1	processed_pseudogene	4	3	1	0.3768	0.0934	0.1010
ENSG00000242860.3	RN7SL180P	misc_RNA	1	1	0	0.1929	0.0478	0.0517
ENSG00000242861.1	AL591895.1	lncRNA	188	94	97	30.6364	7.5975	8.2146
ENSG00000242863.3	RN7SL677P	misc_RNA	0	0	0	0.0000	0.0000	0.0000
ENSG00000242865.3	RN7SL244P	misc_RNA	0	0	0	0.0000	0.0000	0.0000
ENSG00000242866.10	STRC	protein_coding	10	8	2	0.0700	0.0174	0.0188
ENSG00000242875.6	RBMY1B	protein_coding	0	0	0	0.0000	0.0000	0.0000
ENSG00000242876.3	RN7SL812P	misc_RNA	2	1	1	0.4065	0.1008	0.1090
ENSG00000242880.2	AC026341.1	lncRNA	2	1	1	0.0238	0.0059	0.0064
ENSG00000242882.1	RPL5P11	processed_pseudogene	1	0	1	0.0635	0.0157	0.0170
ENSG00000242887.1	IGHJ3	IG_J_gene	6	1	5	6.9441	1.7221	1.8619
ENSG00000242888.1	AL133368.1	processed_pseudogene	0	0	0	0.0000	0.0000	0.0000
ENSG00000242889.3	RN7SL449P	misc_RNA	5	2	3	0.9914	0.2459	0.2658
ENSG00000242893.3	RN7SL413P	misc_RNA	0	0	0	0.0000	0.0000	0.0000
ENSG00000242894.3	RN7SL634P	misc_RNA	1	0	1	0.1942	0.0482	0.0521
ENSG00000242899.1	RPL7P16	processed_pseudogene	1	0	1	0.0768	0.0191	0.0206
ENSG00000242902.1	FLNC-AS1	lncRNA	0	68	40	0.0000	0.0000	0.0000
ENSG00000242908.6	AADACL2-AS1	lncRNA	16	10	6	1.4289	0.3544	0.3831
ENSG00000242911.1	AC140059.1	processed_pseudogene	0	0	0	0.0000	0.0000	0.0000
ENSG00000242912.3	RN7SL384P	misc_RNA	0	0	0	0.0000	0.0000	0.0000
ENSG00000242915.1	SNRPGP7	processed_pseudogene	0	0	0	0.0000	0.0000	0.0000
ENSG00000242922.2	RPL21P104	processed_pseudogene	0	0	0	0.0000	0.0000	0.0000
ENSG00000242925.1	PLCH1-AS2	lncRNA	0	0	0	0.0000	0.0000	0.0000
ENSG00000242928.3	RN7SL868P	misc_RNA	0	0	0	0.0000	0.0000	0.0000
ENSG00000242931.1	RPL7P49	processed_pseudogene	1	0	1	0.0801	0.0199	0.0215
ENSG00000242936.1	RPL30P6	processed_pseudogene	0	0	0	0.0000	0.0000	0.0000
ENSG00000242941.1	RPL12P7	processed_pseudogene	1	1	0	0.1148	0.0285	0.0308
ENSG00000242943.1	NKAIN1P1	processed_pseudogene	0	0	0	0.0000	0.0000	0.0000
ENSG00000242945.2	RPL29P32	processed_pseudogene	0	0	0	0.0000	0.0000	0.0000
ENSG00000242948.1	EPS15P1	transcribed_processed_pseudogene	0	0	0	0.0000	0.0000	0.0000
ENSG00000242950.7	ERVW-1	protein_coding	15	5	10	0.1388	0.0344	0.0372
ENSG00000242951.1	AC007182.2	processed_pseudogene	11	5	6	1.5518	0.3848	0.4161
ENSG00000242952.1	RPSAP3	transcribed_processed_pseudogene	6	1	5	0.3836	0.0951	0.1029
ENSG00000242953.1	AC139453.1	processed_pseudogene	4	6	4	1.7056	0.4230	0.4573
ENSG00000242958.1	AC040975.1	processed_pseudogene	0	0	0	0.0000	0.0000	0.0000
ENSG00000242960.1	FTH1P23	processed_pseudogene	80	43	37	8.2487	2.0456	2.2118
ENSG00000242963.1	AC026336.1	processed_pseudogene	0	0	0	0.0000	0.0000	0.0000
ENSG00000242968.1	AC096992.1	processed_pseudogene	0	0	0	0.0000	0.0000	0.0000
ENSG00000242970.2	AC068522.1	processed_pseudogene	4	3	1	0.6575	0.1631	0.1763
ENSG00000242971.3	RN7SL233P	misc_RNA	1	0	1	0.2047	0.0508	0.0549
ENSG00000242973.6	AL591242.1	lncRNA	0	0	0	0.0000	0.0000	0.0000
ENSG00000242976.3	RN7SL177P	misc_RNA	0	0	0	0.0000	0.0000	0.0000
ENSG00000242978.1	PPIAP83	processed_pseudogene	0	0	0	0.0000	0.0000	0.0000
ENSG00000242979.1	RPS15AP18	processed_pseudogene	0	0	0	0.0000	0.0000	0.0000
ENSG00000242983.1	CABYRP1	processed_pseudogene	0	0	0	0.0000	0.0000	0.0000
ENSG00000242985.3	RN7SL50P	misc_RNA	0	0	0	0.0000	0.0000	0.0000
ENSG00000242986.2	RPL21P99	processed_pseudogene	0	0	0	0.0000	0.0000	0.0000
ENSG00000242989.3	RN7SL332P	misc_RNA	1	0	1	0.2233	0.0554	0.0599
ENSG00000242990.2	RPL13AP23	processed_pseudogene	0	0	0	0.0000	0.0000	0.0000
ENSG00000242991.2	RPL7P40	processed_pseudogene	0	0	0	0.0000	0.0000	0.0000
ENSG00000242992.3	FTH1P4	processed_pseudogene	11	7	4	1.1280	0.2797	0.3025
ENSG00000242993.1	AP000870.1	processed_pseudogene	0	0	0	0.0000	0.0000	0.0000
ENSG00000242995.1	AL161757.1	processed_pseudogene	0	0	0	0.0000	0.0000	0.0000
ENSG00000242998.3	RN7SL379P	misc_RNA	0	0	0	0.0000	0.0000	0.0000
ENSG00000242999.3	RN7SL239P	misc_RNA	1	1	0	0.1890	0.0469	0.0507
ENSG00000243004.6	AC005062.1	lncRNA	14	11	7	0.2554	0.0633	0.0685
ENSG00000243005.3	RN7SL16P	misc_RNA	0	0	0	0.0000	0.0000	0.0000
ENSG00000243007.1	RPL12P35	processed_pseudogene	2	2	0	0.2287	0.0567	0.0613
ENSG00000243008.2	AL359538.1	lncRNA	0	0	0	0.0000	0.0000	0.0000
ENSG00000243011.3	RN7SL266P	misc_RNA	0	0	0	0.0000	0.0000	0.0000
ENSG00000243014.1	PTMAP8	processed_pseudogene	4	3	1	0.6633	0.1645	0.1778
ENSG00000243015.2	RN7SL737P	misc_RNA	0	0	0	0.0000	0.0000	0.0000
ENSG00000243016.1	AC112482.1	unprocessed_pseudogene	0	0	0	0.0000	0.0000	0.0000
ENSG00000243018.1	AC005486.1	lncRNA	2	1	2	0.5251	0.1302	0.1408
ENSG00000243020.1	RPL7P39	processed_pseudogene	2	2	0	0.1524	0.0378	0.0409
ENSG00000243022.1	MARK3P3	processed_pseudogene	0	0	0	0.0000	0.0000	0.0000
ENSG00000243023.2	UBA52P3	processed_pseudogene	0	0	0	0.0000	0.0000	0.0000
ENSG00000243024.6	AC012158.1	transcribed_processed_pseudogene	29	13	16	0.7692	0.1908	0.2063
ENSG00000243025.1	MTAPP1	processed_pseudogene	4	0	4	0.2770	0.0687	0.0743
ENSG00000243027.3	RN7SL354P	misc_RNA	0	0	0	0.0000	0.0000	0.0000
ENSG00000243029.3	RN7SL635P	misc_RNA	0	0	0	0.0000	0.0000	0.0000
ENSG00000243033.2	GAPDHP47	processed_pseudogene	1	0	1	0.0568	0.0141	0.0152
ENSG00000243035.3	RN7SL810P	misc_RNA	0	0	0	0.0000	0.0000	0.0000
ENSG00000243038.1	AL117692.1	processed_pseudogene	2	1	1	0.1591	0.0394	0.0427
ENSG00000243040.6	RBMY2FP	transcribed_unprocessed_pseudogene	0	0	0	0.0000	0.0000	0.0000
ENSG00000243044.1	AC128716.1	processed_pseudogene	0	0	0	0.0000	0.0000	0.0000
ENSG00000243048.3	FTHL18	unprocessed_pseudogene	0	0	0	0.0000	0.0000	0.0000
ENSG00000243049.3	RN7SL33P	misc_RNA	0	0	0	0.0000	0.0000	0.0000
ENSG00000243050.1	RPL30P10	processed_pseudogene	0	0	0	0.0000	0.0000	0.0000
ENSG00000243051.3	RN7SL269P	misc_RNA	2	0	2	0.3719	0.0922	0.0997
ENSG00000243053.2	RPL31P58	processed_pseudogene	0	0	0	0.0000	0.0000	0.0000
ENSG00000243055.1	GK-AS1	lncRNA	8	74	70	0.6969	0.1728	0.1869
ENSG00000243056.2	EIF4EBP3	protein_coding	47	23	24	3.8461	0.9538	1.0313
ENSG00000243058.1	RPL39P33	processed_pseudogene	0	0	0	0.0000	0.0000	0.0000
ENSG00000243059.3	RN7SL400P	misc_RNA	0	0	0	0.0000	0.0000	0.0000
ENSG00000243062.6	AL359853.2	lncRNA	0	0	0	0.0000	0.0000	0.0000
ENSG00000243063.1	IGKV3-7	IG_V_gene	17	9	8	2.1664	0.5373	0.5809
ENSG00000243064.8	ABCC13	transcribed_unprocessed_pseudogene	5	1	4	0.0264	0.0066	0.0071
ENSG00000243066.3	RN7SL842P	misc_RNA	0	0	0	0.0000	0.0000	0.0000
ENSG00000243069.8	ARHGEF26-AS1	lncRNA	98	54	54	0.6175	0.1531	0.1656
ENSG00000243071.1	AC107032.1	processed_pseudogene	15	9	7	1.7722	0.4395	0.4752
ENSG00000243072.1	AF186996.3	processed_pseudogene	0	0	0	0.0000	0.0000	0.0000
ENSG00000243073.4	PRAMEF4	protein_coding	0	0	0	0.0000	0.0000	0.0000
ENSG00000243075.3	RN7SL519P	misc_RNA	0	0	0	0.0000	0.0000	0.0000
ENSG00000243081.2	AC092894.1	lncRNA	0	0	0	0.0000	0.0000	0.0000
ENSG00000243083.7	LINC00870	lncRNA	18	11	7	0.1165	0.0289	0.0312
ENSG00000243085.1	AL390726.1	processed_pseudogene	0	0	0	0.0000	0.0000	0.0000
ENSG00000243089.2	AC107029.1	lncRNA	1	0	1	0.0194	0.0048	0.0052
ENSG00000243094.1	AC079203.1	processed_pseudogene	7	1	6	0.9826	0.2437	0.2635
ENSG00000243095.1	RPL3P10	processed_pseudogene	1	1	0	0.0487	0.0121	0.0131
ENSG00000243099.1	AC020983.1	processed_pseudogene	0	0	0	0.0000	0.0000	0.0000
ENSG00000243101.1	RPS3P7	processed_pseudogene	1	0	1	0.0781	0.0194	0.0209
ENSG00000243103.3	RN7SL452P	misc_RNA	1	1	0	0.1949	0.0483	0.0523
ENSG00000243104.1	MTND4LP14	processed_pseudogene	0	0	0	0.0000	0.0000	0.0000
ENSG00000243107.1	AC000120.1	lncRNA	10	5	5	0.3569	0.0885	0.0957
ENSG00000243115.3	RN7SL849P	misc_RNA	0	0	0	0.0000	0.0000	0.0000
ENSG00000243116.1	AC092943.1	processed_pseudogene	0	0	0	0.0000	0.0000	0.0000
ENSG00000243122.1	AC016304.1	processed_pseudogene	0	0	0	0.0000	0.0000	0.0000
ENSG00000243124.3	RN7SL643P	misc_RNA	0	0	0	0.0000	0.0000	0.0000
ENSG00000243125.3	RN7SL807P	misc_RNA	0	0	0	0.0000	0.0000	0.0000
ENSG00000243129.2	AC023790.1	processed_pseudogene	0	0	0	0.0000	0.0000	0.0000
ENSG00000243130.8	PSG11	protein_coding	0	1	0	0.0000	0.0000	0.0000
ENSG00000243135.6	UGT1A3	protein_coding	0	0	0	0.0000	0.0000	0.0000
ENSG00000243136.3	RN7SL22P	misc_RNA	0	0	0	0.0000	0.0000	0.0000
ENSG00000243137.8	PSG4	protein_coding	927	450	477	8.3790	2.0779	2.2467
ENSG00000243141.2	RPL23AP66	processed_pseudogene	1	1	1	0.1184	0.0294	0.0317
ENSG00000243144.7	AC079760.2	lncRNA	10	4	6	0.2141	0.0531	0.0574
ENSG00000243147.8	MRPL33	protein_coding	2219	1127	1092	82.1406	20.3700	22.0246
ENSG00000243149.2	LINC02040	lncRNA	0	0	0	0.0000	0.0000	0.0000
ENSG00000243150.6	AC106707.1	lncRNA	0	222	306	0.0000	0.0000	0.0000
ENSG00000243154.1	SYPL1P1	processed_pseudogene	0	0	0	0.0000	0.0000	0.0000
ENSG00000243155.1	AL162431.1	lncRNA	30	41	48	0.7019	0.1741	0.1882
ENSG00000243156.9	MICAL3	protein_coding	1179	589	590	2.9790	0.7388	0.7988
ENSG00000243160.1	AC093270.2	processed_pseudogene	0	0	0	0.0000	0.0000	0.0000
ENSG00000243164.1	AC087879.1	processed_pseudogene	0	0	0	0.0000	0.0000	0.0000
ENSG00000243165.1	AC025033.1	processed_pseudogene	0	0	0	0.0000	0.0000	0.0000
ENSG00000243167.1	RPS10P28	processed_pseudogene	0	0	0	0.0000	0.0000	0.0000
ENSG00000243171.1	AC041039.1	processed_pseudogene	0	0	0	0.0000	0.0000	0.0000
ENSG00000243173.3	RN7SL861P	misc_RNA	0	0	0	0.0000	0.0000	0.0000
ENSG00000243175.1	RPSAP36	transcribed_processed_pseudogene	3	2	1	0.1349	0.0335	0.0362
ENSG00000243176.6	AC092944.1	lncRNA	102	109	107	0.6391	0.1585	0.1714
ENSG00000243179.1	AC110769.1	lncRNA	0	0	0	0.0000	0.0000	0.0000
ENSG00000243181.2	AC087343.1	processed_pseudogene	13	6	7	1.5521	0.3849	0.4162
ENSG00000243187.1	CCDC39-AS1	lncRNA	1	0	1	0.2004	0.0497	0.0537
ENSG00000243188.1	HNRNPA1P17	unprocessed_pseudogene	0	0	0	0.0000	0.0000	0.0000
ENSG00000243193.4	PRKAR2B-AS1	lncRNA	1	0	1	0.0259	0.0064	0.0069
ENSG00000243195.1	TUBBP11	processed_pseudogene	0	0	0	0.0000	0.0000	0.0000
ENSG00000243197.8	TUSC7	lncRNA	0	0	0	0.0000	0.0000	0.0000
ENSG00000243199.1	AC115223.1	processed_pseudogene	154	61	93	10.0383	2.4894	2.6916
ENSG00000243207.6	PPAN-P2RY11	protein_coding	0	0	0	0.0000	0.0000	0.0000
ENSG00000243220.1	AC006159.2	lncRNA	0	0	0	0.0000	0.0000	0.0000
ENSG00000243224.1	AC006252.1	lncRNA	34	22	12	1.7513	0.4343	0.4696
ENSG00000243225.2	AC007686.1	processed_pseudogene	5	2	3	0.6124	0.1519	0.1642
ENSG00000243227.3	RN7SL55P	misc_RNA	0	0	0	0.0000	0.0000	0.0000
ENSG00000243230.1	AC011005.4	lncRNA	6	46	66	0.6360	0.1577	0.1705
ENSG00000243232.6	PCDHAC2	protein_coding	51	21	31	0.4694	0.1164	0.1259
ENSG00000243234.1	AC010326.1	processed_pseudogene	1	1	0	0.0942	0.0234	0.0253
ENSG00000243236.6	GSTA9P	transcribed_unprocessed_pseudogene	0	0	0	0.0000	0.0000	0.0000
ENSG00000243238.1	IGKV2-30	IG_V_gene	111	53	58	16.1405	4.0027	4.3278
ENSG00000243243.5	AC073130.2	lncRNA	5	0	5	0.3092	0.0767	0.0829
ENSG00000243244.7	STON1	protein_coding	926	500	426	6.8120	1.6893	1.8265
ENSG00000243250.1	RPS6P16	processed_pseudogene	0	9	13	0.0000	0.0000	0.0000
ENSG00000243254.3	RN7SL350P	misc_RNA	0	0	0	0.0000	0.0000	0.0000
ENSG00000243256.1	RPL30P14	processed_pseudogene	1	1	0	0.1630	0.0404	0.0437
ENSG00000243257.1	MTCO2P29	unprocessed_pseudogene	0	0	0	0.0000	0.0000	0.0000
ENSG00000243260.3	RN7SL558P	misc_RNA	2	1	1	0.3793	0.0941	0.1017
ENSG00000243264.2	IGKV2D-29	IG_V_gene	39	23	16	5.5292	1.3712	1.4826
ENSG00000243265.1	RPL23AP55	processed_pseudogene	1	0	1	0.1255	0.0311	0.0336
ENSG00000243267.3	RN7SL614P	misc_RNA	1	0	1	0.2025	0.0502	0.0543
ENSG00000243273.1	AC020636.1	lncRNA	3	2	1	0.3011	0.0747	0.0807
ENSG00000243274.3	RN7SL571P	misc_RNA	0	0	0	0.0000	0.0000	0.0000
ENSG00000243276.6	AC068633.1	lncRNA	0	0	0	0.0000	0.0000	0.0000
ENSG00000243279.4	PRAF2	protein_coding	616	316	300	21.0189	5.2125	5.6359
ENSG00000243280.2	AC093663.2	processed_pseudogene	9	5	4	1.6306	0.4044	0.4372
ENSG00000243284.1	VSIG8	protein_coding	1	1	1	0.0312	0.0077	0.0084
ENSG00000243287.2	RPS17P14	processed_pseudogene	0	0	0	0.0000	0.0000	0.0000
ENSG00000243289.1	AGAP13P	unprocessed_pseudogene	8	5	4	1.2498	0.3099	0.3351
ENSG00000243290.3	IGKV1-12	IG_V_gene	179	82	97	25.5052	6.3250	6.8388
ENSG00000243295.2	AC126121.3	lncRNA	5	1	4	0.0755	0.0187	0.0202
ENSG00000243296.1	AC078828.1	lncRNA	1	1	0	0.1238	0.0307	0.0332
ENSG00000243297.2	RPL31P61	processed_pseudogene	0	0	0	0.0000	0.0000	0.0000
ENSG00000243302.3	AC018638.4	processed_pseudogene	277	151	126	13.6597	3.3875	3.6626
ENSG00000243303.1	AC103987.1	processed_pseudogene	2	2	0	0.3259	0.0808	0.0874
ENSG00000243304.3	AC008494.1	processed_pseudogene	3	2	1	0.2137	0.0530	0.0573
ENSG00000243305.1	AC026347.1	lncRNA	0	9	3	0.0000	0.0000	0.0000
ENSG00000243307.2	POM121L6P	processed_pseudogene	0	0	0	0.0000	0.0000	0.0000
ENSG00000243312.3	AC093827.1	processed_pseudogene	1	1	0	0.0659	0.0163	0.0177
ENSG00000243313.2	RN7SL285P	misc_RNA	0	0	0	0.0000	0.0000	0.0000
ENSG00000243314.1	AC106707.2	processed_pseudogene	0	0	0	0.0000	0.0000	0.0000
ENSG00000243316.7	GUCY2GP	transcribed_unitary_pseudogene	0	0	0	0.0000	0.0000	0.0000
ENSG00000243317.8	STMP1	protein_coding	5088	2561	2548	58.4800	14.5025	15.6804
ENSG00000243319.7	FGF14-IT1	lncRNA	2	2	0	0.0477	0.0118	0.0128
ENSG00000243321.3	LINC01998	lncRNA	3	2	1	0.0865	0.0214	0.0232
ENSG00000243323.7	PTPRVP	unitary_pseudogene	15	8	8	0.1290	0.0320	0.0346
ENSG00000243328.1	AC083982.1	processed_pseudogene	0	0	0	0.0000	0.0000	0.0000
ENSG00000243333.3	RN7SL174P	misc_RNA	0	0	0	0.0000	0.0000	0.0000
ENSG00000243335.10	KCTD7	protein_coding	1256	629	627	10.8579	2.6926	2.9114
ENSG00000243338.3	RN7SL307P	misc_RNA	0	0	0	0.0000	0.0000	0.0000
ENSG00000243339.3	RN7SL738P	misc_RNA	7	6	8	1.3366	0.3315	0.3584
ENSG00000243345.1	AC093714.2	lncRNA	0	0	0	0.0000	0.0000	0.0000
ENSG00000243346.3	RN7SL601P	misc_RNA	0	0	0	0.0000	0.0000	0.0000
ENSG00000243347.2	LINC02045	lncRNA	0	0	0	0.0000	0.0000	0.0000
ENSG00000243349.2	AL358394.2	lncRNA	4	2	2	0.0624	0.0155	0.0167
ENSG00000243352.3	RN7SL8P	misc_RNA	0	0	0	0.0000	0.0000	0.0000
ENSG00000243353.1	RPS29P19	processed_pseudogene	0	0	0	0.0000	0.0000	0.0000
ENSG00000243355.1	AC012123.2	processed_pseudogene	0	0	0	0.0000	0.0000	0.0000
ENSG00000243359.3	RN7SL815P	misc_RNA	0	0	0	0.0000	0.0000	0.0000
ENSG00000243364.8	EFNA4	protein_coding	479	247	232	21.6102	5.3591	5.7944
ENSG00000243365.3	RN7SL278P	misc_RNA	0	0	0	0.0000	0.0000	0.0000
ENSG00000243366.3	RN7SL60P	misc_RNA	0	0	0	0.0000	0.0000	0.0000
ENSG00000243368.2	MCCC1-AS1	lncRNA	8	76	66	0.5930	0.1471	0.1590
ENSG00000243370.3	RN7SL775P	misc_RNA	1	0	1	0.1688	0.0419	0.0453
ENSG00000243373.3	RN7SL173P	misc_RNA	1	1	0	0.1942	0.0482	0.0521
ENSG00000243374.3	RN7SL72P	misc_RNA	0	0	0	0.0000	0.0000	0.0000
ENSG00000243378.1	AC083801.1	processed_pseudogene	0	0	0	0.0000	0.0000	0.0000
ENSG00000243383.3	RN7SL89P	misc_RNA	0	0	0	0.0000	0.0000	0.0000
ENSG00000243384.1	AC119424.1	lncRNA	3	2	1	0.4861	0.1205	0.1303
ENSG00000243385.2	AC094085.1	processed_pseudogene	0	0	0	0.0000	0.0000	0.0000
ENSG00000243388.1	RPL3P3	processed_pseudogene	1	1	0	0.0468	0.0116	0.0125
ENSG00000243389.1	AC012442.2	lncRNA	11	6	5	1.4678	0.3640	0.3936
ENSG00000243396.1	AC084198.1	processed_pseudogene	2	1	1	0.2821	0.0700	0.0757
ENSG00000243398.3	RN7SL141P	misc_RNA	1	0	1	0.2132	0.0529	0.0572
ENSG00000243402.1	AC022973.2	processed_pseudogene	6	3	3	0.5918	0.1467	0.1587
ENSG00000243403.1	AC090543.2	processed_pseudogene	5	3	2	0.8148	0.2021	0.2185
ENSG00000243404.2	RPL35AP32	processed_pseudogene	1	0	1	0.1756	0.0435	0.0471
ENSG00000243406.6	MRPS31P5	transcribed_unprocessed_pseudogene	31	13	18	0.4539	0.1126	0.1217
ENSG00000243410.1	PSMD6-AS1	lncRNA	0	5	5	0.0000	0.0000	0.0000
ENSG00000243414.6	TICAM2	protein_coding	7	12	12	0.1168	0.0290	0.0313
ENSG00000243415.2	AC107021.1	lncRNA	17	7	11	1.1946	0.2963	0.3203
ENSG00000243417.1	RPS3AP18	processed_pseudogene	0	0	0	0.0000	0.0000	0.0000
ENSG00000243420.3	RN7SL734P	misc_RNA	0	0	0	0.0000	0.0000	0.0000
ENSG00000243422.2	RPL23AP49	transcribed_processed_pseudogene	2	2	3	0.0997	0.0247	0.0267
ENSG00000243423.1	AC004223.1	processed_pseudogene	2	2	0	0.4185	0.1038	0.1122
ENSG00000243424.2	RN7SL107P	misc_RNA	0	0	0	0.0000	0.0000	0.0000
ENSG00000243426.3	RN7SL454P	misc_RNA	0	0	0	0.0000	0.0000	0.0000
ENSG00000243429.1	OR7E29P	unprocessed_pseudogene	1	1	0	0.0625	0.0155	0.0168
ENSG00000243431.1	RPL5P30	processed_pseudogene	26	12	14	1.6548	0.4104	0.4437
ENSG00000243433.1	AC010973.1	lncRNA	17	18	20	1.8866	0.4679	0.5059
ENSG00000243437.3	RN7SL370P	misc_RNA	0	0	0	0.0000	0.0000	0.0000
ENSG00000243438.1	LARP1BP2	processed_pseudogene	0	0	0	0.0000	0.0000	0.0000
ENSG00000243439.3	RN7SL352P	misc_RNA	0	0	0	0.0000	0.0000	0.0000
ENSG00000243445.1	AC106820.1	processed_pseudogene	6	1	5	0.8101	0.2009	0.2172
ENSG00000243446.3	RN7SL284P	misc_RNA	1	0	1	0.2062	0.0511	0.0553
ENSG00000243449.6	C4orf48	protein_coding	131	58	73	13.7574	3.4117	3.6888
ENSG00000243455.3	RPS18P13	processed_pseudogene	0	0	0	0.0000	0.0000	0.0000
ENSG00000243466.1	IGKV1-5	IG_V_gene	607	316	292	64.7048	16.0461	17.3495
ENSG00000243468.5	INGX	transcribed_processed_pseudogene	1	0	1	0.0455	0.0113	0.0122
ENSG00000243469.1	RPL7P51	processed_pseudogene	0	0	0	0.0000	0.0000	0.0000
ENSG00000243477.6	NAA80	protein_coding	482	228	255	12.5214	3.1052	3.3574
ENSG00000243478.9	AOX2P	transcribed_unprocessed_pseudogene	11	5	7	0.1627	0.0403	0.0436
ENSG00000243479.3	MNX1-AS1	lncRNA	30	16	14	1.6343	0.4053	0.4382
ENSG00000243480.7	AMY2A	protein_coding	0	0	0	0.0000	0.0000	0.0000
ENSG00000243483.1	AC078785.3	processed_pseudogene	0	0	0	0.0000	0.0000	0.0000
ENSG00000243485.5	MIR1302-2HG	lncRNA	0	0	0	0.0000	0.0000	0.0000
ENSG00000243486.1	AC068985.1	lncRNA	0	0	0	0.0000	0.0000	0.0000
ENSG00000243488.3	RN7SL337P	misc_RNA	0	0	0	0.0000	0.0000	0.0000
ENSG00000243489.4	KRTAP10-11	protein_coding	0	0	0	0.0000	0.0000	0.0000
ENSG00000243491.1	AC082651.3	lncRNA	3	1	2	0.0874	0.0217	0.0234
ENSG00000243494.1	AC011476.1	processed_pseudogene	0	0	0	0.0000	0.0000	0.0000
ENSG00000243495.1	GMFBP1	processed_pseudogene	0	0	0	0.0000	0.0000	0.0000
ENSG00000243498.2	UBA52P5	processed_pseudogene	2	2	0	0.5375	0.1333	0.1441
ENSG00000243499.1	RPS6P21	processed_pseudogene	0	0	0	0.0000	0.0000	0.0000
ENSG00000243501.5	AL365232.1	protein_coding	0	0	0	0.0000	0.0000	0.0000
ENSG00000243503.2	AC090453.1	processed_pseudogene	0	0	0	0.0000	0.0000	0.0000
ENSG00000243504.1	RPS23P1	processed_pseudogene	1	1	0	0.1313	0.0326	0.0352
ENSG00000243505.3	RN7SL240P	misc_RNA	0	0	0	0.0000	0.0000	0.0000
ENSG00000243507.1	AC005908.1	processed_pseudogene	0	0	0	0.0000	0.0000	0.0000
ENSG00000243508.1	DNAJB6P7	processed_pseudogene	0	0	0	0.0000	0.0000	0.0000
ENSG00000243509.6	TNFRSF6B	protein_coding	0	0	0	0.0000	0.0000	0.0000
ENSG00000243510.3	RN7SL111P	misc_RNA	0	0	0	0.0000	0.0000	0.0000
ENSG00000243514.2	RPL32P33	processed_pseudogene	1	0	1	0.1439	0.0357	0.0386
ENSG00000243516.1	RPL12P40	processed_pseudogene	0	0	0	0.0000	0.0000	0.0000
ENSG00000243517.1	AC024940.2	processed_pseudogene	19	12	9	1.7780	0.4409	0.4768
ENSG00000243518.1	AC108729.2	processed_pseudogene	0	0	0	0.0000	0.0000	0.0000
ENSG00000243519.1	IGLVIVOR22-2	IG_V_pseudogene	0	0	0	0.0000	0.0000	0.0000
ENSG00000243521.2	RPL5P33	processed_pseudogene	0	1	0	0.0000	0.0000	0.0000
ENSG00000243531.1	AC079804.2	processed_pseudogene	0	0	0	0.0000	0.0000	0.0000
ENSG00000243532.3	RN7SL19P	misc_RNA	1	1	0	0.1853	0.0460	0.0497
ENSG00000243537.1	KC877373.1	processed_pseudogene	6	2	4	0.8340	0.2068	0.2236
ENSG00000243538.1	RPS26P28	processed_pseudogene	1	0	1	0.1630	0.0404	0.0437
ENSG00000243539.3	RN7SL649P	misc_RNA	0	0	0	0.0000	0.0000	0.0000
ENSG00000243541.3	RN7SL104P	misc_RNA	0	0	0	0.0000	0.0000	0.0000
ENSG00000243543.9	WFDC6	protein_coding	0	0	0	0.0000	0.0000	0.0000
ENSG00000243544.3	RN7SL172P	misc_RNA	2	0	2	0.3743	0.0928	0.1004
ENSG00000243546.3	RN7SL108P	misc_RNA	0	0	0	0.0000	0.0000	0.0000
ENSG00000243547.1	HNRNPKP4	processed_pseudogene	26	11	15	1.0638	0.2638	0.2852
ENSG00000243548.3	RN7SL101P	misc_RNA	0	0	0	0.0000	0.0000	0.0000
ENSG00000243549.3	RN7SL705P	misc_RNA	0	0	0	0.0000	0.0000	0.0000
ENSG00000243550.3	LINC01214	lncRNA	18	11	7	1.4583	0.3616	0.3910
ENSG00000243554.1	AC004967.1	transcribed_unprocessed_pseudogene	4	2	2	0.5075	0.1258	0.1361
ENSG00000243560.3	RN7SL364P	misc_RNA	5	4	1	1.0425	0.2585	0.2795
ENSG00000243562.3	RN7SL838P	misc_RNA	0	0	0	0.0000	0.0000	0.0000
ENSG00000243566.7	UPK3B	protein_coding	34	13	21	0.7520	0.1865	0.2016
ENSG00000243568.2	AC020779.1	processed_pseudogene	3	3	0	0.2137	0.0530	0.0573
ENSG00000243572.1	LINC02017	lncRNA	0	0	0	0.0000	0.0000	0.0000
ENSG00000243574.2	AC006148.2	lncRNA	0	0	0	0.0000	0.0000	0.0000
ENSG00000243581.1	RPS29P25	processed_pseudogene	0	0	0	0.0000	0.0000	0.0000
ENSG00000243584.1	AC068769.1	processed_pseudogene	1	1	0	0.0234	0.0058	0.0063
ENSG00000243591.3	RN7SL282P	misc_RNA	0	0	0	0.0000	0.0000	0.0000
ENSG00000243592.1	RPL17P22	processed_pseudogene	0	0	0	0.0000	0.0000	0.0000
ENSG00000243593.1	LINC02049	lncRNA	0	0	0	0.0000	0.0000	0.0000
ENSG00000243596.1	AC130509.1	processed_pseudogene	0	0	0	0.0000	0.0000	0.0000
ENSG00000243601.1	RPL12P24	processed_pseudogene	0	0	0	0.0000	0.0000	0.0000
ENSG00000243607.3	RPL35AP26	processed_pseudogene	1	1	0	0.1767	0.0438	0.0474
ENSG00000243609.1	RPS2P44	processed_pseudogene	0	0	0	0.0000	0.0000	0.0000
ENSG00000243613.1	AL513523.4	lncRNA	0	112	95	0.0000	0.0000	0.0000
ENSG00000243620.2	AC092957.1	lncRNA	3	1	2	0.0375	0.0093	0.0100
ENSG00000243621.1	AC003989.2	processed_pseudogene	0	0	0	0.0000	0.0000	0.0000
ENSG00000243627.5	SMIM34A	protein_coding	0	0	0	0.0000	0.0000	0.0000
ENSG00000243629.2	LINC00880	lncRNA	0	3	1	0.0000	0.0000	0.0000
ENSG00000243633.3	RN7SL542P	misc_RNA	0	0	0	0.0000	0.0000	0.0000
ENSG00000243635.1	AC091804.1	processed_pseudogene	4	2	2	0.4001	0.0992	0.1073
ENSG00000243636.1	AL445493.2	lncRNA	0	0	0	0.0000	0.0000	0.0000
ENSG00000243641.3	OR13C7	polymorphic_pseudogene	0	0	0	0.0000	0.0000	0.0000
ENSG00000243642.3	RN7SL526P	misc_RNA	5	1	4	0.8889	0.2204	0.2383
ENSG00000243643.1	TSPY20P	unprocessed_pseudogene	0	0	0	0.0000	0.0000	0.0000
ENSG00000243646.10	IL10RB	protein_coding	55	18	37	0.6891	0.1709	0.1848
ENSG00000243648.1	AC109454.1	processed_pseudogene	8	4	4	0.9110	0.2259	0.2443
ENSG00000243649.9	CFB	protein_coding	489	255	234	5.8616	1.4536	1.5717
ENSG00000243650.3	RN7SL834P	misc_RNA	17	10	7	3.3709	0.8359	0.9038
ENSG00000243655.2	AC132825.2	lncRNA	0	0	0	0.0000	0.0000	0.0000
ENSG00000243658.1	MTND5P16	unprocessed_pseudogene	0	0	0	0.0000	0.0000	0.0000
ENSG00000243659.1	FO393419.3	processed_pseudogene	6	2	4	1.2066	0.2992	0.3235
ENSG00000243660.11	ZNF487	protein_coding	414	193	222	4.5429	1.1266	1.2181
ENSG00000243661.1	WBP1LP1	processed_pseudogene	0	0	0	0.0000	0.0000	0.0000
ENSG00000243663.1	RPS4XP14	processed_pseudogene	9	6	3	0.6535	0.1621	0.1752
ENSG00000243664.1	RPS29P12	processed_pseudogene	0	0	0	0.0000	0.0000	0.0000
ENSG00000243667.7	WDR92	protein_coding	440	225	215	6.1368	1.5219	1.6455
ENSG00000243669.2	RPL34P23	processed_pseudogene	0	0	0	0.0000	0.0000	0.0000
ENSG00000243671.3	RN7SL761P	misc_RNA	0	0	0	0.0000	0.0000	0.0000
ENSG00000243672.1	RPS3AP40	processed_pseudogene	1	1	0	0.0726	0.0180	0.0195
ENSG00000243674.1	OR7E66P	unprocessed_pseudogene	0	0	0	0.0000	0.0000	0.0000
ENSG00000243675.1	RPL35AP9	processed_pseudogene	2	1	1	0.3511	0.0871	0.0942
ENSG00000243678.12	NME2	protein_coding	58	34	27	1.3178	0.3268	0.3533
ENSG00000243679.1	AC018638.5	processed_pseudogene	180	125	99	13.5382	3.3573	3.6300
ENSG00000243680.1	RPL37P23	processed_pseudogene	3	2	1	0.5787	0.1435	0.1552
ENSG00000243686.2	RPLP1P11	processed_pseudogene	0	0	0	0.0000	0.0000	0.0000
ENSG00000243687.1	RPL35AP10	processed_pseudogene	0	0	0	0.0000	0.0000	0.0000
ENSG00000243694.3	LINC02027	lncRNA	3	2	1	0.0459	0.0114	0.0123
ENSG00000243695.1	AL353729.1	processed_pseudogene	0	0	0	0.0000	0.0000	0.0000
ENSG00000243696.5	AC006254.1	protein_coding	34	15	19	0.3044	0.0755	0.0816
ENSG00000243697.1	AC009108.1	processed_pseudogene	7	3	4	0.4987	0.1237	0.1337
ENSG00000243700.3	RN7SL598P	misc_RNA	0	0	0	0.0000	0.0000	0.0000
ENSG00000243701.7	DUBR	lncRNA	884	456	428	3.2719	0.8114	0.8773
ENSG00000243702.3	RN7SL638P	misc_RNA	0	0	0	0.0000	0.0000	0.0000
ENSG00000243704.3	RN7SL105P	misc_RNA	0	0	0	0.0000	0.0000	0.0000
ENSG00000243705.1	AC010531.2	processed_pseudogene	0	1	0	0.0000	0.0000	0.0000
ENSG00000243708.10	PLA2G4B	protein_coding	9	5	4	0.1148	0.0285	0.0308
ENSG00000243709.1	LEFTY1	protein_coding	2	2	0	0.0600	0.0149	0.0161
ENSG00000243710.8	CFAP57	protein_coding	177	131	116	1.7979	0.4459	0.4821
ENSG00000243711.1	RPL21P116	processed_pseudogene	2	1	1	0.2348	0.0582	0.0630
ENSG00000243715.1	CACNA2D3-AS1	lncRNA	0	0	0	0.0000	0.0000	0.0000
ENSG00000243716.10	NPIPB5	protein_coding	70	36	37	0.3968	0.0984	0.1064
ENSG00000243720.1	RPL21P127	processed_pseudogene	0	0	0	0.0000	0.0000	0.0000
ENSG00000243721.1	RPL23AP63	processed_pseudogene	0	0	0	0.0000	0.0000	0.0000
ENSG00000243723.3	RN7SL393P	misc_RNA	0	0	0	0.0000	0.0000	0.0000
ENSG00000243725.7	TTC4	protein_coding	35	14	21	0.5691	0.1411	0.1526
ENSG00000243729.4	OR5V1	protein_coding	0	0	0	0.0000	0.0000	0.0000
ENSG00000243730.2	RPL29P3	processed_pseudogene	0	0	0	0.0000	0.0000	0.0000
ENSG00000243733.1	AC018450.2	lncRNA	0	0	0	0.0000	0.0000	0.0000
ENSG00000243738.3	RN7SL181P	misc_RNA	7	3	4	1.4331	0.3554	0.3843
ENSG00000243742.5	RPLP0P2	transcribed_processed_pseudogene	688	337	351	9.9812	2.4752	2.6763
ENSG00000243744.2	AC016546.1	processed_pseudogene	1	1	0	0.1225	0.0304	0.0328
ENSG00000243746.1	EEF1A1P10	processed_pseudogene	5	2	3	0.2040	0.0506	0.0547
ENSG00000243749.1	TMEM35B	protein_coding	1	1	0	0.0615	0.0153	0.0165
ENSG00000243753.5	HLA-L	transcribed_unprocessed_pseudogene	81	189	182	0.8344	0.2069	0.2237
ENSG00000243758.1	RPL35AP15	processed_pseudogene	0	0	0	0.0000	0.0000	0.0000
ENSG00000243759.1	ST13P15	processed_pseudogene	13	6	7	0.6660	0.1652	0.1786
ENSG00000243761.1	AC023194.2	processed_pseudogene	1	0	1	0.1397	0.0346	0.0375
ENSG00000243762.1	AC006547.2	lncRNA	0	283	291	0.0000	0.0000	0.0000
ENSG00000243766.8	HOTTIP	lncRNA	0	0	0	0.0000	0.0000	0.0000
ENSG00000243770.3	RN7SL65P	misc_RNA	1	1	0	0.1800	0.0446	0.0483
ENSG00000243771.1	AC010618.1	processed_pseudogene	0	0	0	0.0000	0.0000	0.0000
ENSG00000243772.8	KIR2DL3	protein_coding	0	0	0	0.0000	0.0000	0.0000
ENSG00000243775.2	OSTCP1	transcribed_processed_pseudogene	0	0	0	0.0000	0.0000	0.0000
ENSG00000243777.1	AP000942.1	processed_pseudogene	0	0	0	0.0000	0.0000	0.0000
ENSG00000243779.1	AP001086.1	processed_pseudogene	0	0	0	0.0000	0.0000	0.0000
ENSG00000243780.1	AC092754.2	processed_pseudogene	0	0	0	0.0000	0.0000	0.0000
ENSG00000243781.1	AL590396.1	transcribed_processed_pseudogene	0	0	0	0.0000	0.0000	0.0000
ENSG00000243782.3	RN7SL78P	misc_RNA	0	0	0	0.0000	0.0000	0.0000
ENSG00000243789.11	JMJD7	protein_coding	5	2	3	0.1444	0.0358	0.0387
ENSG00000243792.1	OR7E89P	transcribed_unprocessed_pseudogene	0	0	0	0.0000	0.0000	0.0000
ENSG00000243794.1	SNRPCP10	processed_pseudogene	0	0	0	0.0000	0.0000	0.0000
ENSG00000243795.1	LINC02044	lncRNA	8	6	2	0.1813	0.0450	0.0486
ENSG00000243797.6	AC004917.1	lncRNA	2	0	2	0.0545	0.0135	0.0146
ENSG00000243799.1	PEX5L-AS1	lncRNA	0	1	0	0.0000	0.0000	0.0000
ENSG00000243801.3	RN7SL461P	misc_RNA	0	0	0	0.0000	0.0000	0.0000
ENSG00000243802.2	AC090589.1	processed_pseudogene	7	2	5	1.0966	0.2719	0.2940
ENSG00000243806.1	RPL7P18	processed_pseudogene	1	0	1	0.0773	0.0192	0.0207
ENSG00000243810.1	CFAP61-AS1	lncRNA	14	10	4	1.3978	0.3466	0.3748
ENSG00000243811.11	APOBEC3D	protein_coding	18	8	10	0.4036	0.1001	0.1082
ENSG00000243813.1	AC078857.1	processed_pseudogene	0	0	0	0.0000	0.0000	0.0000
ENSG00000243817.3	RN7SL189P	misc_RNA	0	1	0	0.0000	0.0000	0.0000
ENSG00000243818.5	AC021074.3	lncRNA	0	0	0	0.0000	0.0000	0.0000
ENSG00000243819.4	RN7SL832P	lncRNA	17	5	12	0.5490	0.1362	0.1472
ENSG00000243822.1	AC073522.1	processed_pseudogene	0	0	0	0.0000	0.0000	0.0000
ENSG00000243824.1	RPL12P6	processed_pseudogene	1	0	1	0.1139	0.0282	0.0305
ENSG00000243828.2	AL355357.1	transcribed_processed_pseudogene	0	0	0	0.0000	0.0000	0.0000
ENSG00000243829.1	AC011495.1	processed_pseudogene	17	7	10	1.6508	0.4094	0.4426
ENSG00000243830.2	AC092865.1	processed_pseudogene	0	0	0	0.0000	0.0000	0.0000
ENSG00000243831.1	AL109933.2	unprocessed_pseudogene	0	0	0	0.0000	0.0000	0.0000
ENSG00000243832.1	LINC02000	lncRNA	0	0	0	0.0000	0.0000	0.0000
ENSG00000243836.5	WDR86-AS1	lncRNA	62	30	38	2.5968	0.6440	0.6963
ENSG00000243838.1	PSMC1P7	processed_pseudogene	7	1	6	0.3019	0.0749	0.0809
ENSG00000243844.1	RPL17P33	processed_pseudogene	0	0	0	0.0000	0.0000	0.0000
ENSG00000243845.3	RN7SL30P	misc_RNA	1	1	0	0.1853	0.0460	0.0497
ENSG00000243847.3	RN7SL610P	misc_RNA	2	1	1	0.3898	0.0967	0.1045
ENSG00000243849.2	CFAP44-AS1	lncRNA	7	13	23	0.2982	0.0740	0.0800
ENSG00000243853.1	ALDH7A1P3	processed_pseudogene	0	0	0	0.0000	0.0000	0.0000
ENSG00000243854.3	RN7SL67P	misc_RNA	1	1	0	0.1916	0.0475	0.0514
ENSG00000243855.1	RPL12P5	processed_pseudogene	0	0	0	0.0000	0.0000	0.0000
ENSG00000243856.3	RN7SL551P	misc_RNA	0	0	0	0.0000	0.0000	0.0000
ENSG00000243859.3	RPL5P17	processed_pseudogene	1	0	1	0.0647	0.0160	0.0173
ENSG00000243861.1	AC092994.1	lncRNA	0	0	0	0.0000	0.0000	0.0000
ENSG00000243864.1	RPS3AP50	processed_pseudogene	0	0	0	0.0000	0.0000	0.0000
ENSG00000243870.3	RN7SL236P	misc_RNA	7	3	4	1.3978	0.3466	0.3748
ENSG00000243871.3	RN7SL487P	misc_RNA	1	1	0	0.1649	0.0409	0.0442
ENSG00000243872.3	RN7SL464P	misc_RNA	0	0	0	0.0000	0.0000	0.0000
ENSG00000243873.1	HMGB1P36	processed_pseudogene	0	0	0	0.0000	0.0000	0.0000
ENSG00000243877.1	HMGB1P38	processed_pseudogene	0	0	0	0.0000	0.0000	0.0000
ENSG00000243883.3	RN7SL419P	misc_RNA	0	0	0	0.0000	0.0000	0.0000
ENSG00000243885.1	AC108751.4	lncRNA	0	1	1	0.0000	0.0000	0.0000
ENSG00000243886.1	AC117440.1	processed_pseudogene	0	0	0	0.0000	0.0000	0.0000
ENSG00000243888.1	AL355140.1	lncRNA	0	0	0	0.0000	0.0000	0.0000
ENSG00000243889.1	TRBV8-1	TR_V_pseudogene	0	0	0	0.0000	0.0000	0.0000
ENSG00000243894.1	RPS3AP16	processed_pseudogene	1	1	0	0.0726	0.0180	0.0195
ENSG00000243896.4	OR2A7	protein_coding	28	16	13	0.7379	0.1830	0.1978
ENSG00000243900.3	RN7SL320P	misc_RNA	0	0	0	0.0000	0.0000	0.0000
ENSG00000243902.6	ELFN2	lncRNA	2	0	2	0.0536	0.0133	0.0144
ENSG00000243903.1	AC138057.1	lncRNA	0	0	0	0.0000	0.0000	0.0000
ENSG00000243904.1	RPSAP5	processed_pseudogene	8	2	6	0.5132	0.1273	0.1376
ENSG00000243905.3	RN7SL679P	misc_RNA	0	0	0	0.0000	0.0000	0.0000
ENSG00000243910.8	TUBA4B	protein_coding	0	1	0	0.0000	0.0000	0.0000
ENSG00000243911.3	RN7SL430P	misc_RNA	0	0	0	0.0000	0.0000	0.0000
ENSG00000243914.1	RPL5P14	processed_pseudogene	0	0	0	0.0000	0.0000	0.0000
ENSG00000243915.1	THAP12P2	processed_pseudogene	0	0	0	0.0000	0.0000	0.0000
ENSG00000243916.1	AC092183.1	processed_pseudogene	0	0	0	0.0000	0.0000	0.0000
ENSG00000243918.1	EIF4BP8	processed_pseudogene	4	3	1	0.1242	0.0308	0.0333
ENSG00000243920.2	RPS26P24	processed_pseudogene	0	0	0	0.0000	0.0000	0.0000
ENSG00000243925.1	RPS24P18	processed_pseudogene	0	0	0	0.0000	0.0000	0.0000
ENSG00000243926.2	TIPARP-AS1	lncRNA	51	29	22	2.1878	0.5425	0.5866
ENSG00000243927.6	MRPS6	protein_coding	2030	1003	1027	26.9416	6.6812	7.2239
ENSG00000243929.1	AC104784.1	processed_pseudogene	0	0	0	0.0000	0.0000	0.0000
ENSG00000243930.1	RPS12P21	processed_pseudogene	0	0	0	0.0000	0.0000	0.0000
ENSG00000243939.1	AC090142.2	processed_pseudogene	0	0	0	0.0000	0.0000	0.0000
ENSG00000243943.10	ZNF512	protein_coding	1667	765	902	21.4853	5.3281	5.7609
ENSG00000243944.5	AC117386.2	lncRNA	20	8	12	1.0990	0.2725	0.2947
ENSG00000243945.1	AC078918.1	processed_pseudogene	0	0	0	0.0000	0.0000	0.0000
ENSG00000243951.1	RN7SL308P	misc_RNA	0	0	0	0.0000	0.0000	0.0000
ENSG00000243953.1	AC073359.1	lncRNA	0	0	0	0.0000	0.0000	0.0000
ENSG00000243954.3	RN7SL743P	misc_RNA	1	1	0	0.1903	0.0472	0.0510
ENSG00000243955.6	GSTA1	protein_coding	6	2	4	0.2696	0.0669	0.0723
ENSG00000243957.3	RN7SL647P	misc_RNA	0	0	0	0.0000	0.0000	0.0000
ENSG00000243959.3	RN7SL684P	misc_RNA	0	0	0	0.0000	0.0000	0.0000
ENSG00000243960.1	AL390195.1	lncRNA	12	9	3	0.7904	0.1960	0.2119
ENSG00000243961.2	PARAL1	lncRNA	0	0	0	0.0000	0.0000	0.0000
ENSG00000243964.1	RPL23AP65	processed_pseudogene	7	8	4	0.8482	0.2104	0.2274
ENSG00000243967.4	NBPF5P	transcribed_unprocessed_pseudogene	5	2	3	0.1766	0.0438	0.0473
ENSG00000243968.2	RN7SL402P	misc_RNA	0	0	0	0.0000	0.0000	0.0000
ENSG00000243969.1	AC073359.2	lncRNA	0	0	0	0.0000	0.0000	0.0000
ENSG00000243970.3	PPIEL	transcribed_unprocessed_pseudogene	119	219	197	1.2460	0.3090	0.3341
ENSG00000243974.1	VTI1BP1	processed_pseudogene	4	1	3	0.3241	0.0804	0.0869
ENSG00000243976.2	RN7SL523P	misc_RNA	0	0	0	0.0000	0.0000	0.0000
ENSG00000243977.1	H3P13	processed_pseudogene	1	1	0	0.0802	0.0199	0.0215
ENSG00000243978.8	RTL9	protein_coding	12	7	5	0.1231	0.0305	0.0330
ENSG00000243979.2	AC087752.1	processed_pseudogene	2	1	1	0.2033	0.0504	0.0545
ENSG00000243980.3	RN7SL702P	misc_RNA	0	0	0	0.0000	0.0000	0.0000
ENSG00000243981.4	AC064862.6	transcribed_processed_pseudogene	0	0	0	0.0000	0.0000	0.0000
ENSG00000243986.2	ENO1P3	processed_pseudogene	2	1	1	0.0927	0.0230	0.0248
ENSG00000243988.1	RPS24P17	processed_pseudogene	1	1	0	0.1341	0.0332	0.0359
ENSG00000243989.9	ACY1	protein_coding	12	7	5	0.1440	0.0357	0.0386
ENSG00000243991.3	RN7SL447P	misc_RNA	0	0	0	0.0000	0.0000	0.0000
ENSG00000243995.3	AL035660.2	transcribed_unprocessed_pseudogene	0	0	0	0.0000	0.0000	0.0000
ENSG00000244000.1	AC006366.1	processed_pseudogene	0	0	0	0.0000	0.0000	0.0000
ENSG00000244002.1	RPSAP39	processed_pseudogene	1	1	0	0.0642	0.0159	0.0172
ENSG00000244003.3	RN7SL143P	misc_RNA	0	0	0	0.0000	0.0000	0.0000
ENSG00000244004.1	RPS3AP19	processed_pseudogene	0	0	0	0.0000	0.0000	0.0000
ENSG00000244005.13	NFS1	protein_coding	1843	951	903	17.3529	4.3033	4.6529
ENSG00000244006.3	RN7SL799P	misc_RNA	3	0	3	0.5709	0.1416	0.1531
ENSG00000244009.1	B3GAT3P1	processed_pseudogene	10	4	6	0.7036	0.1745	0.1887
ENSG00000244018.1	RPL35P6	processed_pseudogene	1	1	0	0.1524	0.0378	0.0409
ENSG00000244019.1	RPS2P24	processed_pseudogene	0	0	0	0.0000	0.0000	0.0000
ENSG00000244020.3	MT1HL1	protein_coding	0	0	0	0.0000	0.0000	0.0000
ENSG00000244021.4	AC093591.1	processed_pseudogene	4	1	9	0.4716	0.1170	0.1265
ENSG00000244024.1	LARP7P4	processed_pseudogene	0	0	0	0.0000	0.0000	0.0000
ENSG00000244025.5	KRTAP19-3	protein_coding	0	0	0	0.0000	0.0000	0.0000
ENSG00000244026.6	FAM86DP	transcribed_unprocessed_pseudogene	349	200	190	5.4583	1.3536	1.4636
ENSG00000244031.3	RPS3AP17	processed_pseudogene	0	0	0	0.0000	0.0000	0.0000
ENSG00000244033.3	RN7SL228P	misc_RNA	0	0	0	0.0000	0.0000	0.0000
ENSG00000244034.3	RN7SL424P	misc_RNA	0	0	0	0.0000	0.0000	0.0000
ENSG00000244036.3	AC073320.1	lncRNA	4	32	40	0.1480	0.0367	0.0397
ENSG00000244038.11	DDOST	protein_coding	11857	5743	6114	247.1188	61.2830	66.2608
ENSG00000244039.1	AC008040.2	processed_pseudogene	0	0	0	0.0000	0.0000	0.0000
ENSG00000244040.7	IL12A-AS1	lncRNA	20	13	7	0.0973	0.0241	0.0261
ENSG00000244041.7	LINC01011	lncRNA	139	68	104	2.8042	0.6954	0.7519
ENSG00000244043.1	RPS27P27	processed_pseudogene	0	0	0	0.0000	0.0000	0.0000
ENSG00000244044.3	RN7SL735P	misc_RNA	0	0	0	0.0000	0.0000	0.0000
ENSG00000244045.13	TMEM199	protein_coding	1171	1541	1576	14.5662	3.6123	3.9057
ENSG00000244048.1	RPS18P6	processed_pseudogene	0	0	0	0.0000	0.0000	0.0000
ENSG00000244050.2	DEFB109F	transcribed_unprocessed_pseudogene	3	11	11	0.2766	0.0686	0.0742
ENSG00000244052.1	RPL5P24	processed_pseudogene	6	1	5	0.3845	0.0953	0.1031
ENSG00000244053.1	RPL13AP2	processed_pseudogene	1	1	0	0.1070	0.0265	0.0287
ENSG00000244055.2	AC007566.1	lncRNA	166	528	584	1.6545	0.4103	0.4436
ENSG00000244056.3	RN7SL417P	misc_RNA	7	3	4	1.4980	0.3715	0.4017
ENSG00000244057.4	LCE3C	protein_coding	0	0	0	0.0000	0.0000	0.0000
ENSG00000244060.2	RPS2P41	processed_pseudogene	4	2	2	0.3762	0.0933	0.1009
ENSG00000244061.1	AC093278.1	processed_pseudogene	6	3	3	0.5671	0.1406	0.1521
ENSG00000244062.1	AC080128.1	processed_pseudogene	0	0	0	0.0000	0.0000	0.0000
ENSG00000244063.1	AC104653.2	lncRNA	1	0	1	0.1363	0.0338	0.0366
ENSG00000244065.1	MARK2P17	processed_pseudogene	0	0	0	0.0000	0.0000	0.0000
ENSG00000244066.3	RN7SL148P	misc_RNA	0	0	0	0.0000	0.0000	0.0000
ENSG00000244067.3	GSTA2	protein_coding	2	1	1	0.0929	0.0230	0.0249
ENSG00000244071.1	RPL9P33	processed_pseudogene	0	0	0	0.0000	0.0000	0.0000
ENSG00000244073.1	RPS4XP6	processed_pseudogene	16	10	7	1.1385	0.2823	0.3053
ENSG00000244076.1	AC026410.2	processed_pseudogene	0	0	0	0.0000	0.0000	0.0000
ENSG00000244080.3	RN7SL833P	misc_RNA	0	0	0	0.0000	0.0000	0.0000
ENSG00000244081.1	AL591379.2	unprocessed_pseudogene	0	0	0	0.0000	0.0000	0.0000
ENSG00000244083.1	AC021205.2	processed_pseudogene	0	0	0	0.0000	0.0000	0.0000
ENSG00000244086.1	AC110749.1	processed_pseudogene	2	0	2	0.3177	0.0788	0.0852
ENSG00000244088.1	RPL23AP44	processed_pseudogene	0	0	0	0.0000	0.0000	0.0000
ENSG00000244089.1	HMGB1P30	processed_pseudogene	0	0	0	0.0000	0.0000	0.0000
ENSG00000244091.1	RN7SL483P	misc_RNA	0	0	0	0.0000	0.0000	0.0000
ENSG00000244094.2	SPRR2F	protein_coding	0	0	0	0.0000	0.0000	0.0000
ENSG00000244097.1	RPS4XP17	processed_pseudogene	2	2	0	0.1504	0.0373	0.0403
ENSG00000244099.1	RPS23P3	processed_pseudogene	0	0	0	0.0000	0.0000	0.0000
ENSG00000244101.1	HMGN1P10	processed_pseudogene	0	0	0	0.0000	0.0000	0.0000
ENSG00000244104.3	RN7SL659P	misc_RNA	0	0	0	0.0000	0.0000	0.0000
ENSG00000244107.3	RN7SL250P	misc_RNA	0	0	0	0.0000	0.0000	0.0000
ENSG00000244112.3	RN7SL508P	misc_RNA	0	0	0	0.0000	0.0000	0.0000
ENSG00000244113.1	AC079193.1	processed_pseudogene	0	0	0	0.0000	0.0000	0.0000
ENSG00000244115.1	DNAJC25-GNG10	protein_coding	0	0	0	0.0000	0.0000	0.0000
ENSG00000244116.3	IGKV2-28	IG_V_gene	0	0	0	0.0000	0.0000	0.0000
ENSG00000244119.1	PDCL3P4	processed_pseudogene	85	47	38	6.6949	1.6603	1.7951
ENSG00000244122.2	UGT1A7	protein_coding	3	3	0	0.0408	0.0101	0.0109
ENSG00000244124.1	ATP1B3-AS1	lncRNA	9	2	7	1.3574	0.3366	0.3640
ENSG00000244125.1	AC078882.1	lncRNA	0	0	0	0.0000	0.0000	0.0000
ENSG00000244128.7	LINC01322	lncRNA	1	1	0	0.0037	0.0009	0.0010
ENSG00000244130.1	UBE2Q2P9	processed_pseudogene	0	0	0	0.0000	0.0000	0.0000
ENSG00000244131.2	RPSAP51	processed_pseudogene	0	0	0	0.0000	0.0000	0.0000
ENSG00000244134.1	RPS12P20	processed_pseudogene	3	1	2	0.4477	0.1110	0.1200
ENSG00000244137.1	AL512328.1	lncRNA	9	14	4	0.3795	0.0941	0.1017
ENSG00000244139.3	RN7SL397P	misc_RNA	0	0	0	0.0000	0.0000	0.0000
ENSG00000244142.1	ATP6V0CP2	processed_pseudogene	0	0	0	0.0000	0.0000	0.0000
ENSG00000244144.1	AC128688.1	processed_pseudogene	0	0	0	0.0000	0.0000	0.0000
ENSG00000244146.1	AC106872.3	processed_pseudogene	0	0	0	0.0000	0.0000	0.0000
ENSG00000244151.1	AC010973.2	lncRNA	6	1223	1131	0.2766	0.0686	0.0742
ENSG00000244153.1	WWP1P1	processed_pseudogene	9	5	4	0.1843	0.0457	0.0494
ENSG00000244155.1	CYP4F34P	unprocessed_pseudogene	0	0	0	0.0000	0.0000	0.0000
ENSG00000244157.1	EIF4E2P2	processed_pseudogene	0	0	0	0.0000	0.0000	0.0000
ENSG00000244158.1	CALHM6-AS1	lncRNA	0	62	45	0.0000	0.0000	0.0000
ENSG00000244159.1	RPS27AP13	processed_pseudogene	0	0	0	0.0000	0.0000	0.0000
ENSG00000244161.1	FLNB-AS1	lncRNA	136	2294	2367	2.0794	0.5157	0.5576
ENSG00000244165.2	P2RY11	protein_coding	144	758	734	3.8160	0.9463	1.0232
ENSG00000244167.1	AC005532.2	processed_pseudogene	0	0	0	0.0000	0.0000	0.0000
ENSG00000244169.3	RN7SL120P	misc_RNA	0	0	0	0.0000	0.0000	0.0000
ENSG00000244171.4	PBX2P1	processed_pseudogene	0	0	0	0.0000	0.0000	0.0000
ENSG00000244176.1	AP003733.1	processed_pseudogene	7	4	3	0.4659	0.1155	0.1249
ENSG00000244183.1	PPIAP71	processed_pseudogene	0	0	0	0.0000	0.0000	0.0000
ENSG00000244184.1	AC091153.3	lncRNA	8	11	8	0.9612	0.2384	0.2577
ENSG00000244187.8	TMEM141	protein_coding	1119	572	547	41.9144	10.3944	11.2387
ENSG00000244192.1	AC113367.1	processed_pseudogene	1	1	0	0.1066	0.0264	0.0286
ENSG00000244193.1	AC008040.3	transcribed_processed_pseudogene	0	0	0	0.0000	0.0000	0.0000
ENSG00000244194.3	RN7SL218P	misc_RNA	0	0	0	0.0000	0.0000	0.0000
ENSG00000244196.1	PPIAP15	processed_pseudogene	0	0	0	0.0000	0.0000	0.0000
ENSG00000244197.3	RN7SL766P	misc_RNA	0	0	0	0.0000	0.0000	0.0000
ENSG00000244198.7	ARHGEF35-AS1	lncRNA	114	89	85	0.6802	0.1687	0.1824
ENSG00000244199.1	EIF4EP3	processed_pseudogene	0	0	0	0.0000	0.0000	0.0000
ENSG00000244203.2	FOXP1-AS1	lncRNA	6	6	2	0.4861	0.1205	0.1303
ENSG00000244213.1	ZFAND6P1	processed_pseudogene	0	0	0	0.0000	0.0000	0.0000
ENSG00000244215.2	LINC02016	lncRNA	1	1	0	0.0353	0.0088	0.0095
ENSG00000244217.1	RPS4XP10	processed_pseudogene	1	1	0	0.0776	0.0192	0.0208
ENSG00000244218.3	RN7SL81P	misc_RNA	4	2	2	0.8691	0.2155	0.2330
ENSG00000244219.7	TMEM225B	protein_coding	32	15	17	1.2593	0.3123	0.3377
ENSG00000244222.2	OR7E121P	unprocessed_pseudogene	0	0	0	0.0000	0.0000	0.0000
ENSG00000244226.1	ILF2P1	processed_pseudogene	1	0	1	0.0486	0.0120	0.0130
ENSG00000244227.7	LRRC77P	transcribed_unitary_pseudogene	7	4	4	0.0737	0.0183	0.0198
ENSG00000244229.1	RPL26P35	processed_pseudogene	4	4	0	0.4931	0.1223	0.1322
ENSG00000244230.3	RN7SL151P	misc_RNA	1	1	0	0.2004	0.0497	0.0537
ENSG00000244231.1	CSPG4P2Y	lncRNA	0	0	0	0.0000	0.0000	0.0000
ENSG00000244232.3	RN7SL698P	misc_RNA	1	0	1	0.1878	0.0466	0.0504
ENSG00000244234.3	GMCL2	protein_coding	4	1	3	0.0791	0.0196	0.0212
ENSG00000244235.2	AC103724.1	processed_pseudogene	0	0	0	0.0000	0.0000	0.0000
ENSG00000244236.3	RN7SL604P	misc_RNA	0	0	0	0.0000	0.0000	0.0000
ENSG00000244237.1	AL133445.1	processed_pseudogene	0	0	0	0.0000	0.0000	0.0000
ENSG00000244239.1	AC007009.1	lncRNA	0	0	0	0.0000	0.0000	0.0000
ENSG00000244242.2	IFITM10	protein_coding	16	10	6	0.1893	0.0470	0.0508
ENSG00000244244.2	RPS3AP42	processed_pseudogene	0	0	0	0.0000	0.0000	0.0000
ENSG00000244245.1	AC133134.1	processed_pseudogene	3	2	1	0.4739	0.1175	0.1271
ENSG00000244246.1	ZNF736P8Y	processed_pseudogene	0	0	0	0.0000	0.0000	0.0000
ENSG00000244247.2	LINC01995	lncRNA	0	0	0	0.0000	0.0000	0.0000
ENSG00000244249.1	AC063955.1	processed_pseudogene	0	0	0	0.0000	0.0000	0.0000
ENSG00000244251.1	AC013356.1	processed_pseudogene	2	1	1	0.2011	0.0499	0.0539
ENSG00000244253.1	RPS29P24	processed_pseudogene	0	0	0	0.0000	0.0000	0.0000
ENSG00000244255.5	AL645922.1	protein_coding	0	0	0	0.0000	0.0000	0.0000
ENSG00000244256.3	RN7SL130P	misc_RNA	4	3	1	0.7437	0.1844	0.1994
ENSG00000244257.5	PKD1P1	unprocessed_pseudogene	0	0	0	0.0000	0.0000	0.0000
ENSG00000244259.1	AP000797.2	processed_pseudogene	0	0	0	0.0000	0.0000	0.0000
ENSG00000244260.2	AC082651.4	lncRNA	0	0	0	0.0000	0.0000	0.0000
ENSG00000244264.3	RN7SL597P	misc_RNA	0	0	0	0.0000	0.0000	0.0000
ENSG00000244265.2	SIAH2-AS1	lncRNA	107	313	321	1.4887	0.3692	0.3992
ENSG00000244266.1	AC090058.1	processed_pseudogene	1	0	1	0.1304	0.0323	0.0350
ENSG00000244267.1	RPL34P22	processed_pseudogene	0	0	0	0.0000	0.0000	0.0000
ENSG00000244268.1	AC117394.2	lncRNA	5	3	2	0.8779	0.2177	0.2354
ENSG00000244270.1	RPL32P29	processed_pseudogene	0	0	0	0.0000	0.0000	0.0000
ENSG00000244273.1	PGBD4P1	processed_pseudogene	0	0	0	0.0000	0.0000	0.0000
ENSG00000244274.8	DBNDD2	protein_coding	44	26	35	0.9028	0.2239	0.2421
ENSG00000244278.1	AP000235.1	lncRNA	0	0	0	0.0000	0.0000	0.0000
ENSG00000244280.1	ECEL1P2	transcribed_unprocessed_pseudogene	1	0	1	0.0332	0.0082	0.0089
ENSG00000244281.1	AC107302.1	processed_pseudogene	0	0	0	0.0000	0.0000	0.0000
ENSG00000244283.1	RPL23AP73	processed_pseudogene	0	0	0	0.0000	0.0000	0.0000
ENSG00000244286.1	ITGB5-AS1	lncRNA	3	3	0	0.3698	0.0917	0.0992
ENSG00000244289.1	RPS3AP35	processed_pseudogene	0	0	0	0.0000	0.0000	0.0000
ENSG00000244292.1	OR9N1P	transcribed_unprocessed_pseudogene	3	2	1	0.2340	0.0580	0.0627
ENSG00000244294.3	RN7SL740P	misc_RNA	0	0	0	0.0000	0.0000	0.0000
ENSG00000244295.2	RPS20P21	processed_pseudogene	0	0	0	0.0000	0.0000	0.0000
ENSG00000244296.3	RN7SL168P	misc_RNA	0	0	0	0.0000	0.0000	0.0000
ENSG00000244297.3	RN7SL465P	misc_RNA	0	0	0	0.0000	0.0000	0.0000
ENSG00000244300.3	GATA2-AS1	lncRNA	65	32	33	1.2689	0.3147	0.3402
ENSG00000244301.6	AOX3P	transcribed_unprocessed_pseudogene	3	1	2	0.0395	0.0098	0.0106
ENSG00000244302.2	PEX5L-AS2	lncRNA	0	0	0	0.0000	0.0000	0.0000
ENSG00000244306.11	DUXAP10	transcribed_processed_pseudogene	71	36	36	0.3271	0.0811	0.0877
ENSG00000244307.3	RN7SL395P	misc_RNA	5	1	5	0.9744	0.2416	0.2613
ENSG00000244308.2	RN7SL762P	misc_RNA	1	1	0	0.1962	0.0487	0.0526
ENSG00000244310.2	AC093904.3	lncRNA	0	0	0	0.0000	0.0000	0.0000
ENSG00000244313.3	AC024293.1	processed_pseudogene	291	82	210	33.1378	8.2178	8.8853
ENSG00000244314.3	RN7SL36P	misc_RNA	0	0	0	0.0000	0.0000	0.0000
ENSG00000244318.3	RN7SL252P	misc_RNA	0	0	0	0.0000	0.0000	0.0000
ENSG00000244321.1	LINC01326	lncRNA	0	0	0	0.0000	0.0000	0.0000
ENSG00000244326.3	RN7SL814P	misc_RNA	0	0	0	0.0000	0.0000	0.0000
ENSG00000244327.1	AC109992.2	lncRNA	1	1	0	0.0741	0.0184	0.0199
ENSG00000244328.3	RN7SL845P	misc_RNA	0	0	0	0.0000	0.0000	0.0000
ENSG00000244329.1	UBA52P9	processed_pseudogene	0	0	0	0.0000	0.0000	0.0000
ENSG00000244331.1	AC008677.2	processed_pseudogene	2	2	0	0.3707	0.0919	0.0994
ENSG00000244332.1	AL138759.1	lncRNA	0	0	0	0.0000	0.0000	0.0000
ENSG00000244335.3	RN7SL687P	misc_RNA	0	0	0	0.0000	0.0000	0.0000
ENSG00000244337.2	AJ239322.2	lncRNA	0	0	0	0.0000	0.0000	0.0000
ENSG00000244342.5	LINC00698	lncRNA	2	2	0	0.0413	0.0102	0.0111
ENSG00000244345.1	AC104435.2	lncRNA	19	11	8	1.2442	0.3086	0.3336
ENSG00000244346.1	AC092953.1	processed_pseudogene	0	0	0	0.0000	0.0000	0.0000
ENSG00000244349.1	AL662791.1	lncRNA	6	2	4	1.0734	0.2662	0.2878
ENSG00000244355.7	LY6G6D	protein_coding	0	0	0	0.0000	0.0000	0.0000
ENSG00000244356.3	RN7SL398P	misc_RNA	0	0	0	0.0000	0.0000	0.0000
ENSG00000244357.3	RN7SL145P	misc_RNA	5	3	2	0.9579	0.2376	0.2569
ENSG00000244358.1	AC055758.2	lncRNA	0	0	0	0.0000	0.0000	0.0000
ENSG00000244361.1	RPL30P7	processed_pseudogene	1	0	1	0.1756	0.0435	0.0471
ENSG00000244362.3	KRTAP19-7	protein_coding	0	0	0	0.0000	0.0000	0.0000
ENSG00000244363.3	RPL7P23	processed_pseudogene	19	9	10	1.4424	0.3577	0.3868
ENSG00000244371.2	PFN1P8	processed_pseudogene	1	0	1	0.1044	0.0259	0.0280
ENSG00000244372.3	RN7SL423P	misc_RNA	0	0	0	0.0000	0.0000	0.0000
ENSG00000244376.3	RN7SL636P	misc_RNA	0	0	0	0.0000	0.0000	0.0000
ENSG00000244378.1	RPS2P45	transcribed_processed_pseudogene	3	1	2	0.0718	0.0178	0.0193
ENSG00000244380.1	AC134772.1	lncRNA	0	600	578	0.0000	0.0000	0.0000
ENSG00000244381.1	SDHDP3	processed_pseudogene	0	0	0	0.0000	0.0000	0.0000
ENSG00000244383.2	FAM3D-AS1	lncRNA	6	5	3	0.1878	0.0466	0.0504
ENSG00000244384.3	RN7SL359P	misc_RNA	7	2	5	1.3784	0.3418	0.3696
ENSG00000244389.3	RN7SL242P	misc_RNA	0	0	0	0.0000	0.0000	0.0000
ENSG00000244390.2	RPS6P22	processed_pseudogene	0	0	0	0.0000	0.0000	0.0000
ENSG00000244391.3	RN7SL330P	misc_RNA	0	0	0	0.0000	0.0000	0.0000
ENSG00000244392.3	RN7SL869P	misc_RNA	0	0	0	0.0000	0.0000	0.0000
ENSG00000244395.6	RBMY1D	protein_coding	0	0	0	0.0000	0.0000	0.0000
ENSG00000244398.1	AC116533.1	processed_pseudogene	147	68	79	25.9700	6.4403	6.9634
ENSG00000244399.3	RN7SL251P	misc_RNA	0	0	0	0.0000	0.0000	0.0000
ENSG00000244400.2	RPS4XP12	processed_pseudogene	0	0	0	0.0000	0.0000	0.0000
ENSG00000244402.3	RN7SL314P	misc_RNA	121	56	65	23.4997	5.8277	6.3010
ENSG00000244404.3	RN7SL216P	misc_RNA	0	0	0	0.0000	0.0000	0.0000
ENSG00000244405.8	ETV5	protein_coding	2384	1214	1172	23.4188	5.8076	6.2794
ENSG00000244411.4	KRTAP5-7	protein_coding	1	0	1	0.0404	0.0100	0.0108
ENSG00000244413.1	RPL23AP56	processed_pseudogene	3	3	0	0.3756	0.0931	0.1007
ENSG00000244414.7	CFHR1	protein_coding	0	0	0	0.0000	0.0000	0.0000
ENSG00000244422.3	RPL38P3	processed_pseudogene	1	0	1	0.2662	0.0660	0.0714
ENSG00000244425.3	RN7SL268P	misc_RNA	18	7	11	3.4254	0.8495	0.9185
ENSG00000244427.1	RPS3AP31	processed_pseudogene	0	0	0	0.0000	0.0000	0.0000
ENSG00000244429.1	AC104629.1	processed_pseudogene	0	0	0	0.0000	0.0000	0.0000
ENSG00000244432.2	RPL39P28	processed_pseudogene	0	0	0	0.0000	0.0000	0.0000
ENSG00000244436.2	AC023050.1	processed_pseudogene	0	0	0	0.0000	0.0000	0.0000
ENSG00000244437.1	IGKV3-15	IG_V_gene	231	120	111	29.6380	7.3499	7.9469
ENSG00000244441.1	AC126182.2	processed_pseudogene	0	0	0	0.0000	0.0000	0.0000
ENSG00000244451.1	RPL34P21	processed_pseudogene	0	0	0	0.0000	0.0000	0.0000
ENSG00000244456.2	SPECC1P2	transcribed_unprocessed_pseudogene	0	0	0	0.0000	0.0000	0.0000
ENSG00000244457.2	ENO1P1	transcribed_processed_pseudogene	0	0	0	0.0000	0.0000	0.0000
ENSG00000244459.2	AC147067.1	lncRNA	46	20	26	4.5055	1.1173	1.2081
ENSG00000244461.1	LINC02077	lncRNA	0	0	0	0.0000	0.0000	0.0000
ENSG00000244462.8	RBM12	protein_coding	7676	3853	3825	64.9516	16.1073	17.4157
ENSG00000244464.2	AC107029.2	lncRNA	1	1	0	0.0151	0.0038	0.0041
ENSG00000244468.1	AC093001.1	lncRNA	26	40	35	2.6760	0.6636	0.7175
ENSG00000244470.2	AC105918.1	processed_pseudogene	0	0	0	0.0000	0.0000	0.0000
ENSG00000244471.6	AL137058.1	transcribed_unprocessed_pseudogene	17	9	8	0.2131	0.0528	0.0571
ENSG00000244474.6	UGT1A4	protein_coding	0	0	0	0.0000	0.0000	0.0000
ENSG00000244476.3	ERVFRD-1	protein_coding	10	4	6	0.1753	0.0435	0.0470
ENSG00000244479.7	OR2A1-AS1	lncRNA	23	5	23	0.5151	0.1277	0.1381
ENSG00000244480.1	AC005154.2	transcribed_processed_pseudogene	40	26	14	1.6284	0.4038	0.4366
ENSG00000244482.10	LILRA6	protein_coding	191	100	91	3.9851	0.9883	1.0685
ENSG00000244485.1	RPL18P13	processed_pseudogene	1	0	1	0.0997	0.0247	0.0267
ENSG00000244486.9	SCARF2	protein_coding	1440	705	735	22.8618	5.6695	6.1300
ENSG00000244490.1	RWDD4P1	processed_pseudogene	13	6	7	1.3048	0.3236	0.3499
ENSG00000244491.1	AL021707.5	lncRNA	0	181	220	0.0000	0.0000	0.0000
ENSG00000244493.1	SLC9A9-AS2	lncRNA	0	18	10	0.0000	0.0000	0.0000
ENSG00000244501.3	RN7SL623P	misc_RNA	0	0	0	0.0000	0.0000	0.0000
ENSG00000244502.2	HDAC11-AS1	lncRNA	2	2	9	0.2202	0.0546	0.0591
ENSG00000244503.1	AC108751.5	processed_pseudogene	2	2	0	0.0849	0.0211	0.0228
ENSG00000244509.4	APOBEC3C	protein_coding	1850	925	925	39.6798	9.8402	10.6395
ENSG00000244510.2	AC008267.5	transcribed_unprocessed_pseudogene	0	0	0	0.0000	0.0000	0.0000
ENSG00000244512.3	RN7SL28P	misc_RNA	0	0	0	0.0000	0.0000	0.0000
ENSG00000244513.7	AC109587.1	lncRNA	78	1249	1231	1.1808	0.2928	0.3166
ENSG00000244514.3	RN7SL125P	misc_RNA	0	0	0	0.0000	0.0000	0.0000
ENSG00000244515.1	KRT18P34	processed_pseudogene	14	11	8	0.6251	0.1550	0.1676
ENSG00000244521.3	RN7SL700P	misc_RNA	0	0	0	0.0000	0.0000	0.0000
ENSG00000244527.1	AC022795.1	processed_pseudogene	0	0	0	0.0000	0.0000	0.0000
ENSG00000244528.1	SEPTIN14P2	processed_pseudogene	0	0	0	0.0000	0.0000	0.0000
ENSG00000244532.1	RN7SL380P	misc_RNA	0	0	0	0.0000	0.0000	0.0000
ENSG00000244534.3	RN7SL211P	misc_RNA	0	0	0	0.0000	0.0000	0.0000
ENSG00000244535.1	AL049714.1	processed_pseudogene	3	0	3	0.4903	0.1216	0.1315
ENSG00000244537.3	KRTAP4-2	protein_coding	0	0	0	0.0000	0.0000	0.0000
ENSG00000244538.1	AC098583.1	processed_pseudogene	31	16	15	6.8942	1.7097	1.8486
ENSG00000244540.2	RPL35AP29	processed_pseudogene	1	2	0	0.1729	0.0429	0.0464
ENSG00000244541.6	LINC01213	lncRNA	31	16	15	1.0227	0.2536	0.2742
ENSG00000244544.2	RN7SL446P	misc_RNA	1	0	1	0.1916	0.0475	0.0514
ENSG00000244545.1	AC092924.1	lncRNA	0	0	0	0.0000	0.0000	0.0000
ENSG00000244550.1	AC006455.8	lncRNA	0	0	0	0.0000	0.0000	0.0000
ENSG00000244551.2	RPL34P29	processed_pseudogene	0	0	0	0.0000	0.0000	0.0000
ENSG00000244556.1	ODCP	processed_pseudogene	7	5	2	0.2422	0.0601	0.0649
ENSG00000244558.6	KCNK15-AS1	lncRNA	37	50	47	1.3979	0.3467	0.3748
ENSG00000244559.1	AC091179.2	processed_pseudogene	0	0	0	0.0000	0.0000	0.0000
ENSG00000244560.7	AC004890.2	transcribed_unprocessed_pseudogene	113	55	58	1.4945	0.3706	0.4007
ENSG00000244561.1	AC092905.1	processed_pseudogene	0	0	0	0.0000	0.0000	0.0000
ENSG00000244563.1	RPS26P19	processed_pseudogene	0	0	0	0.0000	0.0000	0.0000
ENSG00000244564.2	PRICKLE2-DT	lncRNA	11	7	4	0.3460	0.0858	0.0928
ENSG00000244565.1	POLR2DP2	processed_pseudogene	0	0	0	0.0000	0.0000	0.0000
ENSG00000244568.3	RN7SL654P	misc_RNA	0	0	0	0.0000	0.0000	0.0000
ENSG00000244571.1	RPS6P4	processed_pseudogene	0	0	0	0.0000	0.0000	0.0000
ENSG00000244573.3	RPL30P11	transcribed_processed_pseudogene	2	1	1	0.1698	0.0421	0.0455
ENSG00000244575.3	IGKV1-27	IG_V_gene	172	89	84	25.5343	6.3323	6.8466
ENSG00000244578.1	LINC01391	lncRNA	0	0	0	0.0000	0.0000	0.0000
ENSG00000244582.2	RPL21P120	processed_pseudogene	1	0	1	0.1130	0.0280	0.0303
ENSG00000244585.1	RPL12P33	processed_pseudogene	0	0	0	0.0000	0.0000	0.0000
ENSG00000244586.1	WNT5A-AS1	lncRNA	41	27	14	4.6502	1.1532	1.2469
ENSG00000244588.5	RAD21L1	protein_coding	0	0	0	0.0000	0.0000	0.0000
ENSG00000244593.1	AC025062.1	processed_pseudogene	4	2	3	0.3522	0.0874	0.0944
ENSG00000244604.1	AC025518.1	processed_pseudogene	1	1	0	0.1634	0.0405	0.0438
ENSG00000244607.7	CCDC13	protein_coding	3	4	6	0.0241	0.0060	0.0065
ENSG00000244610.3	RN7SL756P	misc_RNA	0	0	0	0.0000	0.0000	0.0000
ENSG00000244615.1	PSPC1P2	transcribed_unprocessed_pseudogene	0	0	0	0.0000	0.0000	0.0000
ENSG00000244617.2	ASPRV1	protein_coding	99	58	41	2.5789	0.6395	0.6915
ENSG00000244618.3	RN7SL334P	misc_RNA	0	0	0	0.0000	0.0000	0.0000
ENSG00000244619.2	AC243547.1	lncRNA	0	12	8	0.0000	0.0000	0.0000
ENSG00000244620.1	AC246787.2	lncRNA	0	0	0	0.0000	0.0000	0.0000
ENSG00000244621.1	RPS17P11	processed_pseudogene	0	0	0	0.0000	0.0000	0.0000
ENSG00000244623.1	OR2AE1	protein_coding	9	4	5	0.4766	0.1182	0.1278
ENSG00000244624.3	KRTAP20-1	protein_coding	0	0	0	0.0000	0.0000	0.0000
ENSG00000244625.7	MIATNB	lncRNA	247	125	122	1.7926	0.4445	0.4807
ENSG00000244627.5	TPTEP2	transcribed_unprocessed_pseudogene	29	15	14	0.4271	0.1059	0.1145
ENSG00000244630.2	AC022493.1	processed_pseudogene	1	1	0	0.1683	0.0417	0.0451
ENSG00000244632.3	RN7SL863P	misc_RNA	0	0	0	0.0000	0.0000	0.0000
ENSG00000244640.1	AC096922.1	processed_pseudogene	0	0	0	0.0000	0.0000	0.0000
ENSG00000244641.2	RPS26P43	processed_pseudogene	2	2	0	0.3793	0.0941	0.1017
ENSG00000244642.3	RN7SL396P	misc_RNA	0	0	0	0.0000	0.0000	0.0000
ENSG00000244646.4	XKRY2	transcribed_unprocessed_pseudogene	0	0	0	0.0000	0.0000	0.0000
ENSG00000244649.5	LINC02086	lncRNA	132	62	70	1.9403	0.4812	0.5203
ENSG00000244650.2	AC025566.1	lncRNA	0	0	0	0.0000	0.0000	0.0000
ENSG00000244652.1	AC079382.1	processed_pseudogene	0	0	0	0.0000	0.0000	0.0000
ENSG00000244653.1	UBFD1P1	processed_pseudogene	0	0	0	0.0000	0.0000	0.0000
ENSG00000244657.1	AC008267.6	transcribed_unprocessed_pseudogene	1	1	0	0.4080	0.1012	0.1094
ENSG00000244661.1	TRBV12-1	TR_V_pseudogene	0	0	0	0.0000	0.0000	0.0000
ENSG00000244662.1	AC087312.1	processed_pseudogene	0	0	0	0.0000	0.0000	0.0000
ENSG00000244668.1	SNRPCP3	processed_pseudogene	0	17	11	0.0000	0.0000	0.0000
ENSG00000244669.1	AC104689.1	processed_pseudogene	0	0	0	0.0000	0.0000	0.0000
ENSG00000244671.3	RN7SL280P	misc_RNA	2	0	2	0.3938	0.0977	0.1056
ENSG00000244674.1	RPS3AP15	processed_pseudogene	2	1	1	0.1452	0.0360	0.0389
ENSG00000244675.2	AC108676.1	lncRNA	12	5	8	0.2292	0.0568	0.0615
ENSG00000244676.5	AL109761.1	lncRNA	7	50	44	0.8744	0.2168	0.2345
ENSG00000244677.3	RN7SL706P	misc_RNA	0	0	0	0.0000	0.0000	0.0000
ENSG00000244681.1	MTHFD2P1	transcribed_processed_pseudogene	0	0	0	0.0000	0.0000	0.0000
ENSG00000244682.7	FCGR2C	polymorphic_pseudogene	440	221	219	6.9699	1.7285	1.8689
ENSG00000244687.12	UBE2V1	protein_coding	195	104	91	2.2952	0.5692	0.6154
ENSG00000244691.1	RPL10AP1	processed_pseudogene	0	0	0	0.0000	0.0000	0.0000
ENSG00000244692.3	RN7SL724P	misc_RNA	3	3	0	0.6278	0.1557	0.1683
ENSG00000244693.1	CTAGE8	protein_coding	5	3	3	0.1096	0.0272	0.0294
ENSG00000244694.7	PTCHD4	protein_coding	119	59	60	1.3036	0.3233	0.3495
ENSG00000244699.1	AC139453.2	unprocessed_pseudogene	10	3	7	1.5369	0.3811	0.4121
ENSG00000244701.1	AC004918.1	lncRNA	12	158	153	0.8838	0.2192	0.2370
ENSG00000244703.3	CD46P1	unprocessed_pseudogene	0	0	0	0.0000	0.0000	0.0000
ENSG00000244705.1	AC020658.1	processed_pseudogene	0	1	0	0.0000	0.0000	0.0000
ENSG00000244706.4	AC026353.1	lncRNA	0	0	1	0.0000	0.0000	0.0000
ENSG00000244708.1	RPL23P10	processed_pseudogene	0	0	0	0.0000	0.0000	0.0000
ENSG00000244710.3	RN7SL47P	misc_RNA	0	0	0	0.0000	0.0000	0.0000
ENSG00000244712.1	AC084754.1	processed_pseudogene	1	0	1	0.1222	0.0303	0.0328
ENSG00000244716.3	BX679664.3	processed_pseudogene	24	10	14	2.4523	0.6082	0.6575
ENSG00000244717.1	RPS27P14	processed_pseudogene	0	0	0	0.0000	0.0000	0.0000
ENSG00000244720.1	NT5C3AP2	processed_pseudogene	2	1	1	0.1183	0.0293	0.0317
ENSG00000244722.1	RPSAP29	processed_pseudogene	3	1	2	0.1958	0.0486	0.0525
ENSG00000244723.3	ASLP1	unprocessed_pseudogene	9	4	5	0.8012	0.1987	0.2148
ENSG00000244730.1	AC139451.1	processed_pseudogene	0	0	0	0.0000	0.0000	0.0000
ENSG00000244731.8	C4A	protein_coding	7928	4133	3800	62.8104	15.5763	16.8416
ENSG00000244732.3	RN7SL870P	misc_RNA	0	0	0	0.0000	0.0000	0.0000
ENSG00000244733.5	AL132656.2	lncRNA	43	24	19	1.3275	0.3292	0.3559
ENSG00000244734.4	HBB	protein_coding	347	171	176	15.0908	3.7424	4.0463
ENSG00000244738.1	AC026316.3	lncRNA	0	0	0	0.0000	0.0000	0.0000
ENSG00000244740.1	AC092991.1	processed_pseudogene	0	0	0	0.0000	0.0000	0.0000
ENSG00000244743.1	RPL35AP27	processed_pseudogene	0	0	0	0.0000	0.0000	0.0000
ENSG00000244748.3	RN7SL153P	misc_RNA	0	0	0	0.0000	0.0000	0.0000
ENSG00000244752.3	CRYBB2	protein_coding	26	17	9	1.4083	0.3492	0.3776
ENSG00000244753.2	RPL15P21	processed_pseudogene	1	0	1	0.1000	0.0248	0.0268
ENSG00000244754.9	N4BP2L2	protein_coding	4771	2401	2372	12.8827	3.1948	3.4543
ENSG00000244756.1	AL049874.2	processed_pseudogene	1	0	1	0.1969	0.0488	0.0528
ENSG00000244757.1	AL137024.1	lncRNA	2	2	0	0.1558	0.0386	0.0418
ENSG00000244791.3	AC087667.1	lncRNA	74	40	34	2.8626	0.7099	0.7676
ENSG00000244879.8	GABPB1-AS1	lncRNA	1368	743	758	4.5159	1.1199	1.2109
ENSG00000244921.2	MTCYBP18	processed_pseudogene	100	35	65	7.5917	1.8827	2.0356
ENSG00000244926.7	ALKBH3-AS1	lncRNA	17	7	12	0.4125	0.1023	0.1106
ENSG00000244932.2	AL449212.1	unprocessed_pseudogene	45	32	34	4.9361	1.2241	1.3235
ENSG00000244945.1	RUFY1-AS1	lncRNA	30	154	190	0.8654	0.2146	0.2320
ENSG00000244952.2	AC123768.1	lncRNA	7	8	7	0.5423	0.1345	0.1454
ENSG00000244953.1	AC087521.1	lncRNA	12	138	162	0.3328	0.0825	0.0892
ENSG00000244968.7	LIFR-AS1	lncRNA	54	46	43	0.3928	0.0974	0.1053
ENSG00000244998.1	AC100803.2	lncRNA	7	2	5	0.2877	0.0713	0.0771
ENSG00000245008.4	AP001122.1	lncRNA	10	7	3	0.1266	0.0314	0.0339
ENSG00000245017.2	LINC02453	lncRNA	6	2	4	0.1774	0.0440	0.0476
ENSG00000245025.3	AC107959.1	lncRNA	76	348	380	0.6822	0.1692	0.1829
ENSG00000245059.2	AC092718.1	lncRNA	0	0	0	0.0000	0.0000	0.0000
ENSG00000245060.8	LINC00847	lncRNA	404	1878	1853	3.7633	0.9333	1.0091
ENSG00000245067.7	IGFBP7-AS1	lncRNA	2	1770	1795	0.0307	0.0076	0.0082
ENSG00000245080.7	MIR3150BHG	lncRNA	116	63	53	2.2794	0.5653	0.6112
ENSG00000245105.4	A2M-AS1	lncRNA	110	1141	1140	2.1160	0.5248	0.5674
ENSG00000245112.2	SMARCA5-AS1	lncRNA	24	111	124	1.4403	0.3572	0.3862
ENSG00000245146.7	MALINC1	lncRNA	391	215	208	3.0861	0.7653	0.8275
ENSG00000245148.2	ARAP1-AS2	lncRNA	25	159	188	0.7773	0.1928	0.2084
ENSG00000245149.4	RNF139-AS1	lncRNA	203	100	103	1.6567	0.4108	0.4442
ENSG00000245156.1	AP001107.1	lncRNA	54	3772	3705	1.0968	0.2720	0.2941
ENSG00000245164.8	LINC00861	lncRNA	12	3	9	0.0777	0.0193	0.0208
ENSG00000245205.3	EEF1A1P4	processed_pseudogene	11	6	5	0.4440	0.1101	0.1190
ENSG00000245213.7	AC105285.1	lncRNA	147	144	159	1.0882	0.2699	0.2918
ENSG00000245248.8	USP2-AS1	lncRNA	15	10	5	0.0881	0.0218	0.0236
ENSG00000245261.1	AL133375.1	lncRNA	0	89	101	0.0000	0.0000	0.0000
ENSG00000245275.8	SAP30L-AS1	lncRNA	322	772	637	1.4118	0.3501	0.3786
ENSG00000245281.8	AC124242.1	lncRNA	23	24	36	0.3571	0.0885	0.0957
ENSG00000245293.3	CYP2U1-AS1	lncRNA	6	170	143	0.0496	0.0123	0.0133
ENSG00000245311.2	ARNTL2-AS1	lncRNA	0	23	21	0.0000	0.0000	0.0000
ENSG00000245317.2	AC008393.1	lncRNA	131	97	119	5.1094	1.2671	1.3700
ENSG00000245322.7	H2AZ1-DT	lncRNA	9	876	972	0.1049	0.0260	0.0281
ENSG00000245330.4	AP005717.1	lncRNA	6	59	62	0.1749	0.0434	0.0469
ENSG00000245384.2	CXXC4-AS1	lncRNA	36	56	36	0.1989	0.0493	0.0533
ENSG00000245385.2	AP003396.1	lncRNA	0	340	323	0.0000	0.0000	0.0000
ENSG00000245466.1	AL357153.1	lncRNA	7	6	2	0.1350	0.0335	0.0362
ENSG00000245468.4	LINC02447	lncRNA	18	9	9	0.2235	0.0554	0.0599
ENSG00000245479.3	LINC01585	lncRNA	7	5	3	0.2639	0.0655	0.0708
ENSG00000245482.2	AC046130.1	lncRNA	0	37	58	0.0000	0.0000	0.0000
ENSG00000245498.7	AP000866.1	lncRNA	201	109	136	1.0901	0.2703	0.2923
ENSG00000245522.2	LINC02709	lncRNA	49	29	20	1.0558	0.2618	0.2831
ENSG00000245526.11	LINC00461	lncRNA	2	0	2	0.0059	0.0015	0.0016
ENSG00000245532.9	NEAT1	lncRNA	32470	16792	15683	80.8790	20.0572	21.6864
ENSG00000245534.7	RORA-AS1	lncRNA	18	56	64	0.4763	0.1181	0.1277
ENSG00000245552.7	AP000787.1	lncRNA	85	32	54	0.6487	0.1609	0.1739
ENSG00000245556.3	SCAMP1-AS1	lncRNA	943	494	449	10.6359	2.6376	2.8519
ENSG00000245571.7	FAM111A-DT	lncRNA	273	163	148	4.8170	1.1946	1.2916
ENSG00000245573.9	BDNF-AS	lncRNA	136	153	159	0.6209	0.1540	0.1665
ENSG00000245598.6	DACT3-AS1	lncRNA	8	3	5	0.2486	0.0616	0.0667
ENSG00000245614.4	DDX11-AS1	lncRNA	70	46	24	1.0153	0.2518	0.2722
ENSG00000245648.2	KLRK1-AS1	lncRNA	14	64	64	0.1235	0.0306	0.0331
ENSG00000245651.3	AC083805.1	lncRNA	5	4	5	0.0484	0.0120	0.0130
ENSG00000245662.4	LINC02211	lncRNA	7	5	9	0.0718	0.0178	0.0193
ENSG00000245667.2	AC006064.1	lncRNA	2	0	2	0.2025	0.0502	0.0543
ENSG00000245680.11	ZNF585B	protein_coding	1215	595	638	9.1407	2.2668	2.4509
ENSG00000245685.7	FRG1-DT	lncRNA	21	9	12	0.2191	0.0543	0.0587
ENSG00000245688.1	AC008659.1	lncRNA	0	0	0	0.0000	0.0000	0.0000
ENSG00000245694.10	CRNDE	lncRNA	2901	1436	1477	11.1855	2.7739	2.9992
ENSG00000245711.2	NADK2-AS1	lncRNA	31	12	19	2.4417	0.6055	0.6547
ENSG00000245719.1	AC009292.1	lncRNA	0	4	1	0.0000	0.0000	0.0000
ENSG00000245729.2	LINC02226	lncRNA	0	0	0	0.0000	0.0000	0.0000
ENSG00000245748.1	AC097382.2	lncRNA	4	1190	1171	0.0528	0.0131	0.0141
ENSG00000245750.10	DRAIC	lncRNA	124	81	67	0.2250	0.0558	0.0603
ENSG00000245768.7	AC106793.1	lncRNA	4	48	53	0.0507	0.0126	0.0136
ENSG00000245812.3	LINC02202	lncRNA	14	7	7	0.2470	0.0613	0.0662
ENSG00000245832.7	MIR4300HG	lncRNA	3	1	2	0.0378	0.0094	0.0101
ENSG00000245848.3	CEBPA	protein_coding	278	537	546	6.0613	1.5031	1.6252
ENSG00000245849.8	RAD51-AS1	lncRNA	395	203	202	7.9434	1.9699	2.1299
ENSG00000245857.3	GS1-24F4.2	lncRNA	2	2	3	0.0457	0.0113	0.0123
ENSG00000245864.3	MEF2C-AS2	lncRNA	3	106	99	0.0504	0.0125	0.0135
ENSG00000245869.2	AP004609.1	lncRNA	3	1	2	0.1034	0.0256	0.0277
ENSG00000245870.4	LINC00682	lncRNA	0	0	0	0.0000	0.0000	0.0000
ENSG00000245888.7	NSMCE1-DT	lncRNA	36	28	19	0.5401	0.1339	0.1448
ENSG00000245904.4	AC025164.1	lncRNA	94	461	454	0.5537	0.1373	0.1485
ENSG00000245910.8	SNHG6	lncRNA	4857	3937	3790	220.8824	54.7766	59.2259
ENSG00000245928.2	SDAD1-AS1	lncRNA	1	0	1	0.0337	0.0083	0.0090
ENSG00000245937.8	LINC01184	lncRNA	2842	1482	1459	9.7384	2.4150	2.6112
ENSG00000245954.8	LINC02273	lncRNA	6	3	4	0.1569	0.0389	0.0421
ENSG00000245958.6	AC093752.1	transcribed_unprocessed_pseudogene	438	381	393	4.4538	1.1045	1.1942
ENSG00000245970.2	AP003352.1	lncRNA	66	20918	21994	1.8818	0.4667	0.5046
ENSG00000245975.2	AC090515.2	lncRNA	58	30	28	2.3561	0.5843	0.6318
ENSG00000246016.2	LINC01513	lncRNA	3	1	2	0.3522	0.0874	0.0944
ENSG00000246022.3	ALDH1L1-AS2	lncRNA	0	0	0	0.0000	0.0000	0.0000
ENSG00000246067.8	RAB30-DT	lncRNA	827	564	551	6.5210	1.6171	1.7485
ENSG00000246082.2	NUDT16P1	transcribed_unitary_pseudogene	830	406	425	20.3587	5.0487	5.4588
ENSG00000246084.5	LINC02325	lncRNA	5	3	2	0.0542	0.0135	0.0145
ENSG00000246089.3	AC016065.1	lncRNA	105	67	55	2.0295	0.5033	0.5442
ENSG00000246090.7	AP002026.1	lncRNA	51	35	29	0.3859	0.0957	0.1035
ENSG00000246095.2	LINC01096	lncRNA	27	15	12	1.2114	0.3004	0.3248
ENSG00000246100.4	LINC00900	lncRNA	114	97	96	1.1954	0.2965	0.3205
ENSG00000246115.3	SUPT4H1P2	processed_pseudogene	0	0	0	0.0000	0.0000	0.0000
ENSG00000246130.1	AC107959.2	lncRNA	2	3	0	0.0430	0.0107	0.0115
ENSG00000246145.1	RRS1-AS1	lncRNA	11	4	8	0.1429	0.0354	0.0383
ENSG00000246174.9	KCTD21-AS1	lncRNA	147	393	380	1.8310	0.4541	0.4909
ENSG00000246203.2	AL353807.3	unprocessed_pseudogene	22	68	51	0.4981	0.1235	0.1335
ENSG00000246211.2	P4HA3-AS1	lncRNA	0	16	33	0.0000	0.0000	0.0000
ENSG00000246214.2	AC024588.1	lncRNA	2	83	77	0.0350	0.0087	0.0094
ENSG00000246223.9	LINC01550	lncRNA	143	70	73	1.1731	0.2909	0.3145
ENSG00000246225.7	AC006299.1	lncRNA	21	14	12	0.2231	0.0553	0.0598
ENSG00000246228.6	CASC8	lncRNA	2	1	1	0.0484	0.0120	0.0130
ENSG00000246250.3	AC087521.2	lncRNA	27	291	297	0.2787	0.0691	0.0747
ENSG00000246263.3	UBR5-AS1	lncRNA	101	808	884	1.8388	0.4560	0.4930
ENSG00000246273.8	SBF2-AS1	lncRNA	405	951	1041	4.4365	1.1002	1.1896
ENSG00000246283.2	AC090510.1	lncRNA	0	359	300	0.0000	0.0000	0.0000
ENSG00000246308.2	AC116535.1	lncRNA	28	9	19	0.6540	0.1622	0.1754
ENSG00000246316.8	AC010230.1	lncRNA	0	6	6	0.0000	0.0000	0.0000
ENSG00000246323.2	AC113382.1	lncRNA	3	49	38	0.1358	0.0337	0.0364
ENSG00000246331.2	AC010198.1	lncRNA	3	1	2	0.1096	0.0272	0.0294
ENSG00000246334.2	PRR7-AS1	lncRNA	18	7	15	0.6001	0.1488	0.1609
ENSG00000246339.6	EXTL3-AS1	lncRNA	20	11	9	0.2343	0.0581	0.0628
ENSG00000246350.1	AL049543.1	lncRNA	0	0	0	0.0000	0.0000	0.0000
ENSG00000246363.3	LINC02458	lncRNA	4	4	0	0.0525	0.0130	0.0141
ENSG00000246366.6	LACTB2-AS1	lncRNA	14	287	260	0.1457	0.0361	0.0391
ENSG00000246375.3	PPM1K-DT	lncRNA	10	19	25	0.2189	0.0543	0.0587
ENSG00000246379.8	AC040168.1	lncRNA	0	0	0	0.0000	0.0000	0.0000
ENSG00000246394.7	ZNF84-DT	lncRNA	0	0	0	0.0000	0.0000	0.0000
ENSG00000246422.2	DIAPH1-AS1	lncRNA	1	1	0	0.0229	0.0057	0.0061
ENSG00000246430.7	LINC00968	lncRNA	33	21	17	0.5555	0.1378	0.1489
ENSG00000246451.2	AL049840.2	lncRNA	118	64	54	4.7662	1.1820	1.2780
ENSG00000246465.1	AC138904.1	lncRNA	20	13	13	0.4572	0.1134	0.1226
ENSG00000246477.3	AF131216.1	lncRNA	13	111	87	0.1259	0.0312	0.0338
ENSG00000246523.8	FZD4-DT	lncRNA	80	40	41	2.2821	0.5659	0.6119
ENSG00000246526.2	LINC02481	lncRNA	33	16	17	1.0277	0.2549	0.2756
ENSG00000246528.3	AC079089.1	lncRNA	1	0	1	0.0288	0.0071	0.0077
ENSG00000246541.2	AC096746.1	lncRNA	0	0	0	0.0000	0.0000	0.0000
ENSG00000246548.3	LINC02288	lncRNA	7	4	6	0.1358	0.0337	0.0364
ENSG00000246560.2	UBE2D3-AS1	lncRNA	114	81	68	7.3216	1.8157	1.9632
ENSG00000246575.2	AC093162.1	unprocessed_pseudogene	31	14	17	2.4972	0.6193	0.6696
ENSG00000246582.3	AC100861.1	lncRNA	31	61	49	0.6068	0.1505	0.1627
ENSG00000246596.7	AC139795.1	transcribed_unprocessed_pseudogene	75	70	104	1.9073	0.4730	0.5114
ENSG00000246627.6	CACNA1C-AS1	lncRNA	4	48	34	0.0860	0.0213	0.0230
ENSG00000246640.1	PICART1	lncRNA	32	11	23	0.7164	0.1777	0.1921
ENSG00000246662.6	LINC00535	lncRNA	3	2	4	0.0656	0.0163	0.0176
ENSG00000246695.8	RASSF8-AS1	lncRNA	193	98	96	0.9672	0.2399	0.2593
ENSG00000246705.4	H2AJ	protein_coding	9471	4513	4958	160.0418	39.6887	42.9125
ENSG00000246731.3	MGC16275	lncRNA	37	110	110	0.8006	0.1985	0.2147
ENSG00000246740.2	PLA2G4E-AS1	lncRNA	1	0	1	0.0227	0.0056	0.0061
ENSG00000246763.7	RGMB-AS1	lncRNA	52	30	33	1.2506	0.3101	0.3353
ENSG00000246774.1	COL25A1-DT	lncRNA	1	1	0	0.0291	0.0072	0.0078
ENSG00000246777.1	AC044802.1	lncRNA	7	6	1	0.1372	0.0340	0.0368
ENSG00000246790.2	AP000977.1	lncRNA	3	1	2	0.0585	0.0145	0.0157
ENSG00000246792.3	AC106038.1	lncRNA	6	4	2	0.0761	0.0189	0.0204
ENSG00000246820.2	RIC3-DT	lncRNA	0	0	0	0.0000	0.0000	0.0000
ENSG00000246851.1	AL157938.3	lncRNA	5	85	74	0.0919	0.0228	0.0247
ENSG00000246859.3	STARD4-AS1	lncRNA	285	3733	3859	1.7448	0.4327	0.4678
ENSG00000246863.2	GPR176-DT	lncRNA	4	2	2	0.0469	0.0116	0.0126
ENSG00000246876.7	LINC02466	lncRNA	2	0	2	0.0280	0.0069	0.0075
ENSG00000246877.1	DNM1P35	lncRNA	27	18	9	0.4803	0.1191	0.1288
ENSG00000246889.2	AP000487.1	lncRNA	291	2184	2179	5.3615	1.3296	1.4376
ENSG00000246898.1	LINC00920	lncRNA	37	16	21	0.9773	0.2424	0.2620
ENSG00000246922.9	UBAP1L	protein_coding	205	102	103	1.3599	0.3372	0.3646
ENSG00000246982.7	Z84485.1	lncRNA	29	12	17	0.8909	0.2209	0.2389
ENSG00000246985.8	SOCS2-AS1	lncRNA	28	7	21	0.3575	0.0887	0.0959
ENSG00000247011.2	AC005920.1	lncRNA	17	14	7	0.4694	0.1164	0.1259
ENSG00000247033.1	AC099508.1	lncRNA	0	94	104	0.0000	0.0000	0.0000
ENSG00000247049.2	AC008443.1	lncRNA	0	293	262	0.0000	0.0000	0.0000
ENSG00000247077.7	PGAM5	protein_coding	2855	1454	1403	40.9684	10.1597	10.9850
ENSG00000247081.8	BAALC-AS1	lncRNA	810	425	451	2.9293	0.7264	0.7855
ENSG00000247092.7	SNHG10	lncRNA	223	151	151	2.3260	0.5768	0.6237
ENSG00000247095.3	MIR210HG	lncRNA	297	149	148	7.2567	1.7996	1.9458
ENSG00000247121.7	AC009126.1	lncRNA	188	129	126	2.5427	0.6306	0.6818
ENSG00000247130.2	AC138781.1	lncRNA	0	0	0	0.0000	0.0000	0.0000
ENSG00000247131.6	AC025263.1	lncRNA	3	2	1	0.0609	0.0151	0.0163
ENSG00000247134.7	AC090204.1	lncRNA	34	17	17	1.0766	0.2670	0.2887
ENSG00000247137.9	AP000873.2	lncRNA	176	339	361	2.9201	0.7242	0.7830
ENSG00000247151.7	CSTF3-DT	lncRNA	2	0	3	0.0283	0.0070	0.0076
ENSG00000247157.7	LINC01252	lncRNA	43	22	24	0.5472	0.1357	0.1467
ENSG00000247193.3	AC104078.1	lncRNA	1	3	1	0.0179	0.0044	0.0048
ENSG00000247199.5	AC011346.1	lncRNA	82	46	65	0.3100	0.0769	0.0831
ENSG00000247213.7	LINC01498	lncRNA	0	0	0	0.0000	0.0000	0.0000
ENSG00000247228.3	AC009060.1	lncRNA	0	874	867	0.0000	0.0000	0.0000
ENSG00000247240.8	UBL7-AS1	lncRNA	134	100	101	2.1743	0.5392	0.5830
ENSG00000247271.7	ZBED5-AS1	lncRNA	1222	733	730	15.0684	3.7368	4.0403
ENSG00000247287.3	AL359220.1	lncRNA	10	4	7	0.0996	0.0247	0.0267
ENSG00000247311.3	AC010255.1	lncRNA	3	2	2	0.1421	0.0352	0.0381
ENSG00000247315.4	ZCCHC3	protein_coding	1734	865	869	35.7322	8.8612	9.5810
ENSG00000247317.3	LY6E-DT	lncRNA	345	203	189	5.0778	1.2593	1.3615
ENSG00000247324.2	AC010547.1	lncRNA	11	16	22	0.2233	0.0554	0.0599
ENSG00000247345.2	AC092343.1	lncRNA	1	1	0	0.0778	0.0193	0.0209
ENSG00000247363.2	AC090061.1	lncRNA	29	76	80	0.5781	0.1434	0.1550
ENSG00000247372.2	AC008897.2	lncRNA	0	0	0	0.0000	0.0000	0.0000
ENSG00000247373.3	TMED2-DT	lncRNA	190	1455	1453	1.3015	0.3228	0.3490
ENSG00000247381.3	PLUT	lncRNA	0	0	0	0.0000	0.0000	0.0000
ENSG00000247400.4	DNAJC3-DT	lncRNA	254	120	134	4.0112	0.9947	1.0755
ENSG00000247402.2	AC099487.1	lncRNA	0	0	0	0.0000	0.0000	0.0000
ENSG00000247416.4	AP000802.1	lncRNA	9	9	12	0.1728	0.0429	0.0463
ENSG00000247473.2	CARS1-AS1	lncRNA	3	429	441	0.0634	0.0157	0.0170
ENSG00000247498.10	GPRC5D-AS1	lncRNA	294	202	229	4.8751	1.2090	1.3072
ENSG00000247516.8	MIR4458HG	lncRNA	567	297	280	4.4560	1.1050	1.1948
ENSG00000247556.6	OIP5-AS1	lncRNA	7823	3986	3958	35.0069	8.6814	9.3865
ENSG00000247570.2	SDCBPP2	processed_pseudogene	0	0	0	0.0000	0.0000	0.0000
ENSG00000247572.8	CKMT2-AS1	lncRNA	920	556	527	6.3758	1.5811	1.7096
ENSG00000247595.4	SPTY2D1OS	protein_coding	102	476	463	2.5337	0.6283	0.6794
ENSG00000247596.10	TWF2	protein_coding	1159	611	626	15.6084	3.8707	4.1851
ENSG00000247624.6	CPEB2-DT	lncRNA	13	5	8	0.2387	0.0592	0.0640
ENSG00000247626.5	MARS2	protein_coding	648	323	325	12.1401	3.0106	3.2552
ENSG00000247627.2	MTND4P12	processed_pseudogene	1283	655	631	52.8387	13.1035	14.1678
ENSG00000247675.7	LRP4-AS1	lncRNA	6	21	25	0.2076	0.0515	0.0557
ENSG00000247679.3	AC139795.2	lncRNA	339	227	211	6.7219	1.6670	1.8024
ENSG00000247699.2	FABP6-AS1	lncRNA	0	0	0	0.0000	0.0000	0.0000
ENSG00000247708.8	STX18-AS1	lncRNA	304	167	168	0.8100	0.2009	0.2172
ENSG00000247728.2	AC091057.2	lncRNA	1	7	5	0.0585	0.0145	0.0157
ENSG00000247735.2	AC120114.1	lncRNA	84	52	32	2.7035	0.6705	0.7249
ENSG00000247746.4	USP51	protein_coding	396	198	200	5.0958	1.2637	1.3664
ENSG00000247763.2	TUBAP14	processed_pseudogene	3	1	2	0.1249	0.0310	0.0335
ENSG00000247765.2	AC068446.2	lncRNA	3	2	1	0.0786	0.0195	0.0211
ENSG00000247774.7	PCED1B-AS1	lncRNA	240	164	183	3.4283	0.8502	0.9192
ENSG00000247775.2	SNCA-AS1	lncRNA	0	0	0	0.0000	0.0000	0.0000
ENSG00000247796.3	AC008966.1	lncRNA	210	118	116	1.4754	0.3659	0.3956
ENSG00000247809.9	NR2F2-AS1	lncRNA	12	9	3	0.0648	0.0161	0.0174
ENSG00000247810.8	AL136537.1	lncRNA	0	0	0	0.0000	0.0000	0.0000
ENSG00000247828.8	TMEM161B-AS1	lncRNA	1138	602	612	1.8349	0.4550	0.4920
ENSG00000247853.2	AC006064.2	lncRNA	3	1641	1679	0.0775	0.0192	0.0208
ENSG00000247867.2	AP001922.1	lncRNA	0	0	0	0.0000	0.0000	0.0000
ENSG00000247872.2	SPCS2P3	processed_pseudogene	0	0	0	0.0000	0.0000	0.0000
ENSG00000247877.7	AC021086.1	lncRNA	19	6	13	0.3069	0.0761	0.0823
ENSG00000247903.1	AC024896.1	lncRNA	60	451	468	1.3349	0.3310	0.3579
ENSG00000247911.3	HMGN1P12	processed_pseudogene	0	0	0	0.0000	0.0000	0.0000
ENSG00000247925.2	AL139807.1	lncRNA	2	47	60	0.1611	0.0400	0.0432
ENSG00000247934.4	AC022364.1	lncRNA	171	145	189	3.5548	0.8815	0.9532
ENSG00000247950.7	SEC24B-AS1	lncRNA	117	62	55	1.0372	0.2572	0.2781
ENSG00000247970.2	AL160313.1	lncRNA	6	3	3	0.3275	0.0812	0.0878
ENSG00000247982.6	LINC00926	lncRNA	94	46	48	1.4529	0.3603	0.3896
ENSG00000247993.2	FOXD1-AS1	lncRNA	0	54	42	0.0000	0.0000	0.0000
ENSG00000248008.3	NRAV	lncRNA	1705	900	910	23.2653	5.7696	6.2382
ENSG00000248015.7	AC005329.1	lncRNA	2	430	374	0.0318	0.0079	0.0085
ENSG00000248019.3	FAM13A-AS1	lncRNA	67	119	132	0.3885	0.0963	0.1042
ENSG00000248027.1	ARHGAP42-AS1	lncRNA	0	17	8	0.0000	0.0000	0.0000
ENSG00000248029.2	AC034238.2	lncRNA	0	0	0	0.0000	0.0000	0.0000
ENSG00000248049.7	UBA6-AS1	lncRNA	592	530	486	2.4527	0.6082	0.6576
ENSG00000248050.1	AC079061.1	lncRNA	8	5	4	0.1475	0.0366	0.0396
ENSG00000248079.3	DPH6-DT	lncRNA	16	9	18	0.3181	0.0789	0.0853
ENSG00000248092.8	NNT-AS1	lncRNA	1838	1003	1049	14.9181	3.6995	4.0000
ENSG00000248098.12	BCKDHA	protein_coding	8	5	3	0.2015	0.0500	0.0540
ENSG00000248099.4	INSL3	protein_coding	5	3	3	0.3072	0.0762	0.0824
ENSG00000248100.2	AC087257.1	lncRNA	4	1	3	0.0860	0.0213	0.0230
ENSG00000248101.2	AC002116.1	lncRNA	0	0	0	0.0000	0.0000	0.0000
ENSG00000248103.1	AC008443.2	lncRNA	1	0	1	0.1033	0.0256	0.0277
ENSG00000248104.1	TARS2P1	processed_pseudogene	0	0	0	0.0000	0.0000	0.0000
ENSG00000248105.1	AC008885.1	processed_pseudogene	0	0	0	0.0000	0.0000	0.0000
ENSG00000248106.2	AC116353.3	processed_pseudogene	0	0	0	0.0000	0.0000	0.0000
ENSG00000248107.2	LINC02039	lncRNA	0	0	0	0.0000	0.0000	0.0000
ENSG00000248109.3	MARCOL	protein_coding	0	0	0	0.0000	0.0000	0.0000
ENSG00000248112.1	AC108174.1	lncRNA	2	0	2	0.1522	0.0378	0.0408
ENSG00000248113.2	AC067942.2	processed_pseudogene	2	0	2	0.0894	0.0222	0.0240
ENSG00000248114.1	AC114812.3	unprocessed_pseudogene	0	0	0	0.0000	0.0000	0.0000
ENSG00000248115.1	AC023154.1	lncRNA	1	1	0	0.0117	0.0029	0.0031
ENSG00000248117.1	MICOS10P4	processed_pseudogene	0	0	0	0.0000	0.0000	0.0000
ENSG00000248118.2	LINC01019	lncRNA	0	0	0	0.0000	0.0000	0.0000
ENSG00000248120.1	AC114967.1	processed_pseudogene	0	0	0	0.0000	0.0000	0.0000
ENSG00000248121.8	SMURF2P1	transcribed_unprocessed_pseudogene	1	1	0	0.0995	0.0247	0.0267
ENSG00000248122.1	APOOP4	processed_pseudogene	0	0	0	0.0000	0.0000	0.0000
ENSG00000248124.8	RRN3P1	transcribed_unprocessed_pseudogene	76	28	48	0.8205	0.2035	0.2200
ENSG00000248125.2	AC008700.1	lncRNA	1	0	1	0.0244	0.0061	0.0065
ENSG00000248126.1	AC091849.1	unprocessed_pseudogene	14	10	4	6.5615	1.6272	1.7594
ENSG00000248127.1	AC026774.1	lncRNA	0	0	0	0.0000	0.0000	0.0000
ENSG00000248128.1	AC114801.1	processed_pseudogene	0	0	0	0.0000	0.0000	0.0000
ENSG00000248131.6	LINC01194	lncRNA	1	0	1	0.0182	0.0045	0.0049
ENSG00000248132.3	LINC02101	lncRNA	1	0	1	0.0223	0.0055	0.0060
ENSG00000248133.1	MTND4LP22	unprocessed_pseudogene	0	0	0	0.0000	0.0000	0.0000
ENSG00000248134.1	AC079395.1	unprocessed_pseudogene	0	0	0	0.0000	0.0000	0.0000
ENSG00000248136.1	MTND6P8	unprocessed_pseudogene	0	0	0	0.0000	0.0000	0.0000
ENSG00000248137.1	AC094105.1	lncRNA	0	0	0	0.0000	0.0000	0.0000
ENSG00000248138.5	AC097515.1	lncRNA	0	80	75	0.0000	0.0000	0.0000
ENSG00000248139.2	CUL4AP1	processed_pseudogene	0	0	0	0.0000	0.0000	0.0000
ENSG00000248143.1	LINC02383	lncRNA	0	0	0	0.0000	0.0000	0.0000
ENSG00000248144.6	ADH1C	protein_coding	1	0	1	0.0360	0.0089	0.0097
ENSG00000248145.2	AC016553.1	lncRNA	0	0	0	0.0000	0.0000	0.0000
ENSG00000248148.1	AC114954.1	lncRNA	0	0	0	0.0000	0.0000	0.0000
ENSG00000248150.1	LINC02150	lncRNA	0	0	0	0.0000	0.0000	0.0000
ENSG00000248152.2	ANK2-AS1	lncRNA	1	0	1	0.0165	0.0041	0.0044
ENSG00000248155.1	CR545473.1	unprocessed_pseudogene	1	1	0	0.2047	0.0508	0.0549
ENSG00000248156.2	BTG4P1	processed_pseudogene	0	0	0	0.0000	0.0000	0.0000
ENSG00000248159.1	HSPA8P11	processed_pseudogene	2	1	1	0.0598	0.0148	0.0160
ENSG00000248160.1	AC233724.1	processed_pseudogene	0	0	0	0.0000	0.0000	0.0000
ENSG00000248161.5	AC098487.1	lncRNA	79	43	36	4.5162	1.1200	1.2109
ENSG00000248162.1	CHORDC1P3	processed_pseudogene	0	0	0	0.0000	0.0000	0.0000
ENSG00000248165.1	AC110760.1	lncRNA	0	0	0	0.0000	0.0000	0.0000
ENSG00000248167.7	TRIM39-RPP21	protein_coding	0	0	0	0.0000	0.0000	0.0000
ENSG00000248170.1	AC117522.1	processed_pseudogene	0	0	0	0.0000	0.0000	0.0000
ENSG00000248172.1	AC009720.1	lncRNA	0	0	0	0.0000	0.0000	0.0000
ENSG00000248174.6	LINC02268	lncRNA	2	1	1	0.0331	0.0082	0.0089
ENSG00000248176.2	AC109349.1	lncRNA	0	0	0	0.0000	0.0000	0.0000
ENSG00000248180.1	GAPDHP60	processed_pseudogene	7	5	2	0.3990	0.0989	0.1070
ENSG00000248184.1	LINC02283	lncRNA	0	0	0	0.0000	0.0000	0.0000
ENSG00000248185.1	AC025445.1	processed_pseudogene	0	0	0	0.0000	0.0000	0.0000
ENSG00000248187.1	AC078850.1	lncRNA	15	6	9	0.5241	0.1300	0.1405
ENSG00000248188.2	AC005798.1	processed_pseudogene	0	0	0	0.0000	0.0000	0.0000
ENSG00000248191.1	PES1P1	processed_pseudogene	0	0	0	0.0000	0.0000	0.0000
ENSG00000248192.1	ATG10-AS1	lncRNA	0	0	0	0.0000	0.0000	0.0000
ENSG00000248195.1	AC016550.1	lncRNA	0	0	0	0.0000	0.0000	0.0000
ENSG00000248196.1	AC092658.1	processed_pseudogene	2	2	0	0.1273	0.0316	0.0341
ENSG00000248197.1	LINC00290	lncRNA	0	0	0	0.0000	0.0000	0.0000
ENSG00000248199.2	AC008877.1	lncRNA	0	0	0	0.0000	0.0000	0.0000
ENSG00000248200.2	AC093770.1	processed_pseudogene	1	1	0	0.0993	0.0246	0.0266
ENSG00000248202.2	LINC02234	lncRNA	5	1	4	0.1541	0.0382	0.0413
ENSG00000248203.1	AC011362.1	lncRNA	0	0	0	0.0000	0.0000	0.0000
ENSG00000248205.1	H3P17	processed_pseudogene	0	0	0	0.0000	0.0000	0.0000
ENSG00000248206.2	AC074194.1	lncRNA	3	2	1	0.0697	0.0173	0.0187
ENSG00000248208.1	WDR45P1	processed_pseudogene	2	0	2	0.1048	0.0260	0.0281
ENSG00000248209.1	AC097462.1	processed_pseudogene	0	0	0	0.0000	0.0000	0.0000
ENSG00000248210.2	LINC02355	lncRNA	0	0	0	0.0000	0.0000	0.0000
ENSG00000248211.1	TRPC7-AS1	lncRNA	0	0	0	0.0000	0.0000	0.0000
ENSG00000248213.3	CICP16	processed_pseudogene	14	5	9	0.2822	0.0700	0.0757
ENSG00000248215.6	LINC02505	lncRNA	0	0	0	0.0000	0.0000	0.0000
ENSG00000248216.1	KCTD9P5	processed_pseudogene	0	0	0	0.0000	0.0000	0.0000
ENSG00000248221.1	STX18-IT1	lncRNA	0	0	0	0.0000	0.0000	0.0000
ENSG00000248222.5	SLIT3-AS1	lncRNA	3	2	1	0.0545	0.0135	0.0146
ENSG00000248223.1	AC026785.2	lncRNA	0	16	26	0.0000	0.0000	0.0000
ENSG00000248227.1	LINC02513	lncRNA	1	1	0	0.1134	0.0281	0.0304
ENSG00000248228.2	SLIT2-IT1	lncRNA	1	0	1	0.0892	0.0221	0.0239
ENSG00000248229.1	AC106872.4	processed_pseudogene	1	0	1	0.1084	0.0269	0.0291
ENSG00000248231.1	KRT8P4	processed_pseudogene	0	0	0	0.0000	0.0000	0.0000
ENSG00000248234.1	AC091839.1	processed_pseudogene	0	0	0	0.0000	0.0000	0.0000
ENSG00000248235.6	AC037459.1	protein_coding	0	0	0	0.0000	0.0000	0.0000
ENSG00000248236.1	AC008837.1	processed_pseudogene	0	0	0	0.0000	0.0000	0.0000
ENSG00000248237.2	AC105420.1	processed_pseudogene	0	0	0	0.0000	0.0000	0.0000
ENSG00000248238.2	LINC02438	lncRNA	14	6	8	0.6551	0.1624	0.1756
ENSG00000248240.1	AC114956.1	lncRNA	12	7	5	1.3291	0.3296	0.3564
ENSG00000248242.1	AC004053.1	lncRNA	0	0	0	0.0000	0.0000	0.0000
ENSG00000248243.1	LINC02014	lncRNA	14	9	6	1.1135	0.2761	0.2986
ENSG00000248245.1	AC010307.2	lncRNA	74	207	202	5.1428	1.2754	1.3790
ENSG00000248249.1	AC110794.1	processed_pseudogene	0	0	0	0.0000	0.0000	0.0000
ENSG00000248254.1	AC107398.2	lncRNA	9	52	52	0.8492	0.2106	0.2277
ENSG00000248256.1	OCIAD1-AS1	lncRNA	13	38	29	2.7820	0.6899	0.7459
ENSG00000248257.7	PSG10P	transcribed_unprocessed_pseudogene	0	0	0	0.0000	0.0000	0.0000
ENSG00000248259.1	MTND4LP31	unprocessed_pseudogene	0	0	0	0.0000	0.0000	0.0000
ENSG00000248261.2	AC008948.1	lncRNA	0	0	0	0.0000	0.0000	0.0000
ENSG00000248262.1	AC108037.1	lncRNA	0	0	0	0.0000	0.0000	0.0000
ENSG00000248265.2	FLJ12825	lncRNA	13	14	18	0.1554	0.0385	0.0417
ENSG00000248266.1	AC108142.1	lncRNA	0	0	0	0.0000	0.0000	0.0000
ENSG00000248268.1	AC010275.1	lncRNA	0	0	0	0.0000	0.0000	0.0000
ENSG00000248271.1	PGAM1P1	processed_pseudogene	0	0	0	0.0000	0.0000	0.0000
ENSG00000248275.2	TRIM52-AS1	lncRNA	1341	638	706	45.3747	11.2525	12.1665
ENSG00000248278.1	SUMO2P17	transcribed_processed_pseudogene	29	16	14	1.8334	0.4547	0.4916
ENSG00000248279.5	LINC02120	lncRNA	0	0	0	0.0000	0.0000	0.0000
ENSG00000248281.1	AC106868.1	processed_pseudogene	0	0	0	0.0000	0.0000	0.0000
ENSG00000248282.1	MTCYBP44	processed_pseudogene	0	0	0	0.0000	0.0000	0.0000
ENSG00000248283.2	CCNL2P1	processed_pseudogene	0	0	0	0.0000	0.0000	0.0000
ENSG00000248285.1	AC122707.1	lncRNA	0	0	0	0.0000	0.0000	0.0000
ENSG00000248286.1	AC140172.1	processed_pseudogene	0	0	0	0.0000	0.0000	0.0000
ENSG00000248287.1	SCGB1D5P	processed_pseudogene	0	0	0	0.0000	0.0000	0.0000
ENSG00000248288.1	AC008868.1	processed_pseudogene	1	1	0	0.0769	0.0191	0.0206
ENSG00000248290.1	TNXA	unprocessed_pseudogene	113	61	55	3.1444	0.7798	0.8431
ENSG00000248293.1	AC008413.1	unprocessed_pseudogene	0	0	0	0.0000	0.0000	0.0000
ENSG00000248295.2	DDX43P1	processed_pseudogene	0	0	0	0.0000	0.0000	0.0000
ENSG00000248296.1	AC025465.1	lncRNA	0	0	0	0.0000	0.0000	0.0000
ENSG00000248300.1	LINC02360	lncRNA	0	0	0	0.0000	0.0000	0.0000
ENSG00000248302.3	BNIP3P41	transcribed_processed_pseudogene	0	0	0	0.0000	0.0000	0.0000
ENSG00000248305.1	AC105416.1	processed_pseudogene	0	0	0	0.0000	0.0000	0.0000
ENSG00000248307.6	LINC00616	lncRNA	0	0	0	0.0000	0.0000	0.0000
ENSG00000248308.1	AC138938.1	processed_pseudogene	0	0	0	0.0000	0.0000	0.0000
ENSG00000248309.7	MEF2C-AS1	lncRNA	21	16	8	0.1514	0.0376	0.0406
ENSG00000248311.1	AC026719.1	lncRNA	0	0	0	0.0000	0.0000	0.0000
ENSG00000248313.1	CYP4F27P	unprocessed_pseudogene	0	0	0	0.0000	0.0000	0.0000
ENSG00000248315.1	MTND4LP2	unprocessed_pseudogene	0	0	0	0.0000	0.0000	0.0000
ENSG00000248317.2	AC111194.1	lncRNA	0	0	0	0.0000	0.0000	0.0000
ENSG00000248318.1	AC104958.1	lncRNA	0	0	0	0.0000	0.0000	0.0000
ENSG00000248319.2	LINC02275	lncRNA	2	0	2	0.0260	0.0064	0.0070
ENSG00000248320.1	THAP12P9	processed_pseudogene	0	0	0	0.0000	0.0000	0.0000
ENSG00000248322.1	AL117348.1	lncRNA	0	0	0	0.0000	0.0000	0.0000
ENSG00000248323.7	LUCAT1	lncRNA	102	48	54	0.3493	0.0866	0.0937
ENSG00000248327.1	NOL8P1	processed_pseudogene	0	0	0	0.0000	0.0000	0.0000
ENSG00000248328.1	MTCO3P28	unprocessed_pseudogene	0	0	0	0.0000	0.0000	0.0000
ENSG00000248329.6	APELA	protein_coding	241	122	119	4.6821	1.1611	1.2554
ENSG00000248330.5	LINC00613	lncRNA	0	0	0	0.0000	0.0000	0.0000
ENSG00000248332.6	TUB-AS1	lncRNA	0	0	0	0.0000	0.0000	0.0000
ENSG00000248333.9	CDK11B	protein_coding	1596	744	853	25.9338	6.4313	6.9537
ENSG00000248334.6	WHAMMP2	transcribed_unprocessed_pseudogene	152	70	82	1.2949	0.3211	0.3472
ENSG00000248335.1	AC096733.1	lncRNA	2	2	0	0.2821	0.0700	0.0757
ENSG00000248336.1	HMGN1P11	processed_pseudogene	0	0	0	0.0000	0.0000	0.0000
ENSG00000248337.1	AC233724.2	processed_pseudogene	0	0	0	0.0000	0.0000	0.0000
ENSG00000248338.2	LINC02472	lncRNA	0	0	0	0.0000	0.0000	0.0000
ENSG00000248339.1	LINC02504	lncRNA	0	0	0	0.0000	0.0000	0.0000
ENSG00000248340.2	PIMREGP4	processed_pseudogene	1	0	1	0.0763	0.0189	0.0205
ENSG00000248343.1	AC096576.2	lncRNA	0	0	0	0.0000	0.0000	0.0000
ENSG00000248346.1	AC092435.1	lncRNA	0	0	0	0.0000	0.0000	0.0000
ENSG00000248347.3	AC120036.1	unprocessed_pseudogene	2	2	0	0.0769	0.0191	0.0206
ENSG00000248349.1	AC112204.1	unprocessed_pseudogene	0	0	0	0.0000	0.0000	0.0000
ENSG00000248350.1	AC010265.1	processed_pseudogene	2	0	2	0.5375	0.1333	0.1441
ENSG00000248351.1	HSPD1P18	processed_pseudogene	0	0	0	0.0000	0.0000	0.0000
ENSG00000248355.1	ARL2BPP6	processed_pseudogene	0	0	0	0.0000	0.0000	0.0000
ENSG00000248356.1	AC093864.1	lncRNA	5	43	31	0.3806	0.0944	0.1021
ENSG00000248358.2	AC243972.1	lncRNA	0	0	0	0.0000	0.0000	0.0000
ENSG00000248359.2	AC010280.1	lncRNA	0	0	0	0.0000	0.0000	0.0000
ENSG00000248360.7	LINC00504	lncRNA	1902	981	921	21.1702	5.2500	5.6764
ENSG00000248362.1	AC011352.1	lncRNA	81	39	44	5.7926	1.4365	1.5532
ENSG00000248363.5	AC016550.2	lncRNA	0	0	0	0.0000	0.0000	0.0000
ENSG00000248364.1	OR7E86P	unprocessed_pseudogene	0	0	0	0.0000	0.0000	0.0000
ENSG00000248365.3	POU5F1P7	processed_pseudogene	0	0	0	0.0000	0.0000	0.0000
ENSG00000248366.1	TRAJ51	TR_J_pseudogene	0	0	0	0.0000	0.0000	0.0000
ENSG00000248367.1	AC008610.1	lncRNA	50	24	26	7.2150	1.7892	1.9346
ENSG00000248369.1	AC114741.1	lncRNA	0	0	0	0.0000	0.0000	0.0000
ENSG00000248370.2	LINC02434	lncRNA	0	0	0	0.0000	0.0000	0.0000
ENSG00000248371.5	LINC02056	lncRNA	1	1	0	0.0693	0.0172	0.0186
ENSG00000248373.6	AC096577.1	lncRNA	0	0	0	0.0000	0.0000	0.0000
ENSG00000248374.1	AC073358.1	unprocessed_pseudogene	0	0	0	0.0000	0.0000	0.0000
ENSG00000248375.1	AC104066.2	processed_pseudogene	0	9	1	0.0000	0.0000	0.0000
ENSG00000248376.2	AC112698.1	processed_pseudogene	0	0	0	0.0000	0.0000	0.0000
ENSG00000248377.1	HMGN1P9	processed_pseudogene	1	1	0	0.1903	0.0472	0.0510
ENSG00000248378.1	AC022447.1	lncRNA	0	0	0	0.0000	0.0000	0.0000
ENSG00000248383.5	PCDHAC1	protein_coding	22	6	16	0.1778	0.0441	0.0477
ENSG00000248385.8	TARM1	protein_coding	1	1	0	0.0444	0.0110	0.0119
ENSG00000248387.1	AC121161.1	processed_pseudogene	0	0	0	0.0000	0.0000	0.0000
ENSG00000248388.5	AC093801.1	lncRNA	1	1	0	0.1481	0.0367	0.0397
ENSG00000248391.6	LINC02064	lncRNA	0	0	0	0.0000	0.0000	0.0000
ENSG00000248393.1	AC026782.1	lncRNA	0	0	0	0.0000	0.0000	0.0000
ENSG00000248394.1	FOSL1P1	processed_pseudogene	0	0	0	0.0000	0.0000	0.0000
ENSG00000248396.1	TOMM22P4	processed_pseudogene	0	0	0	0.0000	0.0000	0.0000
ENSG00000248397.1	LINC00498	lncRNA	0	0	0	0.0000	0.0000	0.0000
ENSG00000248399.1	AL645924.1	lncRNA	9	8	1	2.3200	0.5753	0.6221
ENSG00000248400.2	ST13P12	processed_pseudogene	0	0	0	0.0000	0.0000	0.0000
ENSG00000248401.2	AC114781.1	processed_pseudogene	0	0	0	0.0000	0.0000	0.0000
ENSG00000248403.1	NACAP6	processed_pseudogene	0	0	0	0.0000	0.0000	0.0000
ENSG00000248405.10	PRR5-ARHGAP8	protein_coding	36	18	18	0.6255	0.1551	0.1677
ENSG00000248406.1	AC008758.3	transcribed_unprocessed_pseudogene	0	0	0	0.0000	0.0000	0.0000
ENSG00000248408.1	LINC02469	lncRNA	1	0	1	0.0765	0.0190	0.0205
ENSG00000248409.2	AP000344.2	unprocessed_pseudogene	3	6	11	0.1415	0.0351	0.0380
ENSG00000248415.1	GAPDHP61	processed_pseudogene	3	3	0	0.1693	0.0420	0.0454
ENSG00000248416.1	AC107464.1	lncRNA	0	0	0	0.0000	0.0000	0.0000
ENSG00000248417.1	AC097535.1	lncRNA	0	0	0	0.0000	0.0000	0.0000
ENSG00000248418.2	UBL5P1	processed_pseudogene	0	0	0	0.0000	0.0000	0.0000
ENSG00000248419.2	AC110768.1	processed_pseudogene	0	0	0	0.0000	0.0000	0.0000
ENSG00000248420.1	MTATP6P9	unprocessed_pseudogene	0	0	0	0.0000	0.0000	0.0000
ENSG00000248422.1	AC233724.3	processed_pseudogene	0	0	0	0.0000	0.0000	0.0000
ENSG00000248423.1	AC100850.1	processed_pseudogene	0	0	0	0.0000	0.0000	0.0000
ENSG00000248424.1	OR51K1P	unprocessed_pseudogene	0	0	0	0.0000	0.0000	0.0000
ENSG00000248425.1	AC006296.1	lncRNA	0	0	0	0.0000	0.0000	0.0000
ENSG00000248426.1	AC113347.2	processed_pseudogene	0	0	0	0.0000	0.0000	0.0000
ENSG00000248428.1	AC010395.1	lncRNA	0	0	0	0.0000	0.0000	0.0000
ENSG00000248429.5	FAM198B-AS1	lncRNA	294	746	811	2.9567	0.7332	0.7928
ENSG00000248430.1	HMGB3P16	processed_pseudogene	0	0	0	0.0000	0.0000	0.0000
ENSG00000248431.2	AC021134.1	lncRNA	0	0	0	0.0000	0.0000	0.0000
ENSG00000248432.1	AC139718.1	lncRNA	0	0	0	0.0000	0.0000	0.0000
ENSG00000248434.1	AC107463.1	lncRNA	0	0	0	0.0000	0.0000	0.0000
ENSG00000248439.2	RPL23AP94	processed_pseudogene	0	0	0	0.0000	0.0000	0.0000
ENSG00000248440.1	AC091917.1	lncRNA	0	0	0	0.0000	0.0000	0.0000
ENSG00000248441.7	LINC01197	lncRNA	16	13	8	0.0650	0.0161	0.0174
ENSG00000248442.2	OR10J7P	unitary_pseudogene	1	1	0	0.0607	0.0151	0.0163
ENSG00000248443.1	AC109464.1	lncRNA	0	0	0	0.0000	0.0000	0.0000
ENSG00000248444.1	HNRNPA1P65	processed_pseudogene	0	0	0	0.0000	0.0000	0.0000
ENSG00000248445.5	SEMA6A-AS1	lncRNA	35	47	59	0.7016	0.1740	0.1881
ENSG00000248447.2	AC107058.1	processed_pseudogene	0	0	0	0.0000	0.0000	0.0000
ENSG00000248448.2	COX5BP1	processed_pseudogene	0	0	0	0.0000	0.0000	0.0000
ENSG00000248449.2	PCDHGB8P	transcribed_unitary_pseudogene	7	2	7	0.1382	0.0343	0.0370
ENSG00000248452.2	AC097714.1	processed_pseudogene	0	0	0	0.0000	0.0000	0.0000
ENSG00000248455.6	LINC02217	lncRNA	0	0	0	0.0000	0.0000	0.0000
ENSG00000248456.1	LINC02485	lncRNA	0	0	0	0.0000	0.0000	0.0000
ENSG00000248457.1	LINC02220	lncRNA	0	0	0	0.0000	0.0000	0.0000
ENSG00000248458.2	AL139147.1	lncRNA	21	29	29	1.0302	0.2555	0.2762
ENSG00000248459.1	AC083906.1	processed_pseudogene	1	1	0	0.1397	0.0346	0.0375
ENSG00000248461.3	LINC02119	lncRNA	12	6	6	0.1442	0.0358	0.0387
ENSG00000248462.1	NENFP3	processed_pseudogene	0	0	0	0.0000	0.0000	0.0000
ENSG00000248464.1	FGF10-AS1	lncRNA	11	139	141	0.3294	0.0817	0.0883
ENSG00000248466.1	AC098827.1	processed_pseudogene	0	0	0	0.0000	0.0000	0.0000
ENSG00000248468.2	AC107027.1	lncRNA	4	276	325	0.1679	0.0416	0.0450
ENSG00000248469.1	AC139491.1	lncRNA	0	0	0	0.0000	0.0000	0.0000
ENSG00000248471.2	AC233724.4	processed_pseudogene	0	0	0	0.0000	0.0000	0.0000
ENSG00000248472.8	DDX11L9	transcribed_unprocessed_pseudogene	1	1	0	0.0326	0.0081	0.0087
ENSG00000248473.2	LINC01962	lncRNA	5	1	4	0.0596	0.0148	0.0160
ENSG00000248474.1	LINC02122	lncRNA	0	0	0	0.0000	0.0000	0.0000
ENSG00000248475.5	AC016642.1	lncRNA	0	0	0	0.0000	0.0000	0.0000
ENSG00000248476.1	BACH1-IT1	lncRNA	16	6	11	1.1052	0.2741	0.2963
ENSG00000248477.6	NAIPP3	transcribed_unprocessed_pseudogene	11	5	6	0.5814	0.1442	0.1559
ENSG00000248479.1	AC104137.1	lncRNA	0	0	0	0.0000	0.0000	0.0000
ENSG00000248480.1	AC093801.2	processed_pseudogene	0	0	0	0.0000	0.0000	0.0000
ENSG00000248482.1	AC008406.1	lncRNA	0	0	0	0.0000	0.0000	0.0000
ENSG00000248483.7	POU5F2	protein_coding	5	2	3	0.0338	0.0084	0.0091
ENSG00000248484.1	AC113391.1	lncRNA	0	0	0	0.0000	0.0000	0.0000
ENSG00000248485.2	PCP4L1	protein_coding	6	3	3	0.2420	0.0600	0.0649
ENSG00000248487.9	ABHD14A	protein_coding	264	535	532	6.2958	1.5613	1.6881
ENSG00000248488.2	PGAM4P2	processed_pseudogene	0	0	0	0.0000	0.0000	0.0000
ENSG00000248489.2	LINC02062	lncRNA	29	8	21	0.6919	0.1716	0.1855
ENSG00000248490.2	AC113355.1	lncRNA	1	1	0	0.0757	0.0188	0.0203
ENSG00000248491.6	AC093772.1	lncRNA	14	6	8	0.2997	0.0743	0.0804
ENSG00000248492.1	ZFAT-AS1	lncRNA	0	64	72	0.0000	0.0000	0.0000
ENSG00000248493.1	AC005351.1	processed_pseudogene	0	0	0	0.0000	0.0000	0.0000
ENSG00000248494.1	LNX1-AS2	lncRNA	10	6	4	0.6393	0.1586	0.1714
ENSG00000248498.4	ASNSP1	transcribed_unprocessed_pseudogene	0	0	0	0.0000	0.0000	0.0000
ENSG00000248503.2	AL356235.1	transcribed_processed_pseudogene	21	13	8	0.4895	0.1214	0.1312
ENSG00000248505.2	LINC02380	lncRNA	0	0	0	0.0000	0.0000	0.0000
ENSG00000248506.1	TUBAP10	processed_pseudogene	0	0	0	0.0000	0.0000	0.0000
ENSG00000248507.1	OR5H4P	unprocessed_pseudogene	0	0	0	0.0000	0.0000	0.0000
ENSG00000248508.8	SRP14-AS1	lncRNA	222	111	113	2.4739	0.6135	0.6633
ENSG00000248510.2	LINC02267	lncRNA	0	0	0	0.0000	0.0000	0.0000
ENSG00000248511.1	AC112695.1	lncRNA	0	0	0	0.0000	0.0000	0.0000
ENSG00000248514.1	AC008443.3	lncRNA	2	1	1	0.2487	0.0617	0.0667
ENSG00000248515.2	AC024230.1	lncRNA	19	7	12	0.2295	0.0569	0.0615
ENSG00000248516.1	AC105415.1	lncRNA	1	0	1	0.0400	0.0099	0.0107
ENSG00000248517.1	LINC02437	lncRNA	0	0	0	0.0000	0.0000	0.0000
ENSG00000248518.1	AC098587.1	lncRNA	0	0	0	0.0000	0.0000	0.0000
ENSG00000248521.1	AC092612.1	processed_pseudogene	1	0	1	0.0568	0.0141	0.0152
ENSG00000248522.1	SBF1P1	processed_pseudogene	0	0	0	0.0000	0.0000	0.0000
ENSG00000248525.2	AC026787.1	lncRNA	0	0	0	0.0000	0.0000	0.0000
ENSG00000248527.1	MTATP6P1	unprocessed_pseudogene	13358	6622	6738	1112.3815	275.8594	298.2666
ENSG00000248528.1	LINC02058	lncRNA	1	0	1	0.0802	0.0199	0.0215
ENSG00000248529.5	AC026746.1	lncRNA	0	0	0	0.0000	0.0000	0.0000
ENSG00000248530.1	BCL2L12P1	processed_pseudogene	0	0	0	0.0000	0.0000	0.0000
ENSG00000248531.3	NDUFA5P12	unprocessed_pseudogene	0	0	0	0.0000	0.0000	0.0000
ENSG00000248532.2	AC119751.2	processed_pseudogene	0	0	0	0.0000	0.0000	0.0000
ENSG00000248533.1	AC034226.1	lncRNA	0	0	0	0.0000	0.0000	0.0000
ENSG00000248537.1	AC091906.1	lncRNA	2	2	0	0.2901	0.0719	0.0778
ENSG00000248538.8	AC022784.1	lncRNA	9	3	6	0.0293	0.0073	0.0079
ENSG00000248539.1	LINC02117	lncRNA	0	0	0	0.0000	0.0000	0.0000
ENSG00000248540.3	AC010931.1	lncRNA	12	9	5	0.2062	0.0511	0.0553
ENSG00000248542.2	AC233724.5	processed_pseudogene	0	0	0	0.0000	0.0000	0.0000
ENSG00000248543.2	NPM1P41	processed_pseudogene	0	0	0	0.0000	0.0000	0.0000
ENSG00000248544.2	AC008676.1	lncRNA	1	1	1	0.0273	0.0068	0.0073
ENSG00000248545.3	AC105290.1	lncRNA	0	0	0	0.0000	0.0000	0.0000
ENSG00000248546.3	ANP32C	processed_pseudogene	0	0	0	0.0000	0.0000	0.0000
ENSG00000248547.2	AC021146.2	processed_pseudogene	0	0	0	0.0000	0.0000	0.0000
ENSG00000248548.1	MTND4P8	unprocessed_pseudogene	0	0	0	0.0000	0.0000	0.0000
ENSG00000248550.4	OTX2-AS1	lncRNA	0	0	0	0.0000	0.0000	0.0000
ENSG00000248551.1	AC095050.1	lncRNA	0	0	0	0.0000	0.0000	0.0000
ENSG00000248552.1	AC074344.1	processed_pseudogene	0	0	0	0.0000	0.0000	0.0000
ENSG00000248553.1	OR52H2P	unitary_pseudogene	2	0	2	0.1257	0.0312	0.0337
ENSG00000248554.1	C5orf34-AS1	lncRNA	6	2	4	0.5949	0.1475	0.1595
ENSG00000248555.7	LINC01339	lncRNA	0	0	0	0.0000	0.0000	0.0000
ENSG00000248557.1	AC024558.1	processed_pseudogene	13	3	10	1.3963	0.3463	0.3744
ENSG00000248559.1	AC109454.2	lncRNA	42	22	21	4.5804	1.1359	1.2282
ENSG00000248560.1	AC008620.2	processed_pseudogene	0	0	0	0.0000	0.0000	0.0000
ENSG00000248564.1	AC079140.1	processed_pseudogene	2	0	2	0.2329	0.0578	0.0624
ENSG00000248565.2	TECRP2	processed_pseudogene	0	0	0	0.0000	0.0000	0.0000
ENSG00000248567.1	AC068721.1	lncRNA	0	0	0	0.0000	0.0000	0.0000
ENSG00000248568.1	KRT8P48	processed_pseudogene	5	2	3	0.2324	0.0576	0.0623
ENSG00000248569.1	AC026410.3	processed_pseudogene	24	12	12	1.4541	0.3606	0.3899
ENSG00000248571.1	AC106882.1	lncRNA	1	1	0	0.0239	0.0059	0.0064
ENSG00000248572.6	EGFLAM-AS2	lncRNA	1	1	0	0.0275	0.0068	0.0074
ENSG00000248573.1	PRYP6	transcribed_unprocessed_pseudogene	0	0	0	0.0000	0.0000	0.0000
ENSG00000248574.1	ADAM20P2	processed_pseudogene	0	0	0	0.0000	0.0000	0.0000
ENSG00000248576.1	AC023794.1	lncRNA	10	7	3	1.4072	0.3490	0.3773
ENSG00000248577.1	AC091435.1	processed_pseudogene	0	0	0	0.0000	0.0000	0.0000
ENSG00000248578.1	NPM1P21	processed_pseudogene	5	1	4	0.3721	0.0923	0.0998
ENSG00000248583.1	AC119751.3	unprocessed_pseudogene	8	3	5	0.6771	0.1679	0.1816
ENSG00000248585.2	AC084024.2	processed_pseudogene	2	0	2	0.1434	0.0356	0.0384
ENSG00000248586.2	AC025470.1	processed_pseudogene	1	1	0	0.0279	0.0069	0.0075
ENSG00000248587.8	GDNF-AS1	lncRNA	14	30	34	0.0733	0.0182	0.0197
ENSG00000248588.2	AC008517.1	lncRNA	0	0	0	0.0000	0.0000	0.0000
ENSG00000248590.2	GLDCP1	transcribed_processed_pseudogene	10	6	4	0.2118	0.0525	0.0568
ENSG00000248591.1	AC109445.1	processed_pseudogene	0	0	0	0.0000	0.0000	0.0000
ENSG00000248592.7	STIMATE-MUSTN1	protein_coding	14	6	8	0.1266	0.0314	0.0339
ENSG00000248593.3	DSTNP2	transcribed_unprocessed_pseudogene	301	156	146	15.4477	3.8309	4.1420
ENSG00000248596.8	AC139491.2	lncRNA	0	0	0	0.0000	0.0000	0.0000
ENSG00000248597.2	AC126768.1	lncRNA	3	2	1	0.2002	0.0496	0.0537
ENSG00000248599.2	FLJ42969	lncRNA	1	1	0	0.0181	0.0045	0.0049
ENSG00000248600.2	AC025465.2	lncRNA	0	0	0	0.0000	0.0000	0.0000
ENSG00000248601.1	AC116634.1	lncRNA	0	0	0	0.0000	0.0000	0.0000
ENSG00000248605.5	AC022140.1	lncRNA	0	0	0	0.0000	0.0000	0.0000
ENSG00000248607.1	AC117422.1	lncRNA	0	0	0	0.0000	0.0000	0.0000
ENSG00000248608.2	AC133963.1	processed_pseudogene	5	4	1	0.1689	0.0419	0.0453
ENSG00000248610.1	HSPA8P4	processed_pseudogene	23	16	7	0.6793	0.1685	0.1822
ENSG00000248611.1	AC107385.1	processed_pseudogene	0	0	0	0.0000	0.0000	0.0000
ENSG00000248613.1	AC021146.3	unprocessed_pseudogene	0	0	0	0.0000	0.0000	0.0000
ENSG00000248616.1	ANKRD49P3	processed_pseudogene	0	0	0	0.0000	0.0000	0.0000
ENSG00000248618.1	ENPP7P3	processed_pseudogene	0	0	1	0.0000	0.0000	0.0000
ENSG00000248621.2	AC108019.1	processed_pseudogene	0	0	0	0.0000	0.0000	0.0000
ENSG00000248624.1	AC022447.2	lncRNA	0	0	0	0.0000	0.0000	0.0000
ENSG00000248625.1	AC079768.1	processed_pseudogene	0	0	0	0.0000	0.0000	0.0000
ENSG00000248626.1	GAPDHP40	processed_pseudogene	3	2	1	0.1691	0.0419	0.0453
ENSG00000248627.1	AC095059.1	lncRNA	0	0	0	0.0000	0.0000	0.0000
ENSG00000248629.1	AC092608.1	lncRNA	0	0	0	0.0000	0.0000	0.0000
ENSG00000248633.1	WRBP1	transcribed_processed_pseudogene	0	0	0	0.0000	0.0000	0.0000
ENSG00000248634.1	AC008588.1	lncRNA	0	0	0	0.0000	0.0000	0.0000
ENSG00000248635.1	AC147055.1	unprocessed_pseudogene	0	0	0	0.0000	0.0000	0.0000
ENSG00000248636.7	AC002070.1	lncRNA	15	52	45	0.5791	0.1436	0.1553
ENSG00000248637.1	AC108064.1	processed_pseudogene	0	0	0	0.0000	0.0000	0.0000
ENSG00000248639.2	AC098799.1	processed_pseudogene	0	0	0	0.0000	0.0000	0.0000
ENSG00000248640.1	HNRNPA1P56	processed_pseudogene	1	0	1	0.0594	0.0147	0.0159
ENSG00000248641.1	HMGA1P2	processed_pseudogene	1	1	0	0.1750	0.0434	0.0469
ENSG00000248642.1	OR10J2P	unprocessed_pseudogene	0	0	0	0.0000	0.0000	0.0000
ENSG00000248643.5	RBM14-RBM4	protein_coding	25	10	15	0.5502	0.1364	0.1475
ENSG00000248645.1	AC106872.5	unprocessed_pseudogene	0	0	0	0.0000	0.0000	0.0000
ENSG00000248646.1	AC096759.1	lncRNA	0	0	0	0.0000	0.0000	0.0000
ENSG00000248647.2	AC012613.1	lncRNA	4	1	3	0.3074	0.0762	0.0824
ENSG00000248648.1	AC113410.1	processed_pseudogene	5	0	5	1.1480	0.2847	0.3078
ENSG00000248651.1	GCSHP1	processed_pseudogene	0	0	0	0.0000	0.0000	0.0000
ENSG00000248652.2	AC034244.1	processed_pseudogene	0	0	0	0.0000	0.0000	0.0000
ENSG00000248654.1	MTCO3P44	unprocessed_pseudogene	0	0	0	0.0000	0.0000	0.0000
ENSG00000248656.2	AC083795.2	lncRNA	0	0	0	0.0000	0.0000	0.0000
ENSG00000248659.1	AC023162.1	unprocessed_pseudogene	1	0	1	0.1196	0.0297	0.0321
ENSG00000248660.1	SRIP1	processed_pseudogene	0	0	0	0.0000	0.0000	0.0000
ENSG00000248663.6	LINC00992	lncRNA	69	29	40	3.4204	0.8482	0.9171
ENSG00000248664.1	AC010273.2	lncRNA	12	1280	1269	0.7194	0.1784	0.1929
ENSG00000248667.1	AC010486.1	lncRNA	1	1	0	0.1337	0.0332	0.0359
ENSG00000248668.3	OXCT1-AS1	lncRNA	8	60	38	0.2046	0.0507	0.0549
ENSG00000248669.1	AC116562.1	processed_pseudogene	0	0	0	0.0000	0.0000	0.0000
ENSG00000248671.8	ALG1L9P	lncRNA	67	63	62	0.3821	0.0947	0.1024
ENSG00000248672.5	LY75-CD302	protein_coding	0	0	0	0.0000	0.0000	0.0000
ENSG00000248673.2	LINC01331	lncRNA	10	6	4	0.1549	0.0384	0.0415
ENSG00000248674.1	RBBP4P6	processed_pseudogene	0	0	0	0.0000	0.0000	0.0000
ENSG00000248676.1	AC083902.1	lncRNA	0	0	0	0.0000	0.0000	0.0000
ENSG00000248677.2	LINC02102	lncRNA	17	10	7	0.2726	0.0676	0.0731
ENSG00000248682.1	ARHGAP22-IT1	lncRNA	1	1	0	0.1207	0.0299	0.0324
ENSG00000248684.1	BIN2P2	processed_pseudogene	0	0	0	0.0000	0.0000	0.0000
ENSG00000248685.6	LINC02484	lncRNA	0	0	0	0.0000	0.0000	0.0000
ENSG00000248687.2	AC024589.1	unprocessed_pseudogene	0	0	0	0.0000	0.0000	0.0000
ENSG00000248690.8	HAS2-AS1	lncRNA	30	55	56	0.3013	0.0747	0.0808
ENSG00000248692.5	ADGRL3-AS1	lncRNA	0	0	2	0.0000	0.0000	0.0000
ENSG00000248693.1	LINC02100	lncRNA	5	4	1	1.1914	0.2955	0.3195
ENSG00000248694.1	AC079226.1	lncRNA	0	37	32	0.0000	0.0000	0.0000
ENSG00000248696.1	AC011406.1	processed_pseudogene	0	0	0	0.0000	0.0000	0.0000
ENSG00000248697.1	TOX4P1	processed_pseudogene	1	0	1	0.0305	0.0076	0.0082
ENSG00000248698.6	LINC01085	transcribed_processed_pseudogene	14	7	7	0.3069	0.0761	0.0823
ENSG00000248699.1	AC114964.1	processed_pseudogene	0	0	0	0.0000	0.0000	0.0000
ENSG00000248701.1	AC008539.1	lncRNA	0	0	0	0.0000	0.0000	0.0000
ENSG00000248702.1	AC005921.1	processed_pseudogene	0	0	0	0.0000	0.0000	0.0000
ENSG00000248703.2	LINC02415	lncRNA	0	0	0	0.0000	0.0000	0.0000
ENSG00000248704.1	MTND4P2	unprocessed_pseudogene	0	0	0	0.0000	0.0000	0.0000
ENSG00000248705.1	AC114812.4	unprocessed_pseudogene	0	0	0	0.0000	0.0000	0.0000
ENSG00000248708.2	LINC02144	lncRNA	0	0	0	0.0000	0.0000	0.0000
ENSG00000248709.3	AC008549.1	lncRNA	1	1	0	0.0359	0.0089	0.0096
ENSG00000248710.1	AC079594.1	protein_coding	1	261	229	0.0169	0.0042	0.0045
ENSG00000248711.1	THUMPD3P1	unprocessed_pseudogene	0	0	0	0.0000	0.0000	0.0000
ENSG00000248712.7	CCDC153	protein_coding	45	15	31	0.9984	0.2476	0.2677
ENSG00000248713.1	C4orf54	protein_coding	1	0	1	0.0056	0.0014	0.0015
ENSG00000248714.7	AC091180.2	lncRNA	4	2	2	0.0954	0.0237	0.0256
ENSG00000248715.2	AC105424.1	processed_pseudogene	1	0	1	0.2713	0.0673	0.0728
ENSG00000248716.2	AC093815.1	processed_pseudogene	0	0	0	0.0000	0.0000	0.0000
ENSG00000248717.1	LINC02222	lncRNA	0	0	0	0.0000	0.0000	0.0000
ENSG00000248719.2	AC021127.1	lncRNA	0	7	7	0.0000	0.0000	0.0000
ENSG00000248720.1	RFPL4AP5	processed_pseudogene	0	0	0	0.0000	0.0000	0.0000
ENSG00000248722.1	AK3P4	processed_pseudogene	0	0	0	0.0000	0.0000	0.0000
ENSG00000248724.6	NPHP3-AS1	lncRNA	5	31	25	0.0544	0.0135	0.0146
ENSG00000248725.3	AC097488.1	processed_pseudogene	0	0	0	0.0000	0.0000	0.0000
ENSG00000248727.6	LINC01948	lncRNA	1401	682	720	10.0253	2.4862	2.6881
ENSG00000248729.1	MTCO1P30	processed_pseudogene	6	5	1	0.5867	0.1455	0.1573
ENSG00000248730.1	EGFLAM-AS4	lncRNA	0	0	0	0.0000	0.0000	0.0000
ENSG00000248733.1	AC008852.1	lncRNA	0	0	0	0.0000	0.0000	0.0000
ENSG00000248734.2	AC008906.1	lncRNA	49	482	506	2.7760	0.6884	0.7443
ENSG00000248735.2	R3HDM2P1	processed_pseudogene	0	0	0	0.0000	0.0000	0.0000
ENSG00000248736.3	AC094105.2	lncRNA	0	0	0	0.0000	0.0000	0.0000
ENSG00000248738.6	AC037441.1	lncRNA	2	1	1	0.0282	0.0070	0.0076
ENSG00000248739.1	AC069306.1	processed_pseudogene	0	0	0	0.0000	0.0000	0.0000
ENSG00000248740.6	LINC02428	lncRNA	7	4	3	0.1029	0.0255	0.0276
ENSG00000248744.1	AC108467.1	lncRNA	0	0	0	0.0000	0.0000	0.0000
ENSG00000248745.2	NMNAT1P4	processed_pseudogene	0	0	0	0.0000	0.0000	0.0000
ENSG00000248746.6	ACTN3	protein_coding	3	1	2	0.0492	0.0122	0.0132
ENSG00000248747.1	AC107220.1	lncRNA	0	0	0	0.0000	0.0000	0.0000
ENSG00000248748.1	MTND5P9	unprocessed_pseudogene	0	0	0	0.0000	0.0000	0.0000
ENSG00000248749.1	AC104063.1	lncRNA	0	0	0	0.0000	0.0000	0.0000
ENSG00000248750.2	AC020699.1	processed_pseudogene	0	0	0	0.0000	0.0000	0.0000
ENSG00000248751.6	AC004997.1	protein_coding	0	0	0	0.0000	0.0000	0.0000
ENSG00000248752.3	AC116362.1	lncRNA	1	0	1	0.0128	0.0032	0.0034
ENSG00000248753.1	AC008406.2	lncRNA	0	0	0	0.0000	0.0000	0.0000
ENSG00000248755.1	AC092639.1	processed_pseudogene	0	0	0	0.0000	0.0000	0.0000
ENSG00000248757.2	LINC02115	lncRNA	1	1	0	0.1313	0.0326	0.0352
ENSG00000248758.1	AC008883.1	lncRNA	0	0	0	0.0000	0.0000	0.0000
ENSG00000248761.1	AC091874.1	processed_pseudogene	0	0	0	0.0000	0.0000	0.0000
ENSG00000248762.2	AC012339.1	lncRNA	0	0	0	0.0000	0.0000	0.0000
ENSG00000248763.2	AC111000.2	unprocessed_pseudogene	0	0	0	0.0000	0.0000	0.0000
ENSG00000248764.1	AC092435.2	lncRNA	0	0	0	0.0000	0.0000	0.0000
ENSG00000248765.1	MTCYBP37	processed_pseudogene	0	0	0	0.0000	0.0000	0.0000
ENSG00000248766.2	AC093303.1	processed_pseudogene	0	0	0	0.0000	0.0000	0.0000
ENSG00000248767.2	FOXL3	protein_coding	0	0	0	0.0000	0.0000	0.0000
ENSG00000248769.1	AC139495.1	unprocessed_pseudogene	0	0	0	0.0000	0.0000	0.0000
ENSG00000248770.1	AC019235.1	unprocessed_pseudogene	0	0	0	0.0000	0.0000	0.0000
ENSG00000248771.5	SMIM31	protein_coding	0	0	0	0.0000	0.0000	0.0000
ENSG00000248772.1	AC108729.3	unprocessed_pseudogene	0	0	0	0.0000	0.0000	0.0000
ENSG00000248773.1	AC108727.1	lncRNA	4	1	3	0.5772	0.1431	0.1548
ENSG00000248774.1	AC097534.1	lncRNA	12	432	484	1.3062	0.3239	0.3502
ENSG00000248775.1	AC091951.2	processed_pseudogene	0	0	0	0.0000	0.0000	0.0000
ENSG00000248777.1	AC006499.1	processed_pseudogene	0	0	0	0.0000	0.0000	0.0000
ENSG00000248778.1	AC105391.1	processed_pseudogene	0	81	75	0.0000	0.0000	0.0000
ENSG00000248779.1	AC093297.1	lncRNA	214	105	109	20.5346	5.0924	5.5060
ENSG00000248780.1	ARL4AP2	processed_pseudogene	4	2	2	0.3774	0.0936	0.1012
ENSG00000248781.1	PSMC1P4	processed_pseudogene	1	0	1	0.0427	0.0106	0.0115
ENSG00000248783.1	AC106771.1	lncRNA	0	0	0	0.0000	0.0000	0.0000
ENSG00000248785.1	HIGD1AP14	processed_pseudogene	6	4	2	1.2066	0.2992	0.3235
ENSG00000248787.2	AC092903.2	lncRNA	10	6	4	0.5485	0.1360	0.1471
ENSG00000248789.5	LINC02118	lncRNA	0	0	0	0.0000	0.0000	0.0000
ENSG00000248790.1	AC097103.1	lncRNA	0	0	0	0.0000	0.0000	0.0000
ENSG00000248791.1	AC010627.1	processed_pseudogene	10	6	4	0.4383	0.1087	0.1175
ENSG00000248792.2	LINC00266-2P	unprocessed_pseudogene	0	0	0	0.0000	0.0000	0.0000
ENSG00000248794.1	AC026436.1	processed_pseudogene	41	26	15	8.6115	2.1356	2.3090
ENSG00000248795.1	AC098859.1	processed_pseudogene	1	1	0	0.0458	0.0114	0.0123
ENSG00000248796.1	MED15P8	unprocessed_pseudogene	0	0	0	0.0000	0.0000	0.0000
ENSG00000248799.1	AC022118.1	lncRNA	0	0	0	0.0000	0.0000	0.0000
ENSG00000248801.7	C8orf34-AS1	lncRNA	2	1	1	0.0244	0.0060	0.0065
ENSG00000248802.1	AC078850.2	lncRNA	0	0	0	0.0000	0.0000	0.0000
ENSG00000248803.1	AC092349.1	processed_pseudogene	0	0	0	0.0000	0.0000	0.0000
ENSG00000248807.1	KRTAP9-12P	unprocessed_pseudogene	0	0	0	0.0000	0.0000	0.0000
ENSG00000248809.6	LINC01095	lncRNA	0	0	0	0.0000	0.0000	0.0000
ENSG00000248810.2	LINC02432	lncRNA	43	19	24	0.3338	0.0828	0.0895
ENSG00000248813.1	AC022447.3	lncRNA	0	0	0	0.0000	0.0000	0.0000
ENSG00000248816.1	AC079226.2	lncRNA	0	0	0	0.0000	0.0000	0.0000
ENSG00000248817.1	PMPCAP1	processed_pseudogene	0	0	0	0.0000	0.0000	0.0000
ENSG00000248820.2	DYNLL1P6	processed_pseudogene	0	0	0	0.0000	0.0000	0.0000
ENSG00000248821.1	AC009238.3	unprocessed_pseudogene	0	8	5	0.0000	0.0000	0.0000
ENSG00000248822.1	APOBEC3AP1	processed_pseudogene	1	0	1	0.1976	0.0490	0.0530
ENSG00000248824.2	AC108078.1	unprocessed_pseudogene	0	0	0	0.0000	0.0000	0.0000
ENSG00000248826.2	PCBP2P3	processed_pseudogene	0	0	0	0.0000	0.0000	0.0000
ENSG00000248827.1	AC024587.1	processed_pseudogene	1	0	1	0.0263	0.0065	0.0070
ENSG00000248830.1	ZNF807P	unprocessed_pseudogene	6	5	4	0.1993	0.0494	0.0534
ENSG00000248831.2	AC008638.1	processed_pseudogene	0	0	0	0.0000	0.0000	0.0000
ENSG00000248834.2	MARK2P5	processed_pseudogene	0	0	0	0.0000	0.0000	0.0000
ENSG00000248837.7	AC097512.1	lncRNA	3	3	0	0.0221	0.0055	0.0059
ENSG00000248838.2	PGAM1P13	processed_pseudogene	0	0	0	0.0000	0.0000	0.0000
ENSG00000248839.1	AC021660.2	lncRNA	0	3	2	0.0000	0.0000	0.0000
ENSG00000248840.2	AL645949.1	transcribed_processed_pseudogene	2	2	0	0.2073	0.0514	0.0556
ENSG00000248842.1	AC011396.1	lncRNA	0	0	0	0.0000	0.0000	0.0000
ENSG00000248843.1	AL645949.2	processed_pseudogene	0	0	0	0.0000	0.0000	0.0000
ENSG00000248844.6	LINC02753	lncRNA	1	1	0	0.0284	0.0070	0.0076
ENSG00000248846.3	LINC02065	lncRNA	6	3	3	0.1753	0.0435	0.0470
ENSG00000248847.2	AC074087.1	processed_pseudogene	0	0	0	0.0000	0.0000	0.0000
ENSG00000248848.1	PPBPP2	transcribed_unprocessed_pseudogene	0	0	0	0.0000	0.0000	0.0000
ENSG00000248850.1	AC078867.1	processed_pseudogene	0	0	0	0.0000	0.0000	0.0000
ENSG00000248851.1	AC006427.1	processed_pseudogene	1	1	0	0.0796	0.0198	0.0214
ENSG00000248853.1	AC113352.1	processed_pseudogene	0	0	0	0.0000	0.0000	0.0000
ENSG00000248854.1	HNRNPH1P3	processed_pseudogene	0	0	0	0.0000	0.0000	0.0000
ENSG00000248858.7	FLJ46284	lncRNA	102	56	46	0.7167	0.1777	0.1922
ENSG00000248859.2	LINC01574	lncRNA	0	0	0	0.0000	0.0000	0.0000
ENSG00000248863.2	AC097376.2	transcribed_processed_pseudogene	9	6	3	0.4116	0.1021	0.1104
ENSG00000248866.1	USP46-DT	lncRNA	243	120	123	13.1494	3.2609	3.5258
ENSG00000248867.1	AC010625.1	processed_pseudogene	0	0	0	0.0000	0.0000	0.0000
ENSG00000248869.7	LINC02511	lncRNA	2	0	2	0.0335	0.0083	0.0090
ENSG00000248870.1	AC026782.2	lncRNA	4	1	3	0.3567	0.0884	0.0956
ENSG00000248871.1	TNFSF12-TNFSF13	protein_coding	0	0	0	0.0000	0.0000	0.0000
ENSG00000248872.2	LINC02431	lncRNA	0	0	0	0.0000	0.0000	0.0000
ENSG00000248873.1	SERBP1P6	processed_pseudogene	6	2	4	0.3651	0.0905	0.0979
ENSG00000248874.5	C5orf17	lncRNA	1	1	0	0.0286	0.0071	0.0077
ENSG00000248876.1	AC091917.2	lncRNA	0	0	0	0.0000	0.0000	0.0000
ENSG00000248877.2	PGBD4P4	processed_pseudogene	0	0	0	0.0000	0.0000	0.0000
ENSG00000248878.1	AC022447.4	transcribed_processed_pseudogene	0	0	0	0.0000	0.0000	0.0000
ENSG00000248880.1	ICE2P1	processed_pseudogene	0	0	0	0.0000	0.0000	0.0000
ENSG00000248881.1	AC010245.1	lncRNA	0	341	325	0.0000	0.0000	0.0000
ENSG00000248883.2	B4GALNT2P1	unprocessed_pseudogene	0	0	0	0.0000	0.0000	0.0000
ENSG00000248884.1	AC010280.2	lncRNA	2	2	0	0.2766	0.0686	0.0742
ENSG00000248885.1	AC118465.1	processed_pseudogene	4	2	2	0.1785	0.0443	0.0479
ENSG00000248886.2	UGT2A3P7	unprocessed_pseudogene	0	0	0	0.0000	0.0000	0.0000
ENSG00000248890.2	HHIP-AS1	lncRNA	23	11	22	0.6058	0.1502	0.1624
ENSG00000248891.2	AC091860.1	processed_pseudogene	0	0	0	0.0000	0.0000	0.0000
ENSG00000248893.3	FAM138E	lncRNA	0	0	0	0.0000	0.0000	0.0000
ENSG00000248895.1	AC068531.2	processed_pseudogene	0	0	0	0.0000	0.0000	0.0000
ENSG00000248896.3	AC105001.1	lncRNA	13	4	9	0.2250	0.0558	0.0603
ENSG00000248898.3	AC022126.1	lncRNA	13	42	61	0.2600	0.0645	0.0697
ENSG00000248901.2	LINC01846	lncRNA	0	0	0	0.0000	0.0000	0.0000
ENSG00000248903.1	AP000867.1	processed_pseudogene	0	0	0	0.0000	0.0000	0.0000
ENSG00000248905.10	FMN1	protein_coding	2494	1231	1263	6.9775	1.7304	1.8709
ENSG00000248907.1	MTND2P33	unprocessed_pseudogene	0	0	0	0.0000	0.0000	0.0000
ENSG00000248908.1	LINC02239	lncRNA	1	0	1	0.0248	0.0061	0.0066
ENSG00000248909.1	HMGB1P21	processed_pseudogene	1	0	1	0.0976	0.0242	0.0262
ENSG00000248911.2	AC009800.1	processed_pseudogene	0	0	0	0.0000	0.0000	0.0000
ENSG00000248912.1	AC096736.1	lncRNA	0	0	0	0.0000	0.0000	0.0000
ENSG00000248913.1	PHBP14	processed_pseudogene	0	0	0	0.0000	0.0000	0.0000
ENSG00000248915.2	ACTR6P1	processed_pseudogene	0	0	0	0.0000	0.0000	0.0000
ENSG00000248916.1	NUP210P3	unprocessed_pseudogene	3	10	5	0.4385	0.1087	0.1176
ENSG00000248918.2	AC008808.1	lncRNA	0	0	0	0.0000	0.0000	0.0000
ENSG00000248919.7	ATP5MF-PTCD1	protein_coding	7	60	60	0.1388	0.0344	0.0372
ENSG00000248920.3	USP17L19	protein_coding	0	0	0	0.0000	0.0000	0.0000
ENSG00000248921.1	AC021193.1	processed_pseudogene	0	0	0	0.0000	0.0000	0.0000
ENSG00000248923.1	MTND5P11	processed_pseudogene	22	13	12	0.6885	0.1707	0.1846
ENSG00000248924.2	AC139713.1	transcribed_processed_pseudogene	0	59	76	0.0000	0.0000	0.0000
ENSG00000248925.1	AC021087.1	lncRNA	20	13	13	2.1728	0.5388	0.5826
ENSG00000248926.1	AC114801.2	processed_pseudogene	0	0	0	0.0000	0.0000	0.0000
ENSG00000248927.1	AC114284.1	lncRNA	12	9	3	0.6109	0.1515	0.1638
ENSG00000248928.1	AC008837.2	processed_pseudogene	0	0	0	0.0000	0.0000	0.0000
ENSG00000248929.1	HIGD1AP3	processed_pseudogene	0	0	0	0.0000	0.0000	0.0000
ENSG00000248930.1	CHP1P1	processed_pseudogene	0	0	0	0.0000	0.0000	0.0000
ENSG00000248931.1	MTCYBP40	processed_pseudogene	0	0	0	0.0000	0.0000	0.0000
ENSG00000248932.6	AC046134.2	lncRNA	717	484	499	2.9817	0.7394	0.7995
ENSG00000248933.3	USP17L22	protein_coding	0	0	0	0.0000	0.0000	0.0000
ENSG00000248935.1	AC034234.1	lncRNA	0	0	0	0.0000	0.0000	0.0000
ENSG00000248936.1	AC027607.1	lncRNA	23	98	77	2.4426	0.6057	0.6549
ENSG00000248939.1	AC111198.1	lncRNA	0	0	0	0.0000	0.0000	0.0000
ENSG00000248942.3	LINC01335	lncRNA	0	0	0	0.0000	0.0000	0.0000
ENSG00000248943.1	AC140125.1	lncRNA	0	0	0	0.0000	0.0000	0.0000
ENSG00000248944.1	FAM90A6P	unprocessed_pseudogene	0	0	0	0.0000	0.0000	0.0000
ENSG00000248946.2	MTND3P22	processed_pseudogene	0	0	0	0.0000	0.0000	0.0000
ENSG00000248949.1	AC122719.1	lncRNA	2	2	0	0.2029	0.0503	0.0544
ENSG00000248950.1	LDHBP3	processed_pseudogene	0	0	0	0.0000	0.0000	0.0000
ENSG00000248951.2	MTCO2P32	processed_pseudogene	0	0	0	0.0000	0.0000	0.0000
ENSG00000248954.1	AC027801.2	lncRNA	6	2	5	0.1874	0.0465	0.0502
ENSG00000248955.1	AC113367.2	processed_pseudogene	0	0	0	0.0000	0.0000	0.0000
ENSG00000248956.1	HMGB1P44	processed_pseudogene	0	0	0	0.0000	0.0000	0.0000
ENSG00000248958.2	ZSWIM5P3	processed_pseudogene	0	0	0	0.0000	0.0000	0.0000
ENSG00000248962.1	AC025773.1	lncRNA	0	0	0	0.0000	0.0000	0.0000
ENSG00000248964.7	AC131254.1	lncRNA	2	0	2	0.0376	0.0093	0.0101
ENSG00000248965.1	AC011389.1	lncRNA	3	3	0	0.4661	0.1156	0.1250
ENSG00000248966.1	BCLAF1P1	processed_pseudogene	1	0	1	0.0206	0.0051	0.0055
ENSG00000248967.1	AC022493.2	processed_pseudogene	0	0	0	0.0000	0.0000	0.0000
ENSG00000248968.1	AC012640.1	lncRNA	9	21	17	0.7418	0.1840	0.1989
ENSG00000248969.1	AC137810.1	lncRNA	0	1	3	0.0000	0.0000	0.0000
ENSG00000248971.2	KRT8P46	processed_pseudogene	37	25	12	1.4714	0.3649	0.3945
ENSG00000248973.3	AC106799.2	lncRNA	0	0	0	0.0000	0.0000	0.0000
ENSG00000248975.2	AL133372.2	lncRNA	0	0	0	0.0000	0.0000	0.0000
ENSG00000248977.1	AC095057.1	processed_pseudogene	0	0	0	0.0000	0.0000	0.0000
ENSG00000248978.2	AC009901.1	unprocessed_pseudogene	0	0	0	0.0000	0.0000	0.0000
ENSG00000248979.2	LAMTOR3P2	processed_pseudogene	1	1	0	0.2444	0.0606	0.0655
ENSG00000248980.1	SPCS3-AS1	lncRNA	0	187	156	0.0000	0.0000	0.0000
ENSG00000248984.1	AC004054.1	lncRNA	0	0	0	0.0000	0.0000	0.0000
ENSG00000248987.2	PRDX4P1	processed_pseudogene	0	0	0	0.0000	0.0000	0.0000
ENSG00000248988.1	PSME2P3	processed_pseudogene	3	3	0	0.2373	0.0588	0.0636
ENSG00000248990.1	LINC02758	lncRNA	0	0	0	0.0000	0.0000	0.0000
ENSG00000248991.1	AC097375.1	lncRNA	0	0	0	0.0000	0.0000	0.0000
ENSG00000248993.1	AL645941.2	protein_coding	0	0	0	0.0000	0.0000	0.0000
ENSG00000248994.2	AC124852.1	lncRNA	273	138	147	1.0742	0.2664	0.2880
ENSG00000248995.2	LINC02231	lncRNA	1	1	0	0.1269	0.0315	0.0340
ENSG00000248996.1	AC145098.1	lncRNA	17	44	42	2.2214	0.5509	0.5956
ENSG00000248998.2	EFL1P2	processed_pseudogene	0	0	0	0.0000	0.0000	0.0000
ENSG00000249000.1	AC093722.1	lncRNA	0	0	0	0.0000	0.0000	0.0000
ENSG00000249001.5	AC093895.1	lncRNA	91	50	41	2.8277	0.7012	0.7582
ENSG00000249002.2	AC096745.1	processed_pseudogene	0	0	0	0.0000	0.0000	0.0000
ENSG00000249003.1	CLUHP4	unprocessed_pseudogene	0	0	0	0.0000	0.0000	0.0000
ENSG00000249004.1	PRMT5P1	processed_pseudogene	0	0	0	0.0000	0.0000	0.0000
ENSG00000249005.3	FAM90A4P	unprocessed_pseudogene	0	0	0	0.0000	0.0000	0.0000
ENSG00000249006.1	AL136360.1	processed_pseudogene	3	1	2	0.0895	0.0222	0.0240
ENSG00000249007.1	AL691482.3	lncRNA	20	13	7	1.1491	0.2850	0.3081
ENSG00000249008.1	AC097518.1	lncRNA	0	0	0	0.0000	0.0000	0.0000
ENSG00000249012.2	AC104819.1	unprocessed_pseudogene	2	2	0	0.2334	0.0579	0.0626
ENSG00000249013.1	FTH1P21	processed_pseudogene	0	0	0	0.0000	0.0000	0.0000
ENSG00000249014.2	HMGN2P4	processed_pseudogene	11	7	4	1.6373	0.4060	0.4390
ENSG00000249016.1	AC112198.2	lncRNA	0	0	0	0.0000	0.0000	0.0000
ENSG00000249017.1	AC094108.1	lncRNA	0	0	0	0.0000	0.0000	0.0000
ENSG00000249018.2	GAPDHP56	processed_pseudogene	0	0	0	0.0000	0.0000	0.0000
ENSG00000249019.2	AC108471.1	processed_pseudogene	2	0	2	0.3952	0.0980	0.1060
ENSG00000249020.1	SNORA58	snoRNA	1	0	1	0.4139	0.1027	0.1110
ENSG00000249021.1	AC008549.2	lncRNA	0	0	0	0.0000	0.0000	0.0000
ENSG00000249022.2	AC093599.1	lncRNA	0	0	0	0.0000	0.0000	0.0000
ENSG00000249023.1	AC010486.2	lncRNA	0	0	0	0.0000	0.0000	0.0000
ENSG00000249025.1	ZNF519P4	processed_pseudogene	0	0	0	0.0000	0.0000	0.0000
ENSG00000249026.2	CTNNA1P1	processed_pseudogene	0	0	0	0.0000	0.0000	0.0000
ENSG00000249028.2	AC004672.1	lncRNA	1	0	1	0.0272	0.0067	0.0073
ENSG00000249031.1	SUMO2P6	processed_pseudogene	3	2	1	0.5907	0.1465	0.1584
ENSG00000249035.7	CLMAT3	lncRNA	7	10050	10175	0.1286	0.0319	0.0345
ENSG00000249036.1	AC092674.1	lncRNA	0	0	0	0.0000	0.0000	0.0000
ENSG00000249038.2	AARS1P1	processed_pseudogene	0	0	0	0.0000	0.0000	0.0000
ENSG00000249041.1	AC009567.1	lncRNA	0	0	0	0.0000	0.0000	0.0000
ENSG00000249042.6	AC008771.1	lncRNA	246	3379	3311	1.6175	0.4011	0.4337
ENSG00000249045.1	MTND3P24	unprocessed_pseudogene	0	0	0	0.0000	0.0000	0.0000
ENSG00000249047.2	COX6B1P5	processed_pseudogene	0	0	0	0.0000	0.0000	0.0000
ENSG00000249048.2	TRAV31	TR_V_pseudogene	0	0	0	0.0000	0.0000	0.0000
ENSG00000249049.1	AC074124.1	lncRNA	0	0	0	0.0000	0.0000	0.0000
ENSG00000249050.1	AC021242.1	processed_pseudogene	0	0	0	0.0000	0.0000	0.0000
ENSG00000249051.2	AC112518.1	processed_pseudogene	0	0	0	0.0000	0.0000	0.0000
ENSG00000249052.1	AC093810.1	lncRNA	0	0	0	0.0000	0.0000	0.0000
ENSG00000249053.1	AC106794.1	processed_pseudogene	0	0	0	0.0000	0.0000	0.0000
ENSG00000249054.2	FAM138D	lncRNA	0	0	0	0.0000	0.0000	0.0000
ENSG00000249055.1	TBCAP3	transcribed_processed_pseudogene	1	1	0	0.1818	0.0451	0.0487
ENSG00000249056.1	AC099343.1	processed_pseudogene	0	0	0	0.0000	0.0000	0.0000
ENSG00000249057.1	MAST4-IT1	lncRNA	1	0	1	0.0862	0.0214	0.0231
ENSG00000249061.1	AC109492.1	lncRNA	0	0	0	0.0000	0.0000	0.0000
ENSG00000249064.1	KRT18P25	processed_pseudogene	4	1	3	0.1775	0.0440	0.0476
ENSG00000249065.2	PCNAP1	transcribed_processed_pseudogene	0	0	0	0.0000	0.0000	0.0000
ENSG00000249066.2	LINC02496	lncRNA	0	0	0	0.0000	0.0000	0.0000
ENSG00000249068.1	AC008417.1	processed_pseudogene	1	0	2	0.1004	0.0249	0.0269
ENSG00000249069.8	LINC01033	lncRNA	1	1	0	0.0159	0.0039	0.0043
ENSG00000249071.2	EGFLAM-AS3	lncRNA	0	0	0	0.0000	0.0000	0.0000
ENSG00000249072.1	AC114801.3	processed_pseudogene	1	0	1	0.3204	0.0795	0.0859
ENSG00000249073.1	WSPAR	lncRNA	0	0	0	0.0000	0.0000	0.0000
ENSG00000249074.1	NDUFB2P1	processed_pseudogene	0	0	0	0.0000	0.0000	0.0000
ENSG00000249077.1	AL158068.1	processed_pseudogene	1	1	0	0.0921	0.0228	0.0247
ENSG00000249079.1	AC118282.2	processed_pseudogene	0	0	0	0.0000	0.0000	0.0000
ENSG00000249081.1	OR5M14P	unprocessed_pseudogene	0	0	0	0.0000	0.0000	0.0000
ENSG00000249082.2	C5orf66-AS1	lncRNA	0	0	0	0.0000	0.0000	0.0000
ENSG00000249084.1	AC027627.1	lncRNA	0	0	0	0.0000	0.0000	0.0000
ENSG00000249085.1	AC035140.1	lncRNA	1	1	1	0.1150	0.0285	0.0308
ENSG00000249086.1	AC051649.1	lncRNA	0	0	0	0.0000	0.0000	0.0000
ENSG00000249087.7	ZNF436-AS1	lncRNA	106	119	103	2.2480	0.5575	0.6028
ENSG00000249089.1	AIG1P1	unprocessed_pseudogene	1	1	0	0.3832	0.0950	0.1027
ENSG00000249091.1	AC093903.1	lncRNA	0	0	0	0.0000	0.0000	0.0000
ENSG00000249092.1	PPIAP77	processed_pseudogene	1	1	1	0.1136	0.0282	0.0305
ENSG00000249094.2	AC007834.1	lncRNA	0	0	0	0.0000	0.0000	0.0000
ENSG00000249096.7	LINC02362	lncRNA	17	6	11	0.1903	0.0472	0.0510
ENSG00000249098.1	AC055733.1	processed_pseudogene	2	1	1	0.1983	0.0492	0.0532
ENSG00000249099.1	AC025475.1	lncRNA	0	0	0	0.0000	0.0000	0.0000
ENSG00000249100.1	AC008885.2	lncRNA	0	0	0	0.0000	0.0000	0.0000
ENSG00000249101.1	AC008834.1	processed_pseudogene	0	0	0	0.0000	0.0000	0.0000
ENSG00000249102.3	AC034223.1	lncRNA	0	0	0	0.0000	0.0000	0.0000
ENSG00000249104.3	USP17L17	protein_coding	0	0	0	0.0000	0.0000	0.0000
ENSG00000249105.2	AC096725.1	processed_pseudogene	0	0	0	0.0000	0.0000	0.0000
ENSG00000249106.1	AC097537.1	lncRNA	1	0	1	0.0468	0.0116	0.0125
ENSG00000249109.1	AC140125.2	lncRNA	0	0	0	0.0000	0.0000	0.0000
ENSG00000249111.1	AC108517.1	lncRNA	0	0	0	0.0000	0.0000	0.0000
ENSG00000249112.1	AC112196.1	lncRNA	1	0	1	0.0682	0.0169	0.0183
ENSG00000249114.1	AC022447.5	lncRNA	0	0	0	0.0000	0.0000	0.0000
ENSG00000249115.9	HAUS5	protein_coding	950	485	465	10.5844	2.6248	2.8380
ENSG00000249116.1	IRX4-AS1	lncRNA	2	2	0	0.2669	0.0662	0.0716
ENSG00000249119.1	MTND6P4	processed_pseudogene	13	12	4	1.4123	0.3502	0.3787
ENSG00000249122.1	AC105389.1	lncRNA	0	0	0	0.0000	0.0000	0.0000
ENSG00000249125.2	AC093821.1	lncRNA	0	0	0	0.0000	0.0000	0.0000
ENSG00000249127.1	MTND3P3	unprocessed_pseudogene	0	0	0	0.0000	0.0000	0.0000
ENSG00000249128.1	LINC02215	lncRNA	0	0	0	0.0000	0.0000	0.0000
ENSG00000249129.1	SUDS3P1	processed_pseudogene	25	14	11	1.4676	0.3640	0.3935
ENSG00000249131.2	PSD2-AS1	lncRNA	0	0	0	0.0000	0.0000	0.0000
ENSG00000249135.1	AC116347.1	processed_pseudogene	0	0	0	0.0000	0.0000	0.0000
ENSG00000249138.1	SLED1	transcribed_processed_pseudogene	3	2	1	0.2265	0.0562	0.0607
ENSG00000249139.2	EPPIN-WFDC6	protein_coding	0	0	0	0.0000	0.0000	0.0000
ENSG00000249140.1	PRDX2P3	processed_pseudogene	4	3	1	0.3871	0.0960	0.1038
ENSG00000249141.1	AL159163.1	protein_coding	0	0	0	0.0000	0.0000	0.0000
ENSG00000249142.1	AC074134.1	processed_pseudogene	1	1	0	0.0512	0.0127	0.0137
ENSG00000249145.3	LINC02517	lncRNA	0	0	0	0.0000	0.0000	0.0000
ENSG00000249148.2	AC006445.2	processed_pseudogene	6	1	5	0.7209	0.1788	0.1933
ENSG00000249149.2	AC099522.1	transcribed_processed_pseudogene	0	0	0	0.0000	0.0000	0.0000
ENSG00000249150.2	AC010267.1	lncRNA	0	0	0	0.0000	0.0000	0.0000
ENSG00000249152.1	LNCPRESS2	lncRNA	0	0	0	0.0000	0.0000	0.0000
ENSG00000249153.1	AC026414.1	lncRNA	0	0	0	0.0000	0.0000	0.0000
ENSG00000249156.2	TAF11L12	protein_coding	0	0	0	0.0000	0.0000	0.0000
ENSG00000249157.1	AC093259.1	processed_pseudogene	0	0	0	0.0000	0.0000	0.0000
ENSG00000249158.7	PCDHA11	protein_coding	9	7	2	0.0812	0.0201	0.0218
ENSG00000249159.6	AC091965.1	lncRNA	11	7	5	0.8976	0.2226	0.2407
ENSG00000249160.4	LINC02213	lncRNA	0	0	0	0.0000	0.0000	0.0000
ENSG00000249162.1	ADAM20P3	processed_pseudogene	0	0	0	0.0000	0.0000	0.0000
ENSG00000249163.3	AL121809.1	lncRNA	0	0	0	0.0000	0.0000	0.0000
ENSG00000249166.1	AC092336.1	lncRNA	0	0	0	0.0000	0.0000	0.0000
ENSG00000249167.2	SEMA6A-AS2	lncRNA	7	12	20	0.1024	0.0254	0.0275
ENSG00000249169.1	AC026780.1	lncRNA	0	0	0	0.0000	0.0000	0.0000
ENSG00000249170.1	AC096713.1	processed_pseudogene	0	0	0	0.0000	0.0000	0.0000
ENSG00000249171.1	AC021192.1	lncRNA	0	0	0	0.0000	0.0000	0.0000
ENSG00000249173.6	LINC01093	lncRNA	0	0	0	0.0000	0.0000	0.0000
ENSG00000249174.1	AC106744.1	lncRNA	0	0	0	0.0000	0.0000	0.0000
ENSG00000249175.1	AC008534.1	lncRNA	0	0	0	0.0000	0.0000	0.0000
ENSG00000249176.1	AC027801.3	processed_pseudogene	0	0	0	0.0000	0.0000	0.0000
ENSG00000249177.1	MTND4P29	unprocessed_pseudogene	1	0	1	0.0413	0.0103	0.0111
ENSG00000249180.1	AC020900.1	lncRNA	0	1138	1035	0.0000	0.0000	0.0000
ENSG00000249183.1	SUMO2P4	processed_pseudogene	0	0	0	0.0000	0.0000	0.0000
ENSG00000249184.2	AC107074.1	lncRNA	0	0	0	0.0000	0.0000	0.0000
ENSG00000249186.2	AC140125.3	lncRNA	0	0	0	0.0000	0.0000	0.0000
ENSG00000249188.1	ENPP7P1	transcribed_unprocessed_pseudogene	0	0	0	0.0000	0.0000	0.0000
ENSG00000249189.1	AC245052.6	unprocessed_pseudogene	0	1	0	0.0000	0.0000	0.0000
ENSG00000249191.1	UBE2V1P12	processed_pseudogene	0	0	0	0.0000	0.0000	0.0000
ENSG00000249192.1	MTND3P25	processed_pseudogene	1	0	1	0.4201	0.1042	0.1126
ENSG00000249193.1	HSPD1P5	processed_pseudogene	4	1	4	0.1319	0.0327	0.0354
ENSG00000249196.6	TMEM132D-AS1	lncRNA	1	1	0	0.0250	0.0062	0.0067
ENSG00000249197.1	OR10J9P	unprocessed_pseudogene	0	0	0	0.0000	0.0000	0.0000
ENSG00000249198.1	AC106822.1	lncRNA	0	0	0	0.0000	0.0000	0.0000
ENSG00000249199.2	AC026785.3	lncRNA	0	0	0	0.0000	0.0000	0.0000
ENSG00000249200.1	AC110775.1	processed_pseudogene	0	0	0	0.0000	0.0000	0.0000
ENSG00000249201.2	CTD-3080P12.3	lncRNA	0	0	0	0.0000	0.0000	0.0000
ENSG00000249203.2	LINC02224	lncRNA	75	40	35	2.9681	0.7361	0.7958
ENSG00000249206.2	GCNT1P2	processed_pseudogene	0	0	0	0.0000	0.0000	0.0000
ENSG00000249207.2	AC079921.1	lncRNA	59	332	314	0.7585	0.1881	0.2034
ENSG00000249209.2	AP000311.1	protein_coding	0	1	1	0.0000	0.0000	0.0000
ENSG00000249210.1	GAPDHP38	processed_pseudogene	0	0	0	0.0000	0.0000	0.0000
ENSG00000249212.1	ATP1B1P1	unprocessed_pseudogene	2	1	1	0.1240	0.0307	0.0332
ENSG00000249213.1	AC079097.1	processed_pseudogene	0	0	0	0.0000	0.0000	0.0000
ENSG00000249215.1	NCOA4P4	processed_pseudogene	2	1	1	0.0609	0.0151	0.0163
ENSG00000249216.1	AC105389.2	lncRNA	0	0	0	0.0000	0.0000	0.0000
ENSG00000249219.1	AC108199.1	lncRNA	0	0	0	0.0000	0.0000	0.0000
ENSG00000249222.1	ATP5MGL	protein_coding	1	1	0	0.0710	0.0176	0.0190
ENSG00000249225.1	AC117460.1	lncRNA	0	0	0	0.0000	0.0000	0.0000
ENSG00000249226.1	SUCLG2P4	processed_pseudogene	0	0	0	0.0000	0.0000	0.0000
ENSG00000249228.1	AC068944.1	lncRNA	0	0	0	0.0000	0.0000	0.0000
ENSG00000249229.2	NAMPTP2	processed_pseudogene	0	0	0	0.0000	0.0000	0.0000
ENSG00000249230.1	CDH12P2	unprocessed_pseudogene	0	0	0	0.0000	0.0000	0.0000
ENSG00000249231.8	CASC16	lncRNA	10	7	5	0.3454	0.0856	0.0926
ENSG00000249234.1	AC108063.1	lncRNA	1	0	1	0.1370	0.0340	0.0367
ENSG00000249235.1	AC021146.4	unprocessed_pseudogene	0	0	0	0.0000	0.0000	0.0000
ENSG00000249236.2	AC008892.1	lncRNA	4	6	5	0.1940	0.0481	0.0520
ENSG00000249237.5	AL359273.2	transcribed_unitary_pseudogene	0	0	0	0.0000	0.0000	0.0000
ENSG00000249238.1	BCL9P1	processed_pseudogene	4	0	4	0.0886	0.0220	0.0237
ENSG00000249239.2	AC095059.2	processed_pseudogene	1	1	0	0.0608	0.0151	0.0163
ENSG00000249240.2	AC069368.1	protein_coding	1	0	1	0.0444	0.0110	0.0119
ENSG00000249241.1	LINC02265	lncRNA	7	5	2	0.4148	0.1029	0.1112
ENSG00000249242.8	TMEM150C	protein_coding	2983	1510	1473	48.3746	11.9964	12.9708
ENSG00000249244.1	AC110373.1	unprocessed_pseudogene	38	13	25	0.6148	0.1525	0.1649
ENSG00000249245.2	NCOA4P3	processed_pseudogene	2	2	0	0.0604	0.0150	0.0162
ENSG00000249247.1	MTCYBP17	unprocessed_pseudogene	0	0	0	0.0000	0.0000	0.0000
ENSG00000249249.2	AC010226.1	lncRNA	149	1335	1210	1.8963	0.4703	0.5085
ENSG00000249252.5	C1QTNF7-AS1	lncRNA	6	95	89	0.3751	0.0930	0.1006
ENSG00000249253.1	AC093004.1	processed_pseudogene	0	0	0	0.0000	0.0000	0.0000
ENSG00000249255.1	PGAM1P9	processed_pseudogene	0	0	0	0.0000	0.0000	0.0000
ENSG00000249256.2	ATP5MGP3	processed_pseudogene	0	0	0	0.0000	0.0000	0.0000
ENSG00000249257.1	AC097473.1	processed_pseudogene	0	0	0	0.0000	0.0000	0.0000
ENSG00000249258.2	AC079193.2	lncRNA	1	0	1	0.0247	0.0061	0.0066
ENSG00000249259.3	AC027613.1	transcribed_processed_pseudogene	0	0	0	0.0000	0.0000	0.0000
ENSG00000249261.1	AC109464.2	lncRNA	0	0	0	0.0000	0.0000	0.0000
ENSG00000249262.2	AC112250.1	processed_pseudogene	0	0	0	0.0000	0.0000	0.0000
ENSG00000249263.2	PARP4P3	transcribed_unprocessed_pseudogene	5	3	6	0.8945	0.2218	0.2398
ENSG00000249264.1	EEF1A1P9	processed_pseudogene	162	69	93	6.6428	1.6474	1.7812
ENSG00000249266.1	MTHFD2P6	processed_pseudogene	1	1	0	0.0555	0.0138	0.0149
ENSG00000249267.7	LINC00939	lncRNA	41	24	19	0.3418	0.0848	0.0916
ENSG00000249269.2	AC093909.2	lncRNA	0	0	0	0.0000	0.0000	0.0000
ENSG00000249270.1	KATNBL1P4	processed_pseudogene	0	0	0	0.0000	0.0000	0.0000
ENSG00000249271.2	HNRNPA1P44	processed_pseudogene	2	1	1	0.1290	0.0320	0.0346
ENSG00000249272.1	UNC93B8	unprocessed_pseudogene	0	0	0	0.0000	0.0000	0.0000
ENSG00000249274.1	PDLIM1P4	processed_pseudogene	21	14	7	1.1838	0.2936	0.3174
ENSG00000249275.1	AC093817.1	lncRNA	1	0	1	0.0698	0.0173	0.0187
ENSG00000249276.1	AC104119.1	lncRNA	0	0	0	0.0000	0.0000	0.0000
ENSG00000249277.1	AC092436.2	processed_pseudogene	0	0	0	0.0000	0.0000	0.0000
ENSG00000249278.1	AC112249.1	processed_pseudogene	0	0	0	0.0000	0.0000	0.0000
ENSG00000249279.6	LINC02057	lncRNA	1	0	1	0.0381	0.0094	0.0102
ENSG00000249282.1	AC233724.6	processed_pseudogene	0	0	0	0.0000	0.0000	0.0000
ENSG00000249283.3	ACTR3BP4	processed_pseudogene	1	1	0	0.0456	0.0113	0.0122
ENSG00000249284.1	AC095050.2	processed_pseudogene	0	0	0	0.0000	0.0000	0.0000
ENSG00000249285.1	AC114981.1	processed_pseudogene	0	0	0	0.0000	0.0000	0.0000
ENSG00000249286.1	AMD1P3	processed_pseudogene	2	2	0	0.1141	0.0283	0.0306
ENSG00000249287.1	AC091874.2	processed_pseudogene	0	0	0	0.0000	0.0000	0.0000
ENSG00000249288.1	SLC25A15P5	unprocessed_pseudogene	10	3	7	2.2415	0.5559	0.6010
ENSG00000249289.1	AC010460.1	processed_pseudogene	0	0	0	0.0000	0.0000	0.0000
ENSG00000249290.5	AC010181.1	lncRNA	1	1	0	0.0536	0.0133	0.0144
ENSG00000249293.1	AC091868.2	lncRNA	1	1	0	0.1020	0.0253	0.0273
ENSG00000249295.1	AC145146.1	lncRNA	1	0	1	0.1328	0.0329	0.0356
ENSG00000249297.2	LINC02174	lncRNA	0	0	0	0.0000	0.0000	0.0000
ENSG00000249301.1	AC108120.2	processed_pseudogene	0	0	0	0.0000	0.0000	0.0000
ENSG00000249302.2	FTH1P24	processed_pseudogene	1	1	0	0.1227	0.0304	0.0329
ENSG00000249304.1	AC104779.1	lncRNA	4	2	2	0.5144	0.1276	0.1379
ENSG00000249305.1	AC048346.1	processed_pseudogene	0	0	0	0.0000	0.0000	0.0000
ENSG00000249306.6	LINC01411	lncRNA	1	1	0	0.0148	0.0037	0.0040
ENSG00000249307.7	LINC01088	lncRNA	42	25	17	0.2241	0.0556	0.0601
ENSG00000249309.1	AC020703.1	lncRNA	1	2	0	0.1088	0.0270	0.0292
ENSG00000249310.2	APOBEC3B-AS1	lncRNA	0	79	105	0.0000	0.0000	0.0000
ENSG00000249311.4	TERF1P3	processed_pseudogene	0	0	0	0.0000	0.0000	0.0000
ENSG00000249312.1	ARL2BPP4	processed_pseudogene	2	2	0	0.2408	0.0597	0.0646
ENSG00000249316.2	AF131216.2	unprocessed_pseudogene	0	0	0	0.0000	0.0000	0.0000
ENSG00000249317.2	AC002460.1	lncRNA	0	0	0	0.0000	0.0000	0.0000
ENSG00000249318.1	AC010468.1	lncRNA	0	0	0	0.0000	0.0000	0.0000
ENSG00000249319.2	AC068533.4	protein_coding	0	0	0	0.0000	0.0000	0.0000
ENSG00000249320.1	AC133963.2	processed_pseudogene	2	0	2	0.1962	0.0487	0.0526
ENSG00000249321.1	OR5H5P	unprocessed_pseudogene	0	0	0	0.0000	0.0000	0.0000
ENSG00000249326.1	CTD-2194D22.4	lncRNA	0	0	0	0.0000	0.0000	0.0000
ENSG00000249328.3	AC036214.1	lncRNA	12	4	8	0.2183	0.0541	0.0585
ENSG00000249330.3	AC095060.1	lncRNA	0	0	0	0.0000	0.0000	0.0000
ENSG00000249332.2	LINC02149	lncRNA	3	3	0	0.0963	0.0239	0.0258
ENSG00000249333.1	AC245452.3	unprocessed_pseudogene	0	0	0	0.0000	0.0000	0.0000
ENSG00000249334.1	AC084048.1	lncRNA	1	1	0	0.0886	0.0220	0.0238
ENSG00000249335.2	AC093523.1	lncRNA	1	0	1	0.0166	0.0041	0.0045
ENSG00000249337.2	SNX18P25	processed_pseudogene	0	0	0	0.0000	0.0000	0.0000
ENSG00000249338.1	HMGB1P47	processed_pseudogene	0	0	0	0.0000	0.0000	0.0000
ENSG00000249341.1	AC124017.1	lncRNA	4	3	2	0.0733	0.0182	0.0197
ENSG00000249343.3	LINC01333	lncRNA	0	0	0	0.0000	0.0000	0.0000
ENSG00000249345.8	LINC02405	lncRNA	0	0	0	0.0000	0.0000	0.0000
ENSG00000249346.7	LINC01016	lncRNA	325	217	235	3.6460	0.9042	0.9776
ENSG00000249347.1	AC073648.2	processed_pseudogene	0	0	0	0.0000	0.0000	0.0000
ENSG00000249348.1	UGDH-AS1	lncRNA	203	179	179	4.1307	1.0244	1.1076
ENSG00000249349.1	AC114928.1	lncRNA	0	0	0	0.0000	0.0000	0.0000
ENSG00000249351.2	AC096754.1	processed_pseudogene	1	1	0	0.0693	0.0172	0.0186
ENSG00000249352.4	LINC02198	lncRNA	2	2	0	0.0948	0.0235	0.0254
ENSG00000249353.2	NPM1P27	processed_pseudogene	186	93	93	12.7085	3.1516	3.4076
ENSG00000249359.3	AC093274.1	lncRNA	12	8	4	0.1134	0.0281	0.0304
ENSG00000249360.1	TOMM40P3	processed_pseudogene	0	0	0	0.0000	0.0000	0.0000
ENSG00000249362.2	LINC02488	lncRNA	0	0	0	0.0000	0.0000	0.0000
ENSG00000249363.1	AC011411.1	processed_pseudogene	4	2	2	0.2589	0.0642	0.0694
ENSG00000249364.6	AC112206.2	lncRNA	108	53	55	0.9589	0.2378	0.2571
ENSG00000249367.1	FABP5P12	processed_pseudogene	0	0	0	0.0000	0.0000	0.0000
ENSG00000249368.1	AC103851.1	processed_pseudogene	0	0	0	0.0000	0.0000	0.0000
ENSG00000249372.1	ATP6V1G1P6	processed_pseudogene	0	0	0	0.0000	0.0000	0.0000
ENSG00000249373.2	AC093879.1	lncRNA	0	0	0	0.0000	0.0000	0.0000
ENSG00000249375.8	CASC11	lncRNA	10	280	250	0.1102	0.0273	0.0295
ENSG00000249378.6	LINC01060	lncRNA	11	7	4	0.1053	0.0261	0.0282
ENSG00000249379.2	AL033397.2	lncRNA	30	425	410	1.2473	0.3093	0.3344
ENSG00000249380.1	AC138853.1	processed_pseudogene	0	0	0	0.0000	0.0000	0.0000
ENSG00000249381.1	LINC00500	lncRNA	0	0	0	0.0000	0.0000	0.0000
ENSG00000249382.3	LINC02619	lncRNA	0	0	0	0.0000	0.0000	0.0000
ENSG00000249383.2	LINC02071	lncRNA	0	0	0	0.0000	0.0000	0.0000
ENSG00000249386.1	MTCO2P9	unprocessed_pseudogene	0	0	0	0.0000	0.0000	0.0000
ENSG00000249387.1	KRTAP5-14P	processed_pseudogene	0	0	0	0.0000	0.0000	0.0000
ENSG00000249388.3	AC023794.2	lncRNA	4	8	5	0.1367	0.0339	0.0367
ENSG00000249392.1	AC096588.1	lncRNA	0	0	0	0.0000	0.0000	0.0000
ENSG00000249395.4	CASC9	lncRNA	7	3	4	0.1150	0.0285	0.0308
ENSG00000249396.2	LINC02212	lncRNA	0	0	0	0.0000	0.0000	0.0000
ENSG00000249400.1	HMGB3P17	processed_pseudogene	5	1	4	0.4369	0.1083	0.1171
ENSG00000249403.1	AC008413.2	lncRNA	0	0	0	0.0000	0.0000	0.0000
ENSG00000249404.1	AC010445.1	lncRNA	0	0	0	0.0000	0.0000	0.0000
ENSG00000249405.1	AC022441.1	lncRNA	0	0	0	0.0000	0.0000	0.0000
ENSG00000249406.3	AC015909.1	lncRNA	5	27242	26092	0.1089	0.0270	0.0292
ENSG00000249407.1	IL20RB-AS1	lncRNA	0	0	3	0.0000	0.0000	0.0000
ENSG00000249409.1	AC025741.1	lncRNA	0	0	0	0.0000	0.0000	0.0000
ENSG00000249410.1	AK4P2	processed_pseudogene	0	0	0	0.0000	0.0000	0.0000
ENSG00000249411.1	AC022325.1	processed_pseudogene	2	2	0	0.0516	0.0128	0.0138
ENSG00000249412.1	AC010285.1	lncRNA	12	12	12	1.1960	0.2966	0.3207
ENSG00000249413.2	AC116049.1	lncRNA	0	0	0	0.0000	0.0000	0.0000
ENSG00000249416.2	AC107393.1	processed_pseudogene	0	0	0	0.0000	0.0000	0.0000
ENSG00000249417.1	AC117383.1	lncRNA	1	0	1	0.1344	0.0333	0.0360
ENSG00000249418.2	AC005741.1	processed_pseudogene	0	0	0	0.0000	0.0000	0.0000
ENSG00000249419.1	AC023136.1	lncRNA	0	0	0	0.0000	0.0000	0.0000
ENSG00000249421.2	ADAMTS19-AS1	lncRNA	82	55	52	1.4032	0.3480	0.3762
ENSG00000249425.1	LINC02477	lncRNA	0	0	0	0.0000	0.0000	0.0000
ENSG00000249426.1	AC093206.1	lncRNA	2	2	0	0.2282	0.0566	0.0612
ENSG00000249429.1	AC016598.1	lncRNA	0	0	0	0.0000	0.0000	0.0000
ENSG00000249433.1	AC008628.1	processed_pseudogene	0	0	0	0.0000	0.0000	0.0000
ENSG00000249435.1	AC022137.2	processed_pseudogene	0	1	2	0.0000	0.0000	0.0000
ENSG00000249436.2	LINCR-0003	lncRNA	0	0	0	0.0000	0.0000	0.0000
ENSG00000249437.8	NAIP	protein_coding	170	87	83	0.9588	0.2378	0.2571
ENSG00000249438.2	KRT18P45	processed_pseudogene	0	0	0	0.0000	0.0000	0.0000
ENSG00000249439.1	HMGN1P14	processed_pseudogene	0	0	0	0.0000	0.0000	0.0000
ENSG00000249441.1	AC110767.1	lncRNA	0	0	0	0.0000	0.0000	0.0000
ENSG00000249443.1	AC097493.2	processed_pseudogene	0	0	0	0.0000	0.0000	0.0000
ENSG00000249444.2	AC114324.2	transcribed_unprocessed_pseudogene	0	0	0	0.0000	0.0000	0.0000
ENSG00000249446.2	TRAJ60	TR_J_pseudogene	0	0	0	0.0000	0.0000	0.0000
ENSG00000249448.1	MTCO1P24	processed_pseudogene	0	0	0	0.0000	0.0000	0.0000
ENSG00000249449.1	MRPL57P6	processed_pseudogene	0	0	0	0.0000	0.0000	0.0000
ENSG00000249451.1	AC021491.1	lncRNA	4	1	3	0.6500	0.1612	0.1743
ENSG00000249452.2	AC093878.1	processed_pseudogene	0	0	0	0.0000	0.0000	0.0000
ENSG00000249453.1	AC092834.1	lncRNA	0	0	0	0.0000	0.0000	0.0000
ENSG00000249454.1	GZMAP1	unprocessed_pseudogene	0	0	0	0.0000	0.0000	0.0000
ENSG00000249456.1	AL731577.2	lncRNA	1	1	0	0.1022	0.0253	0.0274
ENSG00000249458.1	AC092673.1	lncRNA	0	0	0	0.0000	0.0000	0.0000
ENSG00000249459.11	ZNF286B	transcribed_unprocessed_pseudogene	135	67	68	1.4880	0.3690	0.3990
ENSG00000249460.2	LINC02500	lncRNA	0	0	0	0.0000	0.0000	0.0000
ENSG00000249462.1	MLLT10P2	processed_pseudogene	0	0	0	0.0000	0.0000	0.0000
ENSG00000249463.1	AC096711.1	lncRNA	0	0	0	0.0000	0.0000	0.0000
ENSG00000249464.6	LINC01091	lncRNA	25	13	12	0.0989	0.0245	0.0265
ENSG00000249465.1	RBMXP4	processed_pseudogene	9	4	5	0.4501	0.1116	0.1207
ENSG00000249467.1	H2AL1QP	processed_pseudogene	0	0	0	0.0000	0.0000	0.0000
ENSG00000249471.8	ZNF324B	protein_coding	391	200	191	5.4953	1.3628	1.4735
ENSG00000249472.1	AC147055.2	processed_pseudogene	0	0	0	0.0000	0.0000	0.0000
ENSG00000249474.1	AC020651.1	lncRNA	0	127	125	0.0000	0.0000	0.0000
ENSG00000249476.2	AC008467.1	lncRNA	72	46	26	0.6965	0.1727	0.1868
ENSG00000249478.1	AC010307.3	lncRNA	13	8	5	0.2248	0.0558	0.0603
ENSG00000249479.1	AC096736.2	lncRNA	0	0	0	0.0000	0.0000	0.0000
ENSG00000249481.7	SPATS1	protein_coding	0	0	0	0.0000	0.0000	0.0000
ENSG00000249482.1	USP17L14P	unprocessed_pseudogene	0	0	0	0.0000	0.0000	0.0000
ENSG00000249483.1	AC026726.1	lncRNA	2	2	0	0.1887	0.0468	0.0506
ENSG00000249484.9	LINC01470	lncRNA	2	1	1	0.0253	0.0063	0.0068
ENSG00000249485.1	RBBP4P1	processed_pseudogene	31	16	15	1.3778	0.3417	0.3694
ENSG00000249486.1	AC091912.1	unprocessed_pseudogene	0	0	0	0.0000	0.0000	0.0000
ENSG00000249487.7	LINC01586	lncRNA	0	0	0	0.0000	0.0000	0.0000
ENSG00000249488.1	NACAP5	processed_pseudogene	0	0	0	0.0000	0.0000	0.0000
ENSG00000249489.1	GAPDHP70	processed_pseudogene	5	3	2	0.2713	0.0673	0.0728
ENSG00000249490.2	LINC02146	lncRNA	0	0	0	0.0000	0.0000	0.0000
ENSG00000249491.1	EGFLAM-AS1	lncRNA	0	59	68	0.0000	0.0000	0.0000
ENSG00000249492.2	AC114956.2	lncRNA	62	84	68	1.1113	0.2756	0.2980
ENSG00000249493.1	ANKRD20A18P	unprocessed_pseudogene	0	0	0	0.0000	0.0000	0.0000
ENSG00000249494.6	AC008629.1	lncRNA	16	8	9	0.1750	0.0434	0.0469
ENSG00000249495.1	AC117525.1	processed_pseudogene	0	0	0	0.0000	0.0000	0.0000
ENSG00000249497.1	LINC02075	lncRNA	0	0	0	0.0000	0.0000	0.0000
ENSG00000249500.1	LINC01179	lncRNA	0	0	0	0.0000	0.0000	0.0000
ENSG00000249501.1	USP9YP2	unprocessed_pseudogene	0	0	0	0.0000	0.0000	0.0000
ENSG00000249502.3	AC006160.1	lncRNA	23	14	9	0.6129	0.1520	0.1643
ENSG00000249503.1	HMGN1P16	processed_pseudogene	0	0	0	0.0000	0.0000	0.0000
ENSG00000249504.3	PCDHA14	transcribed_unprocessed_pseudogene	0	0	0	0.0000	0.0000	0.0000
ENSG00000249505.1	AC108673.1	processed_pseudogene	0	0	0	0.0000	0.0000	0.0000
ENSG00000249506.3	ZEB2P1	transcribed_processed_pseudogene	3	2	1	0.0878	0.0218	0.0235
ENSG00000249509.1	NEUROG2-AS1	lncRNA	0	0	0	0.0000	0.0000	0.0000
ENSG00000249510.1	AP003478.1	processed_pseudogene	0	0	0	0.0000	0.0000	0.0000
ENSG00000249513.2	AC110751.1	lncRNA	0	0	0	0.0000	0.0000	0.0000
ENSG00000249514.1	TMEM251P1	processed_pseudogene	0	0	0	0.0000	0.0000	0.0000
ENSG00000249515.1	LINC02113	lncRNA	0	0	0	0.0000	0.0000	0.0000
ENSG00000249516.1	PRELID3BP6	processed_pseudogene	0	0	0	0.0000	0.0000	0.0000
ENSG00000249518.1	AC011352.2	processed_pseudogene	0	0	0	0.0000	0.0000	0.0000
ENSG00000249519.1	LINC01438	lncRNA	0	0	0	0.0000	0.0000	0.0000
ENSG00000249520.1	AC093824.1	processed_pseudogene	0	0	0	0.0000	0.0000	0.0000
ENSG00000249521.1	LINC02114	lncRNA	0	0	0	0.0000	0.0000	0.0000
ENSG00000249522.1	AC147876.1	processed_pseudogene	0	0	0	0.0000	0.0000	0.0000
ENSG00000249525.1	AC034159.1	processed_pseudogene	0	0	0	0.0000	0.0000	0.0000
ENSG00000249526.1	AC008667.1	lncRNA	0	0	0	0.0000	0.0000	0.0000
ENSG00000249531.2	AC098799.2	processed_pseudogene	0	0	0	0.0000	0.0000	0.0000
ENSG00000249532.5	MIR302CHG	lncRNA	4	502	471	0.3053	0.0757	0.0819
ENSG00000249534.2	LINC01258	lncRNA	0	0	0	0.0000	0.0000	0.0000
ENSG00000249539.1	MRPS36P2	processed_pseudogene	0	0	0	0.0000	0.0000	0.0000
ENSG00000249540.1	AC117383.2	processed_pseudogene	0	1	1	0.0000	0.0000	0.0000
ENSG00000249541.1	AC116359.1	processed_pseudogene	0	0	0	0.0000	0.0000	0.0000
ENSG00000249542.2	EEF1A1P21	processed_pseudogene	0	0	0	0.0000	0.0000	0.0000
ENSG00000249545.1	MCTP1-AS1	lncRNA	0	0	0	0.0000	0.0000	0.0000
ENSG00000249547.1	AC092440.1	lncRNA	0	0	0	0.0000	0.0000	0.0000
ENSG00000249550.7	LINC01234	lncRNA	3	2	1	0.0141	0.0035	0.0038
ENSG00000249551.1	LINC02216	lncRNA	0	0	0	0.0000	0.0000	0.0000
ENSG00000249553.1	PPP2R2B-IT1	lncRNA	0	0	0	0.0000	0.0000	0.0000
ENSG00000249555.2	TMEM248P1	processed_pseudogene	0	0	0	0.0000	0.0000	0.0000
ENSG00000249557.2	HSPD1P15	processed_pseudogene	0	0	0	0.0000	0.0000	0.0000
ENSG00000249558.1	RCC2P4	processed_pseudogene	2	1	1	0.1088	0.0270	0.0292
ENSG00000249562.1	AC091885.1	processed_pseudogene	0	0	0	0.0000	0.0000	0.0000
ENSG00000249563.1	AC098976.1	unprocessed_pseudogene	0	0	0	0.0000	0.0000	0.0000
ENSG00000249564.1	AC097510.1	processed_pseudogene	0	0	0	0.0000	0.0000	0.0000
ENSG00000249565.2	SERBP1P5	processed_pseudogene	6	4	2	0.2881	0.0714	0.0773
ENSG00000249568.1	AC104793.1	lncRNA	0	0	0	0.0000	0.0000	0.0000
ENSG00000249572.1	AC034231.1	lncRNA	106	57	51	11.1941	2.7760	3.0015
ENSG00000249574.1	AC226118.1	lncRNA	2	1	1	0.0529	0.0131	0.0142
ENSG00000249577.1	AC010424.1	processed_pseudogene	58	28	30	11.0747	2.7464	2.9695
ENSG00000249579.2	AC113420.1	processed_pseudogene	0	0	0	0.0000	0.0000	0.0000
ENSG00000249580.1	MTATP6P22	unprocessed_pseudogene	0	0	0	0.0000	0.0000	0.0000
ENSG00000249581.2	CLRN2	protein_coding	0	0	0	0.0000	0.0000	0.0000
ENSG00000249582.1	RPL7L1P4	processed_pseudogene	0	0	0	0.0000	0.0000	0.0000
ENSG00000249584.1	LINC02225	lncRNA	1	1	0	0.0139	0.0035	0.0037
ENSG00000249588.1	AC010280.3	lncRNA	0	0	0	0.0000	0.0000	0.0000
ENSG00000249590.7	AC004832.3	protein_coding	0	0	0	0.0000	0.0000	0.0000
ENSG00000249592.6	AC139887.2	lncRNA	152	565	541	1.8454	0.4576	0.4948
ENSG00000249593.6	AC011405.1	lncRNA	9	699	686	0.2144	0.0532	0.0575
ENSG00000249599.2	BMPR1B-DT	lncRNA	155	80	75	11.1126	2.7558	2.9797
ENSG00000249600.1	AC106806.2	processed_pseudogene	0	0	0	0.0000	0.0000	0.0000
ENSG00000249601.2	LINC01187	lncRNA	2	1	1	0.0490	0.0122	0.0131
ENSG00000249602.1	AL589765.4	lncRNA	14	10	13	2.0784	0.5154	0.5573
ENSG00000249604.1	AC096564.1	lncRNA	3	2	1	0.0541	0.0134	0.0145
ENSG00000249605.1	AC008652.1	lncRNA	0	0	0	0.0000	0.0000	0.0000
ENSG00000249606.1	TRAPPC2P7	unprocessed_pseudogene	0	0	0	0.0000	0.0000	0.0000
ENSG00000249607.1	AC108103.1	processed_pseudogene	0	0	0	0.0000	0.0000	0.0000
ENSG00000249609.1	AC080188.1	lncRNA	1	1	0	0.1027	0.0255	0.0275
ENSG00000249610.1	ZNF474-AS1	lncRNA	6	6	0	0.7950	0.1972	0.2132
ENSG00000249613.2	LINC02173	lncRNA	0	0	0	0.0000	0.0000	0.0000
ENSG00000249614.2	LINC02503	lncRNA	0	0	0	0.0000	0.0000	0.0000
ENSG00000249616.1	CCNB3P1	processed_pseudogene	0	0	0	0.0000	0.0000	0.0000
ENSG00000249617.1	AC106872.6	processed_pseudogene	2	0	2	0.3635	0.0902	0.0975
ENSG00000249618.6	LINC02465	lncRNA	1	0	1	0.0089	0.0022	0.0024
ENSG00000249619.1	HMGN1P13	processed_pseudogene	4	4	4	1.6438	0.4076	0.4407
ENSG00000249620.1	H3P18	processed_pseudogene	0	0	0	0.0000	0.0000	0.0000
ENSG00000249621.1	AC113349.1	lncRNA	0	0	0	0.0000	0.0000	0.0000
ENSG00000249623.1	PALLD-AS1	lncRNA	0	0	0	0.0000	0.0000	0.0000
ENSG00000249624.9	AP000295.1	protein_coding	0	0	0	0.0000	0.0000	0.0000
ENSG00000249626.1	AC024560.2	processed_pseudogene	14	5	9	0.5304	0.1315	0.1422
ENSG00000249627.1	AC017037.1	processed_pseudogene	0	0	0	0.0000	0.0000	0.0000
ENSG00000249628.3	LINC00942	lncRNA	5	2	3	0.1283	0.0318	0.0344
ENSG00000249631.6	AC005699.1	lncRNA	0	0	0	0.0000	0.0000	0.0000
ENSG00000249633.1	OR52V1P	unprocessed_pseudogene	0	0	0	0.0000	0.0000	0.0000
ENSG00000249634.1	USP9YP5	unprocessed_pseudogene	0	0	0	0.0000	0.0000	0.0000
ENSG00000249635.1	AC109361.1	lncRNA	3	5	2	0.0483	0.0120	0.0129
ENSG00000249637.2	AC008438.1	lncRNA	32	18	16	1.8424	0.4569	0.4940
ENSG00000249638.1	AC027343.1	lncRNA	0	0	0	0.0000	0.0000	0.0000
ENSG00000249639.1	AC022092.1	lncRNA	1	0	1	0.1125	0.0279	0.0302
ENSG00000249641.2	HOXC13-AS	lncRNA	62	56	56	2.4972	0.6193	0.6696
ENSG00000249642.2	AC097521.1	lncRNA	0	0	0	0.0000	0.0000	0.0000
ENSG00000249646.2	OR7E94P	transcribed_unprocessed_pseudogene	0	0	0	0.0000	0.0000	0.0000
ENSG00000249647.2	C5orf66-AS2	lncRNA	2	2	0	0.0463	0.0115	0.0124
ENSG00000249649.1	MRPS33P2	processed_pseudogene	1	1	0	0.1761	0.0437	0.0472
ENSG00000249650.1	AC106772.1	lncRNA	0	0	0	0.0000	0.0000	0.0000
ENSG00000249654.1	VN1R104P	transcribed_unprocessed_pseudogene	0	0	0	0.0000	0.0000	0.0000
ENSG00000249655.1	AC008434.1	lncRNA	4	4	0	0.4132	0.1025	0.1108
ENSG00000249658.1	AC005823.1	lncRNA	1	1	0	0.0969	0.0240	0.0260
ENSG00000249661.1	TNRC18P1	processed_pseudogene	57	31	26	0.8856	0.2196	0.2375
ENSG00000249662.6	LINC02218	protein_coding	0	0	0	0.0000	0.0000	0.0000
ENSG00000249664.1	AC027338.1	lncRNA	12	4	8	0.8249	0.2046	0.2212
ENSG00000249667.1	LINC01259	lncRNA	0	0	0	0.0000	0.0000	0.0000
ENSG00000249668.1	KRT18P56	processed_pseudogene	0	0	0	0.0000	0.0000	0.0000
ENSG00000249669.10	CARMN	lncRNA	409	213	218	1.2883	0.3195	0.3454
ENSG00000249673.7	NOP14-AS1	lncRNA	990	1393	1335	6.8777	1.7056	1.8441
ENSG00000249675.1	AC097487.1	lncRNA	0	0	0	0.0000	0.0000	0.0000
ENSG00000249678.1	AC097716.1	lncRNA	0	0	0	0.0000	0.0000	0.0000
ENSG00000249679.2	AC106897.1	lncRNA	18	386	359	0.1829	0.0454	0.0491
ENSG00000249680.2	TUBA3GP	unprocessed_pseudogene	0	0	0	0.0000	0.0000	0.0000
ENSG00000249681.2	KRT19P3	processed_pseudogene	0	0	0	0.0000	0.0000	0.0000
ENSG00000249684.6	AC106795.2	lncRNA	260	124	136	4.1995	1.0414	1.1260
ENSG00000249685.1	AC079921.2	lncRNA	32	12	20	3.9884	0.9891	1.0694
ENSG00000249686.1	AC108078.2	unprocessed_pseudogene	0	0	0	0.0000	0.0000	0.0000
ENSG00000249688.1	AC022447.6	lncRNA	0	0	0	0.0000	0.0000	0.0000
ENSG00000249689.1	AC138517.1	processed_pseudogene	0	0	0	0.0000	0.0000	0.0000
ENSG00000249690.1	AC110813.1	lncRNA	0	0	0	0.0000	0.0000	0.0000
ENSG00000249691.1	AC026117.1	processed_pseudogene	0	0	0	0.0000	0.0000	0.0000
ENSG00000249692.1	AC009567.2	processed_pseudogene	0	0	0	0.0000	0.0000	0.0000
ENSG00000249693.3	THEGL	protein_coding	3	3	0	0.0947	0.0235	0.0254
ENSG00000249695.6	AC026369.1	lncRNA	2	6	8	0.0209	0.0052	0.0056
ENSG00000249697.1	AC034245.1	lncRNA	0	0	0	0.0000	0.0000	0.0000
ENSG00000249698.1	MTCO3P9	unprocessed_pseudogene	0	0	0	0.0000	0.0000	0.0000
ENSG00000249699.1	LINC02261	lncRNA	0	0	0	0.0000	0.0000	0.0000
ENSG00000249700.9	SRD5A3-AS1	lncRNA	63	464	518	0.6940	0.1721	0.1861
ENSG00000249706.1	AC105384.1	lncRNA	3	1	2	0.2037	0.0505	0.0546
ENSG00000249708.1	AC112242.1	lncRNA	0	0	0	0.0000	0.0000	0.0000
ENSG00000249709.8	ZNF564	protein_coding	21	14	7	0.3291	0.0816	0.0882
ENSG00000249710.1	AP001961.1	lncRNA	0	0	0	0.0000	0.0000	0.0000
ENSG00000249713.1	AC026725.1	lncRNA	1	0	1	0.0357	0.0089	0.0096
ENSG00000249715.12	FER1L5	protein_coding	25	15	10	0.1353	0.0336	0.0363
ENSG00000249717.1	PARM1-AS1	lncRNA	0	0	0	0.0000	0.0000	0.0000
ENSG00000249721.1	AC112206.3	processed_pseudogene	0	0	0	0.0000	0.0000	0.0000
ENSG00000249722.1	AC025752.1	lncRNA	0	0	0	0.0000	0.0000	0.0000
ENSG00000249725.1	AC079942.1	lncRNA	0	0	0	0.0000	0.0000	0.0000
ENSG00000249726.1	TUBB1P1	unprocessed_pseudogene	0	0	0	0.0000	0.0000	0.0000
ENSG00000249727.2	AC097494.1	lncRNA	0	0	0	0.0000	0.0000	0.0000
ENSG00000249729.2	AC093755.1	processed_pseudogene	0	0	0	0.0000	0.0000	0.0000
ENSG00000249730.1	OR10J4	polymorphic_pseudogene	0	0	0	0.0000	0.0000	0.0000
ENSG00000249731.1	AC126768.2	lncRNA	0	0	0	0.0000	0.0000	0.0000
ENSG00000249735.1	AC021146.5	unprocessed_pseudogene	0	0	0	0.0000	0.0000	0.0000
ENSG00000249736.1	LINC02242	lncRNA	0	0	0	0.0000	0.0000	0.0000
ENSG00000249737.1	AC020980.1	lncRNA	0	0	0	0.0000	0.0000	0.0000
ENSG00000249738.10	AC008691.1	lncRNA	1	1	0	0.0042	0.0010	0.0011
ENSG00000249740.3	OSMR-AS1	lncRNA	64	32	34	0.7462	0.1850	0.2001
ENSG00000249741.2	AC093890.1	processed_pseudogene	1	1	0	0.1050	0.0260	0.0282
ENSG00000249742.2	AC110772.1	lncRNA	0	0	0	0.0000	0.0000	0.0000
ENSG00000249743.6	AC116345.1	lncRNA	0	0	0	0.0000	0.0000	0.0000
ENSG00000249744.1	AC010374.2	processed_pseudogene	0	0	0	0.0000	0.0000	0.0000
ENSG00000249745.1	HMGB1P28	processed_pseudogene	0	0	0	0.0000	0.0000	0.0000
ENSG00000249746.1	AC099509.1	lncRNA	1	0	1	0.0870	0.0216	0.0233
ENSG00000249747.1	LINC02374	lncRNA	0	0	0	0.0000	0.0000	0.0000
ENSG00000249748.1	AC112204.2	lncRNA	0	0	0	0.0000	0.0000	0.0000
ENSG00000249751.4	ECSCR	protein_coding	28	15	13	1.5401	0.3819	0.4130
ENSG00000249752.1	AC108156.1	lncRNA	7	1	6	0.8253	0.2047	0.2213
ENSG00000249753.2	AC084357.2	lncRNA	4	1	3	0.8249	0.2046	0.2212
ENSG00000249754.2	NDUFB4P9	processed_pseudogene	0	0	0	0.0000	0.0000	0.0000
ENSG00000249755.2	AC083829.1	processed_pseudogene	8	3	5	0.6905	0.1712	0.1852
ENSG00000249761.1	AC074133.1	processed_pseudogene	0	0	0	0.0000	0.0000	0.0000
ENSG00000249763.1	AC114786.1	processed_pseudogene	0	0	0	0.0000	0.0000	0.0000
ENSG00000249764.1	AC114811.1	processed_pseudogene	0	0	0	0.0000	0.0000	0.0000
ENSG00000249766.1	AC097535.2	processed_pseudogene	0	0	0	0.0000	0.0000	0.0000
ENSG00000249767.1	ENPP7P10	unprocessed_pseudogene	1	0	3	0.0608	0.0151	0.0163
ENSG00000249768.2	HSPE1P10	processed_pseudogene	0	0	0	0.0000	0.0000	0.0000
ENSG00000249770.1	MTND6P17	unprocessed_pseudogene	0	0	0	0.0000	0.0000	0.0000
ENSG00000249771.2	AC108210.1	lncRNA	3	2	1	0.1004	0.0249	0.0269
ENSG00000249772.1	AC026427.1	lncRNA	0	54	76	0.0000	0.0000	0.0000
ENSG00000249773.3	AC092647.5	protein_coding	0	0	0	0.0000	0.0000	0.0000
ENSG00000249774.1	AC025458.1	processed_pseudogene	1	1	0	0.3416	0.0847	0.0916
ENSG00000249776.5	AC124854.1	lncRNA	0	0	0	0.0000	0.0000	0.0000
ENSG00000249777.1	SAP18P1	processed_pseudogene	0	0	0	0.0000	0.0000	0.0000
ENSG00000249778.1	TRMT112P2	processed_pseudogene	0	0	0	0.0000	0.0000	0.0000
ENSG00000249779.1	AC106800.1	processed_pseudogene	2	2	0	0.1028	0.0255	0.0276
ENSG00000249780.1	AC093809.1	processed_pseudogene	2	1	1	0.3336	0.0827	0.0894
ENSG00000249781.7	LINC02112	lncRNA	4	2	2	0.0868	0.0215	0.0233
ENSG00000249782.2	AC091953.1	lncRNA	0	0	0	0.0000	0.0000	0.0000
ENSG00000249784.1	SCARNA22	scaRNA	0	0	0	0.0000	0.0000	0.0000
ENSG00000249785.3	LINC02103	lncRNA	0	0	0	0.0000	0.0000	0.0000
ENSG00000249786.7	EAF1-AS1	lncRNA	5	688	798	0.0656	0.0163	0.0176
ENSG00000249787.2	AC113385.1	lncRNA	1	1	0	0.0256	0.0063	0.0069
ENSG00000249790.3	AC092490.1	lncRNA	12	3	9	0.2981	0.0739	0.0799
ENSG00000249791.1	AC008494.2	lncRNA	6	1	5	0.9196	0.2281	0.2466
ENSG00000249792.1	AC117522.2	lncRNA	3	1	2	0.2589	0.0642	0.0694
ENSG00000249795.1	AC097462.2	processed_pseudogene	0	0	0	0.0000	0.0000	0.0000
ENSG00000249797.2	LINC02147	lncRNA	1	0	1	0.0324	0.0080	0.0087
ENSG00000249798.1	HSD3BP3	unprocessed_pseudogene	2	2	0	0.1141	0.0283	0.0306
ENSG00000249799.1	SNRPCP13	processed_pseudogene	0	0	0	0.0000	0.0000	0.0000
ENSG00000249803.6	AC112178.1	lncRNA	0	0	0	0.0000	0.0000	0.0000
ENSG00000249806.1	AC139720.1	lncRNA	0	1	2	0.0000	0.0000	0.0000
ENSG00000249807.1	AC034229.1	lncRNA	0	0	0	0.0000	0.0000	0.0000
ENSG00000249808.3	LINC01377	lncRNA	0	0	0	0.0000	0.0000	0.0000
ENSG00000249811.3	USP17L21	protein_coding	0	0	0	0.0000	0.0000	0.0000
ENSG00000249815.1	AC004704.1	lncRNA	0	0	0	0.0000	0.0000	0.0000
ENSG00000249816.7	LINC00964	lncRNA	1	1	3	0.0047	0.0012	0.0013
ENSG00000249818.2	AC097375.2	lncRNA	0	0	0	0.0000	0.0000	0.0000
ENSG00000249819.1	AC112240.1	processed_pseudogene	0	0	0	0.0000	0.0000	0.0000
ENSG00000249820.1	AC055753.1	processed_pseudogene	0	0	0	0.0000	0.0000	0.0000
ENSG00000249825.6	THBS4-AS1	lncRNA	48	92	108	0.5096	0.1264	0.1366
ENSG00000249828.2	AC118282.3	processed_pseudogene	0	0	0	0.0000	0.0000	0.0000
ENSG00000249829.2	AC016559.2	processed_pseudogene	0	0	0	0.0000	0.0000	0.0000
ENSG00000249830.1	LINC02162	lncRNA	0	0	0	0.0000	0.0000	0.0000
ENSG00000249831.2	AC093725.1	lncRNA	0	0	0	0.0000	0.0000	0.0000
ENSG00000249833.7	CCDC37-DT	lncRNA	0	0	0	0.0000	0.0000	0.0000
ENSG00000249834.3	PGBD4P3	processed_pseudogene	0	2	8	0.0000	0.0000	0.0000
ENSG00000249835.2	VCAN-AS1	lncRNA	9	6359	6493	0.5820	0.1443	0.1560
ENSG00000249837.1	AC121154.1	lncRNA	1	0	1	0.1319	0.0327	0.0354
ENSG00000249838.1	SUMO2P7	processed_pseudogene	0	0	0	0.0000	0.0000	0.0000
ENSG00000249839.1	AC011330.1	unprocessed_pseudogene	6	2	4	0.1052	0.0261	0.0282
ENSG00000249840.2	GAPDHP76	unprocessed_pseudogene	1	1	0	0.0581	0.0144	0.0156
ENSG00000249842.1	AC010486.3	lncRNA	1	0	1	0.0722	0.0179	0.0194
ENSG00000249843.1	AC112198.3	processed_pseudogene	0	0	0	0.0000	0.0000	0.0000
ENSG00000249844.1	OR7E43P	unprocessed_pseudogene	0	0	0	0.0000	0.0000	0.0000
ENSG00000249846.7	LINC02021	lncRNA	107	59	49	1.4972	0.3713	0.4014
ENSG00000249847.1	AC104619.2	lncRNA	0	0	0	0.0000	0.0000	0.0000
ENSG00000249848.1	AC112673.1	processed_pseudogene	0	0	0	0.0000	0.0000	0.0000
ENSG00000249849.1	AC138819.1	lncRNA	0	0	0	0.0000	0.0000	0.0000
ENSG00000249850.1	KRT18P31	processed_pseudogene	4	3	1	0.1756	0.0435	0.0471
ENSG00000249851.1	RPS27AP18	processed_pseudogene	0	0	0	0.0000	0.0000	0.0000
ENSG00000249852.1	AC145676.1	TEC	32	21	11	0.9055	0.2246	0.2428
ENSG00000249853.8	HS3ST5	protein_coding	481	248	233	6.6466	1.6483	1.7822
ENSG00000249854.3	CDH18-AS1	lncRNA	0	0	0	0.0000	0.0000	0.0000
ENSG00000249855.1	EEF1A1P19	processed_pseudogene	79	45	34	3.2417	0.8039	0.8692
ENSG00000249856.1	AC116337.3	lncRNA	9	4	5	0.6033	0.1496	0.1618
ENSG00000249857.1	AC027338.2	lncRNA	1	1	0	0.1078	0.0267	0.0289
ENSG00000249858.2	SNX5P1	processed_pseudogene	0	0	0	0.0000	0.0000	0.0000
ENSG00000249859.12	PVT1	lncRNA	1505	872	842	3.4198	0.8481	0.9170
ENSG00000249860.4	MTRNR2L5	protein_coding	0	0	0	0.0000	0.0000	0.0000
ENSG00000249861.4	LGALS16	protein_coding	0	0	0	0.0000	0.0000	0.0000
ENSG00000249863.2	AC021106.1	processed_pseudogene	45	23	22	2.4120	0.5982	0.6468
ENSG00000249865.1	AC027343.2	lncRNA	0	0	0	0.0000	0.0000	0.0000
ENSG00000249866.1	OR7E83P	unprocessed_pseudogene	0	0	0	0.0000	0.0000	0.0000
ENSG00000249867.6	LINC02742	lncRNA	1	1	0	0.0200	0.0050	0.0054
ENSG00000249868.5	AC136777.1	lncRNA	0	0	0	0.0000	0.0000	0.0000
ENSG00000249869.1	AC083906.2	processed_pseudogene	0	0	0	0.0000	0.0000	0.0000
ENSG00000249870.1	AC005920.2	lncRNA	0	0	1	0.0000	0.0000	0.0000
ENSG00000249873.7	LINC02372	lncRNA	0	0	0	0.0000	0.0000	0.0000
ENSG00000249875.1	AC116616.1	lncRNA	0	0	0	0.0000	0.0000	0.0000
ENSG00000249876.1	AC010285.2	processed_pseudogene	1	0	1	0.0839	0.0208	0.0225
ENSG00000249877.1	AC105924.1	lncRNA	0	0	0	0.0000	0.0000	0.0000
ENSG00000249878.1	AC026434.1	processed_pseudogene	0	0	0	0.0000	0.0000	0.0000
ENSG00000249881.1	AC008696.2	lncRNA	0	0	0	0.0000	0.0000	0.0000
ENSG00000249882.2	LINC02501	lncRNA	0	0	0	0.0000	0.0000	0.0000
ENSG00000249883.1	AC104803.1	lncRNA	0	0	0	0.0000	0.0000	0.0000
ENSG00000249884.8	RNF103-CHMP3	protein_coding	4	2	2	0.1509	0.0374	0.0405
ENSG00000249885.1	ARHGEF38-IT1	lncRNA	4	3	1	0.4975	0.1234	0.1334
ENSG00000249887.1	AC108210.2	processed_pseudogene	0	0	0	0.0000	0.0000	0.0000
ENSG00000249888.1	AC106800.2	processed_pseudogene	0	0	0	0.0000	0.0000	0.0000
ENSG00000249889.1	ALG1L11P	unprocessed_pseudogene	1	2	1	0.1260	0.0313	0.0338
ENSG00000249890.1	AC107401.1	unprocessed_pseudogene	0	0	0	0.0000	0.0000	0.0000
ENSG00000249891.2	KRT19P6	processed_pseudogene	0	0	0	0.0000	0.0000	0.0000
ENSG00000249892.1	AC093857.1	lncRNA	0	0	0	0.0000	0.0000	0.0000
ENSG00000249893.1	MTND6P16	unprocessed_pseudogene	0	0	0	0.0000	0.0000	0.0000
ENSG00000249894.1	AC024581.1	lncRNA	0	0	0	0.0000	0.0000	0.0000
ENSG00000249896.2	LINC02495	transcribed_unprocessed_pseudogene	0	1	1	0.0000	0.0000	0.0000
ENSG00000249898.8	MCPH1-AS1	lncRNA	62	47	54	0.3259	0.0808	0.0874
ENSG00000249899.6	AC025180.1	lncRNA	6	227	186	0.1404	0.0348	0.0376
ENSG00000249901.1	AC121161.2	lncRNA	0	0	0	0.0000	0.0000	0.0000
ENSG00000249904.1	AC010587.1	processed_pseudogene	0	0	0	0.0000	0.0000	0.0000
ENSG00000249906.1	AC006487.1	lncRNA	1	1	1	0.0464	0.0115	0.0125
ENSG00000249908.2	BRD9P2	transcribed_unprocessed_pseudogene	0	0	0	0.0000	0.0000	0.0000
ENSG00000249909.1	CYCTP	unitary_pseudogene	0	0	0	0.0000	0.0000	0.0000
ENSG00000249910.3	TRIM51CP	unprocessed_pseudogene	0	0	0	0.0000	0.0000	0.0000
ENSG00000249912.1	TRBV26	TR_V_pseudogene	0	0	0	0.0000	0.0000	0.0000
ENSG00000249915.8	PDCD6	protein_coding	437	204	233	2.6665	0.6613	0.7150
ENSG00000249916.1	AC119150.1	lncRNA	0	0	0	0.0000	0.0000	0.0000
ENSG00000249917.3	LINC00536	lncRNA	157	75	82	2.5629	0.6356	0.6872
ENSG00000249919.1	FABP5P6	processed_pseudogene	0	0	0	0.0000	0.0000	0.0000
ENSG00000249920.2	HNRNPA1P55	processed_pseudogene	0	0	0	0.0000	0.0000	0.0000
ENSG00000249921.2	AC034207.1	processed_pseudogene	1	0	1	0.0598	0.0148	0.0160
ENSG00000249923.1	AC007663.2	lncRNA	0	0	0	0.0000	0.0000	0.0000
ENSG00000249924.2	AC097467.1	lncRNA	0	0	0	0.0000	0.0000	0.0000
ENSG00000249926.2	AC117500.1	lncRNA	0	0	0	0.0000	0.0000	0.0000
ENSG00000249927.1	AC025768.1	processed_pseudogene	0	0	0	0.0000	0.0000	0.0000
ENSG00000249928.2	UQCRBP3	processed_pseudogene	0	0	0	0.0000	0.0000	0.0000
ENSG00000249930.1	AC007016.1	processed_pseudogene	1	0	1	0.2324	0.0576	0.0623
ENSG00000249931.4	GOLGA8K	protein_coding	9	3	6	0.1580	0.0392	0.0424
ENSG00000249934.2	NCOA4P2	processed_pseudogene	2	2	0	0.0626	0.0155	0.0168
ENSG00000249936.3	RAC1P2	processed_pseudogene	39	18	21	3.8198	0.9473	1.0242
ENSG00000249937.8	LINC02223	lncRNA	7	4	3	0.0494	0.0123	0.0133
ENSG00000249941.1	AC026415.1	lncRNA	0	0	0	0.0000	0.0000	0.0000
ENSG00000249942.1	AC239584.1	lncRNA	0	0	0	0.0000	0.0000	0.0000
ENSG00000249943.1	AC097486.1	processed_pseudogene	0	0	0	0.0000	0.0000	0.0000
ENSG00000249944.1	AC008628.2	processed_pseudogene	0	0	0	0.0000	0.0000	0.0000
ENSG00000249945.2	AC131094.1	lncRNA	0	0	0	0.0000	0.0000	0.0000
ENSG00000249947.2	XBP1P1	processed_pseudogene	22	11	13	1.9135	0.4745	0.5131
ENSG00000249948.6	GBA3	polymorphic_pseudogene	0	0	0	0.0000	0.0000	0.0000
ENSG00000249950.1	AC010587.2	processed_pseudogene	0	0	0	0.0000	0.0000	0.0000
ENSG00000249951.1	AC108067.1	lncRNA	0	0	0	0.0000	0.0000	0.0000
ENSG00000249955.2	AC084866.1	lncRNA	0	29	26	0.0000	0.0000	0.0000
ENSG00000249956.4	UGT2B24P	processed_pseudogene	0	0	0	0.0000	0.0000	0.0000
ENSG00000249958.1	CCT7P2	processed_pseudogene	0	0	0	0.0000	0.0000	0.0000
ENSG00000249959.6	AC024587.2	lncRNA	0	0	0	0.0000	0.0000	0.0000
ENSG00000249960.2	AC067942.3	processed_pseudogene	0	0	0	0.0000	0.0000	0.0000
ENSG00000249961.10	TERB1	protein_coding	1	1	0	0.0165	0.0041	0.0044
ENSG00000249962.1	AL157400.5	processed_pseudogene	0	0	0	0.0000	0.0000	0.0000
ENSG00000249963.1	EEF1A1P20	processed_pseudogene	0	0	0	0.0000	0.0000	0.0000
ENSG00000249965.2	CDC42P4	processed_pseudogene	3	1	2	0.3022	0.0749	0.0810
ENSG00000249966.1	AC025183.1	lncRNA	0	0	0	0.0000	0.0000	0.0000
ENSG00000249967.1	AL355315.1	protein_coding	0	0	0	0.0000	0.0000	0.0000
ENSG00000249970.1	AC074250.1	processed_pseudogene	0	0	0	0.0000	0.0000	0.0000
ENSG00000249971.1	AC104116.1	lncRNA	0	425	458	0.0000	0.0000	0.0000
ENSG00000249973.2	CHCHD2P7	processed_pseudogene	0	0	0	0.0000	0.0000	0.0000
ENSG00000249975.1	OR5H3P	unprocessed_pseudogene	0	0	0	0.0000	0.0000	0.0000
ENSG00000249976.2	AC108157.1	processed_pseudogene	0	0	0	0.0000	0.0000	0.0000
ENSG00000249977.1	AC106748.1	processed_pseudogene	1	0	1	0.1477	0.0366	0.0396
ENSG00000249978.1	TRGV7	TR_V_pseudogene	22	13	9	3.5343	0.8765	0.9477
ENSG00000249981.1	AC145141.1	lncRNA	0	0	0	0.0000	0.0000	0.0000
ENSG00000249982.1	AC005823.2	lncRNA	0	0	0	0.0000	0.0000	0.0000
ENSG00000249984.1	AC026780.2	lncRNA	0	0	0	0.0000	0.0000	0.0000
ENSG00000249985.1	AC021146.6	unprocessed_pseudogene	0	0	0	0.0000	0.0000	0.0000
ENSG00000249986.1	YWHAQP6	processed_pseudogene	2	1	1	0.3731	0.0925	0.1000
ENSG00000249987.1	RPS4XP20	processed_pseudogene	0	0	0	0.0000	0.0000	0.0000
ENSG00000249988.1	AC092546.1	lncRNA	2	1	1	0.1748	0.0433	0.0469
ENSG00000249990.1	MTCO2P24	processed_pseudogene	0	0	0	0.0000	0.0000	0.0000
ENSG00000249992.2	TMEM158	protein_coding	1784	886	898	55.5272	13.7702	14.8887
ENSG00000249993.1	BFSP2-AS1	lncRNA	24	12	12	1.5224	0.3775	0.4082
ENSG00000249994.1	AC025187.1	lncRNA	1	0	1	0.0827	0.0205	0.0222
ENSG00000249995.1	ECM1P2	processed_pseudogene	1	0	1	0.0360	0.0089	0.0096
ENSG00000249996.1	PPIC-AS1	lncRNA	6	162	189	0.6065	0.1504	0.1626
ENSG00000249997.1	MTCO3P7	unprocessed_pseudogene	0	0	0	0.0000	0.0000	0.0000
ENSG00000249998.1	AC106894.1	lncRNA	0	0	0	0.0000	0.0000	0.0000
ENSG00000250001.1	AC027335.1	lncRNA	1	1	0	0.1044	0.0259	0.0280
ENSG00000250006.2	AC008638.2	processed_pseudogene	0	0	0	0.0000	0.0000	0.0000
ENSG00000250007.7	AC087457.1	lncRNA	2	0	4	0.0241	0.0060	0.0064
ENSG00000250011.1	HMGB1P3	processed_pseudogene	0	0	0	0.0000	0.0000	0.0000
ENSG00000250012.2	AC079848.1	lncRNA	72	41	31	2.4657	0.6115	0.6611
ENSG00000250013.1	ZP3P1	processed_pseudogene	0	0	0	0.0000	0.0000	0.0000
ENSG00000250015.1	AC018752.1	lncRNA	21	8	14	5.7811	1.4337	1.5501
ENSG00000250016.2	SNX18P23	processed_pseudogene	0	0	0	0.0000	0.0000	0.0000
ENSG00000250017.1	AC117529.1	processed_pseudogene	0	0	0	0.0000	0.0000	0.0000
ENSG00000250020.1	AC113430.1	processed_pseudogene	0	0	0	0.0000	0.0000	0.0000
ENSG00000250021.7	ARPIN-AP3S2	protein_coding	0	0	0	0.0000	0.0000	0.0000
ENSG00000250024.1	AC122138.1	lncRNA	0	0	0	0.0000	0.0000	0.0000
ENSG00000250025.2	AC011396.2	lncRNA	0	0	0	0.0000	0.0000	0.0000
ENSG00000250026.5	TMPRSS11BNL	transcribed_unprocessed_pseudogene	0	0	0	0.0000	0.0000	0.0000
ENSG00000250027.1	AC022272.1	lncRNA	13	8	5	0.9488	0.2353	0.2544
ENSG00000250030.2	AC104806.1	processed_pseudogene	3	0	3	0.5524	0.1370	0.1481
ENSG00000250031.1	AC009927.1	processed_pseudogene	8	6	2	0.2550	0.0632	0.0684
ENSG00000250032.1	AC008869.1	lncRNA	0	0	0	0.0000	0.0000	0.0000
ENSG00000250033.5	SLC7A11-AS1	lncRNA	13	55	46	0.1197	0.0297	0.0321
ENSG00000250034.1	AC131956.1	lncRNA	0	0	0	0.0000	0.0000	0.0000
ENSG00000250036.1	IGKV1D-37	IG_V_gene	0	0	1	0.0000	0.0000	0.0000
ENSG00000250037.1	AC091965.2	unprocessed_pseudogene	0	0	0	0.0000	0.0000	0.0000
ENSG00000250038.7	AC093791.1	lncRNA	0	0	0	0.0000	0.0000	0.0000
ENSG00000250039.4	AC096719.1	lncRNA	1	0	1	0.0129	0.0032	0.0035
ENSG00000250040.2	RAF1P1	processed_pseudogene	0	0	0	0.0000	0.0000	0.0000
ENSG00000250041.3	AC069360.1	lncRNA	7	2	6	0.1783	0.0442	0.0478
ENSG00000250042.1	LINC02514	lncRNA	0	0	0	0.0000	0.0000	0.0000
ENSG00000250043.1	AC106895.1	lncRNA	0	0	0	0.0000	0.0000	0.0000
ENSG00000250045.2	CBX3P3	processed_pseudogene	0	0	0	0.0000	0.0000	0.0000
ENSG00000250046.3	AC106864.1	lncRNA	0	0	0	0.0000	0.0000	0.0000
ENSG00000250048.2	LINC00603	lncRNA	0	0	0	0.0000	0.0000	0.0000
ENSG00000250049.7	AC114316.1	lncRNA	1	0	1	0.0076	0.0019	0.0020
ENSG00000250050.1	MTND4P9	unprocessed_pseudogene	1	0	1	0.0421	0.0104	0.0113
ENSG00000250053.1	RARRES2P4	processed_pseudogene	0	0	0	0.0000	0.0000	0.0000
ENSG00000250056.8	LINC01018	lncRNA	78	552	545	0.6045	0.1499	0.1621
ENSG00000250057.1	AC114781.2	lncRNA	0	0	0	0.0000	0.0000	0.0000
ENSG00000250060.2	AC122710.1	lncRNA	10	4	6	0.2805	0.0696	0.0752
ENSG00000250062.5	MAPK10-AS1	lncRNA	0	0	0	0.0000	0.0000	0.0000
ENSG00000250064.1	AC097480.1	lncRNA	0	1	0	0.0000	0.0000	0.0000
ENSG00000250066.1	AC093248.1	lncRNA	1	0	1	0.1360	0.0337	0.0365
ENSG00000250067.12	YJEFN3	protein_coding	153	70	83	2.9323	0.7272	0.7862
ENSG00000250068.1	AL445187.1	unprocessed_pseudogene	12	8	4	2.6174	0.6491	0.7018
ENSG00000250069.1	AC011379.1	lncRNA	4	3	1	0.0750	0.0186	0.0201
ENSG00000250071.1	AC093214.1	processed_pseudogene	0	0	0	0.0000	0.0000	0.0000
ENSG00000250072.6	SH3TC2-DT	lncRNA	10	5	5	0.1175	0.0291	0.0315
ENSG00000250073.3	AP000866.2	lncRNA	5	2	3	0.1617	0.0401	0.0433
ENSG00000250074.1	AC006499.2	processed_pseudogene	0	0	0	0.0000	0.0000	0.0000
ENSG00000250075.7	AC104806.2	lncRNA	1	0	1	0.0174	0.0043	0.0047
ENSG00000250076.1	MAPRE1P2	processed_pseudogene	1	1	0	0.0710	0.0176	0.0190
ENSG00000250078.2	AC019133.1	lncRNA	0	0	0	0.0000	0.0000	0.0000
ENSG00000250079.1	AC093300.1	processed_pseudogene	0	0	0	0.0000	0.0000	0.0000
ENSG00000250080.1	AC011416.1	processed_pseudogene	0	0	0	0.0000	0.0000	0.0000
ENSG00000250081.1	AC025176.1	lncRNA	15	8	7	2.3305	0.5780	0.6249
ENSG00000250082.1	AC074255.1	processed_pseudogene	0	0	0	0.0000	0.0000	0.0000
ENSG00000250084.1	BX510359.5	unprocessed_pseudogene	0	0	0	0.0000	0.0000	0.0000
ENSG00000250088.1	AC233724.7	processed_pseudogene	0	0	0	0.0000	0.0000	0.0000
ENSG00000250090.1	AL390198.2	unprocessed_pseudogene	0	0	0	0.0000	0.0000	0.0000
ENSG00000250091.3	DNAH10OS	lncRNA	588	446	528	5.5548	1.3775	1.4894
ENSG00000250092.2	AC096576.3	lncRNA	0	0	0	0.0000	0.0000	0.0000
ENSG00000250095.5	NREP-AS1	lncRNA	0	0	0	0.0000	0.0000	0.0000
ENSG00000250098.1	AC007370.1	lncRNA	3	1	2	0.5384	0.1335	0.1444
ENSG00000250099.1	AC091893.1	processed_pseudogene	0	0	0	0.0000	0.0000	0.0000
ENSG00000250100.2	AC111000.3	unprocessed_pseudogene	0	0	0	0.0000	0.0000	0.0000
ENSG00000250101.1	AC106795.3	lncRNA	4	1	3	0.4147	0.1028	0.1112
ENSG00000250102.6	LINC02377	lncRNA	59	28	31	0.9414	0.2335	0.2524
ENSG00000250103.2	PANCR	lncRNA	0	0	0	0.0000	0.0000	0.0000
ENSG00000250105.1	AP002748.2	lncRNA	0	0	0	0.0000	0.0000	0.0000
ENSG00000250106.1	ANKRD33B-AS1	lncRNA	0	0	0	0.0000	0.0000	0.0000
ENSG00000250107.1	CACNA1G-AS1	lncRNA	10	6	4	0.3592	0.0891	0.0963
ENSG00000250111.3	AC107982.1	unprocessed_pseudogene	0	0	0	0.0000	0.0000	0.0000
ENSG00000250114.1	AC008723.1	unprocessed_pseudogene	0	0	0	0.0000	0.0000	0.0000
ENSG00000250115.2	AK3P2	processed_pseudogene	1	0	1	0.1322	0.0328	0.0354
ENSG00000250116.2	RHOQ-AS1	lncRNA	21	13	12	0.7840	0.1944	0.2102
ENSG00000250118.1	AC114300.1	processed_pseudogene	0	0	0	0.0000	0.0000	0.0000
ENSG00000250120.8	PCDHA10	protein_coding	295	144	167	1.0680	0.2649	0.2864
ENSG00000250122.1	AC122694.1	lncRNA	0	0	0	0.0000	0.0000	0.0000
ENSG00000250124.1	AC016550.3	lncRNA	0	0	0	0.0000	0.0000	0.0000
ENSG00000250125.4	LINC02232	lncRNA	0	0	0	0.0000	0.0000	0.0000
ENSG00000250126.1	AC116563.1	lncRNA	2	1	1	0.2864	0.0710	0.0768
ENSG00000250127.1	LINC02108	lncRNA	0	0	0	0.0000	0.0000	0.0000
ENSG00000250129.5	AC116424.1	lncRNA	2	1	1	0.1580	0.0392	0.0424
ENSG00000250130.1	GAPDHP43	processed_pseudogene	4	1	3	0.2264	0.0561	0.0607
ENSG00000250131.2	AC078881.1	lncRNA	49	20	31	0.4619	0.1145	0.1239
ENSG00000250132.6	AC004803.1	lncRNA	95	42	55	1.4684	0.3641	0.3937
ENSG00000250133.2	HOXC-AS2	lncRNA	1	0	2	0.0256	0.0063	0.0069
ENSG00000250135.1	AL049795.2	lncRNA	0	0	0	0.0000	0.0000	0.0000
ENSG00000250137.1	AC093607.1	lncRNA	0	0	0	0.0000	0.0000	0.0000
ENSG00000250138.4	AC139495.2	unprocessed_pseudogene	140	79	61	1.7894	0.4437	0.4798
ENSG00000250140.1	AC026801.1	processed_pseudogene	1	1	0	0.1334	0.0331	0.0358
ENSG00000250141.1	LINC02276	lncRNA	0	0	0	0.0000	0.0000	0.0000
ENSG00000250144.1	AC104619.3	processed_pseudogene	14	5	9	0.5724	0.1420	0.1535
ENSG00000250145.1	AC114940.1	processed_pseudogene	0	0	0	0.0000	0.0000	0.0000
ENSG00000250147.1	MORF4L2P1	processed_pseudogene	0	0	0	0.0000	0.0000	0.0000
ENSG00000250148.1	KRT8P31	processed_pseudogene	1	1	0	0.0403	0.0100	0.0108
ENSG00000250149.2	AC104664.1	lncRNA	0	0	0	0.0000	0.0000	0.0000
ENSG00000250150.1	AC079349.1	lncRNA	0	0	0	0.0000	0.0000	0.0000
ENSG00000250151.9	ARPC4-TTLL3	protein_coding	0	0	0	0.0000	0.0000	0.0000
ENSG00000250155.2	AC008957.1	lncRNA	9	9	7	0.1309	0.0325	0.0351
ENSG00000250156.3	LINC02060	lncRNA	1	2	0	0.0330	0.0082	0.0088
ENSG00000250158.1	AC099509.2	lncRNA	0	0	0	0.0000	0.0000	0.0000
ENSG00000250159.7	AC106791.1	lncRNA	144	109	125	0.6218	0.1542	0.1667
ENSG00000250161.1	TRMT112P5	processed_pseudogene	0	0	0	0.0000	0.0000	0.0000
ENSG00000250162.1	CSNK1A1P3	processed_pseudogene	0	0	0	0.0000	0.0000	0.0000
ENSG00000250164.1	AC022447.7	lncRNA	0	0	0	0.0000	0.0000	0.0000
ENSG00000250166.3	AC053513.1	lncRNA	2	0	2	0.0940	0.0233	0.0252
ENSG00000250167.1	AC034206.1	lncRNA	0	0	0	0.0000	0.0000	0.0000
ENSG00000250169.1	MTND5P13	processed_pseudogene	0	0	0	0.0000	0.0000	0.0000
ENSG00000250170.1	RASA2-IT1	lncRNA	1	1	0	0.0927	0.0230	0.0248
ENSG00000250173.1	AC122719.2	lncRNA	0	0	0	0.0000	0.0000	0.0000
ENSG00000250174.5	MYLK-AS2	lncRNA	0	3	1	0.0000	0.0000	0.0000
ENSG00000250180.1	AC074344.2	lncRNA	0	0	0	0.0000	0.0000	0.0000
ENSG00000250182.3	EEF1A1P13	processed_pseudogene	179	92	87	7.3082	1.8124	1.9596
ENSG00000250183.2	AC097173.1	transcribed_unprocessed_pseudogene	0	0	0	0.0000	0.0000	0.0000
ENSG00000250185.2	RCC2P8	processed_pseudogene	0	0	0	0.0000	0.0000	0.0000
ENSG00000250186.3	AC091180.3	lncRNA	0	1857	1946	0.0000	0.0000	0.0000
ENSG00000250189.2	AC097504.1	processed_pseudogene	0	0	0	0.0000	0.0000	0.0000
ENSG00000250190.2	LINC02364	lncRNA	0	0	0	0.0000	0.0000	0.0000
ENSG00000250191.1	AC105252.1	unprocessed_pseudogene	0	0	0	0.0000	0.0000	0.0000
ENSG00000250192.1	AC105390.1	lncRNA	0	0	0	0.0000	0.0000	0.0000
ENSG00000250193.1	AC082650.1	lncRNA	0	0	0	0.0000	0.0000	0.0000
ENSG00000250194.1	AC109458.1	processed_pseudogene	0	0	0	0.0000	0.0000	0.0000
ENSG00000250195.1	AC109927.1	lncRNA	0	0	0	0.0000	0.0000	0.0000
ENSG00000250197.1	HMGN1P15	processed_pseudogene	2	1	1	0.3845	0.0953	0.1031
ENSG00000250198.3	LINC02199	lncRNA	0	0	0	0.0000	0.0000	0.0000
ENSG00000250200.1	AC105914.1	processed_pseudogene	0	0	0	0.0000	0.0000	0.0000
ENSG00000250202.2	AC093827.2	processed_pseudogene	0	1	0	0.0000	0.0000	0.0000
ENSG00000250204.2	TTTY23B	transcribed_unprocessed_pseudogene	0	0	0	0.0000	0.0000	0.0000
ENSG00000250205.1	YWHAEP4	processed_pseudogene	0	0	0	0.0000	0.0000	0.0000
ENSG00000250207.1	AC079776.2	unprocessed_pseudogene	0	1	0	0.0000	0.0000	0.0000
ENSG00000250208.6	FZD10-AS1	lncRNA	73	41	32	0.3600	0.0893	0.0965
ENSG00000250210.5	FO082796.1	unprocessed_pseudogene	0	0	0	0.0000	0.0000	0.0000
ENSG00000250213.2	AC025554.1	processed_pseudogene	0	0	0	0.0000	0.0000	0.0000
ENSG00000250214.1	AC112225.1	processed_pseudogene	0	0	0	0.0000	0.0000	0.0000
ENSG00000250215.1	CIR1P2	processed_pseudogene	0	0	0	0.0000	0.0000	0.0000
ENSG00000250218.1	ALDH1L1-AS1	lncRNA	0	2	0	0.0000	0.0000	0.0000
ENSG00000250219.2	LTV1P1	processed_pseudogene	0	0	0	0.0000	0.0000	0.0000
ENSG00000250220.1	AC053527.2	lncRNA	25	15	10	2.0697	0.5133	0.5550
ENSG00000250221.1	KRT8P32	processed_pseudogene	12	4	8	0.4658	0.1155	0.1249
ENSG00000250222.2	AC008443.4	lncRNA	12	124	132	1.2720	0.3154	0.3411
ENSG00000250223.1	LINC01216	lncRNA	0	0	0	0.0000	0.0000	0.0000
ENSG00000250227.1	TRIM60P14	processed_pseudogene	3	1	2	0.1199	0.0297	0.0321
ENSG00000250229.1	AC111193.1	processed_pseudogene	0	0	0	0.0000	0.0000	0.0000
ENSG00000250230.3	AP002754.1	lncRNA	36	16	20	0.7416	0.1839	0.1988
ENSG00000250231.1	USP17L16P	unprocessed_pseudogene	0	0	0	0.0000	0.0000	0.0000
ENSG00000250234.1	AC025754.1	lncRNA	4	42	40	0.5573	0.1382	0.1494
ENSG00000250237.1	AC010273.3	lncRNA	2	0	2	0.2589	0.0642	0.0694
ENSG00000250238.1	AC253576.1	processed_pseudogene	0	0	0	0.0000	0.0000	0.0000
ENSG00000250240.6	AC008840.1	lncRNA	26	288	338	0.6717	0.1666	0.1801
ENSG00000250241.6	AC105383.1	lncRNA	1	0	1	0.0050	0.0012	0.0013
ENSG00000250242.1	AC094104.1	lncRNA	0	0	0	0.0000	0.0000	0.0000
ENSG00000250243.3	AC110296.1	lncRNA	0	0	0	0.0000	0.0000	0.0000
ENSG00000250244.5	AC010307.4	lncRNA	93	51	42	12.6780	3.1440	3.3994
ENSG00000250247.1	SEPHS2P1	processed_pseudogene	0	0	0	0.0000	0.0000	0.0000
ENSG00000250249.2	AC105313.1	processed_pseudogene	0	0	0	0.0000	0.0000	0.0000
ENSG00000250250.2	CTD-2350J17.1	lncRNA	3	1	2	0.1348	0.0334	0.0361
ENSG00000250251.6	PKD1P6	transcribed_unprocessed_pseudogene	183	107	78	1.7253	0.4279	0.4626
ENSG00000250252.2	LINC02430	lncRNA	0	0	0	0.0000	0.0000	0.0000
ENSG00000250253.3	AC117522.3	processed_pseudogene	0	0	0	0.0000	0.0000	0.0000
ENSG00000250254.2	PTTG2	protein_coding	6	4	2	0.4655	0.1154	0.1248
ENSG00000250256.1	AC108112.1	lncRNA	0	0	0	0.0000	0.0000	0.0000
ENSG00000250257.1	LDHAL6DP	unprocessed_pseudogene	0	0	0	0.0000	0.0000	0.0000
ENSG00000250258.1	AC008496.2	lncRNA	0	0	0	0.0000	0.0000	0.0000
ENSG00000250259.1	AC019103.1	lncRNA	0	0	0	0.0000	0.0000	0.0000
ENSG00000250260.1	AC113382.2	lncRNA	2	1	1	0.1756	0.0435	0.0471
ENSG00000250261.1	CCDC74BP1	unprocessed_pseudogene	7	78	61	0.3535	0.0877	0.0948
ENSG00000250263.2	LINC02509	lncRNA	0	0	0	0.0000	0.0000	0.0000
ENSG00000250264.1	AL669918.1	protein_coding	0	0	0	0.0000	0.0000	0.0000
ENSG00000250266.2	LINC01612	lncRNA	1	1	0	0.0259	0.0064	0.0070
ENSG00000250267.2	AC021237.1	lncRNA	0	0	0	0.0000	0.0000	0.0000
ENSG00000250268.3	ALG1L14P	unprocessed_pseudogene	4	3	1	0.5227	0.1296	0.1401
ENSG00000250271.2	AC068647.2	transcribed_unprocessed_pseudogene	2	2	0	0.2169	0.0538	0.0581
ENSG00000250272.1	TRMT112P1	processed_pseudogene	0	0	0	0.0000	0.0000	0.0000
ENSG00000250273.1	PSMC1P5	processed_pseudogene	0	0	0	0.0000	0.0000	0.0000
ENSG00000250274.2	AC034199.1	lncRNA	9	7	3	0.2246	0.0557	0.0602
ENSG00000250277.2	AC021146.7	processed_pseudogene	0	0	0	0.0000	0.0000	0.0000
ENSG00000250280.2	AC026124.1	lncRNA	2	0	2	0.0328	0.0081	0.0088
ENSG00000250282.1	AC002401.2	lncRNA	1	1	0	0.1319	0.0327	0.0354
ENSG00000250284.3	AC109439.1	lncRNA	0	0	0	0.0000	0.0000	0.0000
ENSG00000250286.2	AC021491.2	lncRNA	2	162	151	0.0685	0.0170	0.0184
ENSG00000250289.1	VWA8P1	processed_pseudogene	0	0	0	0.0000	0.0000	0.0000
ENSG00000250290.1	NCAPGP1	processed_pseudogene	0	0	0	0.0000	0.0000	0.0000
ENSG00000250292.1	AC093844.1	processed_pseudogene	0	0	0	0.0000	0.0000	0.0000
ENSG00000250293.1	CRYZP2	processed_pseudogene	0	0	0	0.0000	0.0000	0.0000
ENSG00000250295.6	RDH10-AS1	lncRNA	5	8	8	0.0746	0.0185	0.0200
ENSG00000250298.6	GIMD1	protein_coding	0	0	0	0.0000	0.0000	0.0000
ENSG00000250299.6	MRPS31P4	transcribed_unprocessed_pseudogene	48	28	20	2.6479	0.6567	0.7100
ENSG00000250300.1	AP001960.1	unprocessed_pseudogene	0	0	0	0.0000	0.0000	0.0000
ENSG00000250302.3	LINC01618	lncRNA	9	10	7	0.1012	0.0251	0.0271
ENSG00000250303.4	LINC02762	lncRNA	117	64	53	1.1123	0.2758	0.2983
ENSG00000250304.2	ZBED1P1	processed_pseudogene	0	0	0	0.0000	0.0000	0.0000
ENSG00000250305.9	TRMT9B	protein_coding	44	20	24	0.1701	0.0422	0.0456
ENSG00000250306.1	AC091826.1	processed_pseudogene	0	0	0	0.0000	0.0000	0.0000
ENSG00000250307.2	TUBB8P3	processed_pseudogene	0	0	0	0.0000	0.0000	0.0000
ENSG00000250308.2	SALL4P1	processed_pseudogene	0	0	0	0.0000	0.0000	0.0000
ENSG00000250309.2	AC008453.1	lncRNA	0	0	0	0.0000	0.0000	0.0000
ENSG00000250310.2	AC006487.2	lncRNA	2	1	1	0.1270	0.0315	0.0341
ENSG00000250312.8	ZNF718	protein_coding	343	189	165	3.8343	0.9509	1.0281
ENSG00000250313.3	LINC02229	lncRNA	1	0	1	0.0656	0.0163	0.0176
ENSG00000250315.2	AC110760.2	transcribed_processed_pseudogene	0	0	0	0.0000	0.0000	0.0000
ENSG00000250316.1	AC068880.1	unprocessed_pseudogene	0	0	0	0.0000	0.0000	0.0000
ENSG00000250317.8	SMIM20	protein_coding	833	430	403	29.3048	7.2673	7.8576
ENSG00000250318.1	AC003072.1	unprocessed_pseudogene	64	22	42	5.9305	1.4707	1.5902
ENSG00000250319.1	AC010460.2	processed_pseudogene	0	0	0	0.0000	0.0000	0.0000
ENSG00000250320.6	EDIL3-DT	lncRNA	205	252	188	1.2924	0.3205	0.3465
ENSG00000250321.1	AC079140.2	processed_pseudogene	1	1	0	0.3994	0.0990	0.1071
ENSG00000250322.2	AC026402.1	processed_pseudogene	0	0	0	0.0000	0.0000	0.0000
ENSG00000250324.2	MRPL22P1	processed_pseudogene	1	0	1	0.0921	0.0228	0.0247
ENSG00000250325.1	IGBP1P4	processed_pseudogene	1	1	0	0.0645	0.0160	0.0173
ENSG00000250326.2	AC104596.1	lncRNA	73	41	32	2.4554	0.6089	0.6584
ENSG00000250327.1	RPSAP70	processed_pseudogene	4	1	3	0.2625	0.0651	0.0704
ENSG00000250328.6	MGC32805	lncRNA	1	13	16	0.0237	0.0059	0.0064
ENSG00000250329.1	KDELC1P1	processed_pseudogene	0	0	0	0.0000	0.0000	0.0000
ENSG00000250330.1	AC016559.3	processed_pseudogene	0	0	0	0.0000	0.0000	0.0000
ENSG00000250331.2	LINC01340	lncRNA	1	1	0	0.0144	0.0036	0.0039
ENSG00000250332.1	AC010460.3	processed_pseudogene	0	0	0	0.0000	0.0000	0.0000
ENSG00000250333.2	AC093725.2	lncRNA	0	0	0	0.0000	0.0000	0.0000
ENSG00000250334.6	LINC00989	lncRNA	6	1	5	0.0546	0.0135	0.0146
ENSG00000250337.7	PURPL	lncRNA	774	408	366	7.8339	1.9427	2.1005
ENSG00000250338.1	AC095057.2	lncRNA	1	1	0	0.1025	0.0254	0.0275
ENSG00000250339.2	CXCL1P1	processed_pseudogene	0	0	0	0.0000	0.0000	0.0000
ENSG00000250340.1	LINC02494	lncRNA	0	0	0	0.0000	0.0000	0.0000
ENSG00000250341.1	LINC02510	lncRNA	0	0	0	0.0000	0.0000	0.0000
ENSG00000250342.1	SNRPCP16	processed_pseudogene	6	2	4	1.6203	0.4018	0.4345
ENSG00000250343.1	STK32A-AS1	lncRNA	1	1	0	0.0657	0.0163	0.0176
ENSG00000250344.1	AC105254.1	lncRNA	0	0	0	0.0000	0.0000	0.0000
ENSG00000250345.2	AC104090.1	processed_pseudogene	0	0	0	0.0000	0.0000	0.0000
ENSG00000250346.1	EEF1GP2	processed_pseudogene	0	0	0	0.0000	0.0000	0.0000
ENSG00000250347.1	AC005740.2	processed_pseudogene	1	1	0	0.1353	0.0336	0.0363
ENSG00000250348.1	AC113404.1	lncRNA	0	0	0	0.0000	0.0000	0.0000
ENSG00000250349.3	AF241726.1	protein_coding	0	0	0	0.0000	0.0000	0.0000
ENSG00000250350.1	AC104819.2	unprocessed_pseudogene	0	0	0	0.0000	0.0000	0.0000
ENSG00000250351.1	H3P20	processed_pseudogene	0	0	0	0.0000	0.0000	0.0000
ENSG00000250354.1	AC069272.1	lncRNA	0	1	0	0.0000	0.0000	0.0000
ENSG00000250356.1	HSPE1P23	processed_pseudogene	0	0	0	0.0000	0.0000	0.0000
ENSG00000250357.1	AC108935.1	lncRNA	0	0	0	0.0000	0.0000	0.0000
ENSG00000250358.6	LINC02200	lncRNA	0	0	0	0.0000	0.0000	0.0000
ENSG00000250359.1	PTP4A1P4	processed_pseudogene	0	0	0	0.0000	0.0000	0.0000
ENSG00000250360.1	AC008808.2	lncRNA	1	0	1	0.0997	0.0247	0.0267
ENSG00000250361.9	GYPB	protein_coding	0	0	0	0.0000	0.0000	0.0000
ENSG00000250362.1	AC008592.1	lncRNA	0	1	0	0.0000	0.0000	0.0000
ENSG00000250363.1	KRT18P21	processed_pseudogene	3	1	2	0.1337	0.0332	0.0359
ENSG00000250365.7	AL139353.2	lncRNA	36	377	433	0.5441	0.1349	0.1459
ENSG00000250366.3	TUNAR	protein_coding	0	0	0	0.0000	0.0000	0.0000
ENSG00000250371.1	AC007370.2	lncRNA	1	1	0	0.0211	0.0052	0.0056
ENSG00000250372.1	MARK2P4	processed_pseudogene	0	0	0	0.0000	0.0000	0.0000
ENSG00000250374.4	TRIM75P	protein_coding	6	6	1	0.1849	0.0459	0.0496
ENSG00000250375.2	AC097501.1	lncRNA	0	0	0	0.0000	0.0000	0.0000
ENSG00000250376.1	AC093720.1	unprocessed_pseudogene	0	0	0	0.0000	0.0000	0.0000
ENSG00000250377.2	AC008525.1	lncRNA	0	0	0	0.0000	0.0000	0.0000
ENSG00000250378.4	AC114296.1	lncRNA	5	3	2	0.1016	0.0252	0.0272
ENSG00000250379.1	AC020659.2	lncRNA	0	167	130	0.0000	0.0000	0.0000
ENSG00000250381.1	UNC93B4	unprocessed_pseudogene	0	0	0	0.0000	0.0000	0.0000
ENSG00000250383.1	AC008871.1	lncRNA	0	0	0	0.0000	0.0000	0.0000
ENSG00000250384.1	UBE2CP3	processed_pseudogene	0	0	0	0.0000	0.0000	0.0000
ENSG00000250385.2	AC106772.2	lncRNA	0	0	0	0.0000	0.0000	0.0000
ENSG00000250386.1	H3P21	processed_pseudogene	0	0	0	0.0000	0.0000	0.0000
ENSG00000250387.3	LINC02197	lncRNA	0	0	0	0.0000	0.0000	0.0000
ENSG00000250389.1	MTND6P2	processed_pseudogene	0	0	0	0.0000	0.0000	0.0000
ENSG00000250390.2	AP001790.1	lncRNA	0	0	0	0.0000	0.0000	0.0000
ENSG00000250391.1	CRLF3P2	processed_pseudogene	0	0	0	0.0000	0.0000	0.0000
ENSG00000250392.2	LINC02502	lncRNA	0	0	0	0.0000	0.0000	0.0000
ENSG00000250393.1	AC093664.1	processed_pseudogene	0	0	0	0.0000	0.0000	0.0000
ENSG00000250397.2	AP006623.1	lncRNA	20	7	13	0.5503	0.1365	0.1476
ENSG00000250398.1	AC097467.2	processed_pseudogene	0	0	0	0.0000	0.0000	0.0000
ENSG00000250402.2	AC109471.1	lncRNA	0	0	0	0.0000	0.0000	0.0000
ENSG00000250403.1	AC097460.1	processed_pseudogene	0	0	0	0.0000	0.0000	0.0000
ENSG00000250405.2	AC113367.3	processed_pseudogene	0	0	0	0.0000	0.0000	0.0000
ENSG00000250406.2	AC109811.1	lncRNA	0	0	0	0.0000	0.0000	0.0000
ENSG00000250407.1	AC008728.1	lncRNA	0	0	0	0.0000	0.0000	0.0000
ENSG00000250409.1	AC010608.1	lncRNA	12	5	7	2.4746	0.6137	0.6635
ENSG00000250410.1	AC112722.1	lncRNA	5	7	6	0.4830	0.1198	0.1295
ENSG00000250412.1	KLHL2P1	unprocessed_pseudogene	13	8	5	1.4150	0.3509	0.3794
ENSG00000250413.1	SLC2A9-AS1	lncRNA	5	1	5	0.6178	0.1532	0.1656
ENSG00000250415.1	AC022113.1	lncRNA	0	0	0	0.0000	0.0000	0.0000
ENSG00000250416.2	SEC63P2	processed_pseudogene	0	0	0	0.0000	0.0000	0.0000
ENSG00000250417.1	LINC02116	lncRNA	0	0	0	0.0000	0.0000	0.0000
ENSG00000250418.1	AC093292.1	lncRNA	1	1	0	0.1263	0.0313	0.0339
ENSG00000250420.8	AACSP1	transcribed_unprocessed_pseudogene	3	1	2	0.0503	0.0125	0.0135
ENSG00000250421.5	AC106798.1	lncRNA	0	0	0	0.0000	0.0000	0.0000
ENSG00000250422.1	AC117529.2	processed_pseudogene	0	0	0	0.0000	0.0000	0.0000
ENSG00000250423.2	KIAA1210	protein_coding	73	23	50	0.5291	0.1312	0.1419
ENSG00000250424.4	AC004691.2	protein_coding	0	0	0	0.0000	0.0000	0.0000
ENSG00000250425.1	OR7E35P	unprocessed_pseudogene	0	0	0	0.0000	0.0000	0.0000
ENSG00000250426.2	FTLP10	transcribed_processed_pseudogene	0	0	0	0.0000	0.0000	0.0000
ENSG00000250427.1	LINC02148	lncRNA	0	0	0	0.0000	0.0000	0.0000
ENSG00000250428.1	MRS2P1	processed_pseudogene	0	0	0	0.0000	0.0000	0.0000
ENSG00000250430.1	AC106872.7	processed_pseudogene	0	0	0	0.0000	0.0000	0.0000
ENSG00000250431.1	AC105914.2	lncRNA	5	4	2	1.2170	0.3018	0.3263
ENSG00000250432.5	FAM242C	lncRNA	0	0	0	0.0000	0.0000	0.0000
ENSG00000250433.1	CLSTN2-AS1	lncRNA	6	3	3	0.1263	0.0313	0.0339
ENSG00000250436.1	LINC02499	lncRNA	0	0	0	0.0000	0.0000	0.0000
ENSG00000250437.1	LINC02161	lncRNA	0	0	0	0.0000	0.0000	0.0000
ENSG00000250438.1	AC025465.3	lncRNA	0	0	0	0.0000	0.0000	0.0000
ENSG00000250441.1	AC109481.1	processed_pseudogene	0	0	0	0.0000	0.0000	0.0000
ENSG00000250442.1	EIF3KP3	processed_pseudogene	1	1	0	0.0887	0.0220	0.0238
ENSG00000250444.1	CCT5P1	processed_pseudogene	2	0	2	0.0701	0.0174	0.0188
ENSG00000250446.1	LINC01332	lncRNA	0	0	0	0.0000	0.0000	0.0000
ENSG00000250447.6	LINC02105	lncRNA	1	1	1	0.0301	0.0075	0.0081
ENSG00000250448.1	AC092335.1	lncRNA	0	0	0	0.0000	0.0000	0.0000
ENSG00000250451.5	HOXC-AS1	lncRNA	9	4	5	0.8621	0.2138	0.2312
ENSG00000250453.2	AC008825.1	lncRNA	0	0	1	0.0000	0.0000	0.0000
ENSG00000250455.1	AC117532.1	unprocessed_pseudogene	6	5	1	1.0534	0.2612	0.2825
ENSG00000250456.1	LINC02260	lncRNA	0	0	0	0.0000	0.0000	0.0000
ENSG00000250458.2	AC093767.1	processed_pseudogene	1	0	1	0.3635	0.0902	0.0975
ENSG00000250461.1	AC122718.1	processed_pseudogene	6	2	4	0.4573	0.1134	0.1226
ENSG00000250462.8	LRRC37BP1	transcribed_unprocessed_pseudogene	781	361	420	8.5141	2.1114	2.2829
ENSG00000250464.1	LRRC34P2	processed_pseudogene	0	0	0	0.0000	0.0000	0.0000
ENSG00000250467.1	PHOX2B-AS1	lncRNA	0	0	0	0.0000	0.0000	0.0000
ENSG00000250470.1	AC253536.5	unprocessed_pseudogene	0	0	0	0.0000	0.0000	0.0000
ENSG00000250471.2	GMPSP1	processed_pseudogene	1	1	0	0.0979	0.0243	0.0263
ENSG00000250472.1	TRIM36-IT1	lncRNA	3	1	2	0.1931	0.0479	0.0518
ENSG00000250473.1	DUTP7	processed_pseudogene	1	0	1	0.1167	0.0289	0.0313
ENSG00000250474.2	WBP1LP2	processed_pseudogene	37	23	14	2.1025	0.5214	0.5637
ENSG00000250475.1	AC017037.2	unprocessed_pseudogene	0	0	0	0.0000	0.0000	0.0000
ENSG00000250476.1	ENPP7P9	processed_pseudogene	0	0	0	0.0000	0.0000	0.0000
ENSG00000250479.9	CHCHD10	protein_coding	585	386	335	37.3176	9.2544	10.0061
ENSG00000250480.3	AC034244.2	processed_pseudogene	0	0	0	0.0000	0.0000	0.0000
ENSG00000250481.2	AC010451.1	lncRNA	0	0	0	0.0000	0.0000	0.0000
ENSG00000250482.3	DUX4L51	processed_pseudogene	0	0	0	0.0000	0.0000	0.0000
ENSG00000250483.1	PPM1AP1	processed_pseudogene	9	8	1	0.4497	0.1115	0.1206
ENSG00000250484.2	PPIAP76	processed_pseudogene	0	0	0	0.0000	0.0000	0.0000
ENSG00000250485.1	EXOC7P1	processed_pseudogene	0	0	0	0.0000	0.0000	0.0000
ENSG00000250486.5	FAM218A	lncRNA	29	12	17	0.7561	0.1875	0.2027
ENSG00000250488.2	LINC02233	lncRNA	0	0	0	0.0000	0.0000	0.0000
ENSG00000250490.1	LINC02145	lncRNA	33	14	19	0.6402	0.1588	0.1717
ENSG00000250492.1	INTS6P1	processed_pseudogene	2	1	1	0.0448	0.0111	0.0120
ENSG00000250493.2	AP004147.1	lncRNA	0	0	0	0.0000	0.0000	0.0000
ENSG00000250494.1	AC009646.1	processed_pseudogene	0	0	0	0.0000	0.0000	0.0000
ENSG00000250496.2	ABT1P1	processed_pseudogene	0	0	1	0.0000	0.0000	0.0000
ENSG00000250497.1	AC007126.1	lncRNA	1	0	1	0.0119	0.0029	0.0032
ENSG00000250500.1	AC017007.4	processed_pseudogene	0	0	0	0.0000	0.0000	0.0000
ENSG00000250501.3	AC093766.1	lncRNA	1	0	1	0.0196	0.0049	0.0053
ENSG00000250503.1	AC093831.1	lncRNA	0	0	0	0.0000	0.0000	0.0000
ENSG00000250504.2	KRT18P51	processed_pseudogene	2	0	2	0.1520	0.0377	0.0408
ENSG00000250505.1	AC006499.3	processed_pseudogene	0	0	0	0.0000	0.0000	0.0000
ENSG00000250506.8	CDK3	protein_coding	2	2	0	0.0629	0.0156	0.0169
ENSG00000250507.1	AC245884.6	transcribed_unprocessed_pseudogene	0	0	0	0.0000	0.0000	0.0000
ENSG00000250508.1	LINC02701	lncRNA	35	23	12	0.6103	0.1514	0.1637
ENSG00000250509.2	AC034213.1	lncRNA	3	2	1	0.1361	0.0338	0.0365
ENSG00000250510.8	GPR162	protein_coding	233	126	107	4.1087	1.0189	1.1017
ENSG00000250511.1	AC098798.1	lncRNA	1	62	67	0.0392	0.0097	0.0105
ENSG00000250514.1	LINC02125	lncRNA	1	1	0	0.0258	0.0064	0.0069
ENSG00000250515.1	AC116353.4	processed_pseudogene	0	0	0	0.0000	0.0000	0.0000
ENSG00000250516.1	AC021678.1	processed_pseudogene	1	1	0	0.0606	0.0150	0.0162
ENSG00000250517.2	LDHAL6CP	transcribed_processed_pseudogene	0	0	0	0.0000	0.0000	0.0000
ENSG00000250519.7	AP002784.1	lncRNA	106	55	55	1.1253	0.2791	0.3017
ENSG00000250522.1	AC004066.1	lncRNA	7	2	5	0.6940	0.1721	0.1861
ENSG00000250523.1	AC093909.3	processed_pseudogene	0	0	0	0.0000	0.0000	0.0000
ENSG00000250524.1	AC106821.1	lncRNA	0	0	0	0.0000	0.0000	0.0000
ENSG00000250526.1	CCT6P2	processed_pseudogene	1	1	0	0.0356	0.0088	0.0095
ENSG00000250529.1	LINC02121	lncRNA	0	0	0	0.0000	0.0000	0.0000
ENSG00000250532.1	AC021180.1	lncRNA	0	0	0	0.0000	0.0000	0.0000
ENSG00000250535.1	STK19B	unprocessed_pseudogene	10	8	2	2.6877	0.6665	0.7207
ENSG00000250536.1	ABHD17AP3	unprocessed_pseudogene	1	0	1	0.0499	0.0124	0.0134
ENSG00000250538.6	AC104407.1	lncRNA	0	0	0	0.0000	0.0000	0.0000
ENSG00000250539.1	KRT8P33	processed_pseudogene	63	21	42	2.5107	0.6226	0.6732
ENSG00000250540.1	AC104685.1	processed_pseudogene	0	0	0	0.0000	0.0000	0.0000
ENSG00000250541.1	AC092436.3	lncRNA	0	0	0	0.0000	0.0000	0.0000
ENSG00000250543.1	AC110716.1	lncRNA	0	0	0	0.0000	0.0000	0.0000
ENSG00000250544.2	LINC02059	lncRNA	0	0	0	0.0000	0.0000	0.0000
ENSG00000250546.6	AC079160.1	lncRNA	0	0	0	0.0000	0.0000	0.0000
ENSG00000250547.1	AC079238.1	processed_pseudogene	0	0	0	0.0000	0.0000	0.0000
ENSG00000250548.7	LINC01303	lncRNA	8	19	13	0.0874	0.0217	0.0234
ENSG00000250550.3	PPBPP1	transcribed_unprocessed_pseudogene	0	0	0	0.0000	0.0000	0.0000
ENSG00000250551.1	MIR583HG	lncRNA	4	1	3	0.3222	0.0799	0.0864
ENSG00000250555.2	AC008525.2	lncRNA	0	0	0	0.0000	0.0000	0.0000
ENSG00000250556.1	CCDC34P1	processed_pseudogene	0	0	0	0.0000	0.0000	0.0000
ENSG00000250560.2	AC093870.1	processed_pseudogene	0	0	0	0.0000	0.0000	0.0000
ENSG00000250561.2	OR7E59P	unprocessed_pseudogene	0	0	0	0.0000	0.0000	0.0000
ENSG00000250562.1	RPL38P4	processed_pseudogene	0	0	0	0.0000	0.0000	0.0000
ENSG00000250563.1	KNOP1P5	processed_pseudogene	2	2	1	0.0823	0.0204	0.0221
ENSG00000250564.2	AC109454.3	lncRNA	1	1	0	0.0531	0.0132	0.0142
ENSG00000250565.7	ATP6V1E2	protein_coding	509	272	278	5.4432	1.3499	1.4595
ENSG00000250566.1	UGT2B29P	unprocessed_pseudogene	0	0	0	0.0000	0.0000	0.0000
ENSG00000250567.1	AC010406.1	lncRNA	4	1	3	0.4087	0.1014	0.1096
ENSG00000250568.1	AC098591.3	processed_pseudogene	5	4	1	0.9002	0.2232	0.2414
ENSG00000250569.1	NTAN1P2	processed_pseudogene	36	13	23	2.1719	0.5386	0.5824
ENSG00000250571.7	GLI4	protein_coding	542	248	294	10.0546	2.4934	2.6960
ENSG00000250572.1	AC108516.1	lncRNA	0	0	0	0.0000	0.0000	0.0000
ENSG00000250573.1	AC006499.4	processed_pseudogene	0	0	0	0.0000	0.0000	0.0000
ENSG00000250574.1	AC112173.1	processed_pseudogene	3	2	1	0.5203	0.1290	0.1395
ENSG00000250575.1	AL732372.3	unprocessed_pseudogene	0	0	0	0.0000	0.0000	0.0000
ENSG00000250576.1	AC012629.1	lncRNA	0	0	0	0.0000	0.0000	0.0000
ENSG00000250577.1	AC109927.2	lncRNA	0	0	0	0.0000	0.0000	0.0000
ENSG00000250579.2	CTD-2297D10.2	lncRNA	20	14	6	0.1661	0.0412	0.0445
ENSG00000250580.1	SNRPCP8	processed_pseudogene	0	0	0	0.0000	0.0000	0.0000
ENSG00000250582.1	SMAD1-AS2	lncRNA	0	0	0	0.0000	0.0000	0.0000
ENSG00000250583.1	AC034232.1	lncRNA	0	0	0	0.0000	0.0000	0.0000
ENSG00000250584.3	LINC01511	lncRNA	4	3	1	0.0673	0.0167	0.0180
ENSG00000250585.3	LINC00604	lncRNA	0	0	0	0.0000	0.0000	0.0000
ENSG00000250587.2	HPRT1P2	processed_pseudogene	0	0	0	0.0000	0.0000	0.0000
ENSG00000250590.6	LINC02492	lncRNA	1	1	0	0.0191	0.0047	0.0051
ENSG00000250591.3	PRSS3P1	unprocessed_pseudogene	0	0	0	0.0000	0.0000	0.0000
ENSG00000250592.1	AC055733.2	lncRNA	0	0	0	0.0000	0.0000	0.0000
ENSG00000250594.2	RNF14P2	processed_pseudogene	0	0	0	0.0000	0.0000	0.0000
ENSG00000250596.2	AC096751.1	transcribed_processed_pseudogene	6	1	6	0.1537	0.0381	0.0412
ENSG00000250597.5	AC093689.1	lncRNA	0	0	0	0.0000	0.0000	0.0000
ENSG00000250600.1	ROPN1L-AS1	lncRNA	2	3	4	0.6001	0.1488	0.1609
ENSG00000250602.6	AC093535.1	lncRNA	17	365	321	0.3350	0.0831	0.0898
ENSG00000250603.1	AC068658.1	lncRNA	0	0	0	0.0000	0.0000	0.0000
ENSG00000250604.1	AC098679.1	lncRNA	0	40	26	0.0000	0.0000	0.0000
ENSG00000250608.2	AC010210.1	lncRNA	283	136	148	1.8541	0.4598	0.4971
ENSG00000250609.1	AC110753.1	processed_pseudogene	0	0	0	0.0000	0.0000	0.0000
ENSG00000250611.1	AC098862.1	processed_pseudogene	0	0	0	0.0000	0.0000	0.0000
ENSG00000250612.2	AC114786.2	processed_pseudogene	0	0	0	0.0000	0.0000	0.0000
ENSG00000250613.1	AC110768.2	processed_pseudogene	0	0	0	0.0000	0.0000	0.0000
ENSG00000250614.1	AC005522.1	lncRNA	0	0	0	0.0000	0.0000	0.0000
ENSG00000250615.1	AC008581.1	lncRNA	0	312	285	0.0000	0.0000	0.0000
ENSG00000250616.2	AC012645.1	lncRNA	67	75	87	2.3028	0.5711	0.6174
ENSG00000250618.1	AC023141.11	unprocessed_pseudogene	0	0	0	0.0000	0.0000	0.0000
ENSG00000250619.1	AC021088.1	lncRNA	0	202	184	0.0000	0.0000	0.0000
ENSG00000250620.2	LINC02515	lncRNA	2	1	1	0.0902	0.0224	0.0242
ENSG00000250622.1	AC093325.1	processed_pseudogene	0	0	0	0.0000	0.0000	0.0000
ENSG00000250623.1	AL136360.2	lncRNA	0	0	0	0.0000	0.0000	0.0000
ENSG00000250624.1	MTCYBP43	unprocessed_pseudogene	0	0	0	0.0000	0.0000	0.0000
ENSG00000250625.1	AL031073.1	unprocessed_pseudogene	0	0	0	0.0000	0.0000	0.0000
ENSG00000250626.3	AC093909.4	lncRNA	0	0	0	0.0000	0.0000	0.0000
ENSG00000250627.2	TTC39CP1	processed_pseudogene	0	0	0	0.0000	0.0000	0.0000
ENSG00000250629.1	AC091435.2	lncRNA	5	3	2	0.5019	0.1245	0.1346
ENSG00000250630.1	MTCO1P35	unprocessed_pseudogene	0	0	0	0.0000	0.0000	0.0000
ENSG00000250632.1	LINC02171	lncRNA	0	0	0	0.0000	0.0000	0.0000
ENSG00000250634.6	LINC01182	lncRNA	3	1	2	0.0256	0.0063	0.0069
ENSG00000250635.1	CXXC5-AS1	lncRNA	2	16	13	0.1966	0.0487	0.0527
ENSG00000250636.1	AC019193.1	processed_pseudogene	0	0	0	0.0000	0.0000	0.0000
ENSG00000250637.2	AC134698.1	unprocessed_pseudogene	0	0	0	0.0000	0.0000	0.0000
ENSG00000250640.2	OR7E41P	unprocessed_pseudogene	0	0	0	0.0000	0.0000	0.0000
ENSG00000250641.1	LY6G6F-LY6G6D	protein_coding	0	0	0	0.0000	0.0000	0.0000
ENSG00000250642.3	AC098799.3	unprocessed_pseudogene	0	0	0	0.0000	0.0000	0.0000
ENSG00000250643.1	AC083906.3	lncRNA	79	33	46	9.6139	2.3842	2.5778
ENSG00000250644.3	AC068580.4	protein_coding	29	17	12	0.3421	0.0848	0.0917
ENSG00000250645.1	AC010442.2	processed_pseudogene	0	0	0	0.0000	0.0000	0.0000
ENSG00000250646.1	AC111194.2	lncRNA	1	0	1	0.1246	0.0309	0.0334
ENSG00000250650.1	AC093534.1	processed_pseudogene	0	0	0	0.0000	0.0000	0.0000
ENSG00000250651.1	PABPC1P7	processed_pseudogene	7	5	2	0.2624	0.0651	0.0704
ENSG00000250654.7	AC023794.3	transcribed_unprocessed_pseudogene	27	15	21	1.1016	0.2732	0.2954
ENSG00000250655.1	AC096661.1	processed_pseudogene	0	0	0	0.0000	0.0000	0.0000
ENSG00000250656.2	ST3GAL1P1	processed_pseudogene	4	1	4	0.2237	0.0555	0.0600
ENSG00000250657.1	AC097451.1	lncRNA	0	0	0	0.0000	0.0000	0.0000
ENSG00000250658.1	AC097652.1	lncRNA	16	8	8	0.4292	0.1064	0.1151
ENSG00000250659.2	AP001363.1	lncRNA	10	6	4	2.1481	0.5327	0.5760
ENSG00000250662.1	HNRNPKP5	processed_pseudogene	1	1	0	0.2242	0.0556	0.0601
ENSG00000250665.1	AC073429.1	lncRNA	0	0	0	0.0000	0.0000	0.0000
ENSG00000250666.1	LINC01596	lncRNA	1	0	1	0.0958	0.0238	0.0257
ENSG00000250667.1	AC106774.1	processed_pseudogene	0	0	0	0.0000	0.0000	0.0000
ENSG00000250668.2	LINC02123	lncRNA	0	0	0	0.0000	0.0000	0.0000
ENSG00000250669.1	AC112206.4	processed_pseudogene	0	0	0	0.0000	0.0000	0.0000
ENSG00000250670.1	AC004063.1	lncRNA	1	0	1	0.1037	0.0257	0.0278
ENSG00000250672.1	AC010343.2	processed_pseudogene	0	0	0	0.0000	0.0000	0.0000
ENSG00000250673.2	REELD1	protein_coding	18	7	11	0.4517	0.1120	0.1211
ENSG00000250674.1	AC136628.1	lncRNA	0	0	0	0.0000	0.0000	0.0000
ENSG00000250677.1	AC114781.3	processed_pseudogene	0	0	0	0.0000	0.0000	0.0000
ENSG00000250678.1	AC008629.2	processed_pseudogene	0	1	0	0.0000	0.0000	0.0000
ENSG00000250681.1	AL121796.1	lncRNA	0	0	0	0.0000	0.0000	0.0000
ENSG00000250682.6	LINC00491	lncRNA	0	0	0	0.0000	0.0000	0.0000
ENSG00000250684.4	ADI1P2	processed_pseudogene	0	0	0	0.0000	0.0000	0.0000
ENSG00000250685.7	AC009123.1	lncRNA	0	2	1	0.0000	0.0000	0.0000
ENSG00000250686.2	KHDRBS2-OT1	lncRNA	0	0	0	0.0000	0.0000	0.0000
ENSG00000250687.6	NAIPP1	transcribed_unprocessed_pseudogene	19	9	10	0.9760	0.2420	0.2617
ENSG00000250688.1	TRAJ55	TR_J_pseudogene	0	0	0	0.0000	0.0000	0.0000
ENSG00000250692.1	AC008667.2	lncRNA	0	1	0	0.0000	0.0000	0.0000
ENSG00000250693.2	RPF2P2	processed_pseudogene	0	0	0	0.0000	0.0000	0.0000
ENSG00000250694.1	AC010387.1	lncRNA	0	0	0	0.0000	0.0000	0.0000
ENSG00000250696.5	AC111000.4	lncRNA	1	1	0	0.0187	0.0046	0.0050
ENSG00000250697.2	AC010343.3	lncRNA	0	0	0	0.0000	0.0000	0.0000
ENSG00000250698.1	AC131182.1	lncRNA	0	0	0	0.0000	0.0000	0.0000
ENSG00000250699.1	AP000892.1	lncRNA	2	1	2	0.2324	0.0576	0.0623
ENSG00000250703.1	AC113347.3	processed_pseudogene	0	0	0	0.0000	0.0000	0.0000
ENSG00000250704.1	AC105343.1	lncRNA	0	0	0	0.0000	0.0000	0.0000
ENSG00000250705.1	H3P23	processed_pseudogene	1	0	1	0.1678	0.0416	0.0450
ENSG00000250706.1	AC079340.1	lncRNA	0	0	0	0.0000	0.0000	0.0000
ENSG00000250708.2	LINC02269	lncRNA	0	0	0	0.0000	0.0000	0.0000
ENSG00000250709.1	CCDC169-SOHLH2	protein_coding	0	0	0	0.0000	0.0000	0.0000
ENSG00000250710.3	OR7E99P	unprocessed_pseudogene	0	0	0	0.0000	0.0000	0.0000
ENSG00000250711.1	PRELID3BP7	processed_pseudogene	0	0	0	0.0000	0.0000	0.0000
ENSG00000250712.1	AC106872.8	processed_pseudogene	0	0	0	0.0000	0.0000	0.0000
ENSG00000250714.3	AC100861.2	lncRNA	0	26	30	0.0000	0.0000	0.0000
ENSG00000250715.1	H3P22	processed_pseudogene	0	0	0	0.0000	0.0000	0.0000
ENSG00000250716.1	LINC01017	lncRNA	0	0	0	0.0000	0.0000	0.0000
ENSG00000250719.2	P3R3URF	protein_coding	0	0	0	0.0000	0.0000	0.0000
ENSG00000250721.1	HMGB1P22	processed_pseudogene	0	0	0	0.0000	0.0000	0.0000
ENSG00000250722.6	SELENOP	protein_coding	5693	14144	14520	58.6786	14.5517	15.7337
ENSG00000250723.7	AC016687.2	lncRNA	0	0	0	0.0000	0.0000	0.0000
ENSG00000250725.2	AC080079.1	processed_pseudogene	0	0	0	0.0000	0.0000	0.0000
ENSG00000250726.1	AC107222.1	processed_pseudogene	1	1	0	0.0890	0.0221	0.0239
ENSG00000250727.1	AC100871.1	processed_pseudogene	0	0	0	0.0000	0.0000	0.0000
ENSG00000250728.1	AC010468.2	processed_pseudogene	0	0	0	0.0000	0.0000	0.0000
ENSG00000250730.2	HMGB3P3	processed_pseudogene	0	0	0	0.0000	0.0000	0.0000
ENSG00000250731.1	TPM3P6	processed_pseudogene	26	12	14	1.9871	0.4928	0.5328
ENSG00000250732.1	RPEP1	processed_pseudogene	0	0	0	0.0000	0.0000	0.0000
ENSG00000250733.6	C8orf17	TEC	0	0	0	0.0000	0.0000	0.0000
ENSG00000250734.2	AL391335.1	lncRNA	2	4	4	0.2120	0.0526	0.0568
ENSG00000250735.5	AC096759.2	lncRNA	0	0	0	0.0000	0.0000	0.0000
ENSG00000250739.1	LINC01262	lncRNA	0	0	0	0.0000	0.0000	0.0000
ENSG00000250740.1	AC109361.2	lncRNA	23	453	457	2.2334	0.5539	0.5989
ENSG00000250741.6	NT5C1B-RDH14	protein_coding	0	0	0	0.0000	0.0000	0.0000
ENSG00000250742.4	LINC02381	lncRNA	670	339	353	8.8713	2.2000	2.3787
ENSG00000250745.3	USP17L20	protein_coding	0	0	0	0.0000	0.0000	0.0000
ENSG00000250746.1	AC105250.1	processed_pseudogene	1	0	1	0.0276	0.0068	0.0074
ENSG00000250747.1	AC116345.2	processed_pseudogene	0	0	0	0.0000	0.0000	0.0000
ENSG00000250748.6	AC025419.1	lncRNA	5	42	45	0.0660	0.0164	0.0177
ENSG00000250749.1	AC122714.1	processed_pseudogene	2	0	2	0.2471	0.0613	0.0663
ENSG00000250750.1	OR5BM1P	unprocessed_pseudogene	0	0	0	0.0000	0.0000	0.0000
ENSG00000250751.1	AC015795.1	lncRNA	4	36	53	0.3945	0.0978	0.1058
ENSG00000250752.2	RPL23AP96	processed_pseudogene	0	0	0	0.0000	0.0000	0.0000
ENSG00000250753.2	AC119751.4	processed_pseudogene	17	6	11	2.7005	0.6697	0.7241
ENSG00000250754.6	LINC02436	lncRNA	0	0	0	0.0000	0.0000	0.0000
ENSG00000250756.1	AC018645.1	unprocessed_pseudogene	0	0	0	0.0000	0.0000	0.0000
ENSG00000250761.2	AC093305.1	lncRNA	1	10	5	0.1086	0.0269	0.0291
ENSG00000250762.1	Z99943.2	unprocessed_pseudogene	2	1	1	0.4264	0.1057	0.1143
ENSG00000250764.1	AC025178.1	lncRNA	4	2	3	0.2720	0.0675	0.0729
ENSG00000250765.6	AC138035.2	lncRNA	0	0	0	0.0000	0.0000	0.0000
ENSG00000250767.1	AC139783.1	processed_pseudogene	1	0	1	0.0833	0.0207	0.0223
ENSG00000250768.1	DPP3P1	processed_pseudogene	0	0	0	0.0000	0.0000	0.0000
ENSG00000250769.2	AC119751.5	processed_pseudogene	3	1	2	0.2209	0.0548	0.0592
ENSG00000250770.3	AC005865.1	transcribed_unprocessed_pseudogene	18	12	11	0.1707	0.0423	0.0458
ENSG00000250771.2	AC106865.1	transcribed_unprocessed_pseudogene	71	43	28	1.2287	0.3047	0.3295
ENSG00000250772.6	LINC01365	lncRNA	0	0	0	0.0000	0.0000	0.0000
ENSG00000250775.2	AC093730.1	lncRNA	1	0	1	0.0408	0.0101	0.0109
ENSG00000250777.2	AC131956.2	lncRNA	13	6	7	0.4493	0.1114	0.1205
ENSG00000250778.1	AC004980.4	unprocessed_pseudogene	0	0	0	0.0000	0.0000	0.0000
ENSG00000250781.2	AC024022.1	lncRNA	0	0	0	0.0000	0.0000	0.0000
ENSG00000250782.1	TAF11L14	protein_coding	0	0	0	0.0000	0.0000	0.0000
ENSG00000250786.2	SNHG18	lncRNA	517	264	253	15.0277	3.7267	4.0294
ENSG00000250787.1	HMGN1P17	processed_pseudogene	2	1	1	0.3845	0.0953	0.1031
ENSG00000250788.1	TUBB8P4	unprocessed_pseudogene	0	0	0	0.0000	0.0000	0.0000
ENSG00000250790.4	AC127070.2	lncRNA	65	36	29	1.1297	0.2801	0.3029
ENSG00000250791.2	AC106892.1	lncRNA	0	0	0	0.0000	0.0000	0.0000
ENSG00000250794.2	ALG1L12P	unprocessed_pseudogene	5	4	1	0.6533	0.1620	0.1752
ENSG00000250796.1	AC112484.2	processed_pseudogene	0	4	1	0.0000	0.0000	0.0000
ENSG00000250799.11	PRODH2	protein_coding	0	0	0	0.0000	0.0000	0.0000
ENSG00000250801.2	THOC3-AS1	lncRNA	0	0	0	0.0000	0.0000	0.0000
ENSG00000250802.7	ZBED3-AS1	lncRNA	163	95	108	0.5374	0.1333	0.1441
ENSG00000250803.6	AC010255.2	protein_coding	4	1	3	0.0707	0.0175	0.0190
ENSG00000250804.1	AC073648.3	unprocessed_pseudogene	0	0	0	0.0000	0.0000	0.0000
ENSG00000250806.2	AC027315.1	lncRNA	0	0	0	0.0000	0.0000	0.0000
ENSG00000250808.1	MTCO2P30	processed_pseudogene	1	0	1	0.1558	0.0386	0.0418
ENSG00000250812.2	AC021220.1	processed_pseudogene	0	0	0	0.0000	0.0000	0.0000
ENSG00000250813.1	SERF1AP1	processed_pseudogene	0	0	0	0.0000	0.0000	0.0000
ENSG00000250814.3	LINC02221	lncRNA	1	1	0	0.0384	0.0095	0.0103
ENSG00000250815.1	AC105384.2	processed_pseudogene	1	0	1	0.0886	0.0220	0.0238
ENSG00000250816.1	DCAF13P2	processed_pseudogene	0	0	0	0.0000	0.0000	0.0000
ENSG00000250819.2	LINC02493	lncRNA	0	0	0	0.0000	0.0000	0.0000
ENSG00000250820.1	AC138965.1	lncRNA	3	3	0	0.2995	0.0743	0.0803
ENSG00000250821.3	EXOC1L	protein_coding	0	0	0	0.0000	0.0000	0.0000
ENSG00000250822.1	LINC02111	lncRNA	1	0	1	0.0245	0.0061	0.0066
ENSG00000250825.1	PGAM1P12	processed_pseudogene	0	0	0	0.0000	0.0000	0.0000
ENSG00000250826.2	HNRNPA3P13	processed_pseudogene	0	0	0	0.0000	0.0000	0.0000
ENSG00000250827.1	MFSD4BP1	processed_pseudogene	0	0	0	0.0000	0.0000	0.0000
ENSG00000250828.2	AC108078.3	unprocessed_pseudogene	0	0	0	0.0000	0.0000	0.0000
ENSG00000250829.2	AC108865.1	lncRNA	3	2	1	0.3430	0.0851	0.0920
ENSG00000250830.1	MRPS35P2	processed_pseudogene	0	0	0	0.0000	0.0000	0.0000
ENSG00000250831.1	AC074131.1	lncRNA	0	0	0	0.0000	0.0000	0.0000
ENSG00000250833.1	DNM1P17	unprocessed_pseudogene	1	0	1	0.1331	0.0330	0.0357
ENSG00000250834.1	KRT18P54	processed_pseudogene	0	0	0	0.0000	0.0000	0.0000
ENSG00000250835.1	LSM3P4	processed_pseudogene	1	1	0	0.1835	0.0455	0.0492
ENSG00000250838.1	AC091133.3	lncRNA	0	0	0	0.0000	0.0000	0.0000
ENSG00000250839.1	AC018710.1	unprocessed_pseudogene	0	0	0	0.0000	0.0000	0.0000
ENSG00000250842.1	AC137770.1	lncRNA	2	0	2	0.2140	0.0531	0.0574
ENSG00000250844.3	USP17L18	protein_coding	0	0	0	0.0000	0.0000	0.0000
ENSG00000250846.6	EPHA5-AS1	lncRNA	0	0	1	0.0000	0.0000	0.0000
ENSG00000250847.1	AC010350.1	unprocessed_pseudogene	1	1	0	0.2455	0.0609	0.0658
ENSG00000250848.1	AC021087.2	processed_pseudogene	20	10	10	0.9428	0.2338	0.2528
ENSG00000250850.2	AL161781.2	lncRNA	0	0	0	0.0000	0.0000	0.0000
ENSG00000250853.1	RNF138P1	processed_pseudogene	1	0	1	0.1039	0.0258	0.0278
ENSG00000250855.1	AC139718.2	lncRNA	1	1	0	0.1179	0.0292	0.0316
ENSG00000250857.3	TRIM60P15	processed_pseudogene	0	0	0	0.0000	0.0000	0.0000
ENSG00000250858.1	IGBP1P5	processed_pseudogene	0	0	0	0.0000	0.0000	0.0000
ENSG00000250859.1	HNRNPKP1	processed_pseudogene	38	13	25	1.5627	0.3875	0.4190
ENSG00000250860.1	AC093225.1	processed_pseudogene	3	2	1	0.1208	0.0300	0.0324
ENSG00000250862.1	HMGB1P29	processed_pseudogene	0	0	0	0.0000	0.0000	0.0000
ENSG00000250863.2	AC114757.1	lncRNA	9	4	6	0.0560	0.0139	0.0150
ENSG00000250865.1	AC105362.1	lncRNA	0	0	0	0.0000	0.0000	0.0000
ENSG00000250866.1	AC022424.1	lncRNA	0	0	0	0.0000	0.0000	0.0000
ENSG00000250868.4	XKRY	transcribed_unprocessed_pseudogene	0	0	0	0.0000	0.0000	0.0000
ENSG00000250869.2	AC087359.1	unprocessed_pseudogene	3	3	1	0.0978	0.0242	0.0262
ENSG00000250874.1	AC010595.1	lncRNA	96	43	53	3.7468	0.9292	1.0047
ENSG00000250877.1	AC095056.1	lncRNA	0	2	5	0.0000	0.0000	0.0000
ENSG00000250878.3	METTL21EP	transcribed_unprocessed_pseudogene	8	6	2	0.1941	0.0481	0.0521
ENSG00000250882.1	AC010261.1	lncRNA	2	1	1	0.2482	0.0615	0.0665
ENSG00000250884.1	OR7E85P	unprocessed_pseudogene	0	0	0	0.0000	0.0000	0.0000
ENSG00000250885.1	LINC02061	lncRNA	0	0	0	0.0000	0.0000	0.0000
ENSG00000250886.1	AC010368.1	processed_pseudogene	12	10	2	1.4924	0.3701	0.4002
ENSG00000250887.1	AC106872.9	lncRNA	0	0	0	0.0000	0.0000	0.0000
ENSG00000250888.1	LINC01455	lncRNA	0	0	0	0.0000	0.0000	0.0000
ENSG00000250890.1	AL117351.2	unprocessed_pseudogene	0	0	0	0.0000	0.0000	0.0000
ENSG00000250891.2	LINC02208	lncRNA	7	2	5	0.0583	0.0145	0.0156
ENSG00000250892.1	AC108475.1	unprocessed_pseudogene	1	2	10	0.0597	0.0148	0.0160
ENSG00000250893.1	AC098869.2	lncRNA	14	77	103	0.9210	0.2284	0.2470
ENSG00000250894.1	PRAMEF31P	unprocessed_pseudogene	0	0	0	0.0000	0.0000	0.0000
ENSG00000250895.1	TUBAP15	processed_pseudogene	0	0	0	0.0000	0.0000	0.0000
ENSG00000250896.1	RNPS1P1	processed_pseudogene	10	3	7	0.6178	0.1532	0.1656
ENSG00000250897.2	HMGB3P15	processed_pseudogene	0	0	0	0.0000	0.0000	0.0000
ENSG00000250899.3	AC125807.2	lncRNA	117	59	58	1.8882	0.4682	0.5063
ENSG00000250900.6	TRIM7-AS1	lncRNA	3	51	30	0.1146	0.0284	0.0307
ENSG00000250902.1	SMAD1-AS1	lncRNA	0	312	268	0.0000	0.0000	0.0000
ENSG00000250903.9	GMDS-DT	lncRNA	499	252	247	0.9971	0.2473	0.2674
ENSG00000250905.1	AC093893.1	lncRNA	0	0	0	0.0000	0.0000	0.0000
ENSG00000250906.1	AC131953.1	lncRNA	15	479	482	1.7833	0.4422	0.4782
ENSG00000250908.1	AC110800.1	lncRNA	0	0	0	0.0000	0.0000	0.0000
ENSG00000250909.1	AC138956.1	lncRNA	10	676	633	1.1252	0.2790	0.3017
ENSG00000250910.8	AC097467.3	lncRNA	3	176	183	0.0316	0.0078	0.0085
ENSG00000250913.2	USP17L23	protein_coding	0	0	0	0.0000	0.0000	0.0000
ENSG00000250914.1	AC139783.2	processed_pseudogene	0	0	0	0.0000	0.0000	0.0000
ENSG00000250915.2	AC209005.1	lncRNA	0	0	0	0.0000	0.0000	0.0000
ENSG00000250917.1	AL035458.2	lncRNA	13	5	8	1.5423	0.3825	0.4135
ENSG00000250919.1	UGT2B26P	unprocessed_pseudogene	0	0	0	0.0000	0.0000	0.0000
ENSG00000250920.3	AC105460.1	lncRNA	0	0	0	0.0000	0.0000	0.0000
ENSG00000250921.2	LINC02063	lncRNA	0	0	0	0.0000	0.0000	0.0000
ENSG00000250922.1	ATP5F1EP1	processed_pseudogene	1	1	0	0.3635	0.0902	0.0975
ENSG00000250923.1	AC023141.12	unprocessed_pseudogene	0	0	0	0.0000	0.0000	0.0000
ENSG00000250927.1	MESTP3	processed_pseudogene	2	1	1	0.1172	0.0291	0.0314
ENSG00000250928.1	AC008629.3	processed_pseudogene	0	0	0	0.0000	0.0000	0.0000
ENSG00000250929.2	LINC01181	lncRNA	2	0	3	0.2040	0.0506	0.0547
ENSG00000250930.5	LNX1-AS1	lncRNA	0	0	0	0.0000	0.0000	0.0000
ENSG00000250933.1	GAPDHP66	processed_pseudogene	1	1	0	0.0586	0.0145	0.0157
ENSG00000250934.2	AC016924.1	lncRNA	0	0	0	0.0000	0.0000	0.0000
ENSG00000250938.6	AC073475.1	lncRNA	21	16	5	0.2813	0.0698	0.0754
ENSG00000250939.2	AC034198.1	transcribed_unprocessed_pseudogene	0	0	0	0.0000	0.0000	0.0000
ENSG00000250940.1	AC116562.2	processed_pseudogene	0	0	0	0.0000	0.0000	0.0000
ENSG00000250942.1	ENPP7P11	processed_pseudogene	2	2	0	0.1809	0.0449	0.0485
ENSG00000250945.1	AC096773.1	lncRNA	2	1	1	0.1750	0.0434	0.0469
ENSG00000250946.2	AP004833.1	unprocessed_pseudogene	0	0	0	0.0000	0.0000	0.0000
ENSG00000250947.1	TRPC7-AS2	lncRNA	0	0	0	0.0000	0.0000	0.0000
ENSG00000250948.1	AC091180.4	lncRNA	0	0	0	0.0000	0.0000	0.0000
ENSG00000250949.1	AC093534.2	lncRNA	1	1	0	0.1350	0.0335	0.0362
ENSG00000250950.1	AC093752.2	lncRNA	4	2	2	0.3959	0.0982	0.1061
ENSG00000250951.1	USP9YP1	unprocessed_pseudogene	0	0	0	0.0000	0.0000	0.0000
ENSG00000250954.6	AC016687.3	lncRNA	0	0	0	0.0000	0.0000	0.0000
ENSG00000250955.1	AC008592.2	lncRNA	0	0	0	0.0000	0.0000	0.0000
ENSG00000250956.1	AC011416.2	processed_pseudogene	0	0	0	0.0000	0.0000	0.0000
ENSG00000250957.1	AC012055.1	lncRNA	1	1	0	0.0496	0.0123	0.0133
ENSG00000250958.1	LINC00492	lncRNA	0	0	0	0.0000	0.0000	0.0000
ENSG00000250959.2	GLUD1P3	transcribed_unprocessed_pseudogene	134	74	62	7.3922	1.8332	1.9821
ENSG00000250961.2	AC025470.2	lncRNA	0	0	0	0.0000	0.0000	0.0000
ENSG00000250962.1	AC090568.1	processed_pseudogene	0	0	0	0.0000	0.0000	0.0000
ENSG00000250966.2	H3P14	processed_pseudogene	14	10	4	1.9317	0.4790	0.5180
ENSG00000250968.1	LINC02382	lncRNA	0	0	0	0.0000	0.0000	0.0000
ENSG00000250969.1	AC097658.2	lncRNA	1	1	0	0.0909	0.0225	0.0244
ENSG00000250971.3	AC110772.2	lncRNA	2	2	0	0.0701	0.0174	0.0188
ENSG00000250972.1	CKS1BP5	processed_pseudogene	0	0	0	0.0000	0.0000	0.0000
ENSG00000250973.1	KRTAP13-6P	unprocessed_pseudogene	0	0	0	0.0000	0.0000	0.0000
ENSG00000250974.4	LINC02196	lncRNA	0	0	0	0.0000	0.0000	0.0000
ENSG00000250976.1	AC021491.3	lncRNA	0	0	0	0.0000	0.0000	0.0000
ENSG00000250977.1	AC098859.2	lncRNA	0	0	0	0.0000	0.0000	0.0000
ENSG00000250978.5	AC079467.1	lncRNA	1	0	1	0.0678	0.0168	0.0182
ENSG00000250979.1	AC022905.1	unprocessed_pseudogene	1	0	1	0.0186	0.0046	0.0050
ENSG00000250980.1	NSA2P6	processed_pseudogene	2	1	1	0.1475	0.0366	0.0395
ENSG00000250981.1	MARCHF11-AS1	lncRNA	0	0	0	0.0000	0.0000	0.0000
ENSG00000250982.2	GAPDHP35	processed_pseudogene	18	11	7	1.0459	0.2594	0.2804
ENSG00000250983.1	AC022296.3	processed_pseudogene	0	0	0	0.0000	0.0000	0.0000
ENSG00000250984.1	AC108082.1	processed_pseudogene	0	0	0	0.0000	0.0000	0.0000
ENSG00000250986.1	LINC02600	lncRNA	19	10	9	0.2381	0.0591	0.0638
ENSG00000250988.7	SNHG21	lncRNA	32	15	17	1.7234	0.4274	0.4621
ENSG00000250990.1	AC098851.1	lncRNA	17	5	12	1.6914	0.4194	0.4535
ENSG00000250992.2	AC139491.3	lncRNA	0	0	0	0.0000	0.0000	0.0000
ENSG00000250993.1	AC020551.1	lncRNA	0	0	0	0.0000	0.0000	0.0000
ENSG00000250994.1	AC005355.1	lncRNA	1	1	0	0.0794	0.0197	0.0213
ENSG00000250995.1	TMEM30BP1	processed_pseudogene	13	7	6	0.6942	0.1722	0.1861
ENSG00000250997.1	AC093853.1	processed_pseudogene	0	0	0	0.0000	0.0000	0.0000
ENSG00000250999.2	AC136604.2	lncRNA	55	35	20	2.0453	0.5072	0.5484
ENSG00000251000.1	GGCTP1	processed_pseudogene	12	6	6	1.6280	0.4037	0.4365
ENSG00000251001.1	AC026427.2	processed_pseudogene	0	0	0	0.0000	0.0000	0.0000
ENSG00000251002.8	AC244502.1	lncRNA	18	31	26	0.1123	0.0278	0.0301
ENSG00000251003.9	ZFPM2-AS1	lncRNA	37	20	19	0.7865	0.1950	0.2109
ENSG00000251005.1	H3P15	processed_pseudogene	0	0	0	0.0000	0.0000	0.0000
ENSG00000251008.1	ORAOV1P1	processed_pseudogene	0	0	0	0.0000	0.0000	0.0000
ENSG00000251009.2	AC133961.1	lncRNA	0	0	0	0.0000	0.0000	0.0000
ENSG00000251010.1	AC097372.1	lncRNA	0	0	0	0.0000	0.0000	0.0000
ENSG00000251011.6	TMEM108-AS1	lncRNA	0	0	0	0.0000	0.0000	0.0000
ENSG00000251012.2	AC083800.1	protein_coding	0	0	0	0.0000	0.0000	0.0000
ENSG00000251013.1	GAPDHP62	processed_pseudogene	6	3	3	0.3437	0.0852	0.0922
ENSG00000251014.1	AC137549.1	processed_pseudogene	0	0	0	0.0000	0.0000	0.0000
ENSG00000251015.1	SLC25A30-AS1	lncRNA	1	7	11	0.0809	0.0201	0.0217
ENSG00000251017.1	AC093677.1	processed_pseudogene	1	0	1	0.0836	0.0207	0.0224
ENSG00000251018.2	HMMR-AS1	lncRNA	1	45	58	0.0593	0.0147	0.0159
ENSG00000251019.1	HIGD1AP13	processed_pseudogene	0	0	0	0.0000	0.0000	0.0000
ENSG00000251022.6	THAP9-AS1	lncRNA	1137	590	565	14.6644	3.6366	3.9320
ENSG00000251023.1	AC114980.1	lncRNA	90	37	53	1.6167	0.4009	0.4335
ENSG00000251025.1	NDUFB5P1	processed_pseudogene	0	0	0	0.0000	0.0000	0.0000
ENSG00000251026.2	LINC02163	lncRNA	1	1	0	0.0226	0.0056	0.0061
ENSG00000251027.2	LINC01950	lncRNA	0	0	0	0.0000	0.0000	0.0000
ENSG00000251031.2	AC132803.1	lncRNA	0	1	0	0.0000	0.0000	0.0000
ENSG00000251032.1	CUL1P1	processed_pseudogene	1	1	0	0.0234	0.0058	0.0063
ENSG00000251033.1	AC113347.4	lncRNA	0	0	0	0.0000	0.0000	0.0000
ENSG00000251034.2	AC087854.1	lncRNA	76	99	112	0.7007	0.1738	0.1879
ENSG00000251035.1	WBP1LP4	processed_pseudogene	0	0	0	0.0000	0.0000	0.0000
ENSG00000251038.1	AC090958.1	unprocessed_pseudogene	0	0	0	0.0000	0.0000	0.0000
ENSG00000251039.2	IGKV2D-40	IG_V_gene	12	5	9	2.0254	0.5023	0.5431
ENSG00000251040.1	LINC02480	lncRNA	0	0	0	0.0000	0.0000	0.0000
ENSG00000251044.2	AC024579.1	lncRNA	0	0	0	0.0000	0.0000	0.0000
ENSG00000251045.1	SLC25A48-AS1	lncRNA	0	0	0	0.0000	0.0000	0.0000
ENSG00000251046.2	ZNF969P	processed_pseudogene	0	0	0	0.0000	0.0000	0.0000
ENSG00000251048.1	AC093871.1	lncRNA	0	0	0	0.0000	0.0000	0.0000
ENSG00000251049.2	AC107396.1	lncRNA	0	0	0	0.0000	0.0000	0.0000
ENSG00000251050.1	RBX1P2	processed_pseudogene	5	4	1	0.9088	0.2254	0.2437
ENSG00000251051.1	ELL2P2	processed_pseudogene	0	0	0	0.0000	0.0000	0.0000
ENSG00000251054.1	AC008883.2	lncRNA	2	1	1	0.2740	0.0679	0.0735
ENSG00000251055.2	AC097491.1	lncRNA	0	0	0	0.0000	0.0000	0.0000
ENSG00000251056.1	ANKRD20A17P	unprocessed_pseudogene	8	4	4	0.3411	0.0846	0.0915
ENSG00000251058.1	AC010181.2	lncRNA	0	0	0	0.0000	0.0000	0.0000
ENSG00000251059.6	PRKG2-AS1	lncRNA	1	1	0	0.0654	0.0162	0.0175
ENSG00000251061.2	LINC02512	lncRNA	0	0	0	0.0000	0.0000	0.0000
ENSG00000251062.1	AC025459.1	processed_pseudogene	0	0	0	0.0000	0.0000	0.0000
ENSG00000251066.1	AC026700.1	processed_pseudogene	1	0	1	0.1042	0.0259	0.0280
ENSG00000251072.2	LMNB1-DT	lncRNA	0	0	0	0.0000	0.0000	0.0000
ENSG00000251073.1	NUDT19P5	processed_pseudogene	0	1	0	0.0000	0.0000	0.0000
ENSG00000251074.1	AC147055.3	unprocessed_pseudogene	0	0	0	0.0000	0.0000	0.0000
ENSG00000251075.2	HTT-AS	lncRNA	3	6	2	0.0756	0.0188	0.0203
ENSG00000251076.1	AC104126.1	lncRNA	1	0	1	0.0798	0.0198	0.0214
ENSG00000251078.1	SLC25A5P9	processed_pseudogene	0	0	0	0.0000	0.0000	0.0000
ENSG00000251079.6	BMS1P2	transcribed_unprocessed_pseudogene	3	2	1	0.0790	0.0196	0.0212
ENSG00000251080.1	AC024132.2	lncRNA	0	0	0	0.0000	0.0000	0.0000
ENSG00000251081.1	AC104663.1	lncRNA	0	0	0	0.0000	0.0000	0.0000
ENSG00000251087.3	ALG1L3P	unprocessed_pseudogene	0	0	0	0.0000	0.0000	0.0000
ENSG00000251088.1	AC117473.1	lncRNA	0	0	0	0.0000	0.0000	0.0000
ENSG00000251090.2	OR5AC4P	transcribed_unprocessed_pseudogene	0	0	0	0.0000	0.0000	0.0000
ENSG00000251093.1	AC093281.2	lncRNA	0	0	0	0.0000	0.0000	0.0000
ENSG00000251095.7	AC093866.1	lncRNA	137	103	87	1.1140	0.2763	0.2987
ENSG00000251099.2	AC008967.1	processed_pseudogene	1	3	2	0.3479	0.0863	0.0933
ENSG00000251101.1	AC147055.4	processed_pseudogene	0	0	0	0.0000	0.0000	0.0000
ENSG00000251102.1	CTBP2P4	processed_pseudogene	3	1	2	0.1849	0.0459	0.0496
ENSG00000251105.1	AC110792.1	processed_pseudogene	0	0	0	0.0000	0.0000	0.0000
ENSG00000251106.1	ABITRAMP1	processed_pseudogene	0	0	0	0.0000	0.0000	0.0000
ENSG00000251107.1	PDCD5P2	processed_pseudogene	1	0	1	0.1818	0.0451	0.0487
ENSG00000251108.1	YBX1P5	processed_pseudogene	0	0	0	0.0000	0.0000	0.0000
ENSG00000251111.2	FCF1P8	processed_pseudogene	2	0	2	0.1900	0.0471	0.0509
ENSG00000251112.2	AC106794.2	processed_pseudogene	0	0	0	0.0000	0.0000	0.0000
ENSG00000251113.2	AC092593.1	processed_pseudogene	0	0	0	0.0000	0.0000	0.0000
ENSG00000251118.1	H3P24	processed_pseudogene	0	0	0	0.0000	0.0000	0.0000
ENSG00000251122.1	NIFKP2	processed_pseudogene	0	0	0	0.0000	0.0000	0.0000
ENSG00000251123.1	AC084752.1	processed_pseudogene	0	0	0	0.0000	0.0000	0.0000
ENSG00000251125.1	AC091860.2	lncRNA	0	0	0	0.0000	0.0000	0.0000
ENSG00000251126.2	AC017007.5	lncRNA	0	0	0	0.0000	0.0000	0.0000
ENSG00000251127.2	AC091173.1	lncRNA	0	0	0	0.0000	0.0000	0.0000
ENSG00000251128.1	WWC2-AS1	lncRNA	0	0	0	0.0000	0.0000	0.0000
ENSG00000251129.2	LINC02506	lncRNA	38	21	17	1.0753	0.2667	0.2883
ENSG00000251131.2	AC025171.3	lncRNA	8	4	8	0.2552	0.0633	0.0684
ENSG00000251132.1	AC094104.2	lncRNA	0	0	0	0.0000	0.0000	0.0000
ENSG00000251135.2	AC008565.1	processed_pseudogene	0	0	0	0.0000	0.0000	0.0000
ENSG00000251136.9	AF117829.1	lncRNA	585	313	279	2.3035	0.5713	0.6177
ENSG00000251137.1	RPL7L1P7	processed_pseudogene	0	0	0	0.0000	0.0000	0.0000
ENSG00000251138.7	LINC02882	lncRNA	0	0	0	0.0000	0.0000	0.0000
ENSG00000251139.2	AC084871.1	lncRNA	2	1	1	0.1806	0.0448	0.0484
ENSG00000251141.6	MRPS30-DT	lncRNA	10239	5144	5098	122.2686	30.3214	32.7843
ENSG00000251142.1	AC025674.1	processed_pseudogene	0	0	0	0.0000	0.0000	0.0000
ENSG00000251143.1	AP002490.1	lncRNA	12	3789	3599	0.1608	0.0399	0.0431
ENSG00000251144.1	AC113346.1	lncRNA	6	4	2	1.1856	0.2940	0.3179
ENSG00000251147.1	AC084871.2	processed_pseudogene	0	0	0	0.0000	0.0000	0.0000
ENSG00000251148.1	AL158068.2	lncRNA	1	0	1	0.1007	0.0250	0.0270
ENSG00000251149.1	MTND5P5	processed_pseudogene	0	0	0	0.0000	0.0000	0.0000
ENSG00000251151.2	HOXC-AS3	lncRNA	0	4	7	0.0000	0.0000	0.0000
ENSG00000251152.1	AC025539.1	lncRNA	0	0	0	0.0000	0.0000	0.0000
ENSG00000251154.2	AC002456.2	protein_coding	0	0	0	0.0000	0.0000	0.0000
ENSG00000251155.2	SEPTIN14P4	processed_pseudogene	3	1	2	0.9147	0.2268	0.2453
ENSG00000251158.1	AC131392.1	unprocessed_pseudogene	1	0	1	0.0131	0.0032	0.0035
ENSG00000251159.1	AC093852.1	processed_pseudogene	0	0	0	0.0000	0.0000	0.0000
ENSG00000251161.4	AC020661.1	lncRNA	14	5	9	0.4640	0.1151	0.1244
ENSG00000251162.1	AC074198.1	processed_pseudogene	0	0	0	0.0000	0.0000	0.0000
ENSG00000251163.1	PRELID3BP4	processed_pseudogene	0	0	0	0.0000	0.0000	0.0000
ENSG00000251165.6	F11-AS1	lncRNA	0	0	1	0.0000	0.0000	0.0000
ENSG00000251166.1	OR7E163P	unprocessed_pseudogene	0	0	0	0.0000	0.0000	0.0000
ENSG00000251168.1	AC025174.1	lncRNA	1	0	1	0.1922	0.0477	0.0515
ENSG00000251169.2	LINC01843	lncRNA	177	88	89	9.0674	2.2486	2.4313
ENSG00000251170.6	AC004052.1	lncRNA	0	0	0	0.0000	0.0000	0.0000
ENSG00000251171.1	AC096741.1	lncRNA	1	1	0	0.0890	0.0221	0.0239
ENSG00000251172.1	AC117470.1	processed_pseudogene	0	0	0	0.0000	0.0000	0.0000
ENSG00000251173.1	UCHL1-AS1	lncRNA	0	0	0	0.0000	0.0000	0.0000
ENSG00000251174.1	TSEN2P1	processed_pseudogene	0	0	0	0.0000	0.0000	0.0000
ENSG00000251175.5	GSTCD-AS1	lncRNA	1	0	1	0.0687	0.0170	0.0184
ENSG00000251176.1	AC074254.1	lncRNA	0	0	0	0.0000	0.0000	0.0000
ENSG00000251177.2	AC093829.1	unprocessed_pseudogene	0	0	0	0.0000	0.0000	0.0000
ENSG00000251178.1	OR7E21P	unprocessed_pseudogene	0	0	0	0.0000	0.0000	0.0000
ENSG00000251179.1	TMEM92-AS1	lncRNA	32	19	15	2.4196	0.6000	0.6488
ENSG00000251182.2	LINC02497	lncRNA	0	0	0	0.0000	0.0000	0.0000
ENSG00000251183.1	LINC01861	lncRNA	0	0	0	0.0000	0.0000	0.0000
ENSG00000251184.1	AL672142.1	protein_coding	0	0	0	0.0000	0.0000	0.0000
ENSG00000251185.1	AC025244.1	lncRNA	0	0	0	0.0000	0.0000	0.0000
ENSG00000251186.1	AC105345.2	lncRNA	2	39	38	0.1708	0.0424	0.0458
ENSG00000251187.5	AC010261.2	lncRNA	3	115	103	0.1458	0.0362	0.0391
ENSG00000251188.1	AC079140.3	processed_pseudogene	16	7	9	1.6497	0.4091	0.4424
ENSG00000251189.1	AC010425.1	lncRNA	0	0	0	0.0000	0.0000	0.0000
ENSG00000251191.8	LINC00589	lncRNA	10	5	5	0.2734	0.0678	0.0733
ENSG00000251192.7	ZNF674	protein_coding	348	163	190	3.1815	0.7890	0.8531
ENSG00000251193.1	AC112203.1	processed_pseudogene	0	0	0	0.0000	0.0000	0.0000
ENSG00000251194.2	AL133330.1	lncRNA	37	17	20	2.9805	0.7391	0.7992
ENSG00000251195.1	AC105417.1	processed_pseudogene	0	0	0	0.0000	0.0000	0.0000
ENSG00000251196.1	AC106760.1	unprocessed_pseudogene	0	23	25	0.0000	0.0000	0.0000
ENSG00000251199.6	AC015631.1	lncRNA	0	0	0	0.0000	0.0000	0.0000
ENSG00000251200.2	AC084866.2	lncRNA	0	0	0	0.0000	0.0000	0.0000
ENSG00000251201.8	TMED7-TICAM2	protein_coding	3	2	1	0.0456	0.0113	0.0122
ENSG00000251203.1	DNAJB6P2	processed_pseudogene	1	1	0	0.0848	0.0210	0.0227
ENSG00000251204.1	AC027313.1	processed_pseudogene	0	0	0	0.0000	0.0000	0.0000
ENSG00000251205.3	AC016598.2	lncRNA	0	0	0	0.0000	0.0000	0.0000
ENSG00000251206.1	AC010420.1	lncRNA	6	2	4	0.6685	0.1658	0.1792
ENSG00000251209.9	LINC00923	lncRNA	9	4	5	0.0313	0.0078	0.0084
ENSG00000251210.6	LINC02270	lncRNA	0	0	0	0.0000	0.0000	0.0000
ENSG00000251211.1	AC136632.2	processed_pseudogene	17	6	11	1.1197	0.2777	0.3002
ENSG00000251212.1	MTND5P4	processed_pseudogene	0	0	0	0.0000	0.0000	0.0000
ENSG00000251213.1	AC012055.2	lncRNA	0	0	0	0.0000	0.0000	0.0000
ENSG00000251214.1	AC025465.4	lncRNA	0	0	0	0.0000	0.0000	0.0000
ENSG00000251215.1	GOLGA5P1	processed_pseudogene	0	0	0	0.0000	0.0000	0.0000
ENSG00000251216.2	AC106895.2	lncRNA	0	0	0	0.0000	0.0000	0.0000
ENSG00000251218.1	AC103764.1	lncRNA	0	0	0	0.0000	0.0000	0.0000
ENSG00000251219.2	LINC01217	lncRNA	0	0	0	0.0000	0.0000	0.0000
ENSG00000251220.2	RFPL4AP3	processed_pseudogene	0	0	0	0.0000	0.0000	0.0000
ENSG00000251221.1	LINC01337	lncRNA	8	2	6	1.0311	0.2557	0.2765
ENSG00000251223.1	MTCO1P9	unprocessed_pseudogene	0	0	0	0.0000	0.0000	0.0000
ENSG00000251224.1	CNOT10-AS1	lncRNA	1	91	95	0.1217	0.0302	0.0326
ENSG00000251226.1	LINC02714	lncRNA	4	2	2	0.0616	0.0153	0.0165
ENSG00000251228.1	AC104619.4	processed_pseudogene	0	0	0	0.0000	0.0000	0.0000
ENSG00000251229.1	AL645924.2	processed_pseudogene	2	2	0	0.1260	0.0313	0.0338
ENSG00000251230.6	MIR3945HG	lncRNA	3	4	4	0.0792	0.0196	0.0212
ENSG00000251234.1	PSMA2P2	processed_pseudogene	0	0	0	0.0000	0.0000	0.0000
ENSG00000251235.3	SNRPCP2	processed_pseudogene	0	0	0	0.0000	0.0000	0.0000
ENSG00000251236.1	AC021146.8	unprocessed_pseudogene	0	0	0	0.0000	0.0000	0.0000
ENSG00000251237.1	B3GNTL1P1	processed_pseudogene	0	0	0	0.0000	0.0000	0.0000
ENSG00000251239.1	AC004590.1	lncRNA	0	5	2	0.0000	0.0000	0.0000
ENSG00000251243.1	AC005178.1	processed_pseudogene	0	0	0	0.0000	0.0000	0.0000
ENSG00000251244.2	AC107208.1	lncRNA	1	0	1	0.0146	0.0036	0.0039
ENSG00000251246.1	AL691442.1	protein_coding	0	0	0	0.0000	0.0000	0.0000
ENSG00000251247.11	ZNF345	protein_coding	331	163	170	3.9610	0.9823	1.0621
ENSG00000251248.1	AC139720.2	lncRNA	0	0	0	0.0000	0.0000	0.0000
ENSG00000251249.2	AC097375.3	lncRNA	1	0	1	0.0182	0.0045	0.0049
ENSG00000251250.3	AC091951.3	transcribed_unprocessed_pseudogene	0	0	0	0.0000	0.0000	0.0000
ENSG00000251252.1	MTND2P31	processed_pseudogene	0	0	0	0.0000	0.0000	0.0000
ENSG00000251253.1	MTHFD2P4	processed_pseudogene	0	0	0	0.0000	0.0000	0.0000
ENSG00000251254.1	GTF2F2P1	processed_pseudogene	3	0	3	0.2520	0.0625	0.0676
ENSG00000251256.1	LINC02358	lncRNA	0	0	0	0.0000	0.0000	0.0000
ENSG00000251257.2	AC010457.1	lncRNA	12	8	4	0.9374	0.2325	0.2513
ENSG00000251258.2	RFPL4B	protein_coding	2	1	1	0.0598	0.0148	0.0160
ENSG00000251259.1	AC004069.1	lncRNA	11	5	6	1.1363	0.2818	0.3047
ENSG00000251260.2	WDFY3-AS1	lncRNA	0	158	161	0.0000	0.0000	0.0000
ENSG00000251261.4	OR7H2P	unprocessed_pseudogene	0	0	0	0.0000	0.0000	0.0000
ENSG00000251264.1	AC098868.1	lncRNA	0	0	0	0.0000	0.0000	0.0000
ENSG00000251266.2	LINC02429	lncRNA	0	0	0	0.0000	0.0000	0.0000
ENSG00000251270.1	AC108727.2	lncRNA	0	0	0	0.0000	0.0000	0.0000
ENSG00000251271.3	ALG1L7P	unprocessed_pseudogene	2	10	7	0.1477	0.0366	0.0396
ENSG00000251273.4	LINC02228	lncRNA	4	4	3	0.0463	0.0115	0.0124
ENSG00000251276.1	MAGI2-AS1	lncRNA	0	0	0	0.0000	0.0000	0.0000
ENSG00000251278.1	AC006499.5	processed_pseudogene	0	0	0	0.0000	0.0000	0.0000
ENSG00000251279.1	SMIM15-AS1	lncRNA	10	279	279	0.7124	0.1767	0.1910
ENSG00000251281.1	AC034223.2	lncRNA	0	0	0	0.0000	0.0000	0.0000
ENSG00000251283.1	LINC02272	lncRNA	0	0	0	0.0000	0.0000	0.0000
ENSG00000251284.2	AC111000.5	processed_pseudogene	0	0	0	0.0000	0.0000	0.0000
ENSG00000251285.2	AC097484.2	processed_pseudogene	0	0	0	0.0000	0.0000	0.0000
ENSG00000251286.2	AC097522.1	processed_pseudogene	0	0	0	0.0000	0.0000	0.0000
ENSG00000251287.8	ALG1L2	protein_coding	17	8	10	0.6431	0.1595	0.1724
ENSG00000251288.2	AC018797.2	processed_pseudogene	10	5	5	0.4570	0.1133	0.1225
ENSG00000251291.2	LINC02462	lncRNA	1	0	1	0.0356	0.0088	0.0095
ENSG00000251292.1	ERVH-1	lncRNA	0	0	0	0.0000	0.0000	0.0000
ENSG00000251293.1	AC008574.1	lncRNA	0	0	0	0.0000	0.0000	0.0000
ENSG00000251294.1	AC091885.2	lncRNA	0	0	0	0.0000	0.0000	0.0000
ENSG00000251296.1	AC006499.6	processed_pseudogene	0	0	0	0.0000	0.0000	0.0000
ENSG00000251297.1	TUBB7P	unprocessed_pseudogene	0	0	0	0.0000	0.0000	0.0000
ENSG00000251298.1	AC093835.1	lncRNA	1	1	0	0.0998	0.0248	0.0268
ENSG00000251299.1	SLC25A15P3	unprocessed_pseudogene	0	0	0	0.0000	0.0000	0.0000
ENSG00000251300.1	AC104596.2	processed_pseudogene	0	0	0	0.0000	0.0000	0.0000
ENSG00000251301.7	LINC02384	lncRNA	41	25	16	0.4365	0.1082	0.1170
ENSG00000251303.1	CAB39P1	processed_pseudogene	1	1	0	0.1233	0.0306	0.0331
ENSG00000251306.1	NDUFB4P2	processed_pseudogene	0	0	0	0.0000	0.0000	0.0000
ENSG00000251307.1	AC026704.1	lncRNA	7	120	104	0.5155	0.1279	0.1382
ENSG00000251308.1	MRPS33P3	processed_pseudogene	0	0	0	0.0000	0.0000	0.0000
ENSG00000251309.1	AP002075.1	lncRNA	0	0	0	0.0000	0.0000	0.0000
ENSG00000251310.1	AC107391.1	lncRNA	0	0	0	0.0000	0.0000	0.0000
ENSG00000251311.1	LINC02214	lncRNA	0	0	0	0.0000	0.0000	0.0000
ENSG00000251312.2	AC004062.1	processed_pseudogene	0	0	0	0.0000	0.0000	0.0000
ENSG00000251313.1	AC073648.4	processed_pseudogene	0	0	0	0.0000	0.0000	0.0000
ENSG00000251314.2	AC104123.1	lncRNA	7	2	5	0.2668	0.0662	0.0715
ENSG00000251320.1	AC011352.3	lncRNA	143	67	78	13.6754	3.3914	3.6668
ENSG00000251321.1	PCAT4	lncRNA	1	0	1	0.0252	0.0063	0.0068
ENSG00000251322.9	SHANK3	protein_coding	886	469	418	5.5251	1.3702	1.4815
ENSG00000251323.3	LINC02728	lncRNA	12	8	4	0.3067	0.0761	0.0822
ENSG00000251324.1	LINC01386	lncRNA	0	0	0	0.0000	0.0000	0.0000
ENSG00000251325.1	AC024132.3	lncRNA	0	0	0	0.0000	0.0000	0.0000
ENSG00000251326.2	LINC02479	lncRNA	0	0	0	0.0000	0.0000	0.0000
ENSG00000251329.1	LINC02353	lncRNA	0	0	0	0.0000	0.0000	0.0000
ENSG00000251330.3	AC114939.1	lncRNA	15	7	8	1.6550	0.4104	0.4438
ENSG00000251332.1	PSME2P4	processed_pseudogene	0	0	0	0.0000	0.0000	0.0000
ENSG00000251333.3	RTN3P1	processed_pseudogene	4	2	2	0.3190	0.0791	0.0855
ENSG00000251334.2	AC020593.1	processed_pseudogene	0	0	0	0.0000	0.0000	0.0000
ENSG00000251336.1	TEMN3-AS1	lncRNA	0	0	0	0.0000	0.0000	0.0000
ENSG00000251338.1	AC006499.7	processed_pseudogene	0	0	0	0.0000	0.0000	0.0000
ENSG00000251339.6	AC017091.1	lncRNA	0	0	0	0.0000	0.0000	0.0000
ENSG00000251340.1	MTCYBP35	processed_pseudogene	1	1	0	0.0499	0.0124	0.0134
ENSG00000251342.1	AC026774.2	processed_pseudogene	0	0	0	0.0000	0.0000	0.0000
ENSG00000251345.2	CDRT15P11	processed_pseudogene	0	0	0	0.0000	0.0000	0.0000
ENSG00000251347.2	IRF5P1	processed_pseudogene	0	0	0	0.0000	0.0000	0.0000
ENSG00000251348.1	HSPD1P11	processed_pseudogene	11	7	4	0.3665	0.0909	0.0983
ENSG00000251349.3	MSANTD3-TMEFF1	protein_coding	0	0	0	0.0000	0.0000	0.0000
ENSG00000251350.2	LINC02475	lncRNA	32	20	12	0.6081	0.1508	0.1631
ENSG00000251352.1	AC122714.2	processed_pseudogene	0	0	0	0.0000	0.0000	0.0000
ENSG00000251353.1	MTND3P5	unprocessed_pseudogene	0	0	0	0.0000	0.0000	0.0000
ENSG00000251354.3	AC024451.1	unprocessed_pseudogene	5	4	1	0.3640	0.0903	0.0976
ENSG00000251356.1	RAB5CP2	processed_pseudogene	1	1	0	0.0890	0.0221	0.0239
ENSG00000251357.4	AP000350.4	protein_coding	0	0	0	0.0000	0.0000	0.0000
ENSG00000251359.4	WWC2-AS2	lncRNA	18	14	4	0.4676	0.1160	0.1254
ENSG00000251360.2	KHDC1P1	transcribed_unprocessed_pseudogene	0	0	0	0.0000	0.0000	0.0000
ENSG00000251361.1	AC012625.1	lncRNA	0	0	0	0.0000	0.0000	0.0000
ENSG00000251363.3	LINC02315	lncRNA	0	0	0	0.0000	0.0000	0.0000
ENSG00000251364.7	AC107884.1	lncRNA	38	21	20	0.1901	0.0471	0.0510
ENSG00000251365.4	LINC02236	lncRNA	75	38	38	0.9996	0.2479	0.2680
ENSG00000251366.1	DBIP2	processed_pseudogene	0	0	0	0.0000	0.0000	0.0000
ENSG00000251367.1	AC091917.3	lncRNA	0	0	0	0.0000	0.0000	0.0000
ENSG00000251368.1	AC016632.1	processed_pseudogene	0	0	0	0.0000	0.0000	0.0000
ENSG00000251369.9	ZNF550	protein_coding	634	371	337	7.0678	1.7528	1.8951
ENSG00000251370.1	SEMA5A-AS1	lncRNA	2	1	1	0.0676	0.0168	0.0181
ENSG00000251371.1	AC010634.1	lncRNA	0	0	0	0.0000	0.0000	0.0000
ENSG00000251372.6	LINC00499	lncRNA	0	0	0	0.0000	0.0000	0.0000
ENSG00000251373.1	AC092593.2	processed_pseudogene	0	0	0	0.0000	0.0000	0.0000
ENSG00000251374.1	AC010598.1	processed_pseudogene	4	2	2	2.2023	0.5462	0.5905
ENSG00000251376.1	AC034238.3	lncRNA	0	0	0	0.0000	0.0000	0.0000
ENSG00000251377.2	AC079340.2	lncRNA	0	0	0	0.0000	0.0000	0.0000
ENSG00000251378.1	AC096582.2	unprocessed_pseudogene	0	0	0	0.0000	0.0000	0.0000
ENSG00000251379.1	AC099550.1	lncRNA	2	1	1	0.1302	0.0323	0.0349
ENSG00000251380.3	DCANP1	protein_coding	0	0	0	0.0000	0.0000	0.0000
ENSG00000251381.8	LINC00958	lncRNA	31	15	16	0.3047	0.0756	0.0817
ENSG00000251383.1	LINC02483	lncRNA	0	0	0	0.0000	0.0000	0.0000
ENSG00000251385.2	MTCYBP16	processed_pseudogene	1	0	1	0.0502	0.0125	0.0135
ENSG00000251387.1	AC008667.3	lncRNA	1	0	1	0.1025	0.0254	0.0275
ENSG00000251388.1	AC079380.1	lncRNA	1	1	0	0.0916	0.0227	0.0246
ENSG00000251389.1	YTHDF1P1	processed_pseudogene	0	0	0	0.0000	0.0000	0.0000
ENSG00000251391.5	AC092353.1	lncRNA	5	1	4	0.0678	0.0168	0.0182
ENSG00000251393.4	AC005280.1	lncRNA	1	2	3	0.0264	0.0065	0.0071
ENSG00000251395.1	FTH1P9	processed_pseudogene	0	0	0	0.0000	0.0000	0.0000
ENSG00000251396.7	LINC01301	lncRNA	132	75	57	0.7594	0.1883	0.2036
ENSG00000251398.2	LINC01256	lncRNA	0	0	0	0.0000	0.0000	0.0000
ENSG00000251399.1	AC092542.1	lncRNA	0	0	0	0.0000	0.0000	0.0000
ENSG00000251400.1	ALDH7A1P1	processed_pseudogene	10	5	5	0.3699	0.0917	0.0992
ENSG00000251401.2	AC093729.1	processed_pseudogene	0	0	0	0.0000	0.0000	0.0000
ENSG00000251402.3	FAM90A25P	unprocessed_pseudogene	0	0	0	0.0000	0.0000	0.0000
ENSG00000251405.3	AC016571.1	lncRNA	3	3	0	0.0854	0.0212	0.0229
ENSG00000251407.1	MTND1P22	unprocessed_pseudogene	0	0	0	0.0000	0.0000	0.0000
ENSG00000251408.1	AC113615.1	lncRNA	1	0	1	0.0138	0.0034	0.0037
ENSG00000251409.1	AC008592.3	lncRNA	2	0	6	0.2520	0.0625	0.0676
ENSG00000251410.2	AC007106.1	lncRNA	0	0	0	0.0000	0.0000	0.0000
ENSG00000251411.1	AC093827.3	processed_pseudogene	10	4	6	0.5109	0.1267	0.1370
ENSG00000251412.1	AC006296.2	lncRNA	2	2	0	0.1485	0.0368	0.0398
ENSG00000251413.1	AC068898.2	lncRNA	0	0	0	0.0000	0.0000	0.0000
ENSG00000251414.1	AC138956.2	lncRNA	21	8	13	2.2555	0.5593	0.6048
ENSG00000251416.1	AC103879.1	lncRNA	0	0	0	0.0000	0.0000	0.0000
ENSG00000251417.2	AC145285.2	lncRNA	32	18	15	0.9245	0.2293	0.2479
ENSG00000251418.2	ASS1P8	processed_pseudogene	1	0	1	0.0877	0.0217	0.0235
ENSG00000251419.1	AC108120.3	processed_pseudogene	0	0	0	0.0000	0.0000	0.0000
ENSG00000251421.2	AC016556.1	lncRNA	0	0	0	0.0000	0.0000	0.0000
ENSG00000251423.3	AC016576.1	lncRNA	2	37	24	0.0290	0.0072	0.0078
ENSG00000251424.1	AC021146.9	unprocessed_pseudogene	0	0	0	0.0000	0.0000	0.0000
ENSG00000251426.1	AC010451.2	lncRNA	0	0	0	0.0000	0.0000	0.0000
ENSG00000251427.1	AC111000.6	unprocessed_pseudogene	0	0	0	0.0000	0.0000	0.0000
ENSG00000251429.1	AIDAP2	transcribed_processed_pseudogene	28	14	14	0.4391	0.1089	0.1177
ENSG00000251430.1	MTCO3P27	unprocessed_pseudogene	0	0	0	0.0000	0.0000	0.0000
ENSG00000251431.1	AC245884.7	unprocessed_pseudogene	0	0	0	0.0000	0.0000	0.0000
ENSG00000251432.7	LINC02615	lncRNA	122	65	58	1.1819	0.2931	0.3169
ENSG00000251433.1	CCNHP1	processed_pseudogene	0	0	0	0.0000	0.0000	0.0000
ENSG00000251434.1	AC104071.1	lncRNA	0	0	0	0.0000	0.0000	0.0000
ENSG00000251435.1	C1GALT1P2	processed_pseudogene	0	0	0	0.0000	0.0000	0.0000
ENSG00000251436.2	NUP58P1	processed_pseudogene	0	0	0	0.0000	0.0000	0.0000
ENSG00000251437.1	NDUFS5P4	processed_pseudogene	0	0	0	0.0000	0.0000	0.0000
ENSG00000251438.1	AC104078.2	lncRNA	0	0	0	0.0000	0.0000	0.0000
ENSG00000251439.1	KRTAP4-17P	unprocessed_pseudogene	0	0	0	0.0000	0.0000	0.0000
ENSG00000251440.2	STMN1P2	processed_pseudogene	0	0	0	0.0000	0.0000	0.0000
ENSG00000251441.3	RTEL1P1	transcribed_processed_pseudogene	6	0	6	0.0709	0.0176	0.0190
ENSG00000251442.6	LINC01094	lncRNA	729	349	380	7.2810	1.8056	1.9523
ENSG00000251443.2	LINC02160	lncRNA	0	0	0	0.0000	0.0000	0.0000
ENSG00000251445.1	AC021151.1	lncRNA	0	0	0	0.0000	0.0000	0.0000
ENSG00000251446.1	AC113391.2	lncRNA	0	0	0	0.0000	0.0000	0.0000
ENSG00000251447.1	AC107027.2	unprocessed_pseudogene	0	0	0	0.0000	0.0000	0.0000
ENSG00000251448.2	AC063919.1	lncRNA	0	0	0	0.0000	0.0000	0.0000
ENSG00000251449.2	MTND1P19	processed_pseudogene	0	0	0	0.0000	0.0000	0.0000
ENSG00000251450.2	RASGRF2-AS1	lncRNA	19	16	10	0.2824	0.0700	0.0757
ENSG00000251451.1	GTF2IP9	transcribed_unprocessed_pseudogene	0	0	0	0.0000	0.0000	0.0000
ENSG00000251452.2	AC109811.2	processed_pseudogene	0	0	0	0.0000	0.0000	0.0000
ENSG00000251453.1	HAUS1P1	processed_pseudogene	0	0	0	0.0000	0.0000	0.0000
ENSG00000251454.1	AC025244.2	lncRNA	0	0	0	0.0000	0.0000	0.0000
ENSG00000251455.1	AC092611.1	lncRNA	14	14	10	0.3095	0.0768	0.0830
ENSG00000251456.1	AC113398.2	lncRNA	1	1	0	0.1016	0.0252	0.0273
ENSG00000251458.1	AC139491.4	lncRNA	0	0	1	0.0000	0.0000	0.0000
ENSG00000251459.2	AC013724.1	lncRNA	0	0	0	0.0000	0.0000	0.0000
ENSG00000251460.1	AC097381.2	lncRNA	0	0	0	0.0000	0.0000	0.0000
ENSG00000251461.3	AC091133.4	lncRNA	0	0	0	0.0000	0.0000	0.0000
ENSG00000251463.2	FKBP4P1	processed_pseudogene	2	0	2	0.0842	0.0209	0.0226
ENSG00000251464.2	RPL7L1P13	processed_pseudogene	0	0	0	0.0000	0.0000	0.0000
ENSG00000251467.1	AC020893.1	processed_pseudogene	1	0	1	0.0784	0.0195	0.0210
ENSG00000251468.2	AC135352.1	unprocessed_pseudogene	3	1	2	0.1200	0.0298	0.0322
ENSG00000251470.1	ASNSP4	unprocessed_pseudogene	1	1	0	0.1269	0.0315	0.0340
ENSG00000251471.1	AC016933.1	lncRNA	3	1	2	0.3156	0.0783	0.0846
ENSG00000251473.2	AC004069.2	processed_pseudogene	0	0	1	0.0000	0.0000	0.0000
ENSG00000251474.6	RPL32P3	transcribed_unprocessed_pseudogene	444	243	222	5.5904	1.3864	1.4990
ENSG00000251476.2	MTCO1P31	processed_pseudogene	2	2	0	0.2305	0.0572	0.0618
ENSG00000251477.1	AC114322.1	processed_pseudogene	0	0	0	0.0000	0.0000	0.0000
ENSG00000251478.1	AC008817.1	processed_pseudogene	0	0	0	0.0000	0.0000	0.0000
ENSG00000251482.1	AKIRIN2P1	processed_pseudogene	0	0	0	0.0000	0.0000	0.0000
ENSG00000251483.2	LYPLA1P2	processed_pseudogene	0	0	0	0.0000	0.0000	0.0000
ENSG00000251484.3	AL356488.1	processed_pseudogene	9	4	6	0.8381	0.2078	0.2247
ENSG00000251485.1	NRBF2P6	processed_pseudogene	5	2	3	0.3598	0.0892	0.0965
ENSG00000251487.1	AC106744.2	lncRNA	0	0	0	0.0000	0.0000	0.0000
ENSG00000251488.1	AC115622.1	lncRNA	0	0	0	0.0000	0.0000	0.0000
ENSG00000251489.2	AC108941.1	processed_pseudogene	0	0	0	0.0000	0.0000	0.0000
ENSG00000251490.1	AC093763.1	lncRNA	0	0	0	0.0000	0.0000	0.0000
ENSG00000251491.2	OR7E28P	transcribed_unprocessed_pseudogene	1	1	0	0.0582	0.0144	0.0156
ENSG00000251492.1	AC104136.1	processed_pseudogene	0	0	0	0.0000	0.0000	0.0000
ENSG00000251493.5	FOXD1	protein_coding	34	57	73	0.6735	0.1670	0.1806
ENSG00000251495.1	PPIAP11	processed_pseudogene	11	3	8	1.2653	0.3138	0.3393
ENSG00000251497.2	PITPNM2-AS1	lncRNA	1	0	1	0.0248	0.0061	0.0066
ENSG00000251498.1	AC021146.10	unprocessed_pseudogene	0	0	0	0.0000	0.0000	0.0000
ENSG00000251501.1	AC114774.1	processed_pseudogene	0	0	0	0.0000	0.0000	0.0000
ENSG00000251503.8	CENPS-CORT	protein_coding	1	0	2	0.0253	0.0063	0.0068
ENSG00000251504.1	LINC01099	lncRNA	0	0	0	0.0000	0.0000	0.0000
ENSG00000251506.1	AC010451.3	lncRNA	0	0	0	0.0000	0.0000	0.0000
ENSG00000251508.1	AL133380.1	unprocessed_pseudogene	0	0	0	0.0000	0.0000	0.0000
ENSG00000251510.1	AC022486.1	lncRNA	0	0	0	0.0000	0.0000	0.0000
ENSG00000251511.1	AC096736.3	lncRNA	0	0	0	0.0000	0.0000	0.0000
ENSG00000251513.2	LIX1-AS1	lncRNA	3	84	83	0.0949	0.0235	0.0254
ENSG00000251515.1	CCDC11P1	processed_pseudogene	0	0	0	0.0000	0.0000	0.0000
ENSG00000251516.1	AC098583.2	unprocessed_pseudogene	0	0	0	0.0000	0.0000	0.0000
ENSG00000251517.1	AC096734.1	lncRNA	0	0	0	0.0000	0.0000	0.0000
ENSG00000251518.1	LINC02110	lncRNA	0	0	0	0.0000	0.0000	0.0000
ENSG00000251520.1	AL162431.2	unprocessed_pseudogene	5	2	3	0.5280	0.1309	0.1416
ENSG00000251521.2	IMPA1P1	transcribed_unprocessed_pseudogene	0	0	0	0.0000	0.0000	0.0000
ENSG00000251523.1	AC108159.1	lncRNA	0	0	0	0.0000	0.0000	0.0000
ENSG00000251525.6	TCP11X3P	transcribed_unprocessed_pseudogene	0	0	0	0.0000	0.0000	0.0000
ENSG00000251526.1	LINC02435	lncRNA	6	3	3	0.5826	0.1445	0.1562
ENSG00000251527.1	AC097110.1	lncRNA	0	0	0	0.0000	0.0000	0.0000
ENSG00000251529.1	AC021146.11	unprocessed_pseudogene	0	0	0	0.0000	0.0000	0.0000
ENSG00000251532.1	AC091849.2	lncRNA	10	5	5	0.8195	0.2032	0.2197
ENSG00000251533.2	LINC00605	lncRNA	8	6	2	0.2912	0.0722	0.0781
ENSG00000251535.1	AC079140.4	processed_pseudogene	5	3	2	0.5360	0.1329	0.1437
ENSG00000251536.2	AC055717.1	lncRNA	0	0	0	0.0000	0.0000	0.0000
ENSG00000251537.4	AC005324.2	protein_coding	16	12	10	0.1646	0.0408	0.0441
ENSG00000251538.7	LINC02201	lncRNA	4	2	2	0.0606	0.0150	0.0163
ENSG00000251539.1	SNX18P24	processed_pseudogene	0	0	0	0.0000	0.0000	0.0000
ENSG00000251542.1	LINC01957	lncRNA	0	0	0	0.0000	0.0000	0.0000
ENSG00000251543.1	LINC02230	lncRNA	0	0	0	0.0000	0.0000	0.0000
ENSG00000251544.1	MTND5P12	processed_pseudogene	2	0	3	0.0783	0.0194	0.0210
ENSG00000251545.2	AC136628.2	unprocessed_pseudogene	0	0	0	0.0000	0.0000	0.0000
ENSG00000251546.1	IGKV1D-39	IG_V_gene	11	5	6	1.6591	0.4114	0.4449
ENSG00000251548.1	AC106760.2	processed_pseudogene	0	0	0	0.0000	0.0000	0.0000
ENSG00000251549.2	AC091965.3	unprocessed_pseudogene	0	0	0	0.0000	0.0000	0.0000
ENSG00000251550.1	AC091133.5	processed_pseudogene	0	0	0	0.0000	0.0000	0.0000
ENSG00000251552.1	COQ10BP2	processed_pseudogene	1	1	0	0.0783	0.0194	0.0210
ENSG00000251553.1	DDX18P4	processed_pseudogene	0	0	0	0.0000	0.0000	0.0000
ENSG00000251555.1	AC096711.2	lncRNA	3	2	1	0.3747	0.0929	0.1005
ENSG00000251556.1	AC091887.1	lncRNA	2	510	459	0.2584	0.0641	0.0693
ENSG00000251557.2	HNRNPKP3	transcribed_processed_pseudogene	1	1	0	0.0226	0.0056	0.0061
ENSG00000251562.8	MALAT1	lncRNA	24379	12491	11893	156.5899	38.8327	41.9870
ENSG00000251563.1	IARS2P1	processed_pseudogene	0	0	0	0.0000	0.0000	0.0000
ENSG00000251566.1	HMGB1P35	transcribed_processed_pseudogene	0	0	0	0.0000	0.0000	0.0000
ENSG00000251567.5	AC018680.1	lncRNA	0	0	0	0.0000	0.0000	0.0000
ENSG00000251568.1	ALG3P1	processed_pseudogene	1	0	1	0.0509	0.0126	0.0136
ENSG00000251569.1	AC093899.2	protein_coding	0	0	0	0.0000	0.0000	0.0000
ENSG00000251571.1	DDX3P3	processed_pseudogene	0	0	0	0.0000	0.0000	0.0000
ENSG00000251572.2	AF213884.2	processed_pseudogene	0	0	0	0.0000	0.0000	0.0000
ENSG00000251573.2	LINC02106	lncRNA	0	0	0	0.0000	0.0000	0.0000
ENSG00000251574.8	AC099520.1	lncRNA	45	19	26	0.5088	0.1262	0.1364
ENSG00000251575.3	C5orf64-AS1	lncRNA	0	0	0	0.0000	0.0000	0.0000
ENSG00000251576.1	LINC01267	lncRNA	3	1	2	0.0745	0.0185	0.0200
ENSG00000251577.5	AC105460.2	lncRNA	0	0	0	0.0000	0.0000	0.0000
ENSG00000251578.1	TRBV21-1	TR_V_pseudogene	0	0	0	0.0000	0.0000	0.0000
ENSG00000251579.1	AC055733.3	processed_pseudogene	0	0	0	0.0000	0.0000	0.0000
ENSG00000251580.3	LINC02482	lncRNA	101	205	228	1.5006	0.3721	0.4024
ENSG00000251583.1	MFFP2	processed_pseudogene	0	0	0	0.0000	0.0000	0.0000
ENSG00000251584.2	AC096751.2	lncRNA	3	17	16	0.1111	0.0275	0.0298
ENSG00000251585.1	AC026444.1	processed_pseudogene	0	0	0	0.0000	0.0000	0.0000
ENSG00000251586.1	TET2-AS1	lncRNA	2	2	0	0.2112	0.0524	0.0566
ENSG00000251587.1	LDHAP1	processed_pseudogene	0	0	0	0.0000	0.0000	0.0000
ENSG00000251588.2	AC125336.1	processed_pseudogene	0	0	0	0.0000	0.0000	0.0000
ENSG00000251590.1	NIFKP7	unprocessed_pseudogene	0	0	0	0.0000	0.0000	0.0000
ENSG00000251591.2	AC016612.1	processed_pseudogene	0	0	0	0.0000	0.0000	0.0000
ENSG00000251593.1	MSNP1	processed_pseudogene	4	2	2	0.1310	0.0325	0.0351
ENSG00000251595.7	ABCA11P	transcribed_processed_pseudogene	27	17	10	0.5488	0.1361	0.1472
ENSG00000251596.1	HADHAP1	processed_pseudogene	3	3	1	0.0745	0.0185	0.0200
ENSG00000251597.1	RPL37P25	processed_pseudogene	0	0	0	0.0000	0.0000	0.0000
ENSG00000251598.2	AC093916.1	lncRNA	3	1	2	0.1102	0.0273	0.0295
ENSG00000251599.1	AC116345.3	lncRNA	0	0	0	0.0000	0.0000	0.0000
ENSG00000251600.8	AC107223.1	lncRNA	13	5	8	0.0464	0.0115	0.0124
ENSG00000251601.1	AC022441.2	lncRNA	0	0	0	0.0000	0.0000	0.0000
ENSG00000251602.7	AL928654.1	lncRNA	309	158	151	7.4095	1.8375	1.9867
ENSG00000251604.1	LINC01385	lncRNA	0	0	0	0.0000	0.0000	0.0000
ENSG00000251605.1	AC104108.1	processed_pseudogene	0	0	0	0.0000	0.0000	0.0000
ENSG00000251608.2	OR12D1	polymorphic_pseudogene	0	0	0	0.0000	0.0000	0.0000
ENSG00000251609.2	SETP12	processed_pseudogene	4	2	2	0.2818	0.0699	0.0756
ENSG00000251610.2	AC083906.4	unprocessed_pseudogene	0	0	0	0.0000	0.0000	0.0000
ENSG00000251611.1	FAM160A1-DT	lncRNA	19	12	7	3.0097	0.7464	0.8070
ENSG00000251613.4	AC063979.1	lncRNA	0	0	0	0.0000	0.0000	0.0000
ENSG00000251614.1	HSPA8P19	processed_pseudogene	0	0	0	0.0000	0.0000	0.0000
ENSG00000251615.3	AC104825.1	lncRNA	560	308	252	9.7746	2.4240	2.6209
ENSG00000251616.1	AC113410.2	lncRNA	0	0	0	0.0000	0.0000	0.0000
ENSG00000251618.1	AC007322.4	unprocessed_pseudogene	0	0	0	0.0000	0.0000	0.0000
ENSG00000251619.1	LINC02508	lncRNA	0	0	0	0.0000	0.0000	0.0000
ENSG00000251620.3	STPG2-AS1	lncRNA	2	2	0	0.0276	0.0068	0.0074
ENSG00000251621.1	AC009487.2	lncRNA	0	0	0	0.0000	0.0000	0.0000
ENSG00000251623.2	AC139491.5	transcribed_processed_pseudogene	0	1	0	0.0000	0.0000	0.0000
ENSG00000251624.1	UNC93B7	unprocessed_pseudogene	0	0	0	0.0000	0.0000	0.0000
ENSG00000251627.1	AC010395.2	processed_pseudogene	0	0	0	0.0000	0.0000	0.0000
ENSG00000251629.7	LINC02241	lncRNA	0	0	0	0.0000	0.0000	0.0000
ENSG00000251630.1	AC119751.6	processed_pseudogene	2	0	2	0.6098	0.1512	0.1635
ENSG00000251632.1	LINC02172	lncRNA	3	2	3	0.0751	0.0186	0.0201
ENSG00000251633.3	GYG1P1	unprocessed_pseudogene	0	0	0	0.0000	0.0000	0.0000
ENSG00000251634.2	NAIPP4	unprocessed_pseudogene	87	49	38	1.7305	0.4292	0.4640
ENSG00000251635.2	LINC02278	lncRNA	6	4	2	0.1665	0.0413	0.0446
ENSG00000251636.1	LINC01218	lncRNA	0	0	0	0.0000	0.0000	0.0000
ENSG00000251637.6	LINC02754	lncRNA	4	1	3	0.0573	0.0142	0.0154
ENSG00000251638.1	AC006390.1	processed_pseudogene	0	0	0	0.0000	0.0000	0.0000
ENSG00000251639.2	AC092535.3	processed_pseudogene	0	0	0	0.0000	0.0000	0.0000
ENSG00000251642.1	AC098680.1	lncRNA	0	0	0	0.0000	0.0000	0.0000
ENSG00000251643.1	AC093763.2	processed_pseudogene	0	0	0	0.0000	0.0000	0.0000
ENSG00000251644.1	HPRT1P1	processed_pseudogene	0	0	0	0.0000	0.0000	0.0000
ENSG00000251647.2	AC114781.4	processed_pseudogene	0	0	0	0.0000	0.0000	0.0000
ENSG00000251648.2	AC008958.1	processed_pseudogene	0	0	0	0.0000	0.0000	0.0000
ENSG00000251649.2	LINC02379	lncRNA	0	0	0	0.0000	0.0000	0.0000
ENSG00000251652.1	AC092535.4	lncRNA	0	0	0	0.0000	0.0000	0.0000
ENSG00000251654.2	AC099499.1	lncRNA	0	0	0	0.0000	0.0000	0.0000
ENSG00000251655.6	PRB1	protein_coding	0	0	0	0.0000	0.0000	0.0000
ENSG00000251656.1	PRELID3BP5	processed_pseudogene	0	0	0	0.0000	0.0000	0.0000
ENSG00000251660.1	AC007036.3	lncRNA	0	0	0	0.0000	0.0000	0.0000
ENSG00000251661.3	AC136475.1	lncRNA	89	42	51	2.6747	0.6633	0.7172
ENSG00000251663.1	SUMO2P5	processed_pseudogene	0	0	0	0.0000	0.0000	0.0000
ENSG00000251664.5	PCDHA12	protein_coding	8	2	8	0.0819	0.0203	0.0220
ENSG00000251665.1	AC005920.3	lncRNA	5	5	4	0.2307	0.0572	0.0619
ENSG00000251666.1	ZNF346-IT1	lncRNA	14	7	7	1.0657	0.2643	0.2857
ENSG00000251667.1	BRCC3P1	processed_pseudogene	11	7	4	0.6560	0.1627	0.1759
ENSG00000251668.2	AC113404.2	unprocessed_pseudogene	0	0	0	0.0000	0.0000	0.0000
ENSG00000251669.6	FAM86EP	transcribed_unprocessed_pseudogene	204	96	123	2.5731	0.6381	0.6899
ENSG00000251670.1	AC113346.2	lncRNA	0	0	0	0.0000	0.0000	0.0000
ENSG00000251675.1	AC010260.1	lncRNA	11	500	488	0.9395	0.2330	0.2519
ENSG00000251676.2	SNHG27	lncRNA	8	5	3	0.1099	0.0273	0.0295
ENSG00000251678.1	AC027343.3	lncRNA	0	0	0	0.0000	0.0000	0.0000
ENSG00000251679.1	AC073848.1	lncRNA	0	0	0	0.0000	0.0000	0.0000
ENSG00000251680.6	AC008591.1	lncRNA	10	80	75	0.0676	0.0168	0.0181
ENSG00000251682.1	AC122718.2	processed_pseudogene	3	0	3	0.2879	0.0714	0.0772
ENSG00000251685.3	UGT2B27P	unprocessed_pseudogene	0	0	0	0.0000	0.0000	0.0000
ENSG00000251686.1	OR10J8P	unprocessed_pseudogene	0	0	0	0.0000	0.0000	0.0000
ENSG00000251687.1	AC104791.1	lncRNA	2	1	1	0.1428	0.0354	0.0383
ENSG00000251688.2	LINC02507	lncRNA	1	0	1	0.0295	0.0073	0.0079
ENSG00000251689.1	AC079140.5	processed_pseudogene	5	4	1	0.9147	0.2268	0.2453
ENSG00000251691.2	AC114786.3	unprocessed_pseudogene	0	0	0	0.0000	0.0000	0.0000
ENSG00000251692.8	PTX4	protein_coding	3	2	1	0.1008	0.0250	0.0270
ENSG00000251694.1	USP17L9P	unprocessed_pseudogene	0	0	0	0.0000	0.0000	0.0000
ENSG00000251697.1	RN7SKP24	misc_RNA	1	1	0	0.1997	0.0495	0.0535
ENSG00000251698.1	RNA5SP445	rRNA_pseudogene	0	0	0	0.0000	0.0000	0.0000
ENSG00000251702.1	RNU6-857P	snRNA	0	0	0	0.0000	0.0000	0.0000
ENSG00000251703.1	RNU6-998P	snRNA	2	0	2	1.1230	0.2785	0.3011
ENSG00000251704.1	AC142283.1	snoRNA	0	0	0	0.0000	0.0000	0.0000
ENSG00000251705.1	RNA5-8SP6	rRNA_pseudogene	0	0	0	0.0000	0.0000	0.0000
ENSG00000251706.1	RNU7-61P	snRNA	0	0	0	0.0000	0.0000	0.0000
ENSG00000251707.2	RNU7-37P	snRNA	0	0	0	0.0000	0.0000	0.0000
ENSG00000251711.1	RNU6-632P	snRNA	0	0	0	0.0000	0.0000	0.0000
ENSG00000251712.3	RNU7-20P	snRNA	0	0	0	0.0000	0.0000	0.0000
ENSG00000251714.1	RN7SKP67	misc_RNA	0	0	0	0.0000	0.0000	0.0000
ENSG00000251715.1	AL139003.2	snoRNA	0	0	0	0.0000	0.0000	0.0000
ENSG00000251717.1	RNA5SP419	rRNA_pseudogene	0	0	0	0.0000	0.0000	0.0000
ENSG00000251718.1	RNU2-13P	snRNA	0	0	0	0.0000	0.0000	0.0000
ENSG00000251719.1	RNU6-408P	snRNA	0	0	0	0.0000	0.0000	0.0000
ENSG00000251720.1	RNU7-123P	snRNA	2	1	1	1.8903	0.4688	0.5069
ENSG00000251722.1	RNU5E-3P	snRNA	0	0	0	0.0000	0.0000	0.0000
ENSG00000251724.1	RNU7-175P	snRNA	1	0	1	0.9297	0.2305	0.2493
ENSG00000251726.1	RNU7-41P	snRNA	1	0	1	0.9297	0.2305	0.2493
ENSG00000251727.1	RNU6-488P	snRNA	0	0	0	0.0000	0.0000	0.0000
ENSG00000251728.1	Y_RNA	misc_RNA	6	3	3	3.5444	0.8790	0.9504
ENSG00000251729.1	RNA5SP401	rRNA_pseudogene	0	0	0	0.0000	0.0000	0.0000
ENSG00000251730.1	AC092960.1	snoRNA	0	0	0	0.0000	0.0000	0.0000
ENSG00000251732.1	RN7SKP122	misc_RNA	0	0	0	0.0000	0.0000	0.0000
ENSG00000251733.1	SCARNA8	scaRNA	0	0	0	0.0000	0.0000	0.0000
ENSG00000251735.1	AL359951.1	snoRNA	0	0	0	0.0000	0.0000	0.0000
ENSG00000251739.1	RNU6-1053P	snRNA	8	5	3	4.4919	1.1139	1.2044
ENSG00000251741.1	RNU4ATAC13P	snRNA	0	0	0	0.0000	0.0000	0.0000
ENSG00000251742.1	RN7SKP13	misc_RNA	0	0	0	0.0000	0.0000	0.0000
ENSG00000251744.1	AC100807.1	snoRNA	0	0	0	0.0000	0.0000	0.0000
ENSG00000251745.1	RNU7-124P	snRNA	2	1	1	1.8294	0.4537	0.4905
ENSG00000251746.1	RNA5SP112	rRNA_pseudogene	0	0	0	0.0000	0.0000	0.0000
ENSG00000251747.1	RNU7-60P	snRNA	0	0	0	0.0000	0.0000	0.0000
ENSG00000251748.1	RNU4ATAC11P	snRNA	0	0	0	0.0000	0.0000	0.0000
ENSG00000251750.1	RNU5F-8P	snRNA	0	0	0	0.0000	0.0000	0.0000
ENSG00000251751.1	RN7SKP46	misc_RNA	0	0	0	0.0000	0.0000	0.0000
ENSG00000251752.1	RNU4-29P	snRNA	4	2	2	1.3037	0.3233	0.3496
ENSG00000251753.1	RNU6-75P	snRNA	0	0	0	0.0000	0.0000	0.0000
ENSG00000251754.1	RNU6-999P	snRNA	0	0	0	0.0000	0.0000	0.0000
ENSG00000251756.1	RNA5SP385	rRNA_pseudogene	2	0	2	1.0311	0.2557	0.2765
ENSG00000251757.1	RNU6-848P	snRNA	0	0	0	0.0000	0.0000	0.0000
ENSG00000251759.1	RN7SKP298	misc_RNA	0	0	0	0.0000	0.0000	0.0000
ENSG00000251760.1	RNA5SP418	rRNA_pseudogene	0	0	0	0.0000	0.0000	0.0000
ENSG00000251761.1	RNU6-138P	snRNA	0	0	0	0.0000	0.0000	0.0000
ENSG00000251763.1	RNU6-470P	snRNA	0	0	0	0.0000	0.0000	0.0000
ENSG00000251764.1	RNA5SP446	rRNA_pseudogene	0	0	0	0.0000	0.0000	0.0000
ENSG00000251766.1	RNA5SP518	rRNA_pseudogene	0	0	0	0.0000	0.0000	0.0000
ENSG00000251767.1	RNU7-8P	snRNA	0	0	0	0.0000	0.0000	0.0000
ENSG00000251768.1	RNA5SP217	rRNA_pseudogene	3	3	0	1.8696	0.4636	0.5013
ENSG00000251770.1	RNA5SP486	rRNA_pseudogene	0	0	0	0.0000	0.0000	0.0000
ENSG00000251773.1	RNU6-1129P	snRNA	0	0	0	0.0000	0.0000	0.0000
ENSG00000251774.1	RNU6-377P	snRNA	2	1	1	1.1120	0.2758	0.2982
ENSG00000251775.1	AC114748.1	snoRNA	3	2	2	1.1897	0.2950	0.3190
ENSG00000251776.1	RN7SKP242	misc_RNA	0	0	0	0.0000	0.0000	0.0000
ENSG00000251778.1	AP001619.3	snoRNA	0	0	0	0.0000	0.0000	0.0000
ENSG00000251779.1	Y_RNA	misc_RNA	0	0	0	0.0000	0.0000	0.0000
ENSG00000251781.1	RNA5SP356	rRNA_pseudogene	0	0	0	0.0000	0.0000	0.0000
ENSG00000251783.1	RNU6-1170P	snRNA	1	1	0	0.5350	0.1327	0.1435
ENSG00000251785.1	RNA5SP20	rRNA_pseudogene	0	0	0	0.0000	0.0000	0.0000
ENSG00000251787.1	RNU7-47P	snRNA	0	0	0	0.0000	0.0000	0.0000
ENSG00000251788.1	RNU5A-7P	snRNA	0	0	0	0.0000	0.0000	0.0000
ENSG00000251789.2	RNU4-57P	snRNA	1	1	0	0.4201	0.1042	0.1126
ENSG00000251791.1	SCARNA6	scaRNA	9	6	3	1.9260	0.4776	0.5164
ENSG00000251792.1	Y_RNA	misc_RNA	1	1	0	0.5560	0.1379	0.1491
ENSG00000251794.1	RNU6-237P	snRNA	0	0	1	0.0000	0.0000	0.0000
ENSG00000251796.1	SNORA70	snoRNA	0	0	0	0.0000	0.0000	0.0000
ENSG00000251798.1	RNU6-863P	snRNA	0	0	0	0.0000	0.0000	0.0000
ENSG00000251799.1	Y_RNA	misc_RNA	0	0	0	0.0000	0.0000	0.0000
ENSG00000251802.1	AC004788.1	snoRNA	0	0	0	0.0000	0.0000	0.0000
ENSG00000251803.1	Y_RNA	misc_RNA	0	0	0	0.0000	0.0000	0.0000
ENSG00000251804.1	RNU6-1294P	snRNA	0	0	0	0.0000	0.0000	0.0000
ENSG00000251805.1	AC009228.2	scaRNA	0	0	0	0.0000	0.0000	0.0000
ENSG00000251807.1	RNU6-202P	snRNA	0	0	0	0.0000	0.0000	0.0000
ENSG00000251809.1	RN7SKP14	misc_RNA	0	0	0	0.0000	0.0000	0.0000
ENSG00000251810.1	RN7SKP132	misc_RNA	0	0	0	0.0000	0.0000	0.0000
ENSG00000251811.1	Y_RNA	misc_RNA	0	0	0	0.0000	0.0000	0.0000
ENSG00000251812.1	Y_RNA	misc_RNA	0	0	0	0.0000	0.0000	0.0000
ENSG00000251813.1	RNU6-983P	snRNA	0	0	0	0.0000	0.0000	0.0000
ENSG00000251814.1	RN7SKP18	misc_RNA	0	0	0	0.0000	0.0000	0.0000
ENSG00000251815.1	SNORD116-26	snoRNA	0	0	0	0.0000	0.0000	0.0000
ENSG00000251816.1	RNA5SP157	rRNA_pseudogene	0	0	0	0.0000	0.0000	0.0000
ENSG00000251818.1	AC090287.1	scaRNA	0	0	0	0.0000	0.0000	0.0000
ENSG00000251819.1	RNU6-322P	snRNA	3	1	2	1.6517	0.4096	0.4429
ENSG00000251821.1	RNU6-583P	snRNA	0	0	0	0.0000	0.0000	0.0000
ENSG00000251822.1	AC090022.1	snoRNA	0	0	0	0.0000	0.0000	0.0000
ENSG00000251823.2	RNA5SP162	rRNA_pseudogene	0	0	0	0.0000	0.0000	0.0000
ENSG00000251825.1	RN7SKP19	misc_RNA	0	0	0	0.0000	0.0000	0.0000
ENSG00000251828.1	AC026410.4	snoRNA	0	0	0	0.0000	0.0000	0.0000
ENSG00000251829.1	RNA5SP436	rRNA_pseudogene	0	0	0	0.0000	0.0000	0.0000
ENSG00000251830.1	FO393410.1	snoRNA	0	0	0	0.0000	0.0000	0.0000
ENSG00000251831.1	RNU6-1114P	snRNA	0	0	0	0.0000	0.0000	0.0000
ENSG00000251834.1	RNU6-319P	snRNA	1	0	1	0.5251	0.1302	0.1408
ENSG00000251835.1	RNU6ATAC32P	snRNA	2	1	1	1.4924	0.3701	0.4002
ENSG00000251837.1	Y_RNA	misc_RNA	0	0	0	0.0000	0.0000	0.0000
ENSG00000251838.1	AC061997.1	snoRNA	0	0	0	0.0000	0.0000	0.0000
ENSG00000251839.1	RNU7-12P	snRNA	0	0	0	0.0000	0.0000	0.0000
ENSG00000251840.1	RN7SKP155	misc_RNA	0	0	0	0.0000	0.0000	0.0000
ENSG00000251841.1	RNU6-1334P	snRNA	0	0	0	0.0000	0.0000	0.0000
ENSG00000251842.1	RNU6-732P	snRNA	0	0	0	0.0000	0.0000	0.0000
ENSG00000251843.1	RNU6-803P	snRNA	0	0	0	0.0000	0.0000	0.0000
ENSG00000251844.1	AC018659.1	snoRNA	0	0	0	0.0000	0.0000	0.0000
ENSG00000251850.1	RNA5SP96	rRNA_pseudogene	0	0	0	0.0000	0.0000	0.0000
ENSG00000251851.1	RNU6-772P	snRNA	0	0	0	0.0000	0.0000	0.0000
ENSG00000251852.1	Y_RNA	misc_RNA	0	0	0	0.0000	0.0000	0.0000
ENSG00000251854.1	RNU6-507P	snRNA	0	0	0	0.0000	0.0000	0.0000
ENSG00000251856.1	MIR449C	miRNA	0	0	0	0.0000	0.0000	0.0000
ENSG00000251857.1	RNA5SP362	rRNA_pseudogene	0	0	0	0.0000	0.0000	0.0000
ENSG00000251858.1	AL121821.1	snoRNA	0	0	0	0.0000	0.0000	0.0000
ENSG00000251859.1	RNU6-1288P	snRNA	0	0	0	0.0000	0.0000	0.0000
ENSG00000251861.1	AL161793.2	scaRNA	0	0	0	0.0000	0.0000	0.0000
ENSG00000251862.2	MIR1343	miRNA	0	0	0	0.0000	0.0000	0.0000
ENSG00000251864.1	Y_RNA	misc_RNA	0	0	0	0.0000	0.0000	0.0000
ENSG00000251865.1	RNU6-518P	snRNA	0	0	0	0.0000	0.0000	0.0000
ENSG00000251866.1	SCARNA21B	scaRNA	0	0	0	0.0000	0.0000	0.0000
ENSG00000251867.4	AC009812.1	lncRNA	65	64	68	2.2046	0.5467	0.5911
ENSG00000251868.1	RNU7-71P	snRNA	0	0	0	0.0000	0.0000	0.0000
ENSG00000251869.1	SCARNA23	scaRNA	0	0	0	0.0000	0.0000	0.0000
ENSG00000251870.1	RNU2-69P	snRNA	2	1	1	1.1342	0.2813	0.3041
ENSG00000251873.1	RNA5SP182	rRNA_pseudogene	0	0	0	0.0000	0.0000	0.0000
ENSG00000251874.1	RNU6-615P	snRNA	0	0	0	0.0000	0.0000	0.0000
ENSG00000251875.1	RNU5F-2P	snRNA	0	0	0	0.0000	0.0000	0.0000
ENSG00000251877.1	RNU2-45P	snRNA	0	0	0	0.0000	0.0000	0.0000
ENSG00000251878.1	SNORD79	snoRNA	1	0	1	0.6751	0.1674	0.1810
ENSG00000251880.1	RNU7-75P	snRNA	1	0	1	0.9147	0.2268	0.2453
ENSG00000251882.1	RNU6-475P	snRNA	0	0	0	0.0000	0.0000	0.0000
ENSG00000251883.1	RNU6ATAC17P	snRNA	0	0	0	0.0000	0.0000	0.0000
ENSG00000251884.1	RNA5SP288	rRNA_pseudogene	1	0	1	0.6098	0.1512	0.1635
ENSG00000251886.1	RNU6-120P	snRNA	0	0	0	0.0000	0.0000	0.0000
ENSG00000251887.2	RNU6-760P	snRNA	0	0	0	0.0000	0.0000	0.0000
ENSG00000251888.1	RN7SKP190	misc_RNA	0	0	0	0.0000	0.0000	0.0000
ENSG00000251889.1	RNU4-49P	snRNA	0	0	0	0.0000	0.0000	0.0000
ENSG00000251890.1	RNA5SP497	rRNA_pseudogene	0	0	0	0.0000	0.0000	0.0000
ENSG00000251891.1	RNU7-79P	snRNA	0	0	0	0.0000	0.0000	0.0000
ENSG00000251892.1	RNU7-84P	snRNA	1	1	0	0.9147	0.2268	0.2453
ENSG00000251893.2	SNORA70	snoRNA	0	0	0	0.0000	0.0000	0.0000
ENSG00000251895.1	RNU6-976P	snRNA	0	0	0	0.0000	0.0000	0.0000
ENSG00000251896.1	SNORD116-27	snoRNA	0	0	0	0.0000	0.0000	0.0000
ENSG00000251897.1	RNU6-916P	snRNA	0	0	0	0.0000	0.0000	0.0000
ENSG00000251898.1	SCARNA11	scaRNA	0	0	0	0.0000	0.0000	0.0000
ENSG00000251900.1	VTRNA2-2P	misc_RNA	0	0	0	0.0000	0.0000	0.0000
ENSG00000251904.1	RNA5SP272	rRNA_pseudogene	0	0	0	0.0000	0.0000	0.0000
ENSG00000251905.1	RNU7-2P	snRNA	0	0	0	0.0000	0.0000	0.0000
ENSG00000251906.2	RNU6-351P	snRNA	0	0	0	0.0000	0.0000	0.0000
ENSG00000251907.1	RNU6-240P	snRNA	0	0	0	0.0000	0.0000	0.0000
ENSG00000251908.1	RNU6-491P	snRNA	0	0	0	0.0000	0.0000	0.0000
ENSG00000251913.1	RNU6-513P	snRNA	0	0	0	0.0000	0.0000	0.0000
ENSG00000251914.1	RNU7-200P	snRNA	0	0	0	0.0000	0.0000	0.0000
ENSG00000251915.1	RNA5SP406	rRNA_pseudogene	0	0	0	0.0000	0.0000	0.0000
ENSG00000251916.1	RNU1-61P	snRNA	0	0	0	0.0000	0.0000	0.0000
ENSG00000251917.1	RNU1-86P	snRNA	0	0	0	0.0000	0.0000	0.0000
ENSG00000251919.1	RNU7-105P	snRNA	0	0	0	0.0000	0.0000	0.0000
ENSG00000251920.1	RNA5SP216	rRNA_pseudogene	0	221	223	0.0000	0.0000	0.0000
ENSG00000251922.1	AL137186.3	snoRNA	1	1	0	0.4022	0.0997	0.1078
ENSG00000251923.1	RNU6-276P	snRNA	0	0	0	0.0000	0.0000	0.0000
ENSG00000251924.1	RNA5SP408	rRNA_pseudogene	0	0	0	0.0000	0.0000	0.0000
ENSG00000251925.1	SNORA70	snoRNA	0	0	0	0.0000	0.0000	0.0000
ENSG00000251929.1	RNU6-189P	snRNA	0	0	0	0.0000	0.0000	0.0000
ENSG00000251931.1	RNU6-871P	snRNA	0	0	0	0.0000	0.0000	0.0000
ENSG00000251934.1	RNU6-1143P	snRNA	0	0	0	0.0000	0.0000	0.0000
ENSG00000251935.1	RN7SKP179	misc_RNA	0	0	0	0.0000	0.0000	0.0000
ENSG00000251936.1	RNA5SP249	rRNA_pseudogene	0	0	0	0.0000	0.0000	0.0000
ENSG00000251937.1	RNU7-129P	snRNA	0	0	0	0.0000	0.0000	0.0000
ENSG00000251939.1	RNU6-1278P	snRNA	1	1	0	0.5300	0.1314	0.1421
ENSG00000251940.1	AC000081.2	snoRNA	0	0	0	0.0000	0.0000	0.0000
ENSG00000251941.1	RNA5SP116	rRNA_pseudogene	0	0	0	0.0000	0.0000	0.0000
ENSG00000251942.1	AC069157.2	scaRNA	0	0	0	0.0000	0.0000	0.0000
ENSG00000251943.1	RNU6-693P	snRNA	0	0	0	0.0000	0.0000	0.0000
ENSG00000251946.1	RNU6-1023P	snRNA	0	0	0	0.0000	0.0000	0.0000
ENSG00000251947.1	RN7SKP164	misc_RNA	0	0	0	0.0000	0.0000	0.0000
ENSG00000251951.1	RN7SKP34	misc_RNA	0	0	0	0.0000	0.0000	0.0000
ENSG00000251952.1	RNU6-1219P	snRNA	0	0	0	0.0000	0.0000	0.0000
ENSG00000251953.1	RNA5SP522	rRNA_pseudogene	0	0	0	0.0000	0.0000	0.0000
ENSG00000251954.1	RNU6-496P	snRNA	0	0	0	0.0000	0.0000	0.0000
ENSG00000251955.1	RNU6-27P	snRNA	0	0	0	0.0000	0.0000	0.0000
ENSG00000251956.1	RNU6-617P	snRNA	0	0	0	0.0000	0.0000	0.0000
ENSG00000251957.1	RNU6-1095P	snRNA	3	2	1	1.5753	0.3907	0.4224
ENSG00000251958.1	RNU6-1102P	snRNA	0	0	0	0.0000	0.0000	0.0000
ENSG00000251960.1	RNU6-559P	snRNA	0	0	0	0.0000	0.0000	0.0000
ENSG00000251961.1	RNU6ATAC13P	snRNA	0	0	0	0.0000	0.0000	0.0000
ENSG00000251965.1	RNA5SP208	rRNA_pseudogene	0	0	0	0.0000	0.0000	0.0000
ENSG00000251967.1	AC104304.1	snoRNA	0	0	0	0.0000	0.0000	0.0000
ENSG00000251970.1	RNU1-41P	snRNA	0	0	0	0.0000	0.0000	0.0000
ENSG00000251971.1	RNU6-1333P	snRNA	0	0	0	0.0000	0.0000	0.0000
ENSG00000251972.1	RNU6-123P	snRNA	0	0	0	0.0000	0.0000	0.0000
ENSG00000251973.1	RNU6-473P	snRNA	0	0	0	0.0000	0.0000	0.0000
ENSG00000251974.1	AC009408.1	snoRNA	0	0	0	0.0000	0.0000	0.0000
ENSG00000251975.1	RNU6-718P	snRNA	0	0	0	0.0000	0.0000	0.0000
ENSG00000251976.1	RN7SKP141	misc_RNA	0	0	0	0.0000	0.0000	0.0000
ENSG00000251977.1	RNU6-991P	snRNA	0	0	0	0.0000	0.0000	0.0000
ENSG00000251978.1	RNA5SP236	rRNA_pseudogene	0	0	1	0.0000	0.0000	0.0000
ENSG00000251980.1	RNU6-436P	snRNA	1	0	1	0.4975	0.1234	0.1334
ENSG00000251981.1	RNU7-52P	snRNA	0	0	0	0.0000	0.0000	0.0000
ENSG00000251982.1	RN7SKP43	misc_RNA	0	0	0	0.0000	0.0000	0.0000
ENSG00000251983.1	RN7SKP157	misc_RNA	0	0	0	0.0000	0.0000	0.0000
ENSG00000251985.1	RNU6-1161P	snRNA	0	0	0	0.0000	0.0000	0.0000
ENSG00000251986.1	Y_RNA	misc_RNA	0	0	0	0.0000	0.0000	0.0000
ENSG00000251987.1	SNORD63	snoRNA	0	0	0	0.0000	0.0000	0.0000
ENSG00000251988.1	RNU4ATAC18P	snRNA	5	4	1	2.2504	0.5581	0.6034
ENSG00000251990.1	RNA5SP180	rRNA_pseudogene	0	0	0	0.0000	0.0000	0.0000
ENSG00000251991.1	RNU7-49P	snRNA	4	2	2	3.6587	0.9073	0.9810
ENSG00000251992.1	SCARNA17	scaRNA	0	0	0	0.0000	0.0000	0.0000
ENSG00000251993.1	RNA5SP227	rRNA_pseudogene	0	0	0	0.0000	0.0000	0.0000
ENSG00000251994.1	RNU2-27P	snRNA	0	10	6	0.0000	0.0000	0.0000
ENSG00000251996.1	Y_RNA	misc_RNA	0	0	0	0.0000	0.0000	0.0000
ENSG00000251997.1	RNA5SP458	rRNA_pseudogene	0	0	0	0.0000	0.0000	0.0000
ENSG00000251998.1	RNU6-168P	snRNA	0	0	0	0.0000	0.0000	0.0000
ENSG00000251999.1	AC018645.2	snoRNA	0	0	0	0.0000	0.0000	0.0000
ENSG00000252001.1	RNA5SP303	rRNA_pseudogene	0	0	0	0.0000	0.0000	0.0000
ENSG00000252002.1	RNA5SP154	rRNA_pseudogene	1	0	1	0.5109	0.1267	0.1370
ENSG00000252003.1	RNU7-154P	snRNA	0	0	0	0.0000	0.0000	0.0000
ENSG00000252005.2	RNU4ATAC8P	snRNA	0	0	0	0.0000	0.0000	0.0000
ENSG00000252008.1	RNU6-927P	snRNA	0	0	0	0.0000	0.0000	0.0000
ENSG00000252010.1	SCARNA5	scaRNA	4	3	1	0.8219	0.2038	0.2204
ENSG00000252011.1	AC113174.2	snoRNA	0	0	0	0.0000	0.0000	0.0000
ENSG00000252012.1	RNA5SP521	rRNA_pseudogene	0	0	0	0.0000	0.0000	0.0000
ENSG00000252013.1	RNU4ATAC14P	snRNA	0	0	0	0.0000	0.0000	0.0000
ENSG00000252014.1	SNORA70	snoRNA	0	0	0	0.0000	0.0000	0.0000
ENSG00000252015.1	RNU6-904P	snRNA	0	0	0	0.0000	0.0000	0.0000
ENSG00000252016.1	AL024493.1	snoRNA	0	0	0	0.0000	0.0000	0.0000
ENSG00000252017.1	RNU6-1194P	snRNA	0	0	0	0.0000	0.0000	0.0000
ENSG00000252018.1	RNU2-30P	snRNA	0	0	0	0.0000	0.0000	0.0000
ENSG00000252019.1	RNU6ATAC9P	snRNA	0	0	0	0.0000	0.0000	0.0000
ENSG00000252020.1	AP000552.3	scaRNA	0	0	0	0.0000	0.0000	0.0000
ENSG00000252021.1	Y_RNA	misc_RNA	0	0	0	0.0000	0.0000	0.0000
ENSG00000252022.1	SNORD33	snoRNA	0	0	0	0.0000	0.0000	0.0000
ENSG00000252023.1	RNU6-581P	snRNA	0	0	0	0.0000	0.0000	0.0000
ENSG00000252025.1	RNU6-982P	snRNA	0	0	0	0.0000	0.0000	0.0000
ENSG00000252026.1	RNU6-1262P	snRNA	4	2	2	2.3629	0.5860	0.6336
ENSG00000252027.1	RNU6ATAC14P	snRNA	3	1	2	1.8696	0.4636	0.5013
ENSG00000252028.1	RN7SKP52	misc_RNA	0	0	0	0.0000	0.0000	0.0000
ENSG00000252029.1	RNA5SP253	rRNA_pseudogene	0	0	0	0.0000	0.0000	0.0000
ENSG00000252030.1	RNU6-1196P	snRNA	0	0	0	0.0000	0.0000	0.0000
ENSG00000252031.1	RNU6-561P	snRNA	0	0	0	0.0000	0.0000	0.0000
ENSG00000252032.1	RNU6-1281P	snRNA	0	0	0	0.0000	0.0000	0.0000
ENSG00000252033.1	RNU6-311P	snRNA	0	0	0	0.0000	0.0000	0.0000
ENSG00000252034.1	RNY4P37	misc_RNA	0	0	0	0.0000	0.0000	0.0000
ENSG00000252035.1	RNU6-397P	snRNA	0	0	0	0.0000	0.0000	0.0000
ENSG00000252036.1	RN7SKP288	misc_RNA	0	0	0	0.0000	0.0000	0.0000
ENSG00000252037.1	RNU6-162P	snRNA	0	0	0	0.0000	0.0000	0.0000
ENSG00000252039.1	RNU6-287P	snRNA	0	0	0	0.0000	0.0000	0.0000
ENSG00000252040.1	AC126773.1	snoRNA	0	0	0	0.0000	0.0000	0.0000
ENSG00000252041.1	RNA5SP228	rRNA_pseudogene	0	0	0	0.0000	0.0000	0.0000
ENSG00000252042.1	Y_RNA	misc_RNA	0	2	1	0.0000	0.0000	0.0000
ENSG00000252045.1	AP000272.1	snoRNA	0	0	0	0.0000	0.0000	0.0000
ENSG00000252046.1	RNU6-150P	snRNA	0	0	0	0.0000	0.0000	0.0000
ENSG00000252047.1	Y_RNA	misc_RNA	0	0	0	0.0000	0.0000	0.0000
ENSG00000252049.1	AL139281.2	snoRNA	0	0	0	0.0000	0.0000	0.0000
ENSG00000252050.1	AL606748.2	snoRNA	1	1	0	0.4362	0.1082	0.1170
ENSG00000252051.1	RN7SKP276	misc_RNA	0	0	0	0.0000	0.0000	0.0000
ENSG00000252053.1	RNU6-1101P	snRNA	0	0	0	0.0000	0.0000	0.0000
ENSG00000252057.2	RNU7-174P	snRNA	0	0	0	0.0000	0.0000	0.0000
ENSG00000252060.1	RNA5SP464	rRNA_pseudogene	1	1	0	0.5251	0.1302	0.1408
ENSG00000252061.1	RNU6-415P	snRNA	7	4	3	4.0925	1.0149	1.0973
ENSG00000252062.1	RNU6-469P	snRNA	0	0	0	0.0000	0.0000	0.0000
ENSG00000252063.1	RNU6-1041P	snRNA	0	0	0	0.0000	0.0000	0.0000
ENSG00000252064.1	Y_RNA	misc_RNA	0	0	0	0.0000	0.0000	0.0000
ENSG00000252065.1	RNU6-864P	snRNA	0	0	0	0.0000	0.0000	0.0000
ENSG00000252066.1	RNU2-53P	snRNA	0	0	0	0.0000	0.0000	0.0000
ENSG00000252067.1	RNU4-71P	snRNA	0	0	0	0.0000	0.0000	0.0000
ENSG00000252068.1	RNU6-390P	snRNA	0	0	0	0.0000	0.0000	0.0000
ENSG00000252069.1	Y_RNA	misc_RNA	0	0	0	0.0000	0.0000	0.0000
ENSG00000252070.1	RNA5SP341	rRNA_pseudogene	0	0	0	0.0000	0.0000	0.0000
ENSG00000252072.1	RNA5SP320	rRNA_pseudogene	1	0	2	0.4573	0.1134	0.1226
ENSG00000252073.1	RNU6-947P	snRNA	0	0	1	0.0000	0.0000	0.0000
ENSG00000252074.1	RNU6-416P	snRNA	0	0	0	0.0000	0.0000	0.0000
ENSG00000252076.1	RN7SKP196	misc_RNA	0	0	0	0.0000	0.0000	0.0000
ENSG00000252079.1	RNU6-327P	snRNA	0	0	0	0.0000	0.0000	0.0000
ENSG00000252080.1	RNU7-99P	snRNA	0	0	0	0.0000	0.0000	0.0000
ENSG00000252081.1	RNU6-277P	snRNA	0	0	0	0.0000	0.0000	0.0000
ENSG00000252082.1	RNU6-547P	snRNA	0	0	0	0.0000	0.0000	0.0000
ENSG00000252083.1	AC026784.1	snoRNA	0	0	0	0.0000	0.0000	0.0000
ENSG00000252084.1	RN7SKP12	misc_RNA	0	0	0	0.0000	0.0000	0.0000
ENSG00000252086.1	RNA5SP76	rRNA_pseudogene	0	0	0	0.0000	0.0000	0.0000
ENSG00000252087.1	RN7SKP248	misc_RNA	1	0	1	0.1859	0.0461	0.0499
ENSG00000252089.1	RNU4ATAC7P	snRNA	0	0	0	0.0000	0.0000	0.0000
ENSG00000252091.1	RNU6-1146P	snRNA	0	0	0	0.0000	0.0000	0.0000
ENSG00000252094.1	RNA5SP410	rRNA_pseudogene	0	0	0	0.0000	0.0000	0.0000
ENSG00000252096.1	AL389886.1	snoRNA	2	1	1	0.8401	0.2083	0.2253
ENSG00000252097.1	RNU6-346P	snRNA	0	0	0	0.0000	0.0000	0.0000
ENSG00000252098.1	Y_RNA	misc_RNA	0	0	0	0.0000	0.0000	0.0000
ENSG00000252101.2	RNU6-758P	snRNA	0	0	0	0.0000	0.0000	0.0000
ENSG00000252103.1	RNU6-917P	snRNA	1	1	0	0.5453	0.1352	0.1462
ENSG00000252104.1	RNU6-191P	snRNA	0	0	0	0.0000	0.0000	0.0000
ENSG00000252105.1	RNU1-143P	snRNA	0	0	0	0.0000	0.0000	0.0000
ENSG00000252106.2	RNY3P15	misc_RNA	0	0	0	0.0000	0.0000	0.0000
ENSG00000252107.1	RNA5SP220	rRNA_pseudogene	0	0	0	0.0000	0.0000	0.0000
ENSG00000252108.1	RNU6-1232P	snRNA	0	0	0	0.0000	0.0000	0.0000
ENSG00000252112.1	SNORD63	snoRNA	0	0	0	0.0000	0.0000	0.0000
ENSG00000252113.2	RNU6-523P	snRNA	0	0	0	0.0000	0.0000	0.0000
ENSG00000252115.1	Y_RNA	misc_RNA	0	3	2	0.0000	0.0000	0.0000
ENSG00000252116.1	RNU4ATAC4P	snRNA	0	0	0	0.0000	0.0000	0.0000
ENSG00000252117.1	RNU6-1108P	snRNA	0	0	0	0.0000	0.0000	0.0000
ENSG00000252118.1	RNU6ATAC39P	snRNA	1	1	0	0.3806	0.0944	0.1021
ENSG00000252119.1	AP002956.1	snoRNA	0	0	0	0.0000	0.0000	0.0000
ENSG00000252121.1	RNU6-970P	snRNA	0	0	0	0.0000	0.0000	0.0000
ENSG00000252122.1	AC009163.2	snoRNA	0	0	0	0.0000	0.0000	0.0000
ENSG00000252125.1	RNU6-1299P	snRNA	0	0	0	0.0000	0.0000	0.0000
ENSG00000252126.2	RNU6-313P	snRNA	0	0	0	0.0000	0.0000	0.0000
ENSG00000252128.1	SNORD27	snoRNA	0	0	0	0.0000	0.0000	0.0000
ENSG00000252129.1	SNORA74	snoRNA	0	3	3	0.0000	0.0000	0.0000
ENSG00000252130.1	RNU6-1045P	snRNA	0	0	0	0.0000	0.0000	0.0000
ENSG00000252132.1	RNU6-795P	snRNA	2	2	0	1.1012	0.2731	0.2953
ENSG00000252133.1	SNORA70	snoRNA	0	0	0	0.0000	0.0000	0.0000
ENSG00000252135.1	RNU1-155P	snRNA	0	0	0	0.0000	0.0000	0.0000
ENSG00000252136.1	AC004069.3	snoRNA	0	0	0	0.0000	0.0000	0.0000
ENSG00000252137.1	RNU6-1338P	snRNA	0	0	0	0.0000	0.0000	0.0000
ENSG00000252138.1	AC005774.1	snoRNA	0	0	0	0.0000	0.0000	0.0000
ENSG00000252139.1	AC090227.1	scaRNA	0	0	0	0.0000	0.0000	0.0000
ENSG00000252141.1	RNU6-65P	snRNA	0	0	0	0.0000	0.0000	0.0000
ENSG00000252143.1	AP000557.1	scaRNA	0	0	0	0.0000	0.0000	0.0000
ENSG00000252145.1	RNU6-1225P	snRNA	0	0	0	0.0000	0.0000	0.0000
ENSG00000252147.1	RNY3P16	misc_RNA	3	1	2	1.6845	0.4177	0.4517
ENSG00000252148.1	RNU6-1206P	snRNA	0	0	0	0.0000	0.0000	0.0000
ENSG00000252149.1	RNA5SP315	rRNA_pseudogene	0	0	0	0.0000	0.0000	0.0000
ENSG00000252151.1	RNU6-1265P	snRNA	0	0	0	0.0000	0.0000	0.0000
ENSG00000252153.1	MIR2278	miRNA	1	1	0	0.5907	0.1465	0.1584
ENSG00000252155.1	RNU6-941P	snRNA	0	0	0	0.0000	0.0000	0.0000
ENSG00000252156.1	RNU6-155P	snRNA	0	0	0	0.0000	0.0000	0.0000
ENSG00000252157.1	RNU6-479P	snRNA	0	0	0	0.0000	0.0000	0.0000
ENSG00000252158.1	SNORA72	snoRNA	0	0	0	0.0000	0.0000	0.0000
ENSG00000252161.1	RNA5SP318	rRNA_pseudogene	0	0	0	0.0000	0.0000	0.0000
ENSG00000252162.1	RNU6-830P	snRNA	0	0	0	0.0000	0.0000	0.0000
ENSG00000252163.1	RN7SKP31	misc_RNA	0	0	0	0.0000	0.0000	0.0000
ENSG00000252164.1	RNA5SP282	rRNA_pseudogene	1	0	1	0.5251	0.1302	0.1408
ENSG00000252166.1	RNU1-95P	snRNA	0	0	0	0.0000	0.0000	0.0000
ENSG00000252167.1	RNA5SP287	rRNA_pseudogene	0	0	0	0.0000	0.0000	0.0000
ENSG00000252169.1	RNA5SP200	rRNA_pseudogene	2	1	1	1.1012	0.2731	0.2953
ENSG00000252170.2	AL138745.1	snoRNA	0	0	0	0.0000	0.0000	0.0000
ENSG00000252171.1	Y_RNA	misc_RNA	2	1	1	1.0037	0.2489	0.2691
ENSG00000252172.1	RNU6-720P	snRNA	2	1	1	1.0502	0.2604	0.2816
ENSG00000252173.1	RNU6-109P	snRNA	0	0	0	0.0000	0.0000	0.0000
ENSG00000252174.1	RNU7-18P	snRNA	1	1	0	0.9147	0.2268	0.2453
ENSG00000252178.1	RNU7-69P	snRNA	0	0	0	0.0000	0.0000	0.0000
ENSG00000252179.1	RNA5SP255	rRNA_pseudogene	0	0	0	0.0000	0.0000	0.0000
ENSG00000252182.1	RNA5SP413	rRNA_pseudogene	0	0	0	0.0000	0.0000	0.0000
ENSG00000252183.1	RNU6-948P	snRNA	0	0	0	0.0000	0.0000	0.0000
ENSG00000252184.1	RNU2-10P	snRNA	0	0	0	0.0000	0.0000	0.0000
ENSG00000252185.1	RNU6-752P	snRNA	0	0	0	0.0000	0.0000	0.0000
ENSG00000252186.1	RNU6-781P	snRNA	0	0	0	0.0000	0.0000	0.0000
ENSG00000252188.1	AC013429.2	snoRNA	0	0	0	0.0000	0.0000	0.0000
ENSG00000252190.1	AL592064.1	scaRNA	0	0	0	0.0000	0.0000	0.0000
ENSG00000252191.1	RNU6-751P	snRNA	0	0	0	0.0000	0.0000	0.0000
ENSG00000252192.1	AC127002.1	snoRNA	3	1	2	1.3188	0.3271	0.3536
ENSG00000252193.1	AL021395.2	scaRNA	0	0	0	0.0000	0.0000	0.0000
ENSG00000252198.1	Y_RNA	misc_RNA	0	0	0	0.0000	0.0000	0.0000
ENSG00000252199.1	SNORA70	snoRNA	4	1	3	2.3878	0.5921	0.6402
ENSG00000252200.1	AC243964.2	snoRNA	5	2	3	3.7807	0.9376	1.0137
ENSG00000252202.1	Y_RNA	misc_RNA	6	3	3	3.5444	0.8790	0.9504
ENSG00000252204.1	AC023050.2	snoRNA	0	0	0	0.0000	0.0000	0.0000
ENSG00000252205.1	RNU6-764P	snRNA	0	0	0	0.0000	0.0000	0.0000
ENSG00000252206.1	RNU7-40P	snRNA	2	0	2	1.7722	0.4395	0.4752
ENSG00000252207.1	RNA5SP365	rRNA_pseudogene	0	0	0	0.0000	0.0000	0.0000
ENSG00000252209.1	RNU1-48P	snRNA	0	0	0	0.0000	0.0000	0.0000
ENSG00000252210.1	Y_RNA	misc_RNA	1	0	1	0.6672	0.1655	0.1789
ENSG00000252211.1	RNA5SP473	rRNA_pseudogene	2	0	2	0.9074	0.2250	0.2433
ENSG00000252212.1	RNU2-58P	snRNA	1	1	0	0.3099	0.0768	0.0831
ENSG00000252213.1	SNORA74D	snoRNA	1	0	1	0.4022	0.0997	0.1078
ENSG00000252214.1	RNU6-542P	snRNA	0	0	0	0.0000	0.0000	0.0000
ENSG00000252217.1	Y_RNA	misc_RNA	0	0	0	0.0000	0.0000	0.0000
ENSG00000252218.1	AL355802.2	scaRNA	2	1	1	0.8931	0.2215	0.2395
ENSG00000252219.2	MIR892C	miRNA	0	0	0	0.0000	0.0000	0.0000
ENSG00000252220.1	RNU6-977P	snRNA	0	0	0	0.0000	0.0000	0.0000
ENSG00000252222.1	RNU7-13P	snRNA	0	0	0	0.0000	0.0000	0.0000
ENSG00000252223.1	RNU6-1049P	snRNA	0	0	0	0.0000	0.0000	0.0000
ENSG00000252224.1	RNU4ATAC15P	snRNA	0	0	0	0.0000	0.0000	0.0000
ENSG00000252225.1	Y_RNA	misc_RNA	0	0	0	0.0000	0.0000	0.0000
ENSG00000252228.1	AL669914.1	snoRNA	0	0	0	0.0000	0.0000	0.0000
ENSG00000252230.1	AC020910.1	snoRNA	1	1	0	0.6594	0.1635	0.1768
ENSG00000252231.1	RNA5SP67	rRNA_pseudogene	0	0	0	0.0000	0.0000	0.0000
ENSG00000252233.1	RN7SKP253	misc_RNA	0	0	0	0.0000	0.0000	0.0000
ENSG00000252236.1	AL135927.1	snoRNA	1	0	1	0.4022	0.0997	0.1078
ENSG00000252237.1	RNU4-54P	snRNA	0	0	0	0.0000	0.0000	0.0000
ENSG00000252238.1	AC092169.1	snoRNA	0	0	0	0.0000	0.0000	0.0000
ENSG00000252242.1	RNU7-115P	snRNA	0	0	0	0.0000	0.0000	0.0000
ENSG00000252243.1	RNU6-412P	snRNA	0	0	0	0.0000	0.0000	0.0000
ENSG00000252244.1	RNU7-3P	snRNA	3	0	3	2.7440	0.6805	0.7358
ENSG00000252246.1	RNA5SP92	rRNA_pseudogene	0	0	0	0.0000	0.0000	0.0000
ENSG00000252247.2	RNU6-70P	snRNA	0	0	0	0.0000	0.0000	0.0000
ENSG00000252249.1	AL391336.2	snoRNA	0	0	0	0.0000	0.0000	0.0000
ENSG00000252250.1	Y_RNA	misc_RNA	1	1	0	0.6098	0.1512	0.1635
ENSG00000252252.1	RNU6-687P	snRNA	0	0	0	0.0000	0.0000	0.0000
ENSG00000252254.1	Y_RNA	misc_RNA	0	0	0	0.0000	0.0000	0.0000
ENSG00000252255.1	RNU2-35P	snRNA	0	0	0	0.0000	0.0000	0.0000
ENSG00000252257.1	RN7SKP265	misc_RNA	0	0	0	0.0000	0.0000	0.0000
ENSG00000252258.1	SNORA70	snoRNA	0	0	0	0.0000	0.0000	0.0000
ENSG00000252259.1	RNA5SP49	rRNA_pseudogene	0	0	0	0.0000	0.0000	0.0000
ENSG00000252260.1	RNA5SP461	rRNA_pseudogene	0	0	0	0.0000	0.0000	0.0000
ENSG00000252261.1	RNA5SP262	rRNA_pseudogene	0	0	0	0.0000	0.0000	0.0000
ENSG00000252262.1	RNA5SP61	rRNA_pseudogene	0	0	0	0.0000	0.0000	0.0000
ENSG00000252263.1	RNU6-659P	snRNA	0	0	0	0.0000	0.0000	0.0000
ENSG00000252264.1	RNU7-153P	snRNA	0	0	0	0.0000	0.0000	0.0000
ENSG00000252266.1	Y_RNA	misc_RNA	0	0	0	0.0000	0.0000	0.0000
ENSG00000252267.1	RNA5SP495	rRNA_pseudogene	0	0	0	0.0000	0.0000	0.0000
ENSG00000252268.1	RNA5SP417	rRNA_pseudogene	0	0	0	0.0000	0.0000	0.0000
ENSG00000252269.1	RNU4ATAC12P	snRNA	1	1	0	0.5019	0.1245	0.1346
ENSG00000252271.1	RNU6-1110P	snRNA	0	0	0	0.0000	0.0000	0.0000
ENSG00000252272.1	RNA5SP470	rRNA_pseudogene	0	0	0	0.0000	0.0000	0.0000
ENSG00000252273.1	RNU6-426P	snRNA	0	0	0	0.0000	0.0000	0.0000
ENSG00000252274.1	AC080037.1	scaRNA	14	7	7	5.7952	1.4371	1.5539
ENSG00000252275.1	RNU7-192P	snRNA	0	0	0	0.0000	0.0000	0.0000
ENSG00000252277.1	SNORD116-30	snoRNA	0	0	0	0.0000	0.0000	0.0000
ENSG00000252279.1	RNU6-406P	snRNA	0	0	0	0.0000	0.0000	0.0000
ENSG00000252282.1	RNU6-1089P	snRNA	0	0	0	0.0000	0.0000	0.0000
ENSG00000252283.1	Vault	misc_RNA	1	0	1	0.5560	0.1379	0.1491
ENSG00000252284.1	SNORA108	snoRNA	0	0	0	0.0000	0.0000	0.0000
ENSG00000252287.1	RNA5SP24	rRNA_pseudogene	0	0	0	0.0000	0.0000	0.0000
ENSG00000252288.1	RNU6-966P	snRNA	0	0	0	0.0000	0.0000	0.0000
ENSG00000252289.1	RNA5SP519	rRNA_pseudogene	0	0	0	0.0000	0.0000	0.0000
ENSG00000252290.1	AL442065.1	snoRNA	0	0	0	0.0000	0.0000	0.0000
ENSG00000252291.1	AC079173.1	snoRNA	0	0	0	0.0000	0.0000	0.0000
ENSG00000252292.1	RN7SKP238	misc_RNA	0	0	0	0.0000	0.0000	0.0000
ENSG00000252294.1	RNU6-589P	snRNA	0	0	0	0.0000	0.0000	0.0000
ENSG00000252296.2	AL359641.1	snoRNA	0	0	0	0.0000	0.0000	0.0000
ENSG00000252297.1	RNU6-875P	snRNA	3	3	0	1.6050	0.3980	0.4304
ENSG00000252301.1	RNA5SP134	rRNA_pseudogene	0	0	0	0.0000	0.0000	0.0000
ENSG00000252302.1	RNA5SP147	rRNA_pseudogene	0	0	0	0.0000	0.0000	0.0000
ENSG00000252305.1	SNORA74	snoRNA	1	1	0	0.3151	0.0781	0.0845
ENSG00000252307.1	RNA5SP153	rRNA_pseudogene	0	0	0	0.0000	0.0000	0.0000
ENSG00000252311.1	RNU1-103P	snRNA	0	0	0	0.0000	0.0000	0.0000
ENSG00000252312.1	RN7SKP21	misc_RNA	0	0	0	0.0000	0.0000	0.0000
ENSG00000252313.1	RNA5SP281	rRNA_pseudogene	0	0	0	0.0000	0.0000	0.0000
ENSG00000252315.1	RNA5SP520	rRNA_pseudogene	0	0	0	0.0000	0.0000	0.0000
ENSG00000252316.1	RNY4	misc_RNA	0	0	0	0.0000	0.0000	0.0000
ENSG00000252317.1	Y_RNA	misc_RNA	0	0	0	0.0000	0.0000	0.0000
ENSG00000252319.1	Y_RNA	misc_RNA	1	0	1	0.5728	0.1421	0.1536
ENSG00000252320.1	RNU6-320P	snRNA	0	0	0	0.0000	0.0000	0.0000
ENSG00000252321.1	RN7SKP83	misc_RNA	0	0	0	0.0000	0.0000	0.0000
ENSG00000252322.1	RN7SKP244	misc_RNA	1	0	1	0.1847	0.0458	0.0495
ENSG00000252323.1	RNU6-184P	snRNA	0	0	0	0.0000	0.0000	0.0000
ENSG00000252325.1	RNU6-1038P	snRNA	0	0	0	0.0000	0.0000	0.0000
ENSG00000252326.1	SNORD116-25	snoRNA	0	0	0	0.0000	0.0000	0.0000
ENSG00000252328.1	Vault	misc_RNA	0	0	0	0.0000	0.0000	0.0000
ENSG00000252329.1	AC013549.2	scaRNA	0	0	0	0.0000	0.0000	0.0000
ENSG00000252332.1	RNU6-911P	snRNA	2	2	0	1.0906	0.2705	0.2924
ENSG00000252333.1	RNU6-964P	snRNA	0	0	0	0.0000	0.0000	0.0000
ENSG00000252334.1	RNU6-1337P	snRNA	0	0	0	0.0000	0.0000	0.0000
ENSG00000252335.1	RNU6-62P	snRNA	0	0	0	0.0000	0.0000	0.0000
ENSG00000252336.1	RNA5SP148	rRNA_pseudogene	0	0	0	0.0000	0.0000	0.0000
ENSG00000252337.1	AC114940.2	snoRNA	0	0	0	0.0000	0.0000	0.0000
ENSG00000252338.1	RNU6-503P	snRNA	0	0	0	0.0000	0.0000	0.0000
ENSG00000252339.1	RNU6-1061P	snRNA	3	2	1	1.7185	0.4262	0.4608
ENSG00000252341.1	Y_RNA	misc_RNA	0	0	0	0.0000	0.0000	0.0000
ENSG00000252342.1	RNA5SP164	rRNA_pseudogene	0	0	0	0.0000	0.0000	0.0000
ENSG00000252343.1	RNU2-34P	snRNA	0	0	0	0.0000	0.0000	0.0000
ENSG00000252346.1	RNA5SP121	rRNA_pseudogene	0	0	0	0.0000	0.0000	0.0000
ENSG00000252347.1	RNU6-1046P	snRNA	0	0	0	0.0000	0.0000	0.0000
ENSG00000252348.1	RNU6-1256P	snRNA	0	0	0	0.0000	0.0000	0.0000
ENSG00000252349.1	AC005722.2	snoRNA	0	0	0	0.0000	0.0000	0.0000
ENSG00000252350.1	RPPH1-3P	ribozyme	0	0	0	0.0000	0.0000	0.0000
ENSG00000252351.1	RNU6ATAC12P	snRNA	0	0	0	0.0000	0.0000	0.0000
ENSG00000252352.1	AC115085.1	snoRNA	0	0	0	0.0000	0.0000	0.0000
ENSG00000252353.1	RNU7-25P	snRNA	0	0	0	0.0000	0.0000	0.0000
ENSG00000252355.1	RN7SKP287	misc_RNA	6	0	6	1.2792	0.3172	0.3430
ENSG00000252357.1	Y_RNA	misc_RNA	0	0	0	0.0000	0.0000	0.0000
ENSG00000252358.1	RN7SKP135	misc_RNA	0	0	0	0.0000	0.0000	0.0000
ENSG00000252361.1	RNU6-118P	snRNA	5	2	3	2.7799	0.6894	0.7454
ENSG00000252362.1	RNU6-506P	snRNA	0	0	0	0.0000	0.0000	0.0000
ENSG00000252363.1	RNU7-43P	snRNA	0	0	0	0.0000	0.0000	0.0000
ENSG00000252364.1	RNA5SP360	rRNA_pseudogene	0	0	0	0.0000	0.0000	0.0000
ENSG00000252366.1	RNA5SP367	rRNA_pseudogene	0	0	0	0.0000	0.0000	0.0000
ENSG00000252367.1	Y_RNA	misc_RNA	2	2	0	1.2464	0.3091	0.3342
ENSG00000252368.1	RNA5SP43	rRNA_pseudogene	0	0	0	0.0000	0.0000	0.0000
ENSG00000252369.1	RNU7-51P	snRNA	0	0	0	0.0000	0.0000	0.0000
ENSG00000252370.1	RNA5SP438	rRNA_pseudogene	0	0	0	0.0000	0.0000	0.0000
ENSG00000252371.1	RNU6-725P	snRNA	0	1	0	0.0000	0.0000	0.0000
ENSG00000252373.1	RNU6-358P	snRNA	0	0	0	0.0000	0.0000	0.0000
ENSG00000252374.1	Y_RNA	misc_RNA	0	0	0	0.0000	0.0000	0.0000
ENSG00000252376.1	RNA5SP395	rRNA_pseudogene	0	0	0	0.0000	0.0000	0.0000
ENSG00000252377.1	RNU6-504P	snRNA	0	0	0	0.0000	0.0000	0.0000
ENSG00000252383.1	RNU6-314P	snRNA	0	0	0	0.0000	0.0000	0.0000
ENSG00000252385.1	RNU6-68P	snRNA	0	0	0	0.0000	0.0000	0.0000
ENSG00000252386.1	RNU6-1018P	snRNA	1	1	0	0.5350	0.1327	0.1435
ENSG00000252390.1	RNU5F-4P	snRNA	0	0	0	0.0000	0.0000	0.0000
ENSG00000252391.1	RNU6-638P	snRNA	5	2	3	2.7264	0.6761	0.7310
ENSG00000252393.1	RNU6-1004P	snRNA	0	0	0	0.0000	0.0000	0.0000
ENSG00000252395.2	RNU6-1007P	snRNA	0	0	0	0.0000	0.0000	0.0000
ENSG00000252396.1	RN7SKP195	misc_RNA	0	0	0	0.0000	0.0000	0.0000
ENSG00000252397.1	RNU5A-4P	snRNA	0	0	0	0.0000	0.0000	0.0000
ENSG00000252398.1	Y_RNA	misc_RNA	0	0	0	0.0000	0.0000	0.0000
ENSG00000252400.1	RNU6-1291P	snRNA	0	0	0	0.0000	0.0000	0.0000
ENSG00000252401.1	RNU4ATAC6P	snRNA	0	0	0	0.0000	0.0000	0.0000
ENSG00000252404.1	AL158048.1	scaRNA	0	0	0	0.0000	0.0000	0.0000
ENSG00000252407.1	RNU7-183P	snRNA	0	0	0	0.0000	0.0000	0.0000
ENSG00000252408.1	AC005787.1	snoRNA	0	0	0	0.0000	0.0000	0.0000
ENSG00000252409.1	AC099537.1	scaRNA	1	0	1	0.3416	0.0847	0.0916
ENSG00000252410.1	RNU5B-3P	snRNA	0	0	0	0.0000	0.0000	0.0000
ENSG00000252411.1	RNU6-1087P	snRNA	0	0	0	0.0000	0.0000	0.0000
ENSG00000252412.1	Y_RNA	misc_RNA	14	8	6	8.3573	2.0725	2.2409
ENSG00000252413.1	RNU7-121P	snRNA	0	0	0	0.0000	0.0000	0.0000
ENSG00000252414.1	RNU6-100P	snRNA	4	2	2	2.1400	0.5307	0.5738
ENSG00000252415.1	RNU6-1012P	snRNA	0	0	0	0.0000	0.0000	0.0000
ENSG00000252416.1	RNU6-885P	snRNA	0	5	3	0.0000	0.0000	0.0000
ENSG00000252417.1	RNU7-179P	snRNA	0	0	0	0.0000	0.0000	0.0000
ENSG00000252420.1	Y_RNA	misc_RNA	0	0	0	0.0000	0.0000	0.0000
ENSG00000252421.1	RNU6-1069P	snRNA	1	0	1	0.4264	0.1057	0.1143
ENSG00000252422.1	RNA5SP476	rRNA_pseudogene	0	0	0	0.0000	0.0000	0.0000
ENSG00000252423.1	RNU6-229P	snRNA	0	0	0	0.0000	0.0000	0.0000
ENSG00000252424.1	RNA5SP384	rRNA_pseudogene	0	0	0	0.0000	0.0000	0.0000
ENSG00000252425.1	AC100834.1	snoRNA	0	0	0	0.0000	0.0000	0.0000
ENSG00000252426.1	RNU1-107P	snRNA	0	0	0	0.0000	0.0000	0.0000
ENSG00000252427.1	AC115088.1	snoRNA	2	2	0	1.0502	0.2604	0.2816
ENSG00000252428.1	RNA5SP285	rRNA_pseudogene	0	0	0	0.0000	0.0000	0.0000
ENSG00000252429.2	RNU7-29P	snRNA	0	0	0	0.0000	0.0000	0.0000
ENSG00000252431.1	RNU6-1247P	snRNA	0	0	0	0.0000	0.0000	0.0000
ENSG00000252433.1	AL133320.1	snoRNA	0	0	0	0.0000	0.0000	0.0000
ENSG00000252436.1	Y_RNA	misc_RNA	0	0	0	0.0000	0.0000	0.0000
ENSG00000252437.1	RNA5SP459	rRNA_pseudogene	0	0	0	0.0000	0.0000	0.0000
ENSG00000252438.1	AL391314.1	snoRNA	0	0	0	0.0000	0.0000	0.0000
ENSG00000252441.1	AL589842.1	snoRNA	0	0	0	0.0000	0.0000	0.0000
ENSG00000252443.1	SNORA62	snoRNA	0	0	0	0.0000	0.0000	0.0000
ENSG00000252444.1	RNU6-344P	snRNA	0	0	0	0.0000	0.0000	0.0000
ENSG00000252446.1	RNU6-405P	snRNA	0	0	0	0.0000	0.0000	0.0000
ENSG00000252448.1	SNORA63	snoRNA	1	1	0	0.7001	0.1736	0.1877
ENSG00000252449.1	RNU6-139P	snRNA	0	0	0	0.0000	0.0000	0.0000
ENSG00000252450.1	Y_RNA	misc_RNA	0	0	0	0.0000	0.0000	0.0000
ENSG00000252451.1	RNA5SP168	rRNA_pseudogene	0	0	0	0.0000	0.0000	0.0000
ENSG00000252452.1	RNU6-107P	snRNA	1	0	1	0.5560	0.1379	0.1491
ENSG00000252454.3	MIR2114	miRNA	0	0	0	0.0000	0.0000	0.0000
ENSG00000252456.1	RNA5SP434	rRNA_pseudogene	1	1	0	0.4687	0.1162	0.1257
ENSG00000252457.1	RNU7-65P	snRNA	0	0	0	0.0000	0.0000	0.0000
ENSG00000252458.1	AC134043.1	snoRNA	0	0	0	0.0000	0.0000	0.0000
ENSG00000252459.1	AC026765.1	snoRNA	0	0	0	0.0000	0.0000	0.0000
ENSG00000252460.1	RNU6-635P	snRNA	0	0	0	0.0000	0.0000	0.0000
ENSG00000252461.1	AC133550.1	snoRNA	0	0	0	0.0000	0.0000	0.0000
ENSG00000252462.1	RNU6-113P	snRNA	0	0	0	0.0000	0.0000	0.0000
ENSG00000252464.1	RN7SKP70	misc_RNA	9	5	4	1.8834	0.4671	0.5050
ENSG00000252466.1	MIR2115	miRNA	0	0	0	0.0000	0.0000	0.0000
ENSG00000252467.1	RNU6-347P	snRNA	0	0	0	0.0000	0.0000	0.0000
ENSG00000252468.1	RNU2-57P	snRNA	0	0	0	0.0000	0.0000	0.0000
ENSG00000252469.1	RNU7-160P	snRNA	1	1	0	0.9147	0.2268	0.2453
ENSG00000252470.1	RNU6-551P	snRNA	0	0	0	0.0000	0.0000	0.0000
ENSG00000252472.1	RNU6-521P	snRNA	0	0	0	0.0000	0.0000	0.0000
ENSG00000252473.1	AC007684.1	snoRNA	0	0	0	0.0000	0.0000	0.0000
ENSG00000252474.1	RNU6-539P	snRNA	1	1	0	0.5506	0.1365	0.1476
ENSG00000252475.1	RNU6-1332P	snRNA	0	0	0	0.0000	0.0000	0.0000
ENSG00000252479.1	RNA5SP309	rRNA_pseudogene	0	0	0	0.0000	0.0000	0.0000
ENSG00000252480.1	RNU6-719P	snRNA	0	0	0	0.0000	0.0000	0.0000
ENSG00000252481.1	SCARNA13	scaRNA	0	0	0	0.0000	0.0000	0.0000
ENSG00000252482.1	RNU7-22P	snRNA	0	0	0	0.0000	0.0000	0.0000
ENSG00000252483.1	RNU6-1178P	snRNA	0	0	0	0.0000	0.0000	0.0000
ENSG00000252484.1	RN7SKP49	misc_RNA	0	0	0	0.0000	0.0000	0.0000
ENSG00000252485.1	Vault	misc_RNA	0	0	0	0.0000	0.0000	0.0000
ENSG00000252486.1	Y_RNA	misc_RNA	0	0	0	0.0000	0.0000	0.0000
ENSG00000252487.1	RNY4P20	misc_RNA	0	0	0	0.0000	0.0000	0.0000
ENSG00000252489.1	RNU6-197P	snRNA	0	0	0	0.0000	0.0000	0.0000
ENSG00000252490.1	RN7SKP66	misc_RNA	0	0	0	0.0000	0.0000	0.0000
ENSG00000252491.1	RNU1-142P	snRNA	0	0	0	0.0000	0.0000	0.0000
ENSG00000252494.1	RNU6-126P	snRNA	1	1	0	0.5506	0.1365	0.1476
ENSG00000252496.1	RNA5SP33	rRNA_pseudogene	0	0	0	0.0000	0.0000	0.0000
ENSG00000252497.1	RPPH1-2P	ribozyme	0	0	0	0.0000	0.0000	0.0000
ENSG00000252498.1	RNU6-1016P	snRNA	16	12	4	9.6528	2.3938	2.5882
ENSG00000252499.1	RNU6-63P	snRNA	0	0	0	0.0000	0.0000	0.0000
ENSG00000252501.1	RNU4-77P	snRNA	0	0	0	0.0000	0.0000	0.0000
ENSG00000252503.1	RNU6-531P	snRNA	12	8	4	6.5435	1.6227	1.7545
ENSG00000252505.1	SNORA70	snoRNA	0	0	0	0.0000	0.0000	0.0000
ENSG00000252506.1	RNU6-180P	snRNA	0	0	0	0.0000	0.0000	0.0000
ENSG00000252507.1	RNU7-81P	snRNA	0	0	0	0.0000	0.0000	0.0000
ENSG00000252508.1	RNU4ATAC3P	snRNA	0	0	0	0.0000	0.0000	0.0000
ENSG00000252509.1	RNA5SP271	rRNA_pseudogene	0	0	0	0.0000	0.0000	0.0000
ENSG00000252510.1	RNA5SP55	rRNA_pseudogene	0	0	0	0.0000	0.0000	0.0000
ENSG00000252512.1	RNA5SP206	rRNA_pseudogene	0	0	0	0.0000	0.0000	0.0000
ENSG00000252513.1	RNU1-128P	snRNA	0	0	0	0.0000	0.0000	0.0000
ENSG00000252514.1	RNU7-53P	snRNA	0	0	0	0.0000	0.0000	0.0000
ENSG00000252515.2	RNU6-1171P	snRNA	0	0	0	0.0000	0.0000	0.0000
ENSG00000252516.1	RNA5SP82	rRNA_pseudogene	6	4	2	3.6985	0.9172	0.9917
ENSG00000252517.1	AC006196.1	snoRNA	0	0	0	0.0000	0.0000	0.0000
ENSG00000252519.1	RNU6-783P	snRNA	0	0	0	0.0000	0.0000	0.0000
ENSG00000252521.1	RNU5D-2P	snRNA	0	0	0	0.0000	0.0000	0.0000
ENSG00000252523.1	RNU6-267P	snRNA	1	1	0	0.5506	0.1365	0.1476
ENSG00000252524.1	Y_RNA	misc_RNA	0	0	0	0.0000	0.0000	0.0000
ENSG00000252526.1	SNORA70	snoRNA	0	0	0	0.0000	0.0000	0.0000
ENSG00000252530.1	RNU6-965P	snRNA	0	0	0	0.0000	0.0000	0.0000
ENSG00000252532.1	RNU7-193P	snRNA	0	0	0	0.0000	0.0000	0.0000
ENSG00000252533.1	RNU6-572P	snRNA	0	0	0	0.0000	0.0000	0.0000
ENSG00000252534.1	Y_RNA	misc_RNA	0	0	0	0.0000	0.0000	0.0000
ENSG00000252535.1	RNA5SP254	rRNA_pseudogene	0	0	0	0.0000	0.0000	0.0000
ENSG00000252537.1	AL358033.1	snoRNA	0	0	0	0.0000	0.0000	0.0000
ENSG00000252539.1	RNA5SP462	rRNA_pseudogene	0	0	0	0.0000	0.0000	0.0000
ENSG00000252540.1	RNU6-919P	snRNA	0	0	0	0.0000	0.0000	0.0000
ENSG00000252542.1	SNORD36C	snoRNA	0	0	0	0.0000	0.0000	0.0000
ENSG00000252544.1	RNU6-1282P	snRNA	0	0	0	0.0000	0.0000	0.0000
ENSG00000252545.1	RNU6-362P	snRNA	0	0	0	0.0000	0.0000	0.0000
ENSG00000252546.1	RNA5SP466	rRNA_pseudogene	1	1	0	0.5251	0.1302	0.1408
ENSG00000252548.1	RNU7-149P	snRNA	0	0	0	0.0000	0.0000	0.0000
ENSG00000252549.1	RNU6-759P	snRNA	1	1	0	0.5506	0.1365	0.1476
ENSG00000252550.1	AL138701.1	snoRNA	0	0	0	0.0000	0.0000	0.0000
ENSG00000252552.1	RNU6-307P	snRNA	2	1	1	1.0700	0.2653	0.2869
ENSG00000252553.1	RNA5SP73	rRNA_pseudogene	0	0	0	0.0000	0.0000	0.0000
ENSG00000252554.1	RNU6-861P	snRNA	0	0	0	0.0000	0.0000	0.0000
ENSG00000252555.1	RNU6-567P	snRNA	0	0	0	0.0000	0.0000	0.0000
ENSG00000252556.1	RNU6-256P	snRNA	0	0	0	0.0000	0.0000	0.0000
ENSG00000252558.1	RNU6-914P	snRNA	0	0	0	0.0000	0.0000	0.0000
ENSG00000252560.1	RNU4-18P	snRNA	0	0	0	0.0000	0.0000	0.0000
ENSG00000252561.1	RNU1-125P	snRNA	0	0	0	0.0000	0.0000	0.0000
ENSG00000252562.1	RNU6-922P	snRNA	1	1	0	0.5728	0.1421	0.1536
ENSG00000252563.1	RNA5SP45	rRNA_pseudogene	0	0	0	0.0000	0.0000	0.0000
ENSG00000252568.1	RNU7-28P	snRNA	0	0	0	0.0000	0.0000	0.0000
ENSG00000252569.1	RNU6-1153P	snRNA	0	0	0	0.0000	0.0000	0.0000
ENSG00000252574.2	RNU5B-6P	snRNA	0	0	0	0.0000	0.0000	0.0000
ENSG00000252577.1	SCARNA20	scaRNA	2	0	2	0.8658	0.2147	0.2322
ENSG00000252578.1	RNU6-135P	snRNA	0	0	0	0.0000	0.0000	0.0000
ENSG00000252580.1	AL451137.1	snoRNA	0	0	0	0.0000	0.0000	0.0000
ENSG00000252581.1	RNU6-1098P	snRNA	3	2	2	1.7722	0.4395	0.4752
ENSG00000252582.1	AL583807.1	snoRNA	0	0	0	0.0000	0.0000	0.0000
ENSG00000252583.2	MIR514B	miRNA	0	0	0	0.0000	0.0000	0.0000
ENSG00000252585.1	Y_RNA	misc_RNA	6	5	1	3.0111	0.7467	0.8074
ENSG00000252587.1	RNA5SP422	rRNA_pseudogene	0	0	0	0.0000	0.0000	0.0000
ENSG00000252590.1	RNU7-143P	snRNA	0	0	0	0.0000	0.0000	0.0000
ENSG00000252591.1	RNA5SP468	rRNA_pseudogene	0	0	0	0.0000	0.0000	0.0000
ENSG00000252593.1	RNU6-1224P	snRNA	0	0	0	0.0000	0.0000	0.0000
ENSG00000252594.1	RNU6-656P	snRNA	0	0	0	0.0000	0.0000	0.0000
ENSG00000252595.1	RN7SKP82	misc_RNA	0	0	0	0.0000	0.0000	0.0000
ENSG00000252597.1	RNU7-137P	snRNA	0	0	0	0.0000	0.0000	0.0000
ENSG00000252598.1	RNA5SP460	rRNA_pseudogene	1	0	1	0.5671	0.1406	0.1521
ENSG00000252599.1	RNU6-566P	snRNA	0	0	0	0.0000	0.0000	0.0000
ENSG00000252601.1	AC024589.2	snoRNA	0	0	0	0.0000	0.0000	0.0000
ENSG00000252603.1	RNU6ATAC22P	snRNA	0	0	0	0.0000	0.0000	0.0000
ENSG00000252604.1	RNU2-44P	snRNA	0	0	0	0.0000	0.0000	0.0000
ENSG00000252606.1	RNU6-1150P	snRNA	1	1	0	0.5728	0.1421	0.1536
ENSG00000252607.1	Y_RNA	misc_RNA	0	0	0	0.0000	0.0000	0.0000
ENSG00000252608.1	RNU6-1191P	snRNA	0	0	0	0.0000	0.0000	0.0000
ENSG00000252611.1	RNU6-1121P	snRNA	0	0	0	0.0000	0.0000	0.0000
ENSG00000252612.1	Y_RNA	misc_RNA	1	0	1	0.6098	0.1512	0.1635
ENSG00000252614.1	RNU6-807P	snRNA	0	0	0	0.0000	0.0000	0.0000
ENSG00000252615.1	Y_RNA	misc_RNA	0	0	0	0.0000	0.0000	0.0000
ENSG00000252618.1	RNA5SP441	rRNA_pseudogene	1	1	0	0.6444	0.1598	0.1728
ENSG00000252619.1	RNU6-1149P	snRNA	0	0	0	0.0000	0.0000	0.0000
ENSG00000252620.1	RNU6ATAC24P	snRNA	1	1	0	0.4201	0.1042	0.1126
ENSG00000252621.1	Y_RNA	misc_RNA	206	106	100	106.2023	26.3371	28.4764
ENSG00000252622.1	RNU6-881P	snRNA	0	0	0	0.0000	0.0000	0.0000
ENSG00000252623.1	RNA5SP481	rRNA_pseudogene	0	0	0	0.0000	0.0000	0.0000
ENSG00000252624.1	RNA5SP409	rRNA_pseudogene	0	0	0	0.0000	0.0000	0.0000
ENSG00000252625.1	RNU1-40P	snRNA	0	0	0	0.0000	0.0000	0.0000
ENSG00000252626.1	RNU6-1308P	snRNA	0	0	0	0.0000	0.0000	0.0000
ENSG00000252627.1	RNU6-122P	snRNA	0	0	0	0.0000	0.0000	0.0000
ENSG00000252628.2	RNU6-453P	snRNA	0	0	0	0.0000	0.0000	0.0000
ENSG00000252633.1	RN7SKP282	misc_RNA	0	0	0	0.0000	0.0000	0.0000
ENSG00000252634.1	RN7SKP219	misc_RNA	1	0	1	0.1916	0.0475	0.0514
ENSG00000252635.1	RNU2-56P	snRNA	0	0	0	0.0000	0.0000	0.0000
ENSG00000252636.1	RNU6-826P	snRNA	0	0	0	0.0000	0.0000	0.0000
ENSG00000252637.1	RNA5SP268	rRNA_pseudogene	0	0	0	0.0000	0.0000	0.0000
ENSG00000252639.1	RNU2-24P	snRNA	0	0	0	0.0000	0.0000	0.0000
ENSG00000252640.1	AC126773.2	snoRNA	1	0	1	0.4806	0.1192	0.1289
ENSG00000252641.2	RNU6-678P	snRNA	2	0	2	1.0405	0.2580	0.2790
ENSG00000252642.1	RNA5SP137	rRNA_pseudogene	1	0	1	0.4201	0.1042	0.1126
ENSG00000252643.1	RNU6-1136P	snRNA	1	0	1	0.5453	0.1352	0.1462
ENSG00000252644.1	RNU7-30P	snRNA	0	0	0	0.0000	0.0000	0.0000
ENSG00000252645.1	RNU7-111P	snRNA	0	92	99	0.0000	0.0000	0.0000
ENSG00000252647.1	RNA5SP416	rRNA_pseudogene	0	0	0	0.0000	0.0000	0.0000
ENSG00000252649.1	RNA5SP480	rRNA_pseudogene	0	0	0	0.0000	0.0000	0.0000
ENSG00000252650.1	RNA5SP75	rRNA_pseudogene	0	0	0	0.0000	0.0000	0.0000
ENSG00000252651.1	RNU6-557P	snRNA	0	0	0	0.0000	0.0000	0.0000
ENSG00000252652.1	Y_RNA	misc_RNA	7	4	3	4.1351	1.0255	1.1088
ENSG00000252653.1	RNA5SP444	rRNA_pseudogene	0	0	0	0.0000	0.0000	0.0000
ENSG00000252654.1	RNU7-6P	snRNA	0	0	0	0.0000	0.0000	0.0000
ENSG00000252655.1	Y_RNA	misc_RNA	0	0	0	0.0000	0.0000	0.0000
ENSG00000252656.1	RN7SKP88	misc_RNA	0	0	0	0.0000	0.0000	0.0000
ENSG00000252657.1	SNORA70	snoRNA	1	0	1	0.4501	0.1116	0.1207
ENSG00000252658.1	RNU6-786P	snRNA	0	0	0	0.0000	0.0000	0.0000
ENSG00000252659.1	RNU6-1088P	snRNA	1	2	2	0.5453	0.1352	0.1462
ENSG00000252660.1	Y_RNA	misc_RNA	0	0	0	0.0000	0.0000	0.0000
ENSG00000252661.1	RNU6-782P	snRNA	0	0	0	0.0000	0.0000	0.0000
ENSG00000252667.1	RNA5SP523	rRNA_pseudogene	0	0	0	0.0000	0.0000	0.0000
ENSG00000252671.1	Y_RNA	misc_RNA	0	0	0	0.0000	0.0000	0.0000
ENSG00000252673.1	RNA5SP421	rRNA_pseudogene	0	0	0	0.0000	0.0000	0.0000
ENSG00000252674.1	RNA5SP102	rRNA_pseudogene	0	0	0	0.0000	0.0000	0.0000
ENSG00000252677.1	AC106037.1	snoRNA	0	0	0	0.0000	0.0000	0.0000
ENSG00000252680.1	RNA5SP449	rRNA_pseudogene	9	5	4	3.9261	0.9736	1.0527
ENSG00000252681.1	RNU1-97P	snRNA	0	0	0	0.0000	0.0000	0.0000
ENSG00000252682.1	AL354980.1	snoRNA	0	0	0	0.0000	0.0000	0.0000
ENSG00000252684.1	RNU6ATAC36P	snRNA	0	0	0	0.0000	0.0000	0.0000
ENSG00000252685.1	RNU6-928P	snRNA	0	0	0	0.0000	0.0000	0.0000
ENSG00000252686.1	RNU6-1234P	snRNA	0	0	0	0.0000	0.0000	0.0000
ENSG00000252688.1	RNU6-579P	snRNA	1	1	0	0.5560	0.1379	0.1491
ENSG00000252689.1	AC011749.1	snoRNA	0	0	0	0.0000	0.0000	0.0000
ENSG00000252690.3	AC105339.2	lncRNA	15	39	34	0.1967	0.0488	0.0527
ENSG00000252691.1	AL592064.2	scaRNA	0	0	0	0.0000	0.0000	0.0000
ENSG00000252692.1	AC244035.3	snoRNA	0	0	0	0.0000	0.0000	0.0000
ENSG00000252693.1	AL391241.1	snoRNA	0	0	0	0.0000	0.0000	0.0000
ENSG00000252695.1	MIR2276	miRNA	0	0	0	0.0000	0.0000	0.0000
ENSG00000252696.1	RNA5SP34	rRNA_pseudogene	0	0	0	0.0000	0.0000	0.0000
ENSG00000252697.1	RN7SKP209	misc_RNA	2	0	2	0.3731	0.0925	0.1000
ENSG00000252699.1	SNORA21B	snoRNA	0	0	0	0.0000	0.0000	0.0000
ENSG00000252700.1	RNU7-110P	snRNA	0	0	0	0.0000	0.0000	0.0000
ENSG00000252704.1	RN7SKP277	misc_RNA	0	0	0	0.0000	0.0000	0.0000
ENSG00000252705.1	RNU6-175P	snRNA	0	0	0	0.0000	0.0000	0.0000
ENSG00000252707.1	RNU11-2P	snRNA	0	0	0	0.0000	0.0000	0.0000
ENSG00000252710.1	RNU6-295P	snRNA	0	0	0	0.0000	0.0000	0.0000
ENSG00000252711.1	RN7SKP116	misc_RNA	0	0	0	0.0000	0.0000	0.0000
ENSG00000252712.1	SCARNA14	scaRNA	0	0	0	0.0000	0.0000	0.0000
ENSG00000252713.1	RNU6-1198P	snRNA	0	0	0	0.0000	0.0000	0.0000
ENSG00000252714.1	RNA5SP392	rRNA_pseudogene	0	0	0	0.0000	0.0000	0.0000
ENSG00000252716.1	RN7SKP260	misc_RNA	0	0	0	0.0000	0.0000	0.0000
ENSG00000252717.1	RNU6-352P	snRNA	0	0	0	0.0000	0.0000	0.0000
ENSG00000252718.1	RNU6-612P	snRNA	0	0	0	0.0000	0.0000	0.0000
ENSG00000252719.1	AL356785.1	snoRNA	0	0	0	0.0000	0.0000	0.0000
ENSG00000252720.1	RNU6-1258P	snRNA	0	0	0	0.0000	0.0000	0.0000
ENSG00000252721.1	RNU6-798P	snRNA	0	0	0	0.0000	0.0000	0.0000
ENSG00000252722.1	AC113208.1	scaRNA	0	0	0	0.0000	0.0000	0.0000
ENSG00000252723.2	RNU6-677P	snRNA	0	0	0	0.0000	0.0000	0.0000
ENSG00000252724.1	SNORA70	snoRNA	0	0	0	0.0000	0.0000	0.0000
ENSG00000252725.1	RNU6-765P	snRNA	0	0	0	0.0000	0.0000	0.0000
ENSG00000252726.1	RNA5SP94	rRNA_pseudogene	0	0	0	0.0000	0.0000	0.0000
ENSG00000252727.1	AC092184.1	scaRNA	0	0	0	0.0000	0.0000	0.0000
ENSG00000252729.1	RNU6-971P	snRNA	0	1	0	0.0000	0.0000	0.0000
ENSG00000252734.1	RNU6-980P	snRNA	0	0	0	0.0000	0.0000	0.0000
ENSG00000252735.1	RNU6-528P	snRNA	0	0	0	0.0000	0.0000	0.0000
ENSG00000252739.1	RNU7-151P	snRNA	0	0	0	0.0000	0.0000	0.0000
ENSG00000252742.1	Y_RNA	misc_RNA	0	0	0	0.0000	0.0000	0.0000
ENSG00000252743.1	RNU6-850P	snRNA	7	5	6	3.8541	0.9558	1.0334
ENSG00000252744.1	Y_RNA	misc_RNA	0	0	0	0.0000	0.0000	0.0000
ENSG00000252745.1	RNA5SP143	rRNA_pseudogene	0	0	0	0.0000	0.0000	0.0000
ENSG00000252746.1	RNU6-273P	snRNA	0	0	0	0.0000	0.0000	0.0000
ENSG00000252747.1	RNA5SP364	rRNA_pseudogene	1	0	1	0.7271	0.1803	0.1949
ENSG00000252749.1	RNU7-116P	snRNA	0	0	0	0.0000	0.0000	0.0000
ENSG00000252750.1	RNU7-70P	snRNA	0	0	0	0.0000	0.0000	0.0000
ENSG00000252751.1	RNU6-143P	snRNA	0	0	0	0.0000	0.0000	0.0000
ENSG00000252752.1	RNU6-210P	snRNA	0	0	0	0.0000	0.0000	0.0000
ENSG00000252755.1	RNU6-703P	snRNA	5	2	3	2.6500	0.6572	0.7106
ENSG00000252756.1	RNU6-577P	snRNA	2	2	0	1.1573	0.2870	0.3103
ENSG00000252757.1	RN7SKP96	misc_RNA	0	0	0	0.0000	0.0000	0.0000
ENSG00000252758.1	RNU6-445P	snRNA	0	0	0	0.0000	0.0000	0.0000
ENSG00000252759.1	Y_RNA	misc_RNA	5	2	3	2.9536	0.7325	0.7920
ENSG00000252760.1	RNA5SP54	rRNA_pseudogene	0	0	0	0.0000	0.0000	0.0000
ENSG00000252761.1	Y_RNA	misc_RNA	0	0	0	0.0000	0.0000	0.0000
ENSG00000252762.1	AC021863.1	snoRNA	0	0	0	0.0000	0.0000	0.0000
ENSG00000252763.1	RNU2-31P	snRNA	0	0	0	0.0000	0.0000	0.0000
ENSG00000252764.1	RNU6-1092P	snRNA	1	1	0	0.6518	0.1616	0.1748
ENSG00000252765.1	AC093157.3	scaRNA	0	0	0	0.0000	0.0000	0.0000
ENSG00000252766.1	RNU6-255P	snRNA	0	0	0	0.0000	0.0000	0.0000
ENSG00000252767.1	RNU6-250P	snRNA	0	0	0	0.0000	0.0000	0.0000
ENSG00000252768.1	RNU6-856P	snRNA	6	1	5	3.4720	0.8610	0.9310
ENSG00000252769.1	RNU6-943P	snRNA	0	0	0	0.0000	0.0000	0.0000
ENSG00000252770.1	RNU7-4P	snRNA	0	0	0	0.0000	0.0000	0.0000
ENSG00000252772.1	RNU6-714P	snRNA	0	0	0	0.0000	0.0000	0.0000
ENSG00000252774.1	AC087632.1	snoRNA	0	0	2	0.0000	0.0000	0.0000
ENSG00000252776.1	RNU4ATAC10P	snRNA	0	0	0	0.0000	0.0000	0.0000
ENSG00000252777.1	AL645729.1	scaRNA	0	0	0	0.0000	0.0000	0.0000
ENSG00000252778.1	AP006442.1	scaRNA	0	0	0	0.0000	0.0000	0.0000
ENSG00000252779.1	RNU6-182P	snRNA	0	0	0	0.0000	0.0000	0.0000
ENSG00000252780.1	RNA5SP471	rRNA_pseudogene	0	0	0	0.0000	0.0000	0.0000
ENSG00000252782.1	RNU6-341P	snRNA	1	1	0	0.5907	0.1465	0.1584
ENSG00000252783.1	RNU6-835P	snRNA	0	0	0	0.0000	0.0000	0.0000
ENSG00000252784.1	Y_RNA	misc_RNA	0	0	0	0.0000	0.0000	0.0000
ENSG00000252787.2	AC104446.1	snoRNA	0	0	0	0.0000	0.0000	0.0000
ENSG00000252794.1	RN7SKP60	misc_RNA	0	0	0	0.0000	0.0000	0.0000
ENSG00000252795.1	RNU6-56P	snRNA	0	0	0	0.0000	0.0000	0.0000
ENSG00000252796.1	RNU7-11P	snRNA	1	1	0	0.9147	0.2268	0.2453
ENSG00000252797.1	RN7SKP272	misc_RNA	0	0	0	0.0000	0.0000	0.0000
ENSG00000252798.1	AC005632.1	scaRNA	0	0	0	0.0000	0.0000	0.0000
ENSG00000252800.1	AL132992.1	scaRNA	0	0	0	0.0000	0.0000	0.0000
ENSG00000252802.1	Y_RNA	misc_RNA	0	0	0	0.0000	0.0000	0.0000
ENSG00000252804.1	RNU6-958P	snRNA	0	0	0	0.0000	0.0000	0.0000
ENSG00000252806.1	RNA5SP420	rRNA_pseudogene	0	0	0	0.0000	0.0000	0.0000
ENSG00000252807.1	RNU6-1006P	snRNA	0	0	0	0.0000	0.0000	0.0000
ENSG00000252810.1	RNU6-345P	snRNA	0	0	0	0.0000	0.0000	0.0000
ENSG00000252812.1	RN7SKP2	misc_RNA	0	0	0	0.0000	0.0000	0.0000
ENSG00000252814.1	RN7SKP233	misc_RNA	0	0	0	0.0000	0.0000	0.0000
ENSG00000252815.1	RNU6-410P	snRNA	0	0	0	0.0000	0.0000	0.0000
ENSG00000252816.1	RNA5SP337	rRNA_pseudogene	0	0	0	0.0000	0.0000	0.0000
ENSG00000252820.1	Y_RNA	misc_RNA	0	0	0	0.0000	0.0000	0.0000
ENSG00000252821.1	RNU6-388P	snRNA	2	1	1	1.0802	0.2679	0.2896
ENSG00000252822.1	Y_RNA	misc_RNA	0	0	0	0.0000	0.0000	0.0000
ENSG00000252823.1	RNU6-148P	snRNA	0	0	0	0.0000	0.0000	0.0000
ENSG00000252824.1	AC005086.1	snoRNA	0	0	0	0.0000	0.0000	0.0000
ENSG00000252826.1	RNVU1-23	snRNA	0	0	0	0.0000	0.0000	0.0000
ENSG00000252827.1	RN7SKP11	misc_RNA	0	0	0	0.0000	0.0000	0.0000
ENSG00000252828.1	RNA5SP135	rRNA_pseudogene	0	0	0	0.0000	0.0000	0.0000
ENSG00000252830.2	RNA5SP533	rRNA	0	0	0	0.0000	0.0000	0.0000
ENSG00000252832.1	RNU6-1212P	snRNA	0	0	0	0.0000	0.0000	0.0000
ENSG00000252833.1	RNA5SP186	rRNA_pseudogene	0	0	0	0.0000	0.0000	0.0000
ENSG00000252835.1	SCARNA21	scaRNA	2	2	0	0.8160	0.2024	0.2188
ENSG00000252837.1	RN7SKP99	misc_RNA	0	0	0	0.0000	0.0000	0.0000
ENSG00000252839.1	RNU6-419P	snRNA	0	0	0	0.0000	0.0000	0.0000
ENSG00000252840.1	AL365436.3	snoRNA	3	0	3	1.5753	0.3907	0.4224
ENSG00000252845.1	RNA5SP101	rRNA_pseudogene	3	2	1	1.5753	0.3907	0.4224
ENSG00000252847.1	RNU2-46P	snRNA	0	0	0	0.0000	0.0000	0.0000
ENSG00000252848.1	RNA5SP230	rRNA_pseudogene	0	0	0	0.0000	0.0000	0.0000
ENSG00000252850.1	RNU1-117P	snRNA	0	0	0	0.0000	0.0000	0.0000
ENSG00000252852.1	AP002848.1	snoRNA	0	0	0	0.0000	0.0000	0.0000
ENSG00000252854.1	RN7SKP5	misc_RNA	0	0	0	0.0000	0.0000	0.0000
ENSG00000252856.1	RNA5SP503	rRNA_pseudogene	0	0	0	0.0000	0.0000	0.0000
ENSG00000252857.1	RNU6-389P	snRNA	0	0	0	0.0000	0.0000	0.0000
ENSG00000252858.1	RNU6-1271P	snRNA	0	0	0	0.0000	0.0000	0.0000
ENSG00000252859.1	RNU6-375P	snRNA	0	0	0	0.0000	0.0000	0.0000
ENSG00000252860.1	RNU6-570P	snRNA	0	0	0	0.0000	0.0000	0.0000
ENSG00000252861.1	RNU6-448P	snRNA	0	0	0	0.0000	0.0000	0.0000
ENSG00000252863.1	RNU6-1183P	snRNA	0	0	0	0.0000	0.0000	0.0000
ENSG00000252864.1	RNA5SP278	rRNA_pseudogene	1	0	1	0.5560	0.1379	0.1491
ENSG00000252866.1	RNA5SP243	rRNA_pseudogene	0	0	0	0.0000	0.0000	0.0000
ENSG00000252867.1	RNU6-909P	snRNA	0	0	0	0.0000	0.0000	0.0000
ENSG00000252868.1	AC061965.1	snoRNA	0	0	0	0.0000	0.0000	0.0000
ENSG00000252870.1	AP003179.1	snoRNA	0	0	0	0.0000	0.0000	0.0000
ENSG00000252872.1	RNU7-188P	snRNA	0	0	0	0.0000	0.0000	0.0000
ENSG00000252874.2	Y_RNA	misc_RNA	4	2	2	2.5204	0.6250	0.6758
ENSG00000252877.1	RNA5SP312	rRNA_pseudogene	0	0	0	0.0000	0.0000	0.0000
ENSG00000252879.1	RN7SKP98	misc_RNA	0	0	0	0.0000	0.0000	0.0000
ENSG00000252881.1	RNU6-334P	snRNA	0	0	0	0.0000	0.0000	0.0000
ENSG00000252882.1	RNU6-1137P	snRNA	0	0	0	0.0000	0.0000	0.0000
ENSG00000252884.1	RNU6-1213P	snRNA	0	0	0	0.0000	0.0000	0.0000
ENSG00000252886.1	RN7SKP197	misc_RNA	2	0	2	0.3819	0.0947	0.1024
ENSG00000252887.1	RNU6-430P	snRNA	0	0	0	0.0000	0.0000	0.0000
ENSG00000252888.1	AC013738.1	snoRNA	0	0	0	0.0000	0.0000	0.0000
ENSG00000252889.1	RNU6-1236P	snRNA	0	0	0	0.0000	0.0000	0.0000
ENSG00000252890.1	RNU6-699P	snRNA	0	0	0	0.0000	0.0000	0.0000
ENSG00000252891.1	Y_RNA	misc_RNA	0	0	0	0.0000	0.0000	0.0000
ENSG00000252892.1	RNU6-548P	snRNA	3	1	2	1.4794	0.3669	0.3967
ENSG00000252894.2	Y_RNA	misc_RNA	0	0	0	0.0000	0.0000	0.0000
ENSG00000252897.1	RNU6-685P	snRNA	0	0	0	0.0000	0.0000	0.0000
ENSG00000252898.1	RNU6-1096P	snRNA	0	0	0	0.0000	0.0000	0.0000
ENSG00000252900.1	RNU6-303P	snRNA	0	0	0	0.0000	0.0000	0.0000
ENSG00000252902.1	RNA5SP342	rRNA_pseudogene	0	0	0	0.0000	0.0000	0.0000
ENSG00000252903.2	RNU6-894P	snRNA	0	0	0	0.0000	0.0000	0.0000
ENSG00000252904.1	AC010359.1	snoRNA	0	0	0	0.0000	0.0000	0.0000
ENSG00000252905.1	RNA5SP330	rRNA_pseudogene	0	0	0	0.0000	0.0000	0.0000
ENSG00000252906.1	SCARNA3	scaRNA	3	2	1	1.1897	0.2950	0.3190
ENSG00000252908.1	RNU6-1003P	snRNA	0	0	0	0.0000	0.0000	0.0000
ENSG00000252909.1	RNU6-201P	snRNA	0	0	0	0.0000	0.0000	0.0000
ENSG00000252913.1	RNU6-158P	snRNA	0	0	0	0.0000	0.0000	0.0000
ENSG00000252914.1	RNU6-789P	snRNA	0	0	0	0.0000	0.0000	0.0000
ENSG00000252915.1	Y_RNA	misc_RNA	2	2	0	1.2328	0.3057	0.3306
ENSG00000252916.1	RNU6-762P	snRNA	1	0	1	0.5560	0.1379	0.1491
ENSG00000252917.1	SNORA74	snoRNA	1	0	1	0.3682	0.0913	0.0987
ENSG00000252919.1	Y_RNA	misc_RNA	1	0	1	0.5560	0.1379	0.1491
ENSG00000252920.1	AL356867.2	snoRNA	0	0	0	0.0000	0.0000	0.0000
ENSG00000252922.1	RNU6-365P	snRNA	0	0	0	0.0000	0.0000	0.0000
ENSG00000252923.1	AC068544.1	scaRNA	0	0	0	0.0000	0.0000	0.0000
ENSG00000252927.1	RNA5SP404	rRNA_pseudogene	0	0	0	0.0000	0.0000	0.0000
ENSG00000252928.1	RNU6-64P	snRNA	0	0	0	0.0000	0.0000	0.0000
ENSG00000252929.1	RNU6-218P	snRNA	0	0	0	0.0000	0.0000	0.0000
ENSG00000252930.1	RNU6-1015P	snRNA	0	0	0	0.0000	0.0000	0.0000
ENSG00000252931.1	RNU6-231P	snRNA	0	0	0	0.0000	0.0000	0.0000
ENSG00000252933.1	RNU6-1223P	snRNA	7	5	2	3.8170	0.9466	1.0235
ENSG00000252934.1	RNU7-172P	snRNA	0	0	0	0.0000	0.0000	0.0000
ENSG00000252935.1	RNU6-1220P	snRNA	0	0	0	0.0000	0.0000	0.0000
ENSG00000252936.1	RNA5SP423	rRNA_pseudogene	0	0	0	0.0000	0.0000	0.0000
ENSG00000252937.1	RNU6-1270P	snRNA	0	0	0	0.0000	0.0000	0.0000
ENSG00000252941.1	RNA5SP340	rRNA_pseudogene	0	0	0	0.0000	0.0000	0.0000
ENSG00000252942.1	RNA5SP290	rRNA_pseudogene	2	2	0	0.8931	0.2215	0.2395
ENSG00000252943.1	RNU6-264P	snRNA	0	0	0	0.0000	0.0000	0.0000
ENSG00000252944.1	RNU6-897P	snRNA	0	0	0	0.0000	0.0000	0.0000
ENSG00000252945.1	AL133485.1	snoRNA	0	0	0	0.0000	0.0000	0.0000
ENSG00000252947.1	SCARNA1	scaRNA	0	0	0	0.0000	0.0000	0.0000
ENSG00000252948.1	RNU6-1314P	snRNA	0	0	0	0.0000	0.0000	0.0000
ENSG00000252950.1	RNA5SP490	rRNA_pseudogene	4	2	2	1.6679	0.4136	0.4472
ENSG00000252951.1	RNA5SP165	rRNA_pseudogene	0	0	0	0.0000	0.0000	0.0000
ENSG00000252952.1	RNU6-58P	snRNA	0	0	0	0.0000	0.0000	0.0000
ENSG00000252953.1	RNU6-232P	snRNA	0	0	0	0.0000	0.0000	0.0000
ENSG00000252955.1	RNU4ATAC9P	snRNA	0	0	0	0.0000	0.0000	0.0000
ENSG00000252956.1	RNA5SP40	rRNA_pseudogene	1	0	1	0.5155	0.1279	0.1382
ENSG00000252957.1	RNA5SP402	rRNA_pseudogene	1	1	0	0.5155	0.1279	0.1382
ENSG00000252959.1	RNA5SP170	rRNA_pseudogene	0	0	0	0.0000	0.0000	0.0000
ENSG00000252960.1	RN7SKP258	misc_RNA	0	0	0	0.0000	0.0000	0.0000
ENSG00000252962.1	RNU6-993P	snRNA	0	0	0	0.0000	0.0000	0.0000
ENSG00000252963.1	RN7SKP147	misc_RNA	0	0	0	0.0000	0.0000	0.0000
ENSG00000252964.1	RNA5SP400	rRNA_pseudogene	0	0	0	0.0000	0.0000	0.0000
ENSG00000252965.1	Y_RNA	misc_RNA	20	11	9	10.7000	2.6535	2.8690
ENSG00000252969.1	SNORA70	snoRNA	0	0	0	0.0000	0.0000	0.0000
ENSG00000252970.1	RNA5SP159	rRNA_pseudogene	0	0	0	0.0000	0.0000	0.0000
ENSG00000252971.1	RNU6-1057P	snRNA	0	0	0	0.0000	0.0000	0.0000
ENSG00000252973.1	RNU6-1028P	snRNA	0	0	0	0.0000	0.0000	0.0000
ENSG00000252975.1	Y_RNA	misc_RNA	0	0	0	0.0000	0.0000	0.0000
ENSG00000252977.1	RNA5SP70	rRNA_pseudogene	0	0	0	0.0000	0.0000	0.0000
ENSG00000252978.1	RN7SKP183	misc_RNA	0	0	0	0.0000	0.0000	0.0000
ENSG00000252979.1	RNU6-165P	snRNA	0	0	0	0.0000	0.0000	0.0000
ENSG00000252980.1	RNU6-367P	snRNA	0	0	0	0.0000	0.0000	0.0000
ENSG00000252982.1	RN7SKP234	misc_RNA	0	0	0	0.0000	0.0000	0.0000
ENSG00000252983.1	RNU7-35P	snRNA	0	0	0	0.0000	0.0000	0.0000
ENSG00000252984.1	RNU6-844P	snRNA	1	0	1	0.5560	0.1379	0.1491
ENSG00000252985.1	SNORD116	snoRNA	0	0	0	0.0000	0.0000	0.0000
ENSG00000252987.1	RNA5SP66	rRNA_pseudogene	0	0	0	0.0000	0.0000	0.0000
ENSG00000252988.1	RNU6-111P	snRNA	0	0	0	0.0000	0.0000	0.0000
ENSG00000252989.1	AC069223.1	snoRNA	0	0	0	0.0000	0.0000	0.0000
ENSG00000252990.1	RNU1-54P	snRNA	0	0	0	0.0000	0.0000	0.0000
ENSG00000252991.1	RNU6-1073P	snRNA	0	0	0	0.0000	0.0000	0.0000
ENSG00000252992.1	AP000892.2	scaRNA	1	1	0	0.3682	0.0913	0.0987
ENSG00000252993.1	AL365398.1	snoRNA	0	0	0	0.0000	0.0000	0.0000
ENSG00000252994.1	RNU6-1231P	snRNA	1	0	1	0.5506	0.1365	0.1476
ENSG00000252995.1	RNU6-667P	snRNA	0	0	0	0.0000	0.0000	0.0000
ENSG00000252996.1	RNU6-1315P	snRNA	0	0	0	0.0000	0.0000	0.0000
ENSG00000252998.1	RNU6-889P	snRNA	0	0	0	0.0000	0.0000	0.0000
ENSG00000252999.1	RNA5SP380	rRNA_pseudogene	0	0	0	0.0000	0.0000	0.0000
ENSG00000253000.1	RNU1-45P	snRNA	0	0	0	0.0000	0.0000	0.0000
ENSG00000253001.1	RN7SKP105	misc_RNA	0	0	0	0.0000	0.0000	0.0000
ENSG00000253003.1	RNU6-1261P	snRNA	1	1	0	0.5453	0.1352	0.1462
ENSG00000253005.1	RNU6-176P	snRNA	0	0	0	0.0000	0.0000	0.0000
ENSG00000253006.1	RN7SKP283	misc_RNA	0	0	0	0.0000	0.0000	0.0000
ENSG00000253007.2	SNORA50B	snoRNA	0	0	0	0.0000	0.0000	0.0000
ENSG00000253008.2	MIR2355	miRNA	0	0	0	0.0000	0.0000	0.0000
ENSG00000253010.1	RN7SKP256	misc_RNA	0	0	0	0.0000	0.0000	0.0000
ENSG00000253013.1	AC104070.1	snoRNA	1	1	0	0.4201	0.1042	0.1126
ENSG00000253015.1	RN7SKP64	misc_RNA	1	1	0	0.1729	0.0429	0.0464
ENSG00000253016.1	Y_RNA	misc_RNA	0	0	0	0.0000	0.0000	0.0000
ENSG00000253019.1	RN7SKP35	misc_RNA	0	0	0	0.0000	0.0000	0.0000
ENSG00000253020.2	RN7SKP40	misc_RNA	0	0	0	0.0000	0.0000	0.0000
ENSG00000253021.1	RNU6-902P	snRNA	0	0	0	0.0000	0.0000	0.0000
ENSG00000253022.1	RNU6-731P	snRNA	0	0	0	0.0000	0.0000	0.0000
ENSG00000253023.1	RNU7-156P	snRNA	0	0	0	0.0000	0.0000	0.0000
ENSG00000253024.1	RNU6-1238P	snRNA	0	0	0	0.0000	0.0000	0.0000
ENSG00000253025.1	RNU2-12P	snRNA	0	0	0	0.0000	0.0000	0.0000
ENSG00000253026.1	RNU6-464P	snRNA	0	0	0	0.0000	0.0000	0.0000
ENSG00000253027.1	SNORA70	snoRNA	0	0	0	0.0000	0.0000	0.0000
ENSG00000253028.1	AC006320.1	snoRNA	0	0	0	0.0000	0.0000	0.0000
ENSG00000253030.1	MIR2116	miRNA	1	0	1	0.7089	0.1758	0.1901
ENSG00000253031.1	RNA5SP291	rRNA_pseudogene	0	0	0	0.0000	0.0000	0.0000
ENSG00000253032.1	RNU6-299P	snRNA	0	0	0	0.0000	0.0000	0.0000
ENSG00000253035.1	RNU4ATAC5P	snRNA	0	0	0	0.0000	0.0000	0.0000
ENSG00000253038.1	RNU6-706P	snRNA	0	0	0	0.0000	0.0000	0.0000
ENSG00000253039.1	RNA5SP47	rRNA_pseudogene	0	0	0	0.0000	0.0000	0.0000
ENSG00000253040.1	RNA5SP454	rRNA_pseudogene	0	0	0	0.0000	0.0000	0.0000
ENSG00000253041.1	AL359893.2	snoRNA	0	0	0	0.0000	0.0000	0.0000
ENSG00000253042.1	SNORA70	snoRNA	0	0	0	0.0000	0.0000	0.0000
ENSG00000253043.1	RNU7-181P	snRNA	2	0	2	1.5327	0.3801	0.4110
ENSG00000253047.1	AL356356.1	snoRNA	9	5	4	4.2181	1.0460	1.1310
ENSG00000253048.1	RNU4-60P	snRNA	0	0	0	0.0000	0.0000	0.0000
ENSG00000253049.1	AC024060.1	snoRNA	0	0	0	0.0000	0.0000	0.0000
ENSG00000253051.1	SNORA31B	snoRNA	0	0	0	0.0000	0.0000	0.0000
ENSG00000253053.1	RN7SKP289	misc_RNA	0	0	0	0.0000	0.0000	0.0000
ENSG00000253054.1	RNU7-77P	snRNA	1	0	1	0.9452	0.2344	0.2534
ENSG00000253055.1	RNA5SP415	rRNA_pseudogene	0	0	0	0.0000	0.0000	0.0000
ENSG00000253056.1	RNU7-128P	snRNA	0	0	0	0.0000	0.0000	0.0000
ENSG00000253057.1	RN7SKP57	misc_RNA	1	1	0	0.1935	0.0480	0.0519
ENSG00000253058.1	RNA5SP437	rRNA_pseudogene	0	0	0	0.0000	0.0000	0.0000
ENSG00000253059.1	AL137818.1	snoRNA	0	0	0	0.0000	0.0000	0.0000
ENSG00000253060.1	AL135931.1	scaRNA	0	0	0	0.0000	0.0000	0.0000
ENSG00000253063.1	RNU6-494P	snRNA	0	0	0	0.0000	0.0000	0.0000
ENSG00000253064.1	RNU6-711P	snRNA	0	0	0	0.0000	0.0000	0.0000
ENSG00000253065.1	AC008705.1	snoRNA	0	0	0	0.0000	0.0000	0.0000
ENSG00000253066.1	RNU6-709P	snRNA	0	0	0	0.0000	0.0000	0.0000
ENSG00000253067.1	AC034216.1	snoRNA	0	0	0	0.0000	0.0000	0.0000
ENSG00000253070.1	RNU6-794P	snRNA	0	0	0	0.0000	0.0000	0.0000
ENSG00000253072.1	AC104361.1	snoRNA	0	0	0	0.0000	0.0000	0.0000
ENSG00000253073.1	RN7SKP295	misc_RNA	0	0	0	0.0000	0.0000	0.0000
ENSG00000253074.1	RNU6-586P	snRNA	0	0	0	0.0000	0.0000	0.0000
ENSG00000253075.1	RN7SKP92	misc_RNA	0	0	0	0.0000	0.0000	0.0000
ENSG00000253077.1	RNA5SP169	rRNA_pseudogene	0	0	0	0.0000	0.0000	0.0000
ENSG00000253078.1	RNU6-1116P	snRNA	0	0	0	0.0000	0.0000	0.0000
ENSG00000253079.1	NRON	misc_RNA	0	0	0	0.0000	0.0000	0.0000
ENSG00000253080.1	RNA5SP373	rRNA_pseudogene	0	0	0	0.0000	0.0000	0.0000
ENSG00000253081.1	RNU4ATAC17P	snRNA	0	0	0	0.0000	0.0000	0.0000
ENSG00000253083.1	RNA5SP106	rRNA_pseudogene	0	0	0	0.0000	0.0000	0.0000
ENSG00000253084.3	RNU6-840P	snRNA	0	5	5	0.0000	0.0000	0.0000
ENSG00000253085.1	AL359771.2	scaRNA	0	0	0	0.0000	0.0000	0.0000
ENSG00000253086.1	RNU6-537P	snRNA	0	0	0	0.0000	0.0000	0.0000
ENSG00000253087.1	RNU6-1174P	snRNA	0	0	0	0.0000	0.0000	0.0000
ENSG00000253088.1	Y_RNA	misc_RNA	0	0	0	0.0000	0.0000	0.0000
ENSG00000253089.1	RNU1-104P	snRNA	0	0	0	0.0000	0.0000	0.0000
ENSG00000253090.2	SNORA73	snoRNA	0	0	0	0.0000	0.0000	0.0000
ENSG00000253092.1	AC092960.2	snoRNA	0	0	0	0.0000	0.0000	0.0000
ENSG00000253093.1	RNA5SP179	rRNA_pseudogene	0	0	0	0.0000	0.0000	0.0000
ENSG00000253094.1	SNORD36	snoRNA	0	0	0	0.0000	0.0000	0.0000
ENSG00000253096.1	Y_RNA	misc_RNA	0	2	2	0.0000	0.0000	0.0000
ENSG00000253097.1	RNU2-19P	snRNA	0	0	0	0.0000	0.0000	0.0000
ENSG00000253098.1	RNU7-161P	snRNA	0	0	0	0.0000	0.0000	0.0000
ENSG00000253099.1	RNU2-60P	snRNA	0	0	0	0.0000	0.0000	0.0000
ENSG00000253100.2	AC009623.1	lncRNA	0	0	0	0.0000	0.0000	0.0000
ENSG00000253102.1	AC004707.1	lncRNA	0	424	495	0.0000	0.0000	0.0000
ENSG00000253103.2	LINC01609	lncRNA	0	0	0	0.0000	0.0000	0.0000
ENSG00000253104.1	AC139497.1	lncRNA	0	0	0	0.0000	0.0000	0.0000
ENSG00000253105.6	AP003548.1	lncRNA	4	4	3	0.1075	0.0266	0.0288
ENSG00000253106.1	AC090198.1	lncRNA	294	290	251	7.0797	1.7557	1.8983
ENSG00000253107.1	AC090819.1	processed_pseudogene	0	0	0	0.0000	0.0000	0.0000
ENSG00000253108.1	AC090993.1	lncRNA	0	0	0	0.0000	0.0000	0.0000
ENSG00000253109.1	RPL12P22	processed_pseudogene	0	0	0	0.0000	0.0000	0.0000
ENSG00000253110.1	AC011410.1	lncRNA	0	0	0	0.0000	0.0000	0.0000
ENSG00000253111.2	AC091114.1	lncRNA	2	1	1	0.0596	0.0148	0.0160
ENSG00000253112.1	AC102945.1	lncRNA	0	0	0	0.0000	0.0000	0.0000
ENSG00000253114.2	AC090151.1	processed_pseudogene	3	3	0	0.2331	0.0578	0.0625
ENSG00000253115.1	AC087672.1	lncRNA	0	0	0	0.0000	0.0000	0.0000
ENSG00000253116.1	AC027698.1	lncRNA	3	3	0	0.2722	0.0675	0.0730
ENSG00000253117.5	OC90	protein_coding	0	0	0	0.0000	0.0000	0.0000
ENSG00000253118.1	AC022695.1	processed_pseudogene	0	0	0	0.0000	0.0000	0.0000
ENSG00000253119.1	HNRNPA3P7	processed_pseudogene	1	0	1	0.0577	0.0143	0.0155
ENSG00000253120.1	IGLV2-34	IG_V_pseudogene	1	0	1	0.2004	0.0497	0.0537
ENSG00000253121.1	AC120042.2	lncRNA	1	0	1	0.0850	0.0211	0.0228
ENSG00000253122.1	AC025366.1	lncRNA	0	0	0	0.0000	0.0000	0.0000
ENSG00000253123.4	AC091182.1	lncRNA	13	6	7	0.1530	0.0380	0.0410
ENSG00000253124.1	TRAPPC2P2	processed_pseudogene	0	0	0	0.0000	0.0000	0.0000
ENSG00000253125.1	AC055854.1	lncRNA	139	91	80	3.5978	0.8922	0.9647
ENSG00000253126.1	IGLVI-56	IG_V_pseudogene	0	0	0	0.0000	0.0000	0.0000
ENSG00000253127.1	IGKV2D-36	IG_V_pseudogene	0	0	0	0.0000	0.0000	0.0000
ENSG00000253130.2	AC114550.1	lncRNA	15	9	6	0.3451	0.0856	0.0925
ENSG00000253131.1	IGHV7-56	IG_V_pseudogene	0	0	0	0.0000	0.0000	0.0000
ENSG00000253132.1	IGHV3-62	IG_V_pseudogene	4	2	2	0.6672	0.1655	0.1789
ENSG00000253133.2	AC009630.1	lncRNA	10	2260	2353	0.1406	0.0349	0.0377
ENSG00000253134.1	AC025437.1	lncRNA	0	0	0	0.0000	0.0000	0.0000
ENSG00000253135.1	AC103724.2	processed_pseudogene	0	0	0	0.0000	0.0000	0.0000
ENSG00000253137.1	PSMC2P2	processed_pseudogene	0	0	0	0.0000	0.0000	0.0000
ENSG00000253138.5	LINC00967	lncRNA	0	0	0	0.0000	0.0000	0.0000
ENSG00000253139.1	AC013644.1	lncRNA	1	0	1	0.0659	0.0163	0.0177
ENSG00000253140.2	AC026904.1	lncRNA	1	1	0	0.0692	0.0172	0.0185
ENSG00000253141.2	AC008632.1	lncRNA	3	0	3	0.0724	0.0180	0.0194
ENSG00000253142.1	AC037441.2	lncRNA	0	0	0	0.0000	0.0000	0.0000
ENSG00000253143.3	AC022730.3	lncRNA	0	0	0	0.0000	0.0000	0.0000
ENSG00000253144.1	AC104117.2	processed_pseudogene	0	67	86	0.0000	0.0000	0.0000
ENSG00000253146.1	CIR1P1	processed_pseudogene	0	0	0	0.0000	0.0000	0.0000
ENSG00000253147.5	AC015468.1	lncRNA	0	0	0	0.0000	0.0000	0.0000
ENSG00000253148.1	RGS21	protein_coding	0	0	0	0.0000	0.0000	0.0000
ENSG00000253149.3	IGHVII-28-1	IG_V_pseudogene	0	0	0	0.0000	0.0000	0.0000
ENSG00000253152.1	IGLV3-17	IG_V_pseudogene	0	0	0	0.0000	0.0000	0.0000
ENSG00000253153.1	AP001207.1	processed_pseudogene	0	0	0	0.0000	0.0000	0.0000
ENSG00000253154.2	AC100801.1	lncRNA	108	61	47	1.2921	0.3204	0.3465
ENSG00000253155.1	AC008676.2	processed_pseudogene	0	0	0	0.0000	0.0000	0.0000
ENSG00000253156.1	H2AZP7	processed_pseudogene	0	0	0	0.0000	0.0000	0.0000
ENSG00000253158.1	IGKV3-31	IG_V_pseudogene	0	0	0	0.0000	0.0000	0.0000
ENSG00000253159.3	PCDHGA12	protein_coding	460	225	235	5.3314	1.3221	1.4295
ENSG00000253160.1	AC105185.1	processed_pseudogene	0	0	0	0.0000	0.0000	0.0000
ENSG00000253161.5	LINC01605	lncRNA	159	73	86	5.9244	1.4692	1.5885
ENSG00000253162.1	AC026991.1	lncRNA	0	0	0	0.0000	0.0000	0.0000
ENSG00000253163.1	AC109479.1	lncRNA	2	6	1	0.1818	0.0451	0.0487
ENSG00000253164.5	AC023403.1	lncRNA	0	0	0	0.0000	0.0000	0.0000
ENSG00000253165.1	AC090821.2	lncRNA	0	0	0	0.0000	0.0000	0.0000
ENSG00000253166.2	AC131281.1	unprocessed_pseudogene	1	1	0	0.3458	0.0858	0.0927
ENSG00000253167.1	WASHC5-AS1	lncRNA	16	779	801	1.5458	0.3833	0.4145
ENSG00000253168.1	AC124069.1	lncRNA	0	0	0	0.0000	0.0000	0.0000
ENSG00000253169.2	IGHVII-65-1	IG_V_pseudogene	0	0	0	0.0000	0.0000	0.0000
ENSG00000253170.1	AC108515.1	lncRNA	0	0	0	0.0000	0.0000	0.0000
ENSG00000253171.1	AC037450.1	lncRNA	1	1	0	0.0877	0.0217	0.0235
ENSG00000253172.1	AC008378.1	lncRNA	0	31	27	0.0000	0.0000	0.0000
ENSG00000253173.3	H2AZP2	processed_pseudogene	0	0	0	0.0000	0.0000	0.0000
ENSG00000253174.2	AC009630.2	lncRNA	3	124	145	0.1431	0.0355	0.0384
ENSG00000253175.1	AC023632.1	processed_pseudogene	5	3	2	0.7561	0.1875	0.2027
ENSG00000253176.3	AC104997.1	processed_pseudogene	0	0	0	0.0000	0.0000	0.0000
ENSG00000253177.2	AC104211.1	lncRNA	16	7	9	0.3248	0.0805	0.0871
ENSG00000253178.1	AC022559.1	unprocessed_pseudogene	0	0	0	0.0000	0.0000	0.0000
ENSG00000253179.1	CALCP	unprocessed_pseudogene	0	0	0	0.0000	0.0000	0.0000
ENSG00000253180.1	AC104986.1	processed_pseudogene	22	11	11	2.8615	0.7096	0.7673
ENSG00000253181.2	AC138356.3	lncRNA	1	1	0	0.0462	0.0115	0.0124
ENSG00000253182.1	AC084026.1	lncRNA	2	1	1	0.2011	0.0499	0.0539
ENSG00000253183.1	AC005531.1	processed_pseudogene	0	0	0	0.0000	0.0000	0.0000
ENSG00000253184.1	AC011586.1	lncRNA	0	0	0	0.0000	0.0000	0.0000
ENSG00000253186.2	AC022616.2	unprocessed_pseudogene	0	0	0	0.0000	0.0000	0.0000
ENSG00000253187.2	HOXA10-AS	lncRNA	11	156	182	0.3772	0.0935	0.1011
ENSG00000253188.1	TRBV6-7	TR_V_gene	0	0	0	0.0000	0.0000	0.0000
ENSG00000253189.1	AC079054.1	lncRNA	0	0	0	0.0000	0.0000	0.0000
ENSG00000253190.4	AC084082.1	lncRNA	2	1	1	0.0402	0.0100	0.0108
ENSG00000253191.1	IGKV1D-32	IG_V_pseudogene	0	0	0	0.0000	0.0000	0.0000
ENSG00000253194.2	AL137009.1	lncRNA	25	483	527	0.7824	0.1940	0.2098
ENSG00000253195.2	AC134698.2	unprocessed_pseudogene	0	0	0	0.0000	0.0000	0.0000
ENSG00000253196.1	AC083841.1	lncRNA	14	11	3	1.1850	0.2939	0.3177
ENSG00000253197.5	AC117834.1	lncRNA	4	3	9	0.2395	0.0594	0.0642
ENSG00000253198.1	AC139365.1	processed_pseudogene	0	0	0	0.0000	0.0000	0.0000
ENSG00000253199.2	LINC02153	lncRNA	0	0	0	0.0000	0.0000	0.0000
ENSG00000253200.1	AC037459.2	lncRNA	26	769	796	0.5362	0.1330	0.1438
ENSG00000253202.1	IGKV3-25	IG_V_pseudogene	0	0	0	0.0000	0.0000	0.0000
ENSG00000253203.6	GUSBP3	transcribed_unprocessed_pseudogene	23	12	11	1.0064	0.2496	0.2699
ENSG00000253204.1	AC090281.1	processed_pseudogene	2	2	0	0.4109	0.1019	0.1102
ENSG00000253205.6	AC011124.1	lncRNA	0	0	0	0.0000	0.0000	0.0000
ENSG00000253206.1	AC090155.1	lncRNA	0	0	0	0.0000	0.0000	0.0000
ENSG00000253207.3	AC103993.1	lncRNA	0	0	0	0.0000	0.0000	0.0000
ENSG00000253208.1	PSME2P5	processed_pseudogene	0	0	0	0.0000	0.0000	0.0000
ENSG00000253209.1	IGHV3-65	IG_V_pseudogene	0	0	0	0.0000	0.0000	0.0000
ENSG00000253210.2	AC040970.1	lncRNA	353	173	180	7.5742	1.8783	2.0309
ENSG00000253213.1	USP12P1	processed_pseudogene	12	3	9	0.6092	0.1511	0.1634
ENSG00000253214.2	AC079209.1	lncRNA	6	2	4	0.1231	0.0305	0.0330
ENSG00000253215.1	AC087273.1	lncRNA	0	0	1	0.0000	0.0000	0.0000
ENSG00000253216.1	AC022790.1	processed_pseudogene	0	0	0	0.0000	0.0000	0.0000
ENSG00000253217.1	AP001574.1	lncRNA	0	0	0	0.0000	0.0000	0.0000
ENSG00000253218.1	KLF3P1	processed_pseudogene	1	0	1	0.0555	0.0138	0.0149
ENSG00000253219.1	KRT18P41	processed_pseudogene	0	0	0	0.0000	0.0000	0.0000
ENSG00000253220.2	AC084116.1	lncRNA	0	0	0	0.0000	0.0000	0.0000
ENSG00000253223.1	AC110998.1	processed_pseudogene	8	3	5	0.2210	0.0548	0.0593
ENSG00000253224.1	PGAM5P1	processed_pseudogene	0	0	0	0.0000	0.0000	0.0000
ENSG00000253225.1	AC103833.1	processed_pseudogene	0	0	0	0.0000	0.0000	0.0000
ENSG00000253226.1	HAUS1P3	processed_pseudogene	1	0	1	0.0857	0.0212	0.0230
ENSG00000253227.2	AC090192.2	lncRNA	11	6	5	0.2532	0.0628	0.0679
ENSG00000253228.1	NRBF2P4	processed_pseudogene	0	0	0	0.0000	0.0000	0.0000
ENSG00000253229.1	HIGD1AP6	processed_pseudogene	0	0	0	0.0000	0.0000	0.0000
ENSG00000253230.9	MIR124-1HG	lncRNA	0	0	0	0.0000	0.0000	0.0000
ENSG00000253231.1	COX6CP8	processed_pseudogene	0	0	0	0.0000	0.0000	0.0000
ENSG00000253232.1	AC091144.1	processed_pseudogene	0	0	0	0.0000	0.0000	0.0000
ENSG00000253233.1	AP005902.1	processed_pseudogene	0	0	0	0.0000	0.0000	0.0000
ENSG00000253234.1	IGLV2-5	IG_V_pseudogene	7	4	3	1.4331	0.3554	0.3843
ENSG00000253235.2	AC111149.1	lncRNA	0	0	0	0.0000	0.0000	0.0000
ENSG00000253236.2	LINC02143	lncRNA	2	0	3	0.0902	0.0224	0.0242
ENSG00000253237.2	AC034114.1	processed_pseudogene	0	0	0	0.0000	0.0000	0.0000
ENSG00000253238.3	AC034114.2	lncRNA	3	2	3	0.0399	0.0099	0.0107
ENSG00000253239.1	IGLVI-70	IG_V_pseudogene	0	0	1	0.0000	0.0000	0.0000
ENSG00000253240.1	IGHV3-36	IG_V_pseudogene	0	0	0	0.0000	0.0000	0.0000
ENSG00000253241.1	IGHV3-50	IG_V_pseudogene	0	0	0	0.0000	0.0000	0.0000
ENSG00000253242.1	IGLVIV-64	IG_V_pseudogene	0	0	0	0.0000	0.0000	0.0000
ENSG00000253244.1	AC113423.1	lncRNA	0	0	0	0.0000	0.0000	0.0000
ENSG00000253245.2	MTND1P36	processed_pseudogene	0	0	0	0.0000	0.0000	0.0000
ENSG00000253247.1	IGHV3-76	IG_V_pseudogene	0	0	0	0.0000	0.0000	0.0000
ENSG00000253250.3	C8orf88	protein_coding	31	64	53	1.6888	0.4188	0.4528
ENSG00000253251.3	SHLD3	protein_coding	252	134	119	8.2179	2.0380	2.2035
ENSG00000253252.2	AC022784.2	lncRNA	0	0	0	0.0000	0.0000	0.0000
ENSG00000253256.1	AC134043.2	lncRNA	0	0	0	0.0000	0.0000	0.0000
ENSG00000253257.1	MTND4P7	processed_pseudogene	0	0	0	0.0000	0.0000	0.0000
ENSG00000253258.1	AC068228.1	lncRNA	2	13	9	0.1460	0.0362	0.0391
ENSG00000253259.1	AC103726.1	lncRNA	0	0	0	0.0000	0.0000	0.0000
ENSG00000253260.2	AC087664.1	lncRNA	0	0	0	0.0000	0.0000	0.0000
ENSG00000253261.1	AC008410.1	processed_pseudogene	0	0	0	0.0000	0.0000	0.0000
ENSG00000253262.1	AC019176.1	processed_pseudogene	0	0	0	0.0000	0.0000	0.0000
ENSG00000253263.1	AP003354.1	lncRNA	14	7	9	1.4896	0.3694	0.3994
ENSG00000253265.1	IGKV2-14	IG_V_pseudogene	0	0	0	0.0000	0.0000	0.0000
ENSG00000253266.1	AC100860.1	lncRNA	10	4	6	0.5010	0.1242	0.1343
ENSG00000253267.5	DLGAP2-AS1	lncRNA	0	0	0	0.0000	0.0000	0.0000
ENSG00000253269.1	AC008680.1	lncRNA	0	0	0	0.0000	0.0000	0.0000
ENSG00000253270.1	AC090541.1	lncRNA	0	0	0	0.0000	0.0000	0.0000
ENSG00000253271.2	AC027419.1	processed_pseudogene	1	0	1	0.1729	0.0429	0.0464
ENSG00000253273.2	AC022826.1	unprocessed_pseudogene	3	1	2	0.2113	0.0524	0.0567
ENSG00000253274.1	IGHV1-67	IG_V_pseudogene	3	3	0	0.4766	0.1182	0.1278
ENSG00000253275.1	AC068672.1	lncRNA	0	0	0	0.0000	0.0000	0.0000
ENSG00000253276.4	CCDC71L	protein_coding	1708	889	819	14.2463	3.5329	3.8199
ENSG00000253278.1	IGKV2-10	IG_V_pseudogene	1	1	0	0.1616	0.0401	0.0433
ENSG00000253279.6	LINC02209	lncRNA	0	0	1	0.0000	0.0000	0.0000
ENSG00000253280.1	AC068880.2	lncRNA	0	0	0	0.0000	0.0000	0.0000
ENSG00000253281.7	AC092819.1	lncRNA	1	0	1	0.0198	0.0049	0.0053
ENSG00000253282.1	AP001330.1	lncRNA	0	0	0	0.0000	0.0000	0.0000
ENSG00000253283.1	AC091175.1	processed_pseudogene	0	0	0	0.0000	0.0000	0.0000
ENSG00000253284.2	AC092828.1	lncRNA	9	4	5	0.0947	0.0235	0.0254
ENSG00000253286.6	AC135166.1	lncRNA	6	4	2	0.1842	0.0457	0.0494
ENSG00000253287.1	AC104012.1	lncRNA	0	0	0	0.0000	0.0000	0.0000
ENSG00000253288.2	AC046195.1	lncRNA	1	1	0	0.0103	0.0026	0.0028
ENSG00000253290.1	AC069113.1	unprocessed_pseudogene	0	0	0	0.0000	0.0000	0.0000
ENSG00000253291.1	TRBV7-7	TR_V_gene	0	0	0	0.0000	0.0000	0.0000
ENSG00000253292.1	MIOXP1	processed_pseudogene	2	1	1	0.1358	0.0337	0.0364
ENSG00000253293.5	HOXA10	protein_coding	254	300	270	3.8721	0.9602	1.0382
ENSG00000253294.1	IGHVII-40-1	IG_V_pseudogene	0	0	0	0.0000	0.0000	0.0000
ENSG00000253295.2	AC022217.2	lncRNA	3	1	2	0.2030	0.0503	0.0544
ENSG00000253297.1	AC008627.1	lncRNA	0	0	0	0.0000	0.0000	0.0000
ENSG00000253298.2	LINC01845	lncRNA	0	0	0	0.0000	0.0000	0.0000
ENSG00000253299.1	AC025647.1	processed_pseudogene	1	1	0	0.2242	0.0556	0.0601
ENSG00000253300.2	AC018541.1	lncRNA	0	0	0	0.0000	0.0000	0.0000
ENSG00000253301.6	LINC01606	lncRNA	0	0	0	0.0000	0.0000	0.0000
ENSG00000253302.1	STAU2-AS1	lncRNA	10	4	6	0.2488	0.0617	0.0667
ENSG00000253303.1	IGHVIII-82	IG_V_pseudogene	0	0	0	0.0000	0.0000	0.0000
ENSG00000253304.2	TMEM200B	protein_coding	745	819	757	16.2122	4.0205	4.3470
ENSG00000253305.2	PCDHGB6	protein_coding	218	108	110	1.8229	0.4521	0.4888
ENSG00000253307.1	AC011676.1	lncRNA	2	0	2	0.2857	0.0708	0.0766
ENSG00000253308.2	AC004080.1	lncRNA	0	0	0	0.0000	0.0000	0.0000
ENSG00000253309.6	SERPINE3	protein_coding	14	81	78	0.3044	0.0755	0.0816
ENSG00000253310.1	IGHVIII-76-1	IG_V_pseudogene	0	0	0	0.0000	0.0000	0.0000
ENSG00000253311.3	LINC01847	lncRNA	0	0	0	0.0000	0.0000	0.0000
ENSG00000253312.1	AC022616.3	processed_pseudogene	0	0	0	0.0000	0.0000	0.0000
ENSG00000253313.6	C1orf210	protein_coding	641	326	315	23.8838	5.9229	6.4040
ENSG00000253314.7	LINC00293	lncRNA	0	0	0	0.0000	0.0000	0.0000
ENSG00000253315.1	LINC01932	lncRNA	1	1	0	0.0990	0.0245	0.0265
ENSG00000253317.1	AC078906.1	lncRNA	1	0	1	0.0711	0.0176	0.0191
ENSG00000253318.1	TMCC1P1	processed_pseudogene	0	0	0	0.0000	0.0000	0.0000
ENSG00000253319.1	AC134698.3	processed_pseudogene	0	0	0	0.0000	0.0000	0.0000
ENSG00000253320.7	MAILR	lncRNA	726	357	375	5.5375	1.3732	1.4848
ENSG00000253321.1	AC099554.1	lncRNA	0	0	0	0.0000	0.0000	0.0000
ENSG00000253322.1	AC104051.1	lncRNA	1	1	0	0.0995	0.0247	0.0267
ENSG00000253325.1	IGHV7-34-1	IG_V_pseudogene	0	0	0	0.0000	0.0000	0.0000
ENSG00000253326.2	AL606534.4	processed_pseudogene	0	0	0	0.0000	0.0000	0.0000
ENSG00000253327.2	RAD21-AS1	lncRNA	136	489	490	3.8371	0.9516	1.0289
ENSG00000253328.2	SUMO2P19	unprocessed_pseudogene	3	3	0	0.5767	0.1430	0.1546
ENSG00000253329.1	IGLV3-30	IG_V_pseudogene	0	0	0	0.0000	0.0000	0.0000
ENSG00000253330.1	AC024451.2	processed_pseudogene	37	17	20	1.8937	0.4696	0.5078
ENSG00000253331.1	AC008662.1	lncRNA	0	0	0	0.0000	0.0000	0.0000
ENSG00000253332.1	AP005902.2	processed_pseudogene	0	0	0	0.0000	0.0000	0.0000
ENSG00000253333.1	AC146944.1	unprocessed_pseudogene	20	13	7	3.0571	0.7581	0.8197
ENSG00000253334.1	AC132219.1	lncRNA	4	43	46	0.4746	0.1177	0.1272
ENSG00000253335.1	AC009884.1	lncRNA	0	0	0	0.0000	0.0000	0.0000
ENSG00000253336.1	AC018992.1	processed_pseudogene	2	1	1	0.0528	0.0131	0.0142
ENSG00000253338.1	IGLV3-29	IG_V_pseudogene	0	0	0	0.0000	0.0000	0.0000
ENSG00000253339.2	AC111149.2	lncRNA	0	0	0	0.0000	0.0000	0.0000
ENSG00000253340.1	AC087272.1	processed_pseudogene	0	0	0	0.0000	0.0000	0.0000
ENSG00000253341.1	PCBP2P2	processed_pseudogene	391	209	183	22.1514	5.4933	5.9395
ENSG00000253342.1	AC009623.2	lncRNA	0	0	0	0.0000	0.0000	0.0000
ENSG00000253343.1	AC114550.2	lncRNA	0	0	0	0.0000	0.0000	0.0000
ENSG00000253344.1	AC137579.1	lncRNA	2	1	1	0.1357	0.0336	0.0364
ENSG00000253345.1	IGHVII-22-1	IG_V_pseudogene	0	0	0	0.0000	0.0000	0.0000
ENSG00000253346.1	AC109329.1	processed_pseudogene	0	0	0	0.0000	0.0000	0.0000
ENSG00000253347.1	AC040934.1	lncRNA	7	7	7	0.7738	0.1919	0.2075
ENSG00000253348.1	AC008514.1	lncRNA	1	12	14	0.0476	0.0118	0.0128
ENSG00000253349.1	COX6B1P6	processed_pseudogene	0	0	0	0.0000	0.0000	0.0000
ENSG00000253351.2	LINC01298	lncRNA	5	2	3	0.2371	0.0588	0.0636
ENSG00000253352.10	TUG1	protein_coding	10989	7627	7948	61.3916	15.2245	16.4611
ENSG00000253354.2	AC105999.1	lncRNA	1	1	0	0.0387	0.0096	0.0104
ENSG00000253355.1	AP003469.1	lncRNA	0	0	0	0.0000	0.0000	0.0000
ENSG00000253356.1	AC084024.3	lncRNA	0	736	858	0.0000	0.0000	0.0000
ENSG00000253357.1	AC008708.1	lncRNA	1	0	1	0.1196	0.0297	0.0321
ENSG00000253358.1	AC087439.1	lncRNA	0	190	175	0.0000	0.0000	0.0000
ENSG00000253359.1	IGHV3-37	IG_V_pseudogene	0	0	0	0.0000	0.0000	0.0000
ENSG00000253361.3	AC069120.1	lncRNA	245	133	112	2.9963	0.7431	0.8034
ENSG00000253362.1	AC012400.1	unprocessed_pseudogene	0	0	0	0.0000	0.0000	0.0000
ENSG00000253363.7	AC090809.1	lncRNA	0	0	0	0.0000	0.0000	0.0000
ENSG00000253364.2	COPDA1	lncRNA	19	14	5	1.9662	0.4876	0.5272
ENSG00000253365.1	IGKV1D-22	IG_V_pseudogene	1	0	1	0.1750	0.0434	0.0469
ENSG00000253366.3	GUSBP16	unprocessed_pseudogene	1	1	0	0.0886	0.0220	0.0238
ENSG00000253367.1	IGHVIII-25-1	IG_V_pseudogene	0	0	0	0.0000	0.0000	0.0000
ENSG00000253368.4	TRNP1	protein_coding	471	242	235	13.4969	3.3471	3.6190
ENSG00000253369.2	AC022034.3	lncRNA	0	0	0	0.0000	0.0000	0.0000
ENSG00000253370.2	AC027308.1	unprocessed_pseudogene	0	0	0	0.0000	0.0000	0.0000
ENSG00000253372.5	AC016405.1	lncRNA	7	4	3	0.3900	0.0967	0.1046
ENSG00000253373.1	AC021785.1	lncRNA	0	0	0	0.0000	0.0000	0.0000
ENSG00000253374.5	AC023644.1	lncRNA	0	0	0	0.0000	0.0000	0.0000
ENSG00000253376.2	AC012103.1	lncRNA	1	1	0	0.0335	0.0083	0.0090
ENSG00000253377.2	AC068672.2	lncRNA	0	0	0	0.0000	0.0000	0.0000
ENSG00000253380.1	AC090155.2	lncRNA	0	0	0	0.0000	0.0000	0.0000
ENSG00000253381.1	AC087518.1	lncRNA	0	0	0	0.0000	0.0000	0.0000
ENSG00000253382.3	POU5F1P2	processed_pseudogene	0	0	0	0.0000	0.0000	0.0000
ENSG00000253383.1	AC100784.1	processed_pseudogene	0	0	0	0.0000	0.0000	0.0000
ENSG00000253384.1	AC124242.2	processed_pseudogene	3	1	2	0.1520	0.0377	0.0408
ENSG00000253385.1	AP003696.1	lncRNA	0	0	0	0.0000	0.0000	0.0000
ENSG00000253386.1	IGHVII-49-1	IG_V_pseudogene	0	0	0	0.0000	0.0000	0.0000
ENSG00000253387.1	IGHVIII-5-1	IG_V_pseudogene	0	0	0	0.0000	0.0000	0.0000
ENSG00000253388.1	AC124067.1	lncRNA	1	0	1	0.3356	0.0832	0.0900
ENSG00000253389.2	AC113133.1	lncRNA	0	1	2	0.0000	0.0000	0.0000
ENSG00000253390.1	AC104561.1	lncRNA	2	0	2	0.1800	0.0446	0.0483
ENSG00000253391.1	AC100870.1	processed_pseudogene	0	0	0	0.0000	0.0000	0.0000
ENSG00000253392.3	AC119403.1	lncRNA	21	204	215	0.4312	0.1069	0.1156
ENSG00000253393.1	RANP9	processed_pseudogene	0	0	0	0.0000	0.0000	0.0000
ENSG00000253394.6	LINC00534	lncRNA	3	2	1	0.0114	0.0028	0.0031
ENSG00000253395.1	AP003469.2	lncRNA	14	9	5	1.8464	0.4579	0.4951
ENSG00000253396.1	AC016868.1	lncRNA	0	0	0	0.0000	0.0000	0.0000
ENSG00000253397.1	AC069113.2	lncRNA	0	0	0	0.0000	0.0000	0.0000
ENSG00000253398.1	AC021733.2	lncRNA	0	0	0	0.0000	0.0000	0.0000
ENSG00000253399.1	AC078852.1	lncRNA	0	0	0	0.0000	0.0000	0.0000
ENSG00000253400.1	AL356133.1	lncRNA	0	0	0	0.0000	0.0000	0.0000
ENSG00000253401.1	VTA1P2	processed_pseudogene	0	0	0	0.0000	0.0000	0.0000
ENSG00000253403.1	AC091944.1	lncRNA	0	0	0	0.0000	0.0000	0.0000
ENSG00000253404.1	AC034243.1	lncRNA	20	17	23	1.9322	0.4792	0.5181
ENSG00000253405.1	EVX1-AS	lncRNA	0	0	0	0.0000	0.0000	0.0000
ENSG00000253406.1	AC012613.2	lncRNA	4	204	178	0.0500	0.0124	0.0134
ENSG00000253407.2	AC087341.1	lncRNA	0	0	0	0.0000	0.0000	0.0000
ENSG00000253408.6	AC083973.1	lncRNA	2	2	2	0.0500	0.0124	0.0134
ENSG00000253409.1	TRBV7-4	TR_V_gene	0	0	0	0.0000	0.0000	0.0000
ENSG00000253410.1	AC068228.2	transcribed_processed_pseudogene	0	0	0	0.0000	0.0000	0.0000
ENSG00000253412.1	IGHVIII-13-1	IG_V_pseudogene	0	0	0	0.0000	0.0000	0.0000
ENSG00000253413.1	AC107934.1	processed_pseudogene	0	0	0	0.0000	0.0000	0.0000
ENSG00000253414.3	AC124067.2	lncRNA	109	57	52	8.3307	2.0659	2.2337
ENSG00000253415.1	AC016877.2	processed_pseudogene	0	0	0	0.0000	0.0000	0.0000
ENSG00000253416.1	AC023200.1	lncRNA	1	0	1	0.0871	0.0216	0.0234
ENSG00000253417.5	LINC02159	lncRNA	3	2	1	0.0732	0.0182	0.0196
ENSG00000253418.1	SNX18P27	processed_pseudogene	0	0	0	0.0000	0.0000	0.0000
ENSG00000253420.1	AC103853.1	lncRNA	1	0	1	0.0874	0.0217	0.0234
ENSG00000253421.1	ZNHIT1P1	processed_pseudogene	0	0	0	0.0000	0.0000	0.0000
ENSG00000253422.1	AC008677.3	processed_pseudogene	0	0	0	0.0000	0.0000	0.0000
ENSG00000253423.1	AC090132.1	processed_pseudogene	0	0	0	0.0000	0.0000	0.0000
ENSG00000253424.1	AC025437.2	lncRNA	0	0	0	0.0000	0.0000	0.0000
ENSG00000253425.2	HSPA8P13	unprocessed_pseudogene	0	0	0	0.0000	0.0000	0.0000
ENSG00000253427.1	AC084116.2	lncRNA	0	0	0	0.0000	0.0000	0.0000
ENSG00000253428.1	LINC01942	lncRNA	0	0	0	0.0000	0.0000	0.0000
ENSG00000253429.1	AP005660.1	processed_pseudogene	0	0	0	0.0000	0.0000	0.0000
ENSG00000253430.1	AC011726.1	lncRNA	0	0	0	0.0000	0.0000	0.0000
ENSG00000253431.1	SRPK2P	processed_pseudogene	0	1	1	0.0000	0.0000	0.0000
ENSG00000253432.1	AC027541.1	lncRNA	0	0	0	0.0000	0.0000	0.0000
ENSG00000253433.1	NCRNA00250	lncRNA	4	1	3	0.4371	0.1084	0.1172
ENSG00000253434.8	LINC02237	lncRNA	0	0	0	0.0000	0.0000	0.0000
ENSG00000253435.1	IGKV2-4	IG_V_pseudogene	0	0	0	0.0000	0.0000	0.0000
ENSG00000253437.1	RNU6-988P	snRNA	1	1	0	0.5300	0.1314	0.1421
ENSG00000253438.4	PCAT1	lncRNA	128	898	866	0.4307	0.1068	0.1155
ENSG00000253439.1	CDC42P5	processed_pseudogene	6	5	1	0.6153	0.1526	0.1650
ENSG00000253440.1	IGHV3-33-2	IG_V_pseudogene	0	0	0	0.0000	0.0000	0.0000
ENSG00000253441.1	IGHV3-25	IG_V_pseudogene	0	0	0	0.0000	0.0000	0.0000
ENSG00000253444.1	AC245519.1	lncRNA	0	0	0	0.0000	0.0000	0.0000
ENSG00000253445.1	AC027309.1	lncRNA	2	265	241	0.2148	0.0533	0.0576
ENSG00000253447.6	AC113423.2	lncRNA	0	0	0	0.0000	0.0000	0.0000
ENSG00000253448.1	IGLV3-6	IG_V_pseudogene	0	0	0	0.0000	0.0000	0.0000
ENSG00000253449.1	AC025437.3	lncRNA	0	0	0	0.0000	0.0000	0.0000
ENSG00000253451.1	IGLV2-28	IG_V_pseudogene	12	6	6	2.2386	0.5551	0.6002
ENSG00000253452.6	AC124290.1	lncRNA	1	0	1	0.0050	0.0012	0.0013
ENSG00000253454.1	NDUFA5P2	processed_pseudogene	0	0	0	0.0000	0.0000	0.0000
ENSG00000253455.1	AC022915.1	lncRNA	1	0	1	0.1962	0.0487	0.0526
ENSG00000253456.1	AC136424.1	lncRNA	0	0	0	0.0000	0.0000	0.0000
ENSG00000253457.3	SMIM18	protein_coding	0	1	1	0.0000	0.0000	0.0000
ENSG00000253458.1	IGHVII-15-1	IG_V_pseudogene	0	0	0	0.0000	0.0000	0.0000
ENSG00000253460.2	IGKV2OR22-3	IG_V_pseudogene	0	0	0	0.0000	0.0000	0.0000
ENSG00000253461.1	IGKV1-35	IG_V_pseudogene	0	0	0	0.0000	0.0000	0.0000
ENSG00000253462.1	IGHVIII-26-1	IG_V_pseudogene	0	0	0	0.0000	0.0000	0.0000
ENSG00000253463.1	HMGB1P19	processed_pseudogene	2	1	1	0.1966	0.0487	0.0527
ENSG00000253465.1	IGHVIV-44-1	IG_V_pseudogene	0	0	0	0.0000	0.0000	0.0000
ENSG00000253467.2	IGHV7-40	IG_V_pseudogene	0	0	0	0.0000	0.0000	0.0000
ENSG00000253468.1	AP003355.1	processed_pseudogene	0	0	0	0.0000	0.0000	0.0000
ENSG00000253469.1	AC091819.1	lncRNA	0	0	0	0.0000	0.0000	0.0000
ENSG00000253470.1	AC016074.1	lncRNA	0	0	0	0.0000	0.0000	0.0000
ENSG00000253471.1	AC012574.1	lncRNA	0	0	0	0.0000	0.0000	0.0000
ENSG00000253472.1	AC034205.1	processed_pseudogene	0	0	0	0.0000	0.0000	0.0000
ENSG00000253474.2	AC044893.1	lncRNA	1	1	0	0.0263	0.0065	0.0070
ENSG00000253475.1	AC103769.1	lncRNA	1	1	0	0.2004	0.0497	0.0537
ENSG00000253476.1	AC091185.1	lncRNA	7	4	3	0.7518	0.1864	0.2016
ENSG00000253477.5	AC012213.1	lncRNA	0	0	0	0.0000	0.0000	0.0000
ENSG00000253479.6	LINC01603	lncRNA	4	2	2	0.1381	0.0343	0.0370
ENSG00000253480.1	AC122713.1	processed_pseudogene	0	0	0	0.0000	0.0000	0.0000
ENSG00000253481.2	IGKV1OR22-1	IG_V_pseudogene	0	0	0	0.0000	0.0000	0.0000
ENSG00000253482.1	IGHVII-26-2	IG_V_pseudogene	0	0	0	0.0000	0.0000	0.0000
ENSG00000253483.1	AC104561.2	processed_pseudogene	2	1	1	0.2185	0.0542	0.0586
ENSG00000253484.1	AC113145.1	lncRNA	0	0	0	0.0000	0.0000	0.0000
ENSG00000253485.2	PCDHGA5	protein_coding	98	46	52	0.9694	0.2404	0.2599
ENSG00000253487.1	IGKV2-36	IG_V_pseudogene	0	0	0	0.0000	0.0000	0.0000
ENSG00000253488.1	SINHCAFP3	processed_pseudogene	0	0	0	0.0000	0.0000	0.0000
ENSG00000253489.1	AC009930.1	lncRNA	0	0	0	0.0000	0.0000	0.0000
ENSG00000253490.5	LINC02099	lncRNA	8	3	5	0.0819	0.0203	0.0220
ENSG00000253491.2	IGHVII-30-1	IG_V_pseudogene	0	0	0	0.0000	0.0000	0.0000
ENSG00000253492.1	CDH12P3	unprocessed_pseudogene	1	1	0	0.1922	0.0477	0.0515
ENSG00000253493.1	AC087808.1	processed_pseudogene	0	0	0	0.0000	0.0000	0.0000
ENSG00000253495.1	CYCSP23	processed_pseudogene	0	0	0	0.0000	0.0000	0.0000
ENSG00000253496.3	AC011586.2	lncRNA	15	7	8	0.4496	0.1115	0.1206
ENSG00000253497.1	IGKV1-13	IG_V_pseudogene	0	0	0	0.0000	0.0000	0.0000
ENSG00000253499.2	AC025881.1	processed_pseudogene	0	0	0	0.0000	0.0000	0.0000
ENSG00000253500.6	AF121898.1	lncRNA	0	0	0	0.0000	0.0000	0.0000
ENSG00000253501.1	IGKV3D-34	IG_V_pseudogene	0	0	0	0.0000	0.0000	0.0000
ENSG00000253502.1	ATP6V1G1P2	processed_pseudogene	3	3	1	0.4917	0.1219	0.1318
ENSG00000253503.6	AC060765.1	lncRNA	1	0	1	0.0342	0.0085	0.0092
ENSG00000253504.1	MTCYBP19	unprocessed_pseudogene	0	0	0	0.0000	0.0000	0.0000
ENSG00000253505.3	AC103957.1	lncRNA	0	0	0	0.0000	0.0000	0.0000
ENSG00000253506.3	NACA2	protein_coding	1	0	1	0.0710	0.0176	0.0190
ENSG00000253507.5	AC104257.1	lncRNA	1	1	0	0.0576	0.0143	0.0155
ENSG00000253508.1	AC004080.2	lncRNA	0	1	3	0.0000	0.0000	0.0000
ENSG00000253509.1	AC104393.1	lncRNA	0	0	0	0.0000	0.0000	0.0000
ENSG00000253510.1	AC004944.1	lncRNA	0	0	0	0.0000	0.0000	0.0000
ENSG00000253512.1	AC008562.1	processed_pseudogene	1	1	0	0.1718	0.0426	0.0461
ENSG00000253513.1	AC009908.1	lncRNA	0	0	0	0.0000	0.0000	0.0000
ENSG00000253515.2	AC016912.1	lncRNA	1	1	0	0.1186	0.0294	0.0318
ENSG00000253516.1	HMGB1P41	processed_pseudogene	2	2	0	0.2578	0.0639	0.0691
ENSG00000253517.1	XRCC6P4	processed_pseudogene	0	0	0	0.0000	0.0000	0.0000
ENSG00000253519.1	AC106801.1	lncRNA	2	2	0	0.0615	0.0152	0.0165
ENSG00000253520.1	AC136628.3	processed_pseudogene	26	13	13	5.0843	1.2609	1.3633
ENSG00000253521.2	HPYR1	lncRNA	4	0	4	0.0731	0.0181	0.0196
ENSG00000253522.6	MIR3142HG	lncRNA	19	8	11	0.4533	0.1124	0.1215
ENSG00000253523.1	AC104350.1	lncRNA	2	78	70	0.1293	0.0321	0.0347
ENSG00000253524.1	AC124290.2	lncRNA	0	0	0	0.0000	0.0000	0.0000
ENSG00000253525.1	CPP	processed_pseudogene	42	21	21	1.6269	0.4035	0.4362
ENSG00000253526.1	AC090802.1	lncRNA	1	1	0	0.1274	0.0316	0.0342
ENSG00000253527.1	AC008601.1	lncRNA	0	0	0	0.0000	0.0000	0.0000
ENSG00000253528.2	AC087752.2	processed_pseudogene	7	7	3	1.4127	0.3503	0.3788
ENSG00000253530.2	AC084116.3	lncRNA	1	1	0	0.0760	0.0189	0.0204
ENSG00000253532.1	AC107909.1	lncRNA	0	0	0	0.0000	0.0000	0.0000
ENSG00000253534.1	TRBV6-8	TR_V_gene	1	0	1	0.1663	0.0412	0.0446
ENSG00000253535.5	AC120193.1	lncRNA	0	0	0	0.0000	0.0000	0.0000
ENSG00000253536.1	AC138832.1	processed_pseudogene	0	0	0	0.0000	0.0000	0.0000
ENSG00000253537.3	PCDHGA7	protein_coding	55	29	26	0.5735	0.1422	0.1538
ENSG00000253538.1	AC008662.2	lncRNA	0	0	0	0.0000	0.0000	0.0000
ENSG00000253539.1	AC018442.2	lncRNA	2	0	2	0.1750	0.0434	0.0469
ENSG00000253540.5	FAM86HP	transcribed_unprocessed_pseudogene	126	56	70	5.4923	1.3620	1.4727
ENSG00000253541.1	SEPTIN10P1	processed_pseudogene	3	2	1	0.1464	0.0363	0.0393
ENSG00000253542.7	SDR16C6P	transcribed_unitary_pseudogene	0	0	0	0.0000	0.0000	0.0000
ENSG00000253543.1	AC083923.1	processed_pseudogene	0	0	0	0.0000	0.0000	0.0000
ENSG00000253544.1	C1GALT1P3	processed_pseudogene	1	0	1	0.0692	0.0172	0.0186
ENSG00000253545.1	IGHV3-52	IG_V_pseudogene	1	0	1	0.1607	0.0398	0.0431
ENSG00000253546.1	IGLVVI-22-1	IG_V_pseudogene	0	0	0	0.0000	0.0000	0.0000
ENSG00000253547.2	TUBAP7	processed_pseudogene	0	0	0	0.0000	0.0000	0.0000
ENSG00000253548.1	PYDC2	protein_coding	0	0	0	0.0000	0.0000	0.0000
ENSG00000253549.6	CA3-AS1	lncRNA	203	110	113	3.0880	0.7658	0.8280
ENSG00000253550.1	AC016065.2	processed_pseudogene	2	2	1	0.2555	0.0633	0.0685
ENSG00000253551.1	AC021915.1	lncRNA	0	0	0	0.0000	0.0000	0.0000
ENSG00000253552.8	HOXA-AS2	lncRNA	76	86	92	0.7936	0.1968	0.2128
ENSG00000253553.7	AC090578.1	lncRNA	10	12	9	0.0585	0.0145	0.0157
ENSG00000253554.7	LINC01414	lncRNA	0	0	0	0.0000	0.0000	0.0000
ENSG00000253555.1	AC011978.1	unprocessed_pseudogene	0	0	0	0.0000	0.0000	0.0000
ENSG00000253556.1	MTCO1P4	processed_pseudogene	0	0	0	0.0000	0.0000	0.0000
ENSG00000253557.6	AC100849.1	lncRNA	16	6	10	0.5155	0.1279	0.1382
ENSG00000253558.1	AC024568.1	transcribed_processed_pseudogene	5	2	3	0.1255	0.0311	0.0336
ENSG00000253559.1	OSGEPL1-AS1	lncRNA	11	34	22	0.7254	0.1799	0.1945
ENSG00000253560.1	AC013643.1	processed_pseudogene	0	0	0	0.0000	0.0000	0.0000
ENSG00000253561.1	AC133634.1	lncRNA	0	0	0	0.0000	0.0000	0.0000
ENSG00000253562.1	AC107909.2	lncRNA	8	4	4	0.9202	0.2282	0.2467
ENSG00000253563.2	NKX2-1-AS1	lncRNA	0	0	0	0.0000	0.0000	0.0000
ENSG00000253564.1	AC100823.2	processed_pseudogene	0	0	0	0.0000	0.0000	0.0000
ENSG00000253567.1	AC025871.1	lncRNA	0	4	8	0.0000	0.0000	0.0000
ENSG00000253568.1	AC090572.1	processed_pseudogene	0	0	0	0.0000	0.0000	0.0000
ENSG00000253569.1	VENTXP5	processed_pseudogene	0	0	0	0.0000	0.0000	0.0000
ENSG00000253570.1	RNF5P1	processed_pseudogene	183	80	103	19.2184	4.7660	5.1531
ENSG00000253571.1	AC087369.1	processed_pseudogene	1	0	1	0.0569	0.0141	0.0153
ENSG00000253572.2	AC108482.1	lncRNA	0	0	0	0.0000	0.0000	0.0000
ENSG00000253573.2	AC024382.1	lncRNA	6	3	3	0.3468	0.0860	0.0930
ENSG00000253574.5	AC021744.1	lncRNA	0	0	0	0.0000	0.0000	0.0000
ENSG00000253576.1	AF181450.1	lncRNA	1	6	15	0.1383	0.0343	0.0371
ENSG00000253577.2	AC117834.2	lncRNA	0	0	0	0.0000	0.0000	0.0000
ENSG00000253578.1	IGKV1-22	IG_V_pseudogene	0	0	0	0.0000	0.0000	0.0000
ENSG00000253579.1	SUMO2P16	processed_pseudogene	0	0	0	0.0000	0.0000	0.0000
ENSG00000253580.1	TRMT10BP1	processed_pseudogene	0	0	0	0.0000	0.0000	0.0000
ENSG00000253581.1	AC105031.1	processed_pseudogene	0	0	0	0.0000	0.0000	0.0000
ENSG00000253582.1	AC090579.1	lncRNA	11	6	6	1.2377	0.3069	0.3319
ENSG00000253583.1	AC018953.1	lncRNA	0	0	0	0.0000	0.0000	0.0000
ENSG00000253584.1	AC091987.1	lncRNA	0	0	0	0.0000	0.0000	0.0000
ENSG00000253585.1	AP003351.1	lncRNA	2	2	0	0.1698	0.0421	0.0455
ENSG00000253586.1	AC067817.1	lncRNA	0	0	0	0.0000	0.0000	0.0000
ENSG00000253587.2	IGHV3-30-2	IG_V_pseudogene	0	0	0	0.0000	0.0000	0.0000
ENSG00000253590.1	IGLV3-13	IG_V_pseudogene	0	0	0	0.0000	0.0000	0.0000
ENSG00000253591.2	KCNIP1-AS1	lncRNA	2	0	2	0.0640	0.0159	0.0172
ENSG00000253592.1	IGKV2-38	IG_V_pseudogene	0	0	0	0.0000	0.0000	0.0000
ENSG00000253593.2	AC110741.1	lncRNA	3	1	2	0.2923	0.0725	0.0784
ENSG00000253595.6	LINC01300	lncRNA	0	0	0	0.0000	0.0000	0.0000
ENSG00000253596.1	AC103952.1	lncRNA	0	0	0	0.0000	0.0000	0.0000
ENSG00000253598.3	SLC10A5	protein_coding	34	17	17	1.3502	0.3348	0.3620
ENSG00000253600.1	AC008446.1	processed_pseudogene	0	0	0	0.0000	0.0000	0.0000
ENSG00000253602.2	RN7SL260P	misc_RNA	1	1	0	0.2011	0.0499	0.0539
ENSG00000253603.1	CERNA3	lncRNA	3	0	3	0.3054	0.0757	0.0819
ENSG00000253604.1	AC131254.2	lncRNA	1	1	0	0.1031	0.0256	0.0276
ENSG00000253605.1	HNRNPA1P38	processed_pseudogene	10	5	5	0.5926	0.1470	0.1589
ENSG00000253606.2	AFG3L2P1	processed_pseudogene	1	0	1	0.0322	0.0080	0.0086
ENSG00000253607.1	AC104316.1	lncRNA	0	228	250	0.0000	0.0000	0.0000
ENSG00000253608.2	AC022915.2	lncRNA	1	2	3	0.0206	0.0051	0.0055
ENSG00000253610.1	AP006245.1	processed_pseudogene	0	0	0	0.0000	0.0000	0.0000
ENSG00000253611.1	VN1R46P	processed_pseudogene	0	0	0	0.0000	0.0000	0.0000
ENSG00000253612.1	WBP1LP3	processed_pseudogene	0	0	0	0.0000	0.0000	0.0000
ENSG00000253613.2	AC008572.1	lncRNA	0	0	0	0.0000	0.0000	0.0000
ENSG00000253614.1	AC025674.2	lncRNA	0	0	0	0.0000	0.0000	0.0000
ENSG00000253615.1	AC069113.3	unprocessed_pseudogene	0	0	0	0.0000	0.0000	0.0000
ENSG00000253616.5	AC107959.3	lncRNA	8	5	3	0.5150	0.1277	0.1381
ENSG00000253617.2	AC109479.2	processed_pseudogene	0	0	0	0.0000	0.0000	0.0000
ENSG00000253618.1	GRPEL2-AS1	lncRNA	2	77	58	0.2828	0.0701	0.0758
ENSG00000253619.1	AC068413.1	lncRNA	1	0	1	0.0731	0.0181	0.0196
ENSG00000253620.2	AC144568.1	processed_pseudogene	0	0	0	0.0000	0.0000	0.0000
ENSG00000253621.1	RPSAP74	processed_pseudogene	0	0	0	0.0000	0.0000	0.0000
ENSG00000253622.1	AC027419.2	lncRNA	2	1	1	0.2282	0.0566	0.0612
ENSG00000253623.1	AC009879.1	processed_pseudogene	0	0	0	0.0000	0.0000	0.0000
ENSG00000253625.1	IGKV2-23	IG_V_pseudogene	1	0	1	0.1756	0.0435	0.0471
ENSG00000253626.3	EIF5AL1	protein_coding	22	11	16	0.3249	0.0806	0.0871
ENSG00000253627.1	AC105180.1	lncRNA	0	0	0	0.0000	0.0000	0.0000
ENSG00000253628.2	AC110011.1	lncRNA	0	0	0	0.0000	0.0000	0.0000
ENSG00000253629.1	AP000426.1	lncRNA	0	106	97	0.0000	0.0000	0.0000
ENSG00000253630.1	AC026407.1	unprocessed_pseudogene	3	1	2	0.8340	0.2068	0.2236
ENSG00000253631.1	IGLV7-35	IG_V_pseudogene	0	0	0	0.0000	0.0000	0.0000
ENSG00000253632.1	AC084026.2	lncRNA	8	5	3	0.7067	0.1752	0.1895
ENSG00000253633.2	AP002852.1	lncRNA	12	5	7	0.2716	0.0673	0.0728
ENSG00000253634.3	AC091096.1	lncRNA	1	0	1	0.0243	0.0060	0.0065
ENSG00000253635.1	IGHVIII-67-3	IG_V_pseudogene	0	0	0	0.0000	0.0000	0.0000
ENSG00000253636.1	AC022893.1	lncRNA	63	30	33	1.0067	0.2496	0.2699
ENSG00000253637.1	IGLVV-58	IG_V_pseudogene	0	0	0	0.0000	0.0000	0.0000
ENSG00000253638.1	AF186190.1	processed_pseudogene	0	0	0	0.0000	0.0000	0.0000
ENSG00000253639.1	SUMO2P18	processed_pseudogene	0	0	0	0.0000	0.0000	0.0000
ENSG00000253641.6	LINCR-0001	lncRNA	4	2	4	0.0710	0.0176	0.0190
ENSG00000253642.6	AF279873.3	lncRNA	0	0	0	0.0000	0.0000	0.0000
ENSG00000253643.6	AC024958.1	lncRNA	0	0	0	0.0000	0.0000	0.0000
ENSG00000253644.2	LINC02845	lncRNA	0	0	0	0.0000	0.0000	0.0000
ENSG00000253645.1	AC108863.1	lncRNA	0	200	173	0.0000	0.0000	0.0000
ENSG00000253646.1	AC010476.1	processed_pseudogene	0	0	0	0.0000	0.0000	0.0000
ENSG00000253647.1	KCNIP1-OT1	lncRNA	1	2	2	0.0467	0.0116	0.0125
ENSG00000253648.1	AC018437.2	lncRNA	0	0	0	0.0000	0.0000	0.0000
ENSG00000253649.5	PRSS51	protein_coding	7	2	5	0.1308	0.0324	0.0351
ENSG00000253650.1	SMARCE1P4	processed_pseudogene	0	0	0	0.0000	0.0000	0.0000
ENSG00000253651.1	SOD1P3	processed_pseudogene	0	0	0	0.0000	0.0000	0.0000
ENSG00000253652.1	AC136628.4	lncRNA	1	1	0	0.1060	0.0263	0.0284
ENSG00000253653.1	AC009185.1	lncRNA	0	1	1	0.0000	0.0000	0.0000
ENSG00000253654.2	IDI1P2	processed_pseudogene	0	0	0	0.0000	0.0000	0.0000
ENSG00000253655.2	JCHAINP1	processed_pseudogene	0	0	0	0.0000	0.0000	0.0000
ENSG00000253656.1	AC090987.1	lncRNA	0	0	0	0.0000	0.0000	0.0000
ENSG00000253657.1	AC022634.1	processed_pseudogene	0	0	0	0.0000	0.0000	0.0000
ENSG00000253658.6	LINC01592	lncRNA	0	0	0	0.0000	0.0000	0.0000
ENSG00000253659.2	AC138646.1	lncRNA	0	0	0	0.0000	0.0000	0.0000
ENSG00000253660.1	AC008464.1	lncRNA	0	0	0	0.0000	0.0000	0.0000
ENSG00000253661.2	ZFHX4-AS1	lncRNA	85	43	42	0.4604	0.1142	0.1235
ENSG00000253663.1	NPM1P52	processed_pseudogene	0	0	0	0.0000	0.0000	0.0000
ENSG00000253664.1	AC012413.1	lncRNA	0	20	23	0.0000	0.0000	0.0000
ENSG00000253665.1	LINC02866	lncRNA	0	0	0	0.0000	0.0000	0.0000
ENSG00000253666.2	AP000424.1	lncRNA	12	5	9	0.2043	0.0507	0.0548
ENSG00000253667.2	AC100821.1	processed_pseudogene	34	17	17	0.7778	0.1929	0.2086
ENSG00000253668.1	AC103778.1	processed_pseudogene	0	0	0	0.0000	0.0000	0.0000
ENSG00000253669.4	GASAL1	lncRNA	187	99	88	3.3741	0.8367	0.9047
ENSG00000253670.1	AC073581.1	processed_pseudogene	0	0	0	0.0000	0.0000	0.0000
ENSG00000253671.3	AC027117.1	lncRNA	78	42	36	1.0618	0.2633	0.2847
ENSG00000253672.1	AC105177.1	lncRNA	0	0	0	0.0000	0.0000	0.0000
ENSG00000253673.1	AC025437.4	lncRNA	0	0	0	0.0000	0.0000	0.0000
ENSG00000253674.1	IGHVII-78-1	IG_V_pseudogene	0	0	0	0.0000	0.0000	0.0000
ENSG00000253675.1	AC023194.3	lncRNA	0	80	63	0.0000	0.0000	0.0000
ENSG00000253676.1	TAGLN2P1	processed_pseudogene	13	8	5	1.2559	0.3115	0.3368
ENSG00000253677.1	UBE2HP1	processed_pseudogene	0	0	0	0.0000	0.0000	0.0000
ENSG00000253678.3	AC104964.1	lncRNA	0	1	1	0.0000	0.0000	0.0000
ENSG00000253679.1	LINC02844	lncRNA	0	0	0	0.0000	0.0000	0.0000
ENSG00000253680.1	AC093331.1	processed_pseudogene	0	0	0	0.0000	0.0000	0.0000
ENSG00000253681.1	AC013509.1	lncRNA	0	0	0	0.0000	0.0000	0.0000
ENSG00000253682.2	AC022695.2	lncRNA	0	0	0	0.0000	0.0000	0.0000
ENSG00000253683.1	AC027309.2	processed_pseudogene	27	3	24	7.9748	1.9777	2.1383
ENSG00000253684.1	BUD31P1	processed_pseudogene	0	0	0	0.0000	0.0000	0.0000
ENSG00000253685.1	MTND5P41	unprocessed_pseudogene	0	0	0	0.0000	0.0000	0.0000
ENSG00000253686.2	LINC01484	lncRNA	84	41	43	0.8799	0.2182	0.2359
ENSG00000253687.1	AC008456.1	lncRNA	0	0	0	0.0000	0.0000	0.0000
ENSG00000253688.2	AC026904.2	lncRNA	6	6	4	0.2155	0.0534	0.0578
ENSG00000253690.1	AC021678.2	lncRNA	1	6	10	0.0639	0.0159	0.0171
ENSG00000253691.2	IGKV2OR22-4	IG_V_pseudogene	2	1	1	0.3090	0.0766	0.0829
ENSG00000253692.3	IGHEP1	IG_C_pseudogene	10	3	7	0.8711	0.2160	0.2336
ENSG00000253693.1	AC008415.1	lncRNA	0	0	0	0.0000	0.0000	0.0000
ENSG00000253695.2	AC011008.1	lncRNA	4	2	2	0.1422	0.0353	0.0381
ENSG00000253696.2	KBTBD11-OT1	lncRNA	1	1	0	0.0696	0.0173	0.0187
ENSG00000253697.1	AC103834.1	unprocessed_pseudogene	0	0	0	0.0000	0.0000	0.0000
ENSG00000253698.1	AC136601.1	lncRNA	0	0	0	0.0000	0.0000	0.0000
ENSG00000253699.1	AC084128.1	lncRNA	19	11	8	2.1507	0.5333	0.5767
ENSG00000253702.1	LINC02847	lncRNA	2	1	1	0.2029	0.0503	0.0544
ENSG00000253703.2	IGHV1-68	IG_V_pseudogene	0	0	0	0.0000	0.0000	0.0000
ENSG00000253704.2	AC023632.2	lncRNA	121	75	47	2.4162	0.5992	0.6479
ENSG00000253706.5	AC011632.1	lncRNA	0	0	0	0.0000	0.0000	0.0000
ENSG00000253707.1	AC022616.4	processed_pseudogene	0	0	0	0.0000	0.0000	0.0000
ENSG00000253708.1	AC026979.1	lncRNA	1	1	2	0.0973	0.0241	0.0261
ENSG00000253709.1	IGHV1-14	IG_V_pseudogene	0	0	0	0.0000	0.0000	0.0000
ENSG00000253710.4	ALG11	protein_coding	887	458	429	4.2759	1.0604	1.1465
ENSG00000253711.1	AC023866.1	lncRNA	0	0	0	0.0000	0.0000	0.0000
ENSG00000253712.1	LINC02886	lncRNA	0	0	0	0.0000	0.0000	0.0000
ENSG00000253713.1	AC091819.2	lncRNA	0	0	0	0.0000	0.0000	0.0000
ENSG00000253714.1	IGHVII-53-1	IG_V_pseudogene	0	0	0	0.0000	0.0000	0.0000
ENSG00000253715.1	AC083841.2	lncRNA	0	6	6	0.0000	0.0000	0.0000
ENSG00000253716.6	MINCR	lncRNA	819	416	404	30.3565	7.5281	8.1396
ENSG00000253717.1	AP005357.1	lncRNA	0	0	0	0.0000	0.0000	0.0000
ENSG00000253719.4	ATXN7L3B	protein_coding	9409	5444	5301	70.2454	17.4202	18.8351
ENSG00000253720.2	AC022973.3	lncRNA	13	3	15	0.3024	0.0750	0.0811
ENSG00000253721.1	SUMO2P20	processed_pseudogene	1	0	1	0.2004	0.0497	0.0537
ENSG00000253722.1	AC010834.1	lncRNA	0	237	254	0.0000	0.0000	0.0000
ENSG00000253723.1	AC107934.2	processed_pseudogene	0	0	0	0.0000	0.0000	0.0000
ENSG00000253725.1	AC126915.1	processed_pseudogene	0	0	0	0.0000	0.0000	0.0000
ENSG00000253726.1	AC013562.1	lncRNA	0	0	0	0.0000	0.0000	0.0000
ENSG00000253728.5	AC083841.3	lncRNA	0	0	0	0.0000	0.0000	0.0000
ENSG00000253729.8	PRKDC	protein_coding	37315	18872	18846	137.3310	34.0567	36.8230
ENSG00000253730.1	AC015909.2	lncRNA	3	2	1	0.3110	0.0771	0.0834
ENSG00000253731.3	PCDHGA6	protein_coding	221	119	102	1.5806	0.3920	0.4238
ENSG00000253732.1	IGKV2-19	IG_V_pseudogene	0	0	0	0.0000	0.0000	0.0000
ENSG00000253733.3	LZTS1-AS1	lncRNA	0	0	0	0.0000	0.0000	0.0000
ENSG00000253734.2	LINC01289	lncRNA	0	0	0	0.0000	0.0000	0.0000
ENSG00000253735.1	AC021736.1	lncRNA	0	0	0	0.0000	0.0000	0.0000
ENSG00000253736.3	AC022217.3	lncRNA	3	2	2	0.1488	0.0369	0.0399
ENSG00000253737.1	AP003469.3	lncRNA	0	0	0	0.0000	0.0000	0.0000
ENSG00000253738.2	OTUD6B-AS1	lncRNA	2715	1406	1429	15.6567	3.8827	4.1981
ENSG00000253739.1	RNU6-323P	snRNA	2	0	2	1.0600	0.2629	0.2842
ENSG00000253740.5	AP001205.1	lncRNA	0	0	0	0.0000	0.0000	0.0000
ENSG00000253741.2	LNCOC1	lncRNA	24	23	31	0.2130	0.0528	0.0571
ENSG00000253742.1	IGHV3-60	IG_V_pseudogene	1	1	0	0.1602	0.0397	0.0430
ENSG00000253743.1	MARK2P11	unprocessed_pseudogene	0	0	0	0.0000	0.0000	0.0000
ENSG00000253744.1	AC025442.1	lncRNA	0	67	83	0.0000	0.0000	0.0000
ENSG00000253745.1	AC091163.1	lncRNA	0	0	0	0.0000	0.0000	0.0000
ENSG00000253746.1	AC091182.2	lncRNA	36	20	16	3.5321	0.8759	0.9471
ENSG00000253747.1	IGHVII-62-1	IG_V_pseudogene	0	0	0	0.0000	0.0000	0.0000
ENSG00000253748.2	CYP4F44P	unprocessed_pseudogene	0	0	0	0.0000	0.0000	0.0000
ENSG00000253749.1	AC022695.3	lncRNA	0	0	0	0.0000	0.0000	0.0000
ENSG00000253750.1	AC090136.1	processed_pseudogene	0	0	0	0.0000	0.0000	0.0000
ENSG00000253752.1	IGLVI-63	IG_V_pseudogene	1	1	0	0.1477	0.0366	0.0396
ENSG00000253754.1	AC087620.1	lncRNA	4	2	2	0.5075	0.1258	0.1361
ENSG00000253755.1	IGHGP	IG_C_pseudogene	211	100	111	10.1577	2.5190	2.7236
ENSG00000253756.1	CARS1P2	processed_pseudogene	0	0	0	0.0000	0.0000	0.0000
ENSG00000253759.1	IGHV3-57	IG_V_pseudogene	0	0	0	0.0000	0.0000	0.0000
ENSG00000253760.1	AC009812.2	processed_pseudogene	2	2	0	0.2482	0.0615	0.0665
ENSG00000253762.2	AC069133.1	lncRNA	0	0	0	0.0000	0.0000	0.0000
ENSG00000253763.1	IGHV3-6	IG_V_pseudogene	3	2	1	0.4903	0.1216	0.1315
ENSG00000253764.3	AC019257.1	lncRNA	2	1	1	0.0477	0.0118	0.0128
ENSG00000253765.1	IGKV2D-19	IG_V_pseudogene	1	0	1	0.2165	0.0537	0.0580
ENSG00000253766.1	AC091946.1	lncRNA	2	0	2	0.1331	0.0330	0.0357
ENSG00000253767.2	PCDHGA8	protein_coding	27	14	13	0.1768	0.0438	0.0474
ENSG00000253768.1	AC008663.1	lncRNA	816	421	395	101.7040	25.2216	27.2702
ENSG00000253770.1	HMGB1P23	processed_pseudogene	0	0	0	0.0000	0.0000	0.0000
ENSG00000253771.6	TPTE2P1	transcribed_unprocessed_pseudogene	22	12	10	0.3292	0.0816	0.0883
ENSG00000253772.1	AC112191.1	processed_pseudogene	0	0	0	0.0000	0.0000	0.0000
ENSG00000253773.3	C8orf37-AS1	lncRNA	28	16	14	0.3290	0.0816	0.0882
ENSG00000253774.1	AC114550.3	lncRNA	5	4	1	0.4897	0.1214	0.1313
ENSG00000253775.2	AC100802.1	lncRNA	1	0	1	0.0289	0.0072	0.0077
ENSG00000253776.1	AC099520.2	lncRNA	1	1	0	0.1000	0.0248	0.0268
ENSG00000253777.1	AC026616.1	processed_pseudogene	1	1	0	0.1080	0.0268	0.0290
ENSG00000253778.1	AC090572.2	lncRNA	0	0	0	0.0000	0.0000	0.0000
ENSG00000253779.1	IGLVVI-25-1	IG_V_pseudogene	0	0	0	0.0000	0.0000	0.0000
ENSG00000253780.1	IGHVIII-2-1	IG_V_pseudogene	0	0	0	0.0000	0.0000	0.0000
ENSG00000253781.1	ZNF317P1	processed_pseudogene	0	0	0	0.0000	0.0000	0.0000
ENSG00000253782.2	AC091163.2	lncRNA	0	0	0	0.0000	0.0000	0.0000
ENSG00000253783.1	AC100807.2	lncRNA	0	0	0	0.0000	0.0000	0.0000
ENSG00000253784.1	AC090735.1	lncRNA	0	0	0	0.0000	0.0000	0.0000
ENSG00000253785.1	AC008429.2	processed_pseudogene	18	10	8	1.1815	0.2930	0.3168
ENSG00000253786.1	IGLV3-15	IG_V_pseudogene	0	0	0	0.0000	0.0000	0.0000
ENSG00000253787.1	LINC02219	lncRNA	0	0	0	0.0000	0.0000	0.0000
ENSG00000253789.1	NARS1P2	transcribed_processed_pseudogene	0	0	0	0.0000	0.0000	0.0000
ENSG00000253790.1	AC007991.1	processed_pseudogene	0	0	0	0.0000	0.0000	0.0000
ENSG00000253792.1	AC025437.5	lncRNA	0	0	0	0.0000	0.0000	0.0000
ENSG00000253793.1	AC008066.1	processed_pseudogene	0	0	0	0.0000	0.0000	0.0000
ENSG00000253794.1	IGLV10-67	IG_V_pseudogene	0	0	0	0.0000	0.0000	0.0000
ENSG00000253795.1	MTND1P5	processed_pseudogene	0	0	0	0.0000	0.0000	0.0000
ENSG00000253796.2	AC104248.1	lncRNA	0	0	0	0.0000	0.0000	0.0000
ENSG00000253797.2	UTP14C	protein_coding	0	0	0	0.0000	0.0000	0.0000
ENSG00000253798.2	AC008694.1	transcribed_unprocessed_pseudogene	0	0	0	0.0000	0.0000	0.0000
ENSG00000253799.1	LINC01030	lncRNA	0	0	0	0.0000	0.0000	0.0000
ENSG00000253800.1	AC090136.2	processed_pseudogene	0	0	0	0.0000	0.0000	0.0000
ENSG00000253801.2	AC010376.1	processed_pseudogene	0	0	0	0.0000	0.0000	0.0000
ENSG00000253802.2	SIRLNT	lncRNA	11	8	3	0.3160	0.0784	0.0847
ENSG00000253803.1	AC091163.3	processed_pseudogene	0	0	0	0.0000	0.0000	0.0000
ENSG00000253805.1	AC245164.1	lncRNA	0	0	0	0.0000	0.0000	0.0000
ENSG00000253806.1	AC108002.1	lncRNA	0	16	11	0.0000	0.0000	0.0000
ENSG00000253807.6	LINC01170	lncRNA	0	0	0	0.0000	0.0000	0.0000
ENSG00000253808.1	IGHVII-46-1	IG_V_pseudogene	0	0	0	0.0000	0.0000	0.0000
ENSG00000253809.1	AL160262.1	lncRNA	0	0	0	0.0000	0.0000	0.0000
ENSG00000253810.1	PSAT1P1	processed_pseudogene	0	0	0	0.0000	0.0000	0.0000
ENSG00000253811.1	AC136424.2	lncRNA	0	0	0	0.0000	0.0000	0.0000
ENSG00000253813.1	COX6B1P4	processed_pseudogene	0	0	0	0.0000	0.0000	0.0000
ENSG00000253814.1	MRPS36P3	processed_pseudogene	0	0	0	0.0000	0.0000	0.0000
ENSG00000253816.3	GUSBP14	unprocessed_pseudogene	14	8	6	1.5975	0.3962	0.4283
ENSG00000253817.1	AC120036.2	processed_pseudogene	1	1	0	0.1942	0.0482	0.0521
ENSG00000253818.1	IGLV1-41	IG_V_pseudogene	21	11	10	2.9333	0.7274	0.7865
ENSG00000253819.2	LINC01151	lncRNA	1	0	1	0.0054	0.0013	0.0015
ENSG00000253820.1	IGHVII-67-1	IG_V_pseudogene	0	0	0	0.0000	0.0000	0.0000
ENSG00000253821.2	AC090796.1	lncRNA	0	0	0	0.0000	0.0000	0.0000
ENSG00000253822.1	IGLV3-24	IG_V_pseudogene	0	0	0	0.0000	0.0000	0.0000
ENSG00000253823.1	IGLV1-62	IG_V_pseudogene	0	0	0	0.0000	0.0000	0.0000
ENSG00000253824.2	AP003472.1	lncRNA	4	2	2	0.1249	0.0310	0.0335
ENSG00000253825.1	AC097173.2	lncRNA	0	0	0	0.0000	0.0000	0.0000
ENSG00000253826.1	WBP1LP10	unprocessed_pseudogene	0	0	0	0.0000	0.0000	0.0000
ENSG00000253828.3	MTND2P38	unprocessed_pseudogene	0	0	0	0.0000	0.0000	0.0000
ENSG00000253829.1	AC067817.2	lncRNA	5	4	3	0.7327	0.1817	0.1965
ENSG00000253831.3	ETV3L	protein_coding	1	1	0	0.0270	0.0067	0.0072
ENSG00000253832.1	AC107373.1	lncRNA	0	0	0	0.0000	0.0000	0.0000
ENSG00000253833.1	DSTNP3	processed_pseudogene	3	1	2	0.4351	0.1079	0.1167
ENSG00000253834.1	AC025524.1	lncRNA	0	0	0	0.0000	0.0000	0.0000
ENSG00000253836.1	AC105031.2	lncRNA	0	0	0	0.0000	0.0000	0.0000
ENSG00000253837.1	AC090197.1	lncRNA	22	1096	1034	0.2600	0.0645	0.0697
ENSG00000253838.1	AC007991.2	lncRNA	0	0	0	0.0000	0.0000	0.0000
ENSG00000253840.1	AC044836.1	processed_pseudogene	0	0	0	0.0000	0.0000	0.0000
ENSG00000253841.1	AC024681.1	processed_pseudogene	0	1	0	0.0000	0.0000	0.0000
ENSG00000253842.2	AP003472.2	lncRNA	0	0	0	0.0000	0.0000	0.0000
ENSG00000253843.1	AC104989.1	processed_pseudogene	0	0	0	0.0000	0.0000	0.0000
ENSG00000253844.1	AC064807.2	lncRNA	1	1	0	0.0844	0.0209	0.0226
ENSG00000253845.1	AC139365.2	processed_pseudogene	0	0	0	0.0000	0.0000	0.0000
ENSG00000253846.2	PCDHGA10	protein_coding	332	179	154	2.8342	0.7029	0.7599
ENSG00000253848.1	AC010834.2	lncRNA	1	1	0	0.1070	0.0265	0.0287
ENSG00000253849.1	AC090539.1	lncRNA	0	0	0	0.0000	0.0000	0.0000
ENSG00000253851.1	AC025370.1	lncRNA	0	1250	1242	0.0000	0.0000	0.0000
ENSG00000253852.1	AC011383.1	lncRNA	1	0	1	0.0919	0.0228	0.0246
ENSG00000253853.3	AC246817.1	lncRNA	18	9	9	0.1678	0.0416	0.0450
ENSG00000253854.1	AC010834.3	lncRNA	147	76	71	8.8779	2.2016	2.3805
ENSG00000253855.1	AC245187.1	lncRNA	1	1	0	0.1014	0.0252	0.0272
ENSG00000253857.2	AC022679.1	lncRNA	0	0	0	0.0000	0.0000	0.0000
ENSG00000253858.1	AC008619.1	lncRNA	1	0	1	0.1000	0.0248	0.0268
ENSG00000253859.2	AC018616.1	lncRNA	0	0	0	0.0000	0.0000	0.0000
ENSG00000253860.1	IGKV3-34	IG_V_pseudogene	0	0	0	0.0000	0.0000	0.0000
ENSG00000253861.1	SLC2A3P1	processed_pseudogene	0	0	0	0.0000	0.0000	0.0000
ENSG00000253862.1	IGHVIII-47-1	IG_V_pseudogene	0	0	0	0.0000	0.0000	0.0000
ENSG00000253865.1	AC131025.1	lncRNA	7	6	4	0.6751	0.1674	0.1810
ENSG00000253866.1	TMEM97P2	processed_pseudogene	0	0	0	0.0000	0.0000	0.0000
ENSG00000253868.4	FER1L6-AS2	lncRNA	0	1	2	0.0000	0.0000	0.0000
ENSG00000253869.1	PIGFP1	processed_pseudogene	3	2	1	0.2605	0.0646	0.0699
ENSG00000253870.1	IGKV1-32	IG_V_pseudogene	0	0	0	0.0000	0.0000	0.0000
ENSG00000253871.2	AC068075.1	lncRNA	0	0	0	0.0000	0.0000	0.0000
ENSG00000253872.1	AC083836.1	lncRNA	1	1	0	0.0267	0.0066	0.0072
ENSG00000253873.6	PCDHGA11	protein_coding	68	29	39	0.6637	0.1646	0.1780
ENSG00000253874.1	IGLVIV-66-1	IG_V_pseudogene	0	0	0	0.0000	0.0000	0.0000
ENSG00000253875.2	AC013643.2	lncRNA	3	110	91	0.0543	0.0135	0.0146
ENSG00000253877.6	LINC01608	lncRNA	1	1	0	0.0043	0.0011	0.0012
ENSG00000253878.5	AC087752.3	lncRNA	104	55	49	8.3185	2.0629	2.2305
ENSG00000253879.2	AC087664.2	lncRNA	0	0	0	0.0000	0.0000	0.0000
ENSG00000253880.1	AC009435.1	lncRNA	2	1	1	0.1976	0.0490	0.0530
ENSG00000253881.1	AC105233.1	processed_pseudogene	0	0	0	0.0000	0.0000	0.0000
ENSG00000253882.6	AC099548.2	transcribed_unprocessed_pseudogene	9	19	14	0.1408	0.0349	0.0378
ENSG00000253883.1	IGHV3-19	IG_V_pseudogene	2	1	1	0.3898	0.0967	0.1045
ENSG00000253884.1	AC022616.5	processed_pseudogene	0	0	0	0.0000	0.0000	0.0000
ENSG00000253885.1	ARF1P3	processed_pseudogene	0	0	0	0.0000	0.0000	0.0000
ENSG00000253886.1	AC026688.1	processed_pseudogene	0	0	0	0.0000	0.0000	0.0000
ENSG00000253887.1	AC022784.3	lncRNA	0	0	0	0.0000	0.0000	0.0000
ENSG00000253888.2	AC090150.1	lncRNA	0	0	0	0.0000	0.0000	0.0000
ENSG00000253889.1	IGLVI-38	IG_V_pseudogene	0	0	0	0.0000	0.0000	0.0000
ENSG00000253891.2	AC023202.1	lncRNA	0	0	0	0.0000	0.0000	0.0000
ENSG00000253892.1	AC022915.3	lncRNA	0	0	0	0.0000	0.0000	0.0000
ENSG00000253893.2	FAM85B	lncRNA	1	1	0	0.0716	0.0178	0.0192
ENSG00000253894.2	AC011124.2	lncRNA	0	0	0	0.0000	0.0000	0.0000
ENSG00000253895.1	IGHVII-44-2	IG_V_pseudogene	0	0	0	0.0000	0.0000	0.0000
ENSG00000253896.3	AC144568.2	lncRNA	0	0	0	0.0000	0.0000	0.0000
ENSG00000253897.2	AC034205.2	transcribed_unprocessed_pseudogene	0	0	0	0.0000	0.0000	0.0000
ENSG00000253898.1	LINC01419	lncRNA	2	2	0	0.0746	0.0185	0.0200
ENSG00000253899.1	AC067904.2	processed_pseudogene	2	0	2	0.0884	0.0219	0.0237
ENSG00000253900.1	CDH12P4	unprocessed_pseudogene	0	0	0	0.0000	0.0000	0.0000
ENSG00000253901.1	AC103409.1	lncRNA	0	0	0	0.0000	0.0000	0.0000
ENSG00000253903.2	AC090150.2	lncRNA	0	0	0	0.0000	0.0000	0.0000
ENSG00000253906.1	IGKV2D-10	IG_V_pseudogene	1	1	0	0.2018	0.0500	0.0541
ENSG00000253907.1	AC021678.3	processed_pseudogene	0	0	0	0.0000	0.0000	0.0000
ENSG00000253908.1	AC104115.2	processed_pseudogene	9	4	5	0.7429	0.1842	0.1992
ENSG00000253910.2	PCDHGB2	protein_coding	106	52	54	1.2605	0.3126	0.3380
ENSG00000253911.1	AP003467.1	lncRNA	0	0	0	0.0000	0.0000	0.0000
ENSG00000253912.1	AC018442.3	processed_pseudogene	0	0	0	0.0000	0.0000	0.0000
ENSG00000253913.1	IGLV3-26	IG_V_pseudogene	0	0	0	0.0000	0.0000	0.0000
ENSG00000253915.1	MAPRE1P1	processed_pseudogene	2	1	1	0.1423	0.0353	0.0382
ENSG00000253916.1	MTCO1P49	processed_pseudogene	0	0	0	0.0000	0.0000	0.0000
ENSG00000253917.4	AC226119.1	lncRNA	0	0	0	0.0000	0.0000	0.0000
ENSG00000253919.1	THAP12P7	processed_pseudogene	19	13	6	0.4705	0.1167	0.1262
ENSG00000253920.1	IGLV3-31	IG_V_pseudogene	0	0	0	0.0000	0.0000	0.0000
ENSG00000253921.1	AC091982.1	lncRNA	11	3	8	1.0944	0.2714	0.2934
ENSG00000253923.2	AP002981.1	processed_pseudogene	3	1	2	0.1745	0.0433	0.0468
ENSG00000253924.2	AC103831.1	lncRNA	0	0	0	0.0000	0.0000	0.0000
ENSG00000253925.1	AC011369.1	lncRNA	0	0	0	0.0000	0.0000	0.0000
ENSG00000253926.1	AC011257.1	lncRNA	0	0	0	0.0000	0.0000	0.0000
ENSG00000253927.1	AC002428.1	lncRNA	0	0	0	0.0000	0.0000	0.0000
ENSG00000253930.1	TNFRSF10A-AS1	lncRNA	33	53	48	2.9379	0.7286	0.7877
ENSG00000253931.1	AC105118.1	lncRNA	24	12	12	2.5019	0.6204	0.6708
ENSG00000253932.1	AC019270.1	lncRNA	0	0	0	0.0000	0.0000	0.0000
ENSG00000253934.2	MRPL49P2	processed_pseudogene	0	0	0	0.0000	0.0000	0.0000
ENSG00000253935.1	IGLVIV-53	IG_V_pseudogene	0	0	0	0.0000	0.0000	0.0000
ENSG00000253936.1	IGHV3-63	IG_V_pseudogene	6	4	2	0.9978	0.2475	0.2676
ENSG00000253937.1	NATP	unprocessed_pseudogene	0	0	0	0.0000	0.0000	0.0000
ENSG00000253939.1	AC007991.3	lncRNA	1	1	0	0.1130	0.0280	0.0303
ENSG00000253940.1	AC026421.1	processed_pseudogene	0	0	0	0.0000	0.0000	0.0000
ENSG00000253941.1	IGHVII-51-2	IG_V_pseudogene	0	0	0	0.0000	0.0000	0.0000
ENSG00000253942.1	AP001330.2	processed_pseudogene	0	0	0	0.0000	0.0000	0.0000
ENSG00000253943.1	KRT18P37	processed_pseudogene	0	1	0	0.0000	0.0000	0.0000
ENSG00000253944.1	AC027117.2	lncRNA	2	1	1	0.2224	0.0552	0.0596
ENSG00000253945.1	AC024995.1	processed_pseudogene	0	0	0	0.0000	0.0000	0.0000
ENSG00000253946.1	AC008489.1	processed_pseudogene	0	0	0	0.0000	0.0000	0.0000
ENSG00000253947.1	AC008705.2	lncRNA	0	0	0	0.0000	0.0000	0.0000
ENSG00000253948.2	VPS13B-DT	lncRNA	212	125	130	3.0701	0.7614	0.8232
ENSG00000253949.1	AC022634.2	lncRNA	0	0	0	0.0000	0.0000	0.0000
ENSG00000253951.1	CCT3P1	processed_pseudogene	0	0	0	0.0000	0.0000	0.0000
ENSG00000253952.1	HIGD1AP18	processed_pseudogene	6	4	2	1.2240	0.3035	0.3282
ENSG00000253953.3	PCDHGB4	protein_coding	64	30	34	0.5259	0.1304	0.1410
ENSG00000253954.3	HMGN1P38	processed_pseudogene	5	2	3	0.9358	0.2321	0.2509
ENSG00000253955.2	AC008663.2	lncRNA	254	136	128	3.2377	0.8029	0.8681
ENSG00000253956.1	AC073023.1	lncRNA	0	0	0	0.0000	0.0000	0.0000
ENSG00000253957.1	IGHV3-22	IG_V_pseudogene	2	2	0	0.3159	0.0783	0.0847
ENSG00000253958.2	CLDN23	protein_coding	194	94	100	5.0934	1.2631	1.3657
ENSG00000253959.1	LINC01863	lncRNA	35	21	14	4.0179	0.9964	1.0773
ENSG00000253960.1	AC016885.1	lncRNA	0	0	0	0.0000	0.0000	0.0000
ENSG00000253961.1	AC009563.1	lncRNA	0	42	41	0.0000	0.0000	0.0000
ENSG00000253963.1	IGLV3-2	IG_V_pseudogene	0	0	0	0.0000	0.0000	0.0000
ENSG00000253964.1	RPL31P40	processed_pseudogene	0	0	0	0.0000	0.0000	0.0000
ENSG00000253965.1	AC008438.2	lncRNA	2	2	0	0.1990	0.0493	0.0534
ENSG00000253966.1	AC008514.2	processed_pseudogene	19	7	12	0.8059	0.1999	0.2161
ENSG00000253967.1	AC022730.4	lncRNA	3	3	0	0.0719	0.0178	0.0193
ENSG00000253968.2	AC016573.1	lncRNA	3	1	2	0.1001	0.0248	0.0268
ENSG00000253970.1	MTND2P7	processed_pseudogene	0	0	0	0.0000	0.0000	0.0000
ENSG00000253971.1	CDC42P3	processed_pseudogene	2	1	1	0.1792	0.0444	0.0480
ENSG00000253972.6	MAL2-AS1	lncRNA	29	5986	6200	0.8219	0.2038	0.2204
ENSG00000253973.3	AC079296.1	lncRNA	223	2344	2373	2.4899	0.6175	0.6676
ENSG00000253974.6	NRG1-IT1	lncRNA	0	0	0	0.0000	0.0000	0.0000
ENSG00000253975.1	AC018861.1	processed_pseudogene	0	0	0	0.0000	0.0000	0.0000
ENSG00000253976.1	AC022679.2	lncRNA	0	0	0	0.0000	0.0000	0.0000
ENSG00000253977.1	MTCO2P4	processed_pseudogene	0	0	0	0.0000	0.0000	0.0000
ENSG00000253978.2	CTB-178M22.2	lncRNA	14	8	7	1.2309	0.3053	0.3300
ENSG00000253979.1	AC109479.3	lncRNA	0	1	4	0.0000	0.0000	0.0000
ENSG00000253980.1	AC010609.1	lncRNA	0	0	0	0.0000	0.0000	0.0000
ENSG00000253981.5	ALG1L13P	transcribed_unprocessed_pseudogene	21	65	73	0.8230	0.2041	0.2207
ENSG00000253982.2	AC100810.1	lncRNA	566	274	292	14.1775	3.5159	3.8015
ENSG00000253983.3	AC087627.1	lncRNA	5	1	4	0.1812	0.0449	0.0486
ENSG00000253985.1	AC145141.2	lncRNA	0	0	0	0.0000	0.0000	0.0000
ENSG00000253986.1	AC104561.3	lncRNA	0	1	1	0.0000	0.0000	0.0000
ENSG00000253988.1	AC079015.1	lncRNA	5	1	4	0.4758	0.1180	0.1276
ENSG00000253989.2	IGHVIII-38-1	IG_V_pseudogene	0	0	0	0.0000	0.0000	0.0000
ENSG00000253991.1	AP001207.2	processed_pseudogene	0	0	0	0.0000	0.0000	0.0000
ENSG00000253992.1	AC103726.2	lncRNA	0	0	0	0.0000	0.0000	0.0000
ENSG00000253993.1	AC104027.1	processed_pseudogene	0	0	0	0.0000	0.0000	0.0000
ENSG00000253994.1	NDUFB9P3	processed_pseudogene	0	0	0	0.0000	0.0000	0.0000
ENSG00000253995.1	RPL10P18	processed_pseudogene	0	0	0	0.0000	0.0000	0.0000
ENSG00000253997.1	AC090142.3	processed_pseudogene	0	0	0	0.0000	0.0000	0.0000
ENSG00000253998.3	IGKV2-29	IG_V_pseudogene	3	1	2	0.4573	0.1134	0.1226
ENSG00000253999.1	IGKV3D-31	IG_V_pseudogene	0	0	0	0.0000	0.0000	0.0000
ENSG00000254000.1	AC090753.1	lncRNA	0	0	0	0.0000	0.0000	0.0000
ENSG00000254001.5	AC084706.1	lncRNA	0	0	0	0.0000	0.0000	0.0000
ENSG00000254002.2	AC012574.2	lncRNA	0	0	0	0.0000	0.0000	0.0000
ENSG00000254003.1	SRI-AS1	lncRNA	1	448	477	0.0985	0.0244	0.0264
ENSG00000254004.7	ZNF260	protein_coding	2196	1058	1141	22.3542	5.5436	5.9939
ENSG00000254006.5	AC104232.1	lncRNA	0	0	0	0.0000	0.0000	0.0000
ENSG00000254007.2	AC084768.1	lncRNA	0	0	0	0.0000	0.0000	0.0000
ENSG00000254008.1	LINC00051	lncRNA	0	0	0	0.0000	0.0000	0.0000
ENSG00000254009.1	IGKV2D-38	IG_V_pseudogene	0	0	0	0.0000	0.0000	0.0000
ENSG00000254011.1	AC011333.1	lncRNA	0	0	0	0.0000	0.0000	0.0000
ENSG00000254012.1	RPL10P8	processed_pseudogene	2	1	1	0.3624	0.0899	0.0972
ENSG00000254013.1	MAP2K1P1	processed_pseudogene	0	0	0	0.0000	0.0000	0.0000
ENSG00000254014.1	AC009902.1	processed_pseudogene	0	0	0	0.0000	0.0000	0.0000
ENSG00000254015.1	MTND4LP26	processed_pseudogene	0	0	0	0.0000	0.0000	0.0000
ENSG00000254016.3	ALG1L10P	unprocessed_pseudogene	8	8	9	1.0551	0.2616	0.2829
ENSG00000254017.1	IGHEP2	IG_C_pseudogene	1	0	1	0.0452	0.0112	0.0121
ENSG00000254019.1	AC011676.2	lncRNA	1	11	6	0.0971	0.0241	0.0260
ENSG00000254020.1	AC104211.2	lncRNA	0	0	0	0.0000	0.0000	0.0000
ENSG00000254021.1	AC027031.1	lncRNA	0	0	0	0.0000	0.0000	0.0000
ENSG00000254023.1	PKMP4	processed_pseudogene	1	1	0	0.1853	0.0460	0.0497
ENSG00000254024.1	AP001207.3	lncRNA	21	27	30	2.4255	0.6015	0.6504
ENSG00000254025.1	BRIX1P1	processed_pseudogene	0	0	0	0.0000	0.0000	0.0000
ENSG00000254026.1	AC015468.2	lncRNA	0	0	0	0.0000	0.0000	0.0000
ENSG00000254027.1	AC009902.2	lncRNA	3	130	142	0.2427	0.0602	0.0651
ENSG00000254028.1	AC083843.1	lncRNA	12	6	6	0.8016	0.1988	0.2149
ENSG00000254029.1	IGLC4	IG_C_pseudogene	0	0	0	0.0000	0.0000	0.0000
ENSG00000254030.1	IGLC5	IG_C_pseudogene	0	0	0	0.0000	0.0000	0.0000
ENSG00000254031.6	AC022858.1	lncRNA	0	0	0	0.0000	0.0000	0.0000
ENSG00000254033.1	AC087855.1	lncRNA	0	0	0	0.0000	0.0000	0.0000
ENSG00000254034.2	INTS9-AS1	lncRNA	3	2	1	0.0648	0.0161	0.0174
ENSG00000254035.1	AC104117.3	lncRNA	17	8	9	1.4304	0.3547	0.3835
ENSG00000254036.1	IGHVIII-67-2	IG_V_pseudogene	0	0	0	0.0000	0.0000	0.0000
ENSG00000254037.2	AC021733.3	processed_pseudogene	1	1	0	0.1141	0.0283	0.0306
ENSG00000254038.1	AC092818.1	lncRNA	0	0	0	0.0000	0.0000	0.0000
ENSG00000254039.1	AC027801.4	lncRNA	3	1	2	0.4307	0.1068	0.1155
ENSG00000254040.2	AC103719.1	lncRNA	5	1	4	0.1481	0.0367	0.0397
ENSG00000254041.1	AC021546.1	lncRNA	4	2	2	0.2200	0.0546	0.0590
ENSG00000254042.2	SLIT3-AS2	lncRNA	32	645	596	0.3437	0.0852	0.0922
ENSG00000254043.1	AC011632.2	lncRNA	0	0	0	0.0000	0.0000	0.0000
ENSG00000254044.5	AC034154.1	lncRNA	1	0	1	0.0736	0.0183	0.0197
ENSG00000254045.1	IGHVIII-22-2	IG_V_pseudogene	0	0	0	0.0000	0.0000	0.0000
ENSG00000254046.1	IGHV1-17	IG_V_pseudogene	2	2	0	0.3396	0.0842	0.0911
ENSG00000254047.2	AC025437.6	processed_pseudogene	0	0	0	0.0000	0.0000	0.0000
ENSG00000254048.1	AC105150.1	lncRNA	0	0	0	0.0000	0.0000	0.0000
ENSG00000254049.2	NRG1-IT3	lncRNA	0	0	0	0.0000	0.0000	0.0000
ENSG00000254050.1	AC018861.2	lncRNA	0	0	0	0.0000	0.0000	0.0000
ENSG00000254051.1	AC011853.1	processed_pseudogene	0	0	0	0.0000	0.0000	0.0000
ENSG00000254052.1	IGHVIII-67-4	IG_V_pseudogene	0	0	0	0.0000	0.0000	0.0000
ENSG00000254053.1	IGHVIII-5-2	IG_V_pseudogene	0	0	0	0.0000	0.0000	0.0000
ENSG00000254054.3	AC087273.2	lncRNA	2	1	1	0.0773	0.0192	0.0207
ENSG00000254055.2	AC009597.1	lncRNA	0	0	0	0.0000	0.0000	0.0000
ENSG00000254056.1	IGHV3-71	IG_V_pseudogene	3	1	2	0.4739	0.1175	0.1271
ENSG00000254057.1	AC084346.1	lncRNA	4	1	3	0.4296	0.1065	0.1152
ENSG00000254060.1	AC022778.1	lncRNA	0	0	0	0.0000	0.0000	0.0000
ENSG00000254061.1	AC091144.2	processed_pseudogene	1	1	0	0.1310	0.0325	0.0351
ENSG00000254063.2	DUXAP2	unprocessed_pseudogene	0	0	0	0.0000	0.0000	0.0000
ENSG00000254064.1	AC105206.2	lncRNA	13	10	11	1.4315	0.3550	0.3838
ENSG00000254065.1	AC024451.3	processed_pseudogene	1	1	0	0.1225	0.0304	0.0328
ENSG00000254066.2	LINC01938	lncRNA	0	0	0	0.0000	0.0000	0.0000
ENSG00000254067.2	AC123767.1	transcribed_unitary_pseudogene	0	0	0	0.0000	0.0000	0.0000
ENSG00000254069.2	AC134698.4	processed_pseudogene	0	0	0	0.0000	0.0000	0.0000
ENSG00000254070.1	AC104576.1	processed_pseudogene	0	0	0	0.0000	0.0000	0.0000
ENSG00000254073.1	IGLVVII-41-1	IG_V_pseudogene	0	0	0	0.0000	0.0000	0.0000
ENSG00000254075.1	IGLVV-66	IG_V_pseudogene	0	0	0	0.0000	0.0000	0.0000
ENSG00000254076.1	AC110053.1	processed_pseudogene	0	0	0	0.0000	0.0000	0.0000
ENSG00000254077.1	IGLV3-7	IG_V_pseudogene	0	0	0	0.0000	0.0000	0.0000
ENSG00000254079.1	SRSF3P2	processed_pseudogene	0	0	0	0.0000	0.0000	0.0000
ENSG00000254080.1	AC115837.1	lncRNA	12	8	4	1.0052	0.2493	0.2695
ENSG00000254081.2	LINC01299	lncRNA	0	0	0	0.0000	0.0000	0.0000
ENSG00000254083.6	LINC01591	lncRNA	0	0	0	0.0000	0.0000	0.0000
ENSG00000254084.1	AP001208.1	lncRNA	1	0	1	0.0981	0.0243	0.0263
ENSG00000254086.1	AC131254.3	lncRNA	0	0	0	0.0000	0.0000	0.0000
ENSG00000254087.8	LYN	protein_coding	2911	1440	1471	26.7818	6.6416	7.1811
ENSG00000254088.1	SLC2A3P4	processed_pseudogene	10	5	9	0.3855	0.0956	0.1034
ENSG00000254089.2	AC016885.2	lncRNA	0	0	0	0.0000	0.0000	0.0000
ENSG00000254090.1	MTND2P32	processed_pseudogene	0	0	0	0.0000	0.0000	0.0000
ENSG00000254091.2	AC022784.4	processed_pseudogene	0	0	0	0.0000	0.0000	0.0000
ENSG00000254092.2	AC021613.1	lncRNA	1	1	0	0.0043	0.0011	0.0012
ENSG00000254093.9	PINX1	protein_coding	157	77	80	3.1753	0.7874	0.8514
ENSG00000254094.1	AC078852.2	lncRNA	0	0	0	0.0000	0.0000	0.0000
ENSG00000254095.1	AC068672.3	lncRNA	0	0	0	0.0000	0.0000	0.0000
ENSG00000254097.1	IGKV3D-25	IG_V_pseudogene	0	0	0	0.0000	0.0000	0.0000
ENSG00000254098.1	IGKV2-26	IG_V_pseudogene	0	0	0	0.0000	0.0000	0.0000
ENSG00000254099.1	AC005740.3	lncRNA	4	235	237	0.6594	0.1635	0.1768
ENSG00000254101.7	LINC02055	lncRNA	14	10	4	0.0311	0.0077	0.0083
ENSG00000254102.2	AC090136.3	lncRNA	7	9	13	0.1110	0.0275	0.0298
ENSG00000254103.1	PPIAP85	processed_pseudogene	0	0	0	0.0000	0.0000	0.0000
ENSG00000254104.2	AC136777.2	processed_pseudogene	0	0	0	0.0000	0.0000	0.0000
ENSG00000254105.1	VENTXP6	processed_pseudogene	0	0	0	0.0000	0.0000	0.0000
ENSG00000254106.1	LINC01848	lncRNA	0	0	0	0.0000	0.0000	0.0000
ENSG00000254109.6	RBPMS-AS1	lncRNA	22	95	120	0.8197	0.2033	0.2198
ENSG00000254111.3	AC124067.3	lncRNA	20	13	7	0.3117	0.0773	0.0836
ENSG00000254112.1	AP003467.2	processed_pseudogene	1	1	0	0.1778	0.0441	0.0477
ENSG00000254113.1	AC090193.1	lncRNA	0	0	0	0.0000	0.0000	0.0000
ENSG00000254114.1	HMGN1P28	processed_pseudogene	0	0	0	0.0000	0.0000	0.0000
ENSG00000254115.1	AC090572.3	lncRNA	2	2	0	0.1411	0.0350	0.0378
ENSG00000254118.1	MTCYBP20	processed_pseudogene	0	0	0	0.0000	0.0000	0.0000
ENSG00000254119.5	LINC02842	lncRNA	3	1	2	0.0539	0.0134	0.0145
ENSG00000254120.1	LINC02155	lncRNA	2	0	2	0.2787	0.0691	0.0747
ENSG00000254122.3	PCDHGB7	protein_coding	542	265	277	6.1944	1.5362	1.6609
ENSG00000254123.2	LINC02839	lncRNA	0	0	0	0.0000	0.0000	0.0000
ENSG00000254124.1	EEF1A1P37	processed_pseudogene	0	0	0	0.0000	0.0000	0.0000
ENSG00000254126.8	CD8B2	protein_coding	2	0	2	0.0220	0.0055	0.0059
ENSG00000254127.1	IGLCOR22-1	IG_C_pseudogene	0	0	0	0.0000	0.0000	0.0000
ENSG00000254129.1	AC108449.1	lncRNA	0	89	74	0.0000	0.0000	0.0000
ENSG00000254130.1	LINC01947	lncRNA	0	0	0	0.0000	0.0000	0.0000
ENSG00000254131.1	AC093367.1	processed_pseudogene	0	0	0	0.0000	0.0000	0.0000
ENSG00000254132.1	MTND6P3	processed_pseudogene	1	1	1	0.1046	0.0259	0.0281
ENSG00000254134.1	IGHVII-74-1	IG_V_pseudogene	0	0	0	0.0000	0.0000	0.0000
ENSG00000254135.3	AC091939.1	lncRNA	0	0	0	0.0000	0.0000	0.0000
ENSG00000254136.1	AC064807.3	lncRNA	0	0	0	0.0000	0.0000	0.0000
ENSG00000254138.1	AC113386.1	lncRNA	1	12	7	0.1488	0.0369	0.0399
ENSG00000254139.1	AC104051.2	lncRNA	4	3	1	0.0922	0.0229	0.0247
ENSG00000254141.1	AC103853.2	lncRNA	0	0	0	0.0000	0.0000	0.0000
ENSG00000254143.1	AC022733.1	lncRNA	19	7	12	2.0292	0.5032	0.5441
ENSG00000254145.1	AC134698.5	processed_pseudogene	0	0	0	0.0000	0.0000	0.0000
ENSG00000254146.1	HMGB1P46	processed_pseudogene	0	0	0	0.0000	0.0000	0.0000
ENSG00000254150.1	AC087664.3	processed_pseudogene	0	0	0	0.0000	0.0000	0.0000
ENSG00000254151.1	NIPA2P4	processed_pseudogene	0	0	0	0.0000	0.0000	0.0000
ENSG00000254152.1	PPIAP84	processed_pseudogene	2	2	0	0.2353	0.0584	0.0631
ENSG00000254153.1	AC103957.2	lncRNA	21	7	14	2.3351	0.5791	0.6261
ENSG00000254154.8	CRYZL2P-SEC16B	lncRNA	7	5	2	0.0506	0.0126	0.0136
ENSG00000254156.1	MTND6P20	transcribed_processed_pseudogene	0	0	0	0.0000	0.0000	0.0000
ENSG00000254157.1	IGKV2-18	IG_V_pseudogene	0	0	0	0.0000	0.0000	0.0000
ENSG00000254158.1	AC104117.4	processed_pseudogene	2	1	1	0.1339	0.0332	0.0359
ENSG00000254160.1	AC110288.1	lncRNA	0	0	0	0.0000	0.0000	0.0000
ENSG00000254161.1	IGLVIV-65	IG_V_pseudogene	0	0	0	0.0000	0.0000	0.0000
ENSG00000254162.1	AC009812.3	lncRNA	74	36	38	1.1143	0.2763	0.2988
ENSG00000254163.1	AC025434.1	lncRNA	1	0	1	0.1233	0.0306	0.0331
ENSG00000254164.1	AC008663.3	lncRNA	227	119	109	28.1688	6.9856	7.5530
ENSG00000254165.1	AC090739.1	lncRNA	45	23	22	3.6044	0.8939	0.9665
ENSG00000254166.3	CASC19	lncRNA	21	14	7	0.0536	0.0133	0.0144
ENSG00000254167.2	IGHV8-51-1	IG_V_gene	0	0	0	0.0000	0.0000	0.0000
ENSG00000254170.1	AC008802.1	processed_pseudogene	2	2	0	0.1434	0.0356	0.0384
ENSG00000254171.1	AC114321.1	lncRNA	1	0	1	0.1064	0.0264	0.0285
ENSG00000254172.1	RNU5A-3P	snRNA	0	0	0	0.0000	0.0000	0.0000
ENSG00000254174.1	IGHV1-12	IG_V_pseudogene	5	1	4	1.3832	0.3430	0.3709
ENSG00000254175.1	IGLVI-42	IG_V_pseudogene	0	0	0	0.0000	0.0000	0.0000
ENSG00000254176.1	IGHV3-75	IG_V_pseudogene	2	1	1	0.3168	0.0786	0.0849
ENSG00000254177.1	AC079209.2	lncRNA	0	0	0	0.0000	0.0000	0.0000
ENSG00000254178.1	AC090103.1	lncRNA	0	0	0	0.0000	0.0000	0.0000
ENSG00000254180.2	AC004083.1	lncRNA	0	0	0	0.0000	0.0000	0.0000
ENSG00000254181.1	SLC25A51P3	processed_pseudogene	0	0	0	0.0000	0.0000	0.0000
ENSG00000254182.1	AC106038.2	processed_pseudogene	0	0	0	0.0000	0.0000	0.0000
ENSG00000254183.1	AC104417.1	processed_pseudogene	0	0	0	0.0000	0.0000	0.0000
ENSG00000254185.1	MAPK6P5	processed_pseudogene	0	0	0	0.0000	0.0000	0.0000
ENSG00000254186.3	AC113414.1	lncRNA	2	1	1	0.0126	0.0031	0.0034
ENSG00000254187.1	AC008708.2	lncRNA	0	0	0	0.0000	0.0000	0.0000
ENSG00000254189.1	AC090095.1	processed_pseudogene	0	0	0	0.0000	0.0000	0.0000
ENSG00000254190.1	AC023632.3	processed_pseudogene	0	0	0	0.0000	0.0000	0.0000
ENSG00000254192.1	AC011365.1	lncRNA	17	741	743	1.1902	0.2952	0.3191
ENSG00000254193.1	AC131281.2	processed_pseudogene	0	0	0	0.0000	0.0000	0.0000
ENSG00000254194.5	AF279873.4	lncRNA	0	0	0	0.0000	0.0000	0.0000
ENSG00000254195.1	TPM3P3	processed_pseudogene	0	0	0	0.0000	0.0000	0.0000
ENSG00000254197.1	AC011676.3	lncRNA	0	0	0	0.0000	0.0000	0.0000
ENSG00000254198.1	AC113191.1	processed_pseudogene	0	95	101	0.0000	0.0000	0.0000
ENSG00000254200.1	RPL7AP33	processed_pseudogene	1	1	0	0.0964	0.0239	0.0259
ENSG00000254201.1	AC068880.3	lncRNA	0	0	0	0.0000	0.0000	0.0000
ENSG00000254202.2	AC015522.1	lncRNA	0	0	0	0.0000	0.0000	0.0000
ENSG00000254203.1	IGHVII-33-1	IG_V_pseudogene	0	0	0	0.0000	0.0000	0.0000
ENSG00000254204.1	AC022034.4	lncRNA	0	10	14	0.0000	0.0000	0.0000
ENSG00000254205.1	AC009686.1	lncRNA	1	0	1	0.1558	0.0386	0.0418
ENSG00000254206.5	NPIPB11	protein_coding	16	6	10	0.2063	0.0512	0.0553
ENSG00000254207.1	AC100797.1	lncRNA	0	0	0	0.0000	0.0000	0.0000
ENSG00000254208.1	AC011773.1	lncRNA	0	42	42	0.0000	0.0000	0.0000
ENSG00000254209.2	LINC02855	lncRNA	0	0	0	0.0000	0.0000	0.0000
ENSG00000254211.6	LINC01485	lncRNA	6	5	1	0.0567	0.0141	0.0152
ENSG00000254212.1	AC009901.2	processed_pseudogene	0	0	0	0.0000	0.0000	0.0000
ENSG00000254213.2	PRXL2AP2	processed_pseudogene	3	2	1	0.2491	0.0618	0.0668
ENSG00000254215.1	IGHVIII-11-1	IG_V_pseudogene	0	0	0	0.0000	0.0000	0.0000
ENSG00000254216.1	AC107952.1	processed_pseudogene	0	0	0	0.0000	0.0000	0.0000
ENSG00000254219.1	AC087439.2	lncRNA	0	0	0	0.0000	0.0000	0.0000
ENSG00000254220.1	IGKV2D-18	IG_V_pseudogene	0	0	0	0.0000	0.0000	0.0000
ENSG00000254221.2	PCDHGB1	protein_coding	36	27	35	0.4277	0.1061	0.1147
ENSG00000254222.1	AC023866.2	lncRNA	0	0	0	0.0000	0.0000	0.0000
ENSG00000254224.2	AP003465.1	lncRNA	31	1683	1776	1.1335	0.2811	0.3039
ENSG00000254225.1	BTF3P1	processed_pseudogene	0	0	0	0.0000	0.0000	0.0000
ENSG00000254226.6	LINC01933	lncRNA	14	5	10	0.1466	0.0364	0.0393
ENSG00000254227.1	AC024681.2	lncRNA	0	0	0	0.0000	0.0000	0.0000
ENSG00000254228.2	IGHV3-42	IG_V_pseudogene	0	0	0	0.0000	0.0000	0.0000
ENSG00000254229.2	FAM90A12P	unprocessed_pseudogene	0	0	0	0.0000	0.0000	0.0000
ENSG00000254230.1	AC037459.3	lncRNA	0	366	369	0.0000	0.0000	0.0000
ENSG00000254231.3	AC103760.1	lncRNA	1446	711	735	15.0133	3.7231	4.0256
ENSG00000254233.1	LINC02365	lncRNA	1	0	1	0.0447	0.0111	0.0120
ENSG00000254236.1	AP003550.1	lncRNA	0	254	244	0.0000	0.0000	0.0000
ENSG00000254237.6	AC021242.2	lncRNA	0	0	0	0.0000	0.0000	0.0000
ENSG00000254238.1	AC100782.1	lncRNA	3	100	106	0.2884	0.0715	0.0773
ENSG00000254239.1	AC002428.2	lncRNA	0	0	0	0.0000	0.0000	0.0000
ENSG00000254240.1	IGLVI-20	IG_V_pseudogene	0	0	0	0.0000	0.0000	0.0000
ENSG00000254241.1	MTCO1P47	processed_pseudogene	0	0	0	0.0000	0.0000	0.0000
ENSG00000254242.2	AC100849.2	lncRNA	4	1	3	0.0886	0.0220	0.0237
ENSG00000254244.1	PAICSP4	processed_pseudogene	3	1	2	0.1358	0.0337	0.0364
ENSG00000254245.3	PCDHGA3	protein_coding	46	28	18	0.5354	0.1328	0.1436
ENSG00000254246.1	AC011377.1	lncRNA	1	0	1	0.2062	0.0511	0.0553
ENSG00000254247.1	AC107953.1	processed_pseudogene	0	0	0	0.0000	0.0000	0.0000
ENSG00000254248.1	AC068189.1	lncRNA	18	10	8	1.2856	0.3188	0.3447
ENSG00000254249.1	AC100871.2	lncRNA	0	0	0	0.0000	0.0000	0.0000
ENSG00000254251.1	AC103770.1	lncRNA	0	0	0	0.0000	0.0000	0.0000
ENSG00000254252.1	RPL7P20	processed_pseudogene	0	0	0	0.0000	0.0000	0.0000
ENSG00000254253.1	NACAP10	processed_pseudogene	0	0	0	0.0000	0.0000	0.0000
ENSG00000254254.6	AC012349.1	lncRNA	2	4	5	0.0147	0.0036	0.0039
ENSG00000254255.1	AC060788.1	processed_pseudogene	0	0	0	0.0000	0.0000	0.0000
ENSG00000254256.1	RPSAP71	processed_pseudogene	0	0	0	0.0000	0.0000	0.0000
ENSG00000254258.1	AC087354.1	lncRNA	1	1	0	0.0547	0.0136	0.0147
ENSG00000254260.1	AC015468.3	lncRNA	0	0	0	0.0000	0.0000	0.0000
ENSG00000254261.1	AL451137.2	lncRNA	0	0	0	0.0000	0.0000	0.0000
ENSG00000254263.1	AC022973.4	lncRNA	7	4	3	0.8500	0.2108	0.2279
ENSG00000254264.2	IGKV3OR22-2	IG_V_pseudogene	0	0	0	0.0000	0.0000	0.0000
ENSG00000254265.1	AC100810.2	processed_pseudogene	0	0	0	0.0000	0.0000	0.0000
ENSG00000254266.6	PKIA-AS1	lncRNA	0	0	0	0.0000	0.0000	0.0000
ENSG00000254268.1	RFPL4AP7	processed_pseudogene	0	0	0	0.0000	0.0000	0.0000
ENSG00000254270.1	ERHP1	processed_pseudogene	0	0	0	0.0000	0.0000	0.0000
ENSG00000254271.1	ANK3-DT	lncRNA	16	9	7	2.0907	0.5185	0.5606
ENSG00000254272.1	BTF3P3	processed_pseudogene	1	1	0	0.1370	0.0340	0.0367
ENSG00000254273.1	AC018620.1	processed_pseudogene	9	4	5	1.3467	0.3340	0.3611
ENSG00000254274.1	TDGF1P5	processed_pseudogene	2	1	1	0.2504	0.0621	0.0671
ENSG00000254275.6	LINC00824	lncRNA	0	0	0	0.0000	0.0000	0.0000
ENSG00000254277.1	AC009446.1	lncRNA	0	0	0	0.0000	0.0000	0.0000
ENSG00000254278.1	AC107953.2	lncRNA	0	0	0	0.0000	0.0000	0.0000
ENSG00000254279.1	IGHVII-1-1	IG_V_pseudogene	0	0	0	0.0000	0.0000	0.0000
ENSG00000254283.1	AC023632.4	processed_pseudogene	0	0	0	0.0000	0.0000	0.0000
ENSG00000254285.3	KRT8P3	processed_pseudogene	128	88	45	5.0096	1.2423	1.3432
ENSG00000254287.1	AC007991.4	lncRNA	1	20	16	0.0937	0.0232	0.0251
ENSG00000254288.1	AC087672.2	lncRNA	5	4	1	0.3842	0.0953	0.1030
ENSG00000254289.2	IGHV3-32	IG_V_pseudogene	0	0	0	0.0000	0.0000	0.0000
ENSG00000254290.1	AC124067.4	lncRNA	453	241	212	10.7985	2.6779	2.8954
ENSG00000254291.1	AC011676.4	lncRNA	0	0	0	0.0000	0.0000	0.0000
ENSG00000254292.1	IGKV2D-14	IG_V_pseudogene	0	0	0	0.0000	0.0000	0.0000
ENSG00000254293.1	AC026688.2	lncRNA	0	0	0	0.0000	0.0000	0.0000
ENSG00000254294.1	IMPDH1P6	processed_pseudogene	1	0	2	0.0375	0.0093	0.0100
ENSG00000254295.1	AC008429.3	lncRNA	0	11	16	0.0000	0.0000	0.0000
ENSG00000254297.1	AC091820.1	lncRNA	0	0	0	0.0000	0.0000	0.0000
ENSG00000254298.1	AC008641.1	lncRNA	0	0	0	0.0000	0.0000	0.0000
ENSG00000254299.3	LINC01944	lncRNA	1	1	0	0.0254	0.0063	0.0068
ENSG00000254300.1	LINC01111	lncRNA	0	0	0	0.0000	0.0000	0.0000
ENSG00000254302.2	AC087855.2	lncRNA	0	0	0	0.0000	0.0000	0.0000
ENSG00000254303.1	AC037486.1	lncRNA	0	0	0	0.0000	0.0000	0.0000
ENSG00000254305.1	MRPL9P1	transcribed_processed_pseudogene	0	0	0	0.0000	0.0000	0.0000
ENSG00000254306.1	AC137579.2	lncRNA	0	0	0	0.0000	0.0000	0.0000
ENSG00000254307.2	AP003692.1	lncRNA	0	670	710	0.0000	0.0000	0.0000
ENSG00000254308.1	IGLVIV-59	IG_V_pseudogene	0	0	0	0.0000	0.0000	0.0000
ENSG00000254309.1	AC124290.3	processed_pseudogene	0	0	0	0.0000	0.0000	0.0000
ENSG00000254310.1	AC025755.1	processed_pseudogene	0	0	0	0.0000	0.0000	0.0000
ENSG00000254311.1	SNRPCP17	processed_pseudogene	0	0	0	0.0000	0.0000	0.0000
ENSG00000254312.1	MRPL57P7	processed_pseudogene	0	0	0	0.0000	0.0000	0.0000
ENSG00000254313.1	AC090821.3	processed_pseudogene	0	0	0	0.0000	0.0000	0.0000
ENSG00000254314.1	AC021915.2	lncRNA	0	0	0	0.0000	0.0000	0.0000
ENSG00000254315.1	AC023632.5	lncRNA	3	2	1	0.3465	0.0859	0.0929
ENSG00000254316.1	AC090820.1	processed_pseudogene	0	0	0	0.0000	0.0000	0.0000
ENSG00000254317.1	AC022973.5	lncRNA	39	162	172	2.4119	0.5981	0.6467
ENSG00000254319.6	AC246817.2	lncRNA	13	4	9	0.0712	0.0177	0.0191
ENSG00000254320.1	AP006245.2	processed_pseudogene	0	0	0	0.0000	0.0000	0.0000
ENSG00000254321.2	AC016813.1	lncRNA	2	1	1	0.0479	0.0119	0.0128
ENSG00000254324.3	MIR151A	miRNA	0	0	0	0.0000	0.0000	0.0000
ENSG00000254325.2	AC018607.1	lncRNA	1	0	1	0.0843	0.0209	0.0226
ENSG00000254326.1	IGHV7-27	IG_V_pseudogene	3	1	2	0.5155	0.1279	0.1382
ENSG00000254328.1	AC008429.4	processed_pseudogene	0	0	0	0.0000	0.0000	0.0000
ENSG00000254329.1	IGHVII-60-1	IG_V_pseudogene	0	0	0	0.0000	0.0000	0.0000
ENSG00000254330.1	AC104232.2	lncRNA	0	0	0	0.0000	0.0000	0.0000
ENSG00000254331.1	CKS1BP7	processed_pseudogene	0	0	0	0.0000	0.0000	0.0000
ENSG00000254332.1	AF201337.1	processed_pseudogene	126	70	56	9.5527	2.3690	2.5614
ENSG00000254333.1	NDST1-AS1	lncRNA	3	4	7	0.4623	0.1146	0.1240
ENSG00000254334.2	AC021355.1	lncRNA	0	0	0	0.0000	0.0000	0.0000
ENSG00000254335.1	CDH12P1	unprocessed_pseudogene	0	0	0	0.0000	0.0000	0.0000
ENSG00000254336.1	AC008694.2	processed_pseudogene	0	0	0	0.0000	0.0000	0.0000
ENSG00000254337.2	AC083967.1	lncRNA	12	8	4	0.7804	0.1935	0.2093
ENSG00000254338.1	MAFA-AS1	lncRNA	7	5	2	0.9520	0.2361	0.2553
ENSG00000254339.5	AC064802.1	lncRNA	1	1	0	0.0476	0.0118	0.0128
ENSG00000254340.2	AC022784.5	lncRNA	27	102	89	2.1296	0.5281	0.5710
ENSG00000254341.2	SNORD87	snoRNA	0	0	0	0.0000	0.0000	0.0000
ENSG00000254342.1	AC022616.6	processed_pseudogene	0	0	0	0.0000	0.0000	0.0000
ENSG00000254343.2	AC091563.1	lncRNA	214	101	113	16.1382	4.0021	4.3272
ENSG00000254344.3	LINC01288	lncRNA	0	0	0	0.0000	0.0000	0.0000
ENSG00000254345.1	IGKV2D-23	IG_V_pseudogene	0	0	0	0.0000	0.0000	0.0000
ENSG00000254346.2	MTND1P6	processed_pseudogene	0	0	0	0.0000	0.0000	0.0000
ENSG00000254347.1	AC011131.1	lncRNA	0	0	0	0.0000	0.0000	0.0000
ENSG00000254348.1	AC120036.3	processed_pseudogene	27	18	9	5.9811	1.4833	1.6037
ENSG00000254349.6	MIR2052HG	lncRNA	123	64	59	1.0205	0.2531	0.2736
ENSG00000254350.1	AC091979.1	lncRNA	1	0	1	0.0803	0.0199	0.0215
ENSG00000254351.1	ARL2BPP5	processed_pseudogene	0	0	0	0.0000	0.0000	0.0000
ENSG00000254352.1	AC100854.1	processed_pseudogene	19	10	9	3.1598	0.7836	0.8472
ENSG00000254355.1	IGLVI-68	IG_V_pseudogene	0	0	0	0.0000	0.0000	0.0000
ENSG00000254357.1	AC090200.1	lncRNA	0	0	0	0.0000	0.0000	0.0000
ENSG00000254358.1	CYCSP22	processed_pseudogene	0	0	0	0.0000	0.0000	0.0000
ENSG00000254361.2	AC046195.2	lncRNA	0	0	0	0.0000	0.0000	0.0000
ENSG00000254362.1	AC011726.2	lncRNA	2	2	0	0.1997	0.0495	0.0535
ENSG00000254363.6	AC011379.2	lncRNA	126	62	64	1.1638	0.2886	0.3120
ENSG00000254364.1	AP000424.2	lncRNA	4	3	1	0.9736	0.2414	0.2610
ENSG00000254365.1	AC091820.2	lncRNA	0	0	0	0.0000	0.0000	0.0000
ENSG00000254366.7	AC062004.1	lncRNA	21	11	10	0.6836	0.1695	0.1833
ENSG00000254367.5	AC087269.1	lncRNA	0	0	0	0.0000	0.0000	0.0000
ENSG00000254369.6	HOXA-AS3	lncRNA	13	111	98	0.1236	0.0306	0.0331
ENSG00000254370.1	AC025871.2	lncRNA	0	0	0	0.0000	0.0000	0.0000
ENSG00000254372.1	AC040914.1	lncRNA	0	0	0	0.0000	0.0000	0.0000
ENSG00000254373.1	AC112191.2	processed_pseudogene	0	0	0	0.0000	0.0000	0.0000
ENSG00000254376.2	SOX5P1	processed_pseudogene	0	0	0	0.0000	0.0000	0.0000
ENSG00000254377.6	MIR124-2HG	lncRNA	0	0	0	0.0000	0.0000	0.0000
ENSG00000254380.2	AC084734.1	lncRNA	0	0	0	0.0000	0.0000	0.0000
ENSG00000254381.3	TUBB8P5	unprocessed_pseudogene	0	0	0	0.0000	0.0000	0.0000
ENSG00000254383.1	AC048387.1	lncRNA	0	0	0	0.0000	0.0000	0.0000
ENSG00000254384.1	MTND6P19	unprocessed_pseudogene	0	0	0	0.0000	0.0000	0.0000
ENSG00000254387.1	MYL12AP1	processed_pseudogene	1	1	0	0.1101	0.0273	0.0295
ENSG00000254388.1	DUTP2	processed_pseudogene	0	0	0	0.0000	0.0000	0.0000
ENSG00000254389.3	RHPN1-AS1	lncRNA	196	86	111	5.7952	1.4371	1.5539
ENSG00000254391.1	AC011363.1	lncRNA	0	0	0	0.0000	0.0000	0.0000
ENSG00000254392.1	AC090539.2	processed_pseudogene	0	0	0	0.0000	0.0000	0.0000
ENSG00000254394.2	AC060765.2	lncRNA	1	1	0	0.0116	0.0029	0.0031
ENSG00000254395.1	IGHV4-55	IG_V_pseudogene	10	5	5	1.5410	0.3822	0.4132
ENSG00000254396.1	AL355432.1	lncRNA	4	4	0	0.4022	0.0997	0.1078
ENSG00000254397.1	AC132192.1	lncRNA	8	5	4	0.7599	0.1885	0.2038
ENSG00000254398.1	AC055876.2	unprocessed_pseudogene	1	4	2	0.1039	0.0258	0.0278
ENSG00000254399.2	GLYATL1P4	unprocessed_pseudogene	0	0	1	0.0000	0.0000	0.0000
ENSG00000254400.1	AC091564.2	lncRNA	0	132	179	0.0000	0.0000	0.0000
ENSG00000254401.2	LINC02752	lncRNA	6	3	3	0.1694	0.0420	0.0454
ENSG00000254402.7	LRRC24	protein_coding	0	248	297	0.0000	0.0000	0.0000
ENSG00000254403.1	OR10Y1P	unprocessed_pseudogene	0	0	0	0.0000	0.0000	0.0000
ENSG00000254404.1	AP003306.1	lncRNA	2	0	2	0.3213	0.0797	0.0862
ENSG00000254406.1	AP001994.1	processed_pseudogene	1	0	1	0.0687	0.0170	0.0184
ENSG00000254407.1	PHBP17	processed_pseudogene	0	0	0	0.0000	0.0000	0.0000
ENSG00000254408.1	OR4A1P	unprocessed_pseudogene	0	0	0	0.0000	0.0000	0.0000
ENSG00000254409.3	AC087521.3	lncRNA	12	8	5	0.5954	0.1476	0.1596
ENSG00000254411.1	AP002512.1	processed_pseudogene	0	0	0	0.0000	0.0000	0.0000
ENSG00000254412.1	AC118273.1	processed_pseudogene	0	0	0	0.0000	0.0000	0.0000
ENSG00000254413.8	CHKB-CPT1B	protein_coding	6	4	3	0.0678	0.0168	0.0182
ENSG00000254415.3	SIGLEC14	protein_coding	203	108	95	5.5294	1.3712	1.4826
ENSG00000254416.6	LINC02732	lncRNA	1	1	0	0.0244	0.0061	0.0065
ENSG00000254417.1	LINC02584	lncRNA	12	7	6	0.6778	0.1681	0.1817
ENSG00000254418.1	SPON1-AS1	lncRNA	2	448	447	0.4726	0.1172	0.1267
ENSG00000254419.1	AL139349.1	lncRNA	18	6	12	1.7691	0.4387	0.4744
ENSG00000254420.1	AP003086.1	lncRNA	5	109	117	0.6489	0.1609	0.1740
ENSG00000254422.1	AP000942.2	lncRNA	0	867	858	0.0000	0.0000	0.0000
ENSG00000254423.1	AC087203.1	processed_pseudogene	3	0	3	0.1441	0.0357	0.0386
ENSG00000254424.1	AP003733.2	processed_pseudogene	0	0	0	0.0000	0.0000	0.0000
ENSG00000254425.1	AC022690.1	processed_pseudogene	0	0	0	0.0000	0.0000	0.0000
ENSG00000254427.2	LINC02696	lncRNA	2	2	1	0.0220	0.0054	0.0059
ENSG00000254428.1	AP003392.1	lncRNA	25	15	10	2.7108	0.6723	0.7269
ENSG00000254429.1	AP001972.1	lncRNA	0	118	124	0.0000	0.0000	0.0000
ENSG00000254430.1	OR6M3P	unprocessed_pseudogene	0	0	0	0.0000	0.0000	0.0000
ENSG00000254431.1	AC084083.1	lncRNA	4	4	0	0.3142	0.0779	0.0842
ENSG00000254432.1	AC113143.1	lncRNA	0	0	0	0.0000	0.0000	0.0000
ENSG00000254433.1	AP001001.1	lncRNA	20	265	247	0.9095	0.2256	0.2439
ENSG00000254434.1	AP006295.1	lncRNA	0	0	0	0.0000	0.0000	0.0000
ENSG00000254436.1	AP000648.2	processed_pseudogene	0	0	0	0.0000	0.0000	0.0000
ENSG00000254437.1	AP003398.1	processed_pseudogene	0	0	0	0.0000	0.0000	0.0000
ENSG00000254438.1	LINC02683	lncRNA	0	0	0	0.0000	0.0000	0.0000
ENSG00000254440.3	PBOV1	protein_coding	6	2	4	0.1358	0.0337	0.0364
ENSG00000254441.1	EIF2S2P6	processed_pseudogene	3	0	3	0.1859	0.0461	0.0499
ENSG00000254442.1	AP000859.1	processed_pseudogene	0	0	0	0.0000	0.0000	0.0000
ENSG00000254443.1	AC068733.1	lncRNA	0	0	0	0.0000	0.0000	0.0000
ENSG00000254444.1	AC022762.1	lncRNA	1	1	2	0.0695	0.0172	0.0186
ENSG00000254445.1	HSPB2-C11orf52	protein_coding	0	0	0	0.0000	0.0000	0.0000
ENSG00000254447.3	OR7E11P	lncRNA	0	0	0	0.0000	0.0000	0.0000
ENSG00000254449.1	SF3A3P2	processed_pseudogene	0	0	0	0.0000	0.0000	0.0000
ENSG00000254450.1	ALG9-IT1	lncRNA	2	1	1	0.1658	0.0411	0.0445
ENSG00000254451.2	CAPS2-AS1	lncRNA	0	0	1	0.0000	0.0000	0.0000
ENSG00000254452.1	AP001107.2	lncRNA	0	5271	5016	0.0000	0.0000	0.0000
ENSG00000254453.1	NAV2-AS2	lncRNA	3	82	79	0.2176	0.0540	0.0583
ENSG00000254454.2	RCC2P6	processed_pseudogene	2	0	3	0.0728	0.0181	0.0195
ENSG00000254455.1	HIGD1AP10	processed_pseudogene	0	0	0	0.0000	0.0000	0.0000
ENSG00000254456.6	LINC02699	lncRNA	0	0	0	0.0000	0.0000	0.0000
ENSG00000254457.3	OR5D2P	unprocessed_pseudogene	0	0	0	0.0000	0.0000	0.0000
ENSG00000254458.1	AP001107.3	lncRNA	1	0	1	0.1042	0.0259	0.0280
ENSG00000254459.1	AP002812.2	lncRNA	9	85	71	0.8725	0.2164	0.2339
ENSG00000254460.1	AP002815.1	lncRNA	1	0	1	0.1469	0.0364	0.0394
ENSG00000254461.1	AP001107.4	lncRNA	56	303	323	5.8919	1.4611	1.5798
ENSG00000254463.1	PPIAP41	processed_pseudogene	6	3	3	0.7089	0.1758	0.1901
ENSG00000254464.1	OR4A3P	unprocessed_pseudogene	0	0	0	0.0000	0.0000	0.0000
ENSG00000254465.1	THAP12P4	processed_pseudogene	0	0	0	0.0000	0.0000	0.0000
ENSG00000254466.2	OR4D10	protein_coding	0	0	0	0.0000	0.0000	0.0000
ENSG00000254467.2	AP002765.1	lncRNA	0	0	0	0.0000	0.0000	0.0000
ENSG00000254468.2	AC069287.1	lncRNA	0	0	0	0.0000	0.0000	0.0000
ENSG00000254469.7	AP002495.1	protein_coding	62	42	25	0.9630	0.2388	0.2582
ENSG00000254470.3	AP5B1	protein_coding	3791	1899	1895	30.8005	7.6382	8.2586
ENSG00000254471.1	AP001284.1	processed_pseudogene	1	1	0	0.0268	0.0066	0.0072
ENSG00000254472.1	OR4A49P	unprocessed_pseudogene	0	0	0	0.0000	0.0000	0.0000
ENSG00000254473.1	AL354920.1	lncRNA	112	124	118	5.6010	1.3890	1.5018
ENSG00000254475.1	OR2AT1P	unprocessed_pseudogene	0	0	0	0.0000	0.0000	0.0000
ENSG00000254477.2	AP000640.1	lncRNA	19	8	11	0.5492	0.1362	0.1473
ENSG00000254478.1	AP004609.2	processed_pseudogene	0	0	0	0.0000	0.0000	0.0000
ENSG00000254479.1	SLC25A1P1	processed_pseudogene	3	3	0	0.1835	0.0455	0.0492
ENSG00000254480.2	LINC02749	lncRNA	4	1	3	0.3159	0.0783	0.0847
ENSG00000254481.1	PTP4A2P2	processed_pseudogene	18	5	13	2.0334	0.5043	0.5452
ENSG00000254482.1	AP003102.1	processed_pseudogene	0	0	0	0.0000	0.0000	0.0000
ENSG00000254483.1	SUGT1P4	unprocessed_pseudogene	0	0	0	0.0000	0.0000	0.0000
ENSG00000254484.1	AP002336.1	lncRNA	0	0	0	0.0000	0.0000	0.0000
ENSG00000254485.5	AC026191.1	lncRNA	19	115	108	0.6534	0.1620	0.1752
ENSG00000254486.1	LINC02547	lncRNA	3	2	1	0.0514	0.0128	0.0138
ENSG00000254487.2	AC130364.1	unprocessed_pseudogene	0	0	0	0.0000	0.0000	0.0000
ENSG00000254488.1	AC007876.1	lncRNA	0	0	0	0.0000	0.0000	0.0000
ENSG00000254489.2	MPPED2-AS1	lncRNA	3	3	2	0.0570	0.0141	0.0153
ENSG00000254490.1	OR5M7P	unprocessed_pseudogene	0	0	0	0.0000	0.0000	0.0000
ENSG00000254491.1	AC022832.1	processed_pseudogene	0	0	0	0.0000	0.0000	0.0000
ENSG00000254492.1	AP001328.1	processed_pseudogene	0	0	0	0.0000	0.0000	0.0000
ENSG00000254495.1	AP000487.2	lncRNA	5	4	1	0.7197	0.1785	0.1930
ENSG00000254496.1	CBX3P8	processed_pseudogene	0	0	0	0.0000	0.0000	0.0000
ENSG00000254497.1	AC103681.1	lncRNA	0	0	0	0.0000	0.0000	0.0000
ENSG00000254498.1	AC104042.1	processed_pseudogene	0	0	0	0.0000	0.0000	0.0000
ENSG00000254499.1	AC002056.2	lncRNA	0	0	0	0.0000	0.0000	0.0000
ENSG00000254500.1	RANP3	processed_pseudogene	1	1	0	0.2055	0.0510	0.0551
ENSG00000254501.1	AP003068.1	lncRNA	3	443	420	0.3127	0.0776	0.0839
ENSG00000254502.1	FNTAP1	processed_pseudogene	1	1	0	0.0500	0.0124	0.0134
ENSG00000254503.1	AC010319.1	processed_pseudogene	60	26	34	2.7048	0.6708	0.7252
ENSG00000254505.11	CHMP4A	protein_coding	37	15	22	0.8959	0.2222	0.2402
ENSG00000254506.1	AP003080.1	transcribed_processed_pseudogene	9	3	6	0.2153	0.0534	0.0577
ENSG00000254507.2	DEFB131E	transcribed_processed_pseudogene	8	3	5	0.6642	0.1647	0.1781
ENSG00000254508.5	FBXO3-DT	lncRNA	1	1	0	0.1469	0.0364	0.0394
ENSG00000254509.1	AP000866.3	processed_pseudogene	0	4	6	0.0000	0.0000	0.0000
ENSG00000254510.2	AP001107.5	lncRNA	44	26	18	1.8147	0.4500	0.4866
ENSG00000254511.1	AP002802.1	lncRNA	0	0	0	0.0000	0.0000	0.0000
ENSG00000254512.1	PHBP2	processed_pseudogene	0	0	0	0.0000	0.0000	0.0000
ENSG00000254514.1	AC103855.1	lncRNA	0	0	0	0.0000	0.0000	0.0000
ENSG00000254515.1	AP001124.1	processed_pseudogene	0	0	0	0.0000	0.0000	0.0000
ENSG00000254516.1	LINC02760	lncRNA	0	0	0	0.0000	0.0000	0.0000
ENSG00000254517.1	AC027369.2	unprocessed_pseudogene	0	0	0	0.0000	0.0000	0.0000
ENSG00000254518.1	LINC02750	lncRNA	0	0	0	0.0000	0.0000	0.0000
ENSG00000254519.5	AC044839.1	lncRNA	0	0	0	0.0000	0.0000	0.0000
ENSG00000254521.7	SIGLEC12	protein_coding	3	0	3	0.0726	0.0180	0.0195
ENSG00000254522.1	AP001767.1	processed_pseudogene	4	2	2	0.7931	0.1967	0.2127
ENSG00000254524.1	OR8I4P	unprocessed_pseudogene	0	0	0	0.0000	0.0000	0.0000
ENSG00000254526.1	AC090791.1	lncRNA	0	0	0	0.0000	0.0000	0.0000
ENSG00000254527.1	ENPP7P12	processed_pseudogene	1	1	0	0.0899	0.0223	0.0241
ENSG00000254528.7	AP000757.1	lncRNA	2	400	391	0.0775	0.0192	0.0208
ENSG00000254529.1	MRGPRX7P	unprocessed_pseudogene	0	0	0	0.0000	0.0000	0.0000
ENSG00000254530.2	LINC02755	lncRNA	0	0	0	0.0000	0.0000	0.0000
ENSG00000254531.1	FLJ20021	lncRNA	252	132	125	18.0898	4.4861	4.8505
ENSG00000254532.2	AL358944.1	lncRNA	0	0	0	0.0000	0.0000	0.0000
ENSG00000254533.1	AF186192.1	lncRNA	135	69	66	13.3843	3.3192	3.5888
ENSG00000254534.1	AP000776.1	unprocessed_pseudogene	0	0	0	0.0000	0.0000	0.0000
ENSG00000254535.4	PABPC4L	protein_coding	176	94	82	2.0022	0.4965	0.5369
ENSG00000254536.2	AL360181.3	protein_coding	18	6	12	0.3543	0.0879	0.0950
ENSG00000254537.1	AL137161.1	processed_pseudogene	0	0	0	0.0000	0.0000	0.0000
ENSG00000254538.1	AC027018.1	lncRNA	0	0	0	0.0000	0.0000	0.0000
ENSG00000254539.1	AC239804.1	lncRNA	0	0	0	0.0000	0.0000	0.0000
ENSG00000254540.1	AC040936.1	lncRNA	0	0	0	0.0000	0.0000	0.0000
ENSG00000254541.1	MRGPRX6P	unprocessed_pseudogene	0	0	0	0.0000	0.0000	0.0000
ENSG00000254542.1	NAV2-AS3	lncRNA	20	10	10	1.8967	0.4704	0.5086
ENSG00000254543.1	HSPD1P2	processed_pseudogene	0	0	0	0.0000	0.0000	0.0000
ENSG00000254544.1	PCNAP4	processed_pseudogene	0	0	0	0.0000	0.0000	0.0000
ENSG00000254545.1	AL354919.2	lncRNA	0	12	24	0.0000	0.0000	0.0000
ENSG00000254546.1	MRGPRX13P	processed_pseudogene	0	0	0	0.0000	0.0000	0.0000
ENSG00000254547.1	AC036111.1	unprocessed_pseudogene	0	0	0	0.0000	0.0000	0.0000
ENSG00000254548.1	AC105219.1	lncRNA	3	261	220	0.5690	0.1411	0.1526
ENSG00000254550.1	OMP	protein_coding	0	0	0	0.0000	0.0000	0.0000
ENSG00000254551.1	AP000873.3	lncRNA	1	40	58	0.0740	0.0184	0.0199
ENSG00000254552.1	XIRP2-AS1	lncRNA	0	0	0	0.0000	0.0000	0.0000
ENSG00000254553.1	AL033529.1	protein_coding	0	0	0	0.0000	0.0000	0.0000
ENSG00000254554.1	AC080023.1	lncRNA	10	4	7	0.7062	0.1751	0.1894
ENSG00000254555.1	AP003730.1	processed_pseudogene	0	0	0	0.0000	0.0000	0.0000
ENSG00000254556.1	AF131215.2	lncRNA	1	1	0	0.0332	0.0082	0.0089
ENSG00000254557.1	AC091047.1	lncRNA	0	0	0	0.0000	0.0000	0.0000
ENSG00000254558.1	AP005435.1	unprocessed_pseudogene	0	0	0	0.0000	0.0000	0.0000
ENSG00000254559.1	AC069287.2	lncRNA	0	1525	1474	0.0000	0.0000	0.0000
ENSG00000254560.6	BBOX1-AS1	lncRNA	25	12	13	1.0557	0.2618	0.2831
ENSG00000254561.4	AP003393.1	lncRNA	2	1	2	0.0186	0.0046	0.0050
ENSG00000254562.7	LINC01493	lncRNA	0	0	0	0.0000	0.0000	0.0000
ENSG00000254563.1	AP002768.1	lncRNA	0	0	0	0.0000	0.0000	0.0000
ENSG00000254564.1	AC100767.1	processed_pseudogene	0	0	0	0.0000	0.0000	0.0000
ENSG00000254565.1	MTND2P26	processed_pseudogene	0	0	0	0.0000	0.0000	0.0000
ENSG00000254566.1	AC087277.1	lncRNA	5	2	3	0.5300	0.1314	0.1421
ENSG00000254567.2	UBTFL9	processed_pseudogene	1	1	0	0.0494	0.0123	0.0132
ENSG00000254568.1	AP003501.1	lncRNA	0	60	51	0.0000	0.0000	0.0000
ENSG00000254569.1	AP002004.1	unprocessed_pseudogene	0	0	0	0.0000	0.0000	0.0000
ENSG00000254571.1	AL358937.1	lncRNA	0	56	47	0.0000	0.0000	0.0000
ENSG00000254572.2	GLULP3	processed_pseudogene	0	0	0	0.0000	0.0000	0.0000
ENSG00000254573.1	AP004550.1	lncRNA	0	0	0	0.0000	0.0000	0.0000
ENSG00000254574.1	AC105219.2	lncRNA	0	0	0	0.0000	0.0000	0.0000
ENSG00000254575.2	AC022039.1	lncRNA	0	0	0	0.0000	0.0000	0.0000
ENSG00000254576.2	OR4C1P	transcribed_unprocessed_pseudogene	0	0	0	0.0000	0.0000	0.0000
ENSG00000254577.1	AC087276.1	lncRNA	6	3	3	1.8593	0.4611	0.4986
ENSG00000254578.1	AC084125.1	lncRNA	0	830	823	0.0000	0.0000	0.0000
ENSG00000254579.2	AC090720.1	transcribed_processed_pseudogene	1	0	1	0.0149	0.0037	0.0040
ENSG00000254580.1	LINC02719	lncRNA	0	0	0	0.0000	0.0000	0.0000
ENSG00000254581.1	AC068587.1	processed_pseudogene	0	0	0	0.0000	0.0000	0.0000
ENSG00000254582.1	PSMA2P1	processed_pseudogene	1	0	1	0.0878	0.0218	0.0235
ENSG00000254583.1	AC021269.1	processed_pseudogene	0	0	0	0.0000	0.0000	0.0000
ENSG00000254584.2	AL035078.1	lncRNA	0	0	0	0.0000	0.0000	0.0000
ENSG00000254585.5	MAGEL2	protein_coding	179	88	91	2.3503	0.5829	0.6302
ENSG00000254586.2	AC124301.1	lncRNA	0	0	0	0.0000	0.0000	0.0000
ENSG00000254587.2	AP003066.1	lncRNA	0	0	0	0.0000	0.0000	0.0000
ENSG00000254588.1	ETS1-AS1	lncRNA	0	0	0	0.0000	0.0000	0.0000
ENSG00000254589.1	EIF4A2P3	processed_pseudogene	1	0	1	0.0538	0.0133	0.0144
ENSG00000254590.1	AP003396.2	processed_pseudogene	0	0	0	0.0000	0.0000	0.0000
ENSG00000254591.1	AP003532.1	processed_pseudogene	0	0	0	0.0000	0.0000	0.0000
ENSG00000254592.1	AC123788.1	lncRNA	0	0	0	0.0000	0.0000	0.0000
ENSG00000254593.1	OR7E126P	unprocessed_pseudogene	3	2	2	0.1916	0.0475	0.0514
ENSG00000254594.5	LINC02686	lncRNA	0	0	0	0.0000	0.0000	0.0000
ENSG00000254595.1	AC084337.1	processed_pseudogene	92	49	43	7.6054	1.8861	2.0393
ENSG00000254596.1	AP002748.3	processed_pseudogene	1	1	0	0.1630	0.0404	0.0437
ENSG00000254598.3	CSNK2A3	protein_coding	5	8	9	0.2166	0.0537	0.0581
ENSG00000254599.1	AP003715.1	lncRNA	0	0	0	0.0000	0.0000	0.0000
ENSG00000254601.1	CYCSP26	processed_pseudogene	0	0	0	0.0000	0.0000	0.0000
ENSG00000254602.2	AP000662.1	lncRNA	25	18	17	0.4399	0.1091	0.1179
ENSG00000254603.1	OR5M6P	unprocessed_pseudogene	0	0	0	0.0000	0.0000	0.0000
ENSG00000254604.1	AP002336.2	lncRNA	59	45	33	6.2076	1.5394	1.6645
ENSG00000254605.1	AP003555.1	lncRNA	48	27	22	4.0090	0.9942	1.0749
ENSG00000254606.1	AC013714.1	lncRNA	3	1	2	0.2278	0.0565	0.0611
ENSG00000254607.2	AP001783.1	lncRNA	1	0	1	0.1167	0.0289	0.0313
ENSG00000254609.1	AC136443.1	unprocessed_pseudogene	0	0	0	0.0000	0.0000	0.0000
ENSG00000254610.3	AC004923.1	transcribed_unprocessed_pseudogene	15	10	5	1.0962	0.2718	0.2939
ENSG00000254612.2	DNAJB6P1	processed_pseudogene	362	169	193	27.6671	6.8612	7.4185
ENSG00000254613.2	OR6M2P	transcribed_unprocessed_pseudogene	0	0	0	0.0000	0.0000	0.0000
ENSG00000254614.2	AP003068.2	lncRNA	118	101	98	3.7363	0.9266	1.0018
ENSG00000254615.3	AC027031.2	lncRNA	39	20	19	1.5553	0.3857	0.4170
ENSG00000254616.1	AP001775.1	processed_pseudogene	1	1	0	0.0968	0.0240	0.0259
ENSG00000254617.1	AP005435.2	unprocessed_pseudogene	0	0	0	0.0000	0.0000	0.0000
ENSG00000254618.1	TMED10P1	processed_pseudogene	0	68	58	0.0000	0.0000	0.0000
ENSG00000254619.1	AC113192.1	lncRNA	0	0	0	0.0000	0.0000	0.0000
ENSG00000254620.1	AL050327.1	lncRNA	0	0	0	0.0000	0.0000	0.0000
ENSG00000254621.1	SETP16	processed_pseudogene	0	0	0	0.0000	0.0000	0.0000
ENSG00000254622.1	NAV2-AS4	lncRNA	0	0	0	0.0000	0.0000	0.0000
ENSG00000254623.1	DEFB108E	unprocessed_pseudogene	0	0	0	0.0000	0.0000	0.0000
ENSG00000254624.1	OR4R3P	unprocessed_pseudogene	0	0	0	0.0000	0.0000	0.0000
ENSG00000254625.1	AF233439.1	lncRNA	0	0	0	0.0000	0.0000	0.0000
ENSG00000254626.1	AP003100.1	lncRNA	1	1	0	0.0682	0.0169	0.0183
ENSG00000254627.1	AL035078.2	lncRNA	0	0	0	0.0000	0.0000	0.0000
ENSG00000254629.1	AP002370.1	processed_pseudogene	0	0	0	0.0000	0.0000	0.0000
ENSG00000254630.1	AP001922.2	lncRNA	0	0	0	0.0000	0.0000	0.0000
ENSG00000254631.5	AP001372.1	lncRNA	9	8	5	0.7495	0.1859	0.2010
ENSG00000254632.2	AP003119.1	lncRNA	69	35	34	3.1658	0.7851	0.8489
ENSG00000254633.2	AL512590.2	transcribed_unitary_pseudogene	0	0	0	0.0000	0.0000	0.0000
ENSG00000254634.4	SMG1P6	unprocessed_pseudogene	4	2	2	0.0774	0.0192	0.0208
ENSG00000254635.6	WAC-AS1	lncRNA	1916	1010	999	32.0804	7.9556	8.6018
ENSG00000254636.1	ARMS2	protein_coding	0	0	0	0.0000	0.0000	0.0000
ENSG00000254637.1	OR4A18P	unprocessed_pseudogene	0	0	0	0.0000	0.0000	0.0000
ENSG00000254638.1	AP002884.1	lncRNA	0	1	0	0.0000	0.0000	0.0000
ENSG00000254639.1	AC116021.1	lncRNA	0	0	0	0.0000	0.0000	0.0000
ENSG00000254641.1	AC091564.3	lncRNA	0	0	0	0.0000	0.0000	0.0000
ENSG00000254642.1	COX6CP5	processed_pseudogene	0	0	0	0.0000	0.0000	0.0000
ENSG00000254644.1	AC007751.1	processed_pseudogene	0	0	0	0.0000	0.0000	0.0000
ENSG00000254645.2	AC087379.1	lncRNA	0	0	0	0.0000	0.0000	0.0000
ENSG00000254646.1	OR8B10P	unprocessed_pseudogene	0	0	0	0.0000	0.0000	0.0000
ENSG00000254647.7	INS	protein_coding	0	0	0	0.0000	0.0000	0.0000
ENSG00000254648.1	AP000911.1	lncRNA	2	1	1	0.1004	0.0249	0.0269
ENSG00000254649.1	AP003086.2	lncRNA	3	1	2	0.4661	0.1156	0.1250
ENSG00000254650.1	MTCYBP41	processed_pseudogene	0	0	0	0.0000	0.0000	0.0000
ENSG00000254651.1	AC018716.1	lncRNA	0	0	0	0.0000	0.0000	0.0000
ENSG00000254653.1	AC024475.1	lncRNA	1	0	1	0.0937	0.0232	0.0251
ENSG00000254654.2	LINC02685	lncRNA	10	5	5	0.3536	0.0877	0.0948
ENSG00000254655.1	AP004607.1	processed_pseudogene	0	0	0	0.0000	0.0000	0.0000
ENSG00000254656.3	RTL1	protein_coding	4	1	3	0.0420	0.0104	0.0113
ENSG00000254658.3	OR8J2	polymorphic_pseudogene	0	0	0	0.0000	0.0000	0.0000
ENSG00000254659.3	LINC02715	lncRNA	0	0	0	0.0000	0.0000	0.0000
ENSG00000254660.1	AP002512.2	processed_pseudogene	0	0	0	0.0000	0.0000	0.0000
ENSG00000254661.3	LINC02682	lncRNA	0	0	0	0.0000	0.0000	0.0000
ENSG00000254662.1	AP000781.1	lncRNA	2	526	539	0.3647	0.0904	0.0978
ENSG00000254663.1	OR4A11P	unprocessed_pseudogene	0	0	0	0.0000	0.0000	0.0000
ENSG00000254664.1	AC103681.2	lncRNA	2	1	1	0.2000	0.0496	0.0536
ENSG00000254665.1	AC091053.1	lncRNA	0	997	1011	0.0000	0.0000	0.0000
ENSG00000254668.1	AC023442.1	processed_pseudogene	0	0	0	0.0000	0.0000	0.0000
ENSG00000254669.1	AL135934.1	lncRNA	1	1	0	0.1056	0.0262	0.0283
ENSG00000254670.1	RASSF10-DT	lncRNA	11	7	4	0.9311	0.2309	0.2496
ENSG00000254672.1	AL136146.1	processed_pseudogene	5	4	1	0.1701	0.0422	0.0456
ENSG00000254673.1	AC110275.1	protein_coding	0	0	0	0.0000	0.0000	0.0000
ENSG00000254674.1	OR4A42P	unprocessed_pseudogene	0	0	0	0.0000	0.0000	0.0000
ENSG00000254675.1	AP003032.1	lncRNA	1	0	1	0.2047	0.0508	0.0549
ENSG00000254676.1	AP000873.4	lncRNA	13	11	7	0.8146	0.2020	0.2184
ENSG00000254677.1	OSBPL9P2	processed_pseudogene	0	0	0	0.0000	0.0000	0.0000
ENSG00000254678.1	AP005018.1	processed_pseudogene	0	0	0	0.0000	0.0000	0.0000
ENSG00000254680.1	AC079329.1	lncRNA	0	1061	1000	0.0000	0.0000	0.0000
ENSG00000254681.6	PKD1P5	transcribed_unprocessed_pseudogene	16	8	8	0.0882	0.0219	0.0236
ENSG00000254682.1	AP002387.1	lncRNA	133	65	68	11.0918	2.7507	2.9741
ENSG00000254683.1	SNRPCP6	processed_pseudogene	0	0	1	0.0000	0.0000	0.0000
ENSG00000254684.1	AP002803.1	processed_pseudogene	0	0	0	0.0000	0.0000	0.0000
ENSG00000254685.6	FPGT	protein_coding	1304	677	627	17.6913	4.3873	4.7436
ENSG00000254686.2	AL138812.1	lncRNA	0	0	0	0.0000	0.0000	0.0000
ENSG00000254687.1	AC009646.2	lncRNA	0	0	0	0.0000	0.0000	0.0000
ENSG00000254688.1	AC013549.3	lncRNA	1	0	1	0.1160	0.0288	0.0311
ENSG00000254689.3	LINC02235	lncRNA	7	7	1	0.0960	0.0238	0.0257
ENSG00000254690.1	AC233992.1	lncRNA	0	0	0	0.0000	0.0000	0.0000
ENSG00000254691.1	AP002812.3	lncRNA	15	5	10	1.5438	0.3829	0.4140
ENSG00000254692.1	AL136295.1	protein_coding	0	0	0	0.0000	0.0000	0.0000
ENSG00000254693.1	AC010768.1	lncRNA	0	164	149	0.0000	0.0000	0.0000
ENSG00000254694.1	AP001893.1	lncRNA	5	2	3	0.7833	0.1942	0.2100
ENSG00000254695.2	AC087379.2	lncRNA	0	0	0	0.0000	0.0000	0.0000
ENSG00000254697.1	COPS8P3	processed_pseudogene	0	0	0	0.0000	0.0000	0.0000
ENSG00000254698.1	AP000893.2	lncRNA	0	0	0	0.0000	0.0000	0.0000
ENSG00000254699.1	LINC02695	lncRNA	1	0	1	0.3186	0.0790	0.0854
ENSG00000254700.1	DEFB131C	processed_pseudogene	0	0	0	0.0000	0.0000	0.0000
ENSG00000254701.3	AC138866.1	unprocessed_pseudogene	1	0	1	0.0971	0.0241	0.0260
ENSG00000254702.1	AP002353.1	processed_pseudogene	0	0	0	0.0000	0.0000	0.0000
ENSG00000254703.2	SENCR	lncRNA	24	15	14	1.0486	0.2600	0.2812
ENSG00000254704.3	AP002358.2	processed_pseudogene	2	0	2	0.0528	0.0131	0.0142
ENSG00000254705.1	AP000722.1	lncRNA	0	0	0	0.0000	0.0000	0.0000
ENSG00000254706.3	AL512785.2	protein_coding	0	0	0	0.0000	0.0000	0.0000
ENSG00000254707.1	AC104237.1	lncRNA	0	0	0	0.0000	0.0000	0.0000
ENSG00000254708.1	MMADHCP2	processed_pseudogene	1	0	1	0.0640	0.0159	0.0172
ENSG00000254709.8	IGLL5	protein_coding	6	4	2	0.2541	0.0630	0.0681
ENSG00000254710.2	AP001970.1	lncRNA	0	0	0	0.0000	0.0000	0.0000
ENSG00000254712.1	AC087280.1	processed_pseudogene	0	0	0	0.0000	0.0000	0.0000
ENSG00000254713.2	HNRNPA1P72	processed_pseudogene	0	0	0	0.0000	0.0000	0.0000
ENSG00000254715.3	OR7E154P	unprocessed_pseudogene	0	0	0	0.0000	0.0000	0.0000
ENSG00000254717.2	GLYATL1P2	transcribed_unprocessed_pseudogene	7	6	1	0.3419	0.0848	0.0917
ENSG00000254718.6	AL157756.1	lncRNA	8	5	3	0.1438	0.0357	0.0386
ENSG00000254719.1	AC080023.2	processed_pseudogene	4	1	3	1.0906	0.2705	0.2924
ENSG00000254720.1	MRGPRX10P	unprocessed_pseudogene	0	0	0	0.0000	0.0000	0.0000
ENSG00000254721.1	AP000879.1	lncRNA	0	3297	3273	0.0000	0.0000	0.0000
ENSG00000254722.1	FAM8A2P	unprocessed_pseudogene	0	0	0	0.0000	0.0000	0.0000
ENSG00000254723.1	OR4A12P	unprocessed_pseudogene	0	0	0	0.0000	0.0000	0.0000
ENSG00000254724.1	OR7E10P	unprocessed_pseudogene	0	0	0	0.0000	0.0000	0.0000
ENSG00000254725.1	AC009643.1	processed_pseudogene	0	0	0	0.0000	0.0000	0.0000
ENSG00000254726.3	MEX3A	protein_coding	802	404	399	6.9005	1.7113	1.8503
ENSG00000254727.1	PTP4A1P6	transcribed_processed_pseudogene	0	0	0	0.0000	0.0000	0.0000
ENSG00000254728.1	AC027369.3	unprocessed_pseudogene	0	0	0	0.0000	0.0000	0.0000
ENSG00000254730.1	AP002453.1	processed_pseudogene	0	0	0	0.0000	0.0000	0.0000
ENSG00000254731.1	AP003059.1	lncRNA	27	19	10	3.5444	0.8790	0.9504
ENSG00000254732.2	AP001931.1	protein_coding	7	4	3	0.1628	0.0404	0.0436
ENSG00000254733.1	AP001831.1	lncRNA	1	1	0	0.1380	0.0342	0.0370
ENSG00000254734.1	AC107973.1	lncRNA	0	0	0	0.0000	0.0000	0.0000
ENSG00000254735.1	HMGB1P42	processed_pseudogene	0	0	0	0.0000	0.0000	0.0000
ENSG00000254736.1	BRD9P1	processed_pseudogene	0	0	0	0.0000	0.0000	0.0000
ENSG00000254737.2	OR10G4	protein_coding	0	0	0	0.0000	0.0000	0.0000
ENSG00000254738.1	MRGPRX11P	unprocessed_pseudogene	0	0	0	0.0000	0.0000	0.0000
ENSG00000254739.1	AC137894.1	lncRNA	13	5	8	1.3478	0.3342	0.3614
ENSG00000254740.2	AP003396.3	lncRNA	0	1	1	0.0000	0.0000	0.0000
ENSG00000254741.1	AC067930.1	lncRNA	0	0	0	0.0000	0.0000	0.0000
ENSG00000254743.1	OR10V3P	unprocessed_pseudogene	0	0	0	0.0000	0.0000	0.0000
ENSG00000254744.3	AC084855.1	lncRNA	1	22	35	0.0991	0.0246	0.0266
ENSG00000254746.6	AC103855.2	lncRNA	0	0	0	0.0000	0.0000	0.0000
ENSG00000254747.1	MTND4LP18	processed_pseudogene	0	0	0	0.0000	0.0000	0.0000
ENSG00000254748.1	HNRNPCP8	processed_pseudogene	3	0	3	0.1916	0.0475	0.0514
ENSG00000254749.1	OR5BD1P	unprocessed_pseudogene	0	0	0	0.0000	0.0000	0.0000
ENSG00000254750.1	CASP1P2	unprocessed_pseudogene	2	1	1	0.0902	0.0224	0.0242
ENSG00000254751.3	TRIM64DP	transcribed_unprocessed_pseudogene	0	0	0	0.0000	0.0000	0.0000
ENSG00000254752.2	OR5M2P	transcribed_unprocessed_pseudogene	0	0	0	0.0000	0.0000	0.0000
ENSG00000254753.1	AC022690.2	lncRNA	0	0	0	0.0000	0.0000	0.0000
ENSG00000254754.1	AC013799.1	lncRNA	0	0	0	0.0000	0.0000	0.0000
ENSG00000254755.1	AP001189.2	processed_pseudogene	0	0	0	0.0000	0.0000	0.0000
ENSG00000254756.1	AP001107.6	lncRNA	0	46	54	0.0000	0.0000	0.0000
ENSG00000254757.1	AC127526.1	lncRNA	2	2	3	0.2520	0.0625	0.0676
ENSG00000254758.1	AP000889.1	unprocessed_pseudogene	0	0	0	0.0000	0.0000	0.0000
ENSG00000254759.1	NAP1L1P1	processed_pseudogene	30	18	12	1.6005	0.3969	0.4291
ENSG00000254760.1	AC008750.1	lncRNA	0	51	49	0.0000	0.0000	0.0000
ENSG00000254762.1	AP001107.7	lncRNA	0	26	34	0.0000	0.0000	0.0000
ENSG00000254764.2	TRIM53CP	unprocessed_pseudogene	0	0	0	0.0000	0.0000	0.0000
ENSG00000254765.1	AC011092.1	processed_pseudogene	0	0	0	0.0000	0.0000	0.0000
ENSG00000254767.1	OR2AL1P	unprocessed_pseudogene	0	0	0	0.0000	0.0000	0.0000
ENSG00000254768.6	AC104009.1	lncRNA	0	0	0	0.0000	0.0000	0.0000
ENSG00000254769.4	OR4A4P	unprocessed_pseudogene	0	0	0	0.0000	0.0000	0.0000
ENSG00000254770.1	OR4D7P	unprocessed_pseudogene	0	0	0	0.0000	0.0000	0.0000
ENSG00000254771.1	AP001893.2	processed_pseudogene	1	1	0	0.2807	0.0696	0.0753
ENSG00000254772.10	EEF1G	protein_coding	0	0	0	0.0000	0.0000	0.0000
ENSG00000254775.2	AC021393.1	lncRNA	0	0	0	0.0000	0.0000	0.0000
ENSG00000254776.1	PRR23D3P	unprocessed_pseudogene	0	0	0	0.0000	0.0000	0.0000
ENSG00000254777.5	AC022182.1	lncRNA	0	5	1	0.0000	0.0000	0.0000
ENSG00000254779.4	EGLN1P1	transcribed_processed_pseudogene	0	0	0	0.0000	0.0000	0.0000
ENSG00000254780.1	AC023232.1	processed_pseudogene	0	0	0	0.0000	0.0000	0.0000
ENSG00000254781.1	GVINP2	processed_pseudogene	0	0	0	0.0000	0.0000	0.0000
ENSG00000254783.1	AP003084.1	processed_pseudogene	43	18	25	3.2864	0.8150	0.8812
ENSG00000254784.1	LRRC6P1	processed_pseudogene	0	0	0	0.0000	0.0000	0.0000
ENSG00000254785.1	AP005435.3	unprocessed_pseudogene	0	0	0	0.0000	0.0000	0.0000
ENSG00000254786.1	AP001636.1	unprocessed_pseudogene	6	5	2	0.3033	0.0752	0.0813
ENSG00000254787.1	AP001825.1	lncRNA	0	0	0	0.0000	0.0000	0.0000
ENSG00000254788.7	CKLF-CMTM1	protein_coding	1	0	1	0.0401	0.0100	0.0108
ENSG00000254789.3	AC073172.1	lncRNA	13	6	7	0.8219	0.2038	0.2204
ENSG00000254790.1	AP000842.1	lncRNA	0	0	0	0.0000	0.0000	0.0000
ENSG00000254791.1	FAR1-IT1	lncRNA	1	1	0	0.1541	0.0382	0.0413
ENSG00000254792.1	AP003716.1	processed_pseudogene	0	0	0	0.0000	0.0000	0.0000
ENSG00000254793.1	FDPSP4	processed_pseudogene	1	0	1	0.0541	0.0134	0.0145
ENSG00000254794.1	AP000676.1	processed_pseudogene	0	0	0	0.0000	0.0000	0.0000
ENSG00000254795.1	OR5AP1P	unprocessed_pseudogene	0	0	0	0.0000	0.0000	0.0000
ENSG00000254796.1	AC134684.1	processed_pseudogene	0	0	0	0.0000	0.0000	0.0000
ENSG00000254798.1	TFAMP2	processed_pseudogene	0	0	0	0.0000	0.0000	0.0000
ENSG00000254799.1	SLC25A47P1	processed_pseudogene	0	0	0	0.0000	0.0000	0.0000
ENSG00000254800.2	AP006587.1	transcribed_unprocessed_pseudogene	0	0	0	0.0000	0.0000	0.0000
ENSG00000254801.1	AC084851.1	processed_pseudogene	0	0	0	0.0000	0.0000	0.0000
ENSG00000254802.1	AC022182.2	lncRNA	1	1	6	0.0660	0.0164	0.0177
ENSG00000254803.1	AP004607.2	processed_pseudogene	0	0	0	0.0000	0.0000	0.0000
ENSG00000254804.1	AP006437.1	lncRNA	0	0	0	0.0000	0.0000	0.0000
ENSG00000254805.1	SNRPCP14	processed_pseudogene	0	0	0	0.0000	0.0000	0.0000
ENSG00000254806.5	SYS1-DBNDD2	protein_coding	5	2	3	0.2022	0.0502	0.0542
ENSG00000254807.1	OR10AK1P	unprocessed_pseudogene	0	0	0	0.0000	0.0000	0.0000
ENSG00000254810.1	AP001189.3	lncRNA	50	26	24	4.3556	1.0801	1.1679
ENSG00000254811.5	AP002001.1	transcribed_unprocessed_pseudogene	0	0	0	0.0000	0.0000	0.0000
ENSG00000254812.1	AC067930.2	lncRNA	14	8	6	1.1326	0.2809	0.3037
ENSG00000254813.5	AC123777.1	lncRNA	0	0	0	0.0000	0.0000	0.0000
ENSG00000254814.1	AP003031.1	lncRNA	5	127	124	0.3741	0.0928	0.1003
ENSG00000254815.6	LMNTD2-AS1	lncRNA	68	263	240	1.5948	0.3955	0.4276
ENSG00000254816.1	AC090857.1	processed_pseudogene	0	0	0	0.0000	0.0000	0.0000
ENSG00000254817.1	AC107918.1	unprocessed_pseudogene	0	0	0	0.0000	0.0000	0.0000
ENSG00000254818.1	AP004607.3	unprocessed_pseudogene	0	0	0	0.0000	0.0000	0.0000
ENSG00000254819.2	ANO3-AS1	lncRNA	0	0	0	0.0000	0.0000	0.0000
ENSG00000254820.1	AC107882.1	lncRNA	0	0	0	0.0000	0.0000	0.0000
ENSG00000254821.1	AL136309.3	lncRNA	0	48	49	0.0000	0.0000	0.0000
ENSG00000254822.1	AC023442.2	lncRNA	0	0	0	0.0000	0.0000	0.0000
ENSG00000254823.2	LINC02727	lncRNA	0	0	0	0.0000	0.0000	0.0000
ENSG00000254824.1	AP003461.1	processed_pseudogene	1	1	0	0.7271	0.1803	0.1949
ENSG00000254825.1	OR9G2P	unprocessed_pseudogene	0	0	0	0.0000	0.0000	0.0000
ENSG00000254826.1	AP001922.3	lncRNA	1	1	0	0.0674	0.0167	0.0181
ENSG00000254827.6	SLC22A18AS	protein_coding	74	104	119	2.0441	0.5069	0.5481
ENSG00000254828.1	AP005597.1	unprocessed_pseudogene	0	0	0	0.0000	0.0000	0.0000
ENSG00000254829.1	AP003032.2	lncRNA	0	34	64	0.0000	0.0000	0.0000
ENSG00000254830.1	AP002428.1	lncRNA	0	0	0	0.0000	0.0000	0.0000
ENSG00000254831.1	KRT18P58	processed_pseudogene	1	1	0	0.0506	0.0126	0.0136
ENSG00000254832.1	OR4A40P	unprocessed_pseudogene	0	0	0	0.0000	0.0000	0.0000
ENSG00000254833.1	AP001893.3	lncRNA	0	0	0	0.0000	0.0000	0.0000
ENSG00000254834.4	OR5M10	protein_coding	0	0	0	0.0000	0.0000	0.0000
ENSG00000254835.1	RNF185-AS1	lncRNA	0	490	477	0.0000	0.0000	0.0000
ENSG00000254836.1	AL035078.3	lncRNA	0	0	0	0.0000	0.0000	0.0000
ENSG00000254837.2	AP001372.2	lncRNA	1063	512	551	24.1808	5.9966	6.4837
ENSG00000254838.5	GVINP1	transcribed_unprocessed_pseudogene	147	64	83	0.9880	0.2450	0.2649
ENSG00000254839.1	AF131215.3	lncRNA	0	0	0	0.0000	0.0000	0.0000
ENSG00000254840.1	AC024405.2	transcribed_unprocessed_pseudogene	0	0	0	0.0000	0.0000	0.0000
ENSG00000254841.1	OR4V1P	unprocessed_pseudogene	0	0	0	0.0000	0.0000	0.0000
ENSG00000254842.6	LINC02551	lncRNA	6	2	4	0.1509	0.0374	0.0405
ENSG00000254843.1	XIAPP2	processed_pseudogene	2	1	2	0.0612	0.0152	0.0164
ENSG00000254844.4	AP000757.2	lncRNA	0	0	1	0.0000	0.0000	0.0000
ENSG00000254846.1	AL355075.1	lncRNA	0	58	53	0.0000	0.0000	0.0000
ENSG00000254847.1	AC009806.1	lncRNA	8	3	5	0.8741	0.2168	0.2344
ENSG00000254848.1	OR5BN1P	unprocessed_pseudogene	0	0	0	0.0000	0.0000	0.0000
ENSG00000254850.2	AC004923.2	processed_pseudogene	0	0	0	0.0000	0.0000	0.0000
ENSG00000254851.1	AP005018.2	unprocessed_pseudogene	1	1	0	0.0690	0.0171	0.0185
ENSG00000254852.8	NPIPA2	protein_coding	0	0	0	0.0000	0.0000	0.0000
ENSG00000254853.1	AP004247.1	processed_pseudogene	0	0	0	0.0000	0.0000	0.0000
ENSG00000254854.1	AP003390.1	lncRNA	28	16	12	3.0361	0.7529	0.8141
ENSG00000254855.1	AP001107.8	lncRNA	3	449	486	0.3552	0.0881	0.0952
ENSG00000254856.1	NDUFA3P2	processed_pseudogene	0	0	0	0.0000	0.0000	0.0000
ENSG00000254857.1	MRGPRX12P	processed_pseudogene	0	0	0	0.0000	0.0000	0.0000
ENSG00000254858.10	MPV17L2	protein_coding	705	323	391	19.0474	4.7236	5.1072
ENSG00000254859.1	AC067930.3	lncRNA	2	31	27	0.2278	0.0565	0.0611
ENSG00000254860.6	TMEM9B-AS1	lncRNA	538	318	292	6.9199	1.7161	1.8555
ENSG00000254861.2	AC100768.1	lncRNA	0	0	0	0.0000	0.0000	0.0000
ENSG00000254862.5	LGR4-AS1	lncRNA	5	8	1	0.1799	0.0446	0.0482
ENSG00000254863.2	LINC02744	lncRNA	0	0	0	0.0000	0.0000	0.0000
ENSG00000254864.1	AC107884.2	lncRNA	18	11	9	1.8560	0.4603	0.4976
ENSG00000254865.1	AC100763.1	lncRNA	2	2	0	0.2173	0.0539	0.0583
ENSG00000254866.2	DEFB109D	processed_pseudogene	2	3	0	0.4726	0.1172	0.1267
ENSG00000254867.1	AP006287.1	processed_pseudogene	3	2	2	0.2605	0.0646	0.0699
ENSG00000254870.5	ATP6V1G2-DDX39B	protein_coding	0	0	0	0.0000	0.0000	0.0000
ENSG00000254871.1	AC024475.2	processed_pseudogene	0	0	0	0.0000	0.0000	0.0000
ENSG00000254872.3	LINC02688	lncRNA	0	0	0	0.0000	0.0000	0.0000
ENSG00000254873.1	AP001267.1	lncRNA	2	1998	2081	0.0474	0.0117	0.0127
ENSG00000254874.1	AP003171.1	lncRNA	3	2	1	0.6396	0.1586	0.1715
ENSG00000254876.5	SUGT1P4-STRA6LP	lncRNA	35	18	18	0.5363	0.1330	0.1438
ENSG00000254877.1	AP001636.2	processed_pseudogene	4	1	3	0.3259	0.0808	0.0874
ENSG00000254878.1	AC103794.1	lncRNA	0	0	0	0.0000	0.0000	0.0000
ENSG00000254879.1	PTPRJ-AS1	lncRNA	1	1	0	0.1884	0.0467	0.0505
ENSG00000254880.1	PKNOX2-AS1	lncRNA	0	0	0	0.0000	0.0000	0.0000
ENSG00000254883.1	AP003385.2	processed_pseudogene	0	0	0	0.0000	0.0000	0.0000
ENSG00000254884.1	PRR13P2	processed_pseudogene	1	2	0	0.1397	0.0346	0.0375
ENSG00000254885.1	AP001547.1	lncRNA	0	0	0	0.0000	0.0000	0.0000
ENSG00000254887.1	AC010247.1	lncRNA	8	0	8	0.5058	0.1254	0.1356
ENSG00000254888.2	AP000827.1	processed_pseudogene	0	0	0	0.0000	0.0000	0.0000
ENSG00000254889.1	AC084121.1	processed_pseudogene	0	0	0	0.0000	0.0000	0.0000
ENSG00000254890.1	AP003049.1	processed_pseudogene	0	0	0	0.0000	0.0000	0.0000
ENSG00000254891.1	OR4A9P	unprocessed_pseudogene	0	0	0	0.0000	0.0000	0.0000
ENSG00000254892.1	AP003396.4	processed_pseudogene	0	0	0	0.0000	0.0000	0.0000
ENSG00000254893.6	AC113404.3	translated_processed_pseudogene	12	6	6	1.2262	0.3041	0.3288
ENSG00000254894.1	NAV2-AS1	lncRNA	0	108	130	0.0000	0.0000	0.0000
ENSG00000254895.2	MTCO3P15	processed_pseudogene	0	0	0	0.0000	0.0000	0.0000
ENSG00000254896.1	OPCML-IT1	lncRNA	0	0	0	0.0000	0.0000	0.0000
ENSG00000254897.1	AP003035.1	processed_pseudogene	0	0	0	0.0000	0.0000	0.0000
ENSG00000254898.1	AC087362.1	lncRNA	0	241	286	0.0000	0.0000	0.0000
ENSG00000254900.1	AC091053.2	lncRNA	6	4	2	0.6336	0.1571	0.1699
ENSG00000254901.8	BORCS8	protein_coding	437	244	242	4.6132	1.1440	1.2370
ENSG00000254902.1	ANO1-AS1	lncRNA	0	3320	3212	0.0000	0.0000	0.0000
ENSG00000254903.1	OR8L1P	unprocessed_pseudogene	0	0	0	0.0000	0.0000	0.0000
ENSG00000254905.1	AP001318.1	lncRNA	0	65	47	0.0000	0.0000	0.0000
ENSG00000254906.1	AC090707.1	lncRNA	0	0	0	0.0000	0.0000	0.0000
ENSG00000254907.1	AC087276.2	lncRNA	4	740	771	0.2882	0.0715	0.0773
ENSG00000254909.1	AP003392.2	processed_pseudogene	26	19	7	7.0887	1.7579	1.9007
ENSG00000254910.1	AC136475.2	lncRNA	66	31	37	9.5481	2.3678	2.5602
ENSG00000254911.3	SCARNA9	lncRNA	5	2	3	0.8033	0.1992	0.2154
ENSG00000254912.2	AC135983.3	unprocessed_pseudogene	15	6	9	0.6938	0.1721	0.1860
ENSG00000254913.1	AC239802.1	lncRNA	0	3	5	0.0000	0.0000	0.0000
ENSG00000254914.1	AC109810.1	processed_pseudogene	0	0	0	0.0000	0.0000	0.0000
ENSG00000254915.1	AP003168.1	processed_pseudogene	1	0	1	0.1847	0.0458	0.0495
ENSG00000254916.1	AP004607.4	unprocessed_pseudogene	0	0	0	0.0000	0.0000	0.0000
ENSG00000254917.1	OR7E15P	unprocessed_pseudogene	0	0	0	0.0000	0.0000	0.0000
ENSG00000254919.1	AC090692.1	lncRNA	0	0	0	0.0000	0.0000	0.0000
ENSG00000254920.1	AC027369.4	unprocessed_pseudogene	0	0	0	0.0000	0.0000	0.0000
ENSG00000254921.1	AC116456.1	lncRNA	0	0	0	0.0000	0.0000	0.0000
ENSG00000254923.1	AC130366.1	processed_pseudogene	0	0	0	0.0000	0.0000	0.0000
ENSG00000254924.2	AP000867.2	processed_pseudogene	1	1	0	0.1772	0.0439	0.0475
ENSG00000254925.1	OR4C9P	unprocessed_pseudogene	0	0	0	0.0000	0.0000	0.0000
ENSG00000254926.1	AP000445.2	unprocessed_pseudogene	0	0	0	0.0000	0.0000	0.0000
ENSG00000254927.1	AC027779.1	lncRNA	0	0	0	0.0000	0.0000	0.0000
ENSG00000254928.1	AP001372.3	lncRNA	0	131	131	0.0000	0.0000	0.0000
ENSG00000254929.6	AL591684.2	lncRNA	0	0	0	0.0000	0.0000	0.0000
ENSG00000254930.1	LINC02545	lncRNA	0	0	0	0.0000	0.0000	0.0000
ENSG00000254931.2	MTATP6P15	processed_pseudogene	0	0	0	0.0000	0.0000	0.0000
ENSG00000254932.2	AP001007.1	lncRNA	0	0	0	0.0000	0.0000	0.0000
ENSG00000254933.1	AP000785.1	lncRNA	0	16	7	0.0000	0.0000	0.0000
ENSG00000254934.5	LINC00678	lncRNA	0	0	0	0.0000	0.0000	0.0000
ENSG00000254935.1	AP002469.1	processed_pseudogene	0	0	0	0.0000	0.0000	0.0000
ENSG00000254936.4	AF131215.4	lncRNA	2	2	0	0.0651	0.0162	0.0175
ENSG00000254937.1	AP000916.1	unprocessed_pseudogene	0	0	0	0.0000	0.0000	0.0000
ENSG00000254938.1	AP002833.1	lncRNA	0	0	0	0.0000	0.0000	0.0000
ENSG00000254939.1	AP003038.1	processed_pseudogene	0	0	0	0.0000	0.0000	0.0000
ENSG00000254940.1	OR4A19P	unprocessed_pseudogene	0	0	0	0.0000	0.0000	0.0000
ENSG00000254941.1	AP000866.4	processed_pseudogene	0	24	18	0.0000	0.0000	0.0000
ENSG00000254942.1	AL355310.3	lncRNA	0	1	0	0.0000	0.0000	0.0000
ENSG00000254943.1	AP003501.2	lncRNA	0	66	48	0.0000	0.0000	0.0000
ENSG00000254944.1	ATP5PBP5	processed_pseudogene	0	0	0	0.0000	0.0000	0.0000
ENSG00000254946.2	LINC02751	lncRNA	0	0	0	0.0000	0.0000	0.0000
ENSG00000254947.1	OR8K4P	unprocessed_pseudogene	0	0	0	0.0000	0.0000	0.0000
ENSG00000254948.1	OR7E158P	unprocessed_pseudogene	3	0	3	0.1870	0.0464	0.0501
ENSG00000254949.1	GNG5P3	processed_pseudogene	0	0	0	0.0000	0.0000	0.0000
ENSG00000254951.7	AC044810.2	lncRNA	0	0	0	0.0000	0.0000	0.0000
ENSG00000254952.1	LINC02705	lncRNA	4	1	3	0.5892	0.1461	0.1580
ENSG00000254953.1	AP001803.1	processed_pseudogene	0	0	0	0.0000	0.0000	0.0000
ENSG00000254954.1	SLC2A13P1	processed_pseudogene	0	0	0	0.0000	0.0000	0.0000
ENSG00000254957.1	AC111188.1	processed_pseudogene	1	1	0	0.0409	0.0101	0.0110
ENSG00000254959.6	INMT-MINDY4	protein_coding	0	0	0	0.0000	0.0000	0.0000
ENSG00000254960.2	KIRREL3-AS2	lncRNA	0	0	0	0.0000	0.0000	0.0000
ENSG00000254961.1	TUBB4BP4	processed_pseudogene	0	0	0	0.0000	0.0000	0.0000
ENSG00000254963.1	AP001972.2	lncRNA	0	43	53	0.0000	0.0000	0.0000
ENSG00000254964.1	AP001458.1	lncRNA	1	60	75	0.6164	0.1529	0.1653
ENSG00000254965.1	C1DP5	processed_pseudogene	1	0	1	0.1481	0.0367	0.0397
ENSG00000254966.1	AC103974.1	lncRNA	13	23	17	0.8435	0.2092	0.2262
ENSG00000254968.7	LINC02763	lncRNA	4	1	3	0.0748	0.0186	0.0201
ENSG00000254971.1	AP003122.2	lncRNA	1	0	1	0.1167	0.0289	0.0313
ENSG00000254972.1	AP003498.1	lncRNA	0	0	0	0.0000	0.0000	0.0000
ENSG00000254973.2	AC105219.3	lncRNA	257	134	131	7.8484	1.9463	2.1044
ENSG00000254974.1	AP001372.4	processed_pseudogene	7	7	3	0.8410	0.2086	0.2255
ENSG00000254975.1	AP001189.4	lncRNA	0	0	0	0.0000	0.0000	0.0000
ENSG00000254976.1	OR8B7P	unprocessed_pseudogene	0	0	0	0.0000	0.0000	0.0000
ENSG00000254978.2	ALG1L9P	transcribed_unprocessed_pseudogene	12	65	57	1.2396	0.3074	0.3324
ENSG00000254979.5	AP000781.2	protein_coding	1	1	0	0.0253	0.0063	0.0068
ENSG00000254980.1	AP002008.1	lncRNA	0	0	0	0.0000	0.0000	0.0000
ENSG00000254983.1	AC025300.1	lncRNA	0	0	0	0.0000	0.0000	0.0000
ENSG00000254984.1	FTLP6	processed_pseudogene	0	0	0	0.0000	0.0000	0.0000
ENSG00000254985.1	RSF1-IT2	lncRNA	2	2	0	0.2004	0.0497	0.0537
ENSG00000254986.7	DPP3	protein_coding	6946	3566	3533	99.0464	24.5625	26.5576
ENSG00000254987.1	AP002989.1	lncRNA	9	4	5	0.9082	0.2252	0.2435
ENSG00000254988.1	AP002498.1	lncRNA	0	27	26	0.0000	0.0000	0.0000
ENSG00000254989.1	AP001999.1	lncRNA	0	0	0	0.0000	0.0000	0.0000
ENSG00000254990.5	AP001781.1	lncRNA	0	0	0	0.0000	0.0000	0.0000
ENSG00000254991.1	AC124276.1	lncRNA	3	3	0	0.1892	0.0469	0.0507
ENSG00000254992.1	AP001582.1	processed_pseudogene	0	0	0	0.0000	0.0000	0.0000
ENSG00000254993.2	TRIM77BP	unprocessed_pseudogene	0	0	0	0.0000	0.0000	0.0000
ENSG00000254995.4	STX16-NPEPL1	protein_coding	71	40	31	1.0434	0.2587	0.2798
ENSG00000254996.5	ANKHD1-EIF4EBP3	protein_coding	110	59	51	0.5479	0.1359	0.1469
ENSG00000254997.4	KRTAP5-9	protein_coding	0	0	0	0.0000	0.0000	0.0000
ENSG00000254999.4	BRK1	protein_coding	10593	5321	5272	522.3728	129.5432	140.0656
ENSG00000255000.1	AC139103.1	processed_pseudogene	3	3	0	0.1652	0.0410	0.0443
ENSG00000255001.1	AC109635.1	processed_pseudogene	0	0	0	0.0000	0.0000	0.0000
ENSG00000255002.2	LINC02324	lncRNA	0	0	0	0.0000	0.0000	0.0000
ENSG00000255003.1	CYCSP28	processed_pseudogene	1	0	1	0.1767	0.0438	0.0474
ENSG00000255004.1	SLC1A2-AS1	lncRNA	0	0	0	0.0000	0.0000	0.0000
ENSG00000255005.1	AP003128.1	lncRNA	0	0	0	0.0000	0.0000	0.0000
ENSG00000255006.1	ELOCP22	processed_pseudogene	0	0	0	0.0000	0.0000	0.0000
ENSG00000255007.1	LINC02489	lncRNA	0	0	0	0.0000	0.0000	0.0000
ENSG00000255008.3	LINC02739	lncRNA	17	5	12	0.5825	0.1445	0.1562
ENSG00000255009.4	UBTFL1	protein_coding	0	0	0	0.0000	0.0000	0.0000
ENSG00000255010.1	COX5BP4	processed_pseudogene	0	4	3	0.0000	0.0000	0.0000
ENSG00000255011.1	AP004607.5	unprocessed_pseudogene	0	0	0	0.0000	0.0000	0.0000
ENSG00000255012.2	OR5M1	protein_coding	0	0	0	0.0000	0.0000	0.0000
ENSG00000255014.1	ARL6IP1P3	processed_pseudogene	0	0	0	0.0000	0.0000	0.0000
ENSG00000255015.1	AP000755.1	lncRNA	0	0	0	0.0000	0.0000	0.0000
ENSG00000255016.1	AC107918.2	processed_pseudogene	0	0	0	0.0000	0.0000	0.0000
ENSG00000255018.1	AC022878.1	processed_pseudogene	0	0	0	0.0000	0.0000	0.0000
ENSG00000255019.1	OR5D15P	unprocessed_pseudogene	0	0	0	0.0000	0.0000	0.0000
ENSG00000255020.1	AF131216.3	lncRNA	0	0	0	0.0000	0.0000	0.0000
ENSG00000255021.1	AC093496.1	lncRNA	0	0	0	0.0000	0.0000	0.0000
ENSG00000255022.1	AP000676.2	processed_pseudogene	0	0	0	0.0000	0.0000	0.0000
ENSG00000255025.1	AF228730.3	processed_pseudogene	0	0	0	0.0000	0.0000	0.0000
ENSG00000255026.1	AC136475.3	lncRNA	77	47	30	5.0775	1.2592	1.3615
ENSG00000255027.2	AP000842.2	lncRNA	0	0	0	0.0000	0.0000	0.0000
ENSG00000255028.5	AP003049.2	lncRNA	0	0	0	0.0000	0.0000	0.0000
ENSG00000255029.2	AC110058.1	lncRNA	0	0	0	0.0000	0.0000	0.0000
ENSG00000255030.1	OR8B5P	unprocessed_pseudogene	0	0	0	0.0000	0.0000	0.0000
ENSG00000255031.5	AP002807.1	lncRNA	29	380	371	1.3603	0.3373	0.3647
ENSG00000255032.1	TSPAN18-AS1	lncRNA	0	0	0	0.0000	0.0000	0.0000
ENSG00000255033.1	SERPINA15P	processed_pseudogene	0	0	0	0.0000	0.0000	0.0000
ENSG00000255035.2	SDHCP4	processed_pseudogene	2	0	2	0.2224	0.0552	0.0596
ENSG00000255036.6	STRA6LP	lncRNA	3	1	2	0.0239	0.0059	0.0064
ENSG00000255037.1	AC136443.2	unprocessed_pseudogene	0	0	0	0.0000	0.0000	0.0000
ENSG00000255038.1	AP006287.2	lncRNA	1	27	22	0.1130	0.0280	0.0303
ENSG00000255039.1	LINC02553	lncRNA	0	0	0	0.0000	0.0000	0.0000
ENSG00000255040.1	MORF4L1P3	processed_pseudogene	4	2	3	0.2388	0.0592	0.0640
ENSG00000255041.1	AC103855.3	lncRNA	0	0	0	0.0000	0.0000	0.0000
ENSG00000255042.3	AC109635.2	transcribed_unprocessed_pseudogene	0	0	0	0.0000	0.0000	0.0000
ENSG00000255043.1	NAV2-AS5	lncRNA	0	0	0	0.0000	0.0000	0.0000
ENSG00000255045.1	AP000866.5	lncRNA	0	0	1	0.0000	0.0000	0.0000
ENSG00000255046.1	AC069185.1	lncRNA	5	5	4	0.2599	0.0645	0.0697
ENSG00000255047.1	HNRNPRP2	processed_pseudogene	0	0	0	0.0000	0.0000	0.0000
ENSG00000255048.1	OR8X1P	unprocessed_pseudogene	0	0	0	0.0000	0.0000	0.0000
ENSG00000255050.1	AC067930.4	lncRNA	1	355	389	0.0483	0.0120	0.0130
ENSG00000255051.1	BCAS2P1	processed_pseudogene	0	0	0	0.0000	0.0000	0.0000
ENSG00000255052.5	FAM66D	lncRNA	36	18	19	0.2779	0.0689	0.0745
ENSG00000255053.1	OR4A44P	unprocessed_pseudogene	0	0	0	0.0000	0.0000	0.0000
ENSG00000255054.3	AL020996.2	protein_coding	0	0	0	0.0000	0.0000	0.0000
ENSG00000255055.1	MTND1P35	processed_pseudogene	0	0	0	0.0000	0.0000	0.0000
ENSG00000255057.1	AP003041.1	processed_pseudogene	2	1	1	0.0961	0.0238	0.0258
ENSG00000255058.1	PDCL2P2	processed_pseudogene	0	0	0	0.0000	0.0000	0.0000
ENSG00000255059.1	PPIAP43	processed_pseudogene	1	1	0	0.1125	0.0279	0.0302
ENSG00000255060.1	AC009656.1	lncRNA	0	0	0	0.0000	0.0000	0.0000
ENSG00000255062.1	AP001318.2	lncRNA	69	136	114	6.2210	1.5427	1.6680
ENSG00000255063.1	RBMXP3	processed_pseudogene	1	1	0	0.0491	0.0122	0.0132
ENSG00000255065.1	AP002001.2	processed_pseudogene	0	0	0	0.0000	0.0000	0.0000
ENSG00000255067.1	AC013549.4	lncRNA	0	0	0	0.0000	0.0000	0.0000
ENSG00000255070.1	OSBPL9P3	processed_pseudogene	0	0	0	0.0000	0.0000	0.0000
ENSG00000255071.3	SAA2-SAA4	protein_coding	0	0	0	0.0000	0.0000	0.0000
ENSG00000255072.2	PIGY	protein_coding	0	0	0	0.0000	0.0000	0.0000
ENSG00000255073.8	ZFP91-CNTF	protein_coding	0	0	0	0.0000	0.0000	0.0000
ENSG00000255074.1	AC018523.1	processed_pseudogene	4	1	3	0.4430	0.1099	0.1188
ENSG00000255075.1	CENPUP1	processed_pseudogene	0	0	0	0.0000	0.0000	0.0000
ENSG00000255076.2	AC084838.1	lncRNA	0	0	0	0.0000	0.0000	0.0000
ENSG00000255077.1	OR4X7P	unprocessed_pseudogene	0	0	0	0.0000	0.0000	0.0000
ENSG00000255078.1	OR4A6P	unprocessed_pseudogene	0	0	0	0.0000	0.0000	0.0000
ENSG00000255079.1	LINC02704	lncRNA	0	0	0	0.0000	0.0000	0.0000
ENSG00000255081.1	AP003168.2	lncRNA	0	0	0	0.0000	0.0000	0.0000
ENSG00000255082.1	GRM5-AS1	lncRNA	1	6	5	0.0117	0.0029	0.0031
ENSG00000255083.2	OR5AK1P	unprocessed_pseudogene	0	0	0	0.0000	0.0000	0.0000
ENSG00000255084.1	AP003110.1	lncRNA	0	0	0	0.0000	0.0000	0.0000
ENSG00000255085.8	AF186192.2	transcribed_unprocessed_pseudogene	453	230	223	15.2914	3.7921	4.1001
ENSG00000255086.1	AC024341.1	processed_pseudogene	0	0	0	0.0000	0.0000	0.0000
ENSG00000255087.4	AP001993.1	lncRNA	0	0	0	0.0000	0.0000	0.0000
ENSG00000255088.1	AC013828.1	processed_pseudogene	0	0	0	0.0000	0.0000	0.0000
ENSG00000255089.1	AC136475.4	lncRNA	0	3	1	0.0000	0.0000	0.0000
ENSG00000255091.1	AC087442.1	lncRNA	0	7	15	0.0000	0.0000	0.0000
ENSG00000255092.1	AC010768.2	lncRNA	0	0	0	0.0000	0.0000	0.0000
ENSG00000255093.2	AP002008.2	transcribed_unitary_pseudogene	0	0	0	0.0000	0.0000	0.0000
ENSG00000255094.1	AC090159.1	lncRNA	3	2	1	0.2111	0.0523	0.0566
ENSG00000255095.2	OR1D4	transcribed_unprocessed_pseudogene	0	0	0	0.0000	0.0000	0.0000
ENSG00000255096.2	OR5B10P	unprocessed_pseudogene	0	0	0	0.0000	0.0000	0.0000
ENSG00000255097.1	AP006259.1	lncRNA	2	2	0	0.2022	0.0501	0.0542
ENSG00000255099.1	AC023245.2	processed_pseudogene	0	0	0	0.0000	0.0000	0.0000
ENSG00000255100.1	AP003119.2	lncRNA	114	68	50	18.2625	4.5289	4.8968
ENSG00000255101.1	AC103843.1	lncRNA	0	0	0	0.0000	0.0000	0.0000
ENSG00000255102.1	AP005436.1	lncRNA	1	0	1	0.1162	0.0288	0.0312
ENSG00000255104.8	AC005324.3	protein_coding	0	0	0	0.0000	0.0000	0.0000
ENSG00000255105.1	PTMAP15	processed_pseudogene	0	0	0	0.0000	0.0000	0.0000
ENSG00000255106.1	AC010768.3	processed_pseudogene	0	0	0	0.0000	0.0000	0.0000
ENSG00000255107.1	AC079089.2	processed_pseudogene	0	0	0	0.0000	0.0000	0.0000
ENSG00000255108.1	AP006621.1	lncRNA	0	485	452	0.0000	0.0000	0.0000
ENSG00000255109.6	LINC02740	lncRNA	0	0	0	0.0000	0.0000	0.0000
ENSG00000255110.1	AP005597.2	unprocessed_pseudogene	0	0	0	0.0000	0.0000	0.0000
ENSG00000255111.1	AP006587.2	processed_pseudogene	0	0	0	0.0000	0.0000	0.0000
ENSG00000255112.3	CHMP1B	protein_coding	2407	2283	2172	45.0201	11.1645	12.0714
ENSG00000255113.1	OR4A48P	unprocessed_pseudogene	0	0	0	0.0000	0.0000	0.0000
ENSG00000255114.1	AP003392.3	lncRNA	0	880	866	0.0000	0.0000	0.0000
ENSG00000255115.2	AP002812.4	processed_pseudogene	0	0	0	0.0000	0.0000	0.0000
ENSG00000255116.2	SLC5A4P1	processed_pseudogene	0	0	0	0.0000	0.0000	0.0000
ENSG00000255117.6	LINC02546	lncRNA	0	0	0	0.0000	0.0000	0.0000
ENSG00000255118.1	AP003306.2	lncRNA	0	21	29	0.0000	0.0000	0.0000
ENSG00000255119.1	AP003385.3	lncRNA	0	0	0	0.0000	0.0000	0.0000
ENSG00000255120.5	OVOL1-AS1	lncRNA	2	0	2	0.1656	0.0411	0.0444
ENSG00000255121.2	CENATAC-DT	lncRNA	127	70	59	4.7823	1.1860	1.2823
ENSG00000255122.1	AC068587.2	processed_pseudogene	1	0	2	0.3049	0.0756	0.0818
ENSG00000255123.1	MTND5P21	processed_pseudogene	0	0	0	0.0000	0.0000	0.0000
ENSG00000255126.1	AP003064.1	lncRNA	0	71	90	0.0000	0.0000	0.0000
ENSG00000255127.3	AP003171.2	transcribed_unprocessed_pseudogene	0	0	0	0.0000	0.0000	0.0000
ENSG00000255128.1	HSPD1P3	processed_pseudogene	0	0	0	0.0000	0.0000	0.0000
ENSG00000255129.6	AP000880.1	lncRNA	5	20	45	0.2383	0.0591	0.0639
ENSG00000255130.1	AC022874.1	lncRNA	2	2	0	0.2062	0.0511	0.0553
ENSG00000255131.2	OR9L1P	unprocessed_pseudogene	0	1	0	0.0000	0.0000	0.0000
ENSG00000255132.1	AC090138.1	lncRNA	0	0	0	0.0000	0.0000	0.0000
ENSG00000255133.2	LINC02721	lncRNA	4	1	3	0.1422	0.0353	0.0381
ENSG00000255134.1	OR8K2P	unprocessed_pseudogene	0	0	0	0.0000	0.0000	0.0000
ENSG00000255135.4	AP002360.1	lncRNA	241	112	129	12.9423	3.2096	3.4703
ENSG00000255136.3	AP001972.3	lncRNA	1	188	180	0.0102	0.0025	0.0027
ENSG00000255138.1	GLTPP1	processed_pseudogene	0	1	0	0.0000	0.0000	0.0000
ENSG00000255139.2	AP000442.1	lncRNA	16	404	359	0.5030	0.1247	0.1349
ENSG00000255140.1	OR5BN2P	unprocessed_pseudogene	0	0	0	0.0000	0.0000	0.0000
ENSG00000255141.1	HNRNPA1P76	processed_pseudogene	1	0	1	0.0669	0.0166	0.0179
ENSG00000255142.1	AP006621.2	lncRNA	14	9	5	2.7956	0.6933	0.7496
ENSG00000255143.1	AP000879.2	lncRNA	2	2	0	0.2282	0.0566	0.0612
ENSG00000255144.1	AC025857.1	unprocessed_pseudogene	0	0	0	0.0000	0.0000	0.0000
ENSG00000255145.3	STX17-AS1	lncRNA	34	13	21	0.3271	0.0811	0.0877
ENSG00000255146.1	AP004247.2	lncRNA	1	0	1	0.0300	0.0074	0.0080
ENSG00000255147.1	AP003385.4	transcribed_unprocessed_pseudogene	0	0	0	0.0000	0.0000	0.0000
ENSG00000255148.2	AC239802.2	lncRNA	1	1	0	0.1024	0.0254	0.0274
ENSG00000255149.1	AP002963.1	processed_pseudogene	0	0	0	0.0000	0.0000	0.0000
ENSG00000255150.2	EID3	protein_coding	143	74	69	5.5280	1.3709	1.4822
ENSG00000255151.2	GLYATL1B	protein_coding	0	0	0	0.0000	0.0000	0.0000
ENSG00000255152.8	MSH5-SAPCD1	protein_coding	6	3	5	0.0822	0.0204	0.0220
ENSG00000255153.1	TOLLIP-AS1	lncRNA	109	58	52	6.5829	1.6325	1.7651
ENSG00000255154.8	HTD2	protein_coding	3	2	1	0.0453	0.0112	0.0121
ENSG00000255155.1	AP004371.1	processed_pseudogene	4	1	3	1.0600	0.2629	0.2842
ENSG00000255156.1	RNY1P9	misc_RNA	1	1	0	0.5203	0.1290	0.1395
ENSG00000255157.1	DEFB130C	transcribed_unprocessed_pseudogene	0	0	0	0.0000	0.0000	0.0000
ENSG00000255158.1	AC131934.1	lncRNA	20	9	12	1.2436	0.3084	0.3335
ENSG00000255159.1	AC026894.1	lncRNA	4	3	2	0.1807	0.0448	0.0485
ENSG00000255160.5	AC009652.1	lncRNA	2	0	2	0.1750	0.0434	0.0469
ENSG00000255161.1	AC113192.2	processed_pseudogene	0	0	0	0.0000	0.0000	0.0000
ENSG00000255162.1	AP004833.2	unprocessed_pseudogene	0	0	0	0.0000	0.0000	0.0000
ENSG00000255163.1	HSPE1P18	processed_pseudogene	1	0	1	0.2025	0.0502	0.0543
ENSG00000255164.1	AF235103.1	lncRNA	1	104	109	0.1292	0.0320	0.0346
ENSG00000255165.1	AC134775.1	lncRNA	3	3	0	0.3667	0.0909	0.0983
ENSG00000255166.1	AC022616.7	processed_pseudogene	0	0	0	0.0000	0.0000	0.0000
ENSG00000255167.1	AC090857.2	lncRNA	0	0	0	0.0000	0.0000	0.0000
ENSG00000255169.1	LINC02722	lncRNA	0	0	0	0.0000	0.0000	0.0000
ENSG00000255170.2	AP003122.3	processed_pseudogene	0	0	0	0.0000	0.0000	0.0000
ENSG00000255171.7	LINC01499	lncRNA	0	0	0	0.0000	0.0000	0.0000
ENSG00000255172.2	OR5AM1P	unprocessed_pseudogene	0	0	0	0.0000	0.0000	0.0000
ENSG00000255173.1	AP003068.3	lncRNA	0	29	22	0.0000	0.0000	0.0000
ENSG00000255174.1	AC107918.3	processed_pseudogene	0	0	0	0.0000	0.0000	0.0000
ENSG00000255175.6	LINC02759	lncRNA	0	0	0	0.0000	0.0000	0.0000
ENSG00000255176.1	AP000941.1	lncRNA	18	9	9	0.7354	0.1824	0.1972
ENSG00000255177.2	MUC5B-AS1	lncRNA	0	0	0	0.0000	0.0000	0.0000
ENSG00000255178.1	LINC02720	lncRNA	12	5	7	0.4332	0.1074	0.1161
ENSG00000255179.1	AC027804.1	lncRNA	0	0	0	0.0000	0.0000	0.0000
ENSG00000255181.3	CCDC166	protein_coding	0	0	0	0.0000	0.0000	0.0000
ENSG00000255182.2	AC084125.2	lncRNA	120	867	815	1.3905	0.3448	0.3728
ENSG00000255183.1	LINC02711	lncRNA	0	0	0	0.0000	0.0000	0.0000
ENSG00000255184.1	AP004607.6	unprocessed_pseudogene	0	0	0	0.0000	0.0000	0.0000
ENSG00000255185.6	PDXDC2P	transcribed_unprocessed_pseudogene	5	2	3	0.1047	0.0260	0.0281
ENSG00000255186.1	AC087277.2	lncRNA	0	0	0	0.0000	0.0000	0.0000
ENSG00000255187.2	LINC02748	lncRNA	0	0	0	0.0000	0.0000	0.0000
ENSG00000255188.1	AP003327.1	processed_pseudogene	0	0	0	0.0000	0.0000	0.0000
ENSG00000255189.1	GLYATL1P1	unprocessed_pseudogene	10	3	10	0.3529	0.0875	0.0946
ENSG00000255190.2	TRIM51DP	transcribed_unprocessed_pseudogene	0	0	0	0.0000	0.0000	0.0000
ENSG00000255191.1	AP003555.2	lncRNA	4	1	4	0.5251	0.1302	0.1408
ENSG00000255192.6	NANOGP8	protein_coding	4	1	3	0.1203	0.0298	0.0322
ENSG00000255193.1	LINC02726	lncRNA	2	1	1	0.1661	0.0412	0.0445
ENSG00000255196.1	OR4A17P	unprocessed_pseudogene	0	0	0	0.0000	0.0000	0.0000
ENSG00000255197.6	AC090559.1	lncRNA	419	223	198	8.1070	2.0104	2.1737
ENSG00000255198.4	SNHG9	lncRNA	263	125	138	27.0685	6.7127	7.2580
ENSG00000255199.2	GTF2IP11	unprocessed_pseudogene	0	0	0	0.0000	0.0000	0.0000
ENSG00000255200.1	PGAM1P8	transcribed_processed_pseudogene	21	10	11	0.5059	0.1255	0.1357
ENSG00000255201.1	AC087623.1	lncRNA	0	324	342	0.0000	0.0000	0.0000
ENSG00000255202.1	AL049629.1	lncRNA	3	70	64	0.2625	0.0651	0.0704
ENSG00000255203.1	OR7E2P	unprocessed_pseudogene	5	3	2	0.3190	0.0791	0.0855
ENSG00000255204.1	AC036111.2	unprocessed_pseudogene	0	0	0	0.0000	0.0000	0.0000
ENSG00000255205.1	MED28P5	processed_pseudogene	0	0	0	0.0000	0.0000	0.0000
ENSG00000255206.1	AC011853.2	lncRNA	0	0	0	0.0000	0.0000	0.0000
ENSG00000255207.1	AL133399.1	processed_pseudogene	0	0	0	0.0000	0.0000	0.0000
ENSG00000255209.1	AP001978.1	lncRNA	0	0	0	0.0000	0.0000	0.0000
ENSG00000255210.1	AP001889.1	processed_pseudogene	1	1	0	0.0896	0.0222	0.0240
ENSG00000255211.1	AC130365.1	unprocessed_pseudogene	0	0	0	0.0000	0.0000	0.0000
ENSG00000255213.1	NPM1P35	processed_pseudogene	6	2	4	0.3920	0.0972	0.1051
ENSG00000255214.1	AP006587.3	unprocessed_pseudogene	0	0	0	0.0000	0.0000	0.0000
ENSG00000255215.1	OR4R1P	unprocessed_pseudogene	0	0	0	0.0000	0.0000	0.0000
ENSG00000255216.2	AP001360.1	lncRNA	0	1	0	0.0000	0.0000	0.0000
ENSG00000255217.1	OR5J7P	unprocessed_pseudogene	0	0	0	0.0000	0.0000	0.0000
ENSG00000255218.1	OR5BC1P	unprocessed_pseudogene	0	0	0	0.0000	0.0000	0.0000
ENSG00000255219.1	AP000755.2	lncRNA	2	2	0	0.1986	0.0493	0.0533
ENSG00000255220.1	DDX18P5	processed_pseudogene	1	1	0	0.0434	0.0108	0.0116
ENSG00000255221.3	CARD17	protein_coding	6	3	3	0.2762	0.0685	0.0741
ENSG00000255222.1	SETP17	processed_pseudogene	7	4	3	0.4859	0.1205	0.1303
ENSG00000255223.4	OR5M11	protein_coding	0	0	0	0.0000	0.0000	0.0000
ENSG00000255224.1	AC109322.1	lncRNA	188	258	272	8.4347	2.0917	2.2616
ENSG00000255225.1	OR8B6P	unprocessed_pseudogene	0	0	0	0.0000	0.0000	0.0000
ENSG00000255226.2	LINC02690	lncRNA	1	1	0	0.0230	0.0057	0.0062
ENSG00000255227.1	AC090124.1	lncRNA	0	0	0	0.0000	0.0000	0.0000
ENSG00000255229.1	AC069287.3	lncRNA	0	0	0	0.0000	0.0000	0.0000
ENSG00000255230.1	AC004923.3	processed_pseudogene	0	0	0	0.0000	0.0000	0.0000
ENSG00000255231.1	MRPS36P4	processed_pseudogene	0	0	0	0.0000	0.0000	0.0000
ENSG00000255232.1	AC087441.3	processed_pseudogene	0	0	0	0.0000	0.0000	0.0000
ENSG00000255233.1	AP003969.1	lncRNA	0	0	0	0.0000	0.0000	0.0000
ENSG00000255234.6	AP000446.1	lncRNA	6	24	30	0.1193	0.0296	0.0320
ENSG00000255235.1	AP005435.4	unprocessed_pseudogene	0	0	0	0.0000	0.0000	0.0000
ENSG00000255236.3	AP002992.1	lncRNA	12	8	4	0.3541	0.0878	0.0949
ENSG00000255237.1	AC138230.1	lncRNA	7	11	9	0.5978	0.1483	0.1603
ENSG00000255238.1	RFPL4AP1	processed_pseudogene	0	0	0	0.0000	0.0000	0.0000
ENSG00000255239.2	TREHP1	unprocessed_pseudogene	1	1	0	0.1110	0.0275	0.0298
ENSG00000255240.6	AP001636.3	lncRNA	13	8	8	0.1119	0.0277	0.0300
ENSG00000255241.1	AP005436.2	lncRNA	3	0	3	0.6751	0.1674	0.1810
ENSG00000255244.1	AC023078.1	lncRNA	0	0	0	0.0000	0.0000	0.0000
ENSG00000255245.4	FXYD6-FXYD2	protein_coding	0	0	0	0.0000	0.0000	0.0000
ENSG00000255246.2	AP000793.1	lncRNA	0	0	0	0.0000	0.0000	0.0000
ENSG00000255247.1	NECTIN1-AS1	lncRNA	0	0	0	0.0000	0.0000	0.0000
ENSG00000255248.9	MIR100HG	lncRNA	1968	965	1003	3.8956	0.9661	1.0445
ENSG00000255250.2	AP003059.2	lncRNA	12	5	7	0.7421	0.1840	0.1990
ENSG00000255251.1	PRR23D1	protein_coding	0	0	0	0.0000	0.0000	0.0000
ENSG00000255252.3	AL078612.1	lncRNA	0	911	938	0.0000	0.0000	0.0000
ENSG00000255253.1	AC068587.3	processed_pseudogene	0	0	0	0.0000	0.0000	0.0000
ENSG00000255254.1	HIGD1AP5	processed_pseudogene	0	0	0	0.0000	0.0000	0.0000
ENSG00000255255.1	PPP1R1AP1	processed_pseudogene	0	0	0	0.0000	0.0000	0.0000
ENSG00000255256.1	AL136146.2	lncRNA	1	1	0	0.1148	0.0285	0.0308
ENSG00000255258.2	LINC02743	lncRNA	0	0	0	0.0000	0.0000	0.0000
ENSG00000255259.2	ZNF123P	processed_pseudogene	0	0	0	0.0000	0.0000	0.0000
ENSG00000255260.1	KC877392.1	lncRNA	2	1	1	0.2662	0.0660	0.0714
ENSG00000255261.1	OR7E4P	unprocessed_pseudogene	0	0	0	0.0000	0.0000	0.0000
ENSG00000255262.3	ELOBP2	processed_pseudogene	2	2	0	0.3195	0.0792	0.0857
ENSG00000255265.1	TMA16P1	processed_pseudogene	1	1	0	0.0918	0.0228	0.0246
ENSG00000255266.1	AP003484.1	processed_pseudogene	0	0	0	0.0000	0.0000	0.0000
ENSG00000255267.4	LINC02687	lncRNA	0	0	0	0.0000	0.0000	0.0000
ENSG00000255268.2	AC130364.2	unprocessed_pseudogene	0	0	0	0.0000	0.0000	0.0000
ENSG00000255269.3	LINC02710	lncRNA	1	1	0	0.0285	0.0071	0.0076
ENSG00000255270.1	NAV2-IT1	lncRNA	1	1	0	0.1121	0.0278	0.0301
ENSG00000255271.1	AL137224.1	lncRNA	0	0	0	0.0000	0.0000	0.0000
ENSG00000255272.1	AC113192.3	lncRNA	0	0	0	0.0000	0.0000	0.0000
ENSG00000255273.1	AF238378.1	processed_pseudogene	0	0	0	0.0000	0.0000	0.0000
ENSG00000255274.9	SMIM35	protein_coding	0	0	0	0.0000	0.0000	0.0000
ENSG00000255276.1	RRM1-AS1	lncRNA	0	378	416	0.0000	0.0000	0.0000
ENSG00000255277.3	ABCC6P2	transcribed_unprocessed_pseudogene	142	77	65	7.4771	1.8542	2.0049
ENSG00000255279.1	AC023442.3	lncRNA	0	0	0	0.0000	0.0000	0.0000
ENSG00000255280.1	AP001922.4	processed_pseudogene	0	0	0	0.0000	0.0000	0.0000
ENSG00000255281.1	AC090124.2	processed_pseudogene	0	0	0	0.0000	0.0000	0.0000
ENSG00000255282.6	WTAPP1	transcribed_processed_pseudogene	38	123	82	0.6469	0.1604	0.1735
ENSG00000255283.3	AP005597.3	unprocessed_pseudogene	0	0	0	0.0000	0.0000	0.0000
ENSG00000255284.2	AP006621.3	lncRNA	180	91	89	6.8555	1.7001	1.8382
ENSG00000255285.1	AP004833.3	processed_pseudogene	0	0	0	0.0000	0.0000	0.0000
ENSG00000255286.2	AP000907.1	processed_pseudogene	1	0	1	0.1607	0.0398	0.0431
ENSG00000255287.1	SNRPGP16	processed_pseudogene	0	0	0	0.0000	0.0000	0.0000
ENSG00000255288.1	AL358944.2	processed_pseudogene	0	0	0	0.0000	0.0000	0.0000
ENSG00000255289.1	AC068389.2	lncRNA	0	0	0	0.0000	0.0000	0.0000
ENSG00000255291.2	HMGB1P40	processed_pseudogene	1	1	0	0.1050	0.0260	0.0282
ENSG00000255292.9	AP002884.2	protein_coding	0	0	0	0.0000	0.0000	0.0000
ENSG00000255293.1	WIZP1	processed_pseudogene	0	0	0	0.0000	0.0000	0.0000
ENSG00000255294.2	OR4A50P	unprocessed_pseudogene	0	0	0	0.0000	0.0000	0.0000
ENSG00000255295.1	H3P34	processed_pseudogene	0	0	0	0.0000	0.0000	0.0000
ENSG00000255296.1	AP002490.2	processed_pseudogene	0	0	0	0.0000	0.0000	0.0000
ENSG00000255297.1	OR4A41P	unprocessed_pseudogene	0	0	0	0.0000	0.0000	0.0000
ENSG00000255298.4	OR8G5	protein_coding	0	0	0	0.0000	0.0000	0.0000
ENSG00000255299.5	AP003557.1	lncRNA	2	1	1	0.1132	0.0281	0.0304
ENSG00000255300.6	LINC02745	lncRNA	0	0	0	0.0000	0.0000	0.0000
ENSG00000255301.1	AP002893.1	lncRNA	0	69	79	0.0000	0.0000	0.0000
ENSG00000255302.5	EID1	protein_coding	13946	7090	6858	387.6849	96.1420	103.9513
ENSG00000255303.2	OR5BA1P	transcribed_unprocessed_pseudogene	6	2	4	0.0620	0.0154	0.0166
ENSG00000255304.1	OR4A46P	unprocessed_pseudogene	0	0	0	0.0000	0.0000	0.0000
ENSG00000255305.1	AP004607.7	unprocessed_pseudogene	0	0	0	0.0000	0.0000	0.0000
ENSG00000255306.1	AC004923.4	lncRNA	52	25	32	3.9904	0.9896	1.0700
ENSG00000255307.1	OR52B2	protein_coding	1	0	1	0.0526	0.0130	0.0141
ENSG00000255308.1	CSRP3-AS1	lncRNA	2	4	10	0.2198	0.0545	0.0589
ENSG00000255309.1	AC131935.1	processed_pseudogene	0	0	0	0.0000	0.0000	0.0000
ENSG00000255310.2	AF131215.5	lncRNA	83	43	40	2.4275	0.6020	0.6509
ENSG00000255311.5	DLG2-AS2	lncRNA	0	0	0	0.0000	0.0000	0.0000
ENSG00000255312.1	OR4C7P	unprocessed_pseudogene	0	0	0	0.0000	0.0000	0.0000
ENSG00000255313.2	AC100858.1	lncRNA	1	0	1	0.0436	0.0108	0.0117
ENSG00000255314.4	AC024475.3	lncRNA	1	0	1	0.0348	0.0086	0.0093
ENSG00000255315.1	OR8A3P	unprocessed_pseudogene	0	0	0	0.0000	0.0000	0.0000
ENSG00000255316.1	MTND6P25	unprocessed_pseudogene	0	0	0	0.0000	0.0000	0.0000
ENSG00000255317.1	AP002833.2	lncRNA	0	0	0	0.0000	0.0000	0.0000
ENSG00000255319.5	ENPP7P8	transcribed_unprocessed_pseudogene	3	1	2	0.1059	0.0263	0.0284
ENSG00000255320.1	AP000759.1	lncRNA	524	300	278	74.8515	18.5624	20.0702
ENSG00000255321.1	AC068389.3	lncRNA	1	1	0	0.0823	0.0204	0.0221
ENSG00000255323.6	LINC01495	lncRNA	0	0	0	0.0000	0.0000	0.0000
ENSG00000255325.2	AC108136.1	lncRNA	0	0	0	0.0000	0.0000	0.0000
ENSG00000255326.1	AP001922.5	lncRNA	11	5	6	0.9582	0.2376	0.2569
ENSG00000255327.1	LINC02697	lncRNA	0	0	0	0.0000	0.0000	0.0000
ENSG00000255328.1	AC136475.5	lncRNA	10	11	1	0.4441	0.1101	0.1191
ENSG00000255329.1	H2AZP4	processed_pseudogene	7	6	1	1.0530	0.2611	0.2823
ENSG00000255330.9	AL096711.2	protein_coding	0	0	0	0.0000	0.0000	0.0000
ENSG00000255331.1	AP000790.2	processed_pseudogene	0	0	0	0.0000	0.0000	0.0000
ENSG00000255332.8	LINC02756	lncRNA	0	0	0	0.0000	0.0000	0.0000
ENSG00000255333.1	AP000435.1	processed_pseudogene	0	0	0	0.0000	0.0000	0.0000
ENSG00000255334.1	AP000907.2	lncRNA	0	0	0	0.0000	0.0000	0.0000
ENSG00000255335.2	LINC02729	lncRNA	0	0	0	0.0000	0.0000	0.0000
ENSG00000255336.1	AP003181.1	unprocessed_pseudogene	0	0	0	0.0000	0.0000	0.0000
ENSG00000255337.1	AP001830.1	lncRNA	19	12	7	1.5571	0.3861	0.4175
ENSG00000255338.1	AC118273.2	processed_pseudogene	0	0	0	0.0000	0.0000	0.0000
ENSG00000255339.6	AL133352.1	protein_coding	0	0	0	0.0000	0.0000	0.0000
ENSG00000255340.1	AC087276.3	lncRNA	0	81	102	0.0000	0.0000	0.0000
ENSG00000255341.1	OR8Q1P	unprocessed_pseudogene	0	0	0	0.0000	0.0000	0.0000
ENSG00000255342.1	AP000926.1	processed_pseudogene	1	0	1	0.1249	0.0310	0.0335
ENSG00000255343.1	AC234917.1	lncRNA	2	1	1	0.3589	0.0890	0.0962
ENSG00000255344.2	LINC02706	lncRNA	0	0	0	0.0000	0.0000	0.0000
ENSG00000255345.1	AP002957.1	lncRNA	19	10	9	0.4491	0.1114	0.1204
ENSG00000255346.10	NOX5	protein_coding	32	11	21	0.1448	0.0359	0.0388
ENSG00000255347.1	AC021820.1	processed_pseudogene	0	0	0	0.0000	0.0000	0.0000
ENSG00000255348.1	AP001775.2	lncRNA	0	26	23	0.0000	0.0000	0.0000
ENSG00000255349.1	OR4A7P	unprocessed_pseudogene	0	0	0	0.0000	0.0000	0.0000
ENSG00000255350.1	MTCO1P15	processed_pseudogene	2	0	2	0.0743	0.0184	0.0199
ENSG00000255351.1	AC023946.1	lncRNA	0	6	6	0.0000	0.0000	0.0000
ENSG00000255352.1	PPP1R10P1	processed_pseudogene	0	0	0	0.0000	0.0000	0.0000
ENSG00000255353.1	ASS1P13	processed_pseudogene	11	4	7	0.5011	0.1243	0.1343
ENSG00000255355.1	AP000640.2	lncRNA	1	0	1	0.0620	0.0154	0.0166
ENSG00000255356.2	AC007536.1	processed_pseudogene	0	0	0	0.0000	0.0000	0.0000
ENSG00000255357.2	AC055878.1	lncRNA	0	0	0	0.0000	0.0000	0.0000
ENSG00000255358.1	NDUFAF2P2	processed_pseudogene	1	1	0	0.1112	0.0276	0.0298
ENSG00000255359.3	CCDC179	protein_coding	0	0	0	0.0000	0.0000	0.0000
ENSG00000255360.1	AP004607.8	unprocessed_pseudogene	0	0	0	0.0000	0.0000	0.0000
ENSG00000255361.1	AC103843.2	processed_pseudogene	0	0	0	0.0000	0.0000	0.0000
ENSG00000255362.1	LINC02761	lncRNA	18	6	12	2.6309	0.6524	0.7054
ENSG00000255363.3	LINC02757	lncRNA	4	3	1	0.1287	0.0319	0.0345
ENSG00000255364.1	SMILR	lncRNA	0	0	0	0.0000	0.0000	0.0000
ENSG00000255365.1	AC040926.1	processed_pseudogene	0	0	0	0.0000	0.0000	0.0000
ENSG00000255366.1	AC120036.4	lncRNA	135	66	70	3.0734	0.7622	0.8241
ENSG00000255367.3	AC127526.2	lncRNA	25	10	17	1.0296	0.2553	0.2761
ENSG00000255368.1	AC087373.1	processed_pseudogene	0	0	0	0.0000	0.0000	0.0000
ENSG00000255369.1	AP000920.1	processed_pseudogene	0	0	0	0.0000	0.0000	0.0000
ENSG00000255370.1	CYCSP25	processed_pseudogene	0	0	0	0.0000	0.0000	0.0000
ENSG00000255371.1	OPCML-IT2	lncRNA	0	0	0	0.0000	0.0000	0.0000
ENSG00000255372.1	AC107886.1	lncRNA	0	16	19	0.0000	0.0000	0.0000
ENSG00000255374.3	TAS2R43	protein_coding	0	0	0	0.0000	0.0000	0.0000
ENSG00000255375.3	AL078612.2	lncRNA	0	0	0	0.0000	0.0000	0.0000
ENSG00000255376.1	AP003066.2	processed_pseudogene	0	0	0	0.0000	0.0000	0.0000
ENSG00000255377.1	DUXAP5	processed_pseudogene	0	0	0	0.0000	0.0000	0.0000
ENSG00000255378.1	PRR23D2	protein_coding	0	0	0	0.0000	0.0000	0.0000
ENSG00000255379.1	CYCSP29	processed_pseudogene	0	0	0	0.0000	0.0000	0.0000
ENSG00000255380.1	AP001317.1	processed_pseudogene	0	0	0	0.0000	0.0000	0.0000
ENSG00000255381.1	AP001258.1	processed_pseudogene	0	0	0	0.0000	0.0000	0.0000
ENSG00000255382.2	LINC02734	lncRNA	12	6	6	0.5633	0.1397	0.1511
ENSG00000255384.1	AP001267.2	lncRNA	1	0	1	0.0272	0.0067	0.0073
ENSG00000255385.1	UBTFL10	processed_pseudogene	0	0	0	0.0000	0.0000	0.0000
ENSG00000255386.1	OR5BR1P	unprocessed_pseudogene	0	0	0	0.0000	0.0000	0.0000
ENSG00000255387.1	RDXP1	processed_pseudogene	0	0	0	0.0000	0.0000	0.0000
ENSG00000255388.6	LINC02741	lncRNA	1	1	0	0.0208	0.0052	0.0056
ENSG00000255389.1	Z97989.1	lncRNA	36	22	26	0.8433	0.2091	0.2261
ENSG00000255390.1	AC091564.4	lncRNA	0	603	599	0.0000	0.0000	0.0000
ENSG00000255391.1	AP003497.1	processed_pseudogene	1	0	1	0.1009	0.0250	0.0271
ENSG00000255393.2	OOSP4B	protein_coding	0	0	0	0.0000	0.0000	0.0000
ENSG00000255394.4	C8orf49	lncRNA	0	0	0	0.0000	0.0000	0.0000
ENSG00000255395.1	AP001972.4	lncRNA	0	0	0	0.0000	0.0000	0.0000
ENSG00000255396.2	AP000857.1	processed_pseudogene	0	0	0	0.0000	0.0000	0.0000
ENSG00000255397.1	NASPP1	processed_pseudogene	2	2	0	0.0523	0.0130	0.0140
ENSG00000255398.3	HCAR3	protein_coding	11	9	11	0.3034	0.0752	0.0814
ENSG00000255399.4	TBX5-AS1	lncRNA	727	389	357	9.8139	2.4337	2.6314
ENSG00000255400.1	AC124276.2	lncRNA	7	4	3	0.7218	0.1790	0.1935
ENSG00000255401.1	AC021269.2	unprocessed_pseudogene	0	0	0	0.0000	0.0000	0.0000
ENSG00000255402.1	AC027451.1	lncRNA	0	0	0	0.0000	0.0000	0.0000
ENSG00000255403.1	HSPD1P13	processed_pseudogene	0	0	0	0.0000	0.0000	0.0000
ENSG00000255404.1	AP001266.1	lncRNA	0	88	85	0.0000	0.0000	0.0000
ENSG00000255406.3	LINC02730	lncRNA	0	0	0	0.0000	0.0000	0.0000
ENSG00000255408.4	PCDHA3	protein_coding	20	13	16	0.1520	0.0377	0.0407
ENSG00000255409.1	RSF1-IT1	lncRNA	3	1	2	0.2692	0.0668	0.0722
ENSG00000255410.2	AC091564.5	lncRNA	19	131	97	0.5190	0.1287	0.1392
ENSG00000255411.3	LINC02548	lncRNA	0	0	0	0.0000	0.0000	0.0000
ENSG00000255413.1	AC022880.1	processed_pseudogene	0	0	0	0.0000	0.0000	0.0000
ENSG00000255415.1	AP000867.3	processed_pseudogene	0	0	0	0.0000	0.0000	0.0000
ENSG00000255416.1	OR10AF1P	unprocessed_pseudogene	0	0	0	0.0000	0.0000	0.0000
ENSG00000255417.1	MTCO2P15	processed_pseudogene	0	0	0	0.0000	0.0000	0.0000
ENSG00000255418.6	LINC02718	lncRNA	5	2	3	0.2103	0.0522	0.0564
ENSG00000255420.2	CASC23	lncRNA	0	0	0	0.0000	0.0000	0.0000
ENSG00000255421.1	AP002340.1	lncRNA	8	11	5	1.5919	0.3948	0.4268
ENSG00000255422.3	AP002954.1	lncRNA	20	165	213	1.1741	0.2912	0.3148
ENSG00000255423.1	EBLN2	protein_coding	61	32	29	2.0603	0.5109	0.5524
ENSG00000255424.1	MRGPRX9P	unprocessed_pseudogene	1	1	0	0.0764	0.0190	0.0205
ENSG00000255425.6	OR8G3P	polymorphic_pseudogene	0	0	0	0.0000	0.0000	0.0000
ENSG00000255426.1	AC044839.2	lncRNA	0	0	0	0.0000	0.0000	0.0000
ENSG00000255427.1	LINC02707	lncRNA	0	0	0	0.0000	0.0000	0.0000
ENSG00000255428.1	AP002008.3	lncRNA	1	1	0	0.0219	0.0054	0.0059
ENSG00000255429.1	AP003400.1	lncRNA	0	0	0	0.0000	0.0000	0.0000
ENSG00000255430.1	CASP1P1	unprocessed_pseudogene	0	0	0	0.0000	0.0000	0.0000
ENSG00000255431.1	OR5B19P	unprocessed_pseudogene	0	0	0	0.0000	0.0000	0.0000
ENSG00000255432.1	AP001458.2	protein_coding	0	0	0	0.0000	0.0000	0.0000
ENSG00000255433.5	LINC02735	lncRNA	0	0	0	0.0000	0.0000	0.0000
ENSG00000255434.1	AP001922.6	lncRNA	5	4	2	0.5193	0.1288	0.1392
ENSG00000255435.7	AP001267.3	lncRNA	50	259	253	1.0533	0.2612	0.2824
ENSG00000255437.1	AC023538.1	processed_pseudogene	0	0	0	0.0000	0.0000	0.0000
ENSG00000255438.2	AL354813.1	lncRNA	27	4079	3956	0.6283	0.1558	0.1685
ENSG00000255439.6	AC135050.2	protein_coding	0	0	0	0.0000	0.0000	0.0000
ENSG00000255440.2	AP001085.1	lncRNA	1	1	0	0.0607	0.0150	0.0163
ENSG00000255441.1	SIGLEC10-AS1	lncRNA	0	95	90	0.0000	0.0000	0.0000
ENSG00000255442.1	AC109635.3	unprocessed_pseudogene	8	4	4	0.4716	0.1170	0.1265
ENSG00000255443.1	CD44-AS1	lncRNA	66	1981	1923	6.3762	1.5812	1.7097
ENSG00000255444.1	CYCSP27	processed_pseudogene	0	0	0	0.0000	0.0000	0.0000
ENSG00000255445.1	AP003072.2	processed_pseudogene	6	3	3	0.5033	0.1248	0.1350
ENSG00000255446.1	AP003064.2	lncRNA	1	3	0	0.1112	0.0276	0.0298
ENSG00000255447.1	AC044839.3	lncRNA	0	0	0	0.0000	0.0000	0.0000
ENSG00000255448.1	AC055860.1	lncRNA	0	0	0	0.0000	0.0000	0.0000
ENSG00000255449.1	AP002812.5	lncRNA	12	195	201	0.9558	0.2370	0.2563
ENSG00000255450.1	AC110056.1	processed_pseudogene	0	0	0	0.0000	0.0000	0.0000
ENSG00000255451.1	AC010768.4	lncRNA	0	0	0	0.0000	0.0000	0.0000
ENSG00000255452.1	AC084851.2	processed_pseudogene	0	0	0	0.0000	0.0000	0.0000
ENSG00000255454.1	AC100770.1	processed_pseudogene	0	0	0	0.0000	0.0000	0.0000
ENSG00000255455.2	AP003486.1	lncRNA	0	0	0	0.0000	0.0000	0.0000
ENSG00000255456.1	AC084125.3	lncRNA	0	0	0	0.0000	0.0000	0.0000
ENSG00000255457.1	AC022880.2	processed_pseudogene	0	0	0	0.0000	0.0000	0.0000
ENSG00000255458.7	AC108471.2	lncRNA	50	34	16	0.7553	0.1873	0.2025
ENSG00000255459.1	AC105233.2	processed_pseudogene	0	0	0	0.0000	0.0000	0.0000
ENSG00000255460.1	ZDHHC20P3	processed_pseudogene	0	0	0	0.0000	0.0000	0.0000
ENSG00000255461.1	OR8I1P	unprocessed_pseudogene	0	0	0	0.0000	0.0000	0.0000
ENSG00000255462.1	AC104031.1	lncRNA	5	4	1	0.7622	0.1890	0.2044
ENSG00000255463.1	AC011979.2	processed_pseudogene	0	0	1	0.0000	0.0000	0.0000
ENSG00000255464.1	SEPTIN14P8	unprocessed_pseudogene	1	0	1	0.3186	0.0790	0.0854
ENSG00000255466.1	OR5AL2P	unprocessed_pseudogene	0	0	0	0.0000	0.0000	0.0000
ENSG00000255467.1	AP002433.1	lncRNA	0	251	262	0.0000	0.0000	0.0000
ENSG00000255468.7	AP001107.9	lncRNA	269	389	410	5.9777	1.4824	1.6028
ENSG00000255469.1	BOLA3P1	processed_pseudogene	0	0	0	0.0000	0.0000	0.0000
ENSG00000255470.1	AC090099.1	lncRNA	0	0	1	0.0000	0.0000	0.0000
ENSG00000255471.1	AP001528.1	lncRNA	105	56	49	4.8888	1.2124	1.3108
ENSG00000255472.1	AL161668.2	lncRNA	0	0	1	0.0000	0.0000	0.0000
ENSG00000255474.1	GAU1	lncRNA	2	0	2	0.0908	0.0225	0.0243
ENSG00000255475.1	AP001007.2	lncRNA	0	0	0	0.0000	0.0000	0.0000
ENSG00000255476.1	AC011092.2	lncRNA	2	1	3	0.1935	0.0480	0.0519
ENSG00000255477.1	AC021713.1	lncRNA	0	0	0	0.0000	0.0000	0.0000
ENSG00000255478.1	AP000944.1	lncRNA	3	14	29	0.3016	0.0748	0.0809
ENSG00000255479.1	AP001189.5	lncRNA	0	0	0	0.0000	0.0000	0.0000
ENSG00000255480.1	AL353699.1	lncRNA	0	0	0	0.0000	0.0000	0.0000
ENSG00000255481.2	OR56A7P	unprocessed_pseudogene	1	0	1	0.0603	0.0149	0.0162
ENSG00000255482.1	AP001830.2	lncRNA	0	0	0	0.0000	0.0000	0.0000
ENSG00000255483.1	AP000889.2	processed_pseudogene	0	0	0	0.0000	0.0000	0.0000
ENSG00000255484.2	LINC02764	lncRNA	0	0	0	0.0000	0.0000	0.0000
ENSG00000255485.1	OR5G4P	unprocessed_pseudogene	0	0	0	0.0000	0.0000	0.0000
ENSG00000255486.1	AP003122.4	unprocessed_pseudogene	0	0	0	0.0000	0.0000	0.0000
ENSG00000255487.1	AC087362.2	lncRNA	5	53	51	1.1076	0.2747	0.2970
ENSG00000255489.1	AC115990.1	processed_pseudogene	0	0	0	0.0000	0.0000	0.0000
ENSG00000255490.1	EIF4A2P5	processed_pseudogene	0	0	0	0.0000	0.0000	0.0000
ENSG00000255491.3	AC100858.2	lncRNA	22	12	12	0.2572	0.0638	0.0690
ENSG00000255492.1	H3P33	processed_pseudogene	1	1	0	0.1533	0.0380	0.0411
ENSG00000255493.2	OR4A10P	unprocessed_pseudogene	0	0	0	0.0000	0.0000	0.0000
ENSG00000255494.1	LINC00681	lncRNA	0	0	0	0.0000	0.0000	0.0000
ENSG00000255495.1	AC145124.1	lncRNA	6	3	3	0.2500	0.0620	0.0670
ENSG00000255496.1	AC103796.1	lncRNA	0	0	0	0.0000	0.0000	0.0000
ENSG00000255497.1	AC022616.8	processed_pseudogene	0	0	0	0.0000	0.0000	0.0000
ENSG00000255498.1	AC068385.1	lncRNA	0	118	139	0.0000	0.0000	0.0000
ENSG00000255499.1	AC036111.3	processed_pseudogene	0	0	0	0.0000	0.0000	0.0000
ENSG00000255500.2	AC109635.4	processed_pseudogene	0	0	0	0.0000	0.0000	0.0000
ENSG00000255501.3	CARD18	protein_coding	0	0	0	0.0000	0.0000	0.0000
ENSG00000255502.6	LINC02713	lncRNA	0	0	0	0.0000	0.0000	0.0000
ENSG00000255503.1	AP001767.2	lncRNA	19	153	146	2.4713	0.6129	0.6626
ENSG00000255504.2	AP001533.1	transcribed_processed_pseudogene	2	1	1	0.2077	0.0515	0.0557
ENSG00000255505.1	AC079064.1	processed_pseudogene	0	0	0	0.0000	0.0000	0.0000
ENSG00000255506.1	AP003718.1	lncRNA	0	0	0	0.0000	0.0000	0.0000
ENSG00000255507.6	UVRAG-DT	lncRNA	17	11	11	0.5853	0.1452	0.1570
ENSG00000255508.7	AP002990.1	protein_coding	108	63	45	1.1785	0.2923	0.3160
ENSG00000255510.1	OR8A2P	unprocessed_pseudogene	0	0	0	0.0000	0.0000	0.0000
ENSG00000255511.1	AC023078.2	processed_pseudogene	0	0	0	0.0000	0.0000	0.0000
ENSG00000255512.2	LINC02684	lncRNA	0	0	0	0.0000	0.0000	0.0000
ENSG00000255513.1	AC005363.1	transcribed_processed_pseudogene	0	0	0	0.0000	0.0000	0.0000
ENSG00000255514.1	OR4B2P	unprocessed_pseudogene	0	0	0	0.0000	0.0000	0.0000
ENSG00000255515.1	AP003499.1	processed_pseudogene	0	0	0	0.0000	0.0000	0.0000
ENSG00000255516.1	AP005436.3	lncRNA	0	0	0	0.0000	0.0000	0.0000
ENSG00000255517.6	AP002748.4	lncRNA	333	473	460	9.1806	2.2767	2.4616
ENSG00000255519.1	AC103855.4	processed_pseudogene	0	0	0	0.0000	0.0000	0.0000
ENSG00000255520.1	AC090589.2	lncRNA	0	0	0	0.0000	0.0000	0.0000
ENSG00000255521.2	AL356215.1	lncRNA	56	28	30	1.1326	0.2809	0.3037
ENSG00000255522.1	SNRPCP5	processed_pseudogene	0	0	0	0.0000	0.0000	0.0000
ENSG00000255523.1	AP001652.1	lncRNA	0	0	0	0.0000	0.0000	0.0000
ENSG00000255524.7	NPIPB8	protein_coding	3	1	2	0.0728	0.0180	0.0195
ENSG00000255525.1	AL137804.1	lncRNA	1	8	5	0.0985	0.0244	0.0264
ENSG00000255526.6	NEDD8-MDP1	protein_coding	0	0	0	0.0000	0.0000	0.0000
ENSG00000255527.1	AC027369.5	unprocessed_pseudogene	0	0	0	0.0000	0.0000	0.0000
ENSG00000255528.1	AP003123.1	lncRNA	0	0	0	0.0000	0.0000	0.0000
ENSG00000255529.9	POLR2M	protein_coding	1910	1007	903	16.6435	4.1274	4.4627
ENSG00000255530.1	AF235103.2	processed_pseudogene	0	2	0	0.0000	0.0000	0.0000
ENSG00000255531.1	NDUFS5P6	processed_pseudogene	1	1	0	0.1922	0.0477	0.0515
ENSG00000255532.1	AC118942.1	transcribed_unprocessed_pseudogene	1	0	1	0.0441	0.0109	0.0118
ENSG00000255533.1	AC136475.6	processed_pseudogene	1	0	1	0.1962	0.0487	0.0526
ENSG00000255534.1	OR4A43P	unprocessed_pseudogene	0	0	0	0.0000	0.0000	0.0000
ENSG00000255535.2	AP003041.2	processed_pseudogene	1	0	1	0.0802	0.0199	0.0215
ENSG00000255536.1	MRGPRX5P	unprocessed_pseudogene	0	0	0	0.0000	0.0000	0.0000
ENSG00000255537.1	AP000708.1	lncRNA	1	1	0	0.0166	0.0041	0.0044
ENSG00000255538.1	OR10V2P	unprocessed_pseudogene	0	0	0	0.0000	0.0000	0.0000
ENSG00000255539.1	AP002336.3	lncRNA	3	678	712	0.4636	0.1150	0.1243
ENSG00000255540.1	AP003122.5	processed_pseudogene	0	0	0	0.0000	0.0000	0.0000
ENSG00000255541.1	CKS1BP4	processed_pseudogene	0	0	0	0.0000	0.0000	0.0000
ENSG00000255542.1	AC090625.2	lncRNA	0	0	0	0.0000	0.0000	0.0000
ENSG00000255543.1	AP005597.4	processed_pseudogene	0	0	0	0.0000	0.0000	0.0000
ENSG00000255544.2	DEFB108D	unprocessed_pseudogene	0	0	0	0.0000	0.0000	0.0000
ENSG00000255545.8	B3GAT1-DT	lncRNA	0	0	0	0.0000	0.0000	0.0000
ENSG00000255547.1	RPA2P3	processed_pseudogene	0	0	0	0.0000	0.0000	0.0000
ENSG00000255548.1	AP003043.1	lncRNA	1	0	1	0.1037	0.0257	0.0278
ENSG00000255549.2	ENPP7P6	transcribed_unprocessed_pseudogene	1	1	0	0.0610	0.0151	0.0164
ENSG00000255550.1	AP006587.4	unprocessed_pseudogene	0	0	0	0.0000	0.0000	0.0000
ENSG00000255551.1	AC027369.6	unprocessed_pseudogene	0	0	0	0.0000	0.0000	0.0000
ENSG00000255552.7	LY6G6E	protein_coding	0	0	0	0.0000	0.0000	0.0000
ENSG00000255553.2	LINC02733	lncRNA	1	1	1	0.0168	0.0042	0.0045
ENSG00000255554.1	OR7E1P	unprocessed_pseudogene	0	0	0	0.0000	0.0000	0.0000
ENSG00000255555.1	AP000857.2	lncRNA	0	0	0	0.0000	0.0000	0.0000
ENSG00000255556.2	AC087203.2	processed_pseudogene	3	3	0	0.1072	0.0266	0.0287
ENSG00000255557.1	AP001266.2	lncRNA	23	12	11	2.8111	0.6971	0.7537
ENSG00000255558.1	AC013762.1	lncRNA	0	0	0	0.0000	0.0000	0.0000
ENSG00000255559.1	ZNF252P-AS1	lncRNA	31	41	40	0.5433	0.1347	0.1457
ENSG00000255560.1	OR4R2P	unprocessed_pseudogene	0	0	0	0.0000	0.0000	0.0000
ENSG00000255561.7	FDXACB1	protein_coding	134	60	78	2.1400	0.5307	0.5738
ENSG00000255562.2	UNC93B6	transcribed_processed_pseudogene	1	1	0	0.0496	0.0123	0.0133
ENSG00000255563.1	AC021006.2	processed_pseudogene	0	0	0	0.0000	0.0000	0.0000
ENSG00000255565.1	AC073651.1	lncRNA	1	0	1	0.1220	0.0302	0.0327
ENSG00000255566.1	AC135279.2	processed_pseudogene	5	2	3	0.5626	0.1395	0.1509
ENSG00000255568.3	BRWD1-AS2	lncRNA	32	17	15	1.7653	0.4378	0.4733
ENSG00000255569.1	TRAV1-1	TR_V_gene	1	0	1	0.1447	0.0359	0.0388
ENSG00000255571.9	MIR9-3HG	lncRNA	325	179	146	1.8841	0.4672	0.5052
ENSG00000255572.1	AC018653.1	lncRNA	1	1	1	0.0871	0.0216	0.0234
ENSG00000255575.1	AC004812.1	processed_pseudogene	0	0	0	0.0000	0.0000	0.0000
ENSG00000255580.1	AP000462.1	lncRNA	1	1	1	0.0693	0.0172	0.0186
ENSG00000255581.1	AC006511.2	processed_pseudogene	0	0	0	0.0000	0.0000	0.0000
ENSG00000255582.1	OR10G2	protein_coding	0	0	0	0.0000	0.0000	0.0000
ENSG00000255583.2	AC084357.3	transcribed_unprocessed_pseudogene	0	0	0	0.0000	0.0000	0.0000
ENSG00000255585.3	AL590627.1	transcribed_processed_pseudogene	10	172	149	0.1075	0.0267	0.0288
ENSG00000255587.9	RAB44	protein_coding	31	23	8	0.4128	0.1024	0.1107
ENSG00000255595.5	AC007368.1	lncRNA	0	0	0	0.0000	0.0000	0.0000
ENSG00000255599.1	AP000997.2	lncRNA	0	0	0	0.0000	0.0000	0.0000
ENSG00000255605.1	AP000820.1	lncRNA	0	0	0	0.0000	0.0000	0.0000
ENSG00000255606.1	AP000439.1	lncRNA	32	17	15	3.1234	0.7746	0.8375
ENSG00000255608.1	AC006063.1	lncRNA	2	1	1	0.2025	0.0502	0.0543
ENSG00000255618.2	LINC02440	lncRNA	0	0	0	0.0000	0.0000	0.0000
ENSG00000255621.1	AC023790.2	lncRNA	20	9	11	0.4720	0.1170	0.1266
ENSG00000255622.3	PCDHB17P	transcribed_unprocessed_pseudogene	5	4	1	0.0925	0.0229	0.0248
ENSG00000255624.3	C10orf88B	transcribed_processed_pseudogene	35	15	21	0.9297	0.2305	0.2493
ENSG00000255627.1	AC092862.1	processed_pseudogene	0	0	0	0.0000	0.0000	0.0000
ENSG00000255628.1	AC140847.1	lncRNA	0	0	0	0.0000	0.0000	0.0000
ENSG00000255629.1	AC025576.1	lncRNA	0	191	185	0.0000	0.0000	0.0000
ENSG00000255633.5	MTRNR2L9	processed_pseudogene	0	0	0	0.0000	0.0000	0.0000
ENSG00000255639.3	AC005833.1	protein_coding	4	1	3	0.0573	0.0142	0.0154
ENSG00000255641.1	AC068775.1	protein_coding	0	0	0	0.0000	0.0000	0.0000
ENSG00000255642.1	PABPC1P4	processed_pseudogene	100	52	54	3.0245	0.7501	0.8110
ENSG00000255644.1	AC010185.1	lncRNA	1	48	84	0.1244	0.0308	0.0333
ENSG00000255647.3	AC093510.1	lncRNA	11	4	7	0.9311	0.2309	0.2496
ENSG00000255648.1	AC087242.1	lncRNA	0	0	0	0.0000	0.0000	0.0000
ENSG00000255649.2	AC008114.1	lncRNA	2	316	333	0.1063	0.0264	0.0285
ENSG00000255650.6	FAM222A-AS1	lncRNA	22	13	9	1.1682	0.2897	0.3132
ENSG00000255652.4	AC140847.2	lncRNA	13	10	3	0.3426	0.0850	0.0919
ENSG00000255653.1	AP002383.1	unprocessed_pseudogene	0	0	0	0.0000	0.0000	0.0000
ENSG00000255655.1	AC007570.1	lncRNA	3	2	6	0.2821	0.0700	0.0757
ENSG00000255660.1	RERG-AS1	lncRNA	5	5	0	0.8414	0.2087	0.2256
ENSG00000255663.1	AP002373.1	protein_coding	0	0	0	0.0000	0.0000	0.0000
ENSG00000255664.1	ARL6IP1P1	processed_pseudogene	0	0	0	0.0000	0.0000	0.0000
ENSG00000255666.7	LINC02700	lncRNA	1	1	0	0.0184	0.0046	0.0049
ENSG00000255669.2	AC092471.1	transcribed_unitary_pseudogene	4	4	0	0.2217	0.0550	0.0595
ENSG00000255670.1	AC007619.1	lncRNA	7	4	4	0.9635	0.2389	0.2584
ENSG00000255671.1	AC007406.1	lncRNA	1	0	1	0.1800	0.0446	0.0483
ENSG00000255672.1	AP002892.1	lncRNA	0	0	0	0.0000	0.0000	0.0000
ENSG00000255679.1	JRKL-AS1	lncRNA	0	0	0	0.0000	0.0000	0.0000
ENSG00000255680.1	AC091564.6	lncRNA	0	382	328	0.0000	0.0000	0.0000
ENSG00000255686.1	AC073864.1	lncRNA	0	7	16	0.0000	0.0000	0.0000
ENSG00000255689.1	AP003174.1	lncRNA	0	0	0	0.0000	0.0000	0.0000
ENSG00000255690.3	TRIL	protein_coding	2949	1605	1527	33.6291	8.3397	9.0171
ENSG00000255692.1	AC002563.1	lncRNA	1	17	14	0.1257	0.0312	0.0337
ENSG00000255693.3	LINC02389	lncRNA	6	4	2	0.0438	0.0109	0.0117
ENSG00000255700.2	APOOP3	processed_pseudogene	0	0	0	0.0000	0.0000	0.0000
ENSG00000255703.1	AC127070.3	processed_pseudogene	0	0	0	0.0000	0.0000	0.0000
ENSG00000255704.1	AC140063.1	processed_pseudogene	0	0	0	0.0000	0.0000	0.0000
ENSG00000255710.2	AP003170.1	processed_pseudogene	4	3	1	0.2202	0.0546	0.0591
ENSG00000255713.2	OR4D2	protein_coding	0	0	0	0.0000	0.0000	0.0000
ENSG00000255714.1	LINC02460	lncRNA	0	0	0	0.0000	0.0000	0.0000
ENSG00000255717.7	SNHG1	lncRNA	1143	559	584	16.3273	4.0490	4.3779
ENSG00000255723.1	AC108516.2	lncRNA	0	0	0	0.0000	0.0000	0.0000
ENSG00000255725.2	TDGP1	processed_pseudogene	0	0	0	0.0000	0.0000	0.0000
ENSG00000255726.1	AL662844.1	unprocessed_pseudogene	0	0	0	0.0000	0.0000	0.0000
ENSG00000255727.2	LINC01489	lncRNA	7	2	5	0.4105	0.1018	0.1101
ENSG00000255730.5	AC011462.1	protein_coding	0	0	0	0.0000	0.0000	0.0000
ENSG00000255733.6	IFNG-AS1	lncRNA	5	2	3	0.0625	0.0155	0.0168
ENSG00000255734.1	HNRNPABP1	processed_pseudogene	5	2	3	0.3863	0.0958	0.1036
ENSG00000255737.2	AGAP2-AS1	lncRNA	50	523	577	1.8903	0.4688	0.5069
ENSG00000255741.1	AP000808.1	lncRNA	5	3	2	0.4983	0.1236	0.1336
ENSG00000255745.2	AC023796.1	lncRNA	10	6	4	0.2246	0.0557	0.0602
ENSG00000255746.1	AC007406.2	lncRNA	0	0	0	0.0000	0.0000	0.0000
ENSG00000255749.1	GNAI2P1	processed_pseudogene	0	0	0	0.0000	0.0000	0.0000
ENSG00000255750.6	AC022509.1	lncRNA	12	707	718	0.2837	0.0703	0.0761
ENSG00000255753.1	AC009533.2	processed_pseudogene	0	0	0	0.0000	0.0000	0.0000
ENSG00000255757.1	AC087894.1	processed_pseudogene	0	0	0	0.0000	0.0000	0.0000
ENSG00000255760.2	LINC02422	lncRNA	10	1	9	0.4264	0.1057	0.1143
ENSG00000255763.1	MRPS18CP4	processed_pseudogene	0	0	0	0.0000	0.0000	0.0000
ENSG00000255769.7	GOLGA2P10	transcribed_unprocessed_pseudogene	49	55	69	1.5807	0.3920	0.4238
ENSG00000255772.5	LINC01479	lncRNA	0	0	0	0.0000	0.0000	0.0000
ENSG00000255774.2	LINC02747	lncRNA	1096	559	537	25.7687	6.3904	6.9095
ENSG00000255775.1	AC005845.1	lncRNA	4	2	2	0.3474	0.0861	0.0931
ENSG00000255776.1	VDAC2P2	processed_pseudogene	0	0	0	0.0000	0.0000	0.0000
ENSG00000255780.1	AC020611.1	processed_pseudogene	1	1	0	0.2233	0.0554	0.0599
ENSG00000255786.1	AP000763.1	processed_pseudogene	0	0	0	0.0000	0.0000	0.0000
ENSG00000255790.6	AC078950.1	lncRNA	2	0	2	0.0904	0.0224	0.0243
ENSG00000255794.9	RMST	lncRNA	24	11	13	0.1330	0.0330	0.0357
ENSG00000255801.1	AC092746.1	lncRNA	0	0	0	0.0000	0.0000	0.0000
ENSG00000255804.2	OR6J1	protein_coding	0	0	0	0.0000	0.0000	0.0000
ENSG00000255807.1	PTP4A1P2	processed_pseudogene	0	0	0	0.0000	0.0000	0.0000
ENSG00000255808.1	PDE2A-AS1	lncRNA	0	0	0	0.0000	0.0000	0.0000
ENSG00000255811.1	AL121988.1	lncRNA	1	0	1	0.1013	0.0251	0.0272
ENSG00000255814.2	LINC02439	lncRNA	0	0	0	0.0000	0.0000	0.0000
ENSG00000255815.3	KRT8P11	processed_pseudogene	6	1	5	0.2369	0.0588	0.0635
ENSG00000255817.1	AC025576.2	lncRNA	0	27	25	0.0000	0.0000	0.0000
ENSG00000255819.7	KLRC4-KLRK1	protein_coding	0	0	0	0.0000	0.0000	0.0000
ENSG00000255823.5	MTRNR2L8	protein_coding	44	21	24	1.9298	0.4786	0.5174
ENSG00000255825.1	AC006205.1	lncRNA	0	0	0	0.0000	0.0000	0.0000
ENSG00000255829.1	AC092490.2	lncRNA	0	0	0	0.0000	0.0000	0.0000
ENSG00000255830.2	AC069240.1	processed_pseudogene	0	0	0	0.0000	0.0000	0.0000
ENSG00000255833.2	TIFAB	protein_coding	6	2	4	0.0580	0.0144	0.0156
ENSG00000255835.1	AL117348.2	protein_coding	0	0	0	0.0000	0.0000	0.0000
ENSG00000255836.1	AC131206.1	processed_pseudogene	6	2	4	0.2810	0.0697	0.0753
ENSG00000255837.1	TAS2R20	protein_coding	25	14	11	1.0266	0.2546	0.2753
ENSG00000255838.1	AC069262.1	unprocessed_pseudogene	0	0	0	0.0000	0.0000	0.0000
ENSG00000255839.1	AC117503.1	lncRNA	0	258	257	0.0000	0.0000	0.0000
ENSG00000255843.1	AP000593.3	lncRNA	4	31	17	0.3925	0.0973	0.1052
ENSG00000255845.1	AP000777.1	lncRNA	3	2	1	0.4792	0.1188	0.1285
ENSG00000255847.5	AP003717.1	lncRNA	13	22	12	0.5221	0.1295	0.1400
ENSG00000255850.2	RXYLT1-AS1	lncRNA	0	340	352	0.0000	0.0000	0.0000
ENSG00000255851.2	Metazoa_SRP	misc_RNA	0	0	0	0.0000	0.0000	0.0000
ENSG00000255853.1	AC006065.1	processed_pseudogene	0	0	0	0.0000	0.0000	0.0000
ENSG00000255855.2	KDM4F	protein_coding	0	0	0	0.0000	0.0000	0.0000
ENSG00000255856.2	AC069503.1	lncRNA	1	31	31	0.0496	0.0123	0.0133
ENSG00000255857.6	PXN-AS1	lncRNA	185	1948	1947	2.2664	0.5621	0.6077
ENSG00000255858.3	AC055720.1	lncRNA	2	0	2	0.1002	0.0248	0.0269
ENSG00000255860.3	AP000812.2	unprocessed_pseudogene	0	0	0	0.0000	0.0000	0.0000
ENSG00000255866.2	AC090023.1	lncRNA	0	1	0	0.0000	0.0000	0.0000
ENSG00000255867.1	DENND5B-AS1	lncRNA	14	5	10	0.6070	0.1505	0.1628
ENSG00000255870.1	AP003170.2	processed_pseudogene	0	0	0	0.0000	0.0000	0.0000
ENSG00000255871.2	AC007529.1	lncRNA	0	0	0	0.0000	0.0000	0.0000
ENSG00000255872.3	AL138752.2	protein_coding	0	0	0	0.0000	0.0000	0.0000
ENSG00000255874.2	PRECSIT	lncRNA	219	112	107	1.9824	0.4916	0.5315
ENSG00000255875.2	PABPN1P2	processed_pseudogene	1	4	2	0.0641	0.0159	0.0172
ENSG00000255882.1	AC091814.1	lncRNA	2	64	66	0.1577	0.0391	0.0423
ENSG00000255883.1	FUNDC2P1	processed_pseudogene	26	13	13	2.5868	0.6415	0.6936
ENSG00000255885.1	AC124891.1	processed_pseudogene	0	1	6	0.0000	0.0000	0.0000
ENSG00000255886.1	AC020611.2	lncRNA	3	43	33	0.2535	0.0629	0.0680
ENSG00000255892.1	NDFIP1P1	processed_pseudogene	0	0	0	0.0000	0.0000	0.0000
ENSG00000255893.1	AP000786.1	lncRNA	18	10	8	1.7569	0.4357	0.4711
ENSG00000255899.1	AL662844.2	unprocessed_pseudogene	0	0	0	0.0000	0.0000	0.0000
ENSG00000255900.1	AC006065.2	processed_pseudogene	0	0	0	0.0000	0.0000	0.0000
ENSG00000255903.2	RPL12P46	processed_pseudogene	0	0	0	0.0000	0.0000	0.0000
ENSG00000255909.1	PDCD5P1	processed_pseudogene	1	1	0	0.1835	0.0455	0.0492
ENSG00000255910.2	AC024901.1	lncRNA	2	0	2	0.0412	0.0102	0.0110
ENSG00000255916.1	AC148477.1	lncRNA	0	0	0	0.0000	0.0000	0.0000
ENSG00000255919.1	AC226150.1	processed_pseudogene	0	0	0	0.0000	0.0000	0.0000
ENSG00000255920.3	CCND2-AS1	lncRNA	26	72	88	0.3353	0.0832	0.0899
ENSG00000255921.1	AC026310.1	lncRNA	3	2	2	0.2337	0.0580	0.0627
ENSG00000255923.1	AC078878.1	processed_pseudogene	0	0	0	0.0000	0.0000	0.0000
ENSG00000255928.1	AP002993.1	lncRNA	0	0	0	0.0000	0.0000	0.0000
ENSG00000255929.5	AP000943.2	lncRNA	0	102	112	0.0000	0.0000	0.0000
ENSG00000255931.2	AP003108.1	lncRNA	2	2	0	0.0702	0.0174	0.0188
ENSG00000255933.1	AC117500.2	lncRNA	5	0	5	0.4258	0.1056	0.1142
ENSG00000255944.1	AC006065.3	lncRNA	0	0	0	0.0000	0.0000	0.0000
ENSG00000255945.1	AC025252.1	lncRNA	0	0	0	0.0000	0.0000	0.0000
ENSG00000255946.1	AC069234.1	lncRNA	3	2	1	0.2918	0.0724	0.0782
ENSG00000255947.1	AP002754.2	lncRNA	2	1	1	0.2455	0.0609	0.0658
ENSG00000255949.1	RPS6KB2-AS1	lncRNA	0	267	251	0.0000	0.0000	0.0000
ENSG00000255951.1	AC022364.2	processed_pseudogene	0	0	0	0.0000	0.0000	0.0000
ENSG00000255958.1	GABARAPL1-AS1	lncRNA	0	13	8	0.0000	0.0000	0.0000
ENSG00000255959.1	AP000777.2	lncRNA	0	263	225	0.0000	0.0000	0.0000
ENSG00000255960.1	AC092851.1	processed_pseudogene	0	0	0	0.0000	0.0000	0.0000
ENSG00000255964.1	HSPD1P12	processed_pseudogene	1	0	1	0.0530	0.0132	0.0142
ENSG00000255965.1	AC073916.1	processed_pseudogene	0	0	0	0.0000	0.0000	0.0000
ENSG00000255966.1	AC006064.3	lncRNA	5	5	3	0.5944	0.1474	0.1594
ENSG00000255967.1	HADHAP2	processed_pseudogene	16	35	43	0.3971	0.0985	0.1065
ENSG00000255968.1	AC024145.1	lncRNA	7	3	4	0.5122	0.1270	0.1373
ENSG00000255970.1	LINC02421	lncRNA	2	2	0	0.0362	0.0090	0.0097
ENSG00000255972.1	AC026333.1	processed_pseudogene	0	0	0	0.0000	0.0000	0.0000
ENSG00000255973.1	AC137627.1	processed_pseudogene	0	0	0	0.0000	0.0000	0.0000
ENSG00000255974.8	CYP2A6	protein_coding	2	1	1	0.0510	0.0127	0.0137
ENSG00000255976.1	RAB11AP2	processed_pseudogene	0	0	0	0.0000	0.0000	0.0000
ENSG00000255977.1	AC006927.1	processed_pseudogene	0	0	0	0.0000	0.0000	0.0000
ENSG00000255980.1	AP000439.2	lncRNA	23	12	11	0.5490	0.1361	0.1472
ENSG00000255982.1	NXPE2P1	processed_pseudogene	0	0	0	0.0000	0.0000	0.0000
ENSG00000255983.1	AC007848.1	lncRNA	3	2	1	0.1211	0.0300	0.0325
ENSG00000255986.6	MT1JP	transcribed_unprocessed_pseudogene	0	0	0	0.0000	0.0000	0.0000
ENSG00000255987.1	TOMM20P2	processed_pseudogene	9	1	8	1.2123	0.3006	0.3251
ENSG00000255988.1	TUBB4BP1	processed_pseudogene	0	0	0	0.0000	0.0000	0.0000
ENSG00000255991.2	AC121334.1	processed_pseudogene	0	0	0	0.0000	0.0000	0.0000
ENSG00000255992.1	AC131009.1	lncRNA	20	13	19	2.6624	0.6603	0.7139
ENSG00000255993.1	PSMC1P9	processed_pseudogene	0	0	0	0.0000	0.0000	0.0000
ENSG00000255995.1	AP002795.1	processed_pseudogene	0	0	0	0.0000	0.0000	0.0000
ENSG00000255996.1	AC005906.1	processed_pseudogene	0	0	0	0.0000	0.0000	0.0000
ENSG00000255998.2	LINC02824	lncRNA	0	0	0	0.0000	0.0000	0.0000
ENSG00000256001.2	AC079949.1	lncRNA	0	0	0	0.0000	0.0000	0.0000
ENSG00000256004.1	AC092490.3	processed_pseudogene	0	0	0	0.0000	0.0000	0.0000
ENSG00000256006.1	AC084117.1	lncRNA	12	5	7	2.5204	0.6250	0.6758
ENSG00000256007.1	ARAP1-AS1	lncRNA	0	496	515	0.0000	0.0000	0.0000
ENSG00000256008.3	AC125616.1	lncRNA	0	0	0	0.0000	0.0000	0.0000
ENSG00000256011.1	AC007688.3	lncRNA	3	0	3	0.4611	0.1143	0.1236
ENSG00000256013.1	AC027277.1	lncRNA	0	2648	2613	0.0000	0.0000	0.0000
ENSG00000256019.1	TAS2R63P	unprocessed_pseudogene	0	0	0	0.0000	0.0000	0.0000
ENSG00000256020.1	AC006205.2	lncRNA	0	0	0	0.0000	0.0000	0.0000
ENSG00000256021.1	ELOCP31	processed_pseudogene	0	0	0	0.0000	0.0000	0.0000
ENSG00000256022.6	LINC02411	lncRNA	2	1	1	0.0431	0.0107	0.0115
ENSG00000256025.2	CACNA1C-AS4	lncRNA	2	0	2	0.0635	0.0157	0.0170
ENSG00000256028.2	AC026362.1	lncRNA	0	0	0	0.0000	0.0000	0.0000
ENSG00000256029.6	AL590560.2	protein_coding	6	176	183	0.0420	0.0104	0.0113
ENSG00000256030.1	CBX3P4	transcribed_processed_pseudogene	1	1	0	0.0868	0.0215	0.0233
ENSG00000256034.1	AP002770.1	lncRNA	0	813	744	0.0000	0.0000	0.0000
ENSG00000256035.1	AP000619.2	processed_pseudogene	0	0	0	0.0000	0.0000	0.0000
ENSG00000256037.1	MRPL40P1	processed_pseudogene	3	2	1	0.2817	0.0699	0.0755
ENSG00000256039.2	LINC02446	lncRNA	30	18	12	1.2889	0.3196	0.3456
ENSG00000256040.2	PAPPA-AS1	lncRNA	0	107	103	0.0000	0.0000	0.0000
ENSG00000256041.1	AP001858.1	processed_pseudogene	0	0	0	0.0000	0.0000	0.0000
ENSG00000256043.4	CTSO	protein_coding	6108	3020	3088	116.4318	28.8739	31.2192
ENSG00000256044.1	AC026333.2	processed_pseudogene	0	0	0	0.0000	0.0000	0.0000
ENSG00000256045.3	MTRNR2L10	protein_coding	3	3	0	0.1619	0.0401	0.0434
ENSG00000256053.9	COA8	protein_coding	456	230	226	6.6002	1.6368	1.7697
ENSG00000256056.1	AC087257.2	unprocessed_pseudogene	0	0	0	0.0000	0.0000	0.0000
ENSG00000256060.3	TRAPPC2B	protein_coding	245	138	107	7.4900	1.8574	2.0083
ENSG00000256061.7	DNAAF4	protein_coding	44	24	21	0.8505	0.2109	0.2280
ENSG00000256064.1	AC063926.1	lncRNA	1	1	0	0.1367	0.0339	0.0366
ENSG00000256069.7	A2MP1	transcribed_unprocessed_pseudogene	5	19	10	0.0609	0.0151	0.0163
ENSG00000256070.1	AC016956.1	processed_pseudogene	2	1	1	0.1024	0.0254	0.0274
ENSG00000256071.1	AC084291.1	lncRNA	0	0	0	0.0000	0.0000	0.0000
ENSG00000256072.1	AC078889.1	lncRNA	0	8	13	0.0000	0.0000	0.0000
ENSG00000256073.3	URB1-AS1	lncRNA	207	107	100	14.1263	3.5032	3.7877
ENSG00000256075.1	AC008033.1	processed_pseudogene	0	0	0	0.0000	0.0000	0.0000
ENSG00000256077.5	LINC02442	lncRNA	0	0	0	0.0000	0.0000	0.0000
ENSG00000256079.1	FAM133GP	processed_pseudogene	0	0	0	0.0000	0.0000	0.0000
ENSG00000256081.2	AC243972.2	processed_pseudogene	1	1	0	0.0572	0.0142	0.0153
ENSG00000256083.1	AC090673.1	lncRNA	0	0	0	0.0000	0.0000	0.0000
ENSG00000256084.1	AC092112.1	lncRNA	7	4	3	0.6203	0.1538	0.1663
ENSG00000256085.1	AC130404.1	lncRNA	0	0	0	0.0000	0.0000	0.0000
ENSG00000256087.7	ZNF432	protein_coding	867	454	482	8.2138	2.0369	2.2024
ENSG00000256091.1	MTRF1LP1	processed_pseudogene	0	0	0	0.0000	0.0000	0.0000
ENSG00000256092.2	SBNO1-AS1	lncRNA	41	35	45	1.0352	0.2567	0.2776
ENSG00000256093.1	AC122688.1	processed_pseudogene	0	0	0	0.0000	0.0000	0.0000
ENSG00000256098.1	AP002392.1	processed_pseudogene	0	0	0	0.0000	0.0000	0.0000
ENSG00000256100.1	AP000721.1	protein_coding	0	0	0	0.0000	0.0000	0.0000
ENSG00000256101.5	AC092745.1	lncRNA	0	0	0	0.0000	0.0000	0.0000
ENSG00000256103.2	ATP5MFP5	processed_pseudogene	1	0	1	0.2198	0.0545	0.0589
ENSG00000256108.1	AC135586.1	processed_pseudogene	0	0	0	0.0000	0.0000	0.0000
ENSG00000256115.6	LINC02443	lncRNA	0	0	0	0.0000	0.0000	0.0000
ENSG00000256116.1	AP001453.1	lncRNA	8	237	245	0.4317	0.1070	0.1157
ENSG00000256120.2	SOX5-AS1	lncRNA	2	1	1	0.0328	0.0081	0.0088
ENSG00000256124.6	LINC01152	lncRNA	7	4	4	0.0953	0.0236	0.0256
ENSG00000256125.1	FAM32EP	processed_pseudogene	1	1	0	0.1713	0.0425	0.0459
ENSG00000256128.6	LINC00944	lncRNA	2	4	1	0.0210	0.0052	0.0056
ENSG00000256134.1	EGLN3P1	processed_pseudogene	0	0	0	0.0000	0.0000	0.0000
ENSG00000256136.1	AC092865.2	processed_pseudogene	0	0	0	0.0000	0.0000	0.0000
ENSG00000256137.1	AC117373.1	lncRNA	0	0	0	0.0000	0.0000	0.0000
ENSG00000256138.1	ZKSCAN7P1	processed_pseudogene	0	0	0	0.0000	0.0000	0.0000
ENSG00000256139.2	AC007637.1	lncRNA	50	23	27	3.1159	0.7727	0.8355
ENSG00000256146.1	AC006206.1	lncRNA	0	0	0	0.0000	0.0000	0.0000
ENSG00000256148.1	AP000763.2	processed_pseudogene	9	8	2	3.1312	0.7765	0.8396
ENSG00000256149.1	AC087863.2	lncRNA	0	0	0	0.0000	0.0000	0.0000
ENSG00000256150.2	ITFG2-AS1	lncRNA	0	18	17	0.0000	0.0000	0.0000
ENSG00000256151.1	ADGRD1-AS1	lncRNA	0	11	10	0.0000	0.0000	0.0000
ENSG00000256152.2	AC027290.1	lncRNA	0	135	126	0.0000	0.0000	0.0000
ENSG00000256155.1	LINC02598	lncRNA	0	0	0	0.0000	0.0000	0.0000
ENSG00000256157.1	AC011604.1	processed_pseudogene	0	0	0	0.0000	0.0000	0.0000
ENSG00000256159.1	AC022080.2	processed_pseudogene	0	0	0	0.0000	0.0000	0.0000
ENSG00000256162.2	SMLR1	protein_coding	3	2	1	0.0677	0.0168	0.0182
ENSG00000256166.1	LINC02571	lncRNA	14	9	5	1.4812	0.3673	0.3972
ENSG00000256167.1	ATF4P4	transcribed_processed_pseudogene	1	0	1	0.0265	0.0066	0.0071
ENSG00000256171.1	GCSHP4	processed_pseudogene	0	0	0	0.0000	0.0000	0.0000
ENSG00000256172.1	LINC02420	lncRNA	0	0	0	0.0000	0.0000	0.0000
ENSG00000256176.1	AC024940.3	processed_pseudogene	1	1	0	0.1795	0.0445	0.0481
ENSG00000256181.1	AP001880.1	unprocessed_pseudogene	1	0	1	0.1347	0.0334	0.0361
ENSG00000256185.1	AC055720.2	lncRNA	0	0	0	0.0000	0.0000	0.0000
ENSG00000256188.3	TAS2R30	protein_coding	3	1	2	0.1008	0.0250	0.0270
ENSG00000256189.1	AP003717.2	processed_pseudogene	8	4	4	0.5052	0.1253	0.1355
ENSG00000256192.1	OOEPP2	processed_pseudogene	0	1	2	0.0000	0.0000	0.0000
ENSG00000256193.6	LINC00507	lncRNA	0	0	0	0.0000	0.0000	0.0000
ENSG00000256195.3	AP002518.1	lncRNA	4	1	3	0.0534	0.0132	0.0143
ENSG00000256196.2	AP003721.1	lncRNA	3	6	8	0.0661	0.0164	0.0177
ENSG00000256197.1	TSPAN9-IT1	lncRNA	0	0	0	0.0000	0.0000	0.0000
ENSG00000256199.1	AC078962.2	lncRNA	0	0	1	0.0000	0.0000	0.0000
ENSG00000256204.1	AC073862.1	lncRNA	0	0	0	0.0000	0.0000	0.0000
ENSG00000256206.2	AC018523.2	protein_coding	0	0	0	0.0000	0.0000	0.0000
ENSG00000256209.2	AC073578.1	lncRNA	1	0	1	0.0356	0.0088	0.0096
ENSG00000256210.3	AC005255.1	processed_pseudogene	0	13	20	0.0000	0.0000	0.0000
ENSG00000256211.1	SKP1P2	processed_pseudogene	1	1	0	0.1136	0.0282	0.0305
ENSG00000256218.1	AC007848.2	lncRNA	0	0	0	0.0000	0.0000	0.0000
ENSG00000256220.1	AP003037.1	lncRNA	0	0	0	0.0000	0.0000	0.0000
ENSG00000256221.1	AC244502.2	processed_pseudogene	0	0	0	0.0000	0.0000	0.0000
ENSG00000256222.3	MTRNR2L3	protein_coding	3	1	2	0.1617	0.0401	0.0434
ENSG00000256223.6	ZNF10	protein_coding	390	202	189	3.9915	0.9899	1.0703
ENSG00000256226.1	AC092747.1	lncRNA	2	1	1	0.1844	0.0457	0.0494
ENSG00000256229.8	ZNF486	protein_coding	3534	1815	1720	46.9022	11.6313	12.5760
ENSG00000256232.1	LINC02387	lncRNA	0	0	0	0.0000	0.0000	0.0000
ENSG00000256234.1	AC022509.2	lncRNA	8	3	5	0.6490	0.1610	0.1740
ENSG00000256235.2	SMIM3	protein_coding	2978	1565	1413	68.9597	17.1013	18.4904
ENSG00000256237.1	AC007450.1	lncRNA	0	2	1	0.0000	0.0000	0.0000
ENSG00000256238.1	SUPT16HP1	processed_pseudogene	11	7	4	0.1991	0.0494	0.0534
ENSG00000256243.2	RPL7AP3	processed_pseudogene	1	0	1	0.1201	0.0298	0.0322
ENSG00000256249.1	AC026333.3	lncRNA	4	8	8	0.1085	0.0269	0.0291
ENSG00000256250.1	AC073912.1	lncRNA	4	12	10	0.3864	0.0958	0.1036
ENSG00000256254.1	AP000619.3	processed_pseudogene	0	0	0	0.0000	0.0000	0.0000
ENSG00000256256.1	AC019209.1	lncRNA	0	0	0	0.0000	0.0000	0.0000
ENSG00000256257.1	CACNA1C-IT2	lncRNA	1	0	1	0.0963	0.0239	0.0258
ENSG00000256258.1	AC117500.3	lncRNA	0	0	0	0.0000	0.0000	0.0000
ENSG00000256259.1	LINC02425	lncRNA	0	0	0	0.0000	0.0000	0.0000
ENSG00000256262.1	USP30-AS1	lncRNA	4	23	21	0.3458	0.0858	0.0927
ENSG00000256263.1	DDX11L8	unprocessed_pseudogene	1	1	0	0.1549	0.0384	0.0415
ENSG00000256268.2	LINC02454	lncRNA	16	12	4	0.4881	0.1210	0.1309
ENSG00000256269.10	HMBS	protein_coding	843	419	424	10.7503	2.6660	2.8825
ENSG00000256271.1	CACNA1C-AS2	lncRNA	1	15	17	0.0931	0.0231	0.0250
ENSG00000256273.1	AC022511.1	lncRNA	0	0	0	0.0000	0.0000	0.0000
ENSG00000256274.1	TAS2R64P	transcribed_unprocessed_pseudogene	0	0	0	0.0000	0.0000	0.0000
ENSG00000256278.1	AC048382.1	lncRNA	9	9	4	0.5014	0.1243	0.1344
ENSG00000256280.1	ATP5MGP1	processed_pseudogene	1	1	0	0.2047	0.0508	0.0549
ENSG00000256281.1	AP003174.2	lncRNA	0	0	0	0.0000	0.0000	0.0000
ENSG00000256282.1	AC112694.1	transcribed_processed_pseudogene	23	15	15	0.9549	0.2368	0.2560
ENSG00000256283.1	METTL8P1	processed_pseudogene	3	2	1	0.2784	0.0691	0.0747
ENSG00000256285.1	OSBPL9P5	processed_pseudogene	0	0	0	0.0000	0.0000	0.0000
ENSG00000256286.2	AC078878.2	lncRNA	0	0	0	0.0000	0.0000	0.0000
ENSG00000256287.1	LINC02398	lncRNA	2	1	1	0.2632	0.0653	0.0706
ENSG00000256288.1	LINC02617	lncRNA	0	0	0	0.0000	0.0000	0.0000
ENSG00000256292.2	LINC02376	lncRNA	0	0	0	0.0000	0.0000	0.0000
ENSG00000256293.2	ATP6V1E1P3	processed_pseudogene	0	0	0	0.0000	0.0000	0.0000
ENSG00000256294.8	ZNF225	protein_coding	608	305	303	4.7948	1.1891	1.2857
ENSG00000256298.1	AC135388.1	lncRNA	0	0	0	0.0000	0.0000	0.0000
ENSG00000256299.1	AC073912.2	lncRNA	2	3	5	0.3578	0.0887	0.0959
ENSG00000256306.1	AC007527.1	lncRNA	1	0	1	0.0981	0.0243	0.0263
ENSG00000256310.1	NDUFA5P6	processed_pseudogene	0	0	0	0.0000	0.0000	0.0000
ENSG00000256311.1	AC084880.2	lncRNA	0	0	0	0.0000	0.0000	0.0000
ENSG00000256312.1	AC138466.1	lncRNA	0	0	0	0.0000	0.0000	0.0000
ENSG00000256314.1	AC078962.3	lncRNA	2	1	1	0.2353	0.0584	0.0631
ENSG00000256315.1	AP000462.2	lncRNA	0	0	0	0.0000	0.0000	0.0000
ENSG00000256321.6	AC087235.2	lncRNA	5	2	3	0.1741	0.0432	0.0467
ENSG00000256325.1	AC025423.1	lncRNA	3	1	2	0.4549	0.1128	0.1220
ENSG00000256331.1	NIFKP3	processed_pseudogene	0	0	0	0.0000	0.0000	0.0000
ENSG00000256338.2	RPL41P2	processed_pseudogene	30	19	11	4.1597	1.0316	1.1153
ENSG00000256339.1	AC007655.1	lncRNA	0	0	0	0.0000	0.0000	0.0000
ENSG00000256340.8	ABCC6P1	transcribed_unprocessed_pseudogene	19	7	12	0.3140	0.0779	0.0842
ENSG00000256341.1	AP006333.1	lncRNA	0	3	1	0.0000	0.0000	0.0000
ENSG00000256343.8	AC095350.1	lncRNA	0	0	0	0.0000	0.0000	0.0000
ENSG00000256346.1	AC092470.1	processed_pseudogene	0	0	0	0.0000	0.0000	0.0000
ENSG00000256347.1	OR8R1P	unprocessed_pseudogene	2	1	1	0.1485	0.0368	0.0398
ENSG00000256349.1	AP002748.5	protein_coding	0	0	0	0.0000	0.0000	0.0000
ENSG00000256350.1	AC243972.3	unprocessed_pseudogene	2	0	2	0.5728	0.1421	0.1536
ENSG00000256351.1	AC007834.2	processed_pseudogene	7	2	5	1.1573	0.2870	0.3103
ENSG00000256353.1	AC087258.1	processed_pseudogene	0	0	0	0.0000	0.0000	0.0000
ENSG00000256355.1	NTAN1P3	processed_pseudogene	2	2	0	0.1586	0.0393	0.0425
ENSG00000256356.1	HSPA8P5	processed_pseudogene	3	0	3	0.0822	0.0204	0.0220
ENSG00000256357.1	AL132708.1	lncRNA	9	5	15	0.8986	0.2228	0.2409
ENSG00000256358.1	RPL31P57	processed_pseudogene	0	0	0	0.0000	0.0000	0.0000
ENSG00000256361.1	AC027544.1	processed_pseudogene	3	0	3	0.3929	0.0974	0.1054
ENSG00000256362.2	LINC02375	lncRNA	0	0	0	0.0000	0.0000	0.0000
ENSG00000256364.1	AC069234.2	lncRNA	0	2053	2091	0.0000	0.0000	0.0000
ENSG00000256371.1	LRRC34P1	processed_pseudogene	0	0	0	0.0000	0.0000	0.0000
ENSG00000256372.1	AC023050.3	processed_pseudogene	0	0	0	0.0000	0.0000	0.0000
ENSG00000256374.2	PPIAL4D	protein_coding	0	2	0	0.0000	0.0000	0.0000
ENSG00000256377.6	AC009509.1	lncRNA	9	37	32	0.3282	0.0814	0.0880
ENSG00000256378.1	AC008011.1	unprocessed_pseudogene	0	0	0	0.0000	0.0000	0.0000
ENSG00000256379.2	TRAV8-5	TR_V_pseudogene	2	1	1	0.3326	0.0825	0.0892
ENSG00000256381.1	AC005832.1	lncRNA	0	0	0	0.0000	0.0000	0.0000
ENSG00000256385.1	UBE2NP1	processed_pseudogene	0	0	1	0.0000	0.0000	0.0000
ENSG00000256389.2	AC048352.1	lncRNA	0	0	0	0.0000	0.0000	0.0000
ENSG00000256393.1	RPL41P5	processed_pseudogene	553	275	278	402.0592	99.7066	107.8055
ENSG00000256394.3	ASIC5	protein_coding	0	0	0	0.0000	0.0000	0.0000
ENSG00000256399.1	AC079866.1	processed_pseudogene	1	0	1	0.0465	0.0115	0.0125
ENSG00000256400.1	AC018630.1	processed_pseudogene	0	0	0	0.0000	0.0000	0.0000
ENSG00000256403.1	AP003785.1	lncRNA	0	0	0	0.0000	0.0000	0.0000
ENSG00000256407.2	AL357673.1	protein_coding	0	0	0	0.0000	0.0000	0.0000
ENSG00000256417.1	AC006206.2	lncRNA	6	3	3	0.2121	0.0526	0.0569
ENSG00000256420.1	OSBPL9P4	processed_pseudogene	0	0	0	0.0000	0.0000	0.0000
ENSG00000256422.6	LINC02552	lncRNA	0	0	0	0.0000	0.0000	0.0000
ENSG00000256424.2	LINC02414	lncRNA	0	0	0	0.0000	0.0000	0.0000
ENSG00000256427.2	AC010175.1	lncRNA	1	0	1	0.0442	0.0110	0.0119
ENSG00000256433.3	AC005840.2	lncRNA	80	46	34	2.4643	0.6111	0.6608
ENSG00000256436.1	TAS2R31	protein_coding	4	2	2	0.2222	0.0551	0.0596
ENSG00000256440.1	AC019209.2	lncRNA	0	0	0	0.0000	0.0000	0.0000
ENSG00000256441.1	DNAJB6P5	processed_pseudogene	0	0	0	0.0000	0.0000	0.0000
ENSG00000256442.2	AC010186.1	lncRNA	4	3	1	0.3168	0.0786	0.0849
ENSG00000256443.1	AP003559.1	lncRNA	26	14	12	0.8053	0.1997	0.2159
ENSG00000256448.5	AP000763.3	lncRNA	4	483	472	0.6594	0.1635	0.1768
ENSG00000256450.1	AC007552.1	processed_pseudogene	1	1	0	0.0612	0.0152	0.0164
ENSG00000256452.1	AP003170.3	lncRNA	5	2	4	1.7946	0.4450	0.4812
ENSG00000256453.2	DND1	protein_coding	0	421	432	0.0000	0.0000	0.0000
ENSG00000256458.1	AC080075.1	lncRNA	0	21	26	0.0000	0.0000	0.0000
ENSG00000256462.1	AL732437.1	lncRNA	0	41	49	0.0000	0.0000	0.0000
ENSG00000256463.8	SALL3	protein_coding	3	2	1	0.0230	0.0057	0.0062
ENSG00000256464.1	YWHABP2	processed_pseudogene	5	2	3	0.3977	0.0986	0.1066
ENSG00000256465.1	AC023050.4	processed_pseudogene	0	0	0	0.0000	0.0000	0.0000
ENSG00000256469.1	AP002383.2	lncRNA	0	141	94	0.0000	0.0000	0.0000
ENSG00000256473.1	AC087260.1	lncRNA	0	0	0	0.0000	0.0000	0.0000
ENSG00000256474.1	TRAV11	TR_V_pseudogene	0	0	0	0.0000	0.0000	0.0000
ENSG00000256480.1	AC018653.2	processed_pseudogene	0	0	0	0.0000	0.0000	0.0000
ENSG00000256481.1	AP006333.2	lncRNA	0	0	0	0.0000	0.0000	0.0000
ENSG00000256482.1	AC023796.2	lncRNA	2	40	34	0.2515	0.0624	0.0674
ENSG00000256484.1	AC140118.1	lncRNA	0	0	0	0.0000	0.0000	0.0000
ENSG00000256494.1	LINC02825	lncRNA	0	0	0	0.0000	0.0000	0.0000
ENSG00000256496.1	AC073913.1	unprocessed_pseudogene	0	0	0	0.0000	0.0000	0.0000
ENSG00000256499.2	LINC02468	lncRNA	1	0	1	0.0422	0.0105	0.0113
ENSG00000256500.6	AL139300.1	protein_coding	0	0	0	0.0000	0.0000	0.0000
ENSG00000256502.1	AC073913.2	processed_pseudogene	0	0	0	0.0000	0.0000	0.0000
ENSG00000256504.2	AC009509.2	lncRNA	6	7	0	0.7931	0.1967	0.2127
ENSG00000256508.2	MRGPRF-AS1	lncRNA	4	19	14	0.1061	0.0263	0.0285
ENSG00000256512.1	AC009511.1	lncRNA	0	158	163	0.0000	0.0000	0.0000
ENSG00000256513.1	AC022081.1	lncRNA	0	0	0	0.0000	0.0000	0.0000
ENSG00000256514.1	AP003419.1	protein_coding	0	0	0	0.0000	0.0000	0.0000
ENSG00000256518.3	FOLR1P1	unprocessed_pseudogene	0	0	0	0.0000	0.0000	0.0000
ENSG00000256525.8	POLG2	protein_coding	792	418	375	9.8821	2.4507	2.6497
ENSG00000256533.1	AP002373.2	processed_pseudogene	5	4	1	0.2675	0.0663	0.0717
ENSG00000256537.5	SMIM10L1	protein_coding	1878	1122	1016	22.0820	5.4761	5.9209
ENSG00000256538.2	AC046130.2	lncRNA	15	7	8	0.3109	0.0771	0.0834
ENSG00000256540.1	AC007406.3	lncRNA	34	12	22	1.6285	0.4039	0.4367
ENSG00000256542.2	AC148477.2	lncRNA	0	0	0	0.0000	0.0000	0.0000
ENSG00000256546.2	AC156455.1	lncRNA	11	5	6	0.3407	0.0845	0.0914
ENSG00000256551.2	LINC02369	lncRNA	0	0	0	0.0000	0.0000	0.0000
ENSG00000256552.2	AC092745.2	transcribed_processed_pseudogene	2	1	1	0.1829	0.0454	0.0491
ENSG00000256553.1	TRAV1-2	TR_V_gene	3	2	1	0.4232	0.1050	0.1135
ENSG00000256557.1	AC009509.3	processed_pseudogene	1	1	0	0.1806	0.0448	0.0484
ENSG00000256560.1	LINC01486	lncRNA	0	0	0	0.0000	0.0000	0.0000
ENSG00000256563.2	NANOGNBP2	processed_pseudogene	0	0	0	0.0000	0.0000	0.0000
ENSG00000256564.1	AC007552.2	lncRNA	2	1	1	0.1881	0.0466	0.0504
ENSG00000256566.1	AL049650.1	protein_coding	0	0	0	0.0000	0.0000	0.0000
ENSG00000256568.2	AP002761.2	lncRNA	1	1	0	0.0766	0.0190	0.0205
ENSG00000256569.1	AC069234.3	lncRNA	0	230	269	0.0000	0.0000	0.0000
ENSG00000256571.1	AC079866.2	lncRNA	1	1	0	0.1101	0.0273	0.0295
ENSG00000256574.8	OR13A1	protein_coding	1	1	0	0.0211	0.0052	0.0057
ENSG00000256576.2	LINC02361	lncRNA	51	21	30	1.9489	0.4833	0.5226
ENSG00000256577.2	SLC6A12-AS1	lncRNA	0	4	1	0.0000	0.0000	0.0000
ENSG00000256581.1	NLRP9P1	unprocessed_pseudogene	0	0	0	0.0000	0.0000	0.0000
ENSG00000256582.1	LINC02390	lncRNA	10	4	6	1.0127	0.2511	0.2715
ENSG00000256588.1	AC027544.2	lncRNA	8	4	4	0.7201	0.1786	0.1931
ENSG00000256589.2	ENPP7P5	unprocessed_pseudogene	0	0	0	0.0000	0.0000	0.0000
ENSG00000256590.2	TRDV3	TR_V_gene	2	0	2	0.2669	0.0662	0.0716
ENSG00000256591.5	AP003108.2	protein_coding	17	137	129	0.1282	0.0318	0.0344
ENSG00000256594.8	AC010186.2	transcribed_unprocessed_pseudogene	179	84	95	3.5933	0.8911	0.9635
ENSG00000256596.1	AC026358.1	lncRNA	11	6	5	0.2765	0.0686	0.0741
ENSG00000256597.3	LINC02393	lncRNA	2	1	1	0.0489	0.0121	0.0131
ENSG00000256603.1	AP003170.4	lncRNA	0	0	0	0.0000	0.0000	0.0000
ENSG00000256609.1	AC084880.3	lncRNA	2	2	0	0.2096	0.0520	0.0562
ENSG00000256612.7	CYP2B7P	transcribed_unprocessed_pseudogene	4266	2126	2141	59.5287	14.7625	15.9616
ENSG00000256614.1	AK6P1	processed_pseudogene	0	0	0	0.0000	0.0000	0.0000
ENSG00000256615.1	AC010197.1	lncRNA	0	0	0	0.0000	0.0000	0.0000
ENSG00000256616.3	AP002414.2	transcribed_processed_pseudogene	150	80	70	2.4851	0.6163	0.6663
ENSG00000256618.2	MTRNR2L1	protein_coding	4	1	4	0.1461	0.0362	0.0392
ENSG00000256625.1	AC092747.2	unprocessed_pseudogene	14	6	8	0.8077	0.2003	0.2166
ENSG00000256626.1	AC024224.1	unprocessed_pseudogene	0	0	0	0.0000	0.0000	0.0000
ENSG00000256627.1	AC073651.2	processed_pseudogene	0	0	0	0.0000	0.0000	0.0000
ENSG00000256628.3	ZBTB11-AS1	lncRNA	262	235	242	5.4167	1.3433	1.4524
ENSG00000256630.1	AC090424.1	unprocessed_pseudogene	0	0	0	0.0000	0.0000	0.0000
ENSG00000256632.3	AC135586.2	lncRNA	0	0	0	0.0000	0.0000	0.0000
ENSG00000256633.1	PDE2A-AS2	lncRNA	7	8	21	0.5978	0.1483	0.1603
ENSG00000256637.7	LINC01965	lncRNA	0	0	0	0.0000	0.0000	0.0000
ENSG00000256640.1	AC023051.2	processed_pseudogene	0	0	0	0.0000	0.0000	0.0000
ENSG00000256642.1	LINC00273	lncRNA	1	1	0	0.0391	0.0097	0.0105
ENSG00000256643.1	LINC02441	lncRNA	0	0	0	0.0000	0.0000	0.0000
ENSG00000256646.8	AC010132.3	protein_coding	2	2	0	0.0290	0.0072	0.0078
ENSG00000256650.1	RERG-IT1	lncRNA	22	10	12	4.1449	1.0279	1.1114
ENSG00000256651.1	AC006518.1	unprocessed_pseudogene	4	2	2	0.2406	0.0597	0.0645
ENSG00000256654.4	AC005906.2	lncRNA	1	1	0	0.0059	0.0015	0.0016
ENSG00000256657.1	AC244131.1	unprocessed_pseudogene	0	0	0	0.0000	0.0000	0.0000
ENSG00000256658.1	AC008115.1	lncRNA	0	0	0	0.0000	0.0000	0.0000
ENSG00000256659.2	LINC02368	lncRNA	0	0	0	0.0000	0.0000	0.0000
ENSG00000256660.6	CLEC12B	protein_coding	3	3	1	0.0443	0.0110	0.0119
ENSG00000256661.1	A2ML1-AS1	lncRNA	1	27	22	0.1255	0.0311	0.0336
ENSG00000256663.1	AC112777.1	processed_pseudogene	48	24	24	1.9129	0.4744	0.5129
ENSG00000256664.1	AC025423.2	processed_pseudogene	0	0	0	0.0000	0.0000	0.0000
ENSG00000256667.6	KLRA1P	transcribed_unprocessed_pseudogene	177	93	84	4.0853	1.0131	1.0954
ENSG00000256670.1	AC078962.4	lncRNA	0	0	0	0.0000	0.0000	0.0000
ENSG00000256671.6	LIMS4	protein_coding	0	0	0	0.0000	0.0000	0.0000
ENSG00000256672.1	LINC02455	lncRNA	0	0	0	0.0000	0.0000	0.0000
ENSG00000256673.1	AC141557.1	unprocessed_pseudogene	9	6	4	1.2760	0.3164	0.3421
ENSG00000256674.1	AC020549.2	processed_pseudogene	0	0	0	0.0000	0.0000	0.0000
ENSG00000256678.1	AC025423.3	processed_pseudogene	15	10	5	1.8138	0.4498	0.4863
ENSG00000256681.1	CCDC58P5	processed_pseudogene	0	0	0	0.0000	0.0000	0.0000
ENSG00000256682.2	AC006518.2	transcribed_processed_pseudogene	4	3	1	0.2110	0.0523	0.0566
ENSG00000256683.7	ZNF350	protein_coding	719	355	364	8.9772	2.2263	2.4071
ENSG00000256684.1	LINC02737	lncRNA	0	0	0	0.0000	0.0000	0.0000
ENSG00000256686.1	AC019209.3	lncRNA	0	0	0	0.0000	0.0000	0.0000
ENSG00000256690.1	AP001160.1	lncRNA	3	236	209	0.2224	0.0552	0.0596
ENSG00000256691.1	AC005908.2	lncRNA	0	0	0	0.0000	0.0000	0.0000
ENSG00000256694.1	AC026369.2	lncRNA	34	43	29	1.7513	0.4343	0.4696
ENSG00000256695.2	AC003982.1	lncRNA	0	0	0	0.0000	0.0000	0.0000
ENSG00000256699.1	TMEM132D-AS2	lncRNA	0	0	0	0.0000	0.0000	0.0000
ENSG00000256704.3	ENTR1P1	processed_pseudogene	0	0	0	0.0000	0.0000	0.0000
ENSG00000256705.3	AL137779.1	lncRNA	8	7	1	0.7574	0.1878	0.2031
ENSG00000256706.1	AC005342.2	lncRNA	0	0	0	0.0000	0.0000	0.0000
ENSG00000256708.1	AC007458.1	processed_pseudogene	0	0	0	0.0000	0.0000	0.0000
ENSG00000256709.2	CSGALNACT2P2	processed_pseudogene	1	1	0	0.1949	0.0483	0.0523
ENSG00000256712.1	AC134349.1	lncRNA	1	3	12	0.1473	0.0365	0.0395
ENSG00000256713.8	PGA5	protein_coding	2	1	1	0.0409	0.0101	0.0110
ENSG00000256714.1	AC087318.1	lncRNA	6	5	1	0.8747	0.2169	0.2345
ENSG00000256717.1	LINC02698	lncRNA	0	0	0	0.0000	0.0000	0.0000
ENSG00000256720.1	BTG1P1	processed_pseudogene	1	0	1	0.1116	0.0277	0.0299
ENSG00000256721.1	CACNA1C-IT3	lncRNA	1	0	1	0.0912	0.0226	0.0244
ENSG00000256723.1	AP003717.3	processed_pseudogene	7	5	2	0.3364	0.0834	0.0902
ENSG00000256732.1	AC006065.4	lncRNA	0	0	0	0.0000	0.0000	0.0000
ENSG00000256733.2	AP003721.2	lncRNA	0	0	0	0.0000	0.0000	0.0000
ENSG00000256734.1	AC027544.3	processed_pseudogene	0	0	0	0.0000	0.0000	0.0000
ENSG00000256737.1	RBBP4P5	processed_pseudogene	0	0	0	0.0000	0.0000	0.0000
ENSG00000256739.1	AP002892.2	lncRNA	0	0	0	0.0000	0.0000	0.0000
ENSG00000256742.1	KDM2B-DT	lncRNA	6	21	23	0.6255	0.1551	0.1677
ENSG00000256745.1	ARPC3P3	processed_pseudogene	12	9	7	1.2396	0.3074	0.3324
ENSG00000256746.5	MADD-AS1	lncRNA	2	0	2	0.2116	0.0525	0.0567
ENSG00000256747.1	AC009511.2	lncRNA	0	106	104	0.0000	0.0000	0.0000
ENSG00000256748.1	AC005832.2	processed_pseudogene	1	0	1	0.0397	0.0098	0.0106
ENSG00000256750.2	LINC02423	lncRNA	0	0	0	0.0000	0.0000	0.0000
ENSG00000256751.6	PLBD1-AS1	lncRNA	407	345	342	4.5705	1.1334	1.2255
ENSG00000256752.1	HPRT1P3	processed_pseudogene	0	0	0	0.0000	0.0000	0.0000
ENSG00000256756.1	TIMM17BP1	processed_pseudogene	0	0	0	0.0000	0.0000	0.0000
ENSG00000256757.1	AP002840.1	lncRNA	0	0	0	0.0000	0.0000	0.0000
ENSG00000256762.1	STH	protein_coding	0	0	0	0.0000	0.0000	0.0000
ENSG00000256769.1	CACNA1C-AS3	lncRNA	0	0	0	0.0000	0.0000	0.0000
ENSG00000256771.4	ZNF253	protein_coding	1034	553	542	16.1537	4.0060	4.3314
ENSG00000256774.1	AC087241.1	processed_pseudogene	0	0	0	0.0000	0.0000	0.0000
ENSG00000256777.1	PDCL3P7	processed_pseudogene	0	0	0	0.0000	0.0000	0.0000
ENSG00000256779.2	AP002383.3	transcribed_processed_pseudogene	2	1	1	0.0733	0.0182	0.0197
ENSG00000256783.1	AC079031.1	lncRNA	1	1	0	0.0548	0.0136	0.0147
ENSG00000256789.1	AP000753.2	lncRNA	2	115	162	0.2681	0.0665	0.0719
ENSG00000256797.1	KLRF2	protein_coding	3	1	2	0.2327	0.0577	0.0624
ENSG00000256799.1	AC005832.3	processed_pseudogene	0	0	0	0.0000	0.0000	0.0000
ENSG00000256802.2	AC022613.1	lncRNA	4	1	3	0.0829	0.0206	0.0222
ENSG00000256803.1	AC024224.2	lncRNA	0	0	1	0.0000	0.0000	0.0000
ENSG00000256804.1	AC138466.2	processed_pseudogene	0	21	24	0.0000	0.0000	0.0000
ENSG00000256806.6	C17orf100	protein_coding	135	69	67	3.1467	0.7803	0.8437
ENSG00000256810.2	AC078925.1	lncRNA	0	0	0	0.0000	0.0000	0.0000
ENSG00000256811.1	AC079360.1	lncRNA	2	0	2	0.2613	0.0648	0.0701
ENSG00000256812.2	CAPNS2	protein_coding	1	1	0	0.0565	0.0140	0.0151
ENSG00000256813.1	AP000777.3	lncRNA	0	154	137	0.0000	0.0000	0.0000
ENSG00000256814.1	AC122688.2	lncRNA	1	0	1	0.0969	0.0240	0.0260
ENSG00000256817.1	TPT1P12	processed_pseudogene	0	0	0	0.0000	0.0000	0.0000
ENSG00000256824.1	AP000721.2	lncRNA	0	0	0	0.0000	0.0000	0.0000
ENSG00000256825.4	AC026786.1	protein_coding	0	0	0	0.0000	0.0000	0.0000
ENSG00000256826.1	ATP5MFP4	processed_pseudogene	1	1	0	0.2124	0.0527	0.0570
ENSG00000256827.1	AC068790.1	processed_pseudogene	1	1	0	0.1597	0.0396	0.0428
ENSG00000256835.1	AC005294.1	processed_pseudogene	0	0	0	0.0000	0.0000	0.0000
ENSG00000256837.1	CACNA1C-IT1	lncRNA	0	0	0	0.0000	0.0000	0.0000
ENSG00000256843.1	AC023157.1	processed_pseudogene	0	0	0	0.0000	0.0000	0.0000
ENSG00000256844.1	MEF2BNBP1	processed_pseudogene	0	0	0	0.0000	0.0000	0.0000
ENSG00000256847.1	CCND2P1	processed_pseudogene	1	1	0	0.0710	0.0176	0.0190
ENSG00000256849.1	TCP1P3	processed_pseudogene	2	0	2	0.0757	0.0188	0.0203
ENSG00000256851.1	AL663061.1	unprocessed_pseudogene	0	0	0	0.0000	0.0000	0.0000
ENSG00000256852.1	KNOP1P1	processed_pseudogene	0	1	0	0.0000	0.0000	0.0000
ENSG00000256861.1	AC048338.1	protein_coding	0	0	0	0.0000	0.0000	0.0000
ENSG00000256862.3	PARP11-AS1	lncRNA	9	8	6	0.2732	0.0678	0.0733
ENSG00000256863.1	AP001880.2	unprocessed_pseudogene	4	1	3	0.5063	0.1256	0.1358
ENSG00000256870.3	SLC5A8	protein_coding	13	6	7	0.1839	0.0456	0.0493
ENSG00000256875.2	AC079031.2	lncRNA	8	2	6	0.7377	0.1829	0.1978
ENSG00000256879.1	AC129102.1	lncRNA	0	18	25	0.0000	0.0000	0.0000
ENSG00000256884.1	AC084880.4	lncRNA	7	5	4	0.6880	0.1706	0.1845
ENSG00000256888.6	LINC02366	lncRNA	0	0	0	0.0000	0.0000	0.0000
ENSG00000256892.2	MTRNR2L7	protein_coding	0	0	0	0.0000	0.0000	0.0000
ENSG00000256894.1	AC022509.3	lncRNA	32	15	17	2.1970	0.5448	0.5891
ENSG00000256896.1	PSMC1P8	processed_pseudogene	0	0	0	0.0000	0.0000	0.0000
ENSG00000256897.1	AC018410.1	lncRNA	8	3	5	0.7437	0.1844	0.1994
ENSG00000256898.1	ARPC3P4	processed_pseudogene	7	6	2	0.7462	0.1850	0.2001
ENSG00000256902.1	IQSEC3P1	processed_pseudogene	0	0	0	0.0000	0.0000	0.0000
ENSG00000256904.1	A2ML1-AS2	lncRNA	0	0	0	0.0000	0.0000	0.0000
ENSG00000256906.1	LINC02419	lncRNA	0	0	0	0.0000	0.0000	0.0000
ENSG00000256912.1	GCNAP1	processed_pseudogene	0	0	0	0.0000	0.0000	0.0000
ENSG00000256913.1	AC005840.3	processed_pseudogene	2	2	0	0.0455	0.0113	0.0122
ENSG00000256915.2	AC090023.2	lncRNA	1	0	1	0.0424	0.0105	0.0114
ENSG00000256916.1	AP000851.1	lncRNA	14	9	8	0.5671	0.1406	0.1521
ENSG00000256917.1	AC008033.2	processed_pseudogene	0	0	0	0.0000	0.0000	0.0000
ENSG00000256923.1	AC084819.1	lncRNA	0	0	0	0.0000	0.0000	0.0000
ENSG00000256925.3	ADGRA1-AS1	lncRNA	0	0	0	0.0000	0.0000	0.0000
ENSG00000256928.1	AP000763.4	lncRNA	0	236	271	0.0000	0.0000	0.0000
ENSG00000256937.1	KRT17P8	processed_pseudogene	0	0	0	0.0000	0.0000	0.0000
ENSG00000256940.2	PPP1R14B-AS1	lncRNA	4	34	38	0.2672	0.0663	0.0716
ENSG00000256943.1	AC148477.3	lncRNA	0	0	0	0.0000	0.0000	0.0000
ENSG00000256944.1	AP003721.3	lncRNA	42	61	47	5.8810	1.4584	1.5769
ENSG00000256947.1	AP002518.2	lncRNA	0	0	0	0.0000	0.0000	0.0000
ENSG00000256948.1	AC026369.3	lncRNA	1	0	1	0.0968	0.0240	0.0259
ENSG00000256950.2	AC069503.2	protein_coding	1	0	1	0.0310	0.0077	0.0083
ENSG00000256951.1	AC055876.3	transcribed_processed_pseudogene	0	0	0	0.0000	0.0000	0.0000
ENSG00000256955.2	AC131009.2	lncRNA	7	5	2	0.5155	0.1279	0.1382
ENSG00000256963.1	AC079602.2	processed_pseudogene	0	0	0	0.0000	0.0000	0.0000
ENSG00000256966.6	AL513165.2	protein_coding	0	0	0	0.0000	0.0000	0.0000
ENSG00000256967.1	AC018653.3	lncRNA	29	22	27	1.3949	0.3459	0.3740
ENSG00000256968.1	SNRPEP2	processed_pseudogene	37	17	20	7.5207	1.8651	2.0165
ENSG00000256969.2	AC084375.1	lncRNA	0	0	0	0.0000	0.0000	0.0000
ENSG00000256971.2	LINC00508	lncRNA	0	0	0	0.0000	0.0000	0.0000
ENSG00000256972.1	AP000462.3	lncRNA	1	0	1	0.1718	0.0426	0.0461
ENSG00000256973.1	AC053513.2	lncRNA	14	8	6	1.0758	0.2668	0.2885
ENSG00000256975.1	AC092821.2	processed_pseudogene	1	1	0	0.0278	0.0069	0.0074
ENSG00000256977.12	LIMS3	protein_coding	0	0	0	0.0000	0.0000	0.0000
ENSG00000256980.5	KHDC1L	protein_coding	0	0	0	0.0000	0.0000	0.0000
ENSG00000256981.1	AC134349.2	unprocessed_pseudogene	1	0	1	0.0623	0.0155	0.0167
ENSG00000256982.2	AC135782.1	lncRNA	0	0	0	0.0000	0.0000	0.0000
ENSG00000256984.2	AC008013.2	transcribed_processed_pseudogene	1	0	1	0.0921	0.0228	0.0247
ENSG00000256986.2	AC140847.3	unprocessed_pseudogene	0	0	0	0.0000	0.0000	0.0000
ENSG00000256987.1	AC023050.5	processed_pseudogene	1	1	0	0.0411	0.0102	0.0110
ENSG00000256988.2	AC005833.2	lncRNA	4	4	2	0.0546	0.0135	0.0146
ENSG00000256994.2	LINC02378	lncRNA	0	0	0	0.0000	0.0000	0.0000
ENSG00000256995.8	AC084816.1	lncRNA	4	1	3	0.0344	0.0085	0.0092
ENSG00000257000.1	AC137590.1	lncRNA	0	237	222	0.0000	0.0000	0.0000
ENSG00000257002.1	AP000438.1	lncRNA	1	4	3	0.0757	0.0188	0.0203
ENSG00000257004.1	AC008115.2	lncRNA	1	1	0	0.2353	0.0584	0.0631
ENSG00000257005.1	AC027667.1	processed_pseudogene	0	0	0	0.0000	0.0000	0.0000
ENSG00000257008.6	GPR142	protein_coding	0	0	0	0.0000	0.0000	0.0000
ENSG00000257009.1	AC022367.1	lncRNA	0	0	0	0.0000	0.0000	0.0000
ENSG00000257012.1	AP002383.4	unprocessed_pseudogene	0	0	0	0.0000	0.0000	0.0000
ENSG00000257016.1	SLC25A39P2	processed_pseudogene	0	0	0	0.0000	0.0000	0.0000
ENSG00000257017.9	HP	protein_coding	2	2	0	0.0207	0.0051	0.0055
ENSG00000257021.1	HSPE1P20	processed_pseudogene	0	0	0	0.0000	0.0000	0.0000
ENSG00000257022.1	AC008250.1	lncRNA	2	11	11	0.2173	0.0539	0.0583
ENSG00000257023.1	AC087241.2	lncRNA	0	0	0	0.0000	0.0000	0.0000
ENSG00000257025.1	AC023595.1	lncRNA	0	0	0	0.0000	0.0000	0.0000
ENSG00000257027.1	AC010186.3	lncRNA	402	206	196	9.0899	2.2542	2.4373
ENSG00000257035.1	AC025252.2	unprocessed_pseudogene	0	0	0	0.0000	0.0000	0.0000
ENSG00000257037.1	RARS1P1	processed_pseudogene	5	3	2	0.2000	0.0496	0.0536
ENSG00000257038.1	AP002761.3	lncRNA	41	43	57	1.3717	0.3402	0.3678
ENSG00000257042.1	AC008011.2	lncRNA	0	72	64	0.0000	0.0000	0.0000
ENSG00000257043.1	SRSF3P1	processed_pseudogene	3	1	2	0.3409	0.0846	0.0914
ENSG00000257045.1	AC016746.1	lncRNA	0	37	29	0.0000	0.0000	0.0000
ENSG00000257046.5	SLCO1B3-SLCO1B7	protein_coding	0	0	0	0.0000	0.0000	0.0000
ENSG00000257048.1	LINC02417	lncRNA	1	1	0	0.1101	0.0273	0.0295
ENSG00000257052.1	AP003721.4	lncRNA	59	28	31	4.1307	1.0244	1.1076
ENSG00000257056.3	LINC02282	lncRNA	0	0	0	0.0000	0.0000	0.0000
ENSG00000257057.3	C11orf97	protein_coding	0	0	0	0.0000	0.0000	0.0000
ENSG00000257058.1	AP001363.2	lncRNA	22	14	8	3.1908	0.7913	0.8556
ENSG00000257060.7	AC091078.1	lncRNA	2	1	1	0.0152	0.0038	0.0041
ENSG00000257062.6	AC022335.1	protein_coding	0	0	0	0.0000	0.0000	0.0000
ENSG00000257065.1	AL049844.1	protein_coding	1	1	0	0.0744	0.0185	0.0200
ENSG00000257067.6	LINC02703	lncRNA	2	0	2	0.0827	0.0205	0.0222
ENSG00000257069.6	KCNK4-TEX40	lncRNA	0	0	0	0.0000	0.0000	0.0000
ENSG00000257070.1	AP003170.5	processed_pseudogene	1	0	1	0.1693	0.0420	0.0454
ENSG00000257074.3	RPL29P33	processed_pseudogene	3	2	1	0.5384	0.1335	0.1444
ENSG00000257075.1	RPEP6	processed_pseudogene	0	0	0	0.0000	0.0000	0.0000
ENSG00000257078.1	AC006512.2	processed_pseudogene	0	0	0	0.0000	0.0000	0.0000
ENSG00000257083.7	AC073530.1	lncRNA	0	0	0	0.0000	0.0000	0.0000
ENSG00000257084.1	MIR200CHG	lncRNA	206	103	103	33.3779	8.2774	8.9497
ENSG00000257086.1	AP001453.2	lncRNA	8	31	27	0.5319	0.1319	0.1426
ENSG00000257087.1	AP003174.3	processed_pseudogene	1	0	1	0.1099	0.0273	0.0295
ENSG00000257093.7	DENND11	protein_coding	3969	1984	1985	30.5444	7.5747	8.1900
ENSG00000257094.1	AC016957.1	processed_pseudogene	5	4	1	0.9176	0.2276	0.2460
ENSG00000257095.1	AC084361.1	lncRNA	0	0	0	0.0000	0.0000	0.0000
ENSG00000257096.1	AL161747.2	lncRNA	0	142	145	0.0000	0.0000	0.0000
ENSG00000257097.1	CLIP1-AS1	lncRNA	2	8	11	0.0627	0.0155	0.0168
ENSG00000257101.1	LRRC37A13P	processed_pseudogene	0	0	0	0.0000	0.0000	0.0000
ENSG00000257103.8	LSM14A	protein_coding	13206	6557	6649	157.7321	39.1160	42.2932
ENSG00000257105.1	AC006581.1	lncRNA	0	0	0	0.0000	0.0000	0.0000
ENSG00000257108.2	NHLRC4	protein_coding	37	20	17	1.0011	0.2483	0.2684
ENSG00000257109.3	OR4F28P	unprocessed_pseudogene	0	0	0	0.0000	0.0000	0.0000
ENSG00000257113.1	AC090502.1	processed_pseudogene	0	0	0	0.0000	0.0000	0.0000
ENSG00000257114.3	LINC02450	lncRNA	2	1	1	0.0766	0.0190	0.0205
ENSG00000257115.1	OR11H12	protein_coding	0	0	0	0.0000	0.0000	0.0000
ENSG00000257119.1	EEF1B2P4	processed_pseudogene	0	0	0	0.0000	0.0000	0.0000
ENSG00000257120.1	AL356756.1	lncRNA	0	0	0	0.0000	0.0000	0.0000
ENSG00000257121.1	AC126615.2	processed_pseudogene	0	0	0	0.0000	0.0000	0.0000
ENSG00000257122.5	RRN3P3	transcribed_unprocessed_pseudogene	117	71	63	1.9712	0.4888	0.5285
ENSG00000257124.2	AC093025.1	lncRNA	0	0	0	0.0000	0.0000	0.0000
ENSG00000257125.1	KRT127P	unprocessed_pseudogene	0	0	0	0.0000	0.0000	0.0000
ENSG00000257126.6	FOXG1-AS1	lncRNA	0	0	0	0.0000	0.0000	0.0000
ENSG00000257127.6	CLLU1	lncRNA	1	0	1	0.0083	0.0021	0.0022
ENSG00000257128.1	AC006197.1	processed_pseudogene	0	0	0	0.0000	0.0000	0.0000
ENSG00000257129.1	AC126177.1	transcribed_processed_pseudogene	0	0	0	0.0000	0.0000	0.0000
ENSG00000257135.7	ODC1-DT	lncRNA	29	13	16	0.3502	0.0868	0.0939
ENSG00000257137.7	LINC02874	lncRNA	0	1	0	0.0000	0.0000	0.0000
ENSG00000257138.1	TAS2R38	protein_coding	0	0	0	0.0000	0.0000	0.0000
ENSG00000257139.1	LINC02821	lncRNA	2	0	2	0.1962	0.0487	0.0526
ENSG00000257142.1	AL512310.1	unprocessed_pseudogene	0	0	0	0.0000	0.0000	0.0000
ENSG00000257146.1	AC079905.2	processed_pseudogene	0	0	0	0.0000	0.0000	0.0000
ENSG00000257150.3	PGAM1P5	transcribed_processed_pseudogene	34	18	21	0.8146	0.2020	0.2184
ENSG00000257155.1	AL163973.2	lncRNA	0	0	0	0.0000	0.0000	0.0000
ENSG00000257157.1	AC018659.2	processed_pseudogene	0	0	0	0.0000	0.0000	0.0000
ENSG00000257159.1	AC084033.1	processed_pseudogene	6	3	3	0.5375	0.1333	0.1441
ENSG00000257162.6	MED15P6	transcribed_processed_pseudogene	0	0	0	0.0000	0.0000	0.0000
ENSG00000257164.5	LINC02451	lncRNA	0	0	0	0.0000	0.0000	0.0000
ENSG00000257165.5	AC079362.1	lncRNA	0	0	0	0.0000	0.0000	0.0000
ENSG00000257167.2	TMPO-AS1	lncRNA	189	253	191	3.1928	0.7918	0.8561
ENSG00000257169.1	AC125612.1	processed_pseudogene	0	0	0	0.0000	0.0000	0.0000
ENSG00000257171.2	CR383658.2	transcribed_unprocessed_pseudogene	0	0	0	0.0000	0.0000	0.0000
ENSG00000257173.1	AK6P2	processed_pseudogene	0	0	0	0.0000	0.0000	0.0000
ENSG00000257175.2	CR383656.1	processed_pseudogene	0	0	0	0.0000	0.0000	0.0000
ENSG00000257176.3	AC009318.1	lncRNA	478	257	286	4.3956	1.0901	1.1786
ENSG00000257178.5	AC103702.1	lncRNA	5	0	5	0.1078	0.0267	0.0289
ENSG00000257179.1	HMGN2P6	processed_pseudogene	6	3	3	1.2464	0.3091	0.3342
ENSG00000257180.1	AC009135.1	lncRNA	0	0	0	0.0000	0.0000	0.0000
ENSG00000257181.1	AC025423.4	lncRNA	0	1016	1026	0.0000	0.0000	0.0000
ENSG00000257183.1	AC090502.2	lncRNA	0	0	0	0.0000	0.0000	0.0000
ENSG00000257184.3	AC004080.3	protein_coding	0	0	0	0.0000	0.0000	0.0000
ENSG00000257185.2	LINC02293	lncRNA	0	0	0	0.0000	0.0000	0.0000
ENSG00000257191.1	AC090709.1	lncRNA	0	0	0	0.0000	0.0000	0.0000
ENSG00000257193.1	LINC02385	lncRNA	0	0	0	0.0000	0.0000	0.0000
ENSG00000257194.2	AC126178.1	lncRNA	3	2	1	0.1837	0.0456	0.0493
ENSG00000257195.1	HNRNPA1P50	processed_pseudogene	2	1	1	0.1222	0.0303	0.0328
ENSG00000257198.6	FAM205BP	transcribed_unprocessed_pseudogene	1	0	1	0.0131	0.0033	0.0035
ENSG00000257199.2	AC025161.1	processed_pseudogene	1	1	0	0.0960	0.0238	0.0257
ENSG00000257202.1	AC084398.2	lncRNA	5	201	228	0.5027	0.1247	0.1348
ENSG00000257207.5	AC112229.3	protein_coding	0	0	0	0.0000	0.0000	0.0000
ENSG00000257210.1	NACAP8	processed_pseudogene	0	0	0	0.0000	0.0000	0.0000
ENSG00000257218.6	GATC	protein_coding	1496	3860	3731	19.2115	4.7643	5.1513
ENSG00000257219.6	LNCOG	lncRNA	22	14	9	0.5918	0.1468	0.1587
ENSG00000257220.1	PRXL2AP1	processed_pseudogene	0	0	0	0.0000	0.0000	0.0000
ENSG00000257221.4	AC007569.1	lncRNA	3	2	1	0.0804	0.0199	0.0216
ENSG00000257222.1	AC079907.1	lncRNA	7	120	131	1.0614	0.2632	0.2846
ENSG00000257224.1	CR383656.2	transcribed_processed_pseudogene	0	0	0	0.0000	0.0000	0.0000
ENSG00000257225.1	AC079601.1	lncRNA	2	398	458	0.0406	0.0101	0.0109
ENSG00000257226.2	AC079584.2	lncRNA	4	0	4	0.1828	0.0453	0.0490
ENSG00000257228.5	AC090531.1	lncRNA	1	1	0	0.0445	0.0110	0.0119
ENSG00000257230.1	LINC02448	lncRNA	0	0	0	0.0000	0.0000	0.0000
ENSG00000257231.1	DYNLL1P4	processed_pseudogene	3	2	1	0.6396	0.1586	0.1715
ENSG00000257235.1	AC078814.1	lncRNA	0	0	0	0.0000	0.0000	0.0000
ENSG00000257237.1	AC018448.1	unprocessed_pseudogene	0	0	0	0.0000	0.0000	0.0000
ENSG00000257239.1	AC090630.1	lncRNA	0	0	0	0.0000	0.0000	0.0000
ENSG00000257241.1	AC078922.1	lncRNA	1	0	1	0.1307	0.0324	0.0350
ENSG00000257242.8	LINC01619	lncRNA	174	87	87	2.0417	0.5063	0.5474
ENSG00000257243.1	AC020612.1	processed_pseudogene	9	7	2	0.9434	0.2340	0.2530
ENSG00000257246.1	PHBP19	processed_pseudogene	2	0	2	0.1504	0.0373	0.0403
ENSG00000257252.6	AC124947.1	lncRNA	14	7	7	0.6131	0.1520	0.1644
ENSG00000257253.2	AC131157.1	lncRNA	0	1	0	0.0000	0.0000	0.0000
ENSG00000257254.1	AC010202.1	processed_pseudogene	0	0	0	0.0000	0.0000	0.0000
ENSG00000257256.1	AC008147.1	lncRNA	9	5	4	1.5704	0.3895	0.4211
ENSG00000257258.2	AC012150.1	lncRNA	4	1	3	0.2114	0.0524	0.0567
ENSG00000257259.3	LINC02388	lncRNA	8	3	5	0.1042	0.0258	0.0279
ENSG00000257261.6	AC008014.1	lncRNA	432	217	218	5.0326	1.2480	1.3494
ENSG00000257262.1	AC023511.1	lncRNA	0	0	0	0.0000	0.0000	0.0000
ENSG00000257264.5	AC136443.3	lncRNA	1	0	1	0.0839	0.0208	0.0225
ENSG00000257265.1	AC123905.1	lncRNA	0	0	0	0.0000	0.0000	0.0000
ENSG00000257267.3	ZNF271P	transcribed_unitary_pseudogene	2462	1190	1274	18.7409	4.6476	5.0251
ENSG00000257268.1	AC002375.1	lncRNA	0	0	0	0.0000	0.0000	0.0000
ENSG00000257270.1	AL928654.2	lncRNA	36	192	159	4.5878	1.1377	1.2301
ENSG00000257271.1	KIRREL3-AS1	lncRNA	0	0	0	0.0000	0.0000	0.0000
ENSG00000257272.1	AL162311.1	lncRNA	2	2	0	0.1887	0.0468	0.0506
ENSG00000257275.6	AL139020.1	lncRNA	1	1	0	0.0188	0.0047	0.0050
ENSG00000257277.2	AC092652.1	lncRNA	4	3	1	0.0830	0.0206	0.0222
ENSG00000257279.1	AC127164.1	lncRNA	10	69	92	0.1352	0.0335	0.0362
ENSG00000257281.1	AC009729.1	processed_pseudogene	0	0	0	0.0000	0.0000	0.0000
ENSG00000257283.1	AC012464.1	lncRNA	5	1	5	0.5251	0.1302	0.1408
ENSG00000257284.1	AC013437.1	lncRNA	0	0	0	0.0000	0.0000	0.0000
ENSG00000257285.6	AL132780.1	lncRNA	50	158	152	1.5727	0.3900	0.4217
ENSG00000257286.1	AC089999.1	lncRNA	0	78	116	0.0000	0.0000	0.0000
ENSG00000257287.1	H3P35	processed_pseudogene	0	0	0	0.0000	0.0000	0.0000
ENSG00000257288.1	AC068305.1	processed_pseudogene	1	1	0	0.0471	0.0117	0.0126
ENSG00000257289.1	AC025423.5	processed_pseudogene	0	0	0	0.0000	0.0000	0.0000
ENSG00000257292.2	AC117372.1	unprocessed_pseudogene	0	0	0	0.0000	0.0000	0.0000
ENSG00000257294.2	AC080011.1	lncRNA	0	0	0	0.0000	0.0000	0.0000
ENSG00000257296.1	AC093027.1	processed_pseudogene	0	0	0	0.0000	0.0000	0.0000
ENSG00000257298.1	AC008147.2	lncRNA	48	25	23	0.5776	0.1432	0.1549
ENSG00000257300.1	HAUS8P1	processed_pseudogene	0	0	0	0.0000	0.0000	0.0000
ENSG00000257302.1	FAHD2P1	processed_pseudogene	0	0	0	0.0000	0.0000	0.0000
ENSG00000257303.2	AC073896.2	lncRNA	23	1406	1403	0.3409	0.0845	0.0914
ENSG00000257307.1	AL162311.2	processed_pseudogene	12	6	6	0.9598	0.2380	0.2574
ENSG00000257308.1	AC090017.1	processed_pseudogene	0	0	0	0.0000	0.0000	0.0000
ENSG00000257310.1	AL589743.1	lncRNA	0	0	1	0.0000	0.0000	0.0000
ENSG00000257315.3	ZBED6	protein_coding	25	9	16	0.1136	0.0282	0.0305
ENSG00000257316.1	ASS1P14	processed_pseudogene	0	0	0	0.0000	0.0000	0.0000
ENSG00000257319.1	AC008127.1	lncRNA	0	0	0	0.0000	0.0000	0.0000
ENSG00000257322.6	AC138123.1	lncRNA	5	5	5	0.0973	0.0241	0.0261
ENSG00000257323.1	AC123904.2	processed_pseudogene	0	0	0	0.0000	0.0000	0.0000
ENSG00000257325.1	AC138360.1	lncRNA	0	0	0	0.0000	0.0000	0.0000
ENSG00000257327.1	AC012555.1	lncRNA	1	5	12	0.0841	0.0209	0.0226
ENSG00000257329.1	AC011611.2	lncRNA	0	0	0	0.0000	0.0000	0.0000
ENSG00000257331.1	RACGAP1P1	processed_pseudogene	0	0	0	0.0000	0.0000	0.0000
ENSG00000257332.1	HNRNPA1P69	processed_pseudogene	0	0	0	0.0000	0.0000	0.0000
ENSG00000257335.8	MGAM	protein_coding	96	269	290	0.5056	0.1254	0.1356
ENSG00000257336.1	PRELID2P1	processed_pseudogene	2	2	0	0.3768	0.0934	0.1010
ENSG00000257337.7	AC068888.1	lncRNA	1547	4736	4612	11.3317	2.8102	3.0384
ENSG00000257341.5	AL928654.3	protein_coding	2	2	0	0.0806	0.0200	0.0216
ENSG00000257342.1	AC025165.2	lncRNA	0	3752	3810	0.0000	0.0000	0.0000
ENSG00000257343.1	AC055716.1	unprocessed_pseudogene	0	0	0	0.0000	0.0000	0.0000
ENSG00000257345.2	LINC02413	lncRNA	1	1	3	0.0453	0.0112	0.0122
ENSG00000257346.1	AC011603.1	lncRNA	0	0	0	0.0000	0.0000	0.0000
ENSG00000257350.1	AC027287.1	processed_pseudogene	0	0	0	0.0000	0.0000	0.0000
ENSG00000257354.2	AC048341.1	lncRNA	164	87	78	1.0699	0.2653	0.2869
ENSG00000257355.1	AC008770.1	protein_coding	0	0	0	0.0000	0.0000	0.0000
ENSG00000257356.2	BNIP3P6	processed_pseudogene	0	0	0	0.0000	0.0000	0.0000
ENSG00000257359.1	AC073863.1	lncRNA	1	117	108	0.0995	0.0247	0.0267
ENSG00000257360.1	AC123567.1	processed_pseudogene	0	0	0	0.0000	0.0000	0.0000
ENSG00000257364.1	VENTXP3	processed_pseudogene	0	0	0	0.0000	0.0000	0.0000
ENSG00000257365.8	FNTB	protein_coding	525	346	344	7.8910	1.9569	2.1158
ENSG00000257366.1	AC138969.2	lncRNA	0	0	0	0.0000	0.0000	0.0000
ENSG00000257368.2	AC063924.1	processed_pseudogene	0	0	0	0.0000	0.0000	0.0000
ENSG00000257373.1	AC012038.1	lncRNA	0	0	0	0.0000	0.0000	0.0000
ENSG00000257376.1	AC079601.2	processed_pseudogene	7	3	4	0.5122	0.1270	0.1373
ENSG00000257378.1	AC025154.1	lncRNA	0	0	0	0.0000	0.0000	0.0000
ENSG00000257379.1	AC023509.1	lncRNA	0	0	0	0.0000	0.0000	0.0000
ENSG00000257381.3	MIR3179-2	miRNA	0	0	0	0.0000	0.0000	0.0000
ENSG00000257384.1	AC009779.1	processed_pseudogene	0	0	0	0.0000	0.0000	0.0000
ENSG00000257386.1	AC025257.1	lncRNA	0	647	689	0.0000	0.0000	0.0000
ENSG00000257389.1	AC107016.1	processed_pseudogene	0	0	0	0.0000	0.0000	0.0000
ENSG00000257390.5	AC023055.1	protein_coding	1	843	850	0.0224	0.0055	0.0060
ENSG00000257391.1	AC126763.1	lncRNA	0	0	1	0.0000	0.0000	0.0000
ENSG00000257392.1	AC126177.2	unprocessed_pseudogene	2	1	1	0.1649	0.0409	0.0442
ENSG00000257395.1	AL512310.2	lncRNA	0	0	0	0.0000	0.0000	0.0000
ENSG00000257398.8	AC126177.3	lncRNA	20	8	12	0.3609	0.0895	0.0968
ENSG00000257400.1	AC023161.1	lncRNA	0	0	0	0.0000	0.0000	0.0000
ENSG00000257402.2	KRT126P	unprocessed_pseudogene	0	0	0	0.0000	0.0000	0.0000
ENSG00000257403.2	AC008740.1	unprocessed_pseudogene	1	1	0	0.2224	0.0552	0.0596
ENSG00000257404.1	AC107016.2	processed_pseudogene	0	0	0	0.0000	0.0000	0.0000
ENSG00000257405.1	AC079600.1	processed_pseudogene	0	0	0	0.0000	0.0000	0.0000
ENSG00000257407.1	AC009803.1	lncRNA	0	0	0	0.0000	0.0000	0.0000
ENSG00000257408.2	AC092375.1	transcribed_unprocessed_pseudogene	0	0	0	0.0000	0.0000	0.0000
ENSG00000257410.1	AC089984.1	lncRNA	0	50	41	0.0000	0.0000	0.0000
ENSG00000257411.2	AC034102.2	protein_coding	0	0	0	0.0000	0.0000	0.0000
ENSG00000257414.1	OR6C73P	unprocessed_pseudogene	0	0	0	0.0000	0.0000	0.0000
ENSG00000257415.1	AC084364.1	processed_pseudogene	0	0	0	0.0000	0.0000	0.0000
ENSG00000257426.1	AC126177.4	unprocessed_pseudogene	5	3	2	1.5930	0.3950	0.4271
ENSG00000257429.1	AC074031.1	lncRNA	0	0	0	0.0000	0.0000	0.0000
ENSG00000257431.1	AC089998.1	lncRNA	1	0	1	0.0181	0.0045	0.0048
ENSG00000257432.1	AL512310.3	processed_pseudogene	0	0	0	0.0000	0.0000	0.0000
ENSG00000257433.6	AC004241.1	lncRNA	24	97	96	0.2500	0.0620	0.0670
ENSG00000257434.1	AC073525.1	lncRNA	0	0	0	0.0000	0.0000	0.0000
ENSG00000257435.1	AC087311.1	lncRNA	0	0	0	0.0000	0.0000	0.0000
ENSG00000257438.1	AC011595.1	lncRNA	4	3	1	0.3012	0.0747	0.0808
ENSG00000257443.1	AC068305.2	lncRNA	1	0	1	0.1022	0.0253	0.0274
ENSG00000257444.1	SETP7	processed_pseudogene	0	0	0	0.0000	0.0000	0.0000
ENSG00000257446.4	ZNF878	protein_coding	23	11	12	0.7428	0.1842	0.1992
ENSG00000257449.1	AC034102.3	lncRNA	4	3	1	0.7561	0.1875	0.2027
ENSG00000257452.1	AC004551.1	lncRNA	4	1603	1661	0.3945	0.0978	0.1058
ENSG00000257453.1	AC011611.3	lncRNA	1	446	473	0.0997	0.0247	0.0267
ENSG00000257454.1	AC025575.1	lncRNA	0	0	0	0.0000	0.0000	0.0000
ENSG00000257456.1	AC009320.1	lncRNA	6	1	5	0.9750	0.2418	0.2614
ENSG00000257458.1	AC069437.1	lncRNA	3	0	3	0.3323	0.0824	0.0891
ENSG00000257464.1	AC125611.1	processed_pseudogene	1	1	0	0.2476	0.0614	0.0664
ENSG00000257465.2	ELOCP32	processed_pseudogene	0	0	0	0.0000	0.0000	0.0000
ENSG00000257467.6	PPFIA2-AS1	lncRNA	5	1	6	0.1397	0.0346	0.0375
ENSG00000257470.2	AC007656.1	lncRNA	0	0	0	0.0000	0.0000	0.0000
ENSG00000257472.1	AL355112.1	lncRNA	0	0	0	0.0000	0.0000	0.0000
ENSG00000257474.5	AC027288.1	lncRNA	2	2	1	0.0814	0.0202	0.0218
ENSG00000257475.2	AC068888.2	lncRNA	2	4	2	0.2116	0.0525	0.0567
ENSG00000257476.1	LINC02459	lncRNA	0	0	0	0.0000	0.0000	0.0000
ENSG00000257477.1	LINC01154	lncRNA	0	0	0	0.0000	0.0000	0.0000
ENSG00000257480.1	MRPL2P1	processed_pseudogene	0	0	1	0.0000	0.0000	0.0000
ENSG00000257488.5	LINC02354	lncRNA	3	1	2	0.1802	0.0447	0.0483
ENSG00000257489.6	AC010203.1	transcribed_unprocessed_pseudogene	46	20	26	1.8567	0.4604	0.4978
ENSG00000257493.1	AL512310.4	unprocessed_pseudogene	0	0	0	0.0000	0.0000	0.0000
ENSG00000257494.1	AC004217.1	lncRNA	1	32	35	0.0755	0.0187	0.0202
ENSG00000257495.5	KRT73-AS1	lncRNA	0	0	0	0.0000	0.0000	0.0000
ENSG00000257496.1	AC025031.1	lncRNA	3	4	2	0.3027	0.0751	0.0812
ENSG00000257497.2	AC121761.1	lncRNA	181	89	92	6.9261	1.7176	1.8571
ENSG00000257500.1	AC055736.1	lncRNA	0	4	2	0.0000	0.0000	0.0000
ENSG00000257501.6	PAFAH1B2P2	transcribed_processed_pseudogene	1	1	0	0.0108	0.0027	0.0029
ENSG00000257503.1	CYB5AP5	processed_pseudogene	0	0	0	0.0000	0.0000	0.0000
ENSG00000257504.1	LINC02297	lncRNA	0	0	0	0.0000	0.0000	0.0000
ENSG00000257506.1	AC133555.1	unprocessed_pseudogene	0	0	0	0.0000	0.0000	0.0000
ENSG00000257507.1	LINC02373	lncRNA	1	0	1	0.1341	0.0332	0.0359
ENSG00000257509.1	AC073487.1	lncRNA	4	3	1	0.4288	0.1063	0.1150
ENSG00000257510.2	LINC02402	lncRNA	0	0	0	0.0000	0.0000	0.0000
ENSG00000257511.1	AC084824.1	processed_pseudogene	113	64	49	6.3763	1.5813	1.7097
ENSG00000257512.1	AC124947.2	transcribed_processed_pseudogene	118	63	55	5.9062	1.4647	1.5837
ENSG00000257513.7	NPIPB1P	transcribed_unprocessed_pseudogene	0	0	0	0.0000	0.0000	0.0000
ENSG00000257514.5	AC117505.1	lncRNA	0	5	7	0.0000	0.0000	0.0000
ENSG00000257515.1	AC011601.1	lncRNA	0	0	0	0.0000	0.0000	0.0000
ENSG00000257517.1	AC026765.2	lncRNA	0	0	0	0.0000	0.0000	0.0000
ENSG00000257519.1	AC078880.1	lncRNA	0	0	0	0.0000	0.0000	0.0000
ENSG00000257520.2	SFTA3	protein_coding	0	0	0	0.0000	0.0000	0.0000
ENSG00000257522.7	AL133166.1	lncRNA	0	0	0	0.0000	0.0000	0.0000
ENSG00000257523.3	LINC02326	lncRNA	0	0	0	0.0000	0.0000	0.0000
ENSG00000257524.6	AL157935.2	protein_coding	3	1	2	0.0446	0.0111	0.0120
ENSG00000257526.2	AC107032.2	lncRNA	18	9	10	2.6445	0.6558	0.7091
ENSG00000257527.1	AC126755.1	lncRNA	0	0	0	0.0000	0.0000	0.0000
ENSG00000257528.1	KRT8P19	processed_pseudogene	1	1	0	0.0390	0.0097	0.0105
ENSG00000257529.5	RPL36A-HNRNPH2	protein_coding	0	0	0	0.0000	0.0000	0.0000
ENSG00000257530.1	AC048344.1	lncRNA	0	41	32	0.0000	0.0000	0.0000
ENSG00000257531.2	AC008147.3	transcribed_processed_pseudogene	4	2	2	0.6408	0.1589	0.1718
ENSG00000257534.1	AC023794.4	lncRNA	5	3	2	0.3761	0.0933	0.1008
ENSG00000257539.2	HSPA8P14	processed_pseudogene	5	4	1	0.1571	0.0390	0.0421
ENSG00000257541.1	LINC02403	lncRNA	0	0	0	0.0000	0.0000	0.0000
ENSG00000257542.5	OR7E47P	transcribed_unprocessed_pseudogene	0	0	1	0.0000	0.0000	0.0000
ENSG00000257543.1	AC063948.1	lncRNA	22	12	10	3.2919	0.8164	0.8827
ENSG00000257545.5	AC079385.1	lncRNA	1	43	50	0.0234	0.0058	0.0063
ENSG00000257548.1	AC078929.1	lncRNA	0	43	42	0.0000	0.0000	0.0000
ENSG00000257550.2	AC023509.2	lncRNA	0	813	860	0.0000	0.0000	0.0000
ENSG00000257551.1	HLX-AS1	lncRNA	3	18	9	0.3022	0.0749	0.0810
ENSG00000257553.1	AC034102.4	lncRNA	0	1027	1095	0.0000	0.0000	0.0000
ENSG00000257556.2	LINC02298	lncRNA	16	15	13	0.2532	0.0628	0.0679
ENSG00000257557.2	PPP1R12A-AS1	lncRNA	49	84	56	0.8592	0.2131	0.2304
ENSG00000257558.2	CR383656.3	processed_pseudogene	0	0	0	0.0000	0.0000	0.0000
ENSG00000257563.1	AC126755.2	lncRNA	0	0	0	0.0000	0.0000	0.0000
ENSG00000257564.1	AC068993.1	processed_pseudogene	0	0	0	0.0000	0.0000	0.0000
ENSG00000257568.1	AC079035.1	lncRNA	1	1	0	0.0669	0.0166	0.0179
ENSG00000257569.1	GSTP1P1	processed_pseudogene	0	2	0	0.0000	0.0000	0.0000
ENSG00000257570.1	AC020612.2	processed_pseudogene	0	0	0	0.0000	0.0000	0.0000
ENSG00000257572.1	SSBL3P	processed_pseudogene	0	0	0	0.0000	0.0000	0.0000
ENSG00000257576.1	HSPD1P4	processed_pseudogene	10	6	4	0.3332	0.0826	0.0893
ENSG00000257579.1	AC007540.1	lncRNA	0	4	2	0.0000	0.0000	0.0000
ENSG00000257580.1	AC008055.1	processed_pseudogene	0	0	0	0.0000	0.0000	0.0000
ENSG00000257582.5	LINC01475	lncRNA	0	0	0	0.0000	0.0000	0.0000
ENSG00000257585.1	LINC00609	lncRNA	0	0	0	0.0000	0.0000	0.0000
ENSG00000257586.1	AC018448.2	unprocessed_pseudogene	0	0	0	0.0000	0.0000	0.0000
ENSG00000257587.1	AC136188.1	lncRNA	0	0	0	0.0000	0.0000	0.0000
ENSG00000257588.1	AC025154.2	lncRNA	0	0	0	0.0000	0.0000	0.0000
ENSG00000257591.6	ZNF625	protein_coding	11	6	5	0.2824	0.0700	0.0757
ENSG00000257594.4	GALNT4	protein_coding	7	19	15	0.0737	0.0183	0.0198
ENSG00000257595.3	LINC02356	lncRNA	6	5	1	0.9098	0.2256	0.2439
ENSG00000257596.1	SCAT2	lncRNA	18	7	11	1.3888	0.3444	0.3724
ENSG00000257599.3	OVCH1-AS1	lncRNA	74	45	33	0.5996	0.1487	0.1608
ENSG00000257603.1	AC010183.1	lncRNA	0	0	0	0.0000	0.0000	0.0000
ENSG00000257604.1	AC027288.2	processed_pseudogene	2	0	2	0.4667	0.1157	0.1252
ENSG00000257605.2	MYG1-AS1	lncRNA	1	405	451	0.0877	0.0217	0.0235
ENSG00000257607.1	AC073957.2	lncRNA	0	77	52	0.0000	0.0000	0.0000
ENSG00000257609.1	AC091515.1	processed_pseudogene	0	0	0	0.0000	0.0000	0.0000
ENSG00000257611.1	AC010182.1	processed_pseudogene	0	0	0	0.0000	0.0000	0.0000
ENSG00000257612.2	MIR4307HG	lncRNA	0	0	0	0.0000	0.0000	0.0000
ENSG00000257614.1	AL133304.1	lncRNA	0	0	0	0.0000	0.0000	0.0000
ENSG00000257616.1	AC055716.2	processed_pseudogene	1	1	0	0.0232	0.0058	0.0062
ENSG00000257621.8	PSMA3-AS1	lncRNA	2374	1229	1173	18.1711	4.5062	4.8723
ENSG00000257622.1	AL512356.1	lncRNA	0	0	0	0.0000	0.0000	0.0000
ENSG00000257624.1	AC004024.1	processed_pseudogene	3	3	0	0.6888	0.1708	0.1847
ENSG00000257629.1	AC006199.1	processed_pseudogene	0	0	0	0.0000	0.0000	0.0000
ENSG00000257634.1	AC079310.1	lncRNA	0	0	0	0.0000	0.0000	0.0000
ENSG00000257635.2	CR383656.4	transcribed_processed_pseudogene	0	0	0	0.0000	0.0000	0.0000
ENSG00000257636.6	G2E3-AS1	lncRNA	0	0	0	0.0000	0.0000	0.0000
ENSG00000257639.1	AC005632.2	unprocessed_pseudogene	0	0	0	0.0000	0.0000	0.0000
ENSG00000257642.1	KCCAT198	lncRNA	3	1	2	0.3099	0.0768	0.0831
ENSG00000257643.1	AC084824.2	processed_pseudogene	0	0	0	0.0000	0.0000	0.0000
ENSG00000257644.1	CR383656.5	unprocessed_pseudogene	0	0	0	0.0000	0.0000	0.0000
ENSG00000257645.1	AC087897.1	processed_pseudogene	0	0	0	0.0000	0.0000	0.0000
ENSG00000257647.1	AC124312.2	lncRNA	0	8	9	0.0000	0.0000	0.0000
ENSG00000257648.1	CYCSP30	processed_pseudogene	0	0	0	0.0000	0.0000	0.0000
ENSG00000257649.1	METTL7AP1	processed_pseudogene	0	0	0	0.0000	0.0000	0.0000
ENSG00000257653.1	AC117498.1	lncRNA	0	667	697	0.0000	0.0000	0.0000
ENSG00000257654.1	AC125603.1	lncRNA	5	2	3	0.7747	0.1921	0.2077
ENSG00000257657.3	AC079950.1	lncRNA	7	4	3	0.1277	0.0317	0.0342
ENSG00000257658.1	AC004217.2	processed_pseudogene	0	0	0	0.0000	0.0000	0.0000
ENSG00000257660.5	ADCY6-DT	lncRNA	33	15	18	3.3780	0.8377	0.9058
ENSG00000257662.1	EIF4A1P12	processed_pseudogene	0	0	0	0.0000	0.0000	0.0000
ENSG00000257663.1	AC025259.1	lncRNA	1	858	781	0.0877	0.0217	0.0235
ENSG00000257664.1	RSL24D1P5	processed_pseudogene	0	0	0	0.0000	0.0000	0.0000
ENSG00000257666.1	CBX3P5	processed_pseudogene	0	0	0	0.0000	0.0000	0.0000
ENSG00000257668.1	AC084033.2	processed_pseudogene	0	0	0	0.0000	0.0000	0.0000
ENSG00000257671.1	KRT7-AS	lncRNA	108	2687	2711	3.6176	0.8971	0.9700
ENSG00000257672.2	CR383656.6	processed_pseudogene	0	0	0	0.0000	0.0000	0.0000
ENSG00000257674.1	AC020629.1	processed_pseudogene	1	0	1	0.0344	0.0085	0.0092
ENSG00000257675.1	BTBD10P1	processed_pseudogene	0	0	0	0.0000	0.0000	0.0000
ENSG00000257677.2	LINC02464	lncRNA	1	0	1	0.0536	0.0133	0.0144
ENSG00000257680.1	AC016144.1	processed_pseudogene	0	0	0	0.0000	0.0000	0.0000
ENSG00000257681.1	AC025265.1	lncRNA	6	7	6	0.3201	0.0794	0.0858
ENSG00000257682.1	AC090503.1	lncRNA	0	0	0	0.0000	0.0000	0.0000
ENSG00000257683.1	LINC02463	lncRNA	5	3	2	0.5705	0.1415	0.1530
ENSG00000257687.1	AC079600.2	processed_pseudogene	0	0	0	0.0000	0.0000	0.0000
ENSG00000257691.2	AC133555.2	processed_pseudogene	0	0	0	0.0000	0.0000	0.0000
ENSG00000257696.1	AC010203.2	lncRNA	28	16	14	3.7988	0.9421	1.0186
ENSG00000257698.2	GIHCG	lncRNA	501	245	256	7.0014	1.7363	1.8773
ENSG00000257700.1	AC055716.3	lncRNA	0	0	0	0.0000	0.0000	0.0000
ENSG00000257702.3	LBX2-AS1	lncRNA	633	398	389	17.2252	4.2717	4.6187
ENSG00000257703.6	AC068643.1	lncRNA	0	0	0	0.0000	0.0000	0.0000
ENSG00000257704.4	INAFM1	protein_coding	524	258	266	35.4184	8.7834	9.4969
ENSG00000257711.2	AC079385.2	lncRNA	2	1	1	0.0260	0.0064	0.0070
ENSG00000257715.1	AC007298.1	lncRNA	1	429	391	0.0864	0.0214	0.0232
ENSG00000257718.1	CPNE8-AS1	lncRNA	6	4	2	0.6469	0.1604	0.1735
ENSG00000257720.1	ILF2P2	processed_pseudogene	0	0	0	0.0000	0.0000	0.0000
ENSG00000257721.1	CR383656.7	processed_pseudogene	0	0	0	0.0000	0.0000	0.0000
ENSG00000257723.1	CHCHD3P2	processed_pseudogene	0	0	0	0.0000	0.0000	0.0000
ENSG00000257725.1	LINC02399	lncRNA	0	0	0	0.0000	0.0000	0.0000
ENSG00000257726.1	AC078880.2	lncRNA	0	0	0	0.0000	0.0000	0.0000
ENSG00000257727.6	CNPY2	protein_coding	153	164	160	2.8740	0.7127	0.7706
ENSG00000257729.2	AC090679.2	lncRNA	0	0	0	0.0000	0.0000	0.0000
ENSG00000257730.1	LSM6P2	processed_pseudogene	0	0	0	0.0000	0.0000	0.0000
ENSG00000257731.2	CR383656.8	processed_pseudogene	0	0	0	0.0000	0.0000	0.0000
ENSG00000257732.1	AC089983.1	lncRNA	0	0	0	0.0000	0.0000	0.0000
ENSG00000257735.1	AC090115.1	lncRNA	1	2	3	0.1009	0.0250	0.0271
ENSG00000257737.1	AC025265.2	lncRNA	0	0	0	0.0000	0.0000	0.0000
ENSG00000257738.2	AC009248.1	processed_pseudogene	0	0	0	0.0000	0.0000	0.0000
ENSG00000257740.1	AC073896.3	lncRNA	50	25	25	6.4886	1.6091	1.7398
ENSG00000257741.6	LINC01490	lncRNA	0	0	0	0.0000	0.0000	0.0000
ENSG00000257743.8	MGAM2	protein_coding	12	4	8	0.0834	0.0207	0.0224
ENSG00000257746.2	AC138123.2	lncRNA	0	0	0	0.0000	0.0000	0.0000
ENSG00000257747.2	LINC02426	lncRNA	0	0	0	0.0000	0.0000	0.0000
ENSG00000257748.2	LINC02281	lncRNA	0	0	0	0.0000	0.0000	0.0000
ENSG00000257750.2	LINC02445	lncRNA	0	0	0	0.0000	0.0000	0.0000
ENSG00000257751.2	AL512310.5	processed_pseudogene	0	0	0	0.0000	0.0000	0.0000
ENSG00000257752.1	AC091516.1	processed_pseudogene	4	3	1	0.3227	0.0800	0.0865
ENSG00000257754.1	AC012555.2	lncRNA	0	0	0	0.0000	0.0000	0.0000
ENSG00000257756.6	LINC02386	lncRNA	0	0	0	0.0000	0.0000	0.0000
ENSG00000257757.1	OR6C7P	unprocessed_pseudogene	0	0	0	0.0000	0.0000	0.0000
ENSG00000257758.1	KRT18P20	processed_pseudogene	1	0	1	0.0443	0.0110	0.0119
ENSG00000257759.2	AL357153.2	lncRNA	3	1	2	0.3011	0.0747	0.0807
ENSG00000257761.3	AC078860.2	lncRNA	1	1	0	0.0218	0.0054	0.0058
ENSG00000257762.6	LINC02401	lncRNA	0	0	0	0.0000	0.0000	0.0000
ENSG00000257763.1	OR5BK1P	unprocessed_pseudogene	3	2	1	0.2067	0.0513	0.0554
ENSG00000257764.2	AC020656.1	lncRNA	0	1104	997	0.0000	0.0000	0.0000
ENSG00000257766.1	AC025265.3	lncRNA	0	0	0	0.0000	0.0000	0.0000
ENSG00000257767.3	AC002996.1	protein_coding	0	0	0	0.0000	0.0000	0.0000
ENSG00000257769.1	AC026401.1	lncRNA	1	76	63	0.1070	0.0265	0.0287
ENSG00000257771.6	LINC02395	lncRNA	1	2	0	0.0063	0.0016	0.0017
ENSG00000257773.1	ST13P3	processed_pseudogene	8	5	3	0.4087	0.1014	0.1096
ENSG00000257777.1	AC022507.1	processed_pseudogene	0	0	0	0.0000	0.0000	0.0000
ENSG00000257779.1	AC078814.2	processed_pseudogene	0	0	0	0.0000	0.0000	0.0000
ENSG00000257780.5	GLYCAM1	transcribed_unitary_pseudogene	0	0	0	0.0000	0.0000	0.0000
ENSG00000257781.1	AC009387.1	lncRNA	2	1	1	0.2572	0.0638	0.0690
ENSG00000257784.2	LINC02400	lncRNA	0	0	0	0.0000	0.0000	0.0000
ENSG00000257786.1	AKIRIN1P1	processed_pseudogene	0	0	0	0.0000	0.0000	0.0000
ENSG00000257787.2	AC112481.1	lncRNA	0	0	0	0.0000	0.0000	0.0000
ENSG00000257790.1	EIF4A1P4	processed_pseudogene	6	2	4	0.2805	0.0696	0.0752
ENSG00000257792.1	OR5BJ1P	unprocessed_pseudogene	0	0	0	0.0000	0.0000	0.0000
ENSG00000257797.1	AC039056.1	lncRNA	0	0	0	0.0000	0.0000	0.0000
ENSG00000257800.1	FNBP1P1	processed_pseudogene	146	66	80	4.1523	1.0297	1.1134
ENSG00000257802.1	MRS2P2	processed_pseudogene	1	0	1	0.0472	0.0117	0.0127
ENSG00000257803.2	PIGAP1	processed_pseudogene	4	2	2	0.1560	0.0387	0.0418
ENSG00000257807.1	AC003686.1	processed_pseudogene	0	0	0	0.0000	0.0000	0.0000
ENSG00000257808.1	AC073573.1	lncRNA	2	100	92	0.2358	0.0585	0.0632
ENSG00000257809.1	AC034102.5	lncRNA	4	189	191	0.4201	0.1042	0.1126
ENSG00000257813.2	AC090525.2	processed_pseudogene	0	0	0	0.0000	0.0000	0.0000
ENSG00000257815.7	PRANCR	lncRNA	189	198	192	1.0908	0.2705	0.2925
ENSG00000257817.2	AC026765.3	lncRNA	5	93	99	0.1147	0.0284	0.0308
ENSG00000257818.1	C1GALT1P1	processed_pseudogene	6	3	3	0.3125	0.0775	0.0838
ENSG00000257820.1	MRPS6P4	processed_pseudogene	0	0	0	0.0000	0.0000	0.0000
ENSG00000257823.1	AC092552.1	processed_pseudogene	0	0	0	0.0000	0.0000	0.0000
ENSG00000257824.1	AC068789.1	lncRNA	0	31	37	0.0000	0.0000	0.0000
ENSG00000257825.1	CR383656.9	transcribed_processed_pseudogene	0	0	0	0.0000	0.0000	0.0000
ENSG00000257826.1	AL133304.2	lncRNA	0	0	0	0.0000	0.0000	0.0000
ENSG00000257829.1	AC121757.1	lncRNA	6	6	4	0.5453	0.1352	0.1462
ENSG00000257830.1	AC021066.1	lncRNA	0	0	0	0.0000	0.0000	0.0000
ENSG00000257831.1	AL136418.1	lncRNA	4	154	151	0.2327	0.0577	0.0624
ENSG00000257835.2	AC073591.1	lncRNA	1	0	1	0.0870	0.0216	0.0233
ENSG00000257837.1	AC089998.2	lncRNA	1	0	1	0.2047	0.0508	0.0549
ENSG00000257838.5	OTOAP1	transcribed_unprocessed_pseudogene	18	12	6	0.3836	0.0951	0.1029
ENSG00000257839.1	AC011611.4	lncRNA	0	7	7	0.0000	0.0000	0.0000
ENSG00000257842.6	LINC02588	lncRNA	1	1	0	0.0111	0.0027	0.0030
ENSG00000257844.2	KRT90P	unprocessed_pseudogene	0	0	0	0.0000	0.0000	0.0000
ENSG00000257845.1	LINC02294	lncRNA	0	0	0	0.0000	0.0000	0.0000
ENSG00000257846.2	AL512310.6	processed_pseudogene	0	0	0	0.0000	0.0000	0.0000
ENSG00000257847.1	LSM3P2	processed_pseudogene	0	0	0	0.0000	0.0000	0.0000
ENSG00000257848.1	AC074029.1	processed_pseudogene	0	0	0	0.0000	0.0000	0.0000
ENSG00000257849.1	AC012038.2	lncRNA	1	1	0	0.2215	0.0549	0.0594
ENSG00000257851.2	HNRNPA3P10	processed_pseudogene	8	4	4	0.3987	0.0989	0.1069
ENSG00000257852.1	AC048344.2	processed_pseudogene	0	0	0	0.0000	0.0000	0.0000
ENSG00000257853.2	MED15P1	transcribed_unprocessed_pseudogene	0	0	0	0.0000	0.0000	0.0000
ENSG00000257855.1	AC126471.1	processed_pseudogene	0	0	0	0.0000	0.0000	0.0000
ENSG00000257858.1	MTND1P24	unprocessed_pseudogene	0	0	0	0.0000	0.0000	0.0000
ENSG00000257859.2	CASC18	lncRNA	15	10	5	0.2662	0.0660	0.0714
ENSG00000257860.6	AC068643.2	lncRNA	0	0	0	0.0000	0.0000	0.0000
ENSG00000257863.1	AC090049.1	lncRNA	0	0	0	0.0000	0.0000	0.0000
ENSG00000257864.1	AC025030.1	processed_pseudogene	1	0	1	0.0990	0.0245	0.0265
ENSG00000257865.1	AC090022.2	processed_pseudogene	0	0	0	0.0000	0.0000	0.0000
ENSG00000257869.1	AL139023.1	lncRNA	3	2	1	0.3349	0.0831	0.0898
ENSG00000257870.1	AC027287.2	lncRNA	0	0	0	0.0000	0.0000	0.0000
ENSG00000257872.1	AC233290.1	processed_pseudogene	0	0	0	0.0000	0.0000	0.0000
ENSG00000257875.1	AC089998.3	processed_pseudogene	5	1	4	0.5752	0.1426	0.1542
ENSG00000257878.1	AC007298.2	lncRNA	5	25	40	0.3289	0.0816	0.0882
ENSG00000257879.1	AC130415.1	lncRNA	0	0	0	0.0000	0.0000	0.0000
ENSG00000257880.1	AC078789.1	lncRNA	1	1	0	0.1189	0.0295	0.0319
ENSG00000257883.1	AC125603.2	lncRNA	54	25	29	3.4958	0.8669	0.9373
ENSG00000257884.2	AL512310.7	transcribed_processed_pseudogene	0	1	0	0.0000	0.0000	0.0000
ENSG00000257885.1	PHBP18	processed_pseudogene	0	0	0	0.0000	0.0000	0.0000
ENSG00000257890.1	AC011595.2	lncRNA	5	3	2	0.4487	0.1113	0.1203
ENSG00000257891.1	AL929601.1	lncRNA	0	0	0	0.0000	0.0000	0.0000
ENSG00000257893.3	LINC02404	lncRNA	0	0	0	0.0000	0.0000	0.0000
ENSG00000257894.2	AC027288.3	lncRNA	451	230	222	11.3521	2.8152	3.0439
ENSG00000257896.1	AC093012.1	transcribed_unprocessed_pseudogene	8	41	56	0.3878	0.0962	0.1040
ENSG00000257897.1	AC139697.1	processed_pseudogene	0	0	0	0.0000	0.0000	0.0000
ENSG00000257900.2	AL162632.1	lncRNA	0	0	0	0.0000	0.0000	0.0000
ENSG00000257904.1	AL133372.3	lncRNA	0	0	0	0.0000	0.0000	0.0000
ENSG00000257905.1	AC004486.1	processed_pseudogene	3	3	0	0.7302	0.1811	0.1958
ENSG00000257906.3	LINC02156	lncRNA	13	8	5	0.2628	0.0652	0.0705
ENSG00000257907.2	EEF1A1P17	processed_pseudogene	2	1	1	0.0890	0.0221	0.0239
ENSG00000257910.1	AC124784.1	lncRNA	0	1	0	0.0000	0.0000	0.0000
ENSG00000257912.1	LINC02258	lncRNA	1	1	0	0.0730	0.0181	0.0196
ENSG00000257913.2	DDN-AS1	lncRNA	13	282	249	0.3294	0.0817	0.0883
ENSG00000257915.1	GLULP5	processed_pseudogene	0	0	0	0.0000	0.0000	0.0000
ENSG00000257918.1	AC079385.3	lncRNA	1	0	2	0.0701	0.0174	0.0188
ENSG00000257920.1	LINC02409	lncRNA	0	0	0	0.0000	0.0000	0.0000
ENSG00000257921.6	AC025165.3	protein_coding	0	0	0	0.0000	0.0000	0.0000
ENSG00000257923.12	CUX1	protein_coding	10144	5070	5074	32.3820	8.0304	8.6827
ENSG00000257924.1	LINC02416	lncRNA	5	4	1	0.5251	0.1302	0.1408
ENSG00000257925.1	AC008083.2	lncRNA	8	4	4	0.6843	0.1697	0.1835
ENSG00000257927.1	MRPS36P5	processed_pseudogene	0	0	0	0.0000	0.0000	0.0000
ENSG00000257932.1	AC078776.1	lncRNA	0	0	0	0.0000	0.0000	0.0000
ENSG00000257935.2	LHX5-AS1	lncRNA	0	0	0	0.0000	0.0000	0.0000
ENSG00000257940.1	AC079598.1	lncRNA	0	0	0	0.0000	0.0000	0.0000
ENSG00000257941.1	AC011611.5	processed_pseudogene	4	6	10	0.3925	0.0973	0.1052
ENSG00000257943.2	AC084879.1	transcribed_unitary_pseudogene	1	0	1	0.0179	0.0044	0.0048
ENSG00000257947.1	AC025030.2	lncRNA	1	0	1	0.1000	0.0248	0.0268
ENSG00000257948.2	AC068993.2	lncRNA	0	0	0	0.0000	0.0000	0.0000
ENSG00000257949.7	TEN1	protein_coding	3	0	3	0.1326	0.0329	0.0356
ENSG00000257950.3	P2RX5-TAX1BP3	protein_coding	18	297	301	0.1729	0.0429	0.0464
ENSG00000257951.2	AC126177.5	unprocessed_pseudogene	30	18	12	1.6861	0.4181	0.4521
ENSG00000257953.1	AC083805.2	lncRNA	8	2	6	0.7437	0.1844	0.1994
ENSG00000257954.1	AC125611.2	processed_pseudogene	2	2	0	0.1753	0.0435	0.0470
ENSG00000257955.1	AC004801.3	lncRNA	0	0	0	0.0000	0.0000	0.0000
ENSG00000257956.1	NOP56P3	processed_pseudogene	11	3	8	1.6203	0.4018	0.4345
ENSG00000257957.1	QRSL1P3	processed_pseudogene	1	0	1	0.0431	0.0107	0.0116
ENSG00000257958.1	AC008125.1	lncRNA	0	0	0	0.0000	0.0000	0.0000
ENSG00000257959.1	CR383656.10	lncRNA	0	0	0	0.0000	0.0000	0.0000
ENSG00000257962.1	AC011773.2	lncRNA	0	0	0	0.0000	0.0000	0.0000
ENSG00000257964.1	AC020612.3	lncRNA	6	3	3	0.5969	0.1480	0.1601
ENSG00000257966.1	OLA1P3	processed_pseudogene	2	1	1	0.0444	0.0110	0.0119
ENSG00000257976.1	AL079352.1	processed_pseudogene	0	0	0	0.0000	0.0000	0.0000
ENSG00000257979.1	SNRPGP18	processed_pseudogene	2	1	1	0.5300	0.1314	0.1421
ENSG00000257985.1	AC004801.4	lncRNA	1	0	1	0.0182	0.0045	0.0049
ENSG00000257986.3	LINC02306	lncRNA	2	2	0	0.0316	0.0078	0.0085
ENSG00000257987.6	TEX49	protein_coding	0	0	0	0.0000	0.0000	0.0000
ENSG00000257989.1	AC078864.1	lncRNA	11	8	4	1.2184	0.3021	0.3267
ENSG00000257991.1	AC089984.2	processed_pseudogene	0	0	0	0.0000	0.0000	0.0000
ENSG00000257994.1	AC084364.2	unprocessed_pseudogene	0	0	0	0.0000	0.0000	0.0000
ENSG00000257995.1	AC084365.1	lncRNA	0	0	0	0.0000	0.0000	0.0000
ENSG00000257997.5	AC010183.2	lncRNA	0	0	0	0.0000	0.0000	0.0000
ENSG00000257998.1	AC123904.3	processed_pseudogene	0	0	0	0.0000	0.0000	0.0000
ENSG00000258001.1	AC126614.1	lncRNA	3	0	3	0.3105	0.0770	0.0832
ENSG00000258007.1	AC063947.1	lncRNA	0	0	0	0.0000	0.0000	0.0000
ENSG00000258010.4	AC016705.1	lncRNA	17	7	10	0.4372	0.1084	0.1172
ENSG00000258011.2	HMGA1P3	processed_pseudogene	0	0	0	0.0000	0.0000	0.0000
ENSG00000258012.1	AC026111.1	processed_pseudogene	1	0	1	0.0475	0.0118	0.0127
ENSG00000258013.2	RPL3P13	processed_pseudogene	2	1	1	0.5251	0.1302	0.1408
ENSG00000258016.1	HIGD1AP1	processed_pseudogene	3	3	0	0.6187	0.1534	0.1659
ENSG00000258017.2	AC011603.2	lncRNA	23	18381	18834	0.2842	0.0705	0.0762
ENSG00000258018.2	LINC02457	lncRNA	343	152	191	3.9713	0.9848	1.0648
ENSG00000258021.1	AC025259.2	processed_pseudogene	0	0	0	0.0000	0.0000	0.0000
ENSG00000258024.1	OR5BT1P	unprocessed_pseudogene	0	0	0	0.0000	0.0000	0.0000
ENSG00000258026.2	AC078955.1	lncRNA	0	0	0	0.0000	0.0000	0.0000
ENSG00000258027.2	NF1P4	unprocessed_pseudogene	0	0	1	0.0000	0.0000	0.0000
ENSG00000258028.3	AL135878.1	lncRNA	0	0	0	0.0000	0.0000	0.0000
ENSG00000258033.1	SNX5P2	unprocessed_pseudogene	1	1	0	0.0452	0.0112	0.0121
ENSG00000258034.1	AC012157.2	lncRNA	1	482	502	0.1132	0.0281	0.0304
ENSG00000258035.2	AC123567.2	lncRNA	3	85	107	0.0547	0.0136	0.0147
ENSG00000258036.2	KRT125P	unprocessed_pseudogene	0	0	0	0.0000	0.0000	0.0000
ENSG00000258038.6	LINC02327	lncRNA	0	0	0	0.0000	0.0000	0.0000
ENSG00000258039.2	AC117377.1	lncRNA	3	1	2	0.1639	0.0406	0.0439
ENSG00000258044.1	AC073569.1	lncRNA	3	1	2	0.2551	0.0633	0.0684
ENSG00000258045.2	Metazoa_SRP	misc_RNA	11	2	9	2.3276	0.5772	0.6241
ENSG00000258048.1	AC073569.2	lncRNA	0	36	38	0.0000	0.0000	0.0000
ENSG00000258050.2	AL139316.1	lncRNA	0	0	0	0.0000	0.0000	0.0000
ENSG00000258051.1	AC074029.2	processed_pseudogene	0	0	0	0.0000	0.0000	0.0000
ENSG00000258052.1	AC025263.2	protein_coding	0	0	0	0.0000	0.0000	0.0000
ENSG00000258053.1	AC025575.2	lncRNA	0	0	0	0.0000	0.0000	0.0000
ENSG00000258056.2	AC009779.2	lncRNA	380	235	255	14.9340	3.7035	4.0043
ENSG00000258057.6	BCDIN3D-AS1	lncRNA	101	293	333	1.0809	0.2681	0.2898
ENSG00000258064.1	AC073612.1	protein_coding	0	0	0	0.0000	0.0000	0.0000
ENSG00000258065.1	AL122126.1	processed_pseudogene	0	0	0	0.0000	0.0000	0.0000
ENSG00000258066.1	AC138331.1	lncRNA	5	2	3	0.7541	0.1870	0.2022
ENSG00000258068.2	AC079600.3	lncRNA	1	1	0	0.1004	0.0249	0.0269
ENSG00000258071.1	ARL2BPP2	processed_pseudogene	0	0	0	0.0000	0.0000	0.0000
ENSG00000258072.1	AC126177.6	processed_pseudogene	31	20	11	2.5891	0.6421	0.6942
ENSG00000258073.1	AC128657.1	processed_pseudogene	0	0	0	0.0000	0.0000	0.0000
ENSG00000258074.1	VTI1BP3	processed_pseudogene	0	0	0	0.0000	0.0000	0.0000
ENSG00000258076.1	CR383656.11	processed_pseudogene	0	0	0	0.0000	0.0000	0.0000
ENSG00000258077.2	AC078923.1	lncRNA	1	0	1	0.0409	0.0102	0.0110
ENSG00000258080.1	ARHGAP42P4	processed_pseudogene	0	0	0	0.0000	0.0000	0.0000
ENSG00000258081.4	AL110292.1	lncRNA	0	0	0	0.0000	0.0000	0.0000
ENSG00000258082.1	AL391832.3	lncRNA	2	1	1	0.1341	0.0332	0.0359
ENSG00000258083.2	OR9A4	protein_coding	1	0	1	0.0277	0.0069	0.0074
ENSG00000258084.6	AC128707.1	lncRNA	1	0	1	0.0175	0.0043	0.0047
ENSG00000258086.1	AC079313.1	lncRNA	6	250	275	0.6232	0.1545	0.1671
ENSG00000258088.1	AC078820.1	lncRNA	1	1	0	0.0764	0.0190	0.0205
ENSG00000258090.1	AC093014.1	processed_pseudogene	2	0	2	0.1567	0.0388	0.0420
ENSG00000258091.1	AC011611.6	processed_pseudogene	0	0	0	0.0000	0.0000	0.0000
ENSG00000258092.1	AC005841.1	lncRNA	0	1311	1328	0.0000	0.0000	0.0000
ENSG00000258096.1	AC025031.2	lncRNA	0	0	0	0.0000	0.0000	0.0000
ENSG00000258098.2	LINC02286	lncRNA	0	0	0	0.0000	0.0000	0.0000
ENSG00000258099.1	ATXN2-AS	lncRNA	19	7	13	2.2216	0.5509	0.5957
ENSG00000258100.3	LINC02823	lncRNA	34	21	13	0.9944	0.2466	0.2666
ENSG00000258101.2	AC010173.1	lncRNA	26	17	9	1.0148	0.2517	0.2721
ENSG00000258102.5	MAP1LC3B2	protein_coding	92	39	53	2.7103	0.6721	0.7267
ENSG00000258104.1	HIGD1AP9	processed_pseudogene	0	0	0	0.0000	0.0000	0.0000
ENSG00000258107.3	AL158058.1	lncRNA	0	0	0	0.0000	0.0000	0.0000
ENSG00000258108.2	AC009803.2	lncRNA	0	0	0	0.0000	0.0000	0.0000
ENSG00000258111.1	AC079316.1	processed_pseudogene	0	0	0	0.0000	0.0000	0.0000
ENSG00000258112.1	CCNG2P1	processed_pseudogene	1	0	1	0.0567	0.0141	0.0152
ENSG00000258114.1	AC005871.2	lncRNA	0	2	5	0.0000	0.0000	0.0000
ENSG00000258115.1	AC090109.1	lncRNA	0	0	0	0.0000	0.0000	0.0000
ENSG00000258116.1	PPIAP45	processed_pseudogene	2	0	2	0.2383	0.0591	0.0639
ENSG00000258117.2	AC026116.1	lncRNA	0	0	0	0.0000	0.0000	0.0000
ENSG00000258118.1	PPIAP44	processed_pseudogene	0	0	0	0.0000	0.0000	0.0000
ENSG00000258119.1	AC087897.2	lncRNA	0	0	0	0.0000	0.0000	0.0000
ENSG00000258120.2	KRT128P	unprocessed_pseudogene	0	1	0	0.0000	0.0000	0.0000
ENSG00000258121.1	AC089987.2	lncRNA	0	0	1	0.0000	0.0000	0.0000
ENSG00000258122.1	AC044802.2	lncRNA	9	6	10	1.1760	0.2916	0.3153
ENSG00000258123.1	LINC02444	lncRNA	0	0	0	0.0000	0.0000	0.0000
ENSG00000258125.1	AC025254.1	lncRNA	0	0	0	0.0000	0.0000	0.0000
ENSG00000258128.2	MKRN9P	transcribed_processed_pseudogene	0	0	0	0.0000	0.0000	0.0000
ENSG00000258130.8	AC106782.1	transcribed_unprocessed_pseudogene	0	2	0	0.0000	0.0000	0.0000
ENSG00000258131.1	AC007656.2	lncRNA	1	1	0	0.0990	0.0245	0.0265
ENSG00000258133.1	AC025578.1	processed_pseudogene	0	0	0	0.0000	0.0000	0.0000
ENSG00000258134.1	AC016954.1	processed_pseudogene	0	0	0	0.0000	0.0000	0.0000
ENSG00000258135.5	LINC02396	lncRNA	0	0	1	0.0000	0.0000	0.0000
ENSG00000258136.2	AC007622.2	lncRNA	21	141	170	0.6232	0.1545	0.1671
ENSG00000258137.5	AC079313.2	lncRNA	5	4	1	0.3069	0.0761	0.0823
ENSG00000258140.2	AC127894.1	lncRNA	0	0	0	0.0000	0.0000	0.0000
ENSG00000258142.2	AC093023.1	processed_pseudogene	0	1	1	0.0000	0.0000	0.0000
ENSG00000258144.2	LINC02406	lncRNA	0	0	0	0.0000	0.0000	0.0000
ENSG00000258148.2	AC007115.1	processed_pseudogene	1	0	1	0.2424	0.0601	0.0650
ENSG00000258150.6	AC133555.3	transcribed_unprocessed_pseudogene	0	0	2	0.0000	0.0000	0.0000
ENSG00000258153.1	HSPE1P4	processed_pseudogene	1	0	2	0.1841	0.0457	0.0494
ENSG00000258154.2	AL512356.2	unprocessed_pseudogene	0	0	0	0.0000	0.0000	0.0000
ENSG00000258159.1	IMMP1LP2	processed_pseudogene	0	0	0	0.0000	0.0000	0.0000
ENSG00000258162.4	AC069228.1	lncRNA	3	1	2	0.0185	0.0046	0.0050
ENSG00000258167.1	AC107023.1	lncRNA	0	0	0	0.0000	0.0000	0.0000
ENSG00000258168.6	AC025569.1	lncRNA	15	117	121	0.1336	0.0331	0.0358
ENSG00000258169.1	LINC00485	lncRNA	0	0	0	0.0000	0.0000	0.0000
ENSG00000258170.1	AC089998.4	lncRNA	0	0	0	0.0000	0.0000	0.0000
ENSG00000258171.2	LINC02412	lncRNA	6	3	5	0.1251	0.0310	0.0335
ENSG00000258172.1	AC073655.1	lncRNA	3	1	2	0.3451	0.0856	0.0925
ENSG00000258173.1	AC079598.2	processed_pseudogene	0	0	0	0.0000	0.0000	0.0000
ENSG00000258175.1	LINC02300	lncRNA	0	0	0	0.0000	0.0000	0.0000
ENSG00000258177.1	AC008149.1	lncRNA	1	246	210	0.1080	0.0268	0.0290
ENSG00000258178.1	AC016993.1	lncRNA	0	0	0	0.0000	0.0000	0.0000
ENSG00000258179.1	AC079598.3	processed_pseudogene	0	0	0	0.0000	0.0000	0.0000
ENSG00000258181.1	AC008083.3	lncRNA	40	19	21	4.4478	1.1030	1.1926
ENSG00000258183.6	LINC02392	lncRNA	16	6	10	0.3194	0.0792	0.0856
ENSG00000258184.1	AC087883.1	processed_pseudogene	0	0	0	0.0000	0.0000	0.0000
ENSG00000258185.2	AC010196.1	lncRNA	0	0	0	0.0000	0.0000	0.0000
ENSG00000258186.2	SLC7A5P2	transcribed_processed_pseudogene	0	0	0	0.0000	0.0000	0.0000
ENSG00000258193.1	AC011602.1	processed_pseudogene	0	0	0	0.0000	0.0000	0.0000
ENSG00000258196.1	AL163973.3	lncRNA	0	0	0	0.0000	0.0000	0.0000
ENSG00000258197.1	NKX2-2-AS1	lncRNA	0	0	0	0.0000	0.0000	0.0000
ENSG00000258199.1	AC073896.4	lncRNA	4	1	3	0.5629	0.1396	0.1509
ENSG00000258202.1	AC026371.1	unprocessed_pseudogene	0	0	0	0.0000	0.0000	0.0000
ENSG00000258203.5	AC004801.5	lncRNA	5	2	3	0.2716	0.0674	0.0728
ENSG00000258204.1	AC008126.1	processed_pseudogene	2	2	0	0.2363	0.0586	0.0634
ENSG00000258205.1	AC079598.4	processed_pseudogene	0	0	0	0.0000	0.0000	0.0000
ENSG00000258206.1	AC137768.1	processed_pseudogene	0	0	0	0.0000	0.0000	0.0000
ENSG00000258210.1	AC144548.1	lncRNA	9	6	3	0.5395	0.1338	0.1447
ENSG00000258212.1	ZNF75BP	processed_pseudogene	0	0	0	0.0000	0.0000	0.0000
ENSG00000258214.1	AC108721.1	lncRNA	0	0	0	0.0000	0.0000	0.0000
ENSG00000258215.1	AC078886.1	processed_pseudogene	0	0	0	0.0000	0.0000	0.0000
ENSG00000258216.7	AC009522.1	lncRNA	4	3	1	0.1063	0.0264	0.0285
ENSG00000258220.1	LINC02424	lncRNA	0	0	0	0.0000	0.0000	0.0000
ENSG00000258223.6	PRSS58	protein_coding	0	0	0	0.0000	0.0000	0.0000
ENSG00000258224.1	AC090049.2	processed_pseudogene	0	0	0	0.0000	0.0000	0.0000
ENSG00000258225.1	AC073571.1	lncRNA	1	0	1	0.1194	0.0296	0.0320
ENSG00000258227.7	CLEC5A	protein_coding	1846	1186	1123	25.3540	6.2875	6.7982
ENSG00000258230.2	AC063950.1	transcribed_processed_pseudogene	4	3	1	0.3533	0.0876	0.0947
ENSG00000258231.5	AC020637.1	lncRNA	5	3	2	0.1640	0.0407	0.0440
ENSG00000258232.2	AC125611.3	lncRNA	0	3656	3733	0.0000	0.0000	0.0000
ENSG00000258233.1	ARHGAP42P5	processed_pseudogene	0	0	0	0.0000	0.0000	0.0000
ENSG00000258234.1	AC024257.1	lncRNA	0	0	0	0.0000	0.0000	0.0000
ENSG00000258235.1	AC133480.1	lncRNA	0	0	0	0.0000	0.0000	0.0000
ENSG00000258239.1	MTND2P17	unprocessed_pseudogene	0	0	0	0.0000	0.0000	0.0000
ENSG00000258240.6	AC002351.1	lncRNA	0	0	0	0.0000	0.0000	0.0000
ENSG00000258244.1	OSTF1P1	processed_pseudogene	0	0	0	0.0000	0.0000	0.0000
ENSG00000258245.1	RPL10P13	processed_pseudogene	0	0	0	0.0000	0.0000	0.0000
ENSG00000258249.1	AC125603.3	lncRNA	0	0	0	0.0000	0.0000	0.0000
ENSG00000258251.1	YPEL5P3	processed_pseudogene	0	0	0	0.0000	0.0000	0.0000
ENSG00000258253.1	AC078865.1	lncRNA	0	0	0	0.0000	0.0000	0.0000
ENSG00000258254.1	AC010177.1	lncRNA	0	0	0	0.0000	0.0000	0.0000
ENSG00000258256.1	AC011773.3	lncRNA	3	3	2	0.1355	0.0336	0.0363
ENSG00000258260.1	AC073896.5	lncRNA	0	46	40	0.0000	0.0000	0.0000
ENSG00000258262.1	AC063949.1	processed_pseudogene	0	0	0	0.0000	0.0000	0.0000
ENSG00000258265.1	AL929601.2	lncRNA	0	0	0	0.0000	0.0000	0.0000
ENSG00000258271.1	AC025260.1	processed_pseudogene	2	0	2	0.2638	0.0654	0.0707
ENSG00000258272.1	AC007513.1	lncRNA	0	0	0	0.0000	0.0000	0.0000
ENSG00000258273.1	AC024257.2	unprocessed_pseudogene	0	0	0	0.0000	0.0000	0.0000
ENSG00000258274.1	AC012085.2	lncRNA	4	3	1	0.1164	0.0289	0.0312
ENSG00000258275.1	OR7K1P	unprocessed_pseudogene	0	0	0	0.0000	0.0000	0.0000
ENSG00000258278.2	CLUHP8	unprocessed_pseudogene	0	0	0	0.0000	0.0000	0.0000
ENSG00000258279.4	LINC00592	lncRNA	4	2	3	0.1006	0.0249	0.0270
ENSG00000258282.2	BTF3P2	processed_pseudogene	0	0	0	0.0000	0.0000	0.0000
ENSG00000258283.1	AC011603.3	lncRNA	0	0	0	0.0000	0.0000	0.0000
ENSG00000258284.1	POLR2KP1	processed_pseudogene	5	3	2	1.6878	0.4186	0.4526
ENSG00000258285.1	TESC-AS1	lncRNA	0	2	2	0.0000	0.0000	0.0000
ENSG00000258288.1	NENFP2	processed_pseudogene	0	0	0	0.0000	0.0000	0.0000
ENSG00000258289.8	CHURC1	protein_coding	4433	2188	2245	46.5202	11.5365	12.4736
ENSG00000258290.1	BRWD1P2	processed_pseudogene	0	0	0	0.0000	0.0000	0.0000
ENSG00000258292.1	LINC02410	lncRNA	2	0	2	0.2886	0.0716	0.0774
ENSG00000258294.5	AC090503.2	lncRNA	0	0	0	0.0000	0.0000	0.0000
ENSG00000258300.2	NUTF2P2	processed_pseudogene	0	2	2	0.0000	0.0000	0.0000
ENSG00000258301.3	VASH1-AS1	lncRNA	8	483	454	0.2462	0.0610	0.0660
ENSG00000258302.2	AC025034.1	lncRNA	44	25	19	1.4584	0.3617	0.3910
ENSG00000258303.1	AC012464.2	lncRNA	4	1	3	0.2912	0.0722	0.0781
ENSG00000258304.1	AC233290.2	processed_pseudogene	0	0	0	0.0000	0.0000	0.0000
ENSG00000258308.6	AC079907.2	lncRNA	2	0	2	0.0843	0.0209	0.0226
ENSG00000258311.5	AC009779.3	protein_coding	20	11	9	0.3231	0.0801	0.0866
ENSG00000258312.1	AC016152.1	lncRNA	1	0	1	0.1088	0.0270	0.0292
ENSG00000258313.1	AC084879.2	lncRNA	0	0	0	0.0000	0.0000	0.0000
ENSG00000258314.3	AL589182.1	lncRNA	0	0	0	0.0000	0.0000	0.0000
ENSG00000258315.5	C17orf49	protein_coding	18	28	27	0.3884	0.0963	0.1041
ENSG00000258316.1	KLF17P1	processed_pseudogene	0	0	0	0.0000	0.0000	0.0000
ENSG00000258317.1	AC034102.6	lncRNA	5	475	540	0.2191	0.0543	0.0588
ENSG00000258320.1	AC090502.3	processed_pseudogene	0	0	0	0.0000	0.0000	0.0000
ENSG00000258323.1	AC073575.1	lncRNA	0	0	0	0.0000	0.0000	0.0000
ENSG00000258324.2	AL512310.8	processed_pseudogene	0	0	0	0.0000	0.0000	0.0000
ENSG00000258325.2	ITFG2-AS1	lncRNA	1	7	7	0.0745	0.0185	0.0200
ENSG00000258331.1	LINC02461	lncRNA	4	1	3	0.2713	0.0673	0.0728
ENSG00000258332.3	LINC02394	lncRNA	2	1	1	0.0464	0.0115	0.0124
ENSG00000258334.1	AC125611.4	lncRNA	3	47	39	0.0408	0.0101	0.0109
ENSG00000258336.2	DUX4L52	processed_pseudogene	0	0	0	0.0000	0.0000	0.0000
ENSG00000258337.1	AC130895.1	lncRNA	1	1	0	0.1150	0.0285	0.0308
ENSG00000258338.1	AC090680.1	lncRNA	0	0	0	0.0000	0.0000	0.0000
ENSG00000258342.2	AL133304.3	lncRNA	1	0	1	0.0165	0.0041	0.0044
ENSG00000258343.2	AC090001.1	lncRNA	7	3	4	0.3084	0.0765	0.0827
ENSG00000258344.1	AC078778.1	lncRNA	5	2	3	0.5001	0.1240	0.1341
ENSG00000258345.1	AC034102.7	lncRNA	1	37	36	0.1207	0.0299	0.0324
ENSG00000258346.1	AC079384.1	lncRNA	0	0	0	0.0000	0.0000	0.0000
ENSG00000258350.1	SYF2P1	processed_pseudogene	0	0	0	0.0000	0.0000	0.0000
ENSG00000258352.1	IFITM3P6	transcribed_processed_pseudogene	32	17	15	3.0095	0.7463	0.8069
ENSG00000258354.1	AC138932.1	lncRNA	2	2	0	0.0777	0.0193	0.0208
ENSG00000258355.1	AC079174.1	lncRNA	2	2	0	0.3635	0.0902	0.0975
ENSG00000258357.1	NSA2P2	processed_pseudogene	5	1	4	0.3635	0.0902	0.0975
ENSG00000258358.2	AC087888.1	processed_pseudogene	0	0	0	0.0000	0.0000	0.0000
ENSG00000258359.1	PCNPP1	processed_pseudogene	10	3	7	1.1098	0.2752	0.2976
ENSG00000258360.1	NF1P12	unprocessed_pseudogene	1	0	1	0.0973	0.0241	0.0261
ENSG00000258364.1	CR383656.12	lncRNA	0	0	0	0.0000	0.0000	0.0000
ENSG00000258365.1	AC073655.2	lncRNA	14	8	15	0.7114	0.1764	0.1908
ENSG00000258366.9	RTEL1	protein_coding	40	20	20	0.3522	0.0874	0.0944
ENSG00000258367.2	CR383656.13	transcribed_unprocessed_pseudogene	0	0	0	0.0000	0.0000	0.0000
ENSG00000258368.2	ZNF970P	unprocessed_pseudogene	0	0	0	0.0000	0.0000	0.0000
ENSG00000258369.1	ADI1P3	processed_pseudogene	0	0	0	0.0000	0.0000	0.0000
ENSG00000258373.1	SLC25A3P2	processed_pseudogene	0	0	0	0.0000	0.0000	0.0000
ENSG00000258375.2	AC079363.1	processed_pseudogene	0	0	0	0.0000	0.0000	0.0000
ENSG00000258376.2	AC004846.1	lncRNA	80	63	61	1.4875	0.3689	0.3988
ENSG00000258377.1	AL139099.1	lncRNA	0	1746	1734	0.0000	0.0000	0.0000
ENSG00000258378.1	AL139021.1	lncRNA	1	218	245	0.1301	0.0323	0.0349
ENSG00000258379.1	AL355097.1	lncRNA	0	0	0	0.0000	0.0000	0.0000
ENSG00000258380.1	AL356805.1	lncRNA	2	0	2	0.3326	0.0825	0.0892
ENSG00000258381.1	AL512360.1	processed_pseudogene	0	0	0	0.0000	0.0000	0.0000
ENSG00000258383.1	AL132819.1	lncRNA	0	0	0	0.0000	0.0000	0.0000
ENSG00000258384.1	RCCD1-AS1	lncRNA	5	351	337	0.1526	0.0378	0.0409
ENSG00000258385.1	AL391516.1	processed_pseudogene	0	0	0	0.0000	0.0000	0.0000
ENSG00000258386.1	AL352984.1	lncRNA	7	3	4	1.4383	0.3567	0.3857
ENSG00000258387.1	AL358913.1	processed_pseudogene	9	5	4	4.2181	1.0460	1.1310
ENSG00000258388.7	PPT2-EGFL8	protein_coding	12	1831	1775	0.1235	0.0306	0.0331
ENSG00000258390.2	LINC02318	lncRNA	1	1	0	0.0195	0.0048	0.0052
ENSG00000258392.1	RPA2P1	processed_pseudogene	0	0	0	0.0000	0.0000	0.0000
ENSG00000258393.1	AL049833.1	lncRNA	1	0	1	0.0675	0.0167	0.0181
ENSG00000258394.1	AL442163.1	lncRNA	0	0	0	0.0000	0.0000	0.0000
ENSG00000258397.1	BCAR1P1	processed_pseudogene	0	0	0	0.0000	0.0000	0.0000
ENSG00000258399.7	AL117190.1	lncRNA	0	0	0	0.0000	0.0000	0.0000
ENSG00000258400.1	AL591767.1	lncRNA	1	1	0	0.0998	0.0248	0.0268
ENSG00000258401.1	ATP5MC2P2	processed_pseudogene	0	0	0	0.0000	0.0000	0.0000
ENSG00000258402.1	AC016526.1	lncRNA	0	1	0	0.0000	0.0000	0.0000
ENSG00000258404.1	LINC02320	lncRNA	0	0	0	0.0000	0.0000	0.0000
ENSG00000258405.11	ZNF578	protein_coding	235	135	156	1.9593	0.4859	0.5253
ENSG00000258406.1	TUBBP3	processed_pseudogene	1	0	1	0.0649	0.0161	0.0174
ENSG00000258407.1	AL157955.1	lncRNA	0	106	73	0.0000	0.0000	0.0000
ENSG00000258408.1	NT5CP2	transcribed_processed_pseudogene	0	0	0	0.0000	0.0000	0.0000
ENSG00000258410.1	AC087386.1	lncRNA	0	0	0	0.0000	0.0000	0.0000
ENSG00000258411.2	AL161670.1	processed_pseudogene	0	0	0	0.0000	0.0000	0.0000
ENSG00000258412.1	AL355102.1	lncRNA	2	0	2	0.2466	0.0611	0.0661
ENSG00000258413.2	AL158801.2	lncRNA	2	4	2	0.0876	0.0217	0.0235
ENSG00000258414.1	AL121790.1	lncRNA	2	2	0	0.1537	0.0381	0.0412
ENSG00000258415.2	LONRF2P4	processed_pseudogene	0	0	0	0.0000	0.0000	0.0000
ENSG00000258416.1	AF123462.1	lncRNA	1	0	1	0.1272	0.0315	0.0341
ENSG00000258417.3	AC100868.1	protein_coding	0	0	0	0.0000	0.0000	0.0000
ENSG00000258419.1	AC022469.1	lncRNA	0	0	0	0.0000	0.0000	0.0000
ENSG00000258420.1	LONRF2P3	processed_pseudogene	0	0	0	0.0000	0.0000	0.0000
ENSG00000258421.2	FXNP1	processed_pseudogene	0	0	0	0.0000	0.0000	0.0000
ENSG00000258422.5	AL160191.1	lncRNA	0	0	0	0.0000	0.0000	0.0000
ENSG00000258423.1	OR7E105P	unprocessed_pseudogene	0	0	0	0.0000	0.0000	0.0000
ENSG00000258424.1	AL512791.1	lncRNA	21	1292	1333	3.9697	0.9844	1.0644
ENSG00000258425.1	AC013451.1	lncRNA	0	120	117	0.0000	0.0000	0.0000
ENSG00000258426.1	AL162872.1	lncRNA	0	0	0	0.0000	0.0000	0.0000
ENSG00000258427.3	RBM8B	processed_pseudogene	3	1	3	0.3241	0.0804	0.0869
ENSG00000258428.5	AL161757.2	lncRNA	0	70	70	0.0000	0.0000	0.0000
ENSG00000258429.2	PDF	protein_coding	1	1	0	0.0198	0.0049	0.0053
ENSG00000258430.1	AL583722.1	lncRNA	0	1422	1406	0.0000	0.0000	0.0000
ENSG00000258431.1	AC004825.1	processed_pseudogene	0	0	0	0.0000	0.0000	0.0000
ENSG00000258433.2	AC087633.1	lncRNA	0	0	0	0.0000	0.0000	0.0000
ENSG00000258435.1	AC048337.1	lncRNA	0	7	7	0.0000	0.0000	0.0000
ENSG00000258436.1	RNASE12	protein_coding	0	0	0	0.0000	0.0000	0.0000
ENSG00000258437.1	AL139193.1	lncRNA	0	0	0	0.0000	0.0000	0.0000
ENSG00000258438.3	OR11K2P	unprocessed_pseudogene	0	0	0	0.0000	0.0000	0.0000
ENSG00000258439.1	AC007956.2	processed_pseudogene	4	4	0	0.4185	0.1038	0.1122
ENSG00000258440.1	AL118557.1	processed_pseudogene	0	0	0	0.0000	0.0000	0.0000
ENSG00000258441.1	LINC00641	lncRNA	405	196	209	4.0188	0.9966	1.0776
ENSG00000258443.1	AC005225.1	lncRNA	10	7	3	0.6052	0.1501	0.1623
ENSG00000258444.1	AL132855.1	lncRNA	0	0	0	0.0000	0.0000	0.0000
ENSG00000258445.3	MAD2L1P1	processed_pseudogene	1	1	0	0.0918	0.0228	0.0246
ENSG00000258446.1	AL133153.1	processed_pseudogene	6	5	1	1.1230	0.2785	0.3011
ENSG00000258448.1	AL442663.2	processed_pseudogene	0	0	0	0.0000	0.0000	0.0000
ENSG00000258449.1	AC023510.1	lncRNA	0	7	13	0.0000	0.0000	0.0000
ENSG00000258450.1	AL139099.2	lncRNA	9	5	4	1.2728	0.3156	0.3413
ENSG00000258451.1	EGILA	lncRNA	1	774	763	0.0620	0.0154	0.0166
ENSG00000258452.1	HMGN2P2	processed_pseudogene	0	0	0	0.0000	0.0000	0.0000
ENSG00000258453.3	OR11H2	protein_coding	0	0	0	0.0000	0.0000	0.0000
ENSG00000258454.1	AC016526.2	lncRNA	2	0	2	0.2181	0.0541	0.0585
ENSG00000258455.1	AL158801.3	lncRNA	0	0	0	0.0000	0.0000	0.0000
ENSG00000258456.2	PTCD2P1	processed_pseudogene	0	0	0	0.0000	0.0000	0.0000
ENSG00000258457.5	AL132780.2	lncRNA	39	118	98	1.5128	0.3752	0.4056
ENSG00000258458.8	AL160314.2	lncRNA	7	6	3	0.1220	0.0303	0.0327
ENSG00000258459.1	AL356019.1	lncRNA	0	37	48	0.0000	0.0000	0.0000
ENSG00000258460.2	AL355096.1	lncRNA	11	4	7	0.3855	0.0956	0.1034
ENSG00000258461.5	AC012651.1	protein_coding	0	0	0	0.0000	0.0000	0.0000
ENSG00000258462.2	AL591767.2	processed_pseudogene	0	0	0	0.0000	0.0000	0.0000
ENSG00000258463.1	AC138701.2	processed_pseudogene	0	0	0	0.0000	0.0000	0.0000
ENSG00000258464.2	AL160237.1	lncRNA	0	0	0	0.0000	0.0000	0.0000
ENSG00000258465.8	AL139011.2	protein_coding	0	0	1	0.0000	0.0000	0.0000
ENSG00000258466.5	AL049779.1	protein_coding	0	0	0	0.0000	0.0000	0.0000
ENSG00000258467.1	PHKBP2	unprocessed_pseudogene	0	0	0	0.0000	0.0000	0.0000
ENSG00000258468.1	OR11G1P	unprocessed_pseudogene	0	0	0	0.0000	0.0000	0.0000
ENSG00000258469.1	CHMP4BP1	processed_pseudogene	2	1	1	0.1929	0.0478	0.0517
ENSG00000258471.2	AL161668.3	lncRNA	1	199	184	0.0293	0.0073	0.0079
ENSG00000258472.9	AC005726.1	protein_coding	0	0	0	0.0000	0.0000	0.0000
ENSG00000258473.2	AC007686.2	lncRNA	0	0	0	0.0000	0.0000	0.0000
ENSG00000258474.1	LINC02313	lncRNA	1	0	1	0.1031	0.0256	0.0276
ENSG00000258476.6	LINC02207	lncRNA	5	4	1	0.0337	0.0084	0.0090
ENSG00000258477.1	PPIAP6	processed_pseudogene	3	2	1	0.3409	0.0846	0.0914
ENSG00000258478.1	AC009396.1	lncRNA	0	0	0	0.0000	0.0000	0.0000
ENSG00000258479.6	LINC00640	lncRNA	7	3	4	0.1576	0.0391	0.0423
ENSG00000258481.1	AL133240.1	lncRNA	0	0	0	0.0000	0.0000	0.0000
ENSG00000258482.1	TRAV15	TR_V_pseudogene	0	0	0	0.0000	0.0000	0.0000
ENSG00000258483.4	LINC02251	lncRNA	0	0	0	0.0000	0.0000	0.0000
ENSG00000258484.4	SPESP1	protein_coding	24	17	7	0.8708	0.2159	0.2335
ENSG00000258485.2	SRMP2	processed_pseudogene	0	0	0	0.0000	0.0000	0.0000
ENSG00000258487.2	LINC02277	lncRNA	0	0	0	0.0000	0.0000	0.0000
ENSG00000258488.2	AC023310.1	unprocessed_pseudogene	0	0	0	0.0000	0.0000	0.0000
ENSG00000258489.4	AC027013.1	lncRNA	0	0	0	0.0000	0.0000	0.0000
ENSG00000258490.1	AL049835.1	lncRNA	0	0	0	0.0000	0.0000	0.0000
ENSG00000258491.2	ZFP64P1	processed_pseudogene	0	0	0	0.0000	0.0000	0.0000
ENSG00000258493.2	AL121603.1	processed_pseudogene	0	0	3	0.0000	0.0000	0.0000
ENSG00000258494.1	OR11J5P	unprocessed_pseudogene	0	0	0	0.0000	0.0000	0.0000
ENSG00000258496.1	AL352955.1	lncRNA	0	0	0	0.0000	0.0000	0.0000
ENSG00000258497.1	AL359682.1	lncRNA	0	0	0	0.0000	0.0000	0.0000
ENSG00000258498.8	DIO3OS	lncRNA	122	56	66	1.2348	0.3062	0.3311
ENSG00000258499.1	LINC02287	lncRNA	4	4	0	0.1639	0.0406	0.0439
ENSG00000258500.2	AL845552.1	transcribed_processed_pseudogene	0	0	0	0.0000	0.0000	0.0000
ENSG00000258501.1	EIF3LP1	processed_pseudogene	0	0	0	0.0000	0.0000	0.0000
ENSG00000258502.6	LINC02290	lncRNA	2	4	4	0.0252	0.0062	0.0067
ENSG00000258503.1	AL352979.1	processed_pseudogene	1	1	0	0.1909	0.0474	0.0512
ENSG00000258504.2	AL157871.1	lncRNA	0	361	313	0.0000	0.0000	0.0000
ENSG00000258505.1	AL442163.2	transcribed_processed_pseudogene	0	0	0	0.0000	0.0000	0.0000
ENSG00000258506.2	AL163642.1	processed_pseudogene	0	0	0	0.0000	0.0000	0.0000
ENSG00000258507.1	AC116612.1	lncRNA	0	0	0	0.0000	0.0000	0.0000
ENSG00000258509.1	AL049870.1	processed_pseudogene	0	0	0	0.0000	0.0000	0.0000
ENSG00000258510.2	AC007954.1	processed_pseudogene	0	0	0	0.0000	0.0000	0.0000
ENSG00000258511.1	LINC02295	lncRNA	0	0	0	0.0000	0.0000	0.0000
ENSG00000258512.1	LINC00239	lncRNA	4	3	1	0.3550	0.0880	0.0952
ENSG00000258513.1	AC006349.1	transcribed_processed_pseudogene	1	1	0	0.2413	0.0598	0.0647
ENSG00000258515.1	AL355075.2	lncRNA	16	33	28	1.8982	0.4707	0.5090
ENSG00000258516.2	AL133167.1	lncRNA	0	0	0	0.0000	0.0000	0.0000
ENSG00000258517.1	AC004817.1	lncRNA	0	0	0	0.0000	0.0000	0.0000
ENSG00000258519.1	AL121579.1	processed_pseudogene	0	0	0	0.0000	0.0000	0.0000
ENSG00000258520.1	AL359317.1	lncRNA	12	38	33	1.1774	0.2920	0.3157
ENSG00000258521.1	AL157871.2	lncRNA	6	3	3	0.6164	0.1529	0.1653
ENSG00000258524.1	NT5CP1	processed_pseudogene	0	0	0	0.0000	0.0000	0.0000
ENSG00000258525.2	AL049830.3	lncRNA	7	535	566	0.1408	0.0349	0.0378
ENSG00000258526.7	AL049828.1	lncRNA	37	19	18	0.1484	0.0368	0.0398
ENSG00000258527.1	ASB9P1	processed_pseudogene	1	1	0	0.0715	0.0177	0.0192
ENSG00000258529.5	AP001781.2	protein_coding	0	0	0	0.0000	0.0000	0.0000
ENSG00000258531.2	BANF1P1	processed_pseudogene	0	0	0	0.0000	0.0000	0.0000
ENSG00000258532.2	LINC02305	lncRNA	0	0	0	0.0000	0.0000	0.0000
ENSG00000258534.1	AL132712.1	lncRNA	2	10	9	0.1949	0.0483	0.0523
ENSG00000258535.1	AL079307.1	lncRNA	4	2	2	0.0379	0.0094	0.0102
ENSG00000258536.1	FKBP1BP1	processed_pseudogene	0	0	0	0.0000	0.0000	0.0000
ENSG00000258537.5	FRMD6-AS2	lncRNA	1	1	0	0.0618	0.0153	0.0166
ENSG00000258538.5	AL133279.1	lncRNA	0	0	0	0.0000	0.0000	0.0000
ENSG00000258539.1	AC068896.1	protein_coding	4	5	4	0.0663	0.0164	0.0178
ENSG00000258540.1	AC107958.1	processed_pseudogene	0	0	0	0.0000	0.0000	0.0000
ENSG00000258541.1	OR4K4P	unprocessed_pseudogene	0	0	0	0.0000	0.0000	0.0000
ENSG00000258542.1	AC068831.1	transcribed_processed_pseudogene	0	0	0	0.0000	0.0000	0.0000
ENSG00000258544.1	GLRXP2	processed_pseudogene	0	0	0	0.0000	0.0000	0.0000
ENSG00000258545.6	RHOXF1-AS1	lncRNA	9	6	4	0.2043	0.0507	0.0548
ENSG00000258546.1	CENPUP2	processed_pseudogene	1	0	1	0.0478	0.0119	0.0128
ENSG00000258548.6	LINC00645	lncRNA	0	0	0	0.0000	0.0000	0.0000
ENSG00000258549.1	AL161713.1	processed_pseudogene	0	0	0	0.0000	0.0000	0.0000
ENSG00000258550.1	OR7E106P	unprocessed_pseudogene	0	0	0	0.0000	0.0000	0.0000
ENSG00000258551.6	CRAT37	lncRNA	8	4	4	0.1334	0.0331	0.0358
ENSG00000258552.1	FAM204DP	processed_pseudogene	0	0	0	0.0000	0.0000	0.0000
ENSG00000258553.5	AL157911.1	lncRNA	0	0	0	0.0000	0.0000	0.0000
ENSG00000258554.1	AC025162.1	lncRNA	0	118	148	0.0000	0.0000	0.0000
ENSG00000258555.6	SPECC1L-ADORA2A	protein_coding	0	0	0	0.0000	0.0000	0.0000
ENSG00000258556.1	LINC02322	lncRNA	0	0	0	0.0000	0.0000	0.0000
ENSG00000258557.1	AC245505.1	processed_pseudogene	0	0	0	0.0000	0.0000	0.0000
ENSG00000258558.1	AL121852.1	lncRNA	0	0	1	0.0000	0.0000	0.0000
ENSG00000258559.2	AC005519.1	lncRNA	26	11	15	1.0786	0.2675	0.2892
ENSG00000258560.1	AL157912.1	lncRNA	2	6	8	0.2070	0.0513	0.0555
ENSG00000258561.2	AL359232.1	lncRNA	84	53	56	0.7779	0.1929	0.2086
ENSG00000258562.2	AC106028.1	processed_pseudogene	0	0	0	0.0000	0.0000	0.0000
ENSG00000258563.2	PSMA3P1	processed_pseudogene	2	1	1	0.1786	0.0443	0.0479
ENSG00000258564.2	OR4N1P	unprocessed_pseudogene	0	0	0	0.0000	0.0000	0.0000
ENSG00000258565.1	BLZF2P	unprocessed_pseudogene	3	2	1	0.1506	0.0373	0.0404
ENSG00000258566.2	AC007376.1	processed_pseudogene	0	0	0	0.0000	0.0000	0.0000
ENSG00000258567.1	DUX4L16	unprocessed_pseudogene	0	0	0	0.0000	0.0000	0.0000
ENSG00000258568.1	RHOQP1	processed_pseudogene	3	1	2	0.2938	0.0729	0.0788
ENSG00000258569.1	AC007376.2	lncRNA	6	2	4	0.6301	0.1563	0.1690
ENSG00000258570.1	H3P40	processed_pseudogene	0	0	0	0.0000	0.0000	0.0000
ENSG00000258571.1	PTTG4P	processed_pseudogene	1	0	1	0.1611	0.0400	0.0432
ENSG00000258572.1	AL133467.1	lncRNA	5	3	3	0.2855	0.0708	0.0766
ENSG00000258573.6	AL163195.2	lncRNA	1	1	0	0.0205	0.0051	0.0055
ENSG00000258576.1	AL163974.1	lncRNA	0	0	0	0.0000	0.0000	0.0000
ENSG00000258577.1	SNRPGP1	processed_pseudogene	0	0	0	0.0000	0.0000	0.0000
ENSG00000258578.2	AC008015.1	processed_pseudogene	0	0	0	0.0000	0.0000	0.0000
ENSG00000258580.1	AL136298.1	lncRNA	0	0	0	0.0000	0.0000	0.0000
ENSG00000258581.2	AL157871.3	processed_pseudogene	1	1	0	0.1935	0.0480	0.0519
ENSG00000258583.7	LINC01500	lncRNA	14	4	11	0.1166	0.0289	0.0313
ENSG00000258584.2	FAM181A-AS1	lncRNA	0	0	1	0.0000	0.0000	0.0000
ENSG00000258585.2	ZNF519P3	unprocessed_pseudogene	0	0	0	0.0000	0.0000	0.0000
ENSG00000258586.1	LINC02274	lncRNA	0	0	0	0.0000	0.0000	0.0000
ENSG00000258587.1	AC006530.1	processed_pseudogene	1	1	0	0.0993	0.0246	0.0266
ENSG00000258588.3	TRIM6-TRIM34	protein_coding	0	0	0	0.0000	0.0000	0.0000
ENSG00000258590.5	NBEAP1	transcribed_unprocessed_pseudogene	4	2	3	0.0615	0.0152	0.0165
ENSG00000258591.2	PPIAP4	processed_pseudogene	7	6	1	1.0846	0.2690	0.2908
ENSG00000258592.1	AL391152.1	lncRNA	0	0	0	0.0000	0.0000	0.0000
ENSG00000258593.2	AL583810.1	lncRNA	10	5	5	0.5427	0.1346	0.1455
ENSG00000258594.1	AC021979.1	lncRNA	0	0	0	0.0000	0.0000	0.0000
ENSG00000258595.2	CYB5AP3	processed_pseudogene	0	0	0	0.0000	0.0000	0.0000
ENSG00000258597.3	SERPINA2	polymorphic_pseudogene	0	0	0	0.0000	0.0000	0.0000
ENSG00000258598.1	AL512357.1	lncRNA	0	0	0	0.0000	0.0000	0.0000
ENSG00000258599.2	AL355922.2	processed_pseudogene	0	0	0	0.0000	0.0000	0.0000
ENSG00000258600.1	AL359238.1	lncRNA	0	0	0	0.0000	0.0000	0.0000
ENSG00000258601.1	AL162464.1	lncRNA	0	0	0	0.0000	0.0000	0.0000
ENSG00000258602.1	LINC01629	lncRNA	7	4	7	0.6833	0.1694	0.1832
ENSG00000258603.4	AC005225.2	lncRNA	6	12	14	0.0901	0.0223	0.0242
ENSG00000258604.1	AL161668.4	lncRNA	0	0	0	0.0000	0.0000	0.0000
ENSG00000258605.1	DYNLL1P2	processed_pseudogene	0	1	0	0.0000	0.0000	0.0000
ENSG00000258608.1	DNAJC19P9	processed_pseudogene	1	0	1	0.1616	0.0401	0.0433
ENSG00000258609.3	LINC-ROR	lncRNA	1	0	1	0.0146	0.0036	0.0039
ENSG00000258610.1	AF111169.1	lncRNA	0	0	0	0.0000	0.0000	0.0000
ENSG00000258611.2	YBX2P2	transcribed_processed_pseudogene	0	0	0	0.0000	0.0000	0.0000
ENSG00000258613.1	RPL21P7	processed_pseudogene	1	1	0	0.1174	0.0291	0.0315
ENSG00000258615.1	AL117187.1	unprocessed_pseudogene	2	0	2	0.6266	0.1554	0.1680
ENSG00000258616.5	LINC02303	lncRNA	2	0	2	0.0991	0.0246	0.0266
ENSG00000258618.2	RPL21P9	processed_pseudogene	0	0	0	0.0000	0.0000	0.0000
ENSG00000258619.2	AL136298.2	processed_pseudogene	0	0	0	0.0000	0.0000	0.0000
ENSG00000258620.2	AL135838.1	lncRNA	4	1	3	0.1454	0.0361	0.0390
ENSG00000258622.2	AL442163.3	processed_pseudogene	0	0	0	0.0000	0.0000	0.0000
ENSG00000258623.1	AL121820.1	lncRNA	2	1	1	0.2460	0.0610	0.0660
ENSG00000258624.1	SERPINE4P	processed_pseudogene	0	0	0	0.0000	0.0000	0.0000
ENSG00000258625.2	OR11H5P	transcribed_unprocessed_pseudogene	0	0	0	0.0000	0.0000	0.0000
ENSG00000258626.2	COX7A2P1	processed_pseudogene	1	0	1	0.1800	0.0446	0.0483
ENSG00000258627.1	AC103996.1	transcribed_processed_pseudogene	0	0	0	0.0000	0.0000	0.0000
ENSG00000258628.1	RHPN2P1	unprocessed_pseudogene	0	0	0	0.0000	0.0000	0.0000
ENSG00000258629.1	NCOA4P1	processed_pseudogene	0	0	0	0.0000	0.0000	0.0000
ENSG00000258630.3	LINC02292	lncRNA	5	1	4	0.0899	0.0223	0.0241
ENSG00000258631.3	AC110023.1	lncRNA	0	0	0	0.0000	0.0000	0.0000
ENSG00000258632.2	AC135626.1	processed_pseudogene	0	0	0	0.0000	0.0000	0.0000
ENSG00000258633.1	AL049870.2	lncRNA	2	2	0	0.1637	0.0406	0.0439
ENSG00000258634.3	AL160006.1	lncRNA	312	273	295	4.1968	1.0408	1.1253
ENSG00000258636.2	AL121821.2	lncRNA	20	9	11	0.2299	0.0570	0.0616
ENSG00000258637.1	AC008056.1	lncRNA	1	0	1	0.1439	0.0357	0.0386
ENSG00000258638.2	AL389895.1	processed_pseudogene	0	0	0	0.0000	0.0000	0.0000
ENSG00000258639.1	AL359212.1	processed_pseudogene	0	0	0	0.0000	0.0000	0.0000
ENSG00000258640.3	RPL21P5	processed_pseudogene	2	0	2	0.2403	0.0596	0.0644
ENSG00000258641.1	OR4T1P	unprocessed_pseudogene	0	0	0	0.0000	0.0000	0.0000
ENSG00000258642.1	AL133371.1	lncRNA	8	3	5	0.5938	0.1473	0.1592
ENSG00000258643.6	BCL2L2-PABPN1	protein_coding	11	8	3	0.2632	0.0653	0.0706
ENSG00000258644.6	SYNJ2BP-COX16	protein_coding	0	0	0	0.0000	0.0000	0.0000
ENSG00000258645.2	HSPE1P2	processed_pseudogene	11	5	6	2.0386	0.5056	0.5466
ENSG00000258646.1	AL049780.1	lncRNA	6	296	291	0.6958	0.1726	0.1866
ENSG00000258647.6	LINC00930	lncRNA	90	51	39	1.0976	0.2722	0.2943
ENSG00000258648.1	UBE2CP1	processed_pseudogene	1	0	1	0.1024	0.0254	0.0274
ENSG00000258649.1	AL392023.1	lncRNA	1	1	0	0.1068	0.0265	0.0286
ENSG00000258650.1	HSBP1P1	processed_pseudogene	0	0	0	0.0000	0.0000	0.0000
ENSG00000258651.1	SEC23A-AS1	lncRNA	1	62	62	0.1134	0.0281	0.0304
ENSG00000258653.3	AC005520.1	protein_coding	1	0	1	0.0153	0.0038	0.0041
ENSG00000258654.1	AC026495.1	lncRNA	0	0	0	0.0000	0.0000	0.0000
ENSG00000258655.2	ARHGAP5-AS1	lncRNA	86	91	82	2.6391	0.6545	0.7076
ENSG00000258656.1	AL160236.1	processed_pseudogene	0	0	0	0.0000	0.0000	0.0000
ENSG00000258657.5	AL136018.1	lncRNA	4	1	3	0.2395	0.0594	0.0642
ENSG00000258658.1	AL139021.2	lncRNA	1	1	0	0.1421	0.0352	0.0381
ENSG00000258659.7	TRIM34	protein_coding	8	5	4	0.1698	0.0421	0.0455
ENSG00000258660.1	AC006146.1	lncRNA	0	154	147	0.0000	0.0000	0.0000
ENSG00000258661.1	AL079303.1	lncRNA	1	1	0	0.0217	0.0054	0.0058
ENSG00000258662.1	AC022469.2	lncRNA	0	0	0	0.0000	0.0000	0.0000
ENSG00000258663.1	AL117190.2	lncRNA	0	85	103	0.0000	0.0000	0.0000
ENSG00000258665.1	AC068831.2	unprocessed_pseudogene	0	0	0	0.0000	0.0000	0.0000
ENSG00000258666.1	AL157871.4	lncRNA	0	426	430	0.0000	0.0000	0.0000
ENSG00000258667.2	HIF1A-AS3	lncRNA	38	19	19	1.1636	0.2886	0.3120
ENSG00000258668.1	COX6CP11	processed_pseudogene	0	0	0	0.0000	0.0000	0.0000
ENSG00000258670.1	AL049874.3	lncRNA	1	0	1	0.0653	0.0162	0.0175
ENSG00000258671.2	AL132639.1	processed_pseudogene	0	0	0	0.0000	0.0000	0.0000
ENSG00000258672.1	AL160313.2	lncRNA	0	1	1	0.0000	0.0000	0.0000
ENSG00000258673.1	LINC01397	lncRNA	7	2	5	0.6856	0.1700	0.1838
ENSG00000258674.5	AC011448.1	protein_coding	5	2	3	0.1536	0.0381	0.0412
ENSG00000258675.2	LINC02308	lncRNA	7	4	3	0.4228	0.1048	0.1134
ENSG00000258676.5	AC091544.2	lncRNA	27	42	34	0.3420	0.0848	0.0917
ENSG00000258677.2	AC022826.2	protein_coding	0	0	0	0.0000	0.0000	0.0000
ENSG00000258678.2	LINC02317	lncRNA	0	0	0	0.0000	0.0000	0.0000
ENSG00000258679.1	AC121758.2	transcribed_processed_pseudogene	7	2	5	0.1007	0.0250	0.0270
ENSG00000258680.2	AL132994.1	processed_pseudogene	0	3	1	0.0000	0.0000	0.0000
ENSG00000258681.1	AL355836.1	processed_pseudogene	0	0	0	0.0000	0.0000	0.0000
ENSG00000258682.1	AL132989.1	lncRNA	45	18	27	4.4305	1.0987	1.1880
ENSG00000258683.1	AL355095.1	lncRNA	0	0	0	0.0000	0.0000	0.0000
ENSG00000258684.2	BMS1P16	unprocessed_pseudogene	1	0	1	0.0494	0.0123	0.0133
ENSG00000258685.2	AKR1B1P5	processed_pseudogene	0	0	0	0.0000	0.0000	0.0000
ENSG00000258687.1	AL358334.1	lncRNA	0	0	0	0.0000	0.0000	0.0000
ENSG00000258689.1	LINC01269	lncRNA	29	13	16	2.7319	0.6775	0.7325
ENSG00000258690.1	AL162464.2	lncRNA	0	0	0	0.0000	0.0000	0.0000
ENSG00000258691.1	AL355102.2	protein_coding	0	0	0	0.0000	0.0000	0.0000
ENSG00000258692.2	SALL4P7	transcribed_processed_pseudogene	0	0	0	0.0000	0.0000	0.0000
ENSG00000258693.1	AL133368.2	lncRNA	0	0	0	0.0000	0.0000	0.0000
ENSG00000258694.1	LINC02319	lncRNA	0	0	0	0.0000	0.0000	0.0000
ENSG00000258695.2	AC005225.3	lncRNA	1	3	2	0.1093	0.0271	0.0293
ENSG00000258696.1	AL359233.1	lncRNA	1	0	1	0.1558	0.0386	0.0418
ENSG00000258698.1	AL139317.1	lncRNA	1	1	0	0.2893	0.0718	0.0776
ENSG00000258699.1	AL357093.1	lncRNA	0	0	0	0.0000	0.0000	0.0000
ENSG00000258700.6	LINC00871	lncRNA	0	0	0	0.0000	0.0000	0.0000
ENSG00000258701.1	LINC00638	lncRNA	301	146	155	6.7791	1.6811	1.8177
ENSG00000258702.3	AL137786.1	lncRNA	3	1	2	0.0384	0.0095	0.0103
ENSG00000258703.1	AL161757.3	lncRNA	0	0	0	0.0000	0.0000	0.0000
ENSG00000258704.6	SRP54-AS1	transcribed_unitary_pseudogene	33	20	20	1.2224	0.3031	0.3278
ENSG00000258705.2	AC245505.2	processed_pseudogene	1	1	0	0.0186	0.0046	0.0050
ENSG00000258706.1	SLC20A1P3	processed_pseudogene	0	0	0	0.0000	0.0000	0.0000
ENSG00000258707.2	AC023310.2	processed_pseudogene	0	0	0	0.0000	0.0000	0.0000
ENSG00000258708.1	SLC25A21-AS1	lncRNA	104	67	71	3.0654	0.7602	0.8219
ENSG00000258710.8	LINC01193	lncRNA	0	0	0	0.0000	0.0000	0.0000
ENSG00000258711.2	AL358334.2	lncRNA	8	4	4	0.0962	0.0239	0.0258
ENSG00000258712.2	CXADRP2	processed_pseudogene	0	0	0	0.0000	0.0000	0.0000
ENSG00000258713.3	C20orf141	protein_coding	1	1	0	0.0752	0.0187	0.0202
ENSG00000258716.1	AL139193.2	lncRNA	0	0	0	0.0000	0.0000	0.0000
ENSG00000258717.1	AL132711.1	lncRNA	0	0	0	0.0000	0.0000	0.0000
ENSG00000258718.3	LINC02311	lncRNA	0	0	0	0.0000	0.0000	0.0000
ENSG00000258719.1	AC009396.2	lncRNA	0	0	0	0.0000	0.0000	0.0000
ENSG00000258721.3	OR11H3P	unprocessed_pseudogene	0	0	0	0.0000	0.0000	0.0000
ENSG00000258722.2	CKAP2P1	processed_pseudogene	0	0	0	0.0000	0.0000	0.0000
ENSG00000258723.1	AF099810.1	lncRNA	0	0	0	0.0000	0.0000	0.0000
ENSG00000258724.1	AC105001.2	protein_coding	0	0	0	0.0000	0.0000	0.0000
ENSG00000258725.2	PRC1-AS1	lncRNA	12	694	684	0.1365	0.0339	0.0366
ENSG00000258726.1	DUXAP6	processed_pseudogene	0	0	0	0.0000	0.0000	0.0000
ENSG00000258727.1	AL135999.1	lncRNA	10	602	545	0.1749	0.0434	0.0469
ENSG00000258728.1	AL162231.3	protein_coding	0	0	0	0.0000	0.0000	0.0000
ENSG00000258729.2	AL355102.3	lncRNA	0	0	0	0.0000	0.0000	0.0000
ENSG00000258730.1	ITPK1-AS1	lncRNA	4	2	2	0.0483	0.0120	0.0129
ENSG00000258731.1	AL356020.1	lncRNA	2	0	2	0.1054	0.0261	0.0283
ENSG00000258732.1	AC025884.1	unprocessed_pseudogene	0	0	0	0.0000	0.0000	0.0000
ENSG00000258733.6	LINC02328	lncRNA	24	9	15	0.2278	0.0565	0.0611
ENSG00000258734.2	AL049873.2	processed_pseudogene	1	0	2	0.1139	0.0282	0.0305
ENSG00000258735.1	LINC00637	lncRNA	8	5	4	0.2207	0.0547	0.0592
ENSG00000258736.1	AL583722.2	lncRNA	1	1	0	0.0784	0.0195	0.0210
ENSG00000258737.2	SUB1P2	processed_pseudogene	1	0	1	0.1909	0.0474	0.0512
ENSG00000258738.1	AL121603.2	lncRNA	64	100	91	1.7144	0.4252	0.4597
ENSG00000258739.1	ENO1P2	transcribed_processed_pseudogene	0	0	0	0.0000	0.0000	0.0000
ENSG00000258740.1	AL691403.1	lncRNA	0	1	0	0.0000	0.0000	0.0000
ENSG00000258741.4	H2AZ2P1	transcribed_processed_pseudogene	34	12	22	0.6357	0.1577	0.1705
ENSG00000258742.6	LINC02833	lncRNA	0	0	0	0.0000	0.0000	0.0000
ENSG00000258743.6	LINC02301	lncRNA	1	0	1	0.0091	0.0023	0.0025
ENSG00000258744.2	AL132800.1	lncRNA	367	198	179	6.3705	1.5798	1.7082
ENSG00000258745.1	AL358334.3	lncRNA	1	487	503	0.1060	0.0263	0.0284
ENSG00000258746.2	AL162632.2	processed_pseudogene	0	0	0	0.0000	0.0000	0.0000
ENSG00000258747.2	AL356022.1	lncRNA	1	1	0	0.0487	0.0121	0.0131
ENSG00000258748.1	AL359399.1	lncRNA	0	0	0	0.0000	0.0000	0.0000
ENSG00000258749.1	AL110504.1	lncRNA	0	195	206	0.0000	0.0000	0.0000
ENSG00000258750.2	AL358335.1	processed_pseudogene	0	0	0	0.0000	0.0000	0.0000
ENSG00000258751.2	AL358335.2	lncRNA	0	0	0	0.0000	0.0000	0.0000
ENSG00000258752.2	AL357093.2	lncRNA	3	1	3	0.0532	0.0132	0.0143
ENSG00000258753.1	AL359792.1	lncRNA	0	0	0	0.0000	0.0000	0.0000
ENSG00000258754.8	LINC01579	lncRNA	2	2	0	0.0119	0.0029	0.0032
ENSG00000258757.1	AL133453.1	lncRNA	0	515	597	0.0000	0.0000	0.0000
ENSG00000258758.1	AL137100.1	processed_pseudogene	0	0	0	0.0000	0.0000	0.0000
ENSG00000258759.1	AL049779.2	processed_pseudogene	1	0	1	0.0936	0.0232	0.0251
ENSG00000258760.1	AL355076.2	lncRNA	0	0	0	0.0000	0.0000	0.0000
ENSG00000258761.1	AC116903.1	lncRNA	0	63	60	0.0000	0.0000	0.0000
ENSG00000258762.1	MTND4P33	processed_pseudogene	0	0	0	0.0000	0.0000	0.0000
ENSG00000258763.5	AC122685.1	lncRNA	0	0	0	0.0000	0.0000	0.0000
ENSG00000258764.1	AL049874.4	transcribed_processed_pseudogene	1	0	1	0.2224	0.0552	0.0596
ENSG00000258765.1	AC107958.2	lncRNA	0	0	0	0.0000	0.0000	0.0000
ENSG00000258766.1	DIO2-AS1	lncRNA	0	2	2	0.0000	0.0000	0.0000
ENSG00000258767.1	AC060814.1	processed_pseudogene	0	0	0	0.0000	0.0000	0.0000
ENSG00000258768.2	AL356019.2	lncRNA	84	46	38	1.2441	0.3085	0.3336
ENSG00000258769.1	RAP1AP	processed_pseudogene	1	1	0	0.1257	0.0312	0.0337
ENSG00000258770.1	LINC02330	lncRNA	1	0	1	0.1022	0.0253	0.0274
ENSG00000258771.1	BCAR1P2	processed_pseudogene	0	0	0	0.0000	0.0000	0.0000
ENSG00000258772.1	AL355922.3	lncRNA	0	0	0	0.0000	0.0000	0.0000
ENSG00000258773.2	AC087636.1	lncRNA	0	0	0	0.0000	0.0000	0.0000
ENSG00000258774.1	NANOGP7	transcribed_processed_pseudogene	5	3	2	0.3089	0.0766	0.0828
ENSG00000258776.1	AL161757.4	lncRNA	0	0	0	0.0000	0.0000	0.0000
ENSG00000258777.1	HIF1A-AS1	lncRNA	5	135	140	0.4349	0.1078	0.1166
ENSG00000258778.2	EIF2S2P1	processed_pseudogene	0	0	0	0.0000	0.0000	0.0000
ENSG00000258779.8	LINC01568	lncRNA	0	0	0	0.0000	0.0000	0.0000
ENSG00000258780.1	BMS1P15	unprocessed_pseudogene	0	0	0	0.0000	0.0000	0.0000
ENSG00000258781.3	CDRT15P13	unprocessed_pseudogene	0	0	0	0.0000	0.0000	0.0000
ENSG00000258782.3	AL121694.1	lncRNA	0	0	0	0.0000	0.0000	0.0000
ENSG00000258783.1	KRT18P6	processed_pseudogene	0	0	0	0.0000	0.0000	0.0000
ENSG00000258784.1	AL355773.1	lncRNA	1	1	0	0.1236	0.0306	0.0331
ENSG00000258785.6	LINC01580	lncRNA	0	0	0	0.0000	0.0000	0.0000
ENSG00000258787.1	SEPHS1P2	processed_pseudogene	0	0	0	0.0000	0.0000	0.0000
ENSG00000258788.3	CKS1BP1	processed_pseudogene	14	6	8	3.3081	0.8204	0.8870
ENSG00000258789.1	AL162171.1	lncRNA	19	10	9	1.5007	0.3722	0.4024
ENSG00000258790.1	AL121594.1	protein_coding	2	0	2	0.0294	0.0073	0.0079
ENSG00000258791.9	LINC00520	lncRNA	13	9	4	0.2117	0.0525	0.0568
ENSG00000258792.4	AL137230.1	lncRNA	0	0	0	0.0000	0.0000	0.0000
ENSG00000258793.1	AL355102.4	lncRNA	5	4	3	0.3842	0.0953	0.1030
ENSG00000258794.3	DUX4L27	processed_pseudogene	20	10	10	0.8994	0.2231	0.2412
ENSG00000258795.1	AL132719.1	lncRNA	0	0	0	0.0000	0.0000	0.0000
ENSG00000258796.1	AL133241.1	processed_pseudogene	1	1	0	0.1164	0.0289	0.0312
ENSG00000258797.2	AC023310.3	unprocessed_pseudogene	0	0	0	0.0000	0.0000	0.0000
ENSG00000258798.1	AL133153.2	lncRNA	2	1	1	0.3743	0.0928	0.1004
ENSG00000258799.1	ZNF519P2	processed_pseudogene	0	0	0	0.0000	0.0000	0.0000
ENSG00000258800.1	AL136038.2	lncRNA	0	156	136	0.0000	0.0000	0.0000
ENSG00000258802.1	AL139317.2	processed_pseudogene	0	0	0	0.0000	0.0000	0.0000
ENSG00000258803.1	AL355103.1	lncRNA	1	0	1	0.0255	0.0063	0.0068
ENSG00000258804.1	LINC01148	lncRNA	0	0	0	0.0000	0.0000	0.0000
ENSG00000258805.2	ADIPOR1P2	processed_pseudogene	0	0	0	0.0000	0.0000	0.0000
ENSG00000258806.2	OR11H7	polymorphic_pseudogene	3	2	1	0.1800	0.0446	0.0483
ENSG00000258807.5	AL359237.1	lncRNA	1	0	1	0.0307	0.0076	0.0082
ENSG00000258808.1	LINC02310	lncRNA	1	0	1	0.0991	0.0246	0.0266
ENSG00000258810.1	AL133371.2	lncRNA	27	12	15	5.2081	1.2915	1.3965
ENSG00000258811.1	AL583810.2	lncRNA	3	1	2	0.0523	0.0130	0.0140
ENSG00000258812.1	TRAV33	TR_V_pseudogene	0	0	0	0.0000	0.0000	0.0000
ENSG00000258813.2	AL442663.3	lncRNA	9	99	98	0.5104	0.1266	0.1369
ENSG00000258814.2	LINC02329	lncRNA	0	0	0	0.0000	0.0000	0.0000
ENSG00000258815.1	LINC02820	lncRNA	15	8	7	1.6390	0.4065	0.4395
ENSG00000258816.1	AC121758.3	unprocessed_pseudogene	0	0	0	0.0000	0.0000	0.0000
ENSG00000258817.1	OR4C13	protein_coding	0	0	0	0.0000	0.0000	0.0000
ENSG00000258818.4	RNASE4	protein_coding	43	15	28	1.1321	0.2807	0.3036
ENSG00000258819.2	LINC02289	lncRNA	6	6	3	0.0976	0.0242	0.0262
ENSG00000258820.5	AF111167.1	lncRNA	0	0	1	0.0000	0.0000	0.0000
ENSG00000258822.2	OR4K16P	transcribed_unprocessed_pseudogene	0	0	0	0.0000	0.0000	0.0000
ENSG00000258823.1	AL160314.3	transcribed_unprocessed_pseudogene	0	0	0	0.0000	0.0000	0.0000
ENSG00000258824.2	AL122035.1	lncRNA	35	90	80	3.6088	0.8950	0.9676
ENSG00000258826.6	LINC01147	lncRNA	1	1	0	0.0565	0.0140	0.0151
ENSG00000258827.2	AL079304.1	lncRNA	0	0	0	0.0000	0.0000	0.0000
ENSG00000258828.2	KRT8P2	processed_pseudogene	0	0	0	0.0000	0.0000	0.0000
ENSG00000258829.1	AC026888.1	lncRNA	0	0	0	0.0000	0.0000	0.0000
ENSG00000258830.1	AC137834.1	protein_coding	0	0	0	0.0000	0.0000	0.0000
ENSG00000258831.1	AC103996.2	lncRNA	1	1	0	0.0620	0.0154	0.0166
ENSG00000258834.4	DUX4L4	unprocessed_pseudogene	0	0	0	0.0000	0.0000	0.0000
ENSG00000258835.1	TRAV28	TR_V_pseudogene	0	0	0	0.0000	0.0000	0.0000
ENSG00000258836.2	AL121579.2	processed_pseudogene	0	0	0	0.0000	0.0000	0.0000
ENSG00000258837.1	AL133370.1	lncRNA	2	1	1	0.2112	0.0524	0.0566
ENSG00000258839.4	MC1R	protein_coding	81	56	74	0.9652	0.2394	0.2588
ENSG00000258841.1	EEF1A1P2	processed_pseudogene	1	0	1	0.0392	0.0097	0.0105
ENSG00000258842.1	AL390816.1	lncRNA	0	0	0	0.0000	0.0000	0.0000
ENSG00000258843.1	AL133485.2	lncRNA	0	46	39	0.0000	0.0000	0.0000
ENSG00000258844.2	AL162511.1	lncRNA	0	0	0	0.0000	0.0000	0.0000
ENSG00000258845.1	AL139354.1	lncRNA	0	0	0	0.0000	0.0000	0.0000
ENSG00000258846.1	EEF1A1P33	processed_pseudogene	1	0	1	0.0416	0.0103	0.0112
ENSG00000258847.1	AL391261.1	lncRNA	6	3	3	0.4402	0.1092	0.1180
ENSG00000258848.1	GRAMD4P6	processed_pseudogene	0	0	0	0.0000	0.0000	0.0000
ENSG00000258849.1	OR7E159P	unprocessed_pseudogene	0	0	0	0.0000	0.0000	0.0000
ENSG00000258850.1	AL450442.1	lncRNA	0	0	0	0.0000	0.0000	0.0000
ENSG00000258851.1	AL139300.2	lncRNA	1	1	0	0.1025	0.0254	0.0275
ENSG00000258853.1	AC021979.2	lncRNA	0	0	0	0.0000	0.0000	0.0000
ENSG00000258854.1	AL358333.1	lncRNA	0	0	0	0.0000	0.0000	0.0000
ENSG00000258855.1	OR11J2P	unprocessed_pseudogene	0	0	0	0.0000	0.0000	0.0000
ENSG00000258856.2	AL136520.1	transcribed_processed_pseudogene	0	0	0	0.0000	0.0000	0.0000
ENSG00000258857.1	AL359397.1	lncRNA	1	0	2	0.1132	0.0281	0.0304
ENSG00000258858.1	AL583722.3	lncRNA	0	0	0	0.0000	0.0000	0.0000
ENSG00000258859.1	LINC02296	lncRNA	1	1	0	0.1042	0.0259	0.0280
ENSG00000258860.1	AL133163.2	lncRNA	0	0	0	0.0000	0.0000	0.0000
ENSG00000258861.1	MIR381HG	lncRNA	0	0	0	0.0000	0.0000	0.0000
ENSG00000258863.1	SETP1	processed_pseudogene	0	0	0	0.0000	0.0000	0.0000
ENSG00000258864.1	AC008575.1	protein_coding	1	1	0	0.0817	0.0203	0.0219
ENSG00000258866.2	AL390254.1	lncRNA	0	0	0	0.0000	0.0000	0.0000
ENSG00000258867.6	LINC01146	lncRNA	9	6	3	0.0550	0.0136	0.0147
ENSG00000258868.1	AL110505.1	lncRNA	0	0	0	0.0000	0.0000	0.0000
ENSG00000258869.1	LINC02312	lncRNA	0	0	0	0.0000	0.0000	0.0000
ENSG00000258870.1	EIF4EBP1P1	processed_pseudogene	2	2	0	0.3326	0.0825	0.0892
ENSG00000258871.1	AC004828.1	lncRNA	0	0	0	0.0000	0.0000	0.0000
ENSG00000258872.2	FDPSP3	transcribed_processed_pseudogene	0	0	0	0.0000	0.0000	0.0000
ENSG00000258873.3	DUXA	protein_coding	0	0	0	0.0000	0.0000	0.0000
ENSG00000258874.1	AC009396.3	lncRNA	0	0	0	0.0000	0.0000	0.0000
ENSG00000258875.6	AL135818.1	lncRNA	43	96	93	1.1690	0.2899	0.3134
ENSG00000258876.1	TGFB3-AS1	lncRNA	2	449	447	0.1956	0.0485	0.0524
ENSG00000258877.2	ATP5F1AP4	processed_pseudogene	0	0	0	0.0000	0.0000	0.0000
ENSG00000258878.1	AL355076.3	processed_pseudogene	0	0	0	0.0000	0.0000	0.0000
ENSG00000258881.6	AC007040.2	protein_coding	8	4	4	0.1019	0.0253	0.0273
ENSG00000258883.1	NBEAP4	unprocessed_pseudogene	0	0	0	0.0000	0.0000	0.0000
ENSG00000258884.2	LINC02321	lncRNA	6	4	2	0.1480	0.0367	0.0397
ENSG00000258885.1	AL450267.1	lncRNA	0	0	0	0.0000	0.0000	0.0000
ENSG00000258886.2	HIGD1AP17	processed_pseudogene	0	0	0	0.0000	0.0000	0.0000
ENSG00000258887.3	AL160237.2	unprocessed_pseudogene	0	0	0	0.0000	0.0000	0.0000
ENSG00000258888.1	AC112693.1	lncRNA	0	0	0	0.0000	0.0000	0.0000
ENSG00000258890.7	CEP95	protein_coding	2130	1114	1149	15.5440	3.8547	4.1679
ENSG00000258891.1	AC005480.1	lncRNA	9	376	373	0.1291	0.0320	0.0346
ENSG00000258892.1	AL160236.2	lncRNA	0	0	0	0.0000	0.0000	0.0000
ENSG00000258893.1	SETP2	processed_pseudogene	1	0	1	0.0612	0.0152	0.0164
ENSG00000258894.1	ARHGAP16P	processed_pseudogene	4	3	1	0.1465	0.0363	0.0393
ENSG00000258895.1	AC104390.1	processed_pseudogene	0	0	0	0.0000	0.0000	0.0000
ENSG00000258896.1	SCOCP1	processed_pseudogene	5	3	2	0.8125	0.2015	0.2178
ENSG00000258897.1	EGLN3-AS1	lncRNA	0	0	0	0.0000	0.0000	0.0000
ENSG00000258899.1	OR4U1P	unprocessed_pseudogene	0	0	0	0.0000	0.0000	0.0000
ENSG00000258900.1	HNRNPCP1	processed_pseudogene	0	0	0	0.0000	0.0000	0.0000
ENSG00000258901.2	AL121821.3	processed_pseudogene	0	0	0	0.0000	0.0000	0.0000
ENSG00000258902.1	AL049775.2	lncRNA	3	3	0	0.3049	0.0756	0.0818
ENSG00000258903.2	AL390816.2	lncRNA	0	0	0	0.0000	0.0000	0.0000
ENSG00000258904.1	AL157871.5	lncRNA	9	3	6	0.9576	0.2375	0.2568
ENSG00000258905.1	TRAV32	TR_V_pseudogene	0	0	0	0.0000	0.0000	0.0000
ENSG00000258906.2	AL157687.1	processed_pseudogene	0	0	0	0.0000	0.0000	0.0000
ENSG00000258907.2	PSMB3P1	processed_pseudogene	0	0	0	0.0000	0.0000	0.0000
ENSG00000258908.1	AL355075.3	lncRNA	0	609	603	0.0000	0.0000	0.0000
ENSG00000258909.1	AC091078.2	lncRNA	0	0	0	0.0000	0.0000	0.0000
ENSG00000258910.3	LINC01956	lncRNA	6	3	3	0.3065	0.0760	0.0822
ENSG00000258912.2	LINC02316	lncRNA	1	0	1	0.0138	0.0034	0.0037
ENSG00000258913.2	LINC02691	lncRNA	4	2	2	0.0966	0.0239	0.0259
ENSG00000258915.1	BHLHB9P1	processed_pseudogene	0	0	0	0.0000	0.0000	0.0000
ENSG00000258916.2	SPATA31E2P	unprocessed_pseudogene	0	0	0	0.0000	0.0000	0.0000
ENSG00000258917.1	ZMYND19P1	processed_pseudogene	2	1	1	0.1441	0.0357	0.0386
ENSG00000258918.1	AL355922.4	lncRNA	1	0	1	0.1616	0.0401	0.0433
ENSG00000258919.1	AL049836.1	lncRNA	0	0	0	0.0000	0.0000	0.0000
ENSG00000258920.1	FOXN3-AS1	lncRNA	116	48	68	6.1080	1.5147	1.6378
ENSG00000258921.1	AC009779.4	lncRNA	0	0	0	0.0000	0.0000	0.0000
ENSG00000258922.1	AC106028.2	lncRNA	1	1	4	0.1222	0.0303	0.0328
ENSG00000258923.2	MTND5P35	processed_pseudogene	0	0	0	0.0000	0.0000	0.0000
ENSG00000258924.4	AC002094.1	lncRNA	0	0	0	0.0000	0.0000	0.0000
ENSG00000258925.2	NPM1P5	processed_pseudogene	1	1	0	0.0677	0.0168	0.0181
ENSG00000258926.2	AL355916.2	lncRNA	5	3	3	0.0708	0.0176	0.0190
ENSG00000258927.2	AL133467.2	lncRNA	1	1	0	0.0295	0.0073	0.0079
ENSG00000258928.1	AL358333.2	lncRNA	0	0	0	0.0000	0.0000	0.0000
ENSG00000258930.1	AC005230.1	transcribed_processed_pseudogene	0	0	0	0.0000	0.0000	0.0000
ENSG00000258931.1	AC100836.1	lncRNA	0	0	0	0.0000	0.0000	0.0000
ENSG00000258932.5	AL390334.1	transcribed_processed_pseudogene	0	0	0	0.0000	0.0000	0.0000
ENSG00000258933.1	LINC02279	lncRNA	1	0	1	0.0769	0.0191	0.0206
ENSG00000258934.1	YWHAQP1	processed_pseudogene	0	0	0	0.0000	0.0000	0.0000
ENSG00000258935.1	AL096869.1	lncRNA	0	0	0	0.0000	0.0000	0.0000
ENSG00000258938.1	AL162311.3	lncRNA	18	38	45	0.3560	0.0883	0.0955
ENSG00000258940.2	AL132639.2	lncRNA	17	55	57	0.7094	0.1759	0.1902
ENSG00000258942.1	AL358332.1	lncRNA	3	0	3	0.2093	0.0519	0.0561
ENSG00000258943.1	AL049871.1	lncRNA	4	2	2	0.2578	0.0639	0.0691
ENSG00000258944.1	AC004846.2	lncRNA	2	142	158	0.1460	0.0362	0.0391
ENSG00000258945.1	AL049775.3	lncRNA	0	3	5	0.0000	0.0000	0.0000
ENSG00000258947.7	TUBB3	protein_coding	13	5	8	0.1664	0.0413	0.0446
ENSG00000258948.2	KRT8P1	processed_pseudogene	1	0	1	0.0470	0.0117	0.0126
ENSG00000258949.1	AL049870.3	lncRNA	11	8	3	1.7328	0.4297	0.4646
ENSG00000258951.1	KRT18P7	processed_pseudogene	6	4	2	0.2791	0.0692	0.0748
ENSG00000258952.2	SALRNA1	lncRNA	10	6	4	0.2719	0.0674	0.0729
ENSG00000258954.1	AC107958.3	lncRNA	0	0	0	0.0000	0.0000	0.0000
ENSG00000258955.2	LINC00519	lncRNA	90	38	52	4.7789	1.1851	1.2814
ENSG00000258956.2	COX4I1P1	processed_pseudogene	0	0	0	0.0000	0.0000	0.0000
ENSG00000258957.2	AL359317.2	lncRNA	20	27	17	0.4792	0.1188	0.1285
ENSG00000258958.1	AL157688.1	lncRNA	0	0	0	0.0000	0.0000	0.0000
ENSG00000258959.2	AL118558.1	transcribed_unitary_pseudogene	0	2148	2291	0.0000	0.0000	0.0000
ENSG00000258960.1	FTH1P13	processed_pseudogene	2	0	2	0.2181	0.0541	0.0585
ENSG00000258962.2	AL121839.1	processed_pseudogene	1	1	0	0.0479	0.0119	0.0128
ENSG00000258963.1	EDDM3DP	unprocessed_pseudogene	0	0	0	0.0000	0.0000	0.0000
ENSG00000258964.1	AL137129.1	lncRNA	0	0	0	0.0000	0.0000	0.0000
ENSG00000258965.2	AC044913.2	processed_pseudogene	0	0	0	0.0000	0.0000	0.0000
ENSG00000258966.1	GTF3AP2	transcribed_processed_pseudogene	0	0	0	0.0000	0.0000	0.0000
ENSG00000258967.1	HMGN1P3	processed_pseudogene	0	0	0	0.0000	0.0000	0.0000
ENSG00000258968.2	AL049830.4	processed_pseudogene	0	0	0	0.0000	0.0000	0.0000
ENSG00000258969.2	LINC02307	lncRNA	0	0	0	0.0000	0.0000	0.0000
ENSG00000258970.1	AC104002.1	lncRNA	0	0	0	0.0000	0.0000	0.0000
ENSG00000258971.1	AC112693.2	processed_pseudogene	0	0	0	0.0000	0.0000	0.0000
ENSG00000258972.1	NDUFB8P1	processed_pseudogene	0	0	0	0.0000	0.0000	0.0000
ENSG00000258973.1	AL096870.1	lncRNA	0	0	0	0.0000	0.0000	0.0000
ENSG00000258975.1	AL133279.2	lncRNA	0	0	0	0.0000	0.0000	0.0000
ENSG00000258976.1	AC013451.2	lncRNA	4	3	1	0.3164	0.0785	0.0848
ENSG00000258977.2	LINC01467	lncRNA	0	0	0	0.0000	0.0000	0.0000
ENSG00000258978.1	HIF1AP1	processed_pseudogene	0	0	0	0.0000	0.0000	0.0000
ENSG00000258979.3	LINC02299	lncRNA	0	0	0	0.0000	0.0000	0.0000
ENSG00000258980.1	EIF1AXP2	processed_pseudogene	0	0	0	0.0000	0.0000	0.0000
ENSG00000258981.1	COX5AP2	processed_pseudogene	0	0	0	0.0000	0.0000	0.0000
ENSG00000258982.1	AL133523.1	lncRNA	8	5	4	1.3706	0.3399	0.3675
ENSG00000258983.2	AL162171.2	lncRNA	4	25	23	0.2507	0.0622	0.0672
ENSG00000258984.5	UBE2F-SCLY	protein_coding	4	0	4	0.0710	0.0176	0.0190
ENSG00000258985.1	AL352979.2	lncRNA	0	20	25	0.0000	0.0000	0.0000
ENSG00000258986.7	TMEM179	protein_coding	1	1	0	0.0106	0.0026	0.0028
ENSG00000258987.2	AL132642.1	lncRNA	0	0	1	0.0000	0.0000	0.0000
ENSG00000258988.1	SF3B4P1	processed_pseudogene	0	0	0	0.0000	0.0000	0.0000
ENSG00000258989.1	AL355916.3	protein_coding	0	0	0	0.0000	0.0000	0.0000
ENSG00000258990.2	MPPE1P1	processed_pseudogene	0	0	0	0.0000	0.0000	0.0000
ENSG00000258991.1	DUX4L19	unprocessed_pseudogene	0	0	0	0.0000	0.0000	0.0000
ENSG00000258992.7	TSPY1	protein_coding	0	0	0	0.0000	0.0000	0.0000
ENSG00000258993.1	AL352979.3	processed_pseudogene	3	2	1	0.6888	0.1708	0.1847
ENSG00000258994.1	LINC02309	lncRNA	0	0	0	0.0000	0.0000	0.0000
ENSG00000258995.1	PARP1P2	processed_pseudogene	0	0	0	0.0000	0.0000	0.0000
ENSG00000258996.2	PPIAP5	processed_pseudogene	0	0	0	0.0000	0.0000	0.0000
ENSG00000258997.2	NF1P2	unprocessed_pseudogene	0	0	0	0.0000	0.0000	0.0000
ENSG00000258998.2	LINC02302	lncRNA	3	2	1	0.0565	0.0140	0.0152
ENSG00000259000.1	DOCK11P1	processed_pseudogene	1	0	1	0.0096	0.0024	0.0026
ENSG00000259001.3	AL355075.4	lncRNA	0	14	18	0.0000	0.0000	0.0000
ENSG00000259002.2	AL445363.1	lncRNA	0	0	0	0.0000	0.0000	0.0000
ENSG00000259003.1	AC243965.1	lncRNA	0	1	1	0.0000	0.0000	0.0000
ENSG00000259004.2	LINC02285	lncRNA	3	4	4	0.1769	0.0439	0.0474
ENSG00000259005.1	AC005479.1	lncRNA	13	6	7	1.2517	0.3104	0.3356
ENSG00000259006.1	AC092143.2	lncRNA	1	121	111	0.0576	0.0143	0.0154
ENSG00000259007.1	AL358333.3	lncRNA	0	160	151	0.0000	0.0000	0.0000
ENSG00000259008.1	AL355834.1	lncRNA	0	0	0	0.0000	0.0000	0.0000
ENSG00000259009.4	TPRX2P	unprocessed_pseudogene	0	0	0	0.0000	0.0000	0.0000
ENSG00000259010.1	NUP50P1	processed_pseudogene	1	0	1	0.0404	0.0100	0.0108
ENSG00000259011.1	AC016266.1	lncRNA	0	0	0	0.0000	0.0000	0.0000
ENSG00000259012.2	MTCYBP27	processed_pseudogene	0	0	0	0.0000	0.0000	0.0000
ENSG00000259013.2	AL118558.2	processed_pseudogene	2	1	1	0.4766	0.1182	0.1278
ENSG00000259015.1	AL442663.4	processed_pseudogene	18	10	8	3.5321	0.8759	0.9471
ENSG00000259016.1	AL391156.1	processed_pseudogene	0	0	0	0.0000	0.0000	0.0000
ENSG00000259017.1	AL133163.3	lncRNA	0	0	0	0.0000	0.0000	0.0000
ENSG00000259018.1	AL049829.2	lncRNA	0	116	123	0.0000	0.0000	0.0000
ENSG00000259019.1	EIF4BP1	transcribed_processed_pseudogene	1	1	0	0.1616	0.0401	0.0433
ENSG00000259020.3	AL049872.1	processed_pseudogene	11	7	5	1.9373	0.4804	0.5195
ENSG00000259021.2	TPRX1P1	processed_pseudogene	0	0	0	0.0000	0.0000	0.0000
ENSG00000259022.2	DNAJC8P1	processed_pseudogene	1	0	1	0.1524	0.0378	0.0409
ENSG00000259023.3	LINC00524	lncRNA	11	7	4	0.8208	0.2036	0.2201
ENSG00000259024.6	TVP23C-CDRT4	protein_coding	0	0	0	0.0000	0.0000	0.0000
ENSG00000259025.1	AC037471.1	processed_pseudogene	0	0	0	0.0000	0.0000	0.0000
ENSG00000259026.1	AL049833.2	lncRNA	0	0	0	0.0000	0.0000	0.0000
ENSG00000259028.1	AL135746.1	lncRNA	0	0	0	0.0000	0.0000	0.0000
ENSG00000259029.1	DUX4L18	unprocessed_pseudogene	0	0	0	0.0000	0.0000	0.0000
ENSG00000259030.7	FPGT-TNNI3K	protein_coding	42	19	23	0.2407	0.0597	0.0645
ENSG00000259031.1	AL845552.2	lncRNA	0	1	4	0.0000	0.0000	0.0000
ENSG00000259032.2	ENSAP2	processed_pseudogene	1	1	0	0.1611	0.0400	0.0432
ENSG00000259033.2	AL356804.1	lncRNA	12	485	455	0.2993	0.0742	0.0802
ENSG00000259035.2	AL355838.1	lncRNA	0	0	0	0.0000	0.0000	0.0000
ENSG00000259036.1	AL355102.5	lncRNA	2	0	2	0.1983	0.0492	0.0532
ENSG00000259037.1	BX927359.1	lncRNA	0	0	0	0.0000	0.0000	0.0000
ENSG00000259038.1	AL121820.2	lncRNA	5	3	2	1.0163	0.2520	0.2725
ENSG00000259039.3	AL161804.1	lncRNA	6	5	8	0.1690	0.0419	0.0453
ENSG00000259040.5	BLOC1S5-TXNDC5	protein_coding	0	0	0	0.0000	0.0000	0.0000
ENSG00000259041.1	AC015722.1	lncRNA	0	0	0	0.0000	0.0000	0.0000
ENSG00000259042.3	AC244502.3	lncRNA	4	6	3	0.2688	0.0667	0.0721
ENSG00000259043.1	BRD7P1	processed_pseudogene	0	0	0	0.0000	0.0000	0.0000
ENSG00000259044.1	AL357172.1	lncRNA	0	0	0	0.0000	0.0000	0.0000
ENSG00000259045.1	MTCO1P2	unprocessed_pseudogene	1	1	0	0.0807	0.0200	0.0216
ENSG00000259046.1	RRAGAP1	processed_pseudogene	0	0	0	0.0000	0.0000	0.0000
ENSG00000259047.1	AL163153.1	processed_pseudogene	3	3	0	0.6012	0.1491	0.1612
ENSG00000259048.1	AL392023.2	lncRNA	5	3	2	0.2459	0.0610	0.0659
ENSG00000259049.1	AL139317.3	lncRNA	0	1395	1479	0.0000	0.0000	0.0000
ENSG00000259050.2	CHORDC2P	processed_pseudogene	2	0	2	0.1041	0.0258	0.0279
ENSG00000259051.1	HNRNPUP1	processed_pseudogene	4	1	3	0.6812	0.1689	0.1827
ENSG00000259052.1	AL157871.6	lncRNA	0	89	117	0.0000	0.0000	0.0000
ENSG00000259053.1	AL137230.2	lncRNA	0	0	0	0.0000	0.0000	0.0000
ENSG00000259054.1	LINC02332	lncRNA	0	1	1	0.0000	0.0000	0.0000
ENSG00000259055.1	AL591770.1	lncRNA	1	1	0	0.0501	0.0124	0.0134
ENSG00000259056.1	DUXAP1	transcribed_unprocessed_pseudogene	1	0	1	0.1225	0.0304	0.0328
ENSG00000259057.1	THRAP3P2	processed_pseudogene	0	0	0	0.0000	0.0000	0.0000
ENSG00000259058.1	AF111169.2	lncRNA	1	0	1	0.0750	0.0186	0.0201
ENSG00000259059.1	PEBP1P1	processed_pseudogene	0	0	0	0.0000	0.0000	0.0000
ENSG00000259060.7	AL163195.3	protein_coding	0	0	0	0.0000	0.0000	0.0000
ENSG00000259061.1	AL358292.1	lncRNA	0	0	0	0.0000	0.0000	0.0000
ENSG00000259062.2	ACTN1-AS1	lncRNA	9	5	5	0.5453	0.1352	0.1462
ENSG00000259064.2	AC091544.3	processed_pseudogene	6	5	4	0.9949	0.2467	0.2668
ENSG00000259065.2	AC005520.2	lncRNA	86	54	32	2.2392	0.5553	0.6004
ENSG00000259066.5	AL110118.1	protein_coding	2	1	1	0.1233	0.0306	0.0331
ENSG00000259067.1	AL583810.3	lncRNA	0	0	0	0.0000	0.0000	0.0000
ENSG00000259068.1	TRAV37	TR_V_pseudogene	0	0	0	0.0000	0.0000	0.0000
ENSG00000259069.1	AL512310.9	lncRNA	0	0	1	0.0000	0.0000	0.0000
ENSG00000259070.7	LINC00639	lncRNA	9	8	5	0.0540	0.0134	0.0145
ENSG00000259071.1	AL359397.2	lncRNA	0	179	184	0.0000	0.0000	0.0000
ENSG00000259072.2	AL355835.1	lncRNA	0	0	0	0.0000	0.0000	0.0000
ENSG00000259073.1	FOXN3-AS2	lncRNA	1	1	0	0.0449	0.0111	0.0120
ENSG00000259074.1	PSMB7P1	processed_pseudogene	0	0	0	0.0000	0.0000	0.0000
ENSG00000259075.6	POC1B-GALNT4	protein_coding	6	4	2	0.0619	0.0153	0.0166
ENSG00000259076.1	AL049869.1	lncRNA	0	2	5	0.0000	0.0000	0.0000
ENSG00000259077.1	AL136501.1	lncRNA	0	0	0	0.0000	0.0000	0.0000
ENSG00000259078.2	PTBP1P	processed_pseudogene	1	1	0	0.0354	0.0088	0.0095
ENSG00000259079.1	AC005476.1	processed_pseudogene	1	1	0	0.1428	0.0354	0.0383
ENSG00000259080.1	AC074091.2	lncRNA	0	0	0	0.0000	0.0000	0.0000
ENSG00000259081.1	AF111169.3	lncRNA	14	108	144	0.8322	0.2064	0.2231
ENSG00000259082.1	LINC02314	lncRNA	0	0	0	0.0000	0.0000	0.0000
ENSG00000259083.1	AL132639.3	lncRNA	3	77	23	0.3210	0.0796	0.0861
ENSG00000259084.6	AL133467.3	lncRNA	0	0	0	0.0000	0.0000	0.0000
ENSG00000259086.3	KIAA1143P1	processed_pseudogene	3	3	0	0.3823	0.0948	0.1025
ENSG00000259087.5	AL121790.2	lncRNA	1	1	0	0.1066	0.0264	0.0286
ENSG00000259088.1	AL137779.2	lncRNA	9	2	7	1.1393	0.2825	0.3055
ENSG00000259089.2	GRAMD4P5	unprocessed_pseudogene	0	0	0	0.0000	0.0000	0.0000
ENSG00000259090.1	SEPTIN7P1	processed_pseudogene	1	0	1	0.0474	0.0118	0.0127
ENSG00000259091.1	LINC00517	lncRNA	9	5	4	0.1237	0.0307	0.0332
ENSG00000259092.1	TRAV30	TR_V_gene	5	3	2	0.8414	0.2087	0.2256
ENSG00000259093.2	AL137191.1	lncRNA	0	0	0	0.0000	0.0000	0.0000
ENSG00000259094.1	AC013457.1	lncRNA	0	0	0	0.0000	0.0000	0.0000
ENSG00000259095.1	GTF2IP22	processed_pseudogene	0	0	0	0.0000	0.0000	0.0000
ENSG00000259096.1	SHLD2P2	processed_pseudogene	1	1	0	0.0230	0.0057	0.0062
ENSG00000259097.2	AL163932.1	lncRNA	0	0	0	0.0000	0.0000	0.0000
ENSG00000259098.1	AC025884.2	processed_pseudogene	0	0	0	0.0000	0.0000	0.0000
ENSG00000259099.2	AC025574.1	processed_pseudogene	0	0	0	0.0000	0.0000	0.0000
ENSG00000259100.1	COILP1	processed_pseudogene	5	6	2	0.1669	0.0414	0.0447
ENSG00000259102.2	SMARCE1P3	processed_pseudogene	0	0	0	0.0000	0.0000	0.0000
ENSG00000259103.2	AF107885.2	lncRNA	0	0	0	0.0000	0.0000	0.0000
ENSG00000259104.2	PTCSC3	lncRNA	0	0	0	0.0000	0.0000	0.0000
ENSG00000259105.1	RPS3AP4	processed_pseudogene	0	0	0	0.0000	0.0000	0.0000
ENSG00000259106.1	AC008056.2	lncRNA	0	0	0	0.0000	0.0000	0.0000
ENSG00000259107.2	LINC00911	lncRNA	0	0	0	0.0000	0.0000	0.0000
ENSG00000259108.3	LINC01595	lncRNA	0	0	0	0.0000	0.0000	0.0000
ENSG00000259109.1	AC004858.1	processed_pseudogene	0	0	0	0.0000	0.0000	0.0000
ENSG00000259110.1	LINC02304	lncRNA	0	0	0	0.0000	0.0000	0.0000
ENSG00000259111.1	AL079307.2	lncRNA	0	0	0	0.0000	0.0000	0.0000
ENSG00000259112.2	NDUFC2-KCTD14	protein_coding	0	0	0	0.0000	0.0000	0.0000
ENSG00000259113.1	AL118556.1	lncRNA	1	228	222	0.1130	0.0280	0.0303
ENSG00000259115.1	AL357153.3	lncRNA	0	0	0	0.0000	0.0000	0.0000
ENSG00000259116.2	AL049869.2	lncRNA	29	29	45	1.3327	0.3305	0.3573
ENSG00000259117.1	AL121576.1	processed_pseudogene	0	0	0	0.0000	0.0000	0.0000
ENSG00000259118.5	AL139022.1	lncRNA	11	333	317	0.4530	0.1123	0.1215
ENSG00000259119.1	AL132796.2	lncRNA	0	0	0	0.0000	0.0000	0.0000
ENSG00000259120.3	SMIM6	protein_coding	3	1	2	0.1481	0.0367	0.0397
ENSG00000259121.2	AL109628.1	processed_pseudogene	1	2	0	0.2821	0.0700	0.0757
ENSG00000259122.2	TVP23BP1	unprocessed_pseudogene	0	0	0	0.0000	0.0000	0.0000
ENSG00000259123.1	AC103996.3	lncRNA	1	1	0	0.1283	0.0318	0.0344
ENSG00000259124.1	AC008050.1	lncRNA	1	0	1	0.0897	0.0223	0.0241
ENSG00000259125.1	LRP1-AS	lncRNA	0	253	254	0.0000	0.0000	0.0000
ENSG00000259126.1	AL161752.1	lncRNA	0	0	0	0.0000	0.0000	0.0000
ENSG00000259129.6	LINC00648	lncRNA	11	8	3	0.1918	0.0476	0.0514
ENSG00000259130.2	AL133371.3	lncRNA	2	1	1	0.1104	0.0274	0.0296
ENSG00000259132.1	AL132780.3	protein_coding	0	0	0	0.0000	0.0000	0.0000
ENSG00000259133.5	AL161757.5	lncRNA	0	76	68	0.0000	0.0000	0.0000
ENSG00000259134.7	LINC00924	lncRNA	0	0	0	0.0000	0.0000	0.0000
ENSG00000259135.1	AL445363.2	lncRNA	0	0	0	0.0000	0.0000	0.0000
ENSG00000259136.1	AL137100.2	processed_pseudogene	0	0	0	0.0000	0.0000	0.0000
ENSG00000259137.1	AL109766.1	processed_pseudogene	0	0	0	0.0000	0.0000	0.0000
ENSG00000259138.1	AL049780.2	lncRNA	4	7	3	0.6181	0.1533	0.1657
ENSG00000259140.2	AL049839.1	processed_pseudogene	0	0	0	0.0000	0.0000	0.0000
ENSG00000259142.1	LINC00644	lncRNA	0	0	0	0.0000	0.0000	0.0000
ENSG00000259143.1	AL356017.1	lncRNA	0	0	0	0.0000	0.0000	0.0000
ENSG00000259144.2	RANBP20P	processed_pseudogene	0	0	1	0.0000	0.0000	0.0000
ENSG00000259146.4	AC005476.2	lncRNA	83	44	40	4.0647	1.0080	1.0899
ENSG00000259148.1	YWHAZP1	processed_pseudogene	0	0	0	0.0000	0.0000	0.0000
ENSG00000259149.1	AL445074.1	lncRNA	0	0	0	0.0000	0.0000	0.0000
ENSG00000259150.6	LINC00929	lncRNA	0	0	0	0.0000	0.0000	0.0000
ENSG00000259151.2	CAP2P1	transcribed_processed_pseudogene	1	0	1	0.0408	0.0101	0.0109
ENSG00000259152.1	AC104002.2	lncRNA	0	0	0	0.0000	0.0000	0.0000
ENSG00000259153.2	AC004816.1	lncRNA	100	47	53	3.3009	0.8186	0.8851
ENSG00000259154.1	DUX4L17	unprocessed_pseudogene	1	1	0	0.0448	0.0111	0.0120
ENSG00000259155.2	STK16P1	processed_pseudogene	2	2	0	0.2160	0.0536	0.0579
ENSG00000259156.7	CHEK2P2	transcribed_unprocessed_pseudogene	0	0	0	0.0000	0.0000	0.0000
ENSG00000259157.1	AL079307.3	unprocessed_pseudogene	0	0	0	0.0000	0.0000	0.0000
ENSG00000259158.4	ADAM20P1	transcribed_unprocessed_pseudogene	17	7	10	0.2583	0.0640	0.0692
ENSG00000259160.1	AL049869.3	processed_pseudogene	0	0	0	0.0000	0.0000	0.0000
ENSG00000259161.2	NPM1P20	processed_pseudogene	1	1	0	0.0778	0.0193	0.0209
ENSG00000259162.1	AL355075.5	transcribed_unprocessed_pseudogene	0	0	1	0.0000	0.0000	0.0000
ENSG00000259163.2	AL096869.2	lncRNA	3	49	45	0.1044	0.0259	0.0280
ENSG00000259164.1	AC007375.2	protein_coding	0	0	0	0.0000	0.0000	0.0000
ENSG00000259165.1	DDX18P1	processed_pseudogene	5	1	5	0.1423	0.0353	0.0382
ENSG00000259166.1	AL049836.2	lncRNA	2	1	1	0.2211	0.0548	0.0593
ENSG00000259167.2	NMNAT1P1	processed_pseudogene	0	0	0	0.0000	0.0000	0.0000
ENSG00000259168.1	AC104002.3	lncRNA	0	0	0	0.0000	0.0000	0.0000
ENSG00000259169.1	GNRHR2P1	unprocessed_pseudogene	0	0	0	0.0000	0.0000	0.0000
ENSG00000259170.1	AC090985.2	lncRNA	0	0	0	0.0000	0.0000	0.0000
ENSG00000259171.1	AL163636.1	protein_coding	0	0	0	0.0000	0.0000	0.0000
ENSG00000259172.1	AC023024.1	lncRNA	8	776	771	0.1752	0.0434	0.0470
ENSG00000259173.2	AC090515.3	processed_pseudogene	1	1	0	0.1800	0.0446	0.0483
ENSG00000259175.1	AC108451.1	lncRNA	4	135	126	0.0900	0.0223	0.0241
ENSG00000259177.1	AC018946.1	lncRNA	0	0	0	0.0000	0.0000	0.0000
ENSG00000259178.1	AC023906.2	lncRNA	0	0	0	0.0000	0.0000	0.0000
ENSG00000259179.1	UBE2CP4	processed_pseudogene	0	0	0	0.0000	0.0000	0.0000
ENSG00000259180.1	AC012378.1	lncRNA	1	13	13	0.1558	0.0386	0.0418
ENSG00000259181.1	AC114546.1	lncRNA	0	0	0	0.0000	0.0000	0.0000
ENSG00000259182.5	AC019254.1	lncRNA	4	1	3	0.2977	0.0738	0.0798
ENSG00000259183.1	MED28P6	processed_pseudogene	0	0	0	0.0000	0.0000	0.0000
ENSG00000259185.1	AC090971.1	lncRNA	0	500	498	0.0000	0.0000	0.0000
ENSG00000259186.1	MRPS15P1	processed_pseudogene	0	0	0	0.0000	0.0000	0.0000
ENSG00000259187.1	AC122108.1	lncRNA	0	19	16	0.0000	0.0000	0.0000
ENSG00000259188.6	AC025040.1	lncRNA	1	0	2	0.0386	0.0096	0.0103
ENSG00000259191.2	AC027237.1	processed_pseudogene	1	1	0	0.0866	0.0215	0.0232
ENSG00000259192.1	AC109631.1	processed_pseudogene	3	2	1	0.2178	0.0540	0.0584
ENSG00000259194.1	AC020891.1	lncRNA	0	0	0	0.0000	0.0000	0.0000
ENSG00000259195.1	AC021739.1	processed_pseudogene	0	0	0	0.0000	0.0000	0.0000
ENSG00000259196.1	HMBOX1-IT1	lncRNA	0	0	0	0.0000	0.0000	0.0000
ENSG00000259198.1	AC020658.2	lncRNA	0	0	1	0.0000	0.0000	0.0000
ENSG00000259199.2	AC022523.1	lncRNA	0	0	0	0.0000	0.0000	0.0000
ENSG00000259200.2	AC068722.1	lncRNA	1	1	0	0.0238	0.0059	0.0064
ENSG00000259201.1	AC090971.2	lncRNA	1	193	200	0.1112	0.0276	0.0298
ENSG00000259202.1	AC012568.1	lncRNA	0	0	0	0.0000	0.0000	0.0000
ENSG00000259203.2	AC016044.1	lncRNA	0	0	0	0.0000	0.0000	0.0000
ENSG00000259204.1	AC073964.1	lncRNA	0	0	0	0.0000	0.0000	0.0000
ENSG00000259205.2	PRKXP1	processed_pseudogene	14	7	8	0.7076	0.1755	0.1897
ENSG00000259207.9	ITGB3	protein_coding	927	478	449	8.2918	2.0563	2.2233
ENSG00000259208.2	AC023968.1	processed_pseudogene	0	0	0	0.0000	0.0000	0.0000
ENSG00000259209.3	AC004943.1	lncRNA	22	11	11	0.7352	0.1823	0.1971
ENSG00000259211.1	AC013356.2	lncRNA	4	223	227	0.3112	0.0772	0.0834
ENSG00000259212.1	AC103739.1	lncRNA	5	4	2	0.5982	0.1483	0.1604
ENSG00000259213.1	AC105133.1	lncRNA	0	0	0	0.0000	0.0000	0.0000
ENSG00000259214.1	AC012414.1	processed_pseudogene	0	0	0	0.0000	0.0000	0.0000
ENSG00000259215.1	AC027237.2	lncRNA	17	10	7	2.4657	0.6115	0.6611
ENSG00000259216.2	AC084757.1	processed_pseudogene	1	0	1	0.1157	0.0287	0.0310
ENSG00000259217.2	AC068867.1	unprocessed_pseudogene	0	0	0	0.0000	0.0000	0.0000
ENSG00000259218.6	LINC00928	lncRNA	1	0	1	0.0220	0.0055	0.0059
ENSG00000259219.1	AC084855.2	lncRNA	3	1	2	0.0711	0.0176	0.0191
ENSG00000259221.5	AC023905.1	lncRNA	0	0	0	0.0000	0.0000	0.0000
ENSG00000259222.2	AC027088.2	lncRNA	2	2	0	0.1238	0.0307	0.0332
ENSG00000259223.2	AC009654.1	lncRNA	0	0	0	0.0000	0.0000	0.0000
ENSG00000259224.2	SLC35G6	protein_coding	5	3	2	0.1671	0.0414	0.0448
ENSG00000259225.7	LINC02345	lncRNA	24	14	10	0.5065	0.1256	0.1358
ENSG00000259227.2	AC087699.1	processed_pseudogene	0	0	0	0.0000	0.0000	0.0000
ENSG00000259228.1	HNRNPA1P62	processed_pseudogene	1	1	0	0.0596	0.0148	0.0160
ENSG00000259229.2	AC026826.2	processed_pseudogene	0	0	0	0.0000	0.0000	0.0000
ENSG00000259230.1	LINC02323	lncRNA	0	0	0	0.0000	0.0000	0.0000
ENSG00000259231.2	AC090888.1	processed_pseudogene	0	0	0	0.0000	0.0000	0.0000
ENSG00000259232.2	AC105129.1	processed_pseudogene	1	0	1	0.1909	0.0474	0.0512
ENSG00000259234.6	ANKRD34C-AS1	lncRNA	0	1	1	0.0000	0.0000	0.0000
ENSG00000259235.2	AC066612.1	lncRNA	0	0	0	0.0000	0.0000	0.0000
ENSG00000259236.1	GOLGA8VP	unprocessed_pseudogene	3	2	3	0.0946	0.0235	0.0254
ENSG00000259237.1	LINC02490	lncRNA	0	0	0	0.0000	0.0000	0.0000
ENSG00000259238.1	AC092755.2	lncRNA	2	50	57	0.2821	0.0700	0.0757
ENSG00000259239.1	AC021755.1	processed_pseudogene	0	0	0	0.0000	0.0000	0.0000
ENSG00000259240.1	MIR4713HG	lncRNA	0	1	0	0.0000	0.0000	0.0000
ENSG00000259241.1	AC020892.1	lncRNA	0	0	0	0.0000	0.0000	0.0000
ENSG00000259242.2	AC002306.1	lncRNA	0	0	0	0.0000	0.0000	0.0000
ENSG00000259244.1	AC048382.2	lncRNA	5	3	2	0.5763	0.1429	0.1545
ENSG00000259245.2	LINC02853	lncRNA	0	0	0	0.0000	0.0000	0.0000
ENSG00000259246.4	HMGN2P47	processed_pseudogene	0	0	0	0.0000	0.0000	0.0000
ENSG00000259247.1	TTTY25P	unprocessed_pseudogene	0	0	0	0.0000	0.0000	0.0000
ENSG00000259248.7	USP3-AS1	lncRNA	38	919	947	0.2441	0.0605	0.0655
ENSG00000259250.1	AC018904.1	lncRNA	83	43	55	8.6844	2.1536	2.3286
ENSG00000259251.2	AC104590.1	lncRNA	6	5	1	0.1761	0.0437	0.0472
ENSG00000259252.1	AC026583.1	lncRNA	0	0	0	0.0000	0.0000	0.0000
ENSG00000259254.1	AC022405.1	lncRNA	1	0	1	0.1099	0.0273	0.0295
ENSG00000259255.1	AC073941.1	lncRNA	0	0	0	0.0000	0.0000	0.0000
ENSG00000259256.2	LINC01895	lncRNA	1	1	0	0.0272	0.0067	0.0073
ENSG00000259257.1	AC037479.1	processed_pseudogene	2	0	2	0.1815	0.0450	0.0487
ENSG00000259258.1	AC013553.1	processed_pseudogene	1	1	0	0.2124	0.0527	0.0570
ENSG00000259259.1	NPM1P42	processed_pseudogene	0	0	0	0.0000	0.0000	0.0000
ENSG00000259261.2	IGHV4OR15-8	IG_V_gene	0	0	0	0.0000	0.0000	0.0000
ENSG00000259262.1	NDUFA3P4	processed_pseudogene	1	0	1	0.2268	0.0563	0.0608
ENSG00000259265.1	AC027088.3	lncRNA	0	0	0	0.0000	0.0000	0.0000
ENSG00000259266.1	AC022523.2	processed_pseudogene	0	0	0	0.0000	0.0000	0.0000
ENSG00000259267.3	LINC02622	lncRNA	1	0	1	0.0254	0.0063	0.0068
ENSG00000259268.2	AC007950.1	lncRNA	0	0	0	0.0000	0.0000	0.0000
ENSG00000259269.2	AC109630.1	lncRNA	3	2	1	0.0529	0.0131	0.0142
ENSG00000259270.1	AC044860.2	processed_pseudogene	0	0	0	0.0000	0.0000	0.0000
ENSG00000259271.1	ANKRD62P1	transcribed_unprocessed_pseudogene	21	7	14	0.7338	0.1820	0.1967
ENSG00000259273.1	AC027176.1	processed_pseudogene	0	0	0	0.0000	0.0000	0.0000
ENSG00000259274.1	AC107241.1	lncRNA	0	0	1	0.0000	0.0000	0.0000
ENSG00000259275.4	AC087477.2	lncRNA	22	15	10	0.1761	0.0437	0.0472
ENSG00000259276.1	AC087286.1	lncRNA	1	1	0	0.0998	0.0248	0.0268
ENSG00000259277.1	AC127522.1	lncRNA	0	0	0	0.0000	0.0000	0.0000
ENSG00000259278.2	AC087878.1	lncRNA	15	9	6	0.3837	0.0952	0.1029
ENSG00000259280.1	AC018563.1	lncRNA	0	0	0	0.0000	0.0000	0.0000
ENSG00000259281.1	LINGO1-AS2	lncRNA	0	0	0	0.0000	0.0000	0.0000
ENSG00000259282.5	SPATA8-AS1	lncRNA	0	0	0	0.0000	0.0000	0.0000
ENSG00000259283.2	AC109462.1	lncRNA	0	0	0	0.0000	0.0000	0.0000
ENSG00000259284.2	LINC02349	lncRNA	0	0	0	0.0000	0.0000	0.0000
ENSG00000259285.1	AC025431.1	lncRNA	0	2	0	0.0000	0.0000	0.0000
ENSG00000259286.3	AC087639.1	processed_pseudogene	0	0	0	0.0000	0.0000	0.0000
ENSG00000259287.2	AC010809.1	lncRNA	2	2	0	0.2018	0.0500	0.0541
ENSG00000259288.7	BUB1B-PAK6	protein_coding	0	0	0	0.0000	0.0000	0.0000
ENSG00000259289.2	LINC02206	lncRNA	0	0	0	0.0000	0.0000	0.0000
ENSG00000259290.1	AP001007.3	lncRNA	0	0	0	0.0000	0.0000	0.0000
ENSG00000259291.2	ZNF710-AS1	lncRNA	98	229	227	1.9151	0.4749	0.5135
ENSG00000259293.1	LIPC-AS1	lncRNA	1	0	1	0.0254	0.0063	0.0068
ENSG00000259294.1	AC005096.1	lncRNA	0	0	0	0.0000	0.0000	0.0000
ENSG00000259295.6	CSPG4P12	transcribed_unprocessed_pseudogene	8	7	8	0.0395	0.0098	0.0106
ENSG00000259296.1	AC020892.2	lncRNA	0	0	0	0.0000	0.0000	0.0000
ENSG00000259299.1	AC061965.2	processed_pseudogene	0	0	0	0.0000	0.0000	0.0000
ENSG00000259300.2	TUBBP8	processed_pseudogene	0	0	0	0.0000	0.0000	0.0000
ENSG00000259301.2	AC084759.1	processed_pseudogene	0	0	0	0.0000	0.0000	0.0000
ENSG00000259302.1	AC048382.3	unprocessed_pseudogene	0	0	0	0.0000	0.0000	0.0000
ENSG00000259303.5	IGHV2OR16-5	IG_V_gene	0	0	0	0.0000	0.0000	0.0000
ENSG00000259304.1	AC090888.2	processed_pseudogene	0	0	0	0.0000	0.0000	0.0000
ENSG00000259305.6	ZHX1-C8orf76	protein_coding	6	2	4	0.2568	0.0637	0.0689
ENSG00000259306.2	AC020891.2	lncRNA	0	0	0	0.0000	0.0000	0.0000
ENSG00000259307.1	PLCB2-AS1	lncRNA	0	0	2	0.0000	0.0000	0.0000
ENSG00000259308.3	FABP5P8	processed_pseudogene	1	0	1	0.1404	0.0348	0.0376
ENSG00000259309.2	AC021818.1	lncRNA	2	2	0	0.0902	0.0224	0.0242
ENSG00000259312.1	AC087477.3	lncRNA	0	0	0	0.0000	0.0000	0.0000
ENSG00000259314.1	AC103739.2	lncRNA	4	106	88	0.2811	0.0697	0.0754
ENSG00000259315.1	ACTG1P17	transcribed_processed_pseudogene	7	12	15	0.1894	0.0470	0.0508
ENSG00000259316.12	AC087632.2	protein_coding	0	0	0	0.0000	0.0000	0.0000
ENSG00000259317.1	AC044860.3	unprocessed_pseudogene	0	0	0	0.0000	0.0000	0.0000
ENSG00000259318.1	HMGN1P1	processed_pseudogene	14	10	4	2.7005	0.6697	0.7241
ENSG00000259319.1	AF111167.2	lncRNA	242	109	134	3.3811	0.8385	0.9066
ENSG00000259320.2	AC022523.3	lncRNA	0	0	0	0.0000	0.0000	0.0000
ENSG00000259321.1	AL136295.2	lncRNA	9	76	93	0.6833	0.1694	0.1832
ENSG00000259322.1	AC090607.1	lncRNA	6	281	255	0.7578	0.1879	0.2032
ENSG00000259324.2	AC135068.2	unprocessed_pseudogene	0	0	0	0.0000	0.0000	0.0000
ENSG00000259326.1	AC116158.1	lncRNA	16	96	102	0.4262	0.1057	0.1143
ENSG00000259327.1	AC023906.3	lncRNA	0	248	252	0.0000	0.0000	0.0000
ENSG00000259330.3	INAFM2	protein_coding	874	477	397	16.3904	4.0646	4.3948
ENSG00000259331.1	AC009432.1	lncRNA	0	0	0	0.0000	0.0000	0.0000
ENSG00000259332.3	ST20-MTHFS	protein_coding	0	3	1	0.0000	0.0000	0.0000
ENSG00000259333.1	AC127029.1	unprocessed_pseudogene	0	0	0	0.0000	0.0000	0.0000
ENSG00000259334.1	LINC00596	lncRNA	1	1	0	0.0605	0.0150	0.0162
ENSG00000259335.1	HNRNPMP1	processed_pseudogene	3	0	3	0.0962	0.0239	0.0258
ENSG00000259336.1	AC021231.1	lncRNA	3	1	2	0.1268	0.0314	0.0340
ENSG00000259337.4	IGHV1OR15-2	IG_V_pseudogene	5	2	3	0.8033	0.1992	0.2154
ENSG00000259338.1	H3P39	processed_pseudogene	1	1	0	0.1428	0.0354	0.0383
ENSG00000259339.2	TGIF1P1	processed_pseudogene	0	0	0	0.0000	0.0000	0.0000
ENSG00000259340.2	AC110588.1	processed_pseudogene	0	0	0	0.0000	0.0000	0.0000
ENSG00000259341.2	AC015660.1	lncRNA	22	12	10	0.1095	0.0272	0.0294
ENSG00000259342.1	AC025580.1	lncRNA	11	210	185	0.8557	0.2122	0.2294
ENSG00000259343.7	TMC3-AS1	lncRNA	44	24	40	0.1762	0.0437	0.0473
ENSG00000259345.7	AC013652.1	lncRNA	322	159	165	2.6102	0.6473	0.6999
ENSG00000259346.2	AC105129.2	processed_pseudogene	0	0	0	0.0000	0.0000	0.0000
ENSG00000259347.7	AC087482.1	lncRNA	13	12	5	0.1951	0.0484	0.0523
ENSG00000259349.2	AC011921.1	lncRNA	16	6	10	0.6570	0.1629	0.1762
ENSG00000259350.2	AC067805.1	processed_pseudogene	0	0	0	0.0000	0.0000	0.0000
ENSG00000259351.1	AC015914.1	lncRNA	14	47	45	0.7406	0.1837	0.1986
ENSG00000259352.1	AC091117.1	lncRNA	0	1557	1543	0.0000	0.0000	0.0000
ENSG00000259353.1	AC090515.4	lncRNA	2	64	64	0.2520	0.0625	0.0676
ENSG00000259354.5	AC025580.2	lncRNA	27	18	13	0.3940	0.0977	0.1057
ENSG00000259356.1	AC022710.1	lncRNA	0	0	0	0.0000	0.0000	0.0000
ENSG00000259357.2	AL590133.2	lncRNA	0	8140	8101	0.0000	0.0000	0.0000
ENSG00000259358.1	DEPDC1P1	processed_pseudogene	0	0	0	0.0000	0.0000	0.0000
ENSG00000259359.2	AC012409.1	lncRNA	2	1	1	0.1498	0.0372	0.0402
ENSG00000259360.1	AC009558.1	lncRNA	1	0	1	0.0976	0.0242	0.0262
ENSG00000259361.7	LINC00927	lncRNA	0	0	0	0.0000	0.0000	0.0000
ENSG00000259362.2	AC046168.1	lncRNA	2	2	0	0.0297	0.0074	0.0080
ENSG00000259363.6	AC090825.1	lncRNA	60	27	33	0.4410	0.1094	0.1182
ENSG00000259364.1	AC013356.3	lncRNA	0	0	0	0.0000	0.0000	0.0000
ENSG00000259365.1	AC019254.2	lncRNA	0	0	0	0.0000	0.0000	0.0000
ENSG00000259366.1	AC108449.2	lncRNA	57	27	30	5.8559	1.4522	1.5702
ENSG00000259367.1	AC087286.2	lncRNA	16	89	73	1.3748	0.3409	0.3686
ENSG00000259368.1	AC013356.4	lncRNA	0	13	12	0.0000	0.0000	0.0000
ENSG00000259369.1	AC009997.1	processed_pseudogene	0	0	0	0.0000	0.0000	0.0000
ENSG00000259370.2	AC103740.1	lncRNA	35	169	195	0.2326	0.0577	0.0624
ENSG00000259371.2	AL136295.3	protein_coding	0	0	0	0.0000	0.0000	0.0000
ENSG00000259374.2	NDUFB4P11	transcribed_processed_pseudogene	0	0	0	0.0000	0.0000	0.0000
ENSG00000259375.1	AC087286.3	lncRNA	0	150	162	0.0000	0.0000	0.0000
ENSG00000259376.1	AC090907.1	lncRNA	13	5	8	1.5015	0.3724	0.4026
ENSG00000259377.1	AC026770.1	lncRNA	1	0	1	0.0976	0.0242	0.0262
ENSG00000259378.1	DCAF13P3	processed_pseudogene	1	1	0	0.0425	0.0105	0.0114
ENSG00000259379.1	MTND5P32	processed_pseudogene	0	0	0	0.0000	0.0000	0.0000
ENSG00000259380.6	AC087473.1	lncRNA	1	1	0	0.0077	0.0019	0.0021
ENSG00000259381.2	AC090695.1	processed_pseudogene	22	12	10	1.0210	0.2532	0.2738
ENSG00000259383.1	AC012414.2	lncRNA	22	12	10	1.6679	0.4136	0.4472
ENSG00000259384.7	GH1	protein_coding	0	0	0	0.0000	0.0000	0.0000
ENSG00000259385.1	AC066612.2	lncRNA	0	1	4	0.0000	0.0000	0.0000
ENSG00000259388.1	AC025040.2	processed_pseudogene	0	0	0	0.0000	0.0000	0.0000
ENSG00000259389.2	H3P38	processed_pseudogene	0	0	0	0.0000	0.0000	0.0000
ENSG00000259390.4	AC022196.1	lncRNA	6	3	3	0.4719	0.1170	0.1265
ENSG00000259392.2	AC090877.1	transcribed_processed_pseudogene	5	2	3	0.8243	0.2044	0.2210
ENSG00000259393.2	AC025918.2	processed_pseudogene	0	0	0	0.0000	0.0000	0.0000
ENSG00000259394.2	AC079328.1	processed_pseudogene	4	1	4	0.2383	0.0591	0.0639
ENSG00000259395.1	AC087516.1	lncRNA	0	0	0	0.0000	0.0000	0.0000
ENSG00000259396.1	AC087721.1	lncRNA	0	0	0	0.0000	0.0000	0.0000
ENSG00000259397.3	AC021231.2	processed_pseudogene	2	2	0	0.1554	0.0385	0.0417
ENSG00000259398.1	AC090970.1	lncRNA	0	0	0	0.0000	0.0000	0.0000
ENSG00000259399.1	TGIF2-RAB5IF	protein_coding	0	0	0	0.0000	0.0000	0.0000
ENSG00000259402.1	AC090515.5	lncRNA	3	2	1	0.3234	0.0802	0.0867
ENSG00000259403.2	AC020704.1	lncRNA	0	0	0	0.0000	0.0000	0.0000
ENSG00000259404.5	EFL1P1	transcribed_unprocessed_pseudogene	0	0	0	0.0000	0.0000	0.0000
ENSG00000259405.1	ISCA1P4	processed_pseudogene	2	1	1	0.8464	0.2099	0.2270
ENSG00000259407.1	AC021739.2	lncRNA	8	448	438	0.4706	0.1167	0.1262
ENSG00000259408.2	AC010809.2	lncRNA	8	15	14	0.4706	0.1167	0.1262
ENSG00000259409.1	BMF-AS1	lncRNA	0	210	212	0.0000	0.0000	0.0000
ENSG00000259410.5	AC009292.2	lncRNA	0	0	0	0.0000	0.0000	0.0000
ENSG00000259411.1	HNRNPA1P45	processed_pseudogene	1	1	0	0.0526	0.0130	0.0141
ENSG00000259413.2	AC011270.1	processed_pseudogene	0	0	0	0.0000	0.0000	0.0000
ENSG00000259414.1	AC242376.1	unprocessed_pseudogene	1	1	0	0.0781	0.0194	0.0209
ENSG00000259415.1	AC012291.2	lncRNA	0	0	0	0.0000	0.0000	0.0000
ENSG00000259416.2	LINC02883	lncRNA	5	3	2	0.3316	0.0822	0.0889
ENSG00000259417.3	CTXND1	protein_coding	40	25	16	0.3291	0.0816	0.0882
ENSG00000259418.1	AC091117.2	lncRNA	5	2	5	0.5232	0.1297	0.1403
ENSG00000259419.2	HNRNPCP3	processed_pseudogene	0	1	1	0.0000	0.0000	0.0000
ENSG00000259420.5	AC046168.2	lncRNA	1	1	0	0.0463	0.0115	0.0124
ENSG00000259421.1	AL022318.2	unprocessed_pseudogene	0	0	0	0.0000	0.0000	0.0000
ENSG00000259422.1	AC091100.1	lncRNA	3	9	3	0.0723	0.0179	0.0194
ENSG00000259423.3	AC113146.1	lncRNA	6	4	2	0.2066	0.0512	0.0554
ENSG00000259424.1	IRAIN	lncRNA	17	9	9	2.8864	0.7158	0.7739
ENSG00000259425.5	AC011767.1	transcribed_unprocessed_pseudogene	0	0	0	0.0000	0.0000	0.0000
ENSG00000259426.6	AC027237.3	lncRNA	198	273	286	2.3804	0.5903	0.6383
ENSG00000259427.2	DPPA5P2	transcribed_processed_pseudogene	0	0	0	0.0000	0.0000	0.0000
ENSG00000259428.1	HMGB3P26	processed_pseudogene	0	0	0	0.0000	0.0000	0.0000
ENSG00000259429.5	UBE2Q2P2	transcribed_unprocessed_pseudogene	49	22	27	1.4980	0.3715	0.4017
ENSG00000259430.2	CERS3-AS1	lncRNA	91	49	42	2.8169	0.6986	0.7553
ENSG00000259431.6	THTPA	protein_coding	405	214	198	7.9363	1.9681	2.1280
ENSG00000259432.1	AC023908.1	lncRNA	0	0	0	0.0000	0.0000	0.0000
ENSG00000259433.2	AC051619.2	processed_pseudogene	0	0	0	0.0000	0.0000	0.0000
ENSG00000259434.2	AC068875.1	lncRNA	0	0	0	0.0000	0.0000	0.0000
ENSG00000259435.3	OR4N3P	transcribed_unprocessed_pseudogene	0	0	0	0.0000	0.0000	0.0000
ENSG00000259436.1	AC010247.2	lncRNA	26	16	10	0.7542	0.1870	0.2022
ENSG00000259437.1	AC093334.1	lncRNA	0	0	0	0.0000	0.0000	0.0000
ENSG00000259438.1	MAPK6-DT	lncRNA	4	2	2	0.2622	0.0650	0.0703
ENSG00000259439.2	LINC01833	lncRNA	0	0	0	0.0000	0.0000	0.0000
ENSG00000259440.2	NPM1P43	processed_pseudogene	0	0	0	0.0000	0.0000	0.0000
ENSG00000259441.2	MRPL15P1	processed_pseudogene	0	0	0	0.0000	0.0000	0.0000
ENSG00000259442.1	AC105339.3	lncRNA	3	5	2	0.1559	0.0387	0.0418
ENSG00000259443.1	AC012414.3	lncRNA	0	0	0	0.0000	0.0000	0.0000
ENSG00000259444.1	AL161669.1	lncRNA	0	0	0	0.0000	0.0000	0.0000
ENSG00000259446.6	AC055874.1	lncRNA	4	3	1	0.0944	0.0234	0.0253
ENSG00000259447.1	AC013652.2	lncRNA	10	7	5	0.5100	0.1265	0.1367
ENSG00000259448.3	LINC02352	lncRNA	65	32	33	1.4604	0.3622	0.3916
ENSG00000259449.1	NIFKP8	processed_pseudogene	0	0	0	0.0000	0.0000	0.0000
ENSG00000259452.2	AC009269.1	processed_pseudogene	0	0	0	0.0000	0.0000	0.0000
ENSG00000259453.1	AC087286.4	lncRNA	4	4	0	0.3041	0.0754	0.0815
ENSG00000259454.1	WBP1LP5	processed_pseudogene	0	0	0	0.0000	0.0000	0.0000
ENSG00000259456.4	ADNP-AS1	lncRNA	71	35	44	3.8383	0.9519	1.0292
ENSG00000259457.1	AC100826.1	lncRNA	0	14	10	0.0000	0.0000	0.0000
ENSG00000259458.1	MGC15885	lncRNA	2	1	1	0.0468	0.0116	0.0125
ENSG00000259459.6	LINC02568	lncRNA	766	395	371	19.4536	4.8243	5.2162
ENSG00000259460.1	AC078909.1	lncRNA	0	24	14	0.0000	0.0000	0.0000
ENSG00000259461.1	ANP32BP3	processed_pseudogene	0	0	0	0.0000	0.0000	0.0000
ENSG00000259462.3	CPEB1-AS1	lncRNA	1	0	3	0.0113	0.0028	0.0030
ENSG00000259463.1	AC020661.2	lncRNA	1	1	0	0.1370	0.0340	0.0367
ENSG00000259464.2	SNRPCP18	processed_pseudogene	0	0	0	0.0000	0.0000	0.0000
ENSG00000259465.2	AHCYP7	processed_pseudogene	0	0	0	0.0000	0.0000	0.0000
ENSG00000259466.1	NPM1P47	processed_pseudogene	0	0	0	0.0000	0.0000	0.0000
ENSG00000259467.1	NDUFAF4P1	processed_pseudogene	1	1	0	0.1093	0.0271	0.0293
ENSG00000259468.1	AC079203.2	lncRNA	0	30	33	0.0000	0.0000	0.0000
ENSG00000259469.1	AC084757.2	lncRNA	1	0	1	0.1050	0.0260	0.0282
ENSG00000259470.2	KRT8P9	processed_pseudogene	6	3	3	0.2348	0.0582	0.0630
ENSG00000259471.1	LINC01169	lncRNA	0	0	0	0.0000	0.0000	0.0000
ENSG00000259473.1	LINC02205	lncRNA	0	0	0	0.0000	0.0000	0.0000
ENSG00000259474.1	AC027228.1	lncRNA	1	0	1	0.1745	0.0433	0.0468
ENSG00000259475.1	AC036108.1	lncRNA	4	3	4	0.3858	0.0957	0.1034
ENSG00000259476.1	AC018904.2	lncRNA	0	0	0	0.0000	0.0000	0.0000
ENSG00000259477.1	AC012653.1	processed_pseudogene	0	0	0	0.0000	0.0000	0.0000
ENSG00000259478.2	AC024651.1	lncRNA	0	0	0	0.0000	0.0000	0.0000
ENSG00000259479.6	SORD2P	transcribed_unprocessed_pseudogene	513	332	301	9.9461	2.4665	2.6669
ENSG00000259481.1	AC012404.1	lncRNA	1	1	0	0.1191	0.0295	0.0319
ENSG00000259482.2	RORA-AS2	lncRNA	0	0	0	0.0000	0.0000	0.0000
ENSG00000259483.1	AL355073.1	lncRNA	1	1	0	0.1097	0.0272	0.0294
ENSG00000259485.2	LINC02253	lncRNA	0	0	0	0.0000	0.0000	0.0000
ENSG00000259488.2	AC023355.1	lncRNA	23	90	79	0.2769	0.0687	0.0743
ENSG00000259489.2	KRT18P47	processed_pseudogene	1	1	0	0.0580	0.0144	0.0156
ENSG00000259490.2	IGHV3OR15-7	IG_V_gene	1	1	0	0.1580	0.0392	0.0424
ENSG00000259493.2	TFDP1P3	processed_pseudogene	0	0	0	0.0000	0.0000	0.0000
ENSG00000259494.2	MRPL46	protein_coding	106	46	60	0.9390	0.2329	0.2518
ENSG00000259495.3	AC016705.2	lncRNA	537	266	271	3.7741	0.9359	1.0120
ENSG00000259496.2	GEMIN8P1	processed_pseudogene	1	0	1	0.0776	0.0192	0.0208
ENSG00000259498.1	TPM1-AS	lncRNA	5	170	193	0.0845	0.0210	0.0227
ENSG00000259499.1	AC090519.1	lncRNA	1	1	0	0.0866	0.0215	0.0232
ENSG00000259500.1	KRT8P24	processed_pseudogene	4	4	0	0.1455	0.0361	0.0390
ENSG00000259502.1	AL132640.1	processed_pseudogene	2	0	2	0.1832	0.0454	0.0491
ENSG00000259503.1	AC048383.1	lncRNA	1	1	0	0.1076	0.0267	0.0289
ENSG00000259504.2	AC026992.1	lncRNA	0	1	0	0.0000	0.0000	0.0000
ENSG00000259505.1	AC009268.1	processed_pseudogene	1	1	0	0.0471	0.0117	0.0126
ENSG00000259507.1	AC103968.1	processed_pseudogene	0	0	0	0.0000	0.0000	0.0000
ENSG00000259508.1	AL132801.1	lncRNA	0	0	0	0.0000	0.0000	0.0000
ENSG00000259509.2	AC073941.2	processed_pseudogene	0	0	0	0.0000	0.0000	0.0000
ENSG00000259511.3	UBE2Q2L	transcribed_unprocessed_pseudogene	3	3	0	0.1247	0.0309	0.0334
ENSG00000259512.3	HNRNPA1P5	processed_pseudogene	0	0	0	0.0000	0.0000	0.0000
ENSG00000259513.1	CYCSP38	transcribed_processed_pseudogene	1	0	1	0.1761	0.0437	0.0472
ENSG00000259514.1	AC027243.1	lncRNA	0	0	3	0.0000	0.0000	0.0000
ENSG00000259515.1	AL117209.1	lncRNA	5	245	260	0.3425	0.0849	0.0918
ENSG00000259516.2	ANP32AP1	transcribed_processed_pseudogene	0	0	0	0.0000	0.0000	0.0000
ENSG00000259517.3	LINC02169	lncRNA	0	0	0	0.0000	0.0000	0.0000
ENSG00000259518.2	LINC01583	lncRNA	13	6	7	0.2716	0.0674	0.0728
ENSG00000259519.1	AC051619.3	lncRNA	2	3	0	0.3884	0.0963	0.1041
ENSG00000259520.6	AC051619.4	lncRNA	34	18	21	0.4494	0.1115	0.1205
ENSG00000259521.1	INO80-AS1	lncRNA	0	86	82	0.0000	0.0000	0.0000
ENSG00000259522.3	AL136295.4	protein_coding	0	0	1	0.0000	0.0000	0.0000
ENSG00000259523.1	AC022613.2	lncRNA	24	11	13	0.9380	0.2326	0.2515
ENSG00000259525.1	GCSHP2	processed_pseudogene	0	0	0	0.0000	0.0000	0.0000
ENSG00000259527.2	LINC00052	lncRNA	5341	2602	2740	154.0631	38.2061	41.3094
ENSG00000259528.1	AC068397.1	lncRNA	2	0	2	0.2136	0.0530	0.0573
ENSG00000259529.2	AL136295.5	protein_coding	7	3	4	0.0712	0.0177	0.0191
ENSG00000259530.1	AC104574.1	lncRNA	0	0	0	0.0000	0.0000	0.0000
ENSG00000259531.2	AC022306.1	processed_pseudogene	3	3	0	0.1089	0.0270	0.0292
ENSG00000259532.1	AC009269.2	lncRNA	3	2	1	0.3604	0.0894	0.0966
ENSG00000259533.2	AC040958.1	unprocessed_pseudogene	0	0	0	0.0000	0.0000	0.0000
ENSG00000259534.1	AC087477.4	lncRNA	0	0	0	0.0000	0.0000	0.0000
ENSG00000259535.1	RPL21P12	processed_pseudogene	1	1	0	0.1101	0.0273	0.0295
ENSG00000259536.5	AC091045.1	lncRNA	7	476	495	0.1710	0.0424	0.0459
ENSG00000259538.1	UBE2Q2P11	transcribed_unprocessed_pseudogene	0	0	0	0.0000	0.0000	0.0000
ENSG00000259539.1	AC051619.5	lncRNA	0	7	3	0.0000	0.0000	0.0000
ENSG00000259540.1	AC027020.1	lncRNA	5	4	3	0.4487	0.1113	0.1203
ENSG00000259541.5	AP001150.1	lncRNA	0	0	0	0.0000	0.0000	0.0000
ENSG00000259542.5	AC087477.5	lncRNA	0	1	2	0.0000	0.0000	0.0000
ENSG00000259543.1	AC060809.1	lncRNA	0	0	0	0.0000	0.0000	0.0000
ENSG00000259544.1	AC021739.3	lncRNA	2	306	313	0.1993	0.0494	0.0534
ENSG00000259545.2	AC013452.1	processed_pseudogene	1	0	1	0.0948	0.0235	0.0254
ENSG00000259546.1	AC027808.1	lncRNA	0	0	0	0.0000	0.0000	0.0000
ENSG00000259547.1	CYCSP2	processed_pseudogene	0	0	0	0.0000	0.0000	0.0000
ENSG00000259548.1	AC021483.1	lncRNA	2	1	1	0.2104	0.0522	0.0564
ENSG00000259550.2	HNRNPA1P74	processed_pseudogene	0	0	0	0.0000	0.0000	0.0000
ENSG00000259551.1	AC048382.4	lncRNA	0	0	0	0.0000	0.0000	0.0000
ENSG00000259553.6	AC140725.1	lncRNA	1	0	1	0.0364	0.0090	0.0098
ENSG00000259554.1	AC084882.1	lncRNA	0	0	0	0.0000	0.0000	0.0000
ENSG00000259555.1	AC067863.1	lncRNA	0	0	0	0.0000	0.0000	0.0000
ENSG00000259556.2	AC090971.3	unprocessed_pseudogene	14	5	9	0.7627	0.1891	0.2045
ENSG00000259557.2	HMGN1P26	processed_pseudogene	0	0	0	0.0000	0.0000	0.0000
ENSG00000259558.1	MESTP2	processed_pseudogene	0	0	0	0.0000	0.0000	0.0000
ENSG00000259560.2	AC020687.1	lncRNA	1	1	0	0.0367	0.0091	0.0098
ENSG00000259561.1	AC079075.1	lncRNA	4	3	1	0.5052	0.1253	0.1355
ENSG00000259562.2	AC090607.2	transcribed_processed_pseudogene	28	11	17	2.2847	0.5666	0.6126
ENSG00000259563.1	AC025430.1	lncRNA	2	1	1	0.2278	0.0565	0.0611
ENSG00000259564.2	AC009554.1	lncRNA	1	96	66	0.0506	0.0125	0.0136
ENSG00000259565.2	KRT8P23	processed_pseudogene	1	1	0	0.0470	0.0117	0.0126
ENSG00000259569.2	AC013489.2	processed_pseudogene	0	0	0	0.0000	0.0000	0.0000
ENSG00000259570.1	AC243562.1	unprocessed_pseudogene	14	9	5	2.0410	0.5061	0.5473
ENSG00000259571.2	BLID	protein_coding	0	0	0	0.0000	0.0000	0.0000
ENSG00000259572.7	LINC01491	lncRNA	1	1	0	0.0295	0.0073	0.0079
ENSG00000259573.1	NMNAT1P5	processed_pseudogene	0	0	0	0.0000	0.0000	0.0000
ENSG00000259575.1	AC012404.2	lncRNA	3	2	1	0.3537	0.0877	0.0948
ENSG00000259577.2	CERNA1	lncRNA	35	197	213	0.6143	0.1523	0.1647
ENSG00000259579.1	AC087762.1	lncRNA	3	0	3	0.2646	0.0656	0.0709
ENSG00000259580.1	AC023908.2	lncRNA	0	0	0	0.0000	0.0000	0.0000
ENSG00000259581.3	TYRO3P	processed_pseudogene	0	0	0	0.0000	0.0000	0.0000
ENSG00000259582.4	AC026523.1	lncRNA	0	0	0	0.0000	0.0000	0.0000
ENSG00000259583.3	AC015712.2	lncRNA	88	245	279	0.6482	0.1607	0.1738
ENSG00000259584.1	AC021755.2	lncRNA	1	2	2	0.0656	0.0163	0.0176
ENSG00000259585.2	RBM17P4	processed_pseudogene	2	1	1	0.0952	0.0236	0.0255
ENSG00000259586.1	AC015712.3	processed_pseudogene	0	0	0	0.0000	0.0000	0.0000
ENSG00000259587.3	AC114546.2	lncRNA	1	1	0	0.0515	0.0128	0.0138
ENSG00000259588.1	AC012050.1	lncRNA	0	0	0	0.0000	0.0000	0.0000
ENSG00000259589.2	AC073167.1	lncRNA	0	185	219	0.0000	0.0000	0.0000
ENSG00000259590.1	LINC02244	lncRNA	1	0	1	0.1756	0.0435	0.0471
ENSG00000259591.2	AC022898.1	lncRNA	0	0	0	0.0000	0.0000	0.0000
ENSG00000259592.1	PRELID1P4	processed_pseudogene	4	3	1	0.4430	0.1099	0.1188
ENSG00000259593.1	MTND5P40	processed_pseudogene	0	0	0	0.0000	0.0000	0.0000
ENSG00000259594.6	AC023034.1	lncRNA	0	0	0	0.0000	0.0000	0.0000
ENSG00000259595.1	AC025043.1	lncRNA	1	1672	1764	0.0907	0.0225	0.0243
ENSG00000259598.1	AC116158.2	lncRNA	3	2	1	0.3076	0.0763	0.0825
ENSG00000259600.2	AC066616.2	processed_pseudogene	0	0	0	0.0000	0.0000	0.0000
ENSG00000259601.2	AC092079.1	processed_pseudogene	0	0	0	0.0000	0.0000	0.0000
ENSG00000259602.1	AC091073.1	lncRNA	0	0	0	0.0000	0.0000	0.0000
ENSG00000259603.1	AC016595.1	lncRNA	0	11	4	0.0000	0.0000	0.0000
ENSG00000259604.5	AC015712.4	lncRNA	0	0	0	0.0000	0.0000	0.0000
ENSG00000259605.3	AC074212.1	lncRNA	5	434	453	0.1091	0.0270	0.0292
ENSG00000259607.1	AC108449.3	lncRNA	0	183	199	0.0000	0.0000	0.0000
ENSG00000259608.1	AC104229.1	processed_pseudogene	0	0	0	0.0000	0.0000	0.0000
ENSG00000259609.1	AC027807.1	unprocessed_pseudogene	0	0	0	0.0000	0.0000	0.0000
ENSG00000259611.2	LINC01582	lncRNA	0	0	0	0.0000	0.0000	0.0000
ENSG00000259612.1	EEF1A1P22	processed_pseudogene	15	5	10	0.6164	0.1529	0.1653
ENSG00000259614.2	TUBAP12	processed_pseudogene	0	0	0	0.0000	0.0000	0.0000
ENSG00000259615.1	AC013391.1	lncRNA	1	1	1	0.1236	0.0306	0.0331
ENSG00000259616.2	AC104574.2	lncRNA	3	2	1	0.0857	0.0213	0.0230
ENSG00000259617.1	AC020661.3	lncRNA	0	0	0	0.0000	0.0000	0.0000
ENSG00000259619.2	AC010867.1	processed_pseudogene	0	0	0	0.0000	0.0000	0.0000
ENSG00000259620.1	AC016987.1	lncRNA	0	0	0	0.0000	0.0000	0.0000
ENSG00000259621.1	AC069029.1	lncRNA	1	1	0	0.2156	0.0535	0.0578
ENSG00000259622.1	AC026956.1	processed_pseudogene	0	0	0	0.0000	0.0000	0.0000
ENSG00000259623.1	AC125257.1	lncRNA	0	0	0	0.0000	0.0000	0.0000
ENSG00000259624.1	AC009269.3	lncRNA	0	0	0	0.0000	0.0000	0.0000
ENSG00000259626.2	MTND3P12	processed_pseudogene	0	0	0	0.0000	0.0000	0.0000
ENSG00000259627.1	AC079328.2	lncRNA	0	2777	2857	0.0000	0.0000	0.0000
ENSG00000259628.1	AC007000.3	lncRNA	0	0	1	0.0000	0.0000	0.0000
ENSG00000259630.2	FABP5P9	transcribed_processed_pseudogene	4	1	3	0.5587	0.1386	0.1498
ENSG00000259631.1	AC104316.2	lncRNA	1	1	0	0.1740	0.0431	0.0466
ENSG00000259632.2	AC090971.4	processed_pseudogene	3	3	0	0.0945	0.0234	0.0253
ENSG00000259633.1	UBE2Q2P8	unprocessed_pseudogene	0	0	0	0.0000	0.0000	0.0000
ENSG00000259635.1	AC100830.1	lncRNA	5	2	3	0.1762	0.0437	0.0473
ENSG00000259636.1	AC016987.2	lncRNA	0	0	0	0.0000	0.0000	0.0000
ENSG00000259637.1	DNM1P38	unprocessed_pseudogene	1	1	0	0.1310	0.0325	0.0351
ENSG00000259639.6	AC021351.1	lncRNA	0	0	0	0.0000	0.0000	0.0000
ENSG00000259642.2	ST20-AS1	lncRNA	70	58	77	0.9400	0.2331	0.2521
ENSG00000259644.1	AC022613.3	lncRNA	2	0	2	0.0843	0.0209	0.0226
ENSG00000259645.1	AC027237.4	lncRNA	3	2	1	0.2451	0.0608	0.0657
ENSG00000259646.1	AC140725.2	unprocessed_pseudogene	0	0	0	0.0000	0.0000	0.0000
ENSG00000259647.1	AC111152.2	lncRNA	2	1	2	0.2339	0.0580	0.0627
ENSG00000259648.1	AL132640.2	transcribed_processed_pseudogene	1	0	1	0.0334	0.0083	0.0090
ENSG00000259649.4	AC027808.2	lncRNA	4	1	3	0.3049	0.0756	0.0818
ENSG00000259650.1	AC068397.2	lncRNA	0	0	0	0.0000	0.0000	0.0000
ENSG00000259651.2	MTCO3P23	processed_pseudogene	0	0	0	0.0000	0.0000	0.0000
ENSG00000259652.1	AC090181.1	lncRNA	0	24	24	0.0000	0.0000	0.0000
ENSG00000259654.1	AC115102.1	lncRNA	1	0	1	0.1164	0.0289	0.0312
ENSG00000259655.1	AC090825.2	unprocessed_pseudogene	0	0	3	0.0000	0.0000	0.0000
ENSG00000259656.1	AC013452.2	lncRNA	1	1	0	0.0763	0.0189	0.0205
ENSG00000259657.1	PIGHP1	processed_pseudogene	2	2	2	0.2007	0.0498	0.0538
ENSG00000259658.5	AC027559.1	transcribed_unprocessed_pseudogene	10	4	6	0.5846	0.1450	0.1568
ENSG00000259659.1	AC009996.1	lncRNA	4	1	3	0.3474	0.0861	0.0931
ENSG00000259660.2	DNM1P47	transcribed_unprocessed_pseudogene	3	2	4	0.0111	0.0028	0.0030
ENSG00000259661.1	AC068831.3	lncRNA	0	431	394	0.0000	0.0000	0.0000
ENSG00000259663.2	AC010478.1	lncRNA	14	7	7	0.1110	0.0275	0.0298
ENSG00000259664.3	LINC02254	lncRNA	0	0	0	0.0000	0.0000	0.0000
ENSG00000259665.1	AC021231.3	processed_pseudogene	4	3	2	0.6131	0.1520	0.1644
ENSG00000259666.3	LINGO1-AS1	lncRNA	2	0	2	0.0415	0.0103	0.0111
ENSG00000259668.6	AC066613.1	lncRNA	27	110	121	0.4667	0.1157	0.1251
ENSG00000259669.6	AC084759.2	lncRNA	0	0	0	0.0000	0.0000	0.0000
ENSG00000259670.1	AC012379.1	lncRNA	0	10	8	0.0000	0.0000	0.0000
ENSG00000259671.1	MTCYBP23	processed_pseudogene	0	0	0	0.0000	0.0000	0.0000
ENSG00000259672.3	AC087612.1	lncRNA	1	1	0	0.0278	0.0069	0.0075
ENSG00000259673.6	IQCH-AS1	lncRNA	907	585	622	4.4518	1.1040	1.1937
ENSG00000259674.1	AC092868.1	processed_pseudogene	0	0	0	0.0000	0.0000	0.0000
ENSG00000259675.2	AC018618.1	lncRNA	2	1	1	0.1083	0.0269	0.0290
ENSG00000259676.1	AC103982.1	lncRNA	1	0	1	0.0993	0.0246	0.0266
ENSG00000259677.1	AC027176.2	processed_pseudogene	4	3	3	0.3041	0.0754	0.0815
ENSG00000259678.1	AC066613.2	lncRNA	0	138	135	0.0000	0.0000	0.0000
ENSG00000259680.5	AC136428.1	protein_coding	4	1	3	0.6500	0.1612	0.1743
ENSG00000259681.1	AC090527.1	lncRNA	0	0	0	0.0000	0.0000	0.0000
ENSG00000259682.1	AC091231.1	lncRNA	0	0	0	0.0000	0.0000	0.0000
ENSG00000259683.1	AC243562.2	unprocessed_pseudogene	40	18	22	2.3386	0.5799	0.6270
ENSG00000259684.1	AC084756.1	lncRNA	0	129	165	0.0000	0.0000	0.0000
ENSG00000259685.3	IDH2-DT	lncRNA	0	0	0	0.0000	0.0000	0.0000
ENSG00000259686.1	HNRNPA1P71	processed_pseudogene	0	0	0	0.0000	0.0000	0.0000
ENSG00000259687.2	LINC01220	lncRNA	29	18	11	0.8310	0.2061	0.2228
ENSG00000259688.1	AC019288.1	processed_pseudogene	0	0	0	0.0000	0.0000	0.0000
ENSG00000259690.1	AC107980.1	lncRNA	0	0	0	0.0000	0.0000	0.0000
ENSG00000259691.2	FKBP1AP2	processed_pseudogene	0	0	0	0.0000	0.0000	0.0000
ENSG00000259692.6	AC104041.1	lncRNA	0	0	0	0.0000	0.0000	0.0000
ENSG00000259694.1	AC136698.1	lncRNA	0	0	0	0.0000	0.0000	0.0000
ENSG00000259695.2	AC090164.1	processed_pseudogene	0	0	0	0.0000	0.0000	0.0000
ENSG00000259696.2	AC104759.1	processed_pseudogene	0	0	0	0.0000	0.0000	0.0000
ENSG00000259697.2	AC126323.2	lncRNA	0	0	0	0.0000	0.0000	0.0000
ENSG00000259698.1	FAM30C	unprocessed_pseudogene	0	0	0	0.0000	0.0000	0.0000
ENSG00000259699.2	HMGB1P8	processed_pseudogene	4	3	1	0.2390	0.0593	0.0641
ENSG00000259700.3	AC012379.2	lncRNA	0	2	4	0.0000	0.0000	0.0000
ENSG00000259701.1	AC020891.3	lncRNA	0	0	0	0.0000	0.0000	0.0000
ENSG00000259702.3	AC024337.1	lncRNA	11	2	9	0.3815	0.0946	0.1023
ENSG00000259704.2	AC124248.1	lncRNA	1	1	0	0.0419	0.0104	0.0112
ENSG00000259705.1	AC084757.3	lncRNA	21	8	13	0.6129	0.1520	0.1643
ENSG00000259706.1	HSP90B2P	processed_pseudogene	11	6	5	0.2617	0.0649	0.0702
ENSG00000259707.1	AC105339.4	processed_pseudogene	6	5	2	0.5350	0.1327	0.1435
ENSG00000259708.1	AC090607.3	lncRNA	0	0	0	0.0000	0.0000	0.0000
ENSG00000259709.1	AC023906.4	lncRNA	4	214	183	0.1475	0.0366	0.0395
ENSG00000259710.1	NUTF2P6	processed_pseudogene	1	0	1	0.1473	0.0365	0.0395
ENSG00000259711.1	AC106738.1	lncRNA	13	3	10	2.0536	0.5093	0.5506
ENSG00000259712.1	AC023906.5	lncRNA	6	4	2	0.5358	0.1329	0.1437
ENSG00000259713.1	AC013391.2	lncRNA	0	0	1	0.0000	0.0000	0.0000
ENSG00000259715.1	AC022087.1	lncRNA	0	17	28	0.0000	0.0000	0.0000
ENSG00000259717.1	LINC00677	lncRNA	4	2	2	0.3884	0.0963	0.1041
ENSG00000259719.6	LINC02284	lncRNA	3	2	1	0.0378	0.0094	0.0101
ENSG00000259720.2	AC009562.1	lncRNA	2	1	1	0.0531	0.0132	0.0143
ENSG00000259721.1	AC090877.2	lncRNA	8	113	90	0.2610	0.0647	0.0700
ENSG00000259722.2	AC087465.1	processed_pseudogene	0	0	0	0.0000	0.0000	0.0000
ENSG00000259723.1	AL354993.2	lncRNA	0	0	0	0.0000	0.0000	0.0000
ENSG00000259724.2	LINC01581	lncRNA	0	0	0	0.0000	0.0000	0.0000
ENSG00000259725.1	AC106738.2	lncRNA	45	26	19	3.2801	0.8134	0.8795
ENSG00000259726.1	CSPG4P11	transcribed_unprocessed_pseudogene	0	0	0	0.0000	0.0000	0.0000
ENSG00000259727.1	AC103740.2	lncRNA	11	6	5	0.5092	0.1263	0.1365
ENSG00000259728.5	LINC00933	transcribed_unprocessed_pseudogene	26	22	15	0.4915	0.1219	0.1318
ENSG00000259730.1	AC092078.1	lncRNA	0	0	0	0.0000	0.0000	0.0000
ENSG00000259731.2	AC022929.1	lncRNA	0	0	0	0.0000	0.0000	0.0000
ENSG00000259732.1	AC092757.2	lncRNA	7	7	5	0.6271	0.1555	0.1682
ENSG00000259734.1	AC012229.1	lncRNA	0	0	0	0.0000	0.0000	0.0000
ENSG00000259735.1	AC092868.2	lncRNA	1	1	0	0.1141	0.0283	0.0306
ENSG00000259736.1	CRTC3-AS1	lncRNA	22	142	118	1.3037	0.3233	0.3496
ENSG00000259737.7	AC087516.2	lncRNA	0	0	0	0.0000	0.0000	0.0000
ENSG00000259738.1	ZNF444P1	processed_pseudogene	0	0	0	0.0000	0.0000	0.0000
ENSG00000259740.1	AC009558.2	lncRNA	0	0	0	0.0000	0.0000	0.0000
ENSG00000259742.1	AC090888.3	unprocessed_pseudogene	0	0	0	0.0000	0.0000	0.0000
ENSG00000259743.2	AC068714.1	processed_pseudogene	0	0	0	0.0000	0.0000	0.0000
ENSG00000259744.1	AC009269.4	lncRNA	7	3	4	0.5258	0.1304	0.1410
ENSG00000259746.1	HSPE1P3	processed_pseudogene	9	5	4	1.6517	0.4096	0.4429
ENSG00000259749.1	NCAPGP2	unprocessed_pseudogene	0	0	1	0.0000	0.0000	0.0000
ENSG00000259750.1	NSA2P4	processed_pseudogene	1	0	1	0.0723	0.0179	0.0194
ENSG00000259751.1	TUBAP11	processed_pseudogene	2	0	2	0.0901	0.0223	0.0242
ENSG00000259753.1	AC068234.1	protein_coding	0	0	0	0.0000	0.0000	0.0000
ENSG00000259754.2	AC092078.2	lncRNA	0	0	0	0.0000	0.0000	0.0000
ENSG00000259755.1	AC090907.2	lncRNA	1	29	28	0.0788	0.0195	0.0211
ENSG00000259756.1	AC100839.1	lncRNA	0	0	0	0.0000	0.0000	0.0000
ENSG00000259757.1	AC091891.1	lncRNA	0	0	0	0.0000	0.0000	0.0000
ENSG00000259759.1	AC007907.1	lncRNA	0	0	0	0.0000	0.0000	0.0000
ENSG00000259760.1	AC015660.2	lncRNA	2	2	0	0.5728	0.1421	0.1536
ENSG00000259761.2	AC078905.1	lncRNA	1	0	1	0.0708	0.0176	0.0190
ENSG00000259762.1	AC021739.4	lncRNA	7	3	4	0.8036	0.1993	0.2155
ENSG00000259763.2	LINC02157	lncRNA	0	0	0	0.0000	0.0000	0.0000
ENSG00000259764.1	PCSK6-AS1	lncRNA	3	3	0	0.2662	0.0660	0.0714
ENSG00000259767.1	AC022558.1	lncRNA	9	2	7	1.1242	0.2788	0.3014
ENSG00000259768.6	AC004943.2	lncRNA	253	324	301	2.0424	0.5065	0.5476
ENSG00000259769.1	AC127381.1	processed_pseudogene	0	0	0	0.0000	0.0000	0.0000
ENSG00000259770.2	AC015871.1	processed_pseudogene	0	0	0	0.0000	0.0000	0.0000
ENSG00000259771.1	AC092756.1	lncRNA	1	1	0	0.1266	0.0314	0.0339
ENSG00000259772.6	AC012236.1	lncRNA	13	7	6	0.4717	0.1170	0.1265
ENSG00000259773.1	AC012100.2	lncRNA	0	135	139	0.0000	0.0000	0.0000
ENSG00000259774.1	AC243562.3	lncRNA	3	2	1	0.1404	0.0348	0.0376
ENSG00000259775.1	AL138976.2	lncRNA	52	25	27	4.2492	1.0537	1.1393
ENSG00000259776.1	AC093426.1	lncRNA	0	0	0	0.0000	0.0000	0.0000
ENSG00000259779.1	LINC01922	lncRNA	0	0	0	0.0000	0.0000	0.0000
ENSG00000259780.3	AC009065.1	lncRNA	0	16	28	0.0000	0.0000	0.0000
ENSG00000259781.1	HMGB1P6	processed_pseudogene	888	448	440	77.9543	19.3319	20.9021
ENSG00000259782.2	AC008915.1	lncRNA	3	2	1	0.2033	0.0504	0.0545
ENSG00000259783.6	LINC02259	lncRNA	1	2	0	0.0890	0.0221	0.0239
ENSG00000259784.1	AC093525.1	protein_coding	0	0	0	0.0000	0.0000	0.0000
ENSG00000259786.7	LINC02109	lncRNA	5	4	1	0.0497	0.0123	0.0133
ENSG00000259788.1	AL596325.1	lncRNA	2	1	1	0.1048	0.0260	0.0281
ENSG00000259789.2	AL096869.3	lncRNA	0	0	0	0.0000	0.0000	0.0000
ENSG00000259790.1	ANP32BP1	transcribed_processed_pseudogene	2	1	1	0.0874	0.0217	0.0234
ENSG00000259791.1	AC092325.1	lncRNA	0	0	0	0.0000	0.0000	0.0000
ENSG00000259792.1	AC104758.1	lncRNA	6	133	137	0.7045	0.1747	0.1889
ENSG00000259793.1	AC013726.1	lncRNA	94	42	52	2.3329	0.5785	0.6255
ENSG00000259797.1	AC020978.1	lncRNA	2	0	2	0.2650	0.0657	0.0711
ENSG00000259798.1	AC138625.1	lncRNA	1	0	1	0.1174	0.0291	0.0315
ENSG00000259800.1	AC145350.1	processed_pseudogene	0	0	0	0.0000	0.0000	0.0000
ENSG00000259802.1	AC012640.2	lncRNA	238	117	121	14.9800	3.7149	4.0166
ENSG00000259803.7	SLC22A31	protein_coding	3	1	2	0.0643	0.0159	0.0172
ENSG00000259804.1	AC027682.1	lncRNA	2	1	1	0.1262	0.0313	0.0338
ENSG00000259805.1	AC022558.2	lncRNA	0	0	0	0.0000	0.0000	0.0000
ENSG00000259807.2	AC009093.1	lncRNA	301	189	215	3.5771	0.8871	0.9591
ENSG00000259810.2	AC002519.1	lncRNA	5	3	2	0.1016	0.0252	0.0272
ENSG00000259813.1	AC138028.3	lncRNA	0	78	67	0.0000	0.0000	0.0000
ENSG00000259814.1	AC102941.1	lncRNA	0	0	0	0.0000	0.0000	0.0000
ENSG00000259815.1	LINC02769	lncRNA	0	0	0	0.0000	0.0000	0.0000
ENSG00000259817.3	AC087565.1	lncRNA	0	0	0	0.0000	0.0000	0.0000
ENSG00000259818.1	AL606760.3	lncRNA	0	0	0	0.0000	0.0000	0.0000
ENSG00000259819.1	AC018767.1	lncRNA	0	0	0	0.0000	0.0000	0.0000
ENSG00000259820.1	AC083843.2	lncRNA	333	181	152	3.0201	0.7489	0.8098
ENSG00000259821.1	AC018845.1	lncRNA	0	0	0	0.0000	0.0000	0.0000
ENSG00000259822.2	AC140878.1	processed_pseudogene	0	0	0	0.0000	0.0000	0.0000
ENSG00000259823.6	LYPD8	protein_coding	0	0	0	0.0000	0.0000	0.0000
ENSG00000259826.1	AC072061.1	lncRNA	85	45	40	2.1577	0.5351	0.5786
ENSG00000259827.1	AC026461.1	lncRNA	0	0	0	0.0000	0.0000	0.0000
ENSG00000259828.1	AL355596.1	lncRNA	0	0	0	0.0000	0.0000	0.0000
ENSG00000259831.1	LINC00567	lncRNA	6	3	3	0.0998	0.0248	0.0268
ENSG00000259832.1	CYP4A26P	unprocessed_pseudogene	0	0	0	0.0000	0.0000	0.0000
ENSG00000259833.5	AC138625.2	lncRNA	0	0	0	0.0000	0.0000	0.0000
ENSG00000259834.1	AL365361.1	lncRNA	89	48	41	1.4499	0.3596	0.3888
ENSG00000259836.1	AGGF1P6	processed_pseudogene	0	0	0	0.0000	0.0000	0.0000
ENSG00000259837.1	LINC01904	lncRNA	0	0	0	0.0000	0.0000	0.0000
ENSG00000259838.1	ELOCP2	unprocessed_pseudogene	1	0	1	0.1708	0.0424	0.0458
ENSG00000259840.1	Z97653.1	lncRNA	11	6	5	1.3987	0.3469	0.3750
ENSG00000259841.6	LINC01566	lncRNA	0	0	0	0.0000	0.0000	0.0000
ENSG00000259842.2	IGHV3OR16-16	unprocessed_pseudogene	0	0	0	0.0000	0.0000	0.0000
ENSG00000259843.2	AC007610.1	lncRNA	0	6	10	0.0000	0.0000	0.0000
ENSG00000259844.2	GNPATP	processed_pseudogene	0	0	0	0.0000	0.0000	0.0000
ENSG00000259845.1	HERC2P10	unprocessed_pseudogene	12	8	4	0.2844	0.0705	0.0763
ENSG00000259846.1	AC092131.1	lncRNA	8	4	4	0.8279	0.2053	0.2220
ENSG00000259847.2	LINC02126	lncRNA	23	13	10	0.8172	0.2027	0.2191
ENSG00000259848.9	AC097374.1	transcribed_unprocessed_pseudogene	0	0	1	0.0000	0.0000	0.0000
ENSG00000259849.2	VENTXP1	transcribed_processed_pseudogene	0	0	0	0.0000	0.0000	0.0000
ENSG00000259852.2	IGHV1OR16-2	IG_V_pseudogene	0	0	0	0.0000	0.0000	0.0000
ENSG00000259854.1	AP005233.1	lncRNA	2	2	0	0.0468	0.0116	0.0125
ENSG00000259855.1	AC007749.1	lncRNA	0	0	0	0.0000	0.0000	0.0000
ENSG00000259856.1	RAB43P1	processed_pseudogene	35	11	24	3.3699	0.8357	0.9036
ENSG00000259861.1	AC010266.1	lncRNA	0	0	0	0.0000	0.0000	0.0000
ENSG00000259862.1	AC026336.2	lncRNA	0	0	0	0.0000	0.0000	0.0000
ENSG00000259863.1	SH3RF3-AS1	lncRNA	25	11	14	0.8839	0.2192	0.2370
ENSG00000259864.1	AC018846.1	processed_pseudogene	0	0	0	0.0000	0.0000	0.0000
ENSG00000259865.1	AL390728.6	lncRNA	215	115	100	9.7854	2.4267	2.6238
ENSG00000259866.1	AC007599.1	processed_pseudogene	0	0	1	0.0000	0.0000	0.0000
ENSG00000259867.6	AC105411.1	lncRNA	2	4	4	0.0154	0.0038	0.0041
ENSG00000259868.3	AL163952.1	lncRNA	12	4	8	0.1374	0.0341	0.0368
ENSG00000259869.2	AL022344.1	lncRNA	13	5	8	0.2363	0.0586	0.0634
ENSG00000259870.1	AC024651.2	lncRNA	0	0	0	0.0000	0.0000	0.0000
ENSG00000259871.1	AC130456.1	lncRNA	2	1	1	0.0832	0.0206	0.0223
ENSG00000259873.1	AC009117.1	processed_pseudogene	0	0	0	0.0000	0.0000	0.0000
ENSG00000259874.1	AC034105.2	processed_pseudogene	0	0	0	0.0000	0.0000	0.0000
ENSG00000259876.1	AC010333.1	lncRNA	7	3	4	0.7051	0.1749	0.1891
ENSG00000259877.2	AC009113.1	lncRNA	232	125	107	5.3855	1.3355	1.4440
ENSG00000259878.1	AC126323.3	lncRNA	0	0	0	0.0000	0.0000	0.0000
ENSG00000259881.1	AC092384.2	lncRNA	2	4	4	0.0371	0.0092	0.0099
ENSG00000259882.2	AC142384.1	unprocessed_pseudogene	0	0	0	0.0000	0.0000	0.0000
ENSG00000259883.2	EHD4-AS1	lncRNA	6	4	2	0.2898	0.0719	0.0777
ENSG00000259884.1	NR4A1AS	lncRNA	23	326	318	1.4255	0.3535	0.3822
ENSG00000259887.1	FIGNL2-DT	lncRNA	1	2	0	0.1328	0.0329	0.0356
ENSG00000259889.1	AC093802.2	lncRNA	0	0	0	0.0000	0.0000	0.0000
ENSG00000259890.1	DNM1P50	unprocessed_pseudogene	0	0	0	0.0000	0.0000	0.0000
ENSG00000259891.1	AC107375.1	lncRNA	244	130	114	6.2023	1.5381	1.6630
ENSG00000259892.1	AC027139.1	unprocessed_pseudogene	0	0	0	0.0000	0.0000	0.0000
ENSG00000259895.1	AC106820.2	lncRNA	19	14	9	0.3301	0.0819	0.0885
ENSG00000259897.2	FRG2JP	unprocessed_pseudogene	0	0	0	0.0000	0.0000	0.0000
ENSG00000259899.1	AC010333.2	lncRNA	3	1	3	0.2437	0.0604	0.0654
ENSG00000259900.5	AC026464.1	protein_coding	0	0	0	0.0000	0.0000	0.0000
ENSG00000259904.1	ACTG1P15	processed_pseudogene	9	4	5	0.4801	0.1191	0.1287
ENSG00000259905.7	PWRN1	lncRNA	0	0	0	0.0000	0.0000	0.0000
ENSG00000259906.1	AC120045.1	lncRNA	0	0	0	0.0000	0.0000	0.0000
ENSG00000259907.1	AC004817.2	lncRNA	1	0	1	0.0871	0.0216	0.0234
ENSG00000259909.1	AC100827.1	unprocessed_pseudogene	0	0	0	0.0000	0.0000	0.0000
ENSG00000259910.1	AC120498.1	lncRNA	0	0	0	0.0000	0.0000	0.0000
ENSG00000259912.1	AC023813.1	lncRNA	0	0	0	0.0000	0.0000	0.0000
ENSG00000259914.1	AC009063.1	lncRNA	0	0	0	0.0000	0.0000	0.0000
ENSG00000259915.2	AC017071.1	lncRNA	19	10	9	0.4889	0.1212	0.1311
ENSG00000259916.1	AL845331.1	protein_coding	0	0	0	0.0000	0.0000	0.0000
ENSG00000259917.1	HNRNPLP2	unprocessed_pseudogene	26	13	13	0.9391	0.2329	0.2518
ENSG00000259918.1	NDUFA5P11	processed_pseudogene	1	0	1	0.1653	0.0410	0.0443
ENSG00000259920.1	AC007938.1	lncRNA	7	4	3	0.1368	0.0339	0.0367
ENSG00000259921.1	AC022819.1	lncRNA	8	4	4	0.1160	0.0288	0.0311
ENSG00000259922.1	AC023825.1	processed_pseudogene	0	0	0	0.0000	0.0000	0.0000
ENSG00000259923.1	AC026461.2	lncRNA	0	0	0	0.0000	0.0000	0.0000
ENSG00000259924.1	AC011939.1	processed_pseudogene	3	1	2	0.1765	0.0438	0.0473
ENSG00000259925.1	AC130456.2	lncRNA	0	0	0	0.0000	0.0000	0.0000
ENSG00000259926.1	AC007342.1	lncRNA	1	0	1	0.0803	0.0199	0.0215
ENSG00000259928.1	AC011840.2	lncRNA	0	0	0	0.0000	0.0000	0.0000
ENSG00000259929.5	AC010601.1	lncRNA	0	1	0	0.0000	0.0000	0.0000
ENSG00000259931.2	AC105036.1	processed_pseudogene	0	0	0	0.0000	0.0000	0.0000
ENSG00000259932.1	AC051619.6	lncRNA	0	0	0	0.0000	0.0000	0.0000
ENSG00000259933.6	AC009065.2	lncRNA	12	91	73	0.9848	0.2442	0.2641
ENSG00000259934.1	AC142086.2	processed_pseudogene	0	0	0	0.0000	0.0000	0.0000
ENSG00000259935.1	AC009754.1	lncRNA	4	1	3	0.4201	0.1042	0.1126
ENSG00000259937.2	AC023158.1	lncRNA	29	15	14	1.6045	0.3979	0.4302
ENSG00000259939.1	AC022167.1	lncRNA	0	629	669	0.0000	0.0000	0.0000
ENSG00000259940.2	AC109449.1	lncRNA	15	40	41	0.5045	0.1251	0.1353
ENSG00000259941.1	AC084782.1	lncRNA	0	73	69	0.0000	0.0000	0.0000
ENSG00000259943.1	AL050341.2	lncRNA	477	229	248	17.5540	4.3532	4.7068
ENSG00000259944.1	CDRT7	lncRNA	0	0	0	0.0000	0.0000	0.0000
ENSG00000259945.1	AC027682.2	lncRNA	0	296	271	0.0000	0.0000	0.0000
ENSG00000259946.1	BX005019.1	lncRNA	0	0	0	0.0000	0.0000	0.0000
ENSG00000259947.1	LINC02124	lncRNA	0	0	0	0.0000	0.0000	0.0000
ENSG00000259948.2	AC124068.1	processed_pseudogene	0	888	939	0.0000	0.0000	0.0000
ENSG00000259950.1	AC034105.3	processed_pseudogene	1	0	1	0.1283	0.0318	0.0344
ENSG00000259952.1	AC009133.2	lncRNA	0	698	656	0.0000	0.0000	0.0000
ENSG00000259953.2	AL138756.1	lncRNA	355	173	182	2.8271	0.7011	0.7580
ENSG00000259954.1	IL21R-AS1	lncRNA	3	44	63	0.0651	0.0161	0.0174
ENSG00000259955.1	AC008741.1	lncRNA	0	60	66	0.0000	0.0000	0.0000
ENSG00000259956.2	RBM15B	protein_coding	4780	2781	2837	40.9230	10.1485	10.9728
ENSG00000259959.1	AC107068.1	lncRNA	223	107	116	2.9982	0.7435	0.8039
ENSG00000259961.1	AL354712.1	lncRNA	0	0	0	0.0000	0.0000	0.0000
ENSG00000259962.1	AC007342.2	unprocessed_pseudogene	0	0	0	0.0000	0.0000	0.0000
ENSG00000259963.1	AC007012.1	processed_pseudogene	0	0	0	0.0000	0.0000	0.0000
ENSG00000259964.7	THSD4-AS1	lncRNA	9	4	5	0.1109	0.0275	0.0297
ENSG00000259966.6	AC137800.1	transcribed_unprocessed_pseudogene	0	0	0	0.0000	0.0000	0.0000
ENSG00000259967.1	AC087761.1	lncRNA	1	0	1	0.1020	0.0253	0.0273
ENSG00000259968.3	AC093283.1	lncRNA	1	1	0	0.0528	0.0131	0.0141
ENSG00000259969.1	AL049838.1	lncRNA	45	25	20	2.6014	0.6451	0.6975
ENSG00000259970.1	AC099668.1	lncRNA	0	0	0	0.0000	0.0000	0.0000
ENSG00000259972.3	AC009120.2	lncRNA	231	1847	1657	2.9881	0.7410	0.8012
ENSG00000259974.3	LINC00261	lncRNA	0	0	0	0.0000	0.0000	0.0000
ENSG00000259976.3	AC093010.2	lncRNA	0	0	0	0.0000	0.0000	0.0000
ENSG00000259977.1	AL121578.1	lncRNA	19	15	4	1.5176	0.3763	0.4069
ENSG00000259978.1	MRPS21P8	processed_pseudogene	0	0	0	0.0000	0.0000	0.0000
ENSG00000259979.1	VN1R68P	processed_pseudogene	0	0	0	0.0000	0.0000	0.0000
ENSG00000259981.1	AF096876.1	lncRNA	0	0	0	0.0000	0.0000	0.0000
ENSG00000259982.1	CDC37P1	processed_pseudogene	0	0	0	0.0000	0.0000	0.0000
ENSG00000259983.1	AC018845.2	transcribed_processed_pseudogene	0	0	0	0.0000	0.0000	0.0000
ENSG00000259984.1	AL928711.1	unprocessed_pseudogene	2	0	2	0.2471	0.0613	0.0663
ENSG00000259985.1	AC017100.1	lncRNA	43	26	27	2.0860	0.5173	0.5593
ENSG00000259986.1	AC103876.1	lncRNA	0	0	0	0.0000	0.0000	0.0000
ENSG00000259987.1	DUX4L46	processed_pseudogene	0	0	0	0.0000	0.0000	0.0000
ENSG00000259989.1	AC135782.2	lncRNA	0	0	0	0.0000	0.0000	0.0000
ENSG00000259990.2	AC133561.2	unprocessed_pseudogene	0	0	0	0.0000	0.0000	0.0000
ENSG00000259992.1	AC025287.1	lncRNA	0	0	0	0.0000	0.0000	0.0000
ENSG00000259993.1	AC135731.1	processed_pseudogene	0	0	0	0.0000	0.0000	0.0000
ENSG00000259994.1	AL353796.1	lncRNA	175	90	85	3.0621	0.7594	0.8210
ENSG00000259995.1	AC106729.1	lncRNA	0	0	0	0.0000	0.0000	0.0000
ENSG00000259996.1	RARRES2P8	processed_pseudogene	0	0	0	0.0000	0.0000	0.0000
ENSG00000259997.2	IGHV1OR16-4	IG_V_pseudogene	0	0	0	0.0000	0.0000	0.0000
ENSG00000259998.1	AL133279.3	lncRNA	0	0	0	0.0000	0.0000	0.0000
ENSG00000259999.1	AC009054.1	lncRNA	1	0	1	0.1328	0.0329	0.0356
ENSG00000260000.2	AL133338.1	lncRNA	138	70	68	5.1589	1.2793	1.3833
ENSG00000260001.6	TGFBR3L	protein_coding	27	50	48	1.0100	0.2505	0.2708
ENSG00000260003.1	AC018767.2	lncRNA	0	0	0	0.0000	0.0000	0.0000
ENSG00000260004.1	AC092138.1	lncRNA	0	0	0	0.0000	0.0000	0.0000
ENSG00000260005.6	AC027601.1	lncRNA	14	305	335	0.1762	0.0437	0.0472
ENSG00000260007.3	AC107871.1	protein_coding	49	165	190	0.3819	0.0947	0.1024
ENSG00000260008.1	AP001527.1	lncRNA	0	2	1	0.0000	0.0000	0.0000
ENSG00000260009.1	LINC02130	lncRNA	22	10	12	2.4085	0.5973	0.6458
ENSG00000260010.1	ZNF720P1	processed_pseudogene	1	1	3	0.0292	0.0073	0.0078
ENSG00000260011.2	AC132938.1	lncRNA	2	2	0	0.3151	0.0781	0.0845
ENSG00000260012.1	AC007494.1	processed_pseudogene	1	0	2	0.0746	0.0185	0.0200
ENSG00000260014.1	LSM3P5	processed_pseudogene	0	0	0	0.0000	0.0000	0.0000
ENSG00000260015.1	AC010547.2	lncRNA	1	0	1	0.1387	0.0344	0.0372
ENSG00000260017.1	AC138811.1	lncRNA	1	274	276	0.1571	0.0390	0.0421
ENSG00000260018.1	AC040169.1	lncRNA	31	13	18	3.3743	0.8368	0.9048
ENSG00000260019.2	LINC01992	lncRNA	1	0	1	0.0167	0.0041	0.0045
ENSG00000260021.1	AC098934.2	lncRNA	0	0	0	0.0000	0.0000	0.0000
ENSG00000260022.1	AL031716.1	lncRNA	8	6	2	0.8560	0.2123	0.2295
ENSG00000260024.1	MRPS21P7	processed_pseudogene	0	0	0	0.0000	0.0000	0.0000
ENSG00000260025.1	CRIM1-DT	lncRNA	60	29	31	9.2967	2.3055	2.4928
ENSG00000260026.3	LINC02189	lncRNA	0	0	0	0.0000	0.0000	0.0000
ENSG00000260027.5	HOXB7	protein_coding	436	229	208	16.2668	4.0340	4.3617
ENSG00000260029.2	AC007608.2	lncRNA	0	0	0	0.0000	0.0000	0.0000
ENSG00000260030.1	AC076968.1	lncRNA	0	0	0	0.0000	0.0000	0.0000
ENSG00000260031.1	RPL10P14	processed_pseudogene	0	0	0	0.0000	0.0000	0.0000
ENSG00000260032.2	NORAD	lncRNA	48735	25054	23684	511.7127	126.8996	137.2073
ENSG00000260033.1	AC023813.2	processed_pseudogene	0	0	0	0.0000	0.0000	0.0000
ENSG00000260034.1	LCMT1-AS2	lncRNA	15	7	8	0.1065	0.0264	0.0285
ENSG00000260035.1	AC051619.7	lncRNA	0	0	0	0.0000	0.0000	0.0000
ENSG00000260036.1	AC013355.1	processed_pseudogene	0	0	0	0.0000	0.0000	0.0000
ENSG00000260037.5	AC104938.1	lncRNA	11	200	237	0.6962	0.1727	0.1867
ENSG00000260038.1	AC009090.1	lncRNA	5	2	3	0.7920	0.1964	0.2124
ENSG00000260041.5	AC007495.1	lncRNA	0	0	0	0.0000	0.0000	0.0000
ENSG00000260042.1	AC025810.1	lncRNA	0	0	0	0.0000	0.0000	0.0000
ENSG00000260046.1	AL162632.3	lncRNA	3	2	1	0.1047	0.0260	0.0281
ENSG00000260047.2	BCAP31P2	unprocessed_pseudogene	0	0	0	0.0000	0.0000	0.0000
ENSG00000260048.2	IGHV1OR16-3	IG_V_pseudogene	0	0	0	0.0000	0.0000	0.0000
ENSG00000260051.1	AL031600.1	lncRNA	8	2	16	0.7959	0.1974	0.2134
ENSG00000260052.1	AC023813.3	lncRNA	2	1	1	0.2104	0.0522	0.0564
ENSG00000260053.2	ABCB10P4	processed_pseudogene	0	0	0	0.0000	0.0000	0.0000
ENSG00000260057.6	LINC01571	lncRNA	0	0	0	0.0000	0.0000	0.0000
ENSG00000260058.1	AC018767.3	lncRNA	0	0	0	0.0000	0.0000	0.0000
ENSG00000260059.1	AC092620.2	lncRNA	6	2	6	0.1231	0.0305	0.0330
ENSG00000260060.1	AC009088.1	lncRNA	1	0	1	0.0681	0.0169	0.0183
ENSG00000260062.3	GOLGA2P11	transcribed_unprocessed_pseudogene	0	0	0	0.0000	0.0000	0.0000
ENSG00000260063.1	AL512408.1	lncRNA	88	62	65	2.4952	0.6188	0.6691
ENSG00000260064.1	AC092332.1	lncRNA	0	0	0	0.0000	0.0000	0.0000
ENSG00000260066.1	AC112176.1	lncRNA	1	1	0	0.0188	0.0047	0.0050
ENSG00000260067.1	MTND4LP25	processed_pseudogene	0	0	0	0.0000	0.0000	0.0000
ENSG00000260068.1	AC009101.1	processed_pseudogene	0	0	0	0.0000	0.0000	0.0000
ENSG00000260070.1	AC006960.3	lncRNA	0	0	0	0.0000	0.0000	0.0000
ENSG00000260071.2	AC012178.1	lncRNA	0	0	0	0.0000	0.0000	0.0000
ENSG00000260072.1	AC008938.1	lncRNA	0	0	1	0.0000	0.0000	0.0000
ENSG00000260073.2	AC023824.1	lncRNA	0	0	0	0.0000	0.0000	0.0000
ENSG00000260075.1	NSFP1	unprocessed_pseudogene	0	0	0	0.0000	0.0000	0.0000
ENSG00000260077.1	AC104794.3	lncRNA	98	51	47	3.5354	0.8767	0.9479
ENSG00000260078.3	AC007342.3	transcribed_unprocessed_pseudogene	6	0	6	0.0787	0.0195	0.0211
ENSG00000260081.2	AF274858.1	transcribed_processed_pseudogene	59	30	29	0.6427	0.1594	0.1723
ENSG00000260082.1	AC106886.1	processed_pseudogene	2	5	4	0.1890	0.0469	0.0507
ENSG00000260083.2	MIR762HG	lncRNA	105	547	490	2.7542	0.6830	0.7385
ENSG00000260084.1	AC126773.3	lncRNA	4	2	2	0.4147	0.1028	0.1112
ENSG00000260086.3	AC007611.1	lncRNA	34	16	18	0.5787	0.1435	0.1552
ENSG00000260087.1	PCMTD1P2	processed_pseudogene	0	0	0	0.0000	0.0000	0.0000
ENSG00000260088.1	DDX59-AS1	lncRNA	0	0	4	0.0000	0.0000	0.0000
ENSG00000260089.2	ADAM3B	processed_pseudogene	0	0	0	0.0000	0.0000	0.0000
ENSG00000260090.1	AC092435.3	lncRNA	0	0	0	0.0000	0.0000	0.0000
ENSG00000260091.1	AC093752.3	lncRNA	0	22	27	0.0000	0.0000	0.0000
ENSG00000260092.1	AC009163.3	protein_coding	0	0	0	0.0000	0.0000	0.0000
ENSG00000260093.1	AC034111.1	lncRNA	0	0	0	0.0000	0.0000	0.0000
ENSG00000260094.1	LINC00564	lncRNA	0	0	0	0.0000	0.0000	0.0000
ENSG00000260095.1	AC106820.3	lncRNA	24	15	9	3.4283	0.8502	0.9192
ENSG00000260096.1	DNM1P33	unprocessed_pseudogene	1	1	0	0.2100	0.0521	0.0563
ENSG00000260097.3	SPDYE6	protein_coding	11	5	6	0.1980	0.0491	0.0531
ENSG00000260100.1	AL512604.3	lncRNA	4	2	2	0.2353	0.0584	0.0631
ENSG00000260101.1	AC008074.2	lncRNA	27	15	12	0.8029	0.1991	0.2153
ENSG00000260102.2	LINC01070	lncRNA	0	0	0	0.0000	0.0000	0.0000
ENSG00000260103.2	AC012435.2	transcribed_processed_pseudogene	3	33	37	0.0503	0.0125	0.0135
ENSG00000260104.1	AC068338.1	unprocessed_pseudogene	0	0	0	0.0000	0.0000	0.0000
ENSG00000260105.6	AOC4P	transcribed_unprocessed_pseudogene	2	1	1	0.0358	0.0089	0.0096
ENSG00000260107.1	AC005606.1	lncRNA	0	264	246	0.0000	0.0000	0.0000
ENSG00000260108.1	AC026464.2	lncRNA	0	0	0	0.0000	0.0000	0.0000
ENSG00000260109.1	AC135628.1	unprocessed_pseudogene	0	0	0	0.0000	0.0000	0.0000
ENSG00000260111.1	AC012184.1	lncRNA	0	127	136	0.0000	0.0000	0.0000
ENSG00000260112.1	AC008567.1	processed_pseudogene	0	0	0	0.0000	0.0000	0.0000
ENSG00000260113.3	AC093249.1	processed_pseudogene	0	0	0	0.0000	0.0000	0.0000
ENSG00000260115.1	AC012174.1	lncRNA	0	0	0	0.0000	0.0000	0.0000
ENSG00000260118.1	AL157700.1	lncRNA	78	37	41	3.0890	0.7660	0.8283
ENSG00000260120.2	AC104066.3	lncRNA	1	0	1	0.0271	0.0067	0.0073
ENSG00000260121.1	AC138028.4	lncRNA	7	294	304	0.2152	0.0534	0.0577
ENSG00000260122.1	AC068987.1	lncRNA	0	16	9	0.0000	0.0000	0.0000
ENSG00000260123.2	AC013565.1	lncRNA	9	5	4	0.2634	0.0653	0.0706
ENSG00000260125.2	AGBL1-AS1	lncRNA	0	0	0	0.0000	0.0000	0.0000
ENSG00000260126.2	AC136431.1	lncRNA	0	0	0	0.0000	0.0000	0.0000
ENSG00000260128.6	ULK4P2	transcribed_unprocessed_pseudogene	2	0	2	0.0726	0.0180	0.0195
ENSG00000260131.1	LINC00556	lncRNA	0	0	0	0.0000	0.0000	0.0000
ENSG00000260132.1	AL032819.1	lncRNA	1	0	1	0.1496	0.0371	0.0401
ENSG00000260133.1	CA5AP1	unprocessed_pseudogene	0	0	0	0.0000	0.0000	0.0000
ENSG00000260134.1	C1QL1P1	processed_pseudogene	0	0	0	0.0000	0.0000	0.0000
ENSG00000260135.7	MMP2-AS1	lncRNA	36	16	20	0.9271	0.2299	0.2486
ENSG00000260136.6	AC008915.2	lncRNA	54	199	142	3.0411	0.7541	0.8154
ENSG00000260137.1	AL132657.2	lncRNA	2	2	0	0.3168	0.0786	0.0849
ENSG00000260139.6	CSPG4P13	transcribed_unprocessed_pseudogene	14	7	7	0.1648	0.0409	0.0442
ENSG00000260141.1	AC145350.2	lncRNA	0	0	0	0.0000	0.0000	0.0000
ENSG00000260142.1	AC068135.2	lncRNA	4	2	2	0.2207	0.0547	0.0592
ENSG00000260144.1	AC100827.2	unprocessed_pseudogene	8	5	4	0.3800	0.0942	0.1019
ENSG00000260145.1	AC023825.2	lncRNA	5	4	1	0.4219	0.1046	0.1131
ENSG00000260146.1	AC132186.1	processed_pseudogene	0	0	0	0.0000	0.0000	0.0000
ENSG00000260147.1	MTND5P34	processed_pseudogene	0	0	0	0.0000	0.0000	0.0000
ENSG00000260148.1	AC009090.2	lncRNA	0	0	0	0.0000	0.0000	0.0000
ENSG00000260151.1	LINC02673	lncRNA	0	0	0	0.0000	0.0000	0.0000
ENSG00000260152.2	AC113208.2	processed_pseudogene	0	0	0	0.0000	0.0000	0.0000
ENSG00000260153.1	RARRES2P10	processed_pseudogene	0	0	0	0.0000	0.0000	0.0000
ENSG00000260156.1	AC020763.1	lncRNA	2	2	2	0.2058	0.0510	0.0552
ENSG00000260157.3	AC233702.1	transcribed_unprocessed_pseudogene	0	0	0	0.0000	0.0000	0.0000
ENSG00000260158.1	AC137761.1	lncRNA	1	1	1	0.0944	0.0234	0.0253
ENSG00000260159.1	AC091304.2	unprocessed_pseudogene	0	0	0	0.0000	0.0000	0.0000
ENSG00000260160.1	AC011468.1	lncRNA	56	29	27	4.7048	1.1667	1.2615
ENSG00000260161.1	MTCYBP28	processed_pseudogene	0	0	0	0.0000	0.0000	0.0000
ENSG00000260162.2	AC134312.2	lncRNA	0	53	45	0.0000	0.0000	0.0000
ENSG00000260163.1	AC012508.1	lncRNA	0	0	0	0.0000	0.0000	0.0000
ENSG00000260165.1	AC105036.2	unprocessed_pseudogene	0	0	0	0.0000	0.0000	0.0000
ENSG00000260166.2	AC134312.3	lncRNA	0	0	0	0.0000	0.0000	0.0000
ENSG00000260167.1	AC093249.2	lncRNA	2	1	2	0.2353	0.0584	0.0631
ENSG00000260170.1	AC090527.2	protein_coding	0	0	0	0.0000	0.0000	0.0000
ENSG00000260171.1	AC008269.2	lncRNA	1	0	1	0.0513	0.0127	0.0138
ENSG00000260172.2	LINC01413	lncRNA	0	0	0	0.0000	0.0000	0.0000
ENSG00000260173.1	AC020779.2	lncRNA	1	23	27	0.1443	0.0358	0.0387
ENSG00000260174.1	SYNGR2P1	processed_pseudogene	7	5	2	0.5899	0.1463	0.1582
ENSG00000260176.1	AC141586.2	lncRNA	15	7	8	1.4871	0.3688	0.3988
ENSG00000260177.1	AC126696.1	lncRNA	0	0	0	0.0000	0.0000	0.0000
ENSG00000260179.1	AL162741.1	lncRNA	6	5	1	0.2184	0.0542	0.0586
ENSG00000260182.1	AC120498.2	lncRNA	11	6	5	2.5053	0.6213	0.6717
ENSG00000260183.1	AC108097.1	lncRNA	1	0	1	0.1062	0.0263	0.0285
ENSG00000260184.1	AC023827.1	processed_pseudogene	0	0	0	0.0000	0.0000	0.0000
ENSG00000260185.1	AC009097.1	lncRNA	0	34	38	0.0000	0.0000	0.0000
ENSG00000260186.5	LINC02137	lncRNA	5	2	3	0.1597	0.0396	0.0428
ENSG00000260187.2	PPIAP48	transcribed_processed_pseudogene	1	0	1	0.0607	0.0150	0.0163
ENSG00000260188.1	AC002464.1	lncRNA	0	0	0	0.0000	0.0000	0.0000
ENSG00000260190.1	AL807752.5	lncRNA	6	5	1	0.4150	0.1029	0.1113
ENSG00000260192.3	LINC02240	lncRNA	1	0	2	0.0075	0.0019	0.0020
ENSG00000260193.1	LINC02846	lncRNA	8	4	4	0.3401	0.0843	0.0912
ENSG00000260194.1	AC007496.1	lncRNA	6	4	2	0.4604	0.1142	0.1235
ENSG00000260196.1	AC124798.1	lncRNA	101	49	52	1.9867	0.4927	0.5327
ENSG00000260197.1	AC010889.1	lncRNA	0	0	0	0.0000	0.0000	0.0000
ENSG00000260198.1	AC009102.1	lncRNA	0	0	0	0.0000	0.0000	0.0000
ENSG00000260201.2	AC141273.1	lncRNA	0	0	0	0.0000	0.0000	0.0000
ENSG00000260202.2	AL109954.1	lncRNA	0	0	0	0.0000	0.0000	0.0000
ENSG00000260205.1	AL157831.2	lncRNA	1	0	1	0.0183	0.0045	0.0049
ENSG00000260206.1	AC105020.2	lncRNA	1	308	272	0.0991	0.0246	0.0266
ENSG00000260207.1	DUX4L47	processed_pseudogene	0	0	0	0.0000	0.0000	0.0000
ENSG00000260209.1	AP000842.3	lncRNA	0	0	0	0.0000	0.0000	0.0000
ENSG00000260211.2	AC139426.1	processed_pseudogene	0	0	0	0.0000	0.0000	0.0000
ENSG00000260212.1	AL356432.3	unprocessed_pseudogene	0	0	0	0.0000	0.0000	0.0000
ENSG00000260213.6	AC092718.2	lncRNA	2	23	23	0.0334	0.0083	0.0090
ENSG00000260217.1	AC104640.1	lncRNA	0	0	0	0.0000	0.0000	0.0000
ENSG00000260218.1	AC034105.4	processed_pseudogene	0	0	0	0.0000	0.0000	0.0000
ENSG00000260219.2	CD2BP2-DT	lncRNA	290	172	171	16.5785	4.1113	4.4453
ENSG00000260220.7	CCDC187	protein_coding	2	3	1	0.0098	0.0024	0.0026
ENSG00000260223.2	AC099511.1	lncRNA	0	0	0	0.0000	0.0000	0.0000
ENSG00000260224.1	UBL5P4	processed_pseudogene	0	0	0	0.0000	0.0000	0.0000
ENSG00000260228.6	AC009119.1	lncRNA	82	563	554	0.9239	0.2291	0.2477
ENSG00000260229.1	PPIAP51	processed_pseudogene	3	1	2	0.3423	0.0849	0.0918
ENSG00000260230.5	FRRS1L	protein_coding	2	0	2	0.0073	0.0018	0.0020
ENSG00000260231.2	KDM7A-DT	lncRNA	522	266	256	12.0483	2.9879	3.2305
ENSG00000260232.3	PWRN4	lncRNA	0	0	0	0.0000	0.0000	0.0000
ENSG00000260233.3	ZNRD2-AS1	lncRNA	65	36	32	1.8981	0.4707	0.5089
ENSG00000260234.5	AC020636.2	protein_coding	1	1	0	0.0427	0.0106	0.0114
ENSG00000260235.1	AC105020.3	lncRNA	0	31	15	0.0000	0.0000	0.0000
ENSG00000260236.1	AC099778.1	lncRNA	88	41	47	2.6114	0.6476	0.7002
ENSG00000260237.1	AC092130.1	lncRNA	0	0	0	0.0000	0.0000	0.0000
ENSG00000260238.6	PMF1-BGLAP	protein_coding	0	0	0	0.0000	0.0000	0.0000
ENSG00000260239.2	LINC02533	lncRNA	7	3	4	0.1331	0.0330	0.0357
ENSG00000260240.4	APOOP5	transcribed_processed_pseudogene	0	0	0	0.0000	0.0000	0.0000
ENSG00000260242.1	AC091489.1	lncRNA	0	0	0	0.0000	0.0000	0.0000
ENSG00000260244.1	AC104083.1	lncRNA	0	0	0	0.0000	0.0000	0.0000
ENSG00000260246.1	AC000032.1	lncRNA	1	1270	1204	0.1155	0.0286	0.0310
ENSG00000260247.1	SUB1P4	processed_pseudogene	0	0	0	0.0000	0.0000	0.0000
ENSG00000260249.3	AC007608.3	lncRNA	2	14	16	0.0172	0.0043	0.0046
ENSG00000260251.1	AC092368.1	unprocessed_pseudogene	0	0	0	0.0000	0.0000	0.0000
ENSG00000260252.1	AC009087.1	lncRNA	1	34	32	0.1537	0.0381	0.0412
ENSG00000260253.1	AC084262.1	lncRNA	1	0	1	0.0755	0.0187	0.0202
ENSG00000260254.1	AP000997.3	lncRNA	0	0	0	0.0000	0.0000	0.0000
ENSG00000260255.1	AC093524.1	processed_pseudogene	0	0	0	0.0000	0.0000	0.0000
ENSG00000260256.1	AP001063.1	lncRNA	1	0	1	0.1072	0.0266	0.0287
ENSG00000260257.2	AL035071.1	lncRNA	391	216	175	10.4053	2.5804	2.7900
ENSG00000260258.2	AC007346.1	transcribed_processed_pseudogene	0	0	0	0.0000	0.0000	0.0000
ENSG00000260259.1	LINC02166	lncRNA	38	19	24	2.9889	0.7412	0.8014
ENSG00000260260.1	SNHG19	lncRNA	896	467	429	148.5735	36.8447	39.8375
ENSG00000260261.2	AC124944.2	transcribed_unprocessed_pseudogene	142	78	71	1.4682	0.3641	0.3937
ENSG00000260262.1	AC139887.3	lncRNA	0	0	0	0.0000	0.0000	0.0000
ENSG00000260264.1	LINC02194	lncRNA	0	0	0	0.0000	0.0000	0.0000
ENSG00000260265.1	LINC02562	lncRNA	0	0	0	0.0000	0.0000	0.0000
ENSG00000260266.1	PPIAP46	transcribed_processed_pseudogene	4	2	3	0.0613	0.0152	0.0164
ENSG00000260267.1	AC026471.1	lncRNA	448	355	348	8.3959	2.0821	2.2512
ENSG00000260268.6	LINC00919	lncRNA	0	0	0	0.0000	0.0000	0.0000
ENSG00000260269.5	AC105036.3	lncRNA	7	3	4	0.3625	0.0899	0.0972
ENSG00000260271.3	AL132996.1	lncRNA	9	5	4	0.0571	0.0142	0.0153
ENSG00000260272.1	AC093525.2	protein_coding	0	0	0	0.0000	0.0000	0.0000
ENSG00000260273.1	AL359711.2	lncRNA	16	11	5	1.0405	0.2580	0.2790
ENSG00000260274.1	AC068338.2	lncRNA	92	159	170	3.6485	0.9048	0.9783
ENSG00000260275.1	AC013565.2	processed_pseudogene	0	0	0	0.0000	0.0000	0.0000
ENSG00000260276.2	AC022167.2	lncRNA	69	618	630	1.4811	0.3673	0.3971
ENSG00000260277.2	AC009019.1	lncRNA	2	112	108	0.0804	0.0199	0.0216
ENSG00000260278.1	AC098818.2	lncRNA	0	0	0	0.0000	0.0000	0.0000
ENSG00000260279.4	AC137932.1	lncRNA	87	46	41	2.6356	0.6536	0.7067
ENSG00000260280.5	SLX1B-SULT1A4	lncRNA	0	0	0	0.0000	0.0000	0.0000
ENSG00000260281.6	ITFG1-AS1	lncRNA	17	440	484	1.5351	0.3807	0.4116
ENSG00000260282.1	EIF4EBP2P2	processed_pseudogene	1	0	1	0.1703	0.0422	0.0457
ENSG00000260284.1	TPSP2	unprocessed_pseudogene	287	138	149	26.6816	6.6168	7.1542
ENSG00000260285.1	AL133367.1	lncRNA	167	80	87	2.3309	0.5780	0.6250
ENSG00000260286.4	ARMH2	protein_coding	0	0	0	0.0000	0.0000	0.0000
ENSG00000260287.4	TBC1D3G	protein_coding	0	0	0	0.0000	0.0000	0.0000
ENSG00000260288.4	AC019294.2	lncRNA	8	4	6	0.0725	0.0180	0.0195
ENSG00000260289.2	AC093515.1	lncRNA	5	2	3	0.1059	0.0263	0.0284
ENSG00000260290.2	AC092115.1	processed_pseudogene	15	11	5	0.6067	0.1505	0.1627
ENSG00000260291.1	FRG2GP	unprocessed_pseudogene	0	0	0	0.0000	0.0000	0.0000
ENSG00000260293.2	AC106820.4	lncRNA	26	15	12	0.2625	0.0651	0.0704
ENSG00000260296.1	AC095057.3	lncRNA	44	29	15	2.1566	0.5348	0.5783
ENSG00000260298.2	ACTG1P16	transcribed_processed_pseudogene	1	1	0	0.0524	0.0130	0.0141
ENSG00000260302.3	LINC01882	lncRNA	2	1	1	0.0483	0.0120	0.0129
ENSG00000260303.1	AC108206.1	lncRNA	2	1	1	0.0273	0.0068	0.0073
ENSG00000260304.1	AC009088.2	lncRNA	0	1760	1692	0.0000	0.0000	0.0000
ENSG00000260305.1	NTRK3-AS1	lncRNA	0	0	0	0.0000	0.0000	0.0000
ENSG00000260306.1	AC092375.2	lncRNA	0	0	0	0.0000	0.0000	0.0000
ENSG00000260307.2	PABPC1P13	processed_pseudogene	0	0	0	0.0000	0.0000	0.0000
ENSG00000260308.1	AC136428.2	processed_pseudogene	0	0	0	0.0000	0.0000	0.0000
ENSG00000260310.1	AC027277.2	lncRNA	10	4	6	1.3037	0.3233	0.3496
ENSG00000260311.1	AC138907.1	lncRNA	0	0	0	0.0000	0.0000	0.0000
ENSG00000260312.1	AC140658.2	lncRNA	0	0	0	0.0000	0.0000	0.0000
ENSG00000260314.3	MRC1	protein_coding	1084	551	533	11.8492	2.9385	3.1772
ENSG00000260316.2	AL008727.1	lncRNA	0	0	0	0.0000	0.0000	0.0000
ENSG00000260317.1	AC009812.4	lncRNA	190	84	106	5.9695	1.4804	1.6006
ENSG00000260318.1	COX6CP1	processed_pseudogene	6	3	3	1.5826	0.3925	0.4243
ENSG00000260322.1	AC098657.2	lncRNA	0	0	0	0.0000	0.0000	0.0000
ENSG00000260325.2	HSPB9	protein_coding	4	2	2	0.4132	0.1025	0.1108
ENSG00000260326.1	PHBP21	processed_pseudogene	1	1	0	0.0689	0.0171	0.0185
ENSG00000260327.2	ACTR3BP3	processed_pseudogene	0	0	0	0.0000	0.0000	0.0000
ENSG00000260328.1	AC104024.2	lncRNA	4	1	3	0.0737	0.0183	0.0198
ENSG00000260329.1	AC007541.1	lncRNA	90	42	48	3.4744	0.8616	0.9316
ENSG00000260331.1	AC079148.1	lncRNA	19	10	9	1.3156	0.3263	0.3528
ENSG00000260332.1	AC010546.1	processed_pseudogene	0	0	0	0.0000	0.0000	0.0000
ENSG00000260335.1	AC133555.4	unprocessed_pseudogene	0	0	0	0.0000	0.0000	0.0000
ENSG00000260337.4	AC091544.4	lncRNA	27	39	37	0.3937	0.0976	0.1056
ENSG00000260338.2	LINC01570	lncRNA	0	0	0	0.0000	0.0000	0.0000
ENSG00000260339.1	HEXA-AS1	lncRNA	22	34	31	0.4662	0.1156	0.1250
ENSG00000260340.1	LINC02176	lncRNA	0	0	0	0.0000	0.0000	0.0000
ENSG00000260341.1	C2orf69P2	processed_pseudogene	0	0	0	0.0000	0.0000	0.0000
ENSG00000260342.2	AC138811.2	protein_coding	0	0	0	0.0000	0.0000	0.0000
ENSG00000260343.1	LINC01043	lncRNA	0	0	0	0.0000	0.0000	0.0000
ENSG00000260344.2	AC133485.1	processed_pseudogene	0	0	0	0.0000	0.0000	0.0000
ENSG00000260345.1	AC009052.1	lncRNA	1	1	0	0.1903	0.0472	0.0510
ENSG00000260347.1	MOCS1P1	processed_pseudogene	0	0	0	0.0000	0.0000	0.0000
ENSG00000260348.1	AP007216.1	lncRNA	3	1	2	0.4419	0.1096	0.1185
ENSG00000260349.1	AC087190.1	lncRNA	0	286	297	0.0000	0.0000	0.0000
ENSG00000260350.1	AC012173.1	lncRNA	1	373	369	0.1319	0.0327	0.0354
ENSG00000260351.1	AC024270.1	lncRNA	1	1	0	0.1136	0.0282	0.0305
ENSG00000260352.1	AC092287.1	lncRNA	5	2	3	0.6124	0.1519	0.1642
ENSG00000260357.1	DNM1P34	transcribed_unprocessed_pseudogene	0	0	0	0.0000	0.0000	0.0000
ENSG00000260360.1	AL353708.1	lncRNA	18	8	10	0.8121	0.2014	0.2177
ENSG00000260361.1	AC106028.3	lncRNA	21	13	9	0.6860	0.1701	0.1839
ENSG00000260362.1	AC007218.1	lncRNA	0	0	0	0.0000	0.0000	0.0000
ENSG00000260364.1	AC009055.1	lncRNA	0	2	0	0.0000	0.0000	0.0000
ENSG00000260366.1	AC026803.1	lncRNA	6	1	5	1.2418	0.3080	0.3330
ENSG00000260367.2	AC109460.1	lncRNA	24	136	131	0.9209	0.2284	0.2469
ENSG00000260368.1	AC027373.1	lncRNA	6	2	4	0.2980	0.0739	0.0799
ENSG00000260369.2	AC120024.1	lncRNA	9	4	5	0.5130	0.1272	0.1375
ENSG00000260370.1	AC215217.1	lncRNA	0	0	0	0.0000	0.0000	0.0000
ENSG00000260371.1	AC026464.3	protein_coding	0	0	0	0.0000	0.0000	0.0000
ENSG00000260372.7	AQP4-AS1	lncRNA	37	201	181	0.1900	0.0471	0.0509
ENSG00000260375.1	AC126323.4	unprocessed_pseudogene	0	0	0	0.0000	0.0000	0.0000
ENSG00000260377.1	AC083801.2	lncRNA	0	0	0	0.0000	0.0000	0.0000
ENSG00000260378.1	AC109597.1	lncRNA	0	0	0	0.0000	0.0000	0.0000
ENSG00000260379.1	AC074052.1	processed_pseudogene	0	0	0	0.0000	0.0000	0.0000
ENSG00000260381.2	AC007610.2	lncRNA	1	62	57	0.0852	0.0211	0.0228
ENSG00000260382.1	AC087481.1	processed_pseudogene	2	1	1	0.1175	0.0291	0.0315
ENSG00000260385.1	AL356961.1	lncRNA	0	0	0	0.0000	0.0000	0.0000
ENSG00000260386.6	LDC1P	transcribed_unitary_pseudogene	3	2	1	0.0479	0.0119	0.0128
ENSG00000260387.1	AC009108.2	lncRNA	0	0	0	0.0000	0.0000	0.0000
ENSG00000260388.2	LINC00562	lncRNA	12	6	6	0.2755	0.0683	0.0739
ENSG00000260389.1	WBP11P1	transcribed_processed_pseudogene	2	0	2	0.0382	0.0095	0.0102
ENSG00000260390.1	AL360014.1	lncRNA	0	0	0	0.0000	0.0000	0.0000
ENSG00000260391.2	AC022336.2	lncRNA	0	0	0	0.0000	0.0000	0.0000
ENSG00000260392.6	AC090518.1	lncRNA	1	1	0	0.0214	0.0053	0.0057
ENSG00000260393.1	AC026462.2	lncRNA	0	0	0	0.0000	0.0000	0.0000
ENSG00000260394.2	LINC02867	lncRNA	4	6	6	0.1781	0.0442	0.0477
ENSG00000260395.1	AC092119.1	processed_pseudogene	0	0	0	0.0000	0.0000	0.0000
ENSG00000260398.1	AC068700.1	lncRNA	8	5	3	0.1209	0.0300	0.0324
ENSG00000260399.1	AC100756.1	unprocessed_pseudogene	0	0	0	0.0000	0.0000	0.0000
ENSG00000260400.1	AL513534.2	lncRNA	67	33	34	1.6556	0.4106	0.4439
ENSG00000260401.1	AP002761.4	lncRNA	0	0	0	0.0000	0.0000	0.0000
ENSG00000260402.1	AC133485.2	lncRNA	0	0	0	0.0000	0.0000	0.0000
ENSG00000260403.1	AC120498.3	lncRNA	0	0	0	0.0000	0.0000	0.0000
ENSG00000260404.3	AC110079.1	transcribed_unprocessed_pseudogene	418	218	200	5.3606	1.3294	1.4374
ENSG00000260405.1	AC109446.1	processed_pseudogene	0	0	0	0.0000	0.0000	0.0000
ENSG00000260406.1	AC009852.1	lncRNA	0	0	0	0.0000	0.0000	0.0000
ENSG00000260409.1	AC012414.4	lncRNA	5	3	2	0.1770	0.0439	0.0475
ENSG00000260410.2	AC040169.2	processed_pseudogene	1	1	0	0.0559	0.0139	0.0150
ENSG00000260412.1	AL353746.1	lncRNA	0	0	0	0.0000	0.0000	0.0000
ENSG00000260413.1	AC025279.2	transcribed_unprocessed_pseudogene	0	0	0	0.0000	0.0000	0.0000
ENSG00000260414.1	AC138869.1	processed_pseudogene	0	0	0	0.0000	0.0000	0.0000
ENSG00000260416.1	AL096828.2	lncRNA	1	0	1	0.0289	0.0072	0.0077
ENSG00000260417.1	AC092127.1	lncRNA	5	1	4	0.0821	0.0204	0.0220
ENSG00000260418.1	AL023284.4	lncRNA	101	53	48	15.3147	3.7979	4.1064
ENSG00000260419.1	AC138869.2	lncRNA	0	0	0	0.0000	0.0000	0.0000
ENSG00000260420.3	LINC02182	lncRNA	0	13	7	0.0000	0.0000	0.0000
ENSG00000260422.1	Z97205.2	lncRNA	1	1	0	0.0346	0.0086	0.0093
ENSG00000260423.2	LINC02367	lncRNA	5	4	2	0.0413	0.0102	0.0111
ENSG00000260425.1	AL031709.1	lncRNA	11	35	28	1.4340	0.3556	0.3845
ENSG00000260426.1	AC008060.4	lncRNA	0	0	0	0.0000	0.0000	0.0000
ENSG00000260427.1	AGGF1P9	processed_pseudogene	0	0	0	0.0000	0.0000	0.0000
ENSG00000260428.3	SCX	protein_coding	34	19	16	1.7433	0.4323	0.4674
ENSG00000260430.2	AC099518.1	lncRNA	4	3	1	0.2085	0.0517	0.0559
ENSG00000260431.2	AC074051.1	processed_pseudogene	0	0	0	0.0000	0.0000	0.0000
ENSG00000260433.3	LINC01917	lncRNA	0	1	1	0.0000	0.0000	0.0000
ENSG00000260436.1	AC093525.3	lncRNA	0	0	0	0.0000	0.0000	0.0000
ENSG00000260438.1	AC018552.1	processed_pseudogene	3	3	0	0.2098	0.0520	0.0562
ENSG00000260439.1	LMF1-AS1	lncRNA	4	62	44	0.1567	0.0388	0.0420
ENSG00000260440.3	LINC01544	lncRNA	1	0	1	0.0080	0.0020	0.0021
ENSG00000260441.5	AC020978.2	lncRNA	4	337	277	0.4629	0.1148	0.1241
ENSG00000260442.5	ATP2A1-AS1	lncRNA	14	25	34	1.3618	0.3377	0.3651
ENSG00000260443.1	AC127455.1	processed_pseudogene	2	1	1	0.7822	0.1940	0.2097
ENSG00000260444.1	AC138749.2	unprocessed_pseudogene	0	0	0	0.0000	0.0000	0.0000
ENSG00000260445.1	AC011904.1	unprocessed_pseudogene	1	0	1	1.0502	0.2604	0.2816
ENSG00000260447.1	AC009065.3	lncRNA	0	0	0	0.0000	0.0000	0.0000
ENSG00000260448.6	LCMT1-AS1	lncRNA	23	10	13	0.6061	0.1503	0.1625
ENSG00000260450.2	LINC02134	lncRNA	0	0	0	0.0000	0.0000	0.0000
ENSG00000260451.1	GEMIN8P2	processed_pseudogene	0	0	0	0.0000	0.0000	0.0000
ENSG00000260452.1	TPRKBP2	processed_pseudogene	1	1	0	0.1194	0.0296	0.0320
ENSG00000260454.2	AL355607.2	lncRNA	7	3	4	0.2595	0.0643	0.0696
ENSG00000260455.2	NBAT1	lncRNA	13	14	6	0.1997	0.0495	0.0535
ENSG00000260456.7	C16orf95	protein_coding	11	8	3	0.1700	0.0422	0.0456
ENSG00000260457.2	AC027458.1	lncRNA	0	0	0	0.0000	0.0000	0.0000
ENSG00000260458.3	KCNJ18	protein_coding	0	0	0	0.0000	0.0000	0.0000
ENSG00000260459.2	FTLP14	processed_pseudogene	24	9	15	2.8121	0.6974	0.7540
ENSG00000260460.1	AL365181.1	lncRNA	0	0	0	0.0000	0.0000	0.0000
ENSG00000260461.1	AL133355.1	lncRNA	5	2	3	0.1187	0.0294	0.0318
ENSG00000260464.1	AL049796.1	lncRNA	53	30	25	1.7019	0.4221	0.4563
ENSG00000260465.1	AC018557.1	lncRNA	0	1246	1331	0.0000	0.0000	0.0000
ENSG00000260466.1	AC126696.2	lncRNA	0	123	159	0.0000	0.0000	0.0000
ENSG00000260467.1	AC018552.2	lncRNA	0	1	0	0.0000	0.0000	0.0000
ENSG00000260468.1	LINC01290	lncRNA	17	5	12	1.9205	0.4763	0.5149
ENSG00000260469.3	INSYN1-AS1	lncRNA	1	2	6	0.0346	0.0086	0.0093
ENSG00000260470.1	AC023794.5	lncRNA	14	19	17	0.3681	0.0913	0.0987
ENSG00000260471.1	PPIAP49	processed_pseudogene	1	0	1	0.1136	0.0282	0.0305
ENSG00000260472.1	AC074050.1	processed_pseudogene	0	0	0	0.0000	0.0000	0.0000
ENSG00000260473.2	AC068987.2	lncRNA	6	4	2	0.1580	0.0392	0.0424
ENSG00000260475.1	AL353719.1	lncRNA	18	9	9	1.1815	0.2930	0.3168
ENSG00000260476.1	AC104794.4	lncRNA	0	0	0	0.0000	0.0000	0.0000
ENSG00000260477.8	LINC01584	lncRNA	0	0	0	0.0000	0.0000	0.0000
ENSG00000260478.2	AC007333.1	lncRNA	0	0	0	0.0000	0.0000	0.0000
ENSG00000260479.1	AC009145.1	lncRNA	2	2	0	0.2619	0.0650	0.0702
ENSG00000260480.1	C2orf69P4	processed_pseudogene	0	0	0	0.0000	0.0000	0.0000
ENSG00000260482.3	AC008870.1	lncRNA	0	0	0	0.0000	0.0000	0.0000
ENSG00000260483.2	AC015720.1	processed_pseudogene	0	0	0	0.0000	0.0000	0.0000
ENSG00000260484.1	AC131902.1	lncRNA	0	0	0	0.0000	0.0000	0.0000
ENSG00000260487.1	AC116348.1	lncRNA	2	0	2	0.2148	0.0533	0.0576
ENSG00000260488.1	AC007216.1	lncRNA	0	0	0	0.0000	0.0000	0.0000
ENSG00000260490.2	MYL12BP1	processed_pseudogene	6	3	3	0.6711	0.1664	0.1800
ENSG00000260492.3	CISTR	lncRNA	0	0	0	0.0000	0.0000	0.0000
ENSG00000260493.1	AC011773.4	lncRNA	8	4	4	0.2946	0.0731	0.0790
ENSG00000260494.1	AC002310.3	unprocessed_pseudogene	4	1	3	0.3137	0.0778	0.0841
ENSG00000260495.1	AC009148.1	lncRNA	18	7	11	0.3790	0.0940	0.1016
ENSG00000260496.3	AC009041.1	lncRNA	0	0	0	0.0000	0.0000	0.0000
ENSG00000260497.1	AC141846.1	processed_pseudogene	1	0	1	0.3994	0.0990	0.1071
ENSG00000260498.6	AC126696.3	lncRNA	1	0	1	0.0445	0.0110	0.0119
ENSG00000260500.1	AC010336.2	lncRNA	3	37	38	0.3362	0.0834	0.0902
ENSG00000260504.1	AC010551.1	lncRNA	0	0	0	0.0000	0.0000	0.0000
ENSG00000260505.1	AC096644.3	lncRNA	0	0	0	0.0000	0.0000	0.0000
ENSG00000260507.1	AC133919.1	lncRNA	0	0	0	0.0000	0.0000	0.0000
ENSG00000260509.2	AL590787.1	lncRNA	4	3	1	0.1725	0.0428	0.0463
ENSG00000260510.1	AC004381.1	lncRNA	0	0	2	0.0000	0.0000	0.0000
ENSG00000260511.1	AC009145.2	lncRNA	0	0	0	0.0000	0.0000	0.0000
ENSG00000260514.1	AC009086.1	processed_pseudogene	0	0	0	0.0000	0.0000	0.0000
ENSG00000260515.1	AC034229.2	lncRNA	0	0	0	0.0000	0.0000	0.0000
ENSG00000260516.2	AC133548.1	unprocessed_pseudogene	0	0	0	0.0000	0.0000	0.0000
ENSG00000260517.3	AC009093.2	lncRNA	47	48	41	1.0713	0.2657	0.2872
ENSG00000260518.2	BMS1P8	transcribed_unprocessed_pseudogene	1	0	1	0.0248	0.0061	0.0066
ENSG00000260519.1	AC096734.2	lncRNA	0	0	0	0.0000	0.0000	0.0000
ENSG00000260520.1	AC010547.3	lncRNA	1	0	1	0.1289	0.0320	0.0346
ENSG00000260522.1	AC106785.1	processed_pseudogene	0	0	0	0.0000	0.0000	0.0000
ENSG00000260524.1	CYP3A52P	unprocessed_pseudogene	3	1	2	1.8696	0.4636	0.5013
ENSG00000260525.1	AC140658.3	unprocessed_pseudogene	0	0	0	0.0000	0.0000	0.0000
ENSG00000260526.1	AC109347.1	lncRNA	117	54	65	3.2589	0.8082	0.8738
ENSG00000260528.5	FAM157C	lncRNA	16	9	7	0.1272	0.0316	0.0341
ENSG00000260530.1	AC010551.2	lncRNA	1	0	1	0.1363	0.0338	0.0366
ENSG00000260532.1	AL031598.1	lncRNA	0	0	0	0.0000	0.0000	0.0000
ENSG00000260534.1	AC100827.3	lncRNA	0	0	0	0.0000	0.0000	0.0000
ENSG00000260536.1	AL035071.2	lncRNA	7	6	1	0.8649	0.2145	0.2319
ENSG00000260537.2	AC012184.2	protein_coding	0	0	0	0.0000	0.0000	0.0000
ENSG00000260540.2	ABHD17AP8	unprocessed_pseudogene	0	0	0	0.0000	0.0000	0.0000
ENSG00000260541.1	AL031722.1	lncRNA	7	2	5	1.8044	0.4475	0.4838
ENSG00000260542.1	AL499627.1	lncRNA	1	0	1	0.0259	0.0064	0.0069
ENSG00000260545.1	AC026771.1	lncRNA	3	111	86	0.4100	0.1017	0.1099
ENSG00000260548.1	AL035425.2	protein_coding	0	0	0	0.0000	0.0000	0.0000
ENSG00000260549.2	MT1L	transcribed_unprocessed_pseudogene	74	39	35	10.2106	2.5321	2.7378
ENSG00000260550.2	AC136618.1	lncRNA	1	1	0	0.0811	0.0201	0.0218
ENSG00000260551.1	PWRN2	lncRNA	0	0	0	0.0000	0.0000	0.0000
ENSG00000260552.1	AC023043.1	lncRNA	20	177	125	1.8624	0.4619	0.4994
ENSG00000260555.1	AC092681.2	lncRNA	12	7	5	0.2236	0.0554	0.0599
ENSG00000260558.2	AC018557.2	lncRNA	2	2	1	0.1041	0.0258	0.0279
ENSG00000260563.3	AC132872.1	lncRNA	272	139	133	12.9080	3.2011	3.4611
ENSG00000260564.1	AL161912.2	lncRNA	0	0	0	0.0000	0.0000	0.0000
ENSG00000260565.7	ERVK13-1	lncRNA	1538	789	750	7.6075	1.8866	2.0398
ENSG00000260566.2	AC127459.1	lncRNA	0	0	0	0.0000	0.0000	0.0000
ENSG00000260568.1	AC074050.2	lncRNA	0	0	0	0.0000	0.0000	0.0000
ENSG00000260569.2	AC090398.1	lncRNA	0	0	0	0.0000	0.0000	0.0000
ENSG00000260570.1	AC133550.2	lncRNA	0	328	312	0.0000	0.0000	0.0000
ENSG00000260571.1	BNIP3P5	processed_pseudogene	1	1	0	0.1139	0.0282	0.0305
ENSG00000260572.1	AC069224.1	lncRNA	42	25	17	1.3888	0.3444	0.3724
ENSG00000260573.4	AC007493.1	lncRNA	0	0	0	0.0000	0.0000	0.0000
ENSG00000260574.1	AL360157.1	lncRNA	0	0	0	0.0000	0.0000	0.0000
ENSG00000260575.1	AC133485.3	lncRNA	0	2	3	0.0000	0.0000	0.0000
ENSG00000260576.1	EIF5A2P1	processed_pseudogene	3	1	2	0.3698	0.0917	0.0992
ENSG00000260577.2	AC126773.4	lncRNA	22	57	37	0.7417	0.1839	0.1989
ENSG00000260578.1	AC110597.1	lncRNA	22	11	11	0.3928	0.0974	0.1053
ENSG00000260579.1	AC024270.2	lncRNA	0	0	0	0.0000	0.0000	0.0000
ENSG00000260580.1	AC009035.1	lncRNA	1	1	0	0.0791	0.0196	0.0212
ENSG00000260581.1	AC011374.1	lncRNA	1	1	0	0.0362	0.0090	0.0097
ENSG00000260582.1	TPST2P1	processed_pseudogene	0	0	0	0.0000	0.0000	0.0000
ENSG00000260583.1	AP000223.1	lncRNA	13	5	8	1.3236	0.3282	0.3549
ENSG00000260584.1	AC142381.2	processed_pseudogene	0	0	0	0.0000	0.0000	0.0000
ENSG00000260585.1	AL359851.1	lncRNA	2	1	1	0.0227	0.0056	0.0061
ENSG00000260586.2	AC064799.2	lncRNA	2	2	1	0.0917	0.0227	0.0246
ENSG00000260588.1	AC027702.1	lncRNA	187	95	92	5.9914	1.4858	1.6065
ENSG00000260589.1	STAM-AS1	lncRNA	35	17	18	0.7649	0.1897	0.2051
ENSG00000260590.1	AC023824.2	processed_pseudogene	0	0	0	0.0000	0.0000	0.0000
ENSG00000260592.1	AC130456.3	lncRNA	4	101	86	0.3584	0.0889	0.0961
ENSG00000260593.1	AC009097.2	lncRNA	6	16	12	0.7317	0.1815	0.1962
ENSG00000260594.1	AC099313.1	lncRNA	0	0	0	0.0000	0.0000	0.0000
ENSG00000260595.1	OR4C49P	unprocessed_pseudogene	1	0	1	0.0630	0.0156	0.0169
ENSG00000260596.5	DUX4	protein_coding	0	0	0	0.0000	0.0000	0.0000
ENSG00000260597.1	AC012531.1	lncRNA	55	29	26	1.1638	0.2886	0.3121
ENSG00000260598.1	FRG2IP	unprocessed_pseudogene	0	0	0	0.0000	0.0000	0.0000
ENSG00000260599.1	AC011467.1	lncRNA	0	0	0	0.0000	0.0000	0.0000
ENSG00000260600.1	AC092125.1	lncRNA	0	0	0	0.0000	0.0000	0.0000
ENSG00000260601.1	AC131391.1	lncRNA	1	1	0	0.1091	0.0270	0.0292
ENSG00000260602.2	HMGN2P40	processed_pseudogene	1	0	1	0.1450	0.0360	0.0389
ENSG00000260604.2	AL590004.3	lncRNA	6	4	2	0.0482	0.0120	0.0129
ENSG00000260605.1	AC027688.1	lncRNA	0	0	0	0.0000	0.0000	0.0000
ENSG00000260608.1	AC024270.3	lncRNA	11	6	5	1.4817	0.3675	0.3973
ENSG00000260610.1	AC142086.3	processed_pseudogene	0	0	0	0.0000	0.0000	0.0000
ENSG00000260611.1	AC106785.2	lncRNA	0	0	0	0.0000	0.0000	0.0000
ENSG00000260612.1	AC009097.3	lncRNA	6	1	5	0.3342	0.0829	0.0896
ENSG00000260613.2	Z98885.2	lncRNA	12	5	7	0.3501	0.0868	0.0939
ENSG00000260615.1	RPL23AP97	processed_pseudogene	26	11	15	3.1305	0.7763	0.8394
ENSG00000260616.6	AC007728.1	lncRNA	0	8	12	0.0000	0.0000	0.0000
ENSG00000260617.1	AC138028.5	lncRNA	0	30	25	0.0000	0.0000	0.0000
ENSG00000260618.1	AC025917.1	lncRNA	100	402	446	4.6829	1.1613	1.2556
ENSG00000260619.1	AC068870.1	lncRNA	7	2	5	0.1617	0.0401	0.0434
ENSG00000260620.1	AC027688.2	lncRNA	0	0	0	0.0000	0.0000	0.0000
ENSG00000260621.1	AC092140.1	lncRNA	1	369	302	0.1033	0.0256	0.0277
ENSG00000260622.1	AC073476.1	processed_pseudogene	0	0	0	0.0000	0.0000	0.0000
ENSG00000260624.2	AC018943.1	lncRNA	0	0	0	0.0000	0.0000	0.0000
ENSG00000260625.3	AC026471.2	lncRNA	32	27	16	1.8786	0.4659	0.5037
ENSG00000260626.1	AC136944.1	lncRNA	0	0	0	0.0000	0.0000	0.0000
ENSG00000260628.5	AC142381.3	transcribed_unprocessed_pseudogene	11	2	9	0.2801	0.0695	0.0751
ENSG00000260629.2	BGLT3	lncRNA	0	0	0	0.0000	0.0000	0.0000
ENSG00000260630.7	SNAI3-AS1	lncRNA	108	67	49	1.0037	0.2489	0.2691
ENSG00000260631.1	RBM22P12	processed_pseudogene	0	0	0	0.0000	0.0000	0.0000
ENSG00000260633.1	AC010207.1	lncRNA	39	21	18	1.1365	0.2818	0.3047
ENSG00000260634.1	AC012508.2	lncRNA	1	0	1	0.0385	0.0096	0.0103
ENSG00000260635.1	AC092338.1	lncRNA	3	1	2	0.4022	0.0997	0.1078
ENSG00000260639.1	AC025678.1	processed_pseudogene	0	0	0	0.0000	0.0000	0.0000
ENSG00000260640.1	AP003115.1	lncRNA	0	0	0	0.0000	0.0000	0.0000
ENSG00000260641.1	AC114811.2	lncRNA	22	9	13	0.2209	0.0548	0.0592
ENSG00000260642.1	AC139426.2	lncRNA	0	0	0	0.0000	0.0000	0.0000
ENSG00000260643.2	AC092718.3	protein_coding	35	14	21	0.6248	0.1549	0.1675
ENSG00000260644.6	HERC2P5	transcribed_unprocessed_pseudogene	4	3	1	0.0373	0.0093	0.0100
ENSG00000260645.2	AL359715.2	lncRNA	29	16	13	0.7747	0.1921	0.2077
ENSG00000260646.1	AL031705.1	lncRNA	12	6	6	0.9978	0.2475	0.2676
ENSG00000260647.1	AC127537.1	lncRNA	10	7	3	0.7571	0.1878	0.2030
ENSG00000260648.3	AC020658.3	lncRNA	0	0	0	0.0000	0.0000	0.0000
ENSG00000260649.1	AC133485.4	transcribed_processed_pseudogene	0	0	0	0.0000	0.0000	0.0000
ENSG00000260650.1	AC010542.1	lncRNA	0	1	0	0.0000	0.0000	0.0000
ENSG00000260651.1	AF213884.3	lncRNA	2	7	2	0.2368	0.0587	0.0635
ENSG00000260653.6	AC237221.1	lncRNA	7	7	2	0.0846	0.0210	0.0227
ENSG00000260657.2	AC107871.2	lncRNA	1	20	19	0.0771	0.0191	0.0207
ENSG00000260658.6	AC138305.1	lncRNA	0	0	0	0.0000	0.0000	0.0000
ENSG00000260659.1	AC009113.2	lncRNA	0	33	34	0.0000	0.0000	0.0000
ENSG00000260660.4	AC113208.3	transcribed_unitary_pseudogene	0	0	0	0.0000	0.0000	0.0000
ENSG00000260661.1	AC116903.2	lncRNA	2	1	1	0.0870	0.0216	0.0233
ENSG00000260662.2	AC138915.1	processed_pseudogene	0	0	0	0.0000	0.0000	0.0000
ENSG00000260664.2	AC004158.1	lncRNA	0	1	3	0.0000	0.0000	0.0000
ENSG00000260668.1	AC093536.1	processed_pseudogene	5	3	2	0.5118	0.1269	0.1372
ENSG00000260669.2	AL096870.2	lncRNA	5	2	3	0.0931	0.0231	0.0250
ENSG00000260670.1	AC134508.1	lncRNA	0	0	0	0.0000	0.0000	0.0000
ENSG00000260671.2	AC010536.2	lncRNA	1	0	1	0.1678	0.0416	0.0450
ENSG00000260672.1	AC100827.4	lncRNA	2	0	2	0.0465	0.0115	0.0125
ENSG00000260673.1	AL034376.1	lncRNA	2	1	1	0.1979	0.0491	0.0531
ENSG00000260674.2	AC026826.3	processed_pseudogene	0	0	0	0.0000	0.0000	0.0000
ENSG00000260675.1	TCERG1P2	unprocessed_pseudogene	0	0	0	0.0000	0.0000	0.0000
ENSG00000260676.5	LINC01541	lncRNA	0	0	0	0.0000	0.0000	0.0000
ENSG00000260677.1	AL445531.1	lncRNA	2	1	1	0.0656	0.0163	0.0176
ENSG00000260678.1	AC093249.3	transcribed_processed_pseudogene	1	1	0	0.1337	0.0332	0.0359
ENSG00000260679.1	AP007216.2	lncRNA	1	1	0	0.1897	0.0470	0.0509
ENSG00000260680.1	AGGF1P5	processed_pseudogene	0	0	0	0.0000	0.0000	0.0000
ENSG00000260681.1	AC130456.4	lncRNA	0	12	22	0.0000	0.0000	0.0000
ENSG00000260682.3	RN7SKP176	misc_RNA	0	0	0	0.0000	0.0000	0.0000
ENSG00000260683.1	AL591643.1	lncRNA	0	0	0	0.0000	0.0000	0.0000
ENSG00000260685.1	AC027104.1	processed_pseudogene	1	0	1	0.0833	0.0207	0.0223
ENSG00000260686.1	AC008669.1	lncRNA	0	0	0	0.0000	0.0000	0.0000
ENSG00000260688.1	AC026470.1	processed_pseudogene	0	0	0	0.0000	0.0000	0.0000
ENSG00000260689.2	HNRNPA3P11	processed_pseudogene	4	2	2	0.2429	0.0602	0.0651
ENSG00000260690.1	CYCSP39	processed_pseudogene	1	1	0	0.1835	0.0455	0.0492
ENSG00000260691.6	ANKRD20A1	protein_coding	4	2	2	0.0349	0.0086	0.0093
ENSG00000260693.1	AC026150.1	lncRNA	4	3	1	0.3236	0.0802	0.0868
ENSG00000260694.1	AC009145.3	lncRNA	0	0	0	0.0000	0.0000	0.0000
ENSG00000260695.1	AC022164.1	lncRNA	36	16	20	0.7638	0.1894	0.2048
ENSG00000260698.1	AL591848.2	lncRNA	19	6	13	0.3630	0.0900	0.0973
ENSG00000260701.2	AC025284.1	lncRNA	5	5	0	0.0839	0.0208	0.0225
ENSG00000260702.3	AL031713.1	unprocessed_pseudogene	0	6	9	0.0000	0.0000	0.0000
ENSG00000260704.1	LINC00543	lncRNA	1	1	0	0.0307	0.0076	0.0082
ENSG00000260706.5	AC022166.1	lncRNA	0	0	0	0.0000	0.0000	0.0000
ENSG00000260708.1	AL118516.1	lncRNA	277	140	137	23.4458	5.8143	6.2866
ENSG00000260710.1	AC120498.4	lncRNA	813	402	411	144.0788	35.7301	38.6323
ENSG00000260711.2	AL121839.2	lncRNA	767	376	391	6.2648	1.5536	1.6798
ENSG00000260714.1	AC133552.1	processed_pseudogene	3	2	1	0.0425	0.0105	0.0114
ENSG00000260715.1	AC093536.2	lncRNA	0	0	0	0.0000	0.0000	0.0000
ENSG00000260719.1	AC009133.3	lncRNA	1	1	0	0.0342	0.0085	0.0092
ENSG00000260720.1	LINC01243	lncRNA	0	0	0	0.0000	0.0000	0.0000
ENSG00000260721.1	AF067845.1	lncRNA	0	0	0	0.0000	0.0000	0.0000
ENSG00000260722.1	VN1R67P	unitary_pseudogene	1	0	1	0.0621	0.0154	0.0167
ENSG00000260723.1	AC007598.1	lncRNA	0	0	0	0.0000	0.0000	0.0000
ENSG00000260724.1	VN1R69P	processed_pseudogene	0	0	0	0.0000	0.0000	0.0000
ENSG00000260725.1	AC005307.1	lncRNA	0	0	0	0.0000	0.0000	0.0000
ENSG00000260726.2	KLF8P1	processed_pseudogene	0	0	0	0.0000	0.0000	0.0000
ENSG00000260727.2	SLC7A5P1	transcribed_unprocessed_pseudogene	0	0	0	0.0000	0.0000	0.0000
ENSG00000260729.1	AC009690.1	protein_coding	11	7	4	0.1426	0.0354	0.0382
ENSG00000260731.1	KRT8P22	processed_pseudogene	4	1	3	0.1603	0.0398	0.0430
ENSG00000260733.1	AC046158.1	lncRNA	2	1	1	0.1577	0.0391	0.0423
ENSG00000260734.6	TLE7	protein_coding	0	0	0	0.0000	0.0000	0.0000
ENSG00000260735.2	AC139256.1	transcribed_processed_pseudogene	8	21	21	0.1746	0.0433	0.0468
ENSG00000260737.6	LINC01227	lncRNA	3	0	3	0.0549	0.0136	0.0147
ENSG00000260738.1	LINC00554	lncRNA	0	0	0	0.0000	0.0000	0.0000
ENSG00000260739.1	AC010760.1	lncRNA	0	0	0	0.0000	0.0000	0.0000
ENSG00000260740.2	AC026471.3	lncRNA	0	5	2	0.0000	0.0000	0.0000
ENSG00000260741.1	AC099482.1	lncRNA	0	7	1	0.0000	0.0000	0.0000
ENSG00000260742.1	AC009962.1	lncRNA	34	8	26	0.5057	0.1254	0.1356
ENSG00000260743.1	AC007823.1	lncRNA	22	8	14	0.7967	0.1976	0.2136
ENSG00000260744.1	AC007494.2	lncRNA	3	1	2	0.2227	0.0552	0.0597
ENSG00000260746.2	KIF18BP1	unprocessed_pseudogene	0	0	0	0.0000	0.0000	0.0000
ENSG00000260747.1	AC022968.1	processed_pseudogene	2	0	2	0.2566	0.0636	0.0688
ENSG00000260750.7	AC092720.1	lncRNA	0	0	0	0.0000	0.0000	0.0000
ENSG00000260751.2	AC008870.2	lncRNA	42	18	24	2.3260	0.5768	0.6237
ENSG00000260755.1	AC010542.2	lncRNA	0	165	169	0.0000	0.0000	0.0000
ENSG00000260756.1	AC131649.1	lncRNA	0	0	0	0.0000	0.0000	0.0000
ENSG00000260757.1	AC093520.1	lncRNA	2	1	1	0.0642	0.0159	0.0172
ENSG00000260759.1	AP001120.1	lncRNA	0	0	0	0.0000	0.0000	0.0000
ENSG00000260761.1	AC106754.1	lncRNA	1	0	1	0.0375	0.0093	0.0101
ENSG00000260762.1	ACSM5P1	unprocessed_pseudogene	1	1	0	0.0233	0.0058	0.0062
ENSG00000260763.1	AC106799.3	lncRNA	1	0	1	0.0172	0.0043	0.0046
ENSG00000260764.1	AC007224.1	processed_pseudogene	0	0	0	0.0000	0.0000	0.0000
ENSG00000260765.2	CES1P2	unprocessed_pseudogene	0	0	0	0.0000	0.0000	0.0000
ENSG00000260771.1	AL138918.1	lncRNA	1	0	1	0.0861	0.0213	0.0231
ENSG00000260772.1	AC012321.1	lncRNA	0	0	0	0.0000	0.0000	0.0000
ENSG00000260773.1	AC055855.1	lncRNA	11	104	114	1.2476	0.3094	0.3345
ENSG00000260774.1	AC021087.3	lncRNA	47	28	19	0.9252	0.2294	0.2481
ENSG00000260776.6	AC104758.2	transcribed_unprocessed_pseudogene	5	2	3	0.0893	0.0221	0.0239
ENSG00000260777.1	AC061975.1	lncRNA	2	0	2	0.0415	0.0103	0.0111
ENSG00000260778.5	AC009065.4	lncRNA	39	17	27	2.2568	0.5597	0.6051
ENSG00000260779.1	AP001180.1	lncRNA	1	1	0	0.0159	0.0039	0.0043
ENSG00000260780.1	AC087463.1	lncRNA	0	0	0	0.0000	0.0000	0.0000
ENSG00000260781.1	ARHGAP23P1	transcribed_unprocessed_pseudogene	1	1	0	0.0273	0.0068	0.0073
ENSG00000260782.1	AC007225.1	processed_pseudogene	5	3	2	0.1544	0.0383	0.0414
ENSG00000260784.1	AC026150.2	unprocessed_pseudogene	2	0	2	0.0981	0.0243	0.0263
ENSG00000260785.2	CASC17	lncRNA	0	0	0	0.0000	0.0000	0.0000
ENSG00000260786.1	AC108099.1	lncRNA	0	0	0	0.0000	0.0000	0.0000
ENSG00000260788.6	AC009063.2	lncRNA	2	1	1	0.0190	0.0047	0.0051
ENSG00000260790.1	AC092338.2	lncRNA	2	1	2	0.0780	0.0193	0.0209
ENSG00000260792.1	LINC02280	lncRNA	1	1	1	0.0149	0.0037	0.0040
ENSG00000260793.2	AC003102.1	lncRNA	266	147	153	7.4974	1.8593	2.0103
ENSG00000260795.1	AC093519.1	processed_pseudogene	0	0	0	0.0000	0.0000	0.0000
ENSG00000260796.1	AC145285.3	lncRNA	7	5	3	0.7351	0.1823	0.1971
ENSG00000260797.1	AC106734.1	processed_pseudogene	0	0	0	0.0000	0.0000	0.0000
ENSG00000260798.1	AC099314.1	lncRNA	0	1779	1838	0.0000	0.0000	0.0000
ENSG00000260799.1	KRT8P50	processed_pseudogene	0	0	0	0.0000	0.0000	0.0000
ENSG00000260802.1	SERTM2	protein_coding	6	3	3	0.0715	0.0177	0.0192
ENSG00000260803.1	Z84723.1	lncRNA	0	0	0	0.0000	0.0000	0.0000
ENSG00000260804.3	LINC01963	lncRNA	891	442	449	16.0510	3.9805	4.3038
ENSG00000260805.2	AC092803.1	lncRNA	86	47	41	2.5682	0.6369	0.6886
ENSG00000260806.1	AL163051.1	lncRNA	38	24	23	1.4253	0.3534	0.3822
ENSG00000260807.7	CEROX1	lncRNA	14	5	10	0.2033	0.0504	0.0545
ENSG00000260808.1	AP003096.1	lncRNA	1	150	166	0.0518	0.0129	0.0139
ENSG00000260809.1	VPS35P1	unprocessed_pseudogene	0	0	0	0.0000	0.0000	0.0000
ENSG00000260810.1	AL135818.2	lncRNA	20	10	10	1.6088	0.3990	0.4314
ENSG00000260811.3	OR4C45	polymorphic_pseudogene	0	0	0	0.0000	0.0000	0.0000
ENSG00000260812.1	RARRES2P7	processed_pseudogene	0	0	0	0.0000	0.0000	0.0000
ENSG00000260814.2	AC073657.1	lncRNA	0	8	18	0.0000	0.0000	0.0000
ENSG00000260815.3	PPIAP47	processed_pseudogene	1	0	1	0.1146	0.0284	0.0307
ENSG00000260816.2	AC027279.1	lncRNA	4	1	3	0.0530	0.0131	0.0142
ENSG00000260817.2	AC074051.2	processed_pseudogene	1	1	0	0.1584	0.0393	0.0425
ENSG00000260818.2	UNGP1	processed_pseudogene	0	0	0	0.0000	0.0000	0.0000
ENSG00000260823.1	AC026461.3	lncRNA	0	0	0	0.0000	0.0000	0.0000
ENSG00000260827.1	AC138869.3	lncRNA	0	0	0	0.0000	0.0000	0.0000
ENSG00000260828.1	HMGB3P32	processed_pseudogene	0	0	0	0.0000	0.0000	0.0000
ENSG00000260830.1	AL135744.1	lncRNA	3	2	1	0.2705	0.0671	0.0725
ENSG00000260832.1	AC125793.1	lncRNA	0	0	0	0.0000	0.0000	0.0000
ENSG00000260834.1	AC009055.2	lncRNA	0	0	0	0.0000	0.0000	0.0000
ENSG00000260835.1	AC007223.1	lncRNA	0	0	0	0.0000	0.0000	0.0000
ENSG00000260836.2	AC245033.1	protein_coding	0	0	0	0.0000	0.0000	0.0000
ENSG00000260838.3	AC022893.2	lncRNA	21	8	13	0.3613	0.0896	0.0969
ENSG00000260840.2	LINC01964	lncRNA	0	0	0	0.0000	0.0000	0.0000
ENSG00000260844.2	AC055876.4	processed_pseudogene	0	0	0	0.0000	0.0000	0.0000
ENSG00000260845.1	AC138907.2	lncRNA	0	0	0	0.0000	0.0000	0.0000
ENSG00000260846.2	FRG2HP	unprocessed_pseudogene	0	0	0	0.0000	0.0000	0.0000
ENSG00000260847.1	AC133485.5	lncRNA	0	0	0	0.0000	0.0000	0.0000
ENSG00000260848.2	AC092114.1	lncRNA	0	0	0	0.0000	0.0000	0.0000
ENSG00000260850.2	AC007344.1	lncRNA	0	0	0	0.0000	0.0000	0.0000
ENSG00000260851.7	AC010542.3	protein_coding	1	0	3	0.0424	0.0105	0.0114
ENSG00000260852.1	FBXL19-AS1	lncRNA	387	216	198	5.5547	1.3775	1.4894
ENSG00000260853.2	AC109460.2	lncRNA	121	356	332	2.0952	0.5196	0.5618
ENSG00000260854.1	LINC02184	lncRNA	0	0	0	0.0000	0.0000	0.0000
ENSG00000260855.1	AL591848.3	lncRNA	163	80	83	2.6624	0.6602	0.7139
ENSG00000260857.3	AC018558.1	lncRNA	0	0	0	0.0000	0.0000	0.0000
ENSG00000260858.1	AC010551.3	lncRNA	0	0	0	0.0000	0.0000	0.0000
ENSG00000260859.1	AC025280.1	lncRNA	2	1	1	0.4362	0.1082	0.1170
ENSG00000260860.2	AC126773.5	processed_pseudogene	0	0	0	0.0000	0.0000	0.0000
ENSG00000260861.6	AL049634.2	protein_coding	0	0	0	0.0000	0.0000	0.0000
ENSG00000260862.1	AC099506.1	lncRNA	0	0	0	0.0000	0.0000	0.0000
ENSG00000260863.1	CYP2C60P	unprocessed_pseudogene	0	0	0	0.0000	0.0000	0.0000
ENSG00000260864.1	ABHD17AP7	unprocessed_pseudogene	0	0	0	0.0000	0.0000	0.0000
ENSG00000260865.1	AC010287.1	transcribed_processed_pseudogene	1	0	1	0.1589	0.0394	0.0426
ENSG00000260866.2	AC138915.2	unprocessed_pseudogene	0	0	0	0.0000	0.0000	0.0000
ENSG00000260867.1	AC009107.1	lncRNA	0	0	0	0.0000	0.0000	0.0000
ENSG00000260868.1	LINC01960	lncRNA	16	6	10	0.4816	0.1194	0.1291
ENSG00000260870.1	NDUFB10P1	processed_pseudogene	0	0	0	0.0000	0.0000	0.0000
ENSG00000260871.1	AC093510.2	lncRNA	16	7	9	1.0127	0.2511	0.2715
ENSG00000260874.5	AC106820.5	lncRNA	15	73	66	0.9677	0.2400	0.2595
ENSG00000260876.6	LINC01229	lncRNA	7	5	3	0.0399	0.0099	0.0107
ENSG00000260877.2	AP005233.2	lncRNA	21	9	12	3.2014	0.7939	0.8584
ENSG00000260878.1	AC104072.1	lncRNA	0	0	0	0.0000	0.0000	0.0000
ENSG00000260879.1	AL359258.2	lncRNA	0	114	101	0.0000	0.0000	0.0000
ENSG00000260880.5	HCCAT5	lncRNA	0	0	0	0.0000	0.0000	0.0000
ENSG00000260882.1	AC026458.1	processed_pseudogene	0	0	0	0.0000	0.0000	0.0000
ENSG00000260883.1	VN1R65P	unitary_pseudogene	0	0	0	0.0000	0.0000	0.0000
ENSG00000260884.1	AC009120.3	lncRNA	34	17	27	3.7586	0.9321	1.0078
ENSG00000260886.2	TAT-AS1	lncRNA	1	6	15	0.0357	0.0089	0.0096
ENSG00000260887.3	CASC22	lncRNA	0	0	0	0.0000	0.0000	0.0000
ENSG00000260889.1	CKBP1	processed_pseudogene	0	0	0	0.0000	0.0000	0.0000
ENSG00000260891.1	AC020978.3	lncRNA	6	2	4	0.7397	0.1834	0.1983
ENSG00000260892.1	AC105020.4	lncRNA	0	140	130	0.0000	0.0000	0.0000
ENSG00000260894.1	AC027682.3	lncRNA	0	194	233	0.0000	0.0000	0.0000
ENSG00000260895.1	AP003071.1	lncRNA	2	0	2	0.1823	0.0452	0.0489
ENSG00000260896.6	ARLNC1	lncRNA	3	1	2	0.0253	0.0063	0.0068
ENSG00000260897.1	DNM1P30	unprocessed_pseudogene	0	0	0	0.0000	0.0000	0.0000
ENSG00000260898.6	ADPGK-AS1	lncRNA	13	19	36	0.1460	0.0362	0.0391
ENSG00000260899.1	AC106886.2	lncRNA	0	0	0	0.0000	0.0000	0.0000
ENSG00000260900.1	AC145350.3	processed_pseudogene	0	0	0	0.0000	0.0000	0.0000
ENSG00000260902.1	LINC02011	lncRNA	0	0	0	0.0000	0.0000	0.0000
ENSG00000260903.3	XKR7	protein_coding	0	0	0	0.0000	0.0000	0.0000
ENSG00000260905.1	AC009021.1	lncRNA	0	0	0	0.0000	0.0000	0.0000
ENSG00000260907.1	AC015818.2	lncRNA	5	3	2	0.3376	0.0837	0.0905
ENSG00000260908.1	AC009093.3	transcribed_unprocessed_pseudogene	3	7	2	0.0780	0.0194	0.0209
ENSG00000260909.1	AC012186.1	unprocessed_pseudogene	0	0	0	0.0000	0.0000	0.0000
ENSG00000260910.2	LINC00565	lncRNA	39	18	25	0.3723	0.0923	0.0998
ENSG00000260911.2	AC135050.3	lncRNA	4	1	3	0.5052	0.1253	0.1355
ENSG00000260912.1	AL158206.1	lncRNA	486	256	230	14.0260	3.4783	3.7608
ENSG00000260913.1	LINC01254	lncRNA	0	0	0	0.0000	0.0000	0.0000
ENSG00000260914.3	AC026464.4	protein_coding	0	0	0	0.0000	0.0000	0.0000
ENSG00000260916.7	CCPG1	protein_coding	1967	1001	973	12.6904	3.1471	3.4027
ENSG00000260917.1	AL158212.3	lncRNA	162	72	90	2.1683	0.5377	0.5814
ENSG00000260918.1	AC107398.3	lncRNA	4	3	1	0.0324	0.0080	0.0087
ENSG00000260919.1	AC100835.1	lncRNA	0	1	0	0.0000	0.0000	0.0000
ENSG00000260920.2	AL031985.3	lncRNA	129	67	62	2.9872	0.7408	0.8010
ENSG00000260921.1	AC142086.4	lncRNA	0	0	0	0.0000	0.0000	0.0000
ENSG00000260922.2	AC009139.1	lncRNA	2	8	5	0.0662	0.0164	0.0178
ENSG00000260923.7	LINC02193	lncRNA	10	3	7	0.1254	0.0311	0.0336
ENSG00000260924.2	LINC01311	lncRNA	28	16	12	1.0989	0.2725	0.2946
ENSG00000260926.3	AC016134.1	lncRNA	0	0	1	0.0000	0.0000	0.0000
ENSG00000260927.2	AC009107.2	lncRNA	10	1012	957	0.1183	0.0293	0.0317
ENSG00000260928.2	SPCS2P1	processed_pseudogene	1	0	1	0.0835	0.0207	0.0224
ENSG00000260930.2	LINC01416	lncRNA	2	2	0	0.0207	0.0051	0.0055
ENSG00000260932.1	AC009119.2	lncRNA	3	0	3	0.3022	0.0749	0.0810
ENSG00000260933.1	AC091489.2	processed_pseudogene	1	1	0	0.0939	0.0233	0.0252
ENSG00000260934.1	AC130456.5	lncRNA	0	914	785	0.0000	0.0000	0.0000
ENSG00000260937.6	AC025272.1	lncRNA	0	0	0	0.0000	0.0000	0.0000
ENSG00000260939.1	AC007346.2	processed_pseudogene	0	0	0	0.0000	0.0000	0.0000
ENSG00000260941.1	LINC00622	lncRNA	40	22	18	1.4448	0.3583	0.3874
ENSG00000260942.1	CAPN10-DT	lncRNA	115	63	52	1.6304	0.4043	0.4372
ENSG00000260943.1	LINC02555	lncRNA	0	0	0	0.0000	0.0000	0.0000
ENSG00000260944.1	FOXC2-AS1	lncRNA	0	6	10	0.0000	0.0000	0.0000
ENSG00000260945.1	AC109495.1	lncRNA	0	0	0	0.0000	0.0000	0.0000
ENSG00000260947.1	AL356489.2	lncRNA	54	32	22	0.8680	0.2153	0.2327
ENSG00000260948.1	AL390195.2	lncRNA	118	61	57	3.3078	0.8203	0.8869
ENSG00000260949.1	AP006545.1	lncRNA	3	1	2	0.1868	0.0463	0.0501
ENSG00000260951.2	AC005100.1	lncRNA	0	0	0	0.0000	0.0000	0.0000
ENSG00000260953.1	AC009093.4	lncRNA	6	1	6	0.6065	0.1504	0.1626
ENSG00000260954.1	AL133297.1	lncRNA	16	10	6	2.2459	0.5570	0.6022
ENSG00000260955.2	AC100821.2	lncRNA	1	0	1	0.1289	0.0320	0.0346
ENSG00000260957.1	AC126323.5	lncRNA	0	0	0	0.0000	0.0000	0.0000
ENSG00000260958.3	AC023824.3	lncRNA	0	0	0	0.0000	0.0000	0.0000
ENSG00000260959.1	AC087463.2	lncRNA	0	0	0	0.0000	0.0000	0.0000
ENSG00000260962.1	LINC00557	lncRNA	0	0	0	0.0000	0.0000	0.0000
ENSG00000260963.2	AC026462.3	lncRNA	1	1	0	0.0174	0.0043	0.0047
ENSG00000260965.1	RPL23AP91	processed_pseudogene	0	0	0	0.0000	0.0000	0.0000
ENSG00000260966.1	AP001486.2	lncRNA	0	0	0	0.0000	0.0000	0.0000
ENSG00000260967.1	RARRES2P5	processed_pseudogene	0	0	0	0.0000	0.0000	0.0000
ENSG00000260969.2	WWOX-AS1	lncRNA	0	0	0	0.0000	0.0000	0.0000
ENSG00000260970.1	AC006288.1	lncRNA	0	0	0	0.0000	0.0000	0.0000
ENSG00000260971.4	AC119674.1	lncRNA	4	2	2	0.0288	0.0071	0.0077
ENSG00000260972.1	Z98259.1	lncRNA	0	0	0	0.0000	0.0000	0.0000
ENSG00000260973.1	AC009021.2	lncRNA	0	0	0	0.0000	0.0000	0.0000
ENSG00000260974.1	AC138907.3	lncRNA	0	1	0	0.0000	0.0000	0.0000
ENSG00000260975.1	AC007333.2	lncRNA	0	0	0	0.0000	0.0000	0.0000
ENSG00000260976.2	LINC01633	lncRNA	1	0	1	0.0399	0.0099	0.0107
ENSG00000260978.1	AC126407.1	lncRNA	3	10	5	0.3006	0.0745	0.0806
ENSG00000260979.1	AC022167.3	lncRNA	6	2	4	0.7969	0.1976	0.2137
ENSG00000260981.1	AC091932.1	lncRNA	0	0	0	0.0000	0.0000	0.0000
ENSG00000260983.2	AC010528.1	lncRNA	0	0	0	0.0000	0.0000	0.0000
ENSG00000260984.1	FGFR3P5	unprocessed_pseudogene	0	0	0	0.0000	0.0000	0.0000
ENSG00000260986.1	AC126335.1	lncRNA	0	0	0	0.0000	0.0000	0.0000
ENSG00000260988.1	AC090260.1	lncRNA	9	4	5	0.2643	0.0655	0.0709
ENSG00000260989.1	AL133297.2	lncRNA	21	20	24	2.4555	0.6089	0.6584
ENSG00000260990.1	Z94057.1	lncRNA	6	7	1	0.4017	0.0996	0.1077
ENSG00000260991.2	AC120498.5	unprocessed_pseudogene	0	0	0	0.0000	0.0000	0.0000
ENSG00000260992.1	DOCK9-DT	lncRNA	22	13	9	1.5460	0.3834	0.4145
ENSG00000260994.1	AGGF1P7	processed_pseudogene	0	0	0	0.0000	0.0000	0.0000
ENSG00000260995.3	AL512634.1	lncRNA	0	0	0	0.0000	0.0000	0.0000
ENSG00000260996.1	BX255925.1	lncRNA	8	6	4	0.2447	0.0607	0.0656
ENSG00000260997.1	AC004847.1	lncRNA	104	57	47	3.0863	0.7654	0.8275
ENSG00000260999.1	AC009137.1	lncRNA	0	58	52	0.0000	0.0000	0.0000
ENSG00000261000.1	AC244034.2	lncRNA	3	3	0	0.3342	0.0829	0.0896
ENSG00000261002.5	AC036103.1	lncRNA	14	1734	1634	0.8036	0.1993	0.2155
ENSG00000261003.1	AL008628.1	lncRNA	2	0	2	0.0219	0.0054	0.0059
ENSG00000261007.2	NPM1P3	processed_pseudogene	0	0	0	0.0000	0.0000	0.0000
ENSG00000261008.7	LINC01572	lncRNA	10	8	6	0.0452	0.0112	0.0121
ENSG00000261009.1	AC141257.1	lncRNA	0	0	0	0.0000	0.0000	0.0000
ENSG00000261010.1	RARRES2P6	processed_pseudogene	0	0	0	0.0000	0.0000	0.0000
ENSG00000261011.1	AL136982.4	transcribed_unprocessed_pseudogene	0	0	0	0.0000	0.0000	0.0000
ENSG00000261012.2	AC115619.1	lncRNA	0	0	0	0.0000	0.0000	0.0000
ENSG00000261014.2	LINC02165	lncRNA	0	0	0	0.0000	0.0000	0.0000
ENSG00000261017.1	AC096996.1	processed_pseudogene	0	0	0	0.0000	0.0000	0.0000
ENSG00000261018.1	AC002101.1	lncRNA	0	0	0	0.0000	0.0000	0.0000
ENSG00000261019.1	AC010132.4	lncRNA	10	4	6	0.4145	0.1028	0.1112
ENSG00000261020.1	AC132825.3	lncRNA	0	0	0	0.0000	0.0000	0.0000
ENSG00000261024.7	GS1-279B7.1	transcribed_processed_pseudogene	1	0	1	0.0471	0.0117	0.0126
ENSG00000261025.1	AL445471.1	lncRNA	0	0	0	0.0000	0.0000	0.0000
ENSG00000261026.1	AC105046.1	lncRNA	11	5	6	0.1248	0.0310	0.0335
ENSG00000261028.1	AC012322.1	lncRNA	0	0	0	0.0000	0.0000	0.0000
ENSG00000261029.1	AC138304.1	lncRNA	0	0	0	0.0000	0.0000	0.0000
ENSG00000261030.1	AC079171.1	lncRNA	1	0	1	0.0620	0.0154	0.0166
ENSG00000261033.1	AC005730.2	lncRNA	9	5	5	0.4311	0.1069	0.1156
ENSG00000261035.1	AL139348.1	lncRNA	0	0	0	0.0000	0.0000	0.0000
ENSG00000261036.2	AC113418.1	lncRNA	2	2	0	0.1208	0.0300	0.0324
ENSG00000261037.1	AC010266.2	lncRNA	2	1	1	0.0348	0.0086	0.0093
ENSG00000261038.1	AL133457.1	lncRNA	0	0	0	0.0000	0.0000	0.0000
ENSG00000261039.3	LINC02544	lncRNA	331	164	167	27.9330	6.9271	7.4898
ENSG00000261040.7	WFDC21P	transcribed_unitary_pseudogene	8	15	10	0.4128	0.1024	0.1107
ENSG00000261041.1	AC138749.3	unprocessed_pseudogene	0	0	0	0.0000	0.0000	0.0000
ENSG00000261043.5	AC019294.3	lncRNA	0	0	2	0.0000	0.0000	0.0000
ENSG00000261044.1	AP006547.1	lncRNA	1	1	0	0.0820	0.0203	0.0220
ENSG00000261045.2	LINC02129	lncRNA	0	0	0	0.0000	0.0000	0.0000
ENSG00000261046.1	C2orf69P1	processed_pseudogene	0	0	0	0.0000	0.0000	0.0000
ENSG00000261047.1	AC137527.1	processed_pseudogene	0	0	0	0.0000	0.0000	0.0000
ENSG00000261048.1	AC012414.5	processed_pseudogene	0	0	0	0.0000	0.0000	0.0000
ENSG00000261049.2	AC007347.1	lncRNA	0	0	0	0.0000	0.0000	0.0000
ENSG00000261051.1	AC107021.2	lncRNA	96	54	42	2.5986	0.6444	0.6968
ENSG00000261052.6	SULT1A3	protein_coding	1	1	0	0.0221	0.0055	0.0059
ENSG00000261053.1	NAMPTP3	processed_pseudogene	0	0	0	0.0000	0.0000	0.0000
ENSG00000261054.1	AC036108.2	lncRNA	3	281	297	0.0664	0.0165	0.0178
ENSG00000261055.1	AL450468.2	lncRNA	0	0	0	0.0000	0.0000	0.0000
ENSG00000261056.2	AC079416.2	transcribed_processed_pseudogene	1	1	0	0.0361	0.0090	0.0097
ENSG00000261057.1	LINC00555	lncRNA	0	0	0	0.0000	0.0000	0.0000
ENSG00000261058.1	AC099508.2	lncRNA	0	0	0	0.0000	0.0000	0.0000
ENSG00000261060.1	AL160286.2	lncRNA	0	0	0	0.0000	0.0000	0.0000
ENSG00000261061.1	AC092718.4	lncRNA	121	57	64	9.5837	2.3767	2.5697
ENSG00000261063.1	AC009139.2	lncRNA	0	166	145	0.0000	0.0000	0.0000
ENSG00000261064.1	LINC02256	lncRNA	16	12	12	0.9982	0.2475	0.2676
ENSG00000261065.1	AL592146.1	lncRNA	0	681	665	0.0000	0.0000	0.0000
ENSG00000261066.1	AC074052.2	lncRNA	0	0	0	0.0000	0.0000	0.0000
ENSG00000261067.7	AC109460.3	lncRNA	9	6	3	0.0964	0.0239	0.0258
ENSG00000261068.2	AL512274.1	lncRNA	97	53	44	2.7138	0.6730	0.7277
ENSG00000261069.3	AC124312.3	lncRNA	0	0	0	0.0000	0.0000	0.0000
ENSG00000261070.1	AP003071.2	lncRNA	1	0	1	0.0573	0.0142	0.0154
ENSG00000261071.1	AL441883.1	lncRNA	0	56	56	0.0000	0.0000	0.0000
ENSG00000261072.2	AC084783.1	processed_pseudogene	1	1	0	0.0623	0.0155	0.0167
ENSG00000261075.1	LINC01195	lncRNA	0	0	0	0.0000	0.0000	0.0000
ENSG00000261076.1	AC016396.2	lncRNA	7	2	5	0.2801	0.0695	0.0751
ENSG00000261077.1	AC016180.2	processed_pseudogene	0	0	0	0.0000	0.0000	0.0000
ENSG00000261078.1	AC009118.1	lncRNA	0	0	0	0.0000	0.0000	0.0000
ENSG00000261079.1	AC009053.2	lncRNA	9	18	11	0.2158	0.0535	0.0579
ENSG00000261080.1	RUNX2-AS1	lncRNA	1	0	1	0.0375	0.0093	0.0101
ENSG00000261081.1	AC025678.2	unprocessed_pseudogene	0	0	0	0.0000	0.0000	0.0000
ENSG00000261082.1	LINC01228	lncRNA	1	0	1	0.0910	0.0226	0.0244
ENSG00000261083.3	LINC02516	lncRNA	10	5	5	0.2173	0.0539	0.0583
ENSG00000261084.1	PPP1R1AP2	processed_pseudogene	0	0	0	0.0000	0.0000	0.0000
ENSG00000261087.1	ZNNT1	lncRNA	496	253	243	9.9569	2.4692	2.6698
ENSG00000261089.1	CDC37P2	processed_pseudogene	2	0	2	0.1102	0.0273	0.0296
ENSG00000261090.2	AC127459.2	lncRNA	1	1	0	0.0238	0.0059	0.0064
ENSG00000261092.1	LINC02178	lncRNA	1	1	0	0.1334	0.0331	0.0358
ENSG00000261093.1	AC141586.3	lncRNA	0	371	395	0.0000	0.0000	0.0000
ENSG00000261094.2	AC007066.2	lncRNA	152	77	75	3.2236	0.7994	0.8644
ENSG00000261095.1	AC136285.1	lncRNA	2	2	0	0.0784	0.0194	0.0210
ENSG00000261096.1	AC073476.2	lncRNA	12	7	5	0.2714	0.0673	0.0728
ENSG00000261097.1	LINC00563	lncRNA	0	2	1	0.0000	0.0000	0.0000
ENSG00000261098.1	AP000766.1	lncRNA	291	162	129	3.9861	0.9885	1.0688
ENSG00000261101.2	AC234775.2	lncRNA	18	9	9	1.5561	0.3859	0.4172
ENSG00000261102.2	ATP5MFP6	processed_pseudogene	0	0	0	0.0000	0.0000	0.0000
ENSG00000261103.3	AC009063.3	lncRNA	0	0	0	0.0000	0.0000	0.0000
ENSG00000261104.1	AC093904.4	lncRNA	1	1	0	0.0173	0.0043	0.0046
ENSG00000261105.6	LMO7-AS1	lncRNA	24	145	117	0.6387	0.1584	0.1713
ENSG00000261108.2	AC138907.4	processed_pseudogene	0	0	0	0.0000	0.0000	0.0000
ENSG00000261111.1	AC133569.1	processed_pseudogene	0	0	0	0.0000	0.0000	0.0000
ENSG00000261113.1	AC009034.1	lncRNA	0	120	130	0.0000	0.0000	0.0000
ENSG00000261114.1	AC012181.1	lncRNA	9	6	3	0.7302	0.1811	0.1958
ENSG00000261115.6	TMEM178B	protein_coding	37	21	16	0.1939	0.0481	0.0520
ENSG00000261116.1	AL049555.1	lncRNA	0	0	0	0.0000	0.0000	0.0000
ENSG00000261117.1	AC009486.1	lncRNA	3	2	2	0.2093	0.0519	0.0561
ENSG00000261118.1	AC092123.1	lncRNA	25	14	11	1.3567	0.3364	0.3638
ENSG00000261120.1	AL133299.1	lncRNA	0	0	1	0.0000	0.0000	0.0000
ENSG00000261121.2	LINC02473	lncRNA	3	1	2	0.0748	0.0186	0.0201
ENSG00000261122.6	LINC02167	lncRNA	0	0	0	0.0000	0.0000	0.0000
ENSG00000261123.1	AC009065.5	lncRNA	5	13	12	0.4758	0.1180	0.1276
ENSG00000261124.1	AC135050.4	lncRNA	2	1	1	0.2250	0.0558	0.0603
ENSG00000261126.7	RBFADN	lncRNA	36	19	17	0.3083	0.0764	0.0827
ENSG00000261127.2	AC133548.2	transcribed_processed_pseudogene	0	0	0	0.0000	0.0000	0.0000
ENSG00000261129.1	AC106871.1	lncRNA	0	0	0	0.0000	0.0000	0.0000
ENSG00000261130.5	AC140504.1	protein_coding	0	0	0	0.0000	0.0000	0.0000
ENSG00000261131.1	AC012186.2	lncRNA	5	1	4	0.8833	0.2191	0.2369
ENSG00000261135.1	AL137802.2	lncRNA	1	1	0	0.0511	0.0127	0.0137
ENSG00000261136.1	AC023908.3	lncRNA	260	149	124	4.8391	1.2000	1.2975
ENSG00000261140.1	AC093525.4	lncRNA	4	3	1	0.4942	0.1226	0.1325
ENSG00000261141.1	AC092718.5	lncRNA	14	9	5	1.3389	0.3320	0.3590
ENSG00000261143.1	ADAMTS7P3	transcribed_unprocessed_pseudogene	6	3	4	0.0905	0.0225	0.0243
ENSG00000261144.1	AC092121.1	processed_pseudogene	0	0	0	0.0000	0.0000	0.0000
ENSG00000261145.1	AC009060.2	processed_pseudogene	0	0	0	0.0000	0.0000	0.0000
ENSG00000261146.1	AC007159.1	lncRNA	0	0	0	0.0000	0.0000	0.0000
ENSG00000261147.1	AC091167.2	protein_coding	0	0	0	0.0000	0.0000	0.0000
ENSG00000261150.3	EPPK1	protein_coding	1517	793	724	5.3751	1.3330	1.4413
ENSG00000261151.1	AC012182.1	processed_pseudogene	0	0	0	0.0000	0.0000	0.0000
ENSG00000261153.2	AC136428.3	processed_pseudogene	0	0	0	0.0000	0.0000	0.0000
ENSG00000261154.1	LINC02131	lncRNA	2	1	1	0.2707	0.0671	0.0726
ENSG00000261156.6	LINC01989	lncRNA	0	0	0	0.0000	0.0000	0.0000
ENSG00000261158.1	AC109597.2	lncRNA	0	0	0	0.0000	0.0000	0.0000
ENSG00000261159.1	AC112484.3	lncRNA	17	8	9	1.1887	0.2948	0.3187
ENSG00000261161.1	AC009154.1	lncRNA	0	0	0	0.0000	0.0000	0.0000
ENSG00000261166.1	AC073429.2	lncRNA	0	0	0	0.0000	0.0000	0.0000
ENSG00000261167.1	AC107027.3	lncRNA	375	198	177	6.1233	1.5185	1.6419
ENSG00000261168.1	AL592424.1	lncRNA	11	4	7	0.4061	0.1007	0.1089
ENSG00000261170.2	AC009053.3	lncRNA	9	6	3	0.1573	0.0390	0.0422
ENSG00000261172.1	AC133919.2	lncRNA	19	11	8	1.1318	0.2807	0.3035
ENSG00000261173.1	AC018845.3	lncRNA	10	3	7	1.0990	0.2725	0.2947
ENSG00000261174.2	HMGB1P33	processed_pseudogene	0	0	0	0.0000	0.0000	0.0000
ENSG00000261175.6	LINC02188	lncRNA	6	2	4	0.0583	0.0144	0.0156
ENSG00000261177.1	AC135012.1	lncRNA	0	0	0	0.0000	0.0000	0.0000
ENSG00000261178.2	AC009169.1	unprocessed_pseudogene	0	0	0	0.0000	0.0000	0.0000
ENSG00000261181.1	AC136619.1	unprocessed_pseudogene	0	0	0	0.0000	0.0000	0.0000
ENSG00000261182.1	AL596211.1	lncRNA	0	0	0	0.0000	0.0000	0.0000
ENSG00000261183.5	SPINT1-AS1	lncRNA	300	217	211	13.7312	3.4052	3.6818
ENSG00000261184.3	AC083864.3	lncRNA	0	0	0	0.0000	0.0000	0.0000
ENSG00000261186.2	AC093642.2	lncRNA	17	10	7	0.8709	0.2160	0.2335
ENSG00000261187.1	AC079322.1	lncRNA	11	9	2	0.5496	0.1363	0.1474
ENSG00000261188.1	Z95115.1	lncRNA	635	327	308	17.7219	4.3948	4.7518
ENSG00000261189.1	AL031058.1	lncRNA	115	71	45	7.3442	1.8213	1.9692
ENSG00000261190.5	C16orf97	lncRNA	0	0	0	0.0000	0.0000	0.0000
ENSG00000261191.1	AC013640.1	lncRNA	1	0	1	0.1004	0.0249	0.0269
ENSG00000261192.1	RNF126P1	transcribed_processed_pseudogene	8	4	4	0.3437	0.0852	0.0922
ENSG00000261193.1	AC134312.4	lncRNA	1	0	1	0.1014	0.0252	0.0272
ENSG00000261194.2	LINC01898	lncRNA	0	0	0	0.0000	0.0000	0.0000
ENSG00000261195.1	AC027130.1	lncRNA	3	1	2	0.1712	0.0424	0.0459
ENSG00000261196.1	CYP4A43P	unprocessed_pseudogene	0	0	0	0.0000	0.0000	0.0000
ENSG00000261197.2	AC133561.3	processed_pseudogene	0	0	0	0.0000	0.0000	0.0000
ENSG00000261198.1	AC005774.2	lncRNA	0	0	0	0.0000	0.0000	0.0000
ENSG00000261199.1	UBE2FP2	processed_pseudogene	0	0	0	0.0000	0.0000	0.0000
ENSG00000261200.1	AC136944.2	lncRNA	0	0	0	0.0000	0.0000	0.0000
ENSG00000261202.1	Z83847.1	lncRNA	7	9	4	0.2713	0.0673	0.0728
ENSG00000261203.1	AC106782.2	unprocessed_pseudogene	0	0	0	0.0000	0.0000	0.0000
ENSG00000261204.1	AC004449.1	lncRNA	4	2	2	0.5239	0.1299	0.1405
ENSG00000261205.2	NIFKP4	processed_pseudogene	0	0	0	0.0000	0.0000	0.0000
ENSG00000261206.1	LINC00561	lncRNA	0	0	0	0.0000	0.0000	0.0000
ENSG00000261207.1	AL031717.1	lncRNA	14	4	10	1.4052	0.3485	0.3768
ENSG00000261208.1	AL365475.1	processed_pseudogene	3	1	2	0.0873	0.0216	0.0234
ENSG00000261209.1	SULT1C2P2	unprocessed_pseudogene	0	0	0	0.0000	0.0000	0.0000
ENSG00000261210.8	CLEC19A	protein_coding	9	6	3	0.1496	0.0371	0.0401
ENSG00000261211.1	AL031123.2	lncRNA	69	31	38	1.1768	0.2918	0.3155
ENSG00000261213.1	AC099786.3	lncRNA	0	0	0	0.0000	0.0000	0.0000
ENSG00000261215.1	AL162231.4	lncRNA	4	1	3	0.0695	0.0172	0.0186
ENSG00000261216.1	AC007216.2	lncRNA	1	0	1	0.1477	0.0366	0.0396
ENSG00000261217.2	BCAP31P1	unprocessed_pseudogene	2	1	1	0.2946	0.0731	0.0790
ENSG00000261218.5	AC099524.1	lncRNA	14	6	8	0.4105	0.1018	0.1101
ENSG00000261219.1	AC090651.1	lncRNA	1	1	0	0.0894	0.0222	0.0240
ENSG00000261220.2	AC103706.1	lncRNA	317	157	160	26.4758	6.5657	7.0990
ENSG00000261221.4	ZNF865	protein_coding	647	326	321	9.7506	2.4180	2.6145
ENSG00000261222.3	AC064805.1	lncRNA	4	2	2	0.0630	0.0156	0.0169
ENSG00000261226.1	AC092384.3	lncRNA	0	0	0	0.0000	0.0000	0.0000
ENSG00000261227.2	AC140912.1	lncRNA	0	0	0	0.0000	0.0000	0.0000
ENSG00000261229.6	AC021483.2	lncRNA	0	0	0	0.0000	0.0000	0.0000
ENSG00000261231.6	LINC02133	lncRNA	0	0	0	0.0000	0.0000	0.0000
ENSG00000261232.2	AC090751.1	processed_pseudogene	0	0	0	0.0000	0.0000	0.0000
ENSG00000261233.2	ABCD1P3	unprocessed_pseudogene	0	0	0	0.0000	0.0000	0.0000
ENSG00000261234.1	AC025281.1	processed_pseudogene	0	0	0	0.0000	0.0000	0.0000
ENSG00000261235.1	AC092142.1	lncRNA	3	4	4	0.1652	0.0410	0.0443
ENSG00000261236.8	BOP1	protein_coding	2812	1401	1413	41.5174	10.2959	11.1322
ENSG00000261238.1	AC009166.1	lncRNA	0	0	0	0.0000	0.0000	0.0000
ENSG00000261239.6	ANKRD26P1	transcribed_unprocessed_pseudogene	0	0	0	0.0000	0.0000	0.0000
ENSG00000261240.1	AC009065.6	lncRNA	0	56	60	0.0000	0.0000	0.0000
ENSG00000261241.7	LINC02128	lncRNA	1	0	1	0.0088	0.0022	0.0024
ENSG00000261242.1	AL136038.3	lncRNA	16	8	8	0.8279	0.2053	0.2220
ENSG00000261243.1	AC022165.1	lncRNA	4	89	51	0.3806	0.0944	0.1021
ENSG00000261244.1	AC104758.3	lncRNA	0	0	0	0.0000	0.0000	0.0000
ENSG00000261245.2	AC093520.2	unprocessed_pseudogene	0	2	1	0.0000	0.0000	0.0000
ENSG00000261247.1	GOLGA8T	protein_coding	0	0	0	0.0000	0.0000	0.0000
ENSG00000261248.1	AC009120.4	lncRNA	0	0	0	0.0000	0.0000	0.0000
ENSG00000261249.1	LINC01751	lncRNA	0	0	0	0.0000	0.0000	0.0000
ENSG00000261250.1	AL160286.3	lncRNA	0	0	0	0.0000	0.0000	0.0000
ENSG00000261251.1	Z97055.2	lncRNA	24	12	12	0.6870	0.1704	0.1842
ENSG00000261253.2	AC137932.2	lncRNA	9	6	3	0.3753	0.0931	0.1006
ENSG00000261257.1	AP000821.1	lncRNA	0	0	0	0.0000	0.0000	0.0000
ENSG00000261259.1	AC142086.5	transcribed_processed_pseudogene	0	0	0	0.0000	0.0000	0.0000
ENSG00000261260.2	AC106736.1	lncRNA	1	20	25	0.0338	0.0084	0.0091
ENSG00000261261.3	AC026462.4	lncRNA	0	1	1	0.0000	0.0000	0.0000
ENSG00000261263.2	AC138907.5	transcribed_processed_pseudogene	0	0	0	0.0000	0.0000	0.0000
ENSG00000261265.1	AC025271.2	lncRNA	0	61	64	0.0000	0.0000	0.0000
ENSG00000261266.2	AC008870.3	lncRNA	2	72	60	0.1769	0.0439	0.0474
ENSG00000261267.1	AC026470.2	lncRNA	4	1	3	0.5179	0.1284	0.1389
ENSG00000261268.1	AC112236.1	lncRNA	0	0	0	0.0000	0.0000	0.0000
ENSG00000261269.1	AC093278.2	lncRNA	0	0	0	0.0000	0.0000	0.0000
ENSG00000261270.1	AC012181.2	lncRNA	10	5	5	0.9436	0.2340	0.2530
ENSG00000261272.1	MUC22	protein_coding	0	0	0	0.0000	0.0000	0.0000
ENSG00000261273.1	AC138512.1	lncRNA	5	3	2	0.6533	0.1620	0.1752
ENSG00000261274.1	TP53TG3GP	unprocessed_pseudogene	0	0	0	0.0000	0.0000	0.0000
ENSG00000261275.1	AC092447.8	lncRNA	0	0	0	0.0000	0.0000	0.0000
ENSG00000261276.1	AP003071.3	lncRNA	0	147	136	0.0000	0.0000	0.0000
ENSG00000261278.1	AC009094.1	processed_pseudogene	0	0	0	0.0000	0.0000	0.0000
ENSG00000261279.5	ULK4P1	transcribed_unprocessed_pseudogene	1	0	1	0.0336	0.0083	0.0090
ENSG00000261281.1	AC009712.1	transcribed_processed_pseudogene	0	0	0	0.0000	0.0000	0.0000
ENSG00000261282.1	SOD1P2	processed_pseudogene	0	0	0	0.0000	0.0000	0.0000
ENSG00000261284.2	RBM22P13	processed_pseudogene	0	0	0	0.0000	0.0000	0.0000
ENSG00000261285.7	AC009117.2	lncRNA	0	0	0	0.0000	0.0000	0.0000
ENSG00000261286.1	ATP2C2-AS1	lncRNA	14	301	323	0.2648	0.0657	0.0710
ENSG00000261288.1	AC093525.5	lncRNA	0	1	1	0.0000	0.0000	0.0000
ENSG00000261289.2	AC034105.5	processed_pseudogene	1	0	1	0.1806	0.0448	0.0484
ENSG00000261290.1	CYP4A44P	unprocessed_pseudogene	0	0	0	0.0000	0.0000	0.0000
ENSG00000261291.1	AC007906.1	lncRNA	0	0	0	0.0000	0.0000	0.0000
ENSG00000261292.2	AC110491.1	lncRNA	1	1	0	0.0282	0.0070	0.0076
ENSG00000261293.1	AC007601.2	lncRNA	0	0	0	0.0000	0.0000	0.0000
ENSG00000261294.1	AC120498.6	lncRNA	0	5	7	0.0000	0.0000	0.0000
ENSG00000261296.1	AC126323.6	lncRNA	0	0	1	0.0000	0.0000	0.0000
ENSG00000261298.1	AC122134.1	lncRNA	0	0	0	0.0000	0.0000	0.0000
ENSG00000261299.1	C2orf69P3	processed_pseudogene	0	0	0	0.0000	0.0000	0.0000
ENSG00000261302.6	AC106779.1	lncRNA	5	3	2	0.1812	0.0449	0.0486
ENSG00000261303.6	AC022748.2	transcribed_unprocessed_pseudogene	0	0	0	0.0000	0.0000	0.0000
ENSG00000261304.2	LINC02252	lncRNA	0	0	0	0.0000	0.0000	0.0000
ENSG00000261305.2	AC005586.1	lncRNA	23	11	12	0.7704	0.1911	0.2066
ENSG00000261307.1	AC102797.1	lncRNA	0	0	0	0.0000	0.0000	0.0000
ENSG00000261308.3	FIGNL2	protein_coding	6	33	33	0.0707	0.0175	0.0190
ENSG00000261310.1	AC009081.1	lncRNA	0	0	0	0.0000	0.0000	0.0000
ENSG00000261312.1	AC002550.1	lncRNA	0	277	281	0.0000	0.0000	0.0000
ENSG00000261313.2	AC105430.1	lncRNA	0	0	0	0.0000	0.0000	0.0000
ENSG00000261314.1	AC105275.2	lncRNA	1	1	0	0.0798	0.0198	0.0214
ENSG00000261315.2	LARP4P	transcribed_processed_pseudogene	0	0	0	0.0000	0.0000	0.0000
ENSG00000261316.1	LINC01834	lncRNA	0	0	0	0.0000	0.0000	0.0000
ENSG00000261318.1	AC055855.2	lncRNA	5	19	29	0.4906	0.1217	0.1315
ENSG00000261319.1	LINC02152	lncRNA	2	2	0	0.0885	0.0220	0.0237
ENSG00000261320.1	AC009061.1	lncRNA	1	8	2	0.1194	0.0296	0.0320
ENSG00000261324.2	AC010168.2	lncRNA	188	101	87	1.9642	0.4871	0.5267
ENSG00000261325.1	LINC02192	lncRNA	0	0	0	0.0000	0.0000	0.0000
ENSG00000261326.4	LINC01355	lncRNA	528	261	267	4.8436	1.2012	1.2987
ENSG00000261327.5	AC134312.5	lncRNA	201	157	163	4.7974	1.1897	1.2864
ENSG00000261329.6	AC016597.1	lncRNA	15	49	57	0.1601	0.0397	0.0429
ENSG00000261330.1	PPIAP50	processed_pseudogene	0	0	0	0.0000	0.0000	0.0000
ENSG00000261332.1	AC116348.2	lncRNA	0	79	54	0.0000	0.0000	0.0000
ENSG00000261333.2	CD24P2	processed_pseudogene	2	2	0	0.5179	0.1284	0.1389
ENSG00000261334.1	AL353803.4	lncRNA	2	2	0	0.0586	0.0145	0.0157
ENSG00000261335.1	AC005837.1	lncRNA	19	39	43	0.6275	0.1556	0.1683
ENSG00000261336.1	EIF4BP5	processed_pseudogene	2	2	0	0.0632	0.0157	0.0169
ENSG00000261338.2	AC021016.1	lncRNA	201	106	95	5.5658	1.3803	1.4924
ENSG00000261340.1	LINC01616	lncRNA	0	0	0	0.0000	0.0000	0.0000
ENSG00000261341.6	AC010325.1	protein_coding	2	0	2	0.1363	0.0338	0.0366
ENSG00000261342.1	AC006538.1	lncRNA	33	13	20	1.1807	0.2928	0.3166
ENSG00000261346.1	AC116348.3	lncRNA	1	55	42	0.0811	0.0201	0.0218
ENSG00000261347.1	AP000439.3	lncRNA	1	0	1	0.0854	0.0212	0.0229
ENSG00000261348.2	LINC02136	lncRNA	2	2	0	0.0937	0.0232	0.0251
ENSG00000261349.1	AL031432.2	unprocessed_pseudogene	9	5	4	1.1120	0.2758	0.2982
ENSG00000261350.1	AC018558.2	lncRNA	0	0	0	0.0000	0.0000	0.0000
ENSG00000261351.2	AC116913.1	lncRNA	66	144	158	1.7264	0.4281	0.4629
ENSG00000261356.2	AC092368.2	processed_pseudogene	0	0	0	0.0000	0.0000	0.0000
ENSG00000261357.1	AC099518.2	lncRNA	2	3	0	0.1611	0.0400	0.0432
ENSG00000261359.2	PYCARD-AS1	lncRNA	0	102	103	0.0000	0.0000	0.0000
ENSG00000261360.1	AC010491.1	lncRNA	54	26	28	1.0949	0.2715	0.2936
ENSG00000261362.1	AC136619.2	processed_pseudogene	0	0	0	0.0000	0.0000	0.0000
ENSG00000261363.2	AC106745.1	lncRNA	0	0	0	0.0000	0.0000	0.0000
ENSG00000261364.1	AC063923.2	lncRNA	0	0	0	0.0000	0.0000	0.0000
ENSG00000261365.1	AC138749.4	unprocessed_pseudogene	0	0	0	0.0000	0.0000	0.0000
ENSG00000261366.1	MANEA-DT	lncRNA	34	14	20	0.8501	0.2108	0.2280
ENSG00000261367.1	AC012645.2	lncRNA	2	1	2	0.2051	0.0509	0.0550
ENSG00000261368.1	AL731537.2	lncRNA	0	0	0	0.0000	0.0000	0.0000
ENSG00000261369.1	AC007533.1	lncRNA	0	0	0	0.0000	0.0000	0.0000
ENSG00000261371.6	PECAM1	protein_coding	10269	5056	5213	75.2299	18.6563	20.1716
ENSG00000261373.1	VPS9D1-AS1	lncRNA	59	125	135	1.9087	0.4733	0.5118
ENSG00000261375.1	AC135983.4	unprocessed_pseudogene	1	0	1	0.0449	0.0111	0.0120
ENSG00000261376.1	AC022166.2	lncRNA	0	0	0	0.0000	0.0000	0.0000
ENSG00000261377.5	PDCD6IPP2	transcribed_unprocessed_pseudogene	4	3	1	0.0433	0.0107	0.0116
ENSG00000261379.1	AC010735.1	lncRNA	60	27	33	3.3164	0.8224	0.8892
ENSG00000261382.1	AC091962.1	lncRNA	0	0	0	0.0000	0.0000	0.0000
ENSG00000261384.1	AC023300.1	lncRNA	0	0	0	0.0000	0.0000	0.0000
ENSG00000261385.1	AC009088.3	lncRNA	0	529	599	0.0000	0.0000	0.0000
ENSG00000261386.2	AC027682.4	lncRNA	6	5	1	0.2874	0.0713	0.0771
ENSG00000261390.6	MAFTRR	lncRNA	6	3	4	0.0871	0.0216	0.0234
ENSG00000261391.1	AC138907.6	processed_pseudogene	0	0	0	0.0000	0.0000	0.0000
ENSG00000261392.1	AC087190.2	lncRNA	1	1	0	0.0753	0.0187	0.0202
ENSG00000261393.1	AC007493.2	lncRNA	0	27	25	0.0000	0.0000	0.0000
ENSG00000261394.1	AC007598.2	lncRNA	1	0	1	0.1052	0.0261	0.0282
ENSG00000261395.3	HSPE1P5	transcribed_processed_pseudogene	0	0	0	0.0000	0.0000	0.0000
ENSG00000261396.1	AC027682.5	lncRNA	2	136	151	0.2140	0.0531	0.0574
ENSG00000261397.1	LINC01177	lncRNA	0	0	0	0.0000	0.0000	0.0000
ENSG00000261398.1	AC023824.4	lncRNA	0	0	0	0.0000	0.0000	0.0000
ENSG00000261399.1	AL031710.1	lncRNA	0	0	0	0.0000	0.0000	0.0000
ENSG00000261400.1	AC011525.1	lncRNA	0	0	0	0.0000	0.0000	0.0000
ENSG00000261401.1	HERC2P1	unprocessed_pseudogene	0	1	0	0.0000	0.0000	0.0000
ENSG00000261402.1	AL591222.1	lncRNA	3	0	3	0.0443	0.0110	0.0119
ENSG00000261403.1	AC104758.4	lncRNA	0	0	0	0.0000	0.0000	0.0000
ENSG00000261404.7	AC138627.1	lncRNA	5	4	1	0.0379	0.0094	0.0102
ENSG00000261405.2	AC136944.3	transcribed_unprocessed_pseudogene	0	0	0	0.0000	0.0000	0.0000
ENSG00000261407.2	AC013565.3	lncRNA	1	1	0	0.0750	0.0186	0.0201
ENSG00000261408.7	TEN1-CDK3	protein_coding	14	7	7	0.2037	0.0505	0.0546
ENSG00000261409.1	AL035425.3	lncRNA	13	9	4	0.1476	0.0366	0.0396
ENSG00000261410.1	AC009142.1	lncRNA	1	0	1	0.0789	0.0196	0.0211
ENSG00000261411.1	AL161938.1	lncRNA	0	0	0	0.0000	0.0000	0.0000
ENSG00000261416.1	AC012645.3	lncRNA	0	158	143	0.0000	0.0000	0.0000
ENSG00000261418.1	HERC2P6	unprocessed_pseudogene	1	1	0	0.0771	0.0191	0.0207
ENSG00000261419.1	AC145285.4	unprocessed_pseudogene	0	0	0	0.0000	0.0000	0.0000
ENSG00000261420.1	AL022069.1	lncRNA	14	10	4	0.4853	0.1203	0.1301
ENSG00000261421.1	AC044798.1	lncRNA	0	0	0	0.0000	0.0000	0.0000
ENSG00000261423.1	TMEM202-AS1	lncRNA	35	95	109	0.7316	0.1814	0.1962
ENSG00000261424.1	ATP5PBP7	processed_pseudogene	0	0	0	0.0000	0.0000	0.0000
ENSG00000261426.1	AC144833.1	lncRNA	0	0	0	0.0000	0.0000	0.0000
ENSG00000261427.6	AC099518.3	lncRNA	0	0	0	0.0000	0.0000	0.0000
ENSG00000261429.2	DPPA2P4	processed_pseudogene	0	0	0	0.0000	0.0000	0.0000
ENSG00000261430.1	AL031600.2	lncRNA	1	0	1	0.1847	0.0458	0.0495
ENSG00000261431.1	AL023803.1	lncRNA	3	2	1	0.9098	0.2256	0.2439
ENSG00000261432.1	LINC01613	lncRNA	0	0	0	0.0000	0.0000	0.0000
ENSG00000261433.1	AC002347.1	lncRNA	2	1	2	0.2096	0.0520	0.0562
ENSG00000261434.1	AC021087.4	lncRNA	0	0	0	0.0000	0.0000	0.0000
ENSG00000261435.1	AL592164.1	lncRNA	0	0	0	0.0000	0.0000	0.0000
ENSG00000261436.6	AC009081.2	lncRNA	0	0	0	0.0000	0.0000	0.0000
ENSG00000261437.1	AC108860.2	lncRNA	343	195	149	8.9105	2.2097	2.3892
ENSG00000261438.1	AL157394.1	lncRNA	0	0	0	0.0000	0.0000	0.0000
ENSG00000261439.1	DKFZP434H168	lncRNA	0	0	1	0.0000	0.0000	0.0000
ENSG00000261440.1	DUX4L45	processed_pseudogene	0	0	0	0.0000	0.0000	0.0000
ENSG00000261441.1	AC124068.2	lncRNA	5	1	4	0.2557	0.0634	0.0686
ENSG00000261442.1	AC023830.1	lncRNA	3	4	1	0.1103	0.0273	0.0296
ENSG00000261444.1	AC106782.3	unprocessed_pseudogene	1	1	0	0.2700	0.0670	0.0724
ENSG00000261445.1	AC018558.3	lncRNA	0	0	0	0.0000	0.0000	0.0000
ENSG00000261446.4	LINC00559	lncRNA	0	0	0	0.0000	0.0000	0.0000
ENSG00000261447.1	AL162412.1	lncRNA	3	0	3	0.1763	0.0437	0.0473
ENSG00000261448.1	AC109446.2	lncRNA	0	50	63	0.0000	0.0000	0.0000
ENSG00000261449.1	AC103724.3	lncRNA	1	1	0	0.0572	0.0142	0.0153
ENSG00000261451.1	AC104964.2	lncRNA	1	0	1	0.0122	0.0030	0.0033
ENSG00000261453.2	LINC01735	lncRNA	0	0	0	0.0000	0.0000	0.0000
ENSG00000261455.1	LINC01003	lncRNA	283	133	150	9.0980	2.2562	2.4395
ENSG00000261456.6	TUBB8	protein_coding	59	30	29	1.1642	0.2887	0.3122
ENSG00000261457.3	AC002519.2	transcribed_processed_pseudogene	5	3	2	0.1945	0.0482	0.0521
ENSG00000261458.1	AC009132.1	unprocessed_pseudogene	0	0	0	0.0000	0.0000	0.0000
ENSG00000261459.1	AC002310.4	protein_coding	0	0	0	0.0000	0.0000	0.0000
ENSG00000261460.1	AC009690.2	lncRNA	3	2658	2571	0.0540	0.0134	0.0145
ENSG00000261461.1	UBE2MP1	processed_pseudogene	28	18	10	2.8871	0.7160	0.7741
ENSG00000261462.1	AC004023.1	lncRNA	3	1	2	0.0976	0.0242	0.0262
ENSG00000261465.7	AC099518.4	lncRNA	4	47	46	0.1721	0.0427	0.0461
ENSG00000261466.2	AC136944.4	lncRNA	0	0	0	0.0000	0.0000	0.0000
ENSG00000261467.2	AC099398.1	lncRNA	1	0	1	0.0204	0.0051	0.0055
ENSG00000261468.1	AC096921.2	lncRNA	43	24	19	1.2727	0.3156	0.3413
ENSG00000261469.1	AC020978.4	lncRNA	24	10	16	2.5535	0.6333	0.6847
ENSG00000261470.1	AC009039.1	lncRNA	0	0	0	0.0000	0.0000	0.0000
ENSG00000261471.1	AC092145.1	lncRNA	1	0	1	0.0233	0.0058	0.0062
ENSG00000261472.1	AC084064.1	lncRNA	0	0	0	0.0000	0.0000	0.0000
ENSG00000261474.1	AC026471.4	lncRNA	91	55	36	11.4936	2.8503	3.0818
ENSG00000261475.3	LINC02190	lncRNA	0	0	0	0.0000	0.0000	0.0000
ENSG00000261476.1	AC009163.4	lncRNA	4	1	3	0.2662	0.0660	0.0714
ENSG00000261478.1	AC013391.3	lncRNA	0	0	0	0.0000	0.0000	0.0000
ENSG00000261480.1	AC055876.5	lncRNA	0	0	0	0.0000	0.0000	0.0000
ENSG00000261481.1	AC022167.4	lncRNA	1	1	0	0.1139	0.0282	0.0305
ENSG00000261482.1	AC092725.1	lncRNA	0	0	0	0.0000	0.0000	0.0000
ENSG00000261485.1	PAN3-AS1	lncRNA	62	24	38	2.6025	0.6454	0.6978
ENSG00000261486.1	RARRES2P9	processed_pseudogene	0	0	0	0.0000	0.0000	0.0000
ENSG00000261487.1	AC135048.1	lncRNA	1	0	1	0.0348	0.0086	0.0093
ENSG00000261488.1	TBILA	lncRNA	96	46	53	2.8106	0.6970	0.7536
ENSG00000261489.1	AC025271.3	lncRNA	0	0	0	0.0000	0.0000	0.0000
ENSG00000261490.1	AC005674.1	lncRNA	104	49	56	1.6803	0.4167	0.4505
ENSG00000261491.1	DNM1P31	unprocessed_pseudogene	0	0	0	0.0000	0.0000	0.0000
ENSG00000261497.1	AC091304.3	unprocessed_pseudogene	0	0	0	0.0000	0.0000	0.0000
ENSG00000261498.1	LINC00566	lncRNA	0	0	0	0.0000	0.0000	0.0000
ENSG00000261499.2	AC233699.1	unprocessed_pseudogene	11	6	5	0.5341	0.1324	0.1432
ENSG00000261501.1	AC079341.1	lncRNA	0	0	0	0.0000	0.0000	0.0000
ENSG00000261502.4	AC040174.1	lncRNA	1	1	0	0.0128	0.0032	0.0034
ENSG00000261504.1	LINC01686	lncRNA	44	23	21	1.8134	0.4497	0.4862
ENSG00000261505.1	AL031714.1	lncRNA	19	1653	1537	0.2400	0.0595	0.0644
ENSG00000261507.1	AC141257.2	lncRNA	0	0	0	0.0000	0.0000	0.0000
ENSG00000261509.6	TP53TG3B	protein_coding	0	0	0	0.0000	0.0000	0.0000
ENSG00000261511.1	CYP3A137P	unprocessed_pseudogene	0	0	0	0.0000	0.0000	0.0000
ENSG00000261512.2	AC092368.3	lncRNA	72	36	36	2.5664	0.6364	0.6881
ENSG00000261513.1	AC009097.4	lncRNA	2	5	4	0.1460	0.0362	0.0391
ENSG00000261514.1	LINC01976	lncRNA	1	1	0	0.1307	0.0324	0.0350
ENSG00000261515.1	VN1R70P	processed_pseudogene	0	0	0	0.0000	0.0000	0.0000
ENSG00000261517.2	LINC00558	lncRNA	0	0	0	0.0000	0.0000	0.0000
ENSG00000261519.3	AC010542.4	lncRNA	1	21	12	0.0297	0.0074	0.0080
ENSG00000261520.5	DLGAP1-AS5	lncRNA	2	0	2	0.0394	0.0098	0.0106
ENSG00000261522.5	AL845331.2	transcribed_unprocessed_pseudogene	0	0	0	0.0000	0.0000	0.0000
ENSG00000261523.1	AC009167.1	lncRNA	0	0	0	0.0000	0.0000	0.0000
ENSG00000261524.1	ABCB10P3	processed_pseudogene	0	0	0	0.0000	0.0000	0.0000
ENSG00000261526.2	AC012615.1	lncRNA	75	138	140	3.2742	0.8120	0.8779
ENSG00000261527.1	AC026464.5	processed_pseudogene	1	0	1	0.0785	0.0195	0.0211
ENSG00000261528.2	CCNYL7	processed_pseudogene	3	2	1	0.2343	0.0581	0.0628
ENSG00000261529.1	AC100774.1	lncRNA	3	2	1	0.1061	0.0263	0.0285
ENSG00000261532.1	AC009065.7	lncRNA	0	135	128	0.0000	0.0000	0.0000
ENSG00000261534.1	AL596244.1	lncRNA	142	80	62	2.1309	0.5285	0.5714
ENSG00000261535.1	AC005086.2	lncRNA	1	1	0	0.0708	0.0176	0.0190
ENSG00000261536.2	ABHD17AP9	unprocessed_pseudogene	0	0	0	0.0000	0.0000	0.0000
ENSG00000261537.1	AC027279.2	lncRNA	1	0	1	0.0715	0.0177	0.0192
ENSG00000261538.1	AC096996.2	lncRNA	12	5	7	1.5975	0.3962	0.4283
ENSG00000261540.1	AC079414.1	lncRNA	0	0	0	0.0000	0.0000	0.0000
ENSG00000261541.1	AC138915.3	lncRNA	0	0	0	0.0000	0.0000	0.0000
ENSG00000261542.1	AC011978.2	lncRNA	81	36	45	2.2364	0.5546	0.5996
ENSG00000261543.1	AC010931.2	lncRNA	0	0	0	0.0000	0.0000	0.0000
ENSG00000261544.1	AC011939.2	lncRNA	0	0	0	0.0000	0.0000	0.0000
ENSG00000261546.1	AC135782.3	lncRNA	1	57	65	0.0269	0.0067	0.0072
ENSG00000261548.1	HLA-P	unprocessed_pseudogene	0	0	0	0.0000	0.0000	0.0000
ENSG00000261549.2	AC107954.1	processed_pseudogene	2	0	2	0.1560	0.0387	0.0418
ENSG00000261552.1	AC109460.4	lncRNA	0	31	18	0.0000	0.0000	0.0000
ENSG00000261553.5	AL137782.1	lncRNA	5	2	3	0.0679	0.0168	0.0182
ENSG00000261554.1	AC037471.2	processed_pseudogene	0	0	0	0.0000	0.0000	0.0000
ENSG00000261555.1	AC025277.1	lncRNA	0	0	0	0.0000	0.0000	0.0000
ENSG00000261556.10	SMG1P7	transcribed_unprocessed_pseudogene	31	12	19	0.3899	0.0967	0.1045
ENSG00000261557.1	EEF1A1P38	processed_pseudogene	5	3	2	0.2041	0.0506	0.0547
ENSG00000261558.2	LINC01859	lncRNA	2	1	1	0.0278	0.0069	0.0075
ENSG00000261559.1	FSCN1P1	processed_pseudogene	0	0	0	0.0000	0.0000	0.0000
ENSG00000261560.1	AC007216.3	lncRNA	15	10	5	0.5690	0.1411	0.1526
ENSG00000261561.1	AC091304.4	unprocessed_pseudogene	0	0	0	0.0000	0.0000	0.0000
ENSG00000261564.1	AC120498.7	unprocessed_pseudogene	0	0	0	0.0000	0.0000	0.0000
ENSG00000261566.1	AC135776.2	lncRNA	0	0	0	0.0000	0.0000	0.0000
ENSG00000261569.5	AC138907.7	lncRNA	0	0	0	0.0000	0.0000	0.0000
ENSG00000261570.2	AC073878.1	lncRNA	2	1	1	0.0494	0.0122	0.0132
ENSG00000261572.1	AC097639.1	lncRNA	105	43	62	3.1489	0.7809	0.8443
ENSG00000261573.1	AL157402.2	lncRNA	0	0	0	0.0000	0.0000	0.0000
ENSG00000261575.2	AC005829.1	transcribed_unprocessed_pseudogene	27	14	13	2.2718	0.5634	0.6091
ENSG00000261578.1	AP003119.3	lncRNA	222	109	113	3.0032	0.7448	0.8053
ENSG00000261580.1	ENPP7P13	processed_pseudogene	0	0	0	0.0000	0.0000	0.0000
ENSG00000261581.1	HERC2P11	unprocessed_pseudogene	0	0	0	0.0000	0.0000	0.0000
ENSG00000261582.1	AL121753.1	protein_coding	23	8	15	2.4657	0.6115	0.6611
ENSG00000261583.1	AC012317.1	lncRNA	0	0	0	0.0000	0.0000	0.0000
ENSG00000261584.1	AL513548.1	lncRNA	0	0	0	0.0000	0.0000	0.0000
ENSG00000261586.2	AC068987.3	lncRNA	0	29	29	0.0000	0.0000	0.0000
ENSG00000261587.2	TMEM249	protein_coding	4	3	1	0.1015	0.0252	0.0272
ENSG00000261588.1	AC093249.4	processed_pseudogene	7	3	5	1.5327	0.3801	0.4110
ENSG00000261590.1	AC018554.1	processed_pseudogene	0	0	0	0.0000	0.0000	0.0000
ENSG00000261592.1	AC010531.3	lncRNA	2	1	1	0.2211	0.0548	0.0593
ENSG00000261593.1	CYP4A27P	unprocessed_pseudogene	0	0	0	0.0000	0.0000	0.0000
ENSG00000261594.4	TPBGL	protein_coding	63	31	32	1.2189	0.3023	0.3268
ENSG00000261595.1	AL603832.2	lncRNA	4	2	2	0.1067	0.0265	0.0286
ENSG00000261596.2	AC005632.3	lncRNA	12	5	7	0.8219	0.2038	0.2204
ENSG00000261599.6	HERC2P8	transcribed_unprocessed_pseudogene	3	0	3	0.0284	0.0070	0.0076
ENSG00000261600.1	AC233266.2	lncRNA	3	2	1	0.3222	0.0799	0.0864
ENSG00000261602.1	AC092115.2	lncRNA	0	1334	1200	0.0000	0.0000	0.0000
ENSG00000261603.3	PRSS46P	transcribed_unitary_pseudogene	13	6	7	0.7263	0.1801	0.1948
ENSG00000261604.1	AC114947.2	lncRNA	0	907	865	0.0000	0.0000	0.0000
ENSG00000261606.5	AC091230.1	lncRNA	1	1	0	0.0083	0.0021	0.0022
ENSG00000261607.1	AC140658.4	unprocessed_pseudogene	0	0	0	0.0000	0.0000	0.0000
ENSG00000261608.1	SLC25A1P4	processed_pseudogene	0	0	0	0.0000	0.0000	0.0000
ENSG00000261609.8	GAN	protein_coding	746	385	361	2.6948	0.6683	0.7226
ENSG00000261610.1	AP000265.1	lncRNA	1	1	0	0.0318	0.0079	0.0085
ENSG00000261611.6	AC010547.4	protein_coding	0	3	0	0.0000	0.0000	0.0000
ENSG00000261612.1	SUB1P3	processed_pseudogene	2	1	1	0.3601	0.0893	0.0965
ENSG00000261613.2	AC093525.6	lncRNA	0	1	1	0.0000	0.0000	0.0000
ENSG00000261614.1	YBX3P1	processed_pseudogene	1	1	0	0.0520	0.0129	0.0140
ENSG00000261615.7	LINC01858	lncRNA	9	4	6	0.1609	0.0399	0.0431
ENSG00000261616.1	AC036108.3	lncRNA	32	56	50	0.6779	0.1681	0.1818
ENSG00000261617.2	LINC02177	lncRNA	0	1	0	0.0000	0.0000	0.0000
ENSG00000261618.2	LINC02605	lncRNA	20	12	8	0.2173	0.0539	0.0583
ENSG00000261620.1	HMGN2P41	processed_pseudogene	27	16	11	3.7164	0.9216	0.9965
ENSG00000261623.1	LINC02179	lncRNA	0	0	0	0.0000	0.0000	0.0000
ENSG00000261624.1	NDUFB10P2	processed_pseudogene	0	0	0	0.0000	0.0000	0.0000
ENSG00000261625.1	AP003071.4	lncRNA	18	11	7	0.7950	0.1972	0.2132
ENSG00000261627.1	AP005205.1	lncRNA	0	0	0	0.0000	0.0000	0.0000
ENSG00000261628.1	AC087481.2	unprocessed_pseudogene	1	1	0	0.1718	0.0426	0.0461
ENSG00000261629.1	AC005692.2	lncRNA	0	0	0	0.0000	0.0000	0.0000
ENSG00000261630.1	AC007496.2	lncRNA	0	0	0	0.0000	0.0000	0.0000
ENSG00000261632.1	AC022872.1	lncRNA	5	1	4	0.3631	0.0900	0.0973
ENSG00000261633.1	AC018552.3	lncRNA	0	0	0	0.0000	0.0000	0.0000
ENSG00000261634.4	AC026992.2	lncRNA	4	4	2	0.0468	0.0116	0.0125
ENSG00000261635.2	AC103988.1	processed_pseudogene	0	0	0	0.0000	0.0000	0.0000
ENSG00000261636.2	LINC02191	lncRNA	0	0	0	0.0000	0.0000	0.0000
ENSG00000261637.3	LINC02127	lncRNA	0	0	0	0.0000	0.0000	0.0000
ENSG00000261638.2	AC092378.1	lncRNA	0	0	0	0.0000	0.0000	0.0000
ENSG00000261641.2	AL031600.3	lncRNA	0	771	752	0.0000	0.0000	0.0000
ENSG00000261642.1	AL713866.1	lncRNA	0	0	0	0.0000	0.0000	0.0000
ENSG00000261644.2	AC007728.2	lncRNA	10	45	60	0.1664	0.0413	0.0446
ENSG00000261645.7	DISC1FP1	lncRNA	0	0	0	0.0000	0.0000	0.0000
ENSG00000261646.1	AC093849.1	lncRNA	8	4	4	0.2054	0.0509	0.0551
ENSG00000261647.1	IMPDH1P11	processed_pseudogene	1	0	1	0.0377	0.0094	0.0101
ENSG00000261648.1	AC106730.1	lncRNA	0	0	0	0.0000	0.0000	0.0000
ENSG00000261649.6	GOLGA6L7	protein_coding	1	0	1	0.0191	0.0047	0.0051
ENSG00000261650.1	AC055717.2	lncRNA	0	0	0	0.0000	0.0000	0.0000
ENSG00000261651.1	AC136285.2	lncRNA	0	0	0	0.0000	0.0000	0.0000
ENSG00000261652.3	C15orf65	protein_coding	209	114	101	12.7445	3.1605	3.4172
ENSG00000261653.1	AC092337.1	lncRNA	0	0	0	0.0000	0.0000	0.0000
ENSG00000261654.1	AL360270.2	lncRNA	18	7	11	0.1706	0.0423	0.0457
ENSG00000261655.1	AC100803.3	lncRNA	2	1	1	0.0578	0.0143	0.0155
ENSG00000261656.6	BEAN1-AS1	lncRNA	14	9	6	0.4595	0.1139	0.1232
ENSG00000261659.2	Z92544.1	lncRNA	188	358	362	2.9999	0.7439	0.8044
ENSG00000261663.1	AC009065.8	lncRNA	53	26	27	3.8142	0.9459	1.0227
ENSG00000261664.5	TTC39A-AS1	lncRNA	31	43	68	1.4386	0.3568	0.3857
ENSG00000261665.2	TUBAP4	transcribed_processed_pseudogene	0	0	0	0.0000	0.0000	0.0000
ENSG00000261666.1	LINC00560	lncRNA	0	0	0	0.0000	0.0000	0.0000
ENSG00000261667.1	LY6L	protein_coding	0	0	0	0.0000	0.0000	0.0000
ENSG00000261668.1	AC093591.2	lncRNA	4	11	14	0.0590	0.0146	0.0158
ENSG00000261669.1	AC008731.1	lncRNA	8	4	6	0.7836	0.1943	0.2101
ENSG00000261670.1	AC012213.2	lncRNA	13	5	8	0.1604	0.0398	0.0430
ENSG00000261671.1	AL158211.1	lncRNA	20	11	9	1.4865	0.3686	0.3986
ENSG00000261673.1	AC009075.1	lncRNA	0	0	0	0.0000	0.0000	0.0000
ENSG00000261675.1	AL022313.4	lncRNA	0	0	0	0.0000	0.0000	0.0000
ENSG00000261678.3	SCRT1	protein_coding	2	0	2	0.0285	0.0071	0.0076
ENSG00000261679.2	ATP5PDP1	processed_pseudogene	0	0	0	0.0000	0.0000	0.0000
ENSG00000261680.1	AC093249.5	processed_pseudogene	0	0	0	0.0000	0.0000	0.0000
ENSG00000261682.1	AC145350.4	lncRNA	0	0	0	0.0000	0.0000	0.0000
ENSG00000261683.2	LINC00838	lncRNA	0	0	0	0.0000	0.0000	0.0000
ENSG00000261684.2	AC018362.1	lncRNA	1	1423	1466	0.0167	0.0041	0.0045
ENSG00000261687.1	AC068724.1	lncRNA	1	256	242	0.1066	0.0264	0.0286
ENSG00000261689.1	AGGF1P4	processed_pseudogene	0	0	0	0.0000	0.0000	0.0000
ENSG00000261691.1	Z97986.1	lncRNA	0	84	74	0.0000	0.0000	0.0000
ENSG00000261692.1	AC092120.1	lncRNA	0	0	0	0.0000	0.0000	0.0000
ENSG00000261693.1	AC134682.1	lncRNA	93	47	46	1.5617	0.3873	0.4188
ENSG00000261695.1	AC136443.4	lncRNA	0	0	0	0.0000	0.0000	0.0000
ENSG00000261696.1	AL353732.1	lncRNA	0	0	0	0.0000	0.0000	0.0000
ENSG00000261697.5	AC010531.4	lncRNA	0	0	1	0.0000	0.0000	0.0000
ENSG00000261701.7	HPR	protein_coding	0	0	0	0.0000	0.0000	0.0000
ENSG00000261702.2	AC022254.1	processed_pseudogene	0	0	0	0.0000	0.0000	0.0000
ENSG00000261703.1	LINC02168	lncRNA	0	0	0	0.0000	0.0000	0.0000
ENSG00000261704.2	IGHV1OR16-1	IG_V_pseudogene	0	0	0	0.0000	0.0000	0.0000
ENSG00000261706.1	LINC00165	lncRNA	0	0	0	0.0000	0.0000	0.0000
ENSG00000261707.1	AC092134.1	lncRNA	4	55	58	0.2835	0.0703	0.0760
ENSG00000261708.1	DNM1P32	unprocessed_pseudogene	0	0	0	0.0000	0.0000	0.0000
ENSG00000261709.3	AC051619.8	snoRNA	0	0	0	0.0000	0.0000	0.0000
ENSG00000261710.1	AC104417.2	lncRNA	0	0	0	0.0000	0.0000	0.0000
ENSG00000261711.6	FRG2DP	transcribed_unprocessed_pseudogene	0	0	0	0.0000	0.0000	0.0000
ENSG00000261713.6	SSTR5-AS1	lncRNA	1	1	1	0.0141	0.0035	0.0038
ENSG00000261714.2	AC105137.1	processed_pseudogene	0	0	0	0.0000	0.0000	0.0000
ENSG00000261715.1	LINC01477	lncRNA	0	0	0	0.0000	0.0000	0.0000
ENSG00000261716.2	H2BC20P	transcribed_unprocessed_pseudogene	273	312	345	2.4040	0.5962	0.6446
ENSG00000261717.5	AC009163.5	protein_coding	0	0	0	0.0000	0.0000	0.0000
ENSG00000261719.1	AC137761.2	processed_pseudogene	0	0	0	0.0000	0.0000	0.0000
ENSG00000261720.1	AC009041.2	lncRNA	0	0	0	0.0000	0.0000	0.0000
ENSG00000261722.1	AC092376.1	lncRNA	1	1	1	0.1693	0.0420	0.0454
ENSG00000261723.1	AC008870.4	lncRNA	1	86	97	0.0904	0.0224	0.0243
ENSG00000261725.1	AC007225.2	processed_pseudogene	0	0	0	0.0000	0.0000	0.0000
ENSG00000261727.2	AC142381.4	transcribed_processed_pseudogene	1	0	1	0.0793	0.0197	0.0213
ENSG00000261728.1	AL138690.1	lncRNA	1	1	0	0.0253	0.0063	0.0068
ENSG00000261729.2	AL133383.1	lncRNA	1	0	1	0.0419	0.0104	0.0112
ENSG00000261730.1	AL034346.1	lncRNA	3	2	1	0.1332	0.0330	0.0357
ENSG00000261731.2	AC074050.3	lncRNA	0	38	35	0.0000	0.0000	0.0000
ENSG00000261732.1	AL031708.1	protein_coding	12	6	6	0.1278	0.0317	0.0343
ENSG00000261734.1	AC116096.1	lncRNA	0	0	0	0.0000	0.0000	0.0000
ENSG00000261736.1	AC002551.1	lncRNA	0	0	0	0.0000	0.0000	0.0000
ENSG00000261737.1	CLCA4-AS1	lncRNA	45	27	18	2.6555	0.6585	0.7120
ENSG00000261738.7	MIR3976HG	lncRNA	0	0	0	0.0000	0.0000	0.0000
ENSG00000261739.2	GOLGA8S	protein_coding	3	1	2	0.0391	0.0097	0.0105
ENSG00000261740.6	BOLA2-SMG1P6	protein_coding	0	0	0	0.0000	0.0000	0.0000
ENSG00000261741.5	FRG2KP	transcribed_unprocessed_pseudogene	0	0	0	0.0000	0.0000	0.0000
ENSG00000261742.6	LINC00922	lncRNA	214	115	101	5.2198	1.2944	1.3996
ENSG00000261743.1	AC138305.2	lncRNA	0	0	0	0.0000	0.0000	0.0000
ENSG00000261744.1	AC116552.1	lncRNA	11	7	4	0.8510	0.2110	0.2282
ENSG00000261745.2	AL512347.1	lncRNA	0	0	0	0.0000	0.0000	0.0000
ENSG00000261747.3	AC120045.2	unprocessed_pseudogene	0	0	0	0.0000	0.0000	0.0000
ENSG00000261748.1	AC098965.1	processed_pseudogene	0	0	0	0.0000	0.0000	0.0000
ENSG00000261749.3	LINC02180	lncRNA	0	0	0	0.0000	0.0000	0.0000
ENSG00000261751.1	AC007603.1	lncRNA	0	0	0	0.0000	0.0000	0.0000
ENSG00000261752.1	AGGF1P8	processed_pseudogene	0	0	0	0.0000	0.0000	0.0000
ENSG00000261754.2	AC008555.1	lncRNA	16	8	8	0.3291	0.0816	0.0882
ENSG00000261757.1	AC005592.1	lncRNA	4	2	2	0.1383	0.0343	0.0371
ENSG00000261758.1	AC117382.2	lncRNA	3	0	3	0.0540	0.0134	0.0145
ENSG00000261759.1	AC099518.5	lncRNA	0	1175	1148	0.0000	0.0000	0.0000
ENSG00000261760.8	AC140479.3	transcribed_unprocessed_pseudogene	1	1	1	0.0291	0.0072	0.0078
ENSG00000261761.5	LINC02616	lncRNA	0	0	0	0.0000	0.0000	0.0000
ENSG00000261762.1	AC027228.2	lncRNA	10	23	17	0.2633	0.0653	0.0706
ENSG00000261763.1	AC110716.2	lncRNA	0	0	0	0.0000	0.0000	0.0000
ENSG00000261764.1	KRT18P18	transcribed_processed_pseudogene	1	1	0	0.0443	0.0110	0.0119
ENSG00000261765.1	AC009127.1	lncRNA	0	0	0	0.0000	0.0000	0.0000
ENSG00000261766.1	AC133550.3	lncRNA	15	12	12	1.5637	0.3878	0.4193
ENSG00000261770.1	AC006504.1	lncRNA	17	9	8	0.2630	0.0652	0.0705
ENSG00000261771.5	DNAAF4-CCPG1	lncRNA	0	0	0	0.0000	0.0000	0.0000
ENSG00000261773.1	AC244090.2	lncRNA	3	1	2	0.2148	0.0533	0.0576
ENSG00000261774.1	AC009075.2	processed_pseudogene	0	0	0	0.0000	0.0000	0.0000
ENSG00000261775.1	AC012435.3	lncRNA	11	5	6	1.7280	0.4285	0.4633
ENSG00000261776.1	AC079414.2	processed_pseudogene	0	0	0	0.0000	0.0000	0.0000
ENSG00000261777.6	AC012184.3	lncRNA	26	223	207	0.8354	0.2072	0.2240
ENSG00000261778.1	AC006362.1	processed_pseudogene	0	0	0	0.0000	0.0000	0.0000
ENSG00000261779.1	AC113208.4	lncRNA	0	181	166	0.0000	0.0000	0.0000
ENSG00000261780.3	LINC02582	lncRNA	0	0	0	0.0000	0.0000	0.0000
ENSG00000261781.1	LINC01654	lncRNA	0	0	0	0.0000	0.0000	0.0000
ENSG00000261782.1	AC116553.1	processed_pseudogene	0	0	0	0.0000	0.0000	0.0000
ENSG00000261783.1	AC009054.2	lncRNA	5	4	1	0.7582	0.1880	0.2033
ENSG00000261786.1	AC006058.1	lncRNA	1	1	0	0.0112	0.0028	0.0030
ENSG00000261787.2	TCF24	protein_coding	3	0	3	0.0657	0.0163	0.0176
ENSG00000261789.1	AC023830.2	lncRNA	0	0	0	0.0000	0.0000	0.0000
ENSG00000261790.2	AC005606.2	lncRNA	29	624	642	0.7178	0.1780	0.1925
ENSG00000261792.1	DNM1P28	unprocessed_pseudogene	0	0	0	0.0000	0.0000	0.0000
ENSG00000261793.1	AL929554.1	protein_coding	0	0	0	0.0000	0.0000	0.0000
ENSG00000261794.1	GOLGA8H	protein_coding	15	13	6	0.4479	0.1111	0.1201
ENSG00000261795.1	AC093627.7	lncRNA	47	24	23	0.8309	0.2060	0.2228
ENSG00000261796.1	ISY1-RAB43	protein_coding	0	0	0	0.0000	0.0000	0.0000
ENSG00000261797.1	AC073878.2	lncRNA	1	1	0	0.1473	0.0365	0.0395
ENSG00000261798.1	AL033527.2	lncRNA	5	2	3	0.2371	0.0588	0.0636
ENSG00000261799.1	AC007406.4	lncRNA	544	271	273	9.7319	2.4134	2.6095
ENSG00000261800.2	AC023824.5	lncRNA	0	0	0	0.0000	0.0000	0.0000
ENSG00000261801.6	LOXL1-AS1	lncRNA	667	533	498	7.0768	1.7550	1.8975
ENSG00000261802.1	AC026470.3	lncRNA	0	0	0	0.0000	0.0000	0.0000
ENSG00000261803.2	LINC02140	lncRNA	0	0	0	0.0000	0.0000	0.0000
ENSG00000261804.2	AC007342.4	lncRNA	44	25	19	1.7900	0.4439	0.4800
ENSG00000261807.2	LINC02141	lncRNA	0	0	0	0.0000	0.0000	0.0000
ENSG00000261809.1	CYP3A54P	processed_pseudogene	0	0	0	0.0000	0.0000	0.0000
ENSG00000261810.1	AC133565.1	lncRNA	0	0	0	0.0000	0.0000	0.0000
ENSG00000261811.2	LINC02164	lncRNA	0	0	0	0.0000	0.0000	0.0000
ENSG00000261812.6	TUBB8P7	transcribed_unprocessed_pseudogene	4	2	2	0.0920	0.0228	0.0247
ENSG00000261813.2	AC015720.2	processed_pseudogene	2	2	0	0.3396	0.0842	0.0911
ENSG00000261815.1	AC044798.2	lncRNA	0	0	0	0.0000	0.0000	0.0000
ENSG00000261816.1	AC134312.6	lncRNA	0	0	0	0.0000	0.0000	0.0000
ENSG00000261817.1	AL390718.1	lncRNA	0	0	0	0.0000	0.0000	0.0000
ENSG00000261818.1	AC092138.2	lncRNA	1	0	1	0.1325	0.0329	0.0355
ENSG00000261819.1	AC138932.2	processed_pseudogene	19	9	10	0.5665	0.1405	0.1519
ENSG00000261820.1	DNM1P49	unprocessed_pseudogene	0	0	0	0.0000	0.0000	0.0000
ENSG00000261821.2	AC090826.1	lncRNA	8	13	5	0.0917	0.0227	0.0246
ENSG00000261822.1	AC018362.2	lncRNA	0	215	222	0.0000	0.0000	0.0000
ENSG00000261823.1	AC084782.2	lncRNA	10	7	3	0.6759	0.1676	0.1812
ENSG00000261824.7	LINC00662	lncRNA	883	460	481	1.5084	0.3741	0.4044
ENSG00000261826.1	AC121333.1	lncRNA	0	0	0	0.0000	0.0000	0.0000
ENSG00000261829.1	AC009407.1	lncRNA	1	0	1	0.0948	0.0235	0.0254
ENSG00000261831.2	AL353708.2	lncRNA	0	0	0	0.0000	0.0000	0.0000
ENSG00000261832.6	AC138894.1	protein_coding	2	0	2	0.0271	0.0067	0.0073
ENSG00000261834.2	IGHV3OR16-15	IG_V_pseudogene	2	0	2	0.2740	0.0679	0.0735
ENSG00000261835.1	AC007610.3	unprocessed_pseudogene	0	3	0	0.0000	0.0000	0.0000
ENSG00000261837.1	AC046158.2	lncRNA	4	3	1	0.3208	0.0796	0.0860
ENSG00000261838.5	AC092718.6	lncRNA	1	1	0	0.1143	0.0284	0.0307
ENSG00000261839.1	AL358933.1	lncRNA	7	9	3	0.1403	0.0348	0.0376
ENSG00000261840.3	AC093249.6	lncRNA	50	59	65	2.4699	0.6125	0.6623
ENSG00000261842.1	AC073314.1	lncRNA	8	6	2	0.2047	0.0508	0.0549
ENSG00000261845.2	AC124283.1	lncRNA	0	661	656	0.0000	0.0000	0.0000
ENSG00000261848.5	AC090282.1	lncRNA	0	0	0	0.0000	0.0000	0.0000
ENSG00000261856.1	LINC02186	lncRNA	0	0	0	0.0000	0.0000	0.0000
ENSG00000261857.7	MIA	protein_coding	6	4	2	0.2933	0.0727	0.0787
ENSG00000261863.1	LINC01996	lncRNA	0	0	0	0.0000	0.0000	0.0000
ENSG00000261864.1	AC130462.2	lncRNA	0	0	0	0.0000	0.0000	0.0000
ENSG00000261868.1	MFSD1P1	processed_pseudogene	1	1	0	0.0427	0.0106	0.0115
ENSG00000261872.1	AC002558.2	lncRNA	1	245	240	0.0843	0.0209	0.0226
ENSG00000261873.2	SMIM36	protein_coding	0	0	0	0.0000	0.0000	0.0000
ENSG00000261879.7	AC087500.1	lncRNA	120	145	130	1.5400	0.3819	0.4129
ENSG00000261882.1	AC006600.1	processed_pseudogene	0	0	0	0.0000	0.0000	0.0000
ENSG00000261884.2	AC040162.1	protein_coding	28	13	15	0.2793	0.0693	0.0749
ENSG00000261886.1	AC005670.1	lncRNA	8	7	1	1.1486	0.2848	0.3080
ENSG00000261888.1	AC144831.1	lncRNA	127	69	58	2.7117	0.6725	0.7271
ENSG00000261889.1	AC108134.2	lncRNA	48	22	26	3.6391	0.9025	0.9758
ENSG00000261898.2	AC091153.4	lncRNA	0	100	108	0.0000	0.0000	0.0000
ENSG00000261904.1	MTND5P33	unprocessed_pseudogene	0	0	0	0.0000	0.0000	0.0000
ENSG00000261914.2	RPL23AP84	processed_pseudogene	0	0	0	0.0000	0.0000	0.0000
ENSG00000261915.6	AC026954.2	protein_coding	0	0	0	0.0000	0.0000	0.0000
ENSG00000261916.1	AC027796.1	lncRNA	4	2	2	0.4430	0.1099	0.1188
ENSG00000261924.1	AC127496.1	lncRNA	4	18	20	0.0539	0.0134	0.0145
ENSG00000261934.2	PCDHGA9	protein_coding	232	115	118	2.7704	0.6870	0.7428
ENSG00000261938.1	AC006111.1	lncRNA	0	94	106	0.0000	0.0000	0.0000
ENSG00000261939.1	LARP7P2	processed_pseudogene	0	0	0	0.0000	0.0000	0.0000
ENSG00000261949.6	GFY	protein_coding	1	2	0	0.0265	0.0066	0.0071
ENSG00000261959.1	AC015909.3	lncRNA	2	0	2	0.0632	0.0157	0.0170
ENSG00000261963.3	CCDC92B	unitary_pseudogene	0	0	0	0.0000	0.0000	0.0000
ENSG00000261965.1	ISCA1P3	processed_pseudogene	0	0	0	0.0000	0.0000	0.0000
ENSG00000261970.1	AL391840.2	processed_pseudogene	5	3	2	0.7726	0.1916	0.2072
ENSG00000261971.8	MMP25-AS1	lncRNA	242	151	141	1.8937	0.4696	0.5078
ENSG00000261976.2	AC091062.1	lncRNA	0	1	2	0.0000	0.0000	0.0000
ENSG00000261978.1	AC116025.1	lncRNA	0	0	0	0.0000	0.0000	0.0000
ENSG00000261987.2	KYNUP1	unprocessed_pseudogene	0	0	0	0.0000	0.0000	0.0000
ENSG00000261996.1	AC004706.1	lncRNA	3	1	3	0.1935	0.0480	0.0519
ENSG00000261997.1	AC007336.1	lncRNA	11	5	6	0.1630	0.0404	0.0437
ENSG00000262000.1	AC120024.2	processed_pseudogene	0	0	0	0.0000	0.0000	0.0000
ENSG00000262001.1	DLGAP1-AS2	lncRNA	132	72	60	2.3607	0.5854	0.6330
ENSG00000262003.1	AC087392.1	lncRNA	50	33	17	3.4579	0.8575	0.9272
ENSG00000262006.1	AC005920.4	lncRNA	0	0	2	0.0000	0.0000	0.0000
ENSG00000262008.1	AC010547.5	unprocessed_pseudogene	0	0	0	0.0000	0.0000	0.0000
ENSG00000262011.1	AC003009.1	lncRNA	0	0	0	0.0000	0.0000	0.0000
ENSG00000262020.1	AC007014.1	lncRNA	0	0	0	0.0000	0.0000	0.0000
ENSG00000262031.1	LINC01974	lncRNA	0	0	0	0.0000	0.0000	0.0000
ENSG00000262038.1	AC007599.2	lncRNA	0	0	0	0.0000	0.0000	0.0000
ENSG00000262039.1	AC091180.5	lncRNA	4	1	3	0.5938	0.1473	0.1592
ENSG00000262048.1	AL078601.2	processed_pseudogene	0	0	0	0.0000	0.0000	0.0000
ENSG00000262049.1	AC139530.1	lncRNA	3	793	791	0.0861	0.0213	0.0231
ENSG00000262050.1	AC005696.1	lncRNA	9	17	10	1.1521	0.2857	0.3089
ENSG00000262052.1	AC090618.1	lncRNA	0	0	1	0.0000	0.0000	0.0000
ENSG00000262061.6	AC129507.1	lncRNA	31	19	18	0.7697	0.1909	0.2064
ENSG00000262067.1	AC120057.1	processed_pseudogene	0	0	0	0.0000	0.0000	0.0000
ENSG00000262074.7	SNORD3B-2	snoRNA	0	0	0	0.0000	0.0000	0.0000
ENSG00000262075.3	DKFZP434A062	lncRNA	1	1	1	0.0113	0.0028	0.0030
ENSG00000262079.1	AC007638.1	lncRNA	0	0	0	0.0000	0.0000	0.0000
ENSG00000262081.2	IL9RP4	unprocessed_pseudogene	0	0	0	0.0000	0.0000	0.0000
ENSG00000262085.2	OR1P1	polymorphic_pseudogene	0	0	0	0.0000	0.0000	0.0000
ENSG00000262089.1	AC040977.1	lncRNA	32	13	19	5.2907	1.3120	1.4186
ENSG00000262090.1	AC136944.5	processed_pseudogene	0	0	0	0.0000	0.0000	0.0000
ENSG00000262094.1	AC139099.1	lncRNA	1	1	0	0.0216	0.0054	0.0058
ENSG00000262095.1	MTATP6P25	processed_pseudogene	0	0	0	0.0000	0.0000	0.0000
ENSG00000262096.2	PCDHB19P	transcribed_unprocessed_pseudogene	6	6	4	0.1093	0.0271	0.0293
ENSG00000262097.2	LINC02185	lncRNA	22	6	16	0.2448	0.0607	0.0656
ENSG00000262098.1	AC127496.2	lncRNA	1	0	1	0.1541	0.0382	0.0413
ENSG00000262099.1	DHX33-DT	lncRNA	0	0	0	0.0000	0.0000	0.0000
ENSG00000262106.1	OR1D3P	unprocessed_pseudogene	0	0	0	0.0000	0.0000	0.0000
ENSG00000262107.1	MTND6P33	unprocessed_pseudogene	0	0	0	0.0000	0.0000	0.0000
ENSG00000262112.1	AC015912.1	lncRNA	0	221	223	0.0000	0.0000	0.0000
ENSG00000262115.1	AC027601.2	lncRNA	3	38	39	0.2113	0.0524	0.0567
ENSG00000262116.1	AC009134.1	lncRNA	0	14	12	0.0000	0.0000	0.0000
ENSG00000262117.5	BCAR4	lncRNA	2	2	0	0.0854	0.0212	0.0229
ENSG00000262118.1	MTCO1P28	processed_pseudogene	9	5	4	0.3340	0.0828	0.0896
ENSG00000262119.1	AL079343.1	lncRNA	1	0	1	0.0320	0.0079	0.0086
ENSG00000262120.1	AC010547.6	unprocessed_pseudogene	0	0	0	0.0000	0.0000	0.0000
ENSG00000262133.1	AC087392.2	lncRNA	0	0	0	0.0000	0.0000	0.0000
ENSG00000262135.1	GARS1P1	processed_pseudogene	0	0	0	0.0000	0.0000	0.0000
ENSG00000262136.1	AC092115.3	lncRNA	5	364	345	0.4790	0.1188	0.1284
ENSG00000262140.1	AC010653.1	unprocessed_pseudogene	0	0	0	0.0000	0.0000	0.0000
ENSG00000262141.1	AC040162.2	processed_pseudogene	1	0	1	0.3612	0.0896	0.0969
ENSG00000262147.1	AC124283.2	lncRNA	18	23	13	3.2100	0.7960	0.8607
ENSG00000262151.1	AC133065.1	lncRNA	2	3	14	0.1529	0.0379	0.0410
ENSG00000262152.7	LINC00514	protein_coding	11	6	5	0.1029	0.0255	0.0276
ENSG00000262154.1	EIF1P4	processed_pseudogene	0	0	0	0.0000	0.0000	0.0000
ENSG00000262155.2	LINC02175	lncRNA	113	45	68	1.1292	0.2800	0.3028
ENSG00000262158.1	MTCO3P24	unprocessed_pseudogene	0	0	0	0.0000	0.0000	0.0000
ENSG00000262160.1	AC020978.5	lncRNA	0	1373	1364	0.0000	0.0000	0.0000
ENSG00000262165.2	AC233723.1	protein_coding	16	11	5	1.3938	0.3456	0.3737
ENSG00000262171.1	AC130651.1	lncRNA	7	4	3	0.7406	0.1837	0.1986
ENSG00000262172.1	AC116025.2	lncRNA	4	1	3	0.5121	0.1270	0.1373
ENSG00000262179.3	MYMX	protein_coding	4	3	1	0.2656	0.0659	0.0712
ENSG00000262181.2	AP001005.1	unprocessed_pseudogene	0	0	0	0.0000	0.0000	0.0000
ENSG00000262185.3	LINC02861	lncRNA	73	40	33	1.5214	0.3773	0.4079
ENSG00000262187.2	AC137800.2	unprocessed_pseudogene	0	0	0	0.0000	0.0000	0.0000
ENSG00000262188.2	LINC01978	lncRNA	6	3	5	0.1410	0.0350	0.0378
ENSG00000262198.1	AL157931.1	lncRNA	1	0	1	0.0969	0.0240	0.0260
ENSG00000262202.4	AC007952.4	lncRNA	0	0	0	0.0000	0.0000	0.0000
ENSG00000262209.3	PCDHGB3	protein_coding	40	26	14	0.4751	0.1178	0.1274
ENSG00000262211.1	AC008914.1	lncRNA	0	4480	4266	0.0000	0.0000	0.0000
ENSG00000262213.1	AC144836.1	lncRNA	0	0	0	0.0000	0.0000	0.0000
ENSG00000262223.8	AC110285.1	lncRNA	11	4	7	0.1674	0.0415	0.0449
ENSG00000262227.1	AC004771.2	lncRNA	8	33	23	0.8234	0.2042	0.2208
ENSG00000262228.2	AC087392.3	lncRNA	6	4	2	0.1939	0.0481	0.0520
ENSG00000262231.2	AC104770.1	lncRNA	0	0	0	0.0000	0.0000	0.0000
ENSG00000262235.2	TMF1P1	processed_pseudogene	0	0	0	0.0000	0.0000	0.0000
ENSG00000262246.6	CORO7	protein_coding	396	192	204	2.5540	0.6334	0.6848
ENSG00000262248.1	AC027796.2	processed_pseudogene	2	1	1	0.3297	0.0818	0.0884
ENSG00000262259.1	MTND4LP24	unprocessed_pseudogene	0	0	0	0.0000	0.0000	0.0000
ENSG00000262262.1	AC026271.2	transcribed_processed_pseudogene	0	0	0	0.0000	0.0000	0.0000
ENSG00000262265.2	AC002558.3	lncRNA	4	3	1	0.1211	0.0300	0.0325
ENSG00000262267.6	U95743.1	lncRNA	0	0	0	0.0000	0.0000	0.0000
ENSG00000262271.1	AC090079.1	processed_pseudogene	0	0	0	0.0000	0.0000	0.0000
ENSG00000262292.2	AC007952.5	lncRNA	0	0	0	0.0000	0.0000	0.0000
ENSG00000262294.1	AC129507.2	lncRNA	3	5	6	0.2274	0.0564	0.0610
ENSG00000262296.1	AC118755.1	lncRNA	0	0	0	0.0000	0.0000	0.0000
ENSG00000262298.1	AC004584.1	lncRNA	4	3	1	0.4132	0.1025	0.1108
ENSG00000262302.1	AC003688.1	protein_coding	0	0	0	0.0000	0.0000	0.0000
ENSG00000262304.2	AC027796.3	protein_coding	0	0	0	0.0000	0.0000	0.0000
ENSG00000262312.2	AC004494.1	lncRNA	14	16	11	0.2687	0.0666	0.0720
ENSG00000262313.1	AC127496.3	lncRNA	0	90	63	0.0000	0.0000	0.0000
ENSG00000262316.1	AC025283.1	processed_pseudogene	1	1	0	0.0773	0.0192	0.0207
ENSG00000262319.1	AC007952.6	lncRNA	2	1	1	0.0424	0.0105	0.0114
ENSG00000262322.1	MTND4P34	unprocessed_pseudogene	0	0	0	0.0000	0.0000	0.0000
ENSG00000262332.1	AC136624.1	lncRNA	0	0	0	0.0000	0.0000	0.0000
ENSG00000262333.1	HNRNPA1P16	processed_pseudogene	48	21	27	2.8503	0.7069	0.7643
ENSG00000262339.5	AC130371.1	lncRNA	0	0	0	0.0000	0.0000	0.0000
ENSG00000262343.1	AC100791.1	lncRNA	0	0	0	0.0000	0.0000	0.0000
ENSG00000262352.2	LINC02564	lncRNA	0	0	0	0.0000	0.0000	0.0000
ENSG00000262358.1	AC116914.1	lncRNA	0	9	7	0.0000	0.0000	0.0000
ENSG00000262362.1	AC004233.1	lncRNA	8	9	3	0.7462	0.1850	0.2001
ENSG00000262366.1	NDUFA3P6	processed_pseudogene	0	0	0	0.0000	0.0000	0.0000
ENSG00000262370.6	AC108134.3	lncRNA	34	18	16	0.9078	0.2251	0.2434
ENSG00000262372.1	CR936218.1	lncRNA	0	10	13	0.0000	0.0000	0.0000
ENSG00000262380.1	AC026401.2	lncRNA	4	1	3	0.4510	0.1118	0.1209
ENSG00000262381.1	MTATP6P24	unprocessed_pseudogene	0	0	0	0.0000	0.0000	0.0000
ENSG00000262384.1	AC034268.1	processed_pseudogene	0	0	0	0.0000	0.0000	0.0000
ENSG00000262400.1	AL590084.3	processed_pseudogene	0	0	0	0.0000	0.0000	0.0000
ENSG00000262402.1	MCUR1P1	processed_pseudogene	0	0	0	0.0000	0.0000	0.0000
ENSG00000262406.3	MMP12	protein_coding	18	11	7	0.5603	0.1389	0.1502
ENSG00000262408.1	AC015912.2	processed_pseudogene	2	0	2	0.6266	0.1554	0.1680
ENSG00000262410.1	AC024361.1	lncRNA	28	12	16	2.4733	0.6134	0.6632
ENSG00000262412.1	AL160291.1	lncRNA	3	13	13	0.1698	0.0421	0.0455
ENSG00000262413.1	AC145207.2	lncRNA	0	4132	4252	0.0000	0.0000	0.0000
ENSG00000262420.3	AC007613.1	lncRNA	11	41	27	0.2402	0.0596	0.0644
ENSG00000262429.1	AC004771.3	lncRNA	0	195	204	0.0000	0.0000	0.0000
ENSG00000262434.1	AC087392.4	lncRNA	5	3	2	0.5834	0.1447	0.1564
ENSG00000262445.3	AC099684.2	lncRNA	4	3	1	0.2607	0.0647	0.0699
ENSG00000262454.4	MIR193BHG	lncRNA	598	286	312	5.6063	1.3903	1.5032
ENSG00000262456.1	AC006435.1	lncRNA	0	268	267	0.0000	0.0000	0.0000
ENSG00000262461.6	SPDYE9	protein_coding	0	0	0	0.0000	0.0000	0.0000
ENSG00000262468.6	LINC01569	lncRNA	303	141	162	3.2811	0.8137	0.8798
ENSG00000262470.2	TVP23CP2	processed_pseudogene	0	0	0	0.0000	0.0000	0.0000
ENSG00000262471.1	AC009171.1	processed_pseudogene	0	0	0	0.0000	0.0000	0.0000
ENSG00000262480.2	SAMD11P1	processed_pseudogene	0	1	1	0.0000	0.0000	0.0000
ENSG00000262481.5	TMEM256-PLSCR3	protein_coding	0	0	1	0.0000	0.0000	0.0000
ENSG00000262482.1	AC004034.1	lncRNA	5	6	4	0.5560	0.1379	0.1491
ENSG00000262484.1	CCER2	protein_coding	4	1	3	0.2146	0.0532	0.0575
ENSG00000262488.1	AC133065.2	processed_pseudogene	0	0	0	0.0000	0.0000	0.0000
ENSG00000262492.1	AC104581.1	processed_pseudogene	0	0	0	0.0000	0.0000	0.0000
ENSG00000262495.1	AC012146.1	processed_pseudogene	1	1	0	0.1363	0.0338	0.0366
ENSG00000262497.1	FAM187B2P	unprocessed_pseudogene	6	3	3	0.4772	0.1183	0.1280
ENSG00000262500.1	MAPK8IP1P1	processed_pseudogene	3	3	1	0.1182	0.0293	0.0317
ENSG00000262503.1	AC027763.1	processed_pseudogene	0	0	0	0.0000	0.0000	0.0000
ENSG00000262514.1	AC020978.6	lncRNA	0	3	2	0.0000	0.0000	0.0000
ENSG00000262516.1	AC007151.1	processed_pseudogene	1	0	1	0.1174	0.0291	0.0315
ENSG00000262518.1	AC090079.2	processed_pseudogene	0	0	0	0.0000	0.0000	0.0000
ENSG00000262519.1	TXNP4	processed_pseudogene	0	0	0	0.0000	0.0000	0.0000
ENSG00000262521.1	AJ003147.1	lncRNA	1	1	0	0.1249	0.0310	0.0335
ENSG00000262526.2	AC120057.2	protein_coding	0	0	0	0.0000	0.0000	0.0000
ENSG00000262528.2	AL022341.2	lncRNA	0	56	55	0.0000	0.0000	0.0000
ENSG00000262529.1	AC130650.1	lncRNA	3	1	2	0.4100	0.1017	0.1099
ENSG00000262533.1	AC090617.3	lncRNA	0	698	689	0.0000	0.0000	0.0000
ENSG00000262539.1	AC005829.2	processed_pseudogene	53	26	28	2.8462	0.7058	0.7632
ENSG00000262543.2	SMIM28	protein_coding	0	0	0	0.0000	0.0000	0.0000
ENSG00000262558.1	AC129507.3	lncRNA	2	2	0	0.1242	0.0308	0.0333
ENSG00000262560.1	AC018512.1	protein_coding	0	0	0	0.0000	0.0000	0.0000
ENSG00000262561.1	AC136932.1	processed_pseudogene	0	0	0	0.0000	0.0000	0.0000
ENSG00000262566.1	AL355375.2	processed_pseudogene	0	0	0	0.0000	0.0000	0.0000
ENSG00000262576.3	PCDHGA4	protein_coding	117	59	58	1.3577	0.3367	0.3640
ENSG00000262580.5	AC087741.1	lncRNA	321	329	292	3.5541	0.8814	0.9530
ENSG00000262583.1	TMEM231P1	transcribed_unprocessed_pseudogene	10	6	4	0.6833	0.1694	0.1832
ENSG00000262585.1	LINC01979	lncRNA	9	6	6	0.0968	0.0240	0.0260
ENSG00000262587.2	AC133552.2	transcribed_unprocessed_pseudogene	105	42	63	5.2882	1.3114	1.4180
ENSG00000262609.1	BTF3P14	processed_pseudogene	0	0	0	0.0000	0.0000	0.0000
ENSG00000262619.2	LINC00621	lncRNA	4	2	3	0.0328	0.0081	0.0088
ENSG00000262623.1	AC004584.2	processed_pseudogene	1	0	2	0.1383	0.0343	0.0371
ENSG00000262624.1	AC113189.1	lncRNA	0	68	59	0.0000	0.0000	0.0000
ENSG00000262628.1	OR1D5	protein_coding	0	0	0	0.0000	0.0000	0.0000
ENSG00000262633.2	AC005670.2	protein_coding	0	0	2	0.0000	0.0000	0.0000
ENSG00000262636.1	AC099489.2	processed_pseudogene	0	1	1	0.0000	0.0000	0.0000
ENSG00000262648.1	PHBP15	processed_pseudogene	0	0	0	0.0000	0.0000	0.0000
ENSG00000262651.1	AL513043.1	processed_pseudogene	0	0	0	0.0000	0.0000	0.0000
ENSG00000262652.1	AC124283.3	lncRNA	8	4	4	0.7638	0.1894	0.2048
ENSG00000262655.4	SPON1	protein_coding	11447	6125	6217	122.0912	30.2774	32.7367
ENSG00000262660.1	AC139530.2	protein_coding	0	0	0	0.0000	0.0000	0.0000
ENSG00000262662.1	AC127496.4	lncRNA	0	98	97	0.0000	0.0000	0.0000
ENSG00000262663.1	AC087222.1	lncRNA	15	4	11	1.6878	0.4186	0.4526
ENSG00000262664.3	OVCA2	protein_coding	0	0	0	0.0000	0.0000	0.0000
ENSG00000262668.2	AJ003147.2	lncRNA	0	20	27	0.0000	0.0000	0.0000
ENSG00000262678.1	AC004771.4	lncRNA	6	14	6	0.6278	0.1557	0.1683
ENSG00000262681.2	AC005722.3	lncRNA	2	1	1	0.0337	0.0083	0.0090
ENSG00000262686.1	GLIS2-AS1	lncRNA	2	1	1	0.3336	0.0827	0.0894
ENSG00000262691.1	AC040160.1	lncRNA	31	11	20	0.6567	0.1629	0.1761
ENSG00000262692.1	AC116914.2	lncRNA	18	8	10	3.5078	0.8699	0.9406
ENSG00000262693.1	AC012146.2	lncRNA	4	2	2	0.4629	0.1148	0.1241
ENSG00000262700.1	AC133552.3	processed_pseudogene	1	0	1	0.0303	0.0075	0.0081
ENSG00000262703.1	AC009121.2	lncRNA	4	3	2	0.2072	0.0514	0.0555
ENSG00000262708.1	AC027455.1	processed_pseudogene	1	0	1	0.0955	0.0237	0.0256
ENSG00000262712.1	AC012676.1	lncRNA	16	937	884	0.4656	0.1155	0.1248
ENSG00000262714.1	AC007342.5	lncRNA	87	49	38	2.3033	0.5712	0.6176
ENSG00000262721.1	AC135048.2	lncRNA	0	40	43	0.0000	0.0000	0.0000
ENSG00000262728.6	AC123768.2	lncRNA	6	25	31	0.1877	0.0465	0.0503
ENSG00000262730.1	AC104581.2	protein_coding	0	0	0	0.0000	0.0000	0.0000
ENSG00000262732.1	AC010401.1	lncRNA	1	212	189	0.0114	0.0028	0.0031
ENSG00000262759.1	MRPS21P9	processed_pseudogene	0	0	0	0.0000	0.0000	0.0000
ENSG00000262766.1	AC135050.5	lncRNA	37	15	22	3.8642	0.9583	1.0361
ENSG00000262768.2	AC100791.2	lncRNA	0	1	0	0.0000	0.0000	0.0000
ENSG00000262769.1	AC025627.1	lncRNA	0	18	29	0.0000	0.0000	0.0000
ENSG00000262772.2	LINC01977	lncRNA	93	41	52	1.5090	0.3742	0.4046
ENSG00000262777.1	AC032044.1	lncRNA	4	2	2	0.3283	0.0814	0.0880
ENSG00000262786.1	AC005224.1	lncRNA	2	1	1	0.0602	0.0149	0.0161
ENSG00000262791.1	AC130343.1	lncRNA	0	166	161	0.0000	0.0000	0.0000
ENSG00000262801.6	U91319.1	lncRNA	23	13	10	0.4063	0.1008	0.1090
ENSG00000262803.1	AL354943.1	processed_pseudogene	1	1	0	0.0726	0.0180	0.0195
ENSG00000262810.1	AC090617.4	lncRNA	1	1	0	0.1074	0.0266	0.0288
ENSG00000262814.8	MRPL12	protein_coding	95	52	43	5.3394	1.3241	1.4317
ENSG00000262815.1	AC087501.2	lncRNA	1	1	0	0.1105	0.0274	0.0296
ENSG00000262818.1	AC055872.1	processed_pseudogene	0	0	0	0.0000	0.0000	0.0000
ENSG00000262823.1	AC127521.1	lncRNA	4	6	6	0.2142	0.0531	0.0574
ENSG00000262831.1	AC145207.3	lncRNA	0	9909	10105	0.0000	0.0000	0.0000
ENSG00000262833.1	AC016245.1	lncRNA	0	0	0	0.0000	0.0000	0.0000
ENSG00000262837.1	AC027801.5	lncRNA	5	4	1	0.6816	0.1690	0.1828
ENSG00000262848.1	AC136624.2	lncRNA	0	0	1	0.0000	0.0000	0.0000
ENSG00000262855.1	AC012146.3	processed_pseudogene	0	0	0	0.0000	0.0000	0.0000
ENSG00000262869.1	AC099684.3	lncRNA	1	6	0	0.1013	0.0251	0.0272
ENSG00000262870.1	CYCSP40	processed_pseudogene	2	0	2	0.3858	0.0957	0.1034
ENSG00000262873.2	AC127496.5	lncRNA	9	3	6	0.2224	0.0552	0.0596
ENSG00000262874.2	C19orf84	protein_coding	14	5	9	0.5423	0.1345	0.1454
ENSG00000262877.5	AC110285.2	lncRNA	14	11	3	0.4877	0.1209	0.1308
ENSG00000262879.6	AC005670.3	lncRNA	1485	1050	1021	5.0710	1.2576	1.3597
ENSG00000262880.1	AC113189.2	lncRNA	0	0	0	0.0000	0.0000	0.0000
ENSG00000262881.1	CR936218.2	lncRNA	0	0	0	0.0000	0.0000	0.0000
ENSG00000262884.1	AC015921.1	lncRNA	20	25	29	0.4455	0.1105	0.1194
ENSG00000262885.1	AC135776.3	processed_pseudogene	0	0	0	0.0000	0.0000	0.0000
ENSG00000262898.3	AC139099.2	lncRNA	8	4	4	0.1159	0.0287	0.0311
ENSG00000262899.1	AC004232.1	lncRNA	0	7	11	0.0000	0.0000	0.0000
ENSG00000262902.1	MTCO1P40	processed_pseudogene	34	15	20	3.0850	0.7651	0.8272
ENSG00000262903.1	AC027796.4	lncRNA	18	67	65	1.1679	0.2896	0.3132
ENSG00000262904.1	TMPOP2	processed_pseudogene	6	4	2	0.2833	0.0703	0.0760
ENSG00000262905.1	AC015853.1	lncRNA	1	27	10	0.0958	0.0238	0.0257
ENSG00000262919.8	CCNQ	protein_coding	844	436	408	28.5410	7.0779	7.6528
ENSG00000262920.5	AC129507.4	lncRNA	1	5	12	0.1313	0.0326	0.0352
ENSG00000262921.1	AC118754.2	lncRNA	0	0	0	0.0000	0.0000	0.0000
ENSG00000262943.7	ALOX12P2	transcribed_unprocessed_pseudogene	4	3	1	0.0401	0.0099	0.0108
ENSG00000262950.2	AC007861.1	lncRNA	1	1	0	0.0289	0.0072	0.0077
ENSG00000262953.1	EIF4A1P9	processed_pseudogene	0	0	0	0.0000	0.0000	0.0000
ENSG00000262959.2	RPL23AP86	processed_pseudogene	0	0	0	0.0000	0.0000	0.0000
ENSG00000262961.1	AC006236.1	processed_pseudogene	0	0	0	0.0000	0.0000	0.0000
ENSG00000262962.1	KARS1P3	unprocessed_pseudogene	1	0	1	0.0377	0.0094	0.0101
ENSG00000262966.2	AC005695.1	lncRNA	10	6	5	0.1000	0.0248	0.0268
ENSG00000262967.1	AC005921.2	lncRNA	0	775	791	0.0000	0.0000	0.0000
ENSG00000262974.1	AC136618.2	processed_pseudogene	0	0	0	0.0000	0.0000	0.0000
ENSG00000262979.1	AC124319.1	lncRNA	58	30	28	5.0370	1.2491	1.3506
ENSG00000262980.2	OR52L2P	unprocessed_pseudogene	0	0	0	0.0000	0.0000	0.0000
ENSG00000262983.1	AF001550.1	lncRNA	0	0	0	0.0000	0.0000	0.0000
ENSG00000262990.1	AC004706.2	processed_pseudogene	0	0	0	0.0000	0.0000	0.0000
ENSG00000262995.1	AC137056.1	lncRNA	0	4	2	0.0000	0.0000	0.0000
ENSG00000262999.1	AC099489.3	lncRNA	1	2	2	0.0249	0.0062	0.0067
ENSG00000263001.7	GTF2I	protein_coding	1608	1743	1812	8.0677	2.0007	2.1632
ENSG00000263002.8	ZNF234	protein_coding	947	464	483	10.2941	2.5528	2.7602
ENSG00000263004.2	AC007114.1	lncRNA	250	128	123	9.2062	2.2830	2.4685
ENSG00000263006.6	ROCK1P1	transcribed_unprocessed_pseudogene	43	18	26	0.9219	0.2286	0.2472
ENSG00000263011.1	AC108134.4	lncRNA	47	27	20	8.8257	2.1887	2.3665
ENSG00000263015.1	AC015853.2	lncRNA	0	2	1	0.0000	0.0000	0.0000
ENSG00000263017.1	AC036164.1	processed_pseudogene	0	0	0	0.0000	0.0000	0.0000
ENSG00000263020.6	AL662899.2	protein_coding	0	0	0	0.0000	0.0000	0.0000
ENSG00000263029.1	AC136624.3	processed_pseudogene	0	0	0	0.0000	0.0000	0.0000
ENSG00000263033.2	AC007220.1	lncRNA	24	12	12	1.2901	0.3199	0.3459
ENSG00000263041.2	AL513324.1	lncRNA	0	0	0	0.0000	0.0000	0.0000
ENSG00000263045.1	AC090286.4	processed_pseudogene	0	0	0	0.0000	0.0000	0.0000
ENSG00000263050.1	AC090617.5	lncRNA	7	24	8	0.8961	0.2222	0.2403
ENSG00000263051.1	AC087501.3	lncRNA	0	0	0	0.0000	0.0000	0.0000
ENSG00000263063.1	AC024361.2	lncRNA	10	6	4	0.6315	0.1566	0.1693
ENSG00000263065.1	AF001548.1	lncRNA	6	51	62	0.6187	0.1534	0.1659
ENSG00000263069.6	RNF213-AS1	lncRNA	244	3515	3434	2.1016	0.5212	0.5635
ENSG00000263070.1	AC019322.1	transcribed_unprocessed_pseudogene	0	0	0	0.0000	0.0000	0.0000
ENSG00000263072.8	ZNF213-AS1	lncRNA	712	591	538	2.8942	0.7177	0.7760
ENSG00000263080.1	AC009121.3	lncRNA	5	3	2	0.2500	0.0620	0.0670
ENSG00000263081.1	AC211486.2	lncRNA	0	0	0	0.0000	0.0000	0.0000
ENSG00000263089.1	AC007114.2	lncRNA	36	18	23	0.4769	0.1183	0.1279
ENSG00000263096.1	AC007638.2	lncRNA	0	0	0	0.0000	0.0000	0.0000
ENSG00000263098.1	AC068014.1	lncRNA	0	0	0	0.0000	0.0000	0.0000
ENSG00000263105.1	AC009171.2	lncRNA	27	10	17	4.8150	1.1941	1.2911
ENSG00000263107.1	AC025627.2	processed_pseudogene	0	0	0	0.0000	0.0000	0.0000
ENSG00000263110.1	AC007861.2	lncRNA	0	0	0	0.0000	0.0000	0.0000
ENSG00000263120.1	AC004584.3	lncRNA	6	5	1	0.1444	0.0358	0.0387
ENSG00000263125.1	ARL2BPP8	processed_pseudogene	0	0	0	0.0000	0.0000	0.0000
ENSG00000263126.1	AC040162.3	lncRNA	4	4	0	0.0581	0.0144	0.0156
ENSG00000263142.5	LRRC37A17P	transcribed_unprocessed_pseudogene	6	118	144	0.0671	0.0166	0.0180
ENSG00000263146.2	LINC01896	lncRNA	0	0	0	0.0000	0.0000	0.0000
ENSG00000263154.1	AC110285.3	lncRNA	0	0	0	0.0000	0.0000	0.0000
ENSG00000263155.6	MYZAP	protein_coding	27	13	14	0.5894	0.1462	0.1580
ENSG00000263159.1	AC005736.1	lncRNA	0	0	0	0.0000	0.0000	0.0000
ENSG00000263164.1	AC087500.2	lncRNA	35	23	13	3.9856	0.9884	1.0687
ENSG00000263165.1	AC087292.1	lncRNA	0	464	500	0.0000	0.0000	0.0000
ENSG00000263167.1	AC115099.1	lncRNA	3	0	3	0.4700	0.1165	0.1260
ENSG00000263171.1	AC026954.3	lncRNA	0	326	284	0.0000	0.0000	0.0000
ENSG00000263176.1	AC015909.4	lncRNA	1	3	5	0.0981	0.0243	0.0263
ENSG00000263177.1	MTND1P8	processed_pseudogene	5	0	5	0.2985	0.0740	0.0800
ENSG00000263179.1	HNRNPCP4	processed_pseudogene	0	0	0	0.0000	0.0000	0.0000
ENSG00000263189.1	AC023934.1	processed_pseudogene	1	0	1	0.0237	0.0059	0.0064
ENSG00000263196.1	MTND3P13	unprocessed_pseudogene	0	0	0	0.0000	0.0000	0.0000
ENSG00000263199.1	AC005951.1	processed_pseudogene	0	0	0	0.0000	0.0000	0.0000
ENSG00000263201.1	DPEP2NB	protein_coding	0	0	0	0.0000	0.0000	0.0000
ENSG00000263206.1	KYNUP3	transcribed_unprocessed_pseudogene	0	0	0	0.0000	0.0000	0.0000
ENSG00000263207.2	AC109462.2	lncRNA	0	0	0	0.0000	0.0000	0.0000
ENSG00000263212.2	AC004224.2	lncRNA	0	0	0	0.0000	0.0000	0.0000
ENSG00000263218.2	AC127496.6	lncRNA	0	294	266	0.0000	0.0000	0.0000
ENSG00000263219.1	RYKP1	processed_pseudogene	4	3	1	0.1305	0.0324	0.0350
ENSG00000263220.1	AC015727.1	lncRNA	4	2	2	0.4430	0.1099	0.1188
ENSG00000263232.2	ATP5F1AP3	processed_pseudogene	1	0	1	0.0376	0.0093	0.0101
ENSG00000263234.1	AC010401.2	lncRNA	0	0	0	0.0000	0.0000	0.0000
ENSG00000263235.1	AC006111.2	lncRNA	14	21	22	0.7434	0.1844	0.1993
ENSG00000263237.1	AC106796.1	lncRNA	0	0	0	0.0000	0.0000	0.0000
ENSG00000263241.1	MTCYBP33	unprocessed_pseudogene	0	0	0	0.0000	0.0000	0.0000
ENSG00000263244.2	AC087190.3	lncRNA	0	0	0	0.0000	0.0000	0.0000
ENSG00000263252.1	AC005341.1	processed_pseudogene	0	0	0	0.0000	0.0000	0.0000
ENSG00000263253.1	AC092132.1	lncRNA	0	0	0	0.0000	0.0000	0.0000
ENSG00000263257.3	AC040173.1	lncRNA	3	1	2	0.0957	0.0237	0.0257
ENSG00000263264.2	AC119396.1	protein_coding	19	10	10	0.6546	0.1623	0.1755
ENSG00000263266.2	RPS7P1	processed_pseudogene	128	37	91	12.4083	3.0771	3.3271
ENSG00000263271.1	AC110285.4	lncRNA	0	12	23	0.0000	0.0000	0.0000
ENSG00000263272.1	AC004148.1	lncRNA	94	212	206	2.7506	0.6821	0.7375
ENSG00000263276.1	AC020978.7	lncRNA	5	32	44	0.0938	0.0233	0.0252
ENSG00000263278.2	AC233701.1	lncRNA	0	0	0	0.0000	0.0000	0.0000
ENSG00000263279.1	AC007595.1	lncRNA	0	0	0	0.0000	0.0000	0.0000
ENSG00000263280.2	AC003965.1	lncRNA	37	15	23	2.4686	0.6122	0.6619
ENSG00000263293.2	THCAT158	lncRNA	20	17	16	1.5907	0.3945	0.4265
ENSG00000263300.1	AC015853.3	lncRNA	0	0	0	0.0000	0.0000	0.0000
ENSG00000263301.1	AC113189.3	lncRNA	12	20	11	2.0622	0.5114	0.5529
ENSG00000263305.1	AP005530.1	lncRNA	0	0	0	0.0000	0.0000	0.0000
ENSG00000263307.1	AC007216.4	lncRNA	13	9	5	1.3118	0.3253	0.3517
ENSG00000263311.1	AC009127.2	unprocessed_pseudogene	1	1	0	0.1407	0.0349	0.0377
ENSG00000263312.1	LINC01975	lncRNA	0	0	0	0.0000	0.0000	0.0000
ENSG00000263316.1	AC027763.2	lncRNA	0	0	0	0.0000	0.0000	0.0000
ENSG00000263317.1	LINC01982	lncRNA	0	0	0	0.0000	0.0000	0.0000
ENSG00000263321.1	AC024361.3	lncRNA	4	3	8	0.6812	0.1689	0.1827
ENSG00000263325.1	AC003965.2	lncRNA	3	11	10	0.6420	0.1592	0.1721
ENSG00000263326.1	AC133552.4	unprocessed_pseudogene	19	9	10	1.5939	0.3953	0.4274
ENSG00000263327.6	TAPT1-AS1	lncRNA	62	40	36	1.2725	0.3156	0.3412
ENSG00000263331.1	AC008551.1	lncRNA	0	0	0	0.0000	0.0000	0.0000
ENSG00000263335.1	AF001548.2	lncRNA	0	0	0	0.0000	0.0000	0.0000
ENSG00000263338.1	AC027796.5	lncRNA	3	3	0	0.3038	0.0753	0.0815
ENSG00000263342.1	AC003688.2	lncRNA	0	2	5	0.0000	0.0000	0.0000
ENSG00000263343.1	AC009088.4	processed_pseudogene	0	0	0	0.0000	0.0000	0.0000
ENSG00000263345.1	AC006435.2	lncRNA	38	275	309	1.7463	0.4331	0.4683
ENSG00000263353.3	PPIAL4A	protein_coding	1	0	1	0.0859	0.0213	0.0230
ENSG00000263354.1	MIR5011	miRNA	0	0	0	0.0000	0.0000	0.0000
ENSG00000263355.1	AKR1B10P2	processed_pseudogene	0	0	0	0.0000	0.0000	0.0000
ENSG00000263360.2	RN7SL134P	misc_RNA	0	0	0	0.0000	0.0000	0.0000
ENSG00000263361.1	MIR378H	miRNA	4	1	3	2.7330	0.6778	0.7328
ENSG00000263363.1	MIR5702	miRNA	0	0	0	0.0000	0.0000	0.0000
ENSG00000263366.2	ABHD17AP5	processed_pseudogene	0	0	1	0.0000	0.0000	0.0000
ENSG00000263368.1	AC069366.1	processed_pseudogene	6	3	3	0.4060	0.1007	0.1089
ENSG00000263369.6	AC090616.1	transcribed_unprocessed_pseudogene	0	0	0	0.0000	0.0000	0.0000
ENSG00000263370.1	AC104564.1	lncRNA	12	9	3	2.5204	0.6250	0.6758
ENSG00000263372.1	MIR548AO	miRNA	0	0	0	0.0000	0.0000	0.0000
ENSG00000263375.1	AC233702.2	processed_pseudogene	0	0	0	0.0000	0.0000	0.0000
ENSG00000263381.1	MIR5584	miRNA	0	0	0	0.0000	0.0000	0.0000
ENSG00000263382.2	AC018371.1	lncRNA	0	0	0	0.0000	0.0000	0.0000
ENSG00000263388.1	AC002347.2	lncRNA	2	113	94	0.6633	0.1645	0.1778
ENSG00000263389.1	MIR3973	miRNA	1	1	0	0.5300	0.1314	0.1421
ENSG00000263390.1	MIR3119-2	miRNA	0	0	0	0.0000	0.0000	0.0000
ENSG00000263393.1	AC011825.2	lncRNA	9	7	2	0.9229	0.2289	0.2475
ENSG00000263394.1	AC007952.7	lncRNA	0	0	0	0.0000	0.0000	0.0000
ENSG00000263396.1	AP005119.1	processed_pseudogene	0	0	0	0.0000	0.0000	0.0000
ENSG00000263399.1	MIR3170	miRNA	0	0	0	0.0000	0.0000	0.0000
ENSG00000263400.8	TMEM220-AS1	lncRNA	11	19	9	0.2297	0.0570	0.0616
ENSG00000263403.1	MIR4673	miRNA	0	0	0	0.0000	0.0000	0.0000
ENSG00000263405.1	PA2G4P3	processed_pseudogene	0	0	0	0.0000	0.0000	0.0000
ENSG00000263407.1	MIR4660	miRNA	0	0	0	0.0000	0.0000	0.0000
ENSG00000263409.1	MIR4747	miRNA	0	0	0	0.0000	0.0000	0.0000
ENSG00000263410.2	RN7SL460P	misc_RNA	0	0	0	0.0000	0.0000	0.0000
ENSG00000263412.1	NFE2L1-DT	lncRNA	52	20	32	1.0054	0.2493	0.2696
ENSG00000263413.2	MIR4538	miRNA	0	0	0	0.0000	0.0000	0.0000
ENSG00000263414.1	MIR3187	miRNA	0	3	1	0.0000	0.0000	0.0000
ENSG00000263417.4	GTSCR1	lncRNA	0	0	0	0.0000	0.0000	0.0000
ENSG00000263424.1	AC110597.3	lncRNA	0	327	321	0.0000	0.0000	0.0000
ENSG00000263426.2	RN7SL471P	misc_RNA	0	0	0	0.0000	0.0000	0.0000
ENSG00000263427.1	AC129492.2	lncRNA	3	2	1	0.3291	0.0816	0.0882
ENSG00000263429.3	TMEM238L	protein_coding	0	0	0	0.0000	0.0000	0.0000
ENSG00000263432.2	RN7SL689P	misc_RNA	49	23	36	9.3562	2.3202	2.5087
ENSG00000263433.1	AC069061.1	processed_pseudogene	0	0	0	0.0000	0.0000	0.0000
ENSG00000263435.1	AC024610.1	lncRNA	0	0	0	0.0000	0.0000	0.0000
ENSG00000263436.1	MIR3158-1	miRNA	0	0	0	0.0000	0.0000	0.0000
ENSG00000263438.6	LINC01919	lncRNA	0	0	0	0.0000	0.0000	0.0000
ENSG00000263439.1	MIR4753	miRNA	0	0	0	0.0000	0.0000	0.0000
ENSG00000263443.1	AC100872.2	lncRNA	1	0	1	0.1132	0.0281	0.0304
ENSG00000263445.1	MIR4450	miRNA	0	0	0	0.0000	0.0000	0.0000
ENSG00000263450.1	AC090371.1	lncRNA	0	0	0	0.0000	0.0000	0.0000
ENSG00000263453.1	AL162291.1	miRNA	0	0	0	0.0000	0.0000	0.0000
ENSG00000263456.1	MIR5189	miRNA	0	0	0	0.0000	0.0000	0.0000
ENSG00000263458.1	MIR4455	miRNA	0	0	0	0.0000	0.0000	0.0000
ENSG00000263460.1	BOD1P1	transcribed_processed_pseudogene	0	0	0	0.0000	0.0000	0.0000
ENSG00000263464.2	PPIAL4C	protein_coding	1	0	1	0.0945	0.0234	0.0253
ENSG00000263465.4	SRSF8	protein_coding	3357	1646	1711	47.2630	11.7207	12.6728
ENSG00000263466.1	AC006441.1	lncRNA	6	5	1	0.7786	0.1931	0.2088
ENSG00000263468.1	MIR3130-2	miRNA	0	0	0	0.0000	0.0000	0.0000
ENSG00000263476.1	MIR3156-1	miRNA	0	0	0	0.0000	0.0000	0.0000
ENSG00000263477.1	AC104982.2	lncRNA	0	0	0	0.0000	0.0000	0.0000
ENSG00000263479.2	RN7SL509P	misc_RNA	0	0	0	0.0000	0.0000	0.0000
ENSG00000263482.3	ANTXRLP1	unprocessed_pseudogene	1	0	1	0.0310	0.0077	0.0083
ENSG00000263483.1	MTATP6P3	unprocessed_pseudogene	0	0	0	0.0000	0.0000	0.0000
ENSG00000263485.1	AC004147.1	lncRNA	0	0	0	0.0000	0.0000	0.0000
ENSG00000263489.1	AC127029.2	lncRNA	0	0	0	0.0000	0.0000	0.0000
ENSG00000263490.2	RN7SL155P	misc_RNA	0	0	0	0.0000	0.0000	0.0000
ENSG00000263494.1	AC004702.1	lncRNA	0	0	0	0.0000	0.0000	0.0000
ENSG00000263499.1	AC007431.1	lncRNA	6	1	5	0.2410	0.0598	0.0646
ENSG00000263501.1	AC005828.2	lncRNA	0	0	0	0.0000	0.0000	0.0000
ENSG00000263503.1	MAPK8IP1P2	processed_pseudogene	18	9	10	0.6935	0.1720	0.1859
ENSG00000263505.1	SLC25A3P3	processed_pseudogene	0	0	0	0.0000	0.0000	0.0000
ENSG00000263508.6	AC015908.2	lncRNA	1	0	1	0.0465	0.0115	0.0125
ENSG00000263510.1	MIR4497	miRNA	0	2	1	0.0000	0.0000	0.0000
ENSG00000263511.1	MIR5699	miRNA	1	1	0	0.6301	0.1563	0.1690
ENSG00000263512.1	MIR4311	miRNA	0	0	0	0.0000	0.0000	0.0000
ENSG00000263513.5	FAM72C	protein_coding	15	10	5	0.3703	0.0918	0.0993
ENSG00000263514.1	MIR3668	miRNA	0	0	0	0.0000	0.0000	0.0000
ENSG00000263515.1	MIR548AN	miRNA	0	0	0	0.0000	0.0000	0.0000
ENSG00000263520.1	LINC02563	lncRNA	0	0	0	0.0000	0.0000	0.0000
ENSG00000263526.1	MIR378G	miRNA	1	0	1	1.3832	0.3430	0.3709
ENSG00000263527.1	MIR4526	miRNA	4	3	1	2.6074	0.6466	0.6991
ENSG00000263528.8	IKBKE	protein_coding	423	250	225	6.3277	1.5692	1.6967
ENSG00000263529.2	RN7SL122P	misc_RNA	0	0	0	0.0000	0.0000	0.0000
ENSG00000263531.1	AC130324.1	lncRNA	10	6	4	0.6824	0.1692	0.1830
ENSG00000263533.1	MIR4463	miRNA	0	0	0	0.0000	0.0000	0.0000
ENSG00000263535.2	AK4P1	processed_pseudogene	25	11	14	2.1097	0.5232	0.5657
ENSG00000263537.2	RN7SL387P	misc_RNA	0	0	0	0.0000	0.0000	0.0000
ENSG00000263540.1	MIR5582	miRNA	0	0	0	0.0000	0.0000	0.0000
ENSG00000263547.2	AC011095.1	lncRNA	0	0	0	0.0000	0.0000	0.0000
ENSG00000263551.6	AP000829.1	lncRNA	0	0	0	0.0000	0.0000	0.0000
ENSG00000263556.2	RN7SL383P	misc_RNA	0	0	0	0.0000	0.0000	0.0000
ENSG00000263558.2	RN7SL716P	misc_RNA	0	0	0	0.0000	0.0000	0.0000
ENSG00000263561.1	MIR4704	miRNA	0	0	0	0.0000	0.0000	0.0000
ENSG00000263563.6	UBBP4	transcribed_unprocessed_pseudogene	28	13	15	0.8749	0.2170	0.2346
ENSG00000263567.1	AC007923.1	lncRNA	1	0	1	0.1123	0.0278	0.0301
ENSG00000263571.3	AC004147.2	lncRNA	0	0	0	0.0000	0.0000	0.0000
ENSG00000263572.2	MIR7853	miRNA	0	0	0	0.0000	0.0000	0.0000
ENSG00000263573.1	MIR4270	miRNA	0	0	0	0.0000	0.0000	0.0000
ENSG00000263574.2	AC125421.1	lncRNA	0	0	0	0.0000	0.0000	0.0000
ENSG00000263575.1	MIR4665	miRNA	0	0	0	0.0000	0.0000	0.0000
ENSG00000263581.1	MIR548X2	miRNA	0	0	0	0.0000	0.0000	0.0000
ENSG00000263583.1	MIR4522	miRNA	0	0	0	0.0000	0.0000	0.0000
ENSG00000263584.1	MIR4480	miRNA	0	0	0	0.0000	0.0000	0.0000
ENSG00000263585.1	AC145207.4	lncRNA	0	973	934	0.0000	0.0000	0.0000
ENSG00000263586.1	HID1-AS1	lncRNA	4	1	3	0.2783	0.0690	0.0746
ENSG00000263588.1	AC091043.1	lncRNA	0	0	0	0.0000	0.0000	0.0000
ENSG00000263590.2	LINC02591	lncRNA	1	1	0	0.0108	0.0027	0.0029
ENSG00000263593.1	MIR4804	miRNA	0	0	0	0.0000	0.0000	0.0000
ENSG00000263594.2	AC022655.1	lncRNA	0	0	0	0.0000	0.0000	0.0000
ENSG00000263595.2	RN7SL823P	misc_RNA	0	0	0	0.0000	0.0000	0.0000
ENSG00000263597.1	MIR3936	miRNA	0	0	0	0.0000	0.0000	0.0000
ENSG00000263600.1	MIR3915	miRNA	0	0	0	0.0000	0.0000	0.0000
ENSG00000263602.1	MIR3185	miRNA	0	0	0	0.0000	0.0000	0.0000
ENSG00000263603.1	AC127024.2	lncRNA	12	6	6	0.7612	0.1888	0.2041
ENSG00000263604.1	AC015688.1	processed_pseudogene	0	0	0	0.0000	0.0000	0.0000
ENSG00000263606.1	CHORDC1P4	transcribed_processed_pseudogene	2	0	2	0.0846	0.0210	0.0227
ENSG00000263608.2	RN7SL353P	misc_RNA	0	0	0	0.0000	0.0000	0.0000
ENSG00000263609.2	LINC02002	lncRNA	0	0	0	0.0000	0.0000	0.0000
ENSG00000263611.2	AC068408.1	lncRNA	0	0	0	0.0000	0.0000	0.0000
ENSG00000263612.1	AF186192.3	lncRNA	15	8	7	0.8983	0.2228	0.2409
ENSG00000263613.1	AC024619.2	lncRNA	0	0	0	0.0000	0.0000	0.0000
ENSG00000263615.1	MIR4306	miRNA	0	0	0	0.0000	0.0000	0.0000
ENSG00000263616.2	RN7SL178P	misc_RNA	0	0	0	0.0000	0.0000	0.0000
ENSG00000263618.5	AP005121.1	lncRNA	0	0	0	0.0000	0.0000	0.0000
ENSG00000263620.1	AC129492.3	protein_coding	0	0	0	0.0000	0.0000	0.0000
ENSG00000263622.1	AC023394.1	lncRNA	0	0	0	0.0000	0.0000	0.0000
ENSG00000263624.1	AC055811.1	lncRNA	7	125	131	0.3225	0.0800	0.0865
ENSG00000263627.1	PPP4R1-AS1	lncRNA	5	3	3	0.7482	0.1855	0.2006
ENSG00000263628.1	MIR3155A	miRNA	0	0	0	0.0000	0.0000	0.0000
ENSG00000263629.1	MIR5586	miRNA	0	0	0	0.0000	0.0000	0.0000
ENSG00000263631.1	MIR378D1	miRNA	0	0	0	0.0000	0.0000	0.0000
ENSG00000263634.1	MIR3919	miRNA	0	0	0	0.0000	0.0000	0.0000
ENSG00000263635.1	AP005242.1	lncRNA	0	0	0	0.0000	0.0000	0.0000
ENSG00000263637.1	AC022035.1	lncRNA	0	2	3	0.0000	0.0000	0.0000
ENSG00000263639.7	MSMB	protein_coding	253	125	128	15.4942	3.8424	4.1545
ENSG00000263641.1	MIR4777	miRNA	3	1	2	1.9783	0.4906	0.5304
ENSG00000263642.1	MIR4802	miRNA	0	0	0	0.0000	0.0000	0.0000
ENSG00000263643.1	MIR4515	miRNA	0	0	0	0.0000	0.0000	0.0000
ENSG00000263644.1	AC005828.3	lncRNA	1	11	13	0.0960	0.0238	0.0257
ENSG00000263647.1	BPTFP1	unprocessed_pseudogene	0	0	0	0.0000	0.0000	0.0000
ENSG00000263648.1	AC005244.1	processed_pseudogene	2	0	2	0.3346	0.0830	0.0897
ENSG00000263649.1	MIR3135B	miRNA	0	0	0	0.0000	0.0000	0.0000
ENSG00000263652.1	MIR548AX	miRNA	0	0	0	0.0000	0.0000	0.0000
ENSG00000263655.1	AC090125.1	lncRNA	18	10	8	2.0705	0.5135	0.5552
ENSG00000263657.1	AC023389.1	lncRNA	2	21	14	0.1969	0.0488	0.0528
ENSG00000263666.1	SNORA70D	snoRNA	0	0	0	0.0000	0.0000	0.0000
ENSG00000263667.3	AL035696.3	lncRNA	0	0	0	0.0000	0.0000	0.0000
ENSG00000263669.2	RN7SL470P	misc_RNA	0	0	0	0.0000	0.0000	0.0000
ENSG00000263670.1	MIR4457	miRNA	0	0	0	0.0000	0.0000	0.0000
ENSG00000263672.2	RN7SL750P	misc_RNA	0	0	0	0.0000	0.0000	0.0000
ENSG00000263674.1	AC026620.1	lncRNA	0	0	0	0.0000	0.0000	0.0000
ENSG00000263675.1	MIR5581	miRNA	10	7	3	9.4517	2.3439	2.5343
ENSG00000263676.1	MIR4632	miRNA	0	0	0	0.0000	0.0000	0.0000
ENSG00000263677.2	AC012588.1	lncRNA	11	80	98	0.2316	0.0574	0.0621
ENSG00000263680.2	AC007639.1	lncRNA	1	7	10	0.0681	0.0169	0.0183
ENSG00000263681.1	MIR3197	miRNA	2	0	2	1.5537	0.3853	0.4166
ENSG00000263682.1	AP005139.1	unprocessed_pseudogene	0	0	0	0.0000	0.0000	0.0000
ENSG00000263683.1	AC005154.3	lncRNA	0	10	12	0.0000	0.0000	0.0000
ENSG00000263684.2	AC005209.1	lncRNA	0	0	0	0.0000	0.0000	0.0000
ENSG00000263688.1	AC025887.1	lncRNA	0	0	0	0.0000	0.0000	0.0000
ENSG00000263690.2	MIR548D2	miRNA	0	1	1	0.0000	0.0000	0.0000
ENSG00000263693.1	MIR3161	miRNA	0	0	0	0.0000	0.0000	0.0000
ENSG00000263697.1	MIR3621	miRNA	0	0	0	0.0000	0.0000	0.0000
ENSG00000263698.1	AC012417.1	lncRNA	0	2	3	0.0000	0.0000	0.0000
ENSG00000263705.1	MIR5689	miRNA	0	0	0	0.0000	0.0000	0.0000
ENSG00000263707.1	AC005277.1	lncRNA	0	138	128	0.0000	0.0000	0.0000
ENSG00000263708.2	AC005695.2	lncRNA	0	0	0	0.0000	0.0000	0.0000
ENSG00000263709.1	AC024619.3	lncRNA	0	0	0	0.0000	0.0000	0.0000
ENSG00000263711.6	LINC02864	lncRNA	3	1	2	0.0179	0.0044	0.0048
ENSG00000263712.1	MIR4639	miRNA	1	0	1	0.8219	0.2038	0.2204
ENSG00000263715.7	LINC02210-CRHR1	protein_coding	0	0	0	0.0000	0.0000	0.0000
ENSG00000263716.1	SLC25A51P2	processed_pseudogene	0	0	0	0.0000	0.0000	0.0000
ENSG00000263717.1	AC079336.1	lncRNA	2	1	1	0.2700	0.0670	0.0724
ENSG00000263718.2	SEPTIN9-DT	lncRNA	1	1	1	0.0421	0.0104	0.0113
ENSG00000263720.1	AC023394.2	lncRNA	0	0	0	0.0000	0.0000	0.0000
ENSG00000263723.1	SNORD39	snoRNA	0	0	0	0.0000	0.0000	0.0000
ENSG00000263724.2	DLGAP1-AS3	lncRNA	0	0	0	0.0000	0.0000	0.0000
ENSG00000263725.1	FTLP13	processed_pseudogene	0	0	0	0.0000	0.0000	0.0000
ENSG00000263727.1	AP001178.1	lncRNA	4	2	2	0.8464	0.2099	0.2270
ENSG00000263729.1	AC087393.1	processed_pseudogene	0	0	0	0.0000	0.0000	0.0000
ENSG00000263730.1	MIR3937	miRNA	0	0	0	0.0000	0.0000	0.0000
ENSG00000263731.1	AC145207.5	lncRNA	99	102	97	2.0933	0.5191	0.5613
ENSG00000263733.1	AC091691.1	processed_pseudogene	0	0	0	0.0000	0.0000	0.0000
ENSG00000263734.1	MIR4643	miRNA	0	0	0	0.0000	0.0000	0.0000
ENSG00000263735.1	MIR4662B	miRNA	0	0	0	0.0000	0.0000	0.0000
ENSG00000263740.2	RN7SL4P	misc_RNA	3	1	2	0.5767	0.1430	0.1546
ENSG00000263741.1	MIR548AS	miRNA	0	0	0	0.0000	0.0000	0.0000
ENSG00000263742.1	MIR3165	miRNA	4	0	4	3.0245	0.7501	0.8110
ENSG00000263744.1	MIR3664	miRNA	0	0	1	0.0000	0.0000	0.0000
ENSG00000263745.7	AP005230.1	lncRNA	4	1	3	0.0341	0.0085	0.0091
ENSG00000263746.1	MIR4277	miRNA	0	0	0	0.0000	0.0000	0.0000
ENSG00000263748.1	EXOGP1	processed_pseudogene	0	0	0	0.0000	0.0000	0.0000
ENSG00000263749.2	OOSP1P2	unprocessed_pseudogene	0	0	0	0.0000	0.0000	0.0000
ENSG00000263750.1	MIR548AV	miRNA	0	0	0	0.0000	0.0000	0.0000
ENSG00000263752.1	MIR3133	miRNA	0	0	0	0.0000	0.0000	0.0000
ENSG00000263753.8	LINC00667	lncRNA	762	654	677	4.2811	1.0617	1.1479
ENSG00000263755.2	RN7SL498P	misc_RNA	0	0	0	0.0000	0.0000	0.0000
ENSG00000263756.1	AL645941.3	lncRNA	0	757	750	0.0000	0.0000	0.0000
ENSG00000263761.3	GDF2	protein_coding	0	0	0	0.0000	0.0000	0.0000
ENSG00000263762.1	MIR4286	miRNA	0	0	0	0.0000	0.0000	0.0000
ENSG00000263763.1	MIR3686	miRNA	0	0	0	0.0000	0.0000	0.0000
ENSG00000263764.1	SNORD43	snoRNA	0	0	0	0.0000	0.0000	0.0000
ENSG00000263765.5	AC090371.2	lncRNA	0	0	0	0.0000	0.0000	0.0000
ENSG00000263766.5	AC025682.1	lncRNA	17	1499	1516	0.7762	0.1925	0.2081
ENSG00000263772.1	AC017100.2	processed_pseudogene	0	7	8	0.0000	0.0000	0.0000
ENSG00000263776.1	SNORA4	snoRNA	0	0	0	0.0000	0.0000	0.0000
ENSG00000263781.3	AC024619.4	processed_pseudogene	0	0	0	0.0000	0.0000	0.0000
ENSG00000263783.1	MIR5590	miRNA	0	0	0	0.0000	0.0000	0.0000
ENSG00000263785.1	MIR3182	miRNA	0	0	0	0.0000	0.0000	0.0000
ENSG00000263786.1	AC022211.1	lncRNA	7	5	5	0.5537	0.1373	0.1485
ENSG00000263787.1	SKAP1-AS1	lncRNA	1	1	0	0.0825	0.0205	0.0221
ENSG00000263788.1	AC061975.2	processed_pseudogene	0	0	0	0.0000	0.0000	0.0000
ENSG00000263790.1	MIR4473	miRNA	0	0	0	0.0000	0.0000	0.0000
ENSG00000263793.1	MIR3115	miRNA	0	0	0	0.0000	0.0000	0.0000
ENSG00000263794.2	RN7SL457P	misc_RNA	0	0	0	0.0000	0.0000	0.0000
ENSG00000263795.1	MIR5100	miRNA	0	0	0	0.0000	0.0000	0.0000
ENSG00000263797.1	AP005210.1	lncRNA	1	47	43	0.1042	0.0259	0.0280
ENSG00000263798.2	AC018521.1	lncRNA	0	0	0	0.0000	0.0000	0.0000
ENSG00000263800.1	MIR5684	miRNA	0	0	0	0.0000	0.0000	0.0000
ENSG00000263809.1	AC135178.3	protein_coding	0	0	0	0.0000	0.0000	0.0000
ENSG00000263811.1	MIR3675	miRNA	0	0	0	0.0000	0.0000	0.0000
ENSG00000263813.1	MIR3679	miRNA	0	0	0	0.0000	0.0000	0.0000
ENSG00000263815.2	RN7SL426P	misc_RNA	2	1	2	0.3845	0.0953	0.1031
ENSG00000263816.1	MIR548AW	miRNA	0	0	0	0.0000	0.0000	0.0000
ENSG00000263818.5	RDM1P5	transcribed_processed_pseudogene	20	366	346	0.2719	0.0674	0.0729
ENSG00000263821.1	AP005121.2	lncRNA	0	0	0	0.0000	0.0000	0.0000
ENSG00000263823.1	AC009831.1	lncRNA	28	69	66	1.0037	0.2489	0.2691
ENSG00000263826.1	AC112907.3	lncRNA	11	347	334	0.2599	0.0645	0.0697
ENSG00000263828.1	MIR4439	miRNA	0	0	0	0.0000	0.0000	0.0000
ENSG00000263829.1	SINHCAFP1	processed_pseudogene	0	0	0	0.0000	0.0000	0.0000
ENSG00000263831.1	MIR378E	miRNA	0	0	0	0.0000	0.0000	0.0000
ENSG00000263834.1	MIR4635	miRNA	0	0	0	0.0000	0.0000	0.0000
ENSG00000263838.1	MIR4698	miRNA	0	0	0	0.0000	0.0000	0.0000
ENSG00000263841.2	RN7SL44P	misc_RNA	0	0	0	0.0000	0.0000	0.0000
ENSG00000263843.1	AC022211.2	lncRNA	111	302	297	2.4910	0.6177	0.6679
ENSG00000263846.1	CIAPIN1P	processed_pseudogene	0	0	0	0.0000	0.0000	0.0000
ENSG00000263847.1	AP005899.1	lncRNA	17	8	9	1.7722	0.4395	0.4752
ENSG00000263849.1	MIR4744	miRNA	0	0	0	0.0000	0.0000	0.0000
ENSG00000263857.1	MIR4729	miRNA	0	0	0	0.0000	0.0000	0.0000
ENSG00000263858.1	MIR4769	miRNA	0	0	0	0.0000	0.0000	0.0000
ENSG00000263859.1	AC145207.6	lncRNA	0	46	54	0.0000	0.0000	0.0000
ENSG00000263860.1	AC011840.3	lncRNA	0	0	2	0.0000	0.0000	0.0000
ENSG00000263861.1	MIR3927	miRNA	0	0	0	0.0000	0.0000	0.0000
ENSG00000263862.2	LINC01543	lncRNA	0	0	0	0.0000	0.0000	0.0000
ENSG00000263863.1	AC007948.1	lncRNA	1	1	0	0.2343	0.0581	0.0628
ENSG00000263870.1	AC015917.1	unprocessed_pseudogene	0	0	0	0.0000	0.0000	0.0000
ENSG00000263872.1	MIR4528	miRNA	0	0	0	0.0000	0.0000	0.0000
ENSG00000263873.1	THY1-AS1	lncRNA	0	6281	6536	0.0000	0.0000	0.0000
ENSG00000263874.2	LINC00672	protein_coding	58	39	19	0.8909	0.2209	0.2389
ENSG00000263878.2	DLGAP1-AS4	lncRNA	0	0	0	0.0000	0.0000	0.0000
ENSG00000263881.1	MIR4436B2	miRNA	0	0	0	0.0000	0.0000	0.0000
ENSG00000263882.2	RN7SL774P	misc_RNA	0	0	0	0.0000	0.0000	0.0000
ENSG00000263883.1	EEF1DP7	transcribed_processed_pseudogene	2	2	0	0.2211	0.0548	0.0593
ENSG00000263884.1	AP000845.1	lncRNA	15	6	9	0.3992	0.0990	0.1070
ENSG00000263885.1	MIR3920	miRNA	0	0	0	0.0000	0.0000	0.0000
ENSG00000263887.7	AC053481.2	transcribed_unprocessed_pseudogene	0	0	0	0.0000	0.0000	0.0000
ENSG00000263890.1	MIR4303	miRNA	0	0	0	0.0000	0.0000	0.0000
ENSG00000263892.3	MIR4667	miRNA	0	0	0	0.0000	0.0000	0.0000
ENSG00000263893.2	AC080037.2	lncRNA	1	1	0	0.0638	0.0158	0.0171
ENSG00000263894.1	MIR3925	miRNA	0	0	0	0.0000	0.0000	0.0000
ENSG00000263895.1	AC100778.1	lncRNA	0	0	0	0.0000	0.0000	0.0000
ENSG00000263897.1	MIR4669	miRNA	0	0	0	0.0000	0.0000	0.0000
ENSG00000263904.1	AC015563.1	lncRNA	3	3	0	0.3635	0.0902	0.0975
ENSG00000263905.2	RN7SL555P	misc_RNA	0	0	0	0.0000	0.0000	0.0000
ENSG00000263908.1	MIR3116-1	miRNA	0	0	0	0.0000	0.0000	0.0000
ENSG00000263909.1	MIR5000	miRNA	0	0	0	0.0000	0.0000	0.0000
ENSG00000263914.1	MTND2P13	unprocessed_pseudogene	0	0	0	0.0000	0.0000	0.0000
ENSG00000263916.1	AC100778.2	lncRNA	5	5	0	0.5871	0.1456	0.1574
ENSG00000263917.1	AC011825.3	lncRNA	0	0	0	0.0000	0.0000	0.0000
ENSG00000263918.1	MIR3670-1	miRNA	0	0	0	0.0000	0.0000	0.0000
ENSG00000263923.1	AC019131.1	lncRNA	1	0	3	0.0912	0.0226	0.0244
ENSG00000263924.1	AC022960.1	lncRNA	1	0	1	0.1630	0.0404	0.0437
ENSG00000263926.1	MIR4462	miRNA	0	0	0	0.0000	0.0000	0.0000
ENSG00000263932.1	MIR4448	miRNA	0	0	0	0.0000	0.0000	0.0000
ENSG00000263934.5	SNORD3A	snoRNA	32	17	15	2.5962	0.6438	0.6961
ENSG00000263935.1	TOMM20P3	processed_pseudogene	0	0	0	0.0000	0.0000	0.0000
ENSG00000263938.1	AC100832.2	lncRNA	3	0	3	0.2192	0.0544	0.0588
ENSG00000263940.2	RN7SL275P	misc_RNA	0	0	0	0.0000	0.0000	0.0000
ENSG00000263941.2	RN7SL32P	misc_RNA	1	0	1	0.2018	0.0500	0.0541
ENSG00000263944.2	RN7SL435P	misc_RNA	0	0	0	0.0000	0.0000	0.0000
ENSG00000263945.1	MIR548Y	miRNA	0	0	0	0.0000	0.0000	0.0000
ENSG00000263946.1	AC015818.3	transcribed_processed_pseudogene	0	0	0	0.0000	0.0000	0.0000
ENSG00000263952.5	AP005120.1	lncRNA	3	1	2	0.2127	0.0527	0.0570
ENSG00000263955.2	RN7SL850P	misc_RNA	0	0	0	0.0000	0.0000	0.0000
ENSG00000263956.6	NBPF11	protein_coding	379	180	199	3.6141	0.8963	0.9691
ENSG00000263958.2	AC091138.1	lncRNA	5	4	1	0.0893	0.0221	0.0239
ENSG00000263961.8	RHEX	protein_coding	91	49	42	2.9986	0.7436	0.8040
ENSG00000263963.1	AC008670.1	miRNA	0	1	1	0.0000	0.0000	0.0000
ENSG00000263964.1	MIR4509-3	miRNA	0	0	0	0.0000	0.0000	0.0000
ENSG00000263967.1	MIR4290	miRNA	0	0	0	0.0000	0.0000	0.0000
ENSG00000263968.2	RN7SL381P	misc_RNA	7	2	5	1.3321	0.3304	0.3572
ENSG00000263969.2	RN7SL678P	misc_RNA	0	0	0	0.0000	0.0000	0.0000
ENSG00000263970.1	AP001094.1	lncRNA	0	28	23	0.0000	0.0000	0.0000
ENSG00000263972.1	MIR1587	miRNA	0	0	0	0.0000	0.0000	0.0000
ENSG00000263973.1	MIR4760	miRNA	0	0	0	0.0000	0.0000	0.0000
ENSG00000263974.2	RN7SL121P	misc_RNA	0	0	0	0.0000	0.0000	0.0000
ENSG00000263976.1	YWHAEP3	processed_pseudogene	0	0	0	0.0000	0.0000	0.0000
ENSG00000263978.1	MIR4499	miRNA	0	0	0	0.0000	0.0000	0.0000
ENSG00000263979.1	MIR4672	miRNA	0	0	0	0.0000	0.0000	0.0000
ENSG00000263981.1	MIR5705	miRNA	0	0	0	0.0000	0.0000	0.0000
ENSG00000263982.1	AC009716.1	lncRNA	13	6	7	1.8523	0.4594	0.4967
ENSG00000263986.1	AC087393.2	lncRNA	0	815	770	0.0000	0.0000	0.0000
ENSG00000263987.1	MIR5698	miRNA	0	0	0	0.0000	0.0000	0.0000
ENSG00000263988.2	RN7SL147P	misc_RNA	0	0	0	0.0000	0.0000	0.0000
ENSG00000263989.2	RN7SL615P	misc_RNA	0	0	0	0.0000	0.0000	0.0000
ENSG00000263990.1	AC004253.1	lncRNA	8	7	11	0.9297	0.2305	0.2493
ENSG00000263993.2	RN7SL786P	misc_RNA	0	0	0	0.0000	0.0000	0.0000
ENSG00000263999.2	RN7SL42P	misc_RNA	0	0	0	0.0000	0.0000	0.0000
ENSG00000264000.1	AP005059.1	lncRNA	0	0	0	0.0000	0.0000	0.0000
ENSG00000264002.2	RN7SL52P	misc_RNA	0	0	0	0.0000	0.0000	0.0000
ENSG00000264004.1	MIR4717	miRNA	0	0	0	0.0000	0.0000	0.0000
ENSG00000264005.1	MIR4314	miRNA	0	0	0	0.0000	0.0000	0.0000
ENSG00000264006.8	AKR1C8P	protein_coding	6	4	2	0.1457	0.0361	0.0391
ENSG00000264007.1	AC104564.2	lncRNA	5	1	4	0.4444	0.1102	0.1192
ENSG00000264010.1	MIR4429	miRNA	1	0	1	0.7768	0.1927	0.2083
ENSG00000264012.1	AC091588.1	lncRNA	0	0	0	0.0000	0.0000	0.0000
ENSG00000264013.1	MIR3938	miRNA	0	0	0	0.0000	0.0000	0.0000
ENSG00000264014.1	MIR4253	miRNA	0	21	15	0.0000	0.0000	0.0000
ENSG00000264015.2	AC124254.2	lncRNA	0	0	0	0.0000	0.0000	0.0000
ENSG00000264016.3	AC015908.3	lncRNA	0	6	11	0.0000	0.0000	0.0000
ENSG00000264017.2	RN7SL336P	misc_RNA	0	0	0	0.0000	0.0000	0.0000
ENSG00000264019.1	AC018521.2	lncRNA	0	745	884	0.0000	0.0000	0.0000
ENSG00000264023.1	AC068418.1	lncRNA	0	0	0	0.0000	0.0000	0.0000
ENSG00000264024.2	MIR4507	miRNA	0	0	0	0.0000	0.0000	0.0000
ENSG00000264026.2	LINC02003	lncRNA	0	0	0	0.0000	0.0000	0.0000
ENSG00000264028.2	RN7SL744P	misc_RNA	1	1	0	0.2124	0.0527	0.0570
ENSG00000264029.1	AC061975.3	unprocessed_pseudogene	1	0	1	0.2324	0.0576	0.0623
ENSG00000264030.2	RN7SL66P	misc_RNA	0	0	0	0.0000	0.0000	0.0000
ENSG00000264031.1	ABHD15-AS1	lncRNA	0	42	40	0.0000	0.0000	0.0000
ENSG00000264032.1	MIR4491	miRNA	0	0	0	0.0000	0.0000	0.0000
ENSG00000264036.2	RN7SL198P	misc_RNA	0	0	0	0.0000	0.0000	0.0000
ENSG00000264037.1	MIR4472-2	miRNA	0	0	0	0.0000	0.0000	0.0000
ENSG00000264040.1	AC022662.1	processed_pseudogene	0	0	0	0.0000	0.0000	0.0000
ENSG00000264041.2	RN7SL670P	misc_RNA	0	0	0	0.0000	0.0000	0.0000
ENSG00000264044.1	AC005726.2	lncRNA	2	1733	1880	0.0749	0.0186	0.0201
ENSG00000264047.2	RN7SL455P	misc_RNA	1	1	0	0.2011	0.0499	0.0539
ENSG00000264049.1	MIR4737	miRNA	0	0	0	0.0000	0.0000	0.0000
ENSG00000264050.1	AC005412.1	processed_pseudogene	0	0	0	0.0000	0.0000	0.0000
ENSG00000264054.1	RPL31P9	processed_pseudogene	0	0	0	0.0000	0.0000	0.0000
ENSG00000264056.1	MIR5685	miRNA	7	1	6	5.0249	1.2461	1.3474
ENSG00000264057.1	AC103810.1	transcribed_unprocessed_pseudogene	14	8	6	0.8202	0.2034	0.2199
ENSG00000264058.2	AC073508.2	protein_coding	0	229	193	0.0000	0.0000	0.0000
ENSG00000264060.1	MIR4316	miRNA	0	0	0	0.0000	0.0000	0.0000
ENSG00000264061.1	FGF7P1	unprocessed_pseudogene	0	0	0	0.0000	0.0000	0.0000
ENSG00000264063.1	CR392039.1	miRNA	0	0	0	0.0000	0.0000	0.0000
ENSG00000264066.6	AC024267.1	lncRNA	0	0	0	0.0000	0.0000	0.0000
ENSG00000264067.1	AC005291.1	lncRNA	37	59	48	3.2734	0.8118	0.8777
ENSG00000264069.3	MIR3943	miRNA	0	0	0	0.0000	0.0000	0.0000
ENSG00000264070.1	DND1P1	processed_pseudogene	34	34	32	1.8207	0.4515	0.4882
ENSG00000264071.2	RN7SL531P	misc_RNA	0	0	0	0.0000	0.0000	0.0000
ENSG00000264072.1	AP001180.2	lncRNA	0	0	0	0.0000	0.0000	0.0000
ENSG00000264073.1	MIR3199-1	miRNA	0	0	0	0.0000	0.0000	0.0000
ENSG00000264075.1	MIR4783	miRNA	0	0	0	0.0000	0.0000	0.0000
ENSG00000264078.1	AC114488.2	lncRNA	4	2	4	0.4726	0.1172	0.1267
ENSG00000264080.1	AP005057.1	lncRNA	0	0	0	0.0000	0.0000	0.0000
ENSG00000264083.1	AC005899.1	lncRNA	9	3	6	0.9066	0.2248	0.2431
ENSG00000264084.1	MIR5688	miRNA	0	0	0	0.0000	0.0000	0.0000
ENSG00000264089.1	MIR3681	miRNA	0	0	0	0.0000	0.0000	0.0000
ENSG00000264090.1	MIR4666B	miRNA	0	0	0	0.0000	0.0000	0.0000
ENSG00000264092.2	RN7SL474P	misc_RNA	0	0	0	0.0000	0.0000	0.0000
ENSG00000264093.1	AC007448.2	processed_pseudogene	0	0	0	0.0000	0.0000	0.0000
ENSG00000264099.1	MIR4803	miRNA	0	0	0	0.0000	0.0000	0.0000
ENSG00000264101.1	MIR4689	miRNA	0	0	0	0.0000	0.0000	0.0000
ENSG00000264102.1	MIR4688	miRNA	0	0	0	0.0000	0.0000	0.0000
ENSG00000264104.1	AC114689.1	processed_pseudogene	0	0	0	0.0000	0.0000	0.0000
ENSG00000264105.1	MIR3688-1	miRNA	0	0	0	0.0000	0.0000	0.0000
ENSG00000264107.1	AC138207.2	lncRNA	38	42	35	4.3800	1.0862	1.1744
ENSG00000264108.1	AC090457.1	lncRNA	0	0	0	0.0000	0.0000	0.0000
ENSG00000264110.1	MIR4300	miRNA	0	0	0	0.0000	0.0000	0.0000
ENSG00000264112.1	AC015813.1	lncRNA	755	402	353	7.3668	1.8269	1.9753
ENSG00000264113.2	RN7SL784P	misc_RNA	1	1	0	0.1658	0.0411	0.0445
ENSG00000264115.1	MIR3180-4	miRNA	0	0	0	0.0000	0.0000	0.0000
ENSG00000264116.6	AC116003.1	lncRNA	2	1	1	0.0411	0.0102	0.0110
ENSG00000264119.1	MIR4795	miRNA	0	0	0	0.0000	0.0000	0.0000
ENSG00000264125.1	AC104984.1	lncRNA	30	15	16	2.4409	0.6053	0.6545
ENSG00000264127.1	SCML2P1	processed_pseudogene	0	0	0	0.0000	0.0000	0.0000
ENSG00000264128.2	RN7SL713P	misc_RNA	0	0	0	0.0000	0.0000	0.0000
ENSG00000264131.1	AC007631.1	lncRNA	0	0	0	0.0000	0.0000	0.0000
ENSG00000264136.1	MIR3689D2	miRNA	0	0	0	0.0000	0.0000	0.0000
ENSG00000264138.1	AC024267.2	unprocessed_pseudogene	0	0	0	0.0000	0.0000	0.0000
ENSG00000264139.1	MIR3667	miRNA	0	0	0	0.0000	0.0000	0.0000
ENSG00000264141.1	MIR3928	miRNA	0	0	0	0.0000	0.0000	0.0000
ENSG00000264145.2	AC239859.3	processed_pseudogene	0	0	0	0.0000	0.0000	0.0000
ENSG00000264148.1	AC138207.3	processed_pseudogene	16	10	6	5.4660	1.3555	1.4656
ENSG00000264149.1	AC103987.2	lncRNA	0	0	0	0.0000	0.0000	0.0000
ENSG00000264150.1	AP005136.2	processed_pseudogene	0	0	0	0.0000	0.0000	0.0000
ENSG00000264151.6	AC090403.1	lncRNA	0	0	0	0.0000	0.0000	0.0000
ENSG00000264157.3	MIR3127	miRNA	0	0	0	0.0000	0.0000	0.0000
ENSG00000264158.1	MIR4670	miRNA	0	0	0	0.0000	0.0000	0.0000
ENSG00000264160.1	MIR4762	miRNA	0	0	0	0.0000	0.0000	0.0000
ENSG00000264163.1	MIR3689B	miRNA	0	0	0	0.0000	0.0000	0.0000
ENSG00000264164.1	AC090616.2	transcribed_processed_pseudogene	0	0	0	0.0000	0.0000	0.0000
ENSG00000264167.1	AC122129.2	lncRNA	0	2	0	0.0000	0.0000	0.0000
ENSG00000264168.2	MTND1P15	transcribed_unprocessed_pseudogene	0	0	0	0.0000	0.0000	0.0000
ENSG00000264169.2	RN7SL665P	misc_RNA	0	0	0	0.0000	0.0000	0.0000
ENSG00000264171.1	MIR4305	miRNA	0	0	0	0.0000	0.0000	0.0000
ENSG00000264172.1	PDLIM1P3	processed_pseudogene	0	0	0	0.0000	0.0000	0.0000
ENSG00000264174.1	AC005552.1	lncRNA	0	0	0	0.0000	0.0000	0.0000
ENSG00000264175.1	MIR3189	miRNA	4	2	2	3.1074	0.7706	0.8332
ENSG00000264176.1	MAGOH2P	transcribed_processed_pseudogene	10	5	5	1.1120	0.2758	0.2982
ENSG00000264177.1	AL353997.2	lncRNA	0	1	0	0.0000	0.0000	0.0000
ENSG00000264179.1	AP000894.1	processed_pseudogene	0	0	0	0.0000	0.0000	0.0000
ENSG00000264186.1	SNRPCP4	processed_pseudogene	0	0	0	0.0000	0.0000	0.0000
ENSG00000264187.1	AC055811.2	protein_coding	7	4	3	0.2345	0.0581	0.0629
ENSG00000264188.1	AC106037.2	lncRNA	4	3	1	0.6751	0.1674	0.1810
ENSG00000264189.1	AIDAP3	processed_pseudogene	1	1	0	0.0569	0.0141	0.0153
ENSG00000264192.1	RN7SL117P	misc_RNA	0	0	0	0.0000	0.0000	0.0000
ENSG00000264193.1	AC027229.1	processed_pseudogene	0	0	0	0.0000	0.0000	0.0000
ENSG00000264196.1	AC011120.1	lncRNA	0	0	0	0.0000	0.0000	0.0000
ENSG00000264200.1	MIR4693	miRNA	0	0	0	0.0000	0.0000	0.0000
ENSG00000264201.1	MIR4701	miRNA	2	1	1	1.8003	0.4465	0.4827
ENSG00000264204.2	AGAP7P	unprocessed_pseudogene	6	5	1	0.1650	0.0409	0.0442
ENSG00000264207.1	AC239868.1	lncRNA	1	0	1	0.0460	0.0114	0.0123
ENSG00000264210.1	MIR4716	miRNA	0	0	0	0.0000	0.0000	0.0000
ENSG00000264211.1	MIR4492	miRNA	0	0	0	0.0000	0.0000	0.0000
ENSG00000264212.1	AC103808.1	lncRNA	0	0	0	0.0000	0.0000	0.0000
ENSG00000264215.1	AC126365.1	lncRNA	0	0	0	0.0000	0.0000	0.0000
ENSG00000264217.2	RPL35AP23	processed_pseudogene	0	0	0	0.0000	0.0000	0.0000
ENSG00000264226.1	MIR3168	miRNA	0	0	0	0.0000	0.0000	0.0000
ENSG00000264229.1	RNU4ATAC	snRNA	3	2	1	1.3396	0.3322	0.3592
ENSG00000264230.9	ANXA8L1	protein_coding	18	14	4	0.3569	0.0885	0.0957
ENSG00000264232.2	LINC01916	lncRNA	0	0	0	0.0000	0.0000	0.0000
ENSG00000264233.1	MIR4456	miRNA	0	0	0	0.0000	0.0000	0.0000
ENSG00000264235.6	AP005329.1	lncRNA	8	3483	3636	0.4268	0.1058	0.1144
ENSG00000264236.1	AC096708.1	processed_pseudogene	0	0	0	0.0000	0.0000	0.0000
ENSG00000264240.1	CPDP1	processed_pseudogene	0	0	1	0.0000	0.0000	0.0000
ENSG00000264243.1	AC018521.3	lncRNA	0	0	0	0.0000	0.0000	0.0000
ENSG00000264245.1	AC233702.3	processed_pseudogene	0	0	0	0.0000	0.0000	0.0000
ENSG00000264246.1	AP005208.1	processed_pseudogene	0	0	0	0.0000	0.0000	0.0000
ENSG00000264247.2	LINC00909	lncRNA	587	282	307	6.1521	1.5256	1.6496
ENSG00000264249.1	MIR3912	miRNA	0	0	0	0.0000	0.0000	0.0000
ENSG00000264250.2	RN7SL835P	misc_RNA	0	0	0	0.0000	0.0000	0.0000
ENSG00000264251.2	RN7SL819P	misc_RNA	0	0	0	0.0000	0.0000	0.0000
ENSG00000264254.1	AP001496.1	lncRNA	1	0	1	0.1204	0.0299	0.0323
ENSG00000264257.1	KIR3DP1	transcribed_unprocessed_pseudogene	0	0	0	0.0000	0.0000	0.0000
ENSG00000264260.2	LINC01893	lncRNA	0	0	0	0.0000	0.0000	0.0000
ENSG00000264262.1	AC131274.1	lncRNA	0	0	0	0.0000	0.0000	0.0000
ENSG00000264265.1	LINC01925	lncRNA	0	0	0	0.0000	0.0000	0.0000
ENSG00000264266.1	MIR4322	miRNA	0	0	0	0.0000	0.0000	0.0000
ENSG00000264268.1	MIR4767	miRNA	0	0	0	0.0000	0.0000	0.0000
ENSG00000264269.1	AC016866.1	lncRNA	20	21	18	1.7211	0.4268	0.4615
ENSG00000264270.1	AC087749.1	lncRNA	2	0	2	0.1781	0.0442	0.0477
ENSG00000264271.2	RN7SL488P	misc_RNA	1	1	0	0.1983	0.0492	0.0532
ENSG00000264272.1	AC100786.1	lncRNA	0	36	39	0.0000	0.0000	0.0000
ENSG00000264273.1	AC107982.2	lncRNA	0	2	1	0.0000	0.0000	0.0000
ENSG00000264274.1	MIR4799	miRNA	0	0	0	0.0000	0.0000	0.0000
ENSG00000264275.1	RN7SL753P	misc_RNA	0	0	0	0.0000	0.0000	0.0000
ENSG00000264278.1	ZNF236-DT	lncRNA	58	35	23	2.5399	0.6299	0.6810
ENSG00000264279.1	MIR4786	miRNA	3	1	2	2.1266	0.5274	0.5702
ENSG00000264281.3	AC016596.2	processed_pseudogene	18	11	7	13.0869	3.2454	3.5090
ENSG00000264289.1	AC103987.3	processed_pseudogene	0	0	0	0.0000	0.0000	0.0000
ENSG00000264290.1	AC104564.3	lncRNA	19	7	12	2.3172	0.5746	0.6213
ENSG00000264292.1	MIR2467	miRNA	0	0	0	0.0000	0.0000	0.0000
ENSG00000264293.2	RN7SL657P	misc_RNA	0	0	0	0.0000	0.0000	0.0000
ENSG00000264294.1	SNORD55	snoRNA	0	0	0	0.0000	0.0000	0.0000
ENSG00000264295.1	MIR3922	miRNA	0	0	0	0.0000	0.0000	0.0000
ENSG00000264296.1	AC090666.1	processed_pseudogene	4	4	0	0.5098	0.1264	0.1367
ENSG00000264297.2	MIR4433B	miRNA	0	0	0	0.0000	0.0000	0.0000
ENSG00000264300.1	AC090616.3	transcribed_processed_pseudogene	0	0	0	0.0000	0.0000	0.0000
ENSG00000264301.1	LINC01444	lncRNA	0	0	0	0.0000	0.0000	0.0000
ENSG00000264304.1	AC024267.3	lncRNA	14	9	5	1.4127	0.3503	0.3788
ENSG00000264309.1	MIR4694	miRNA	0	0	0	0.0000	0.0000	0.0000
ENSG00000264311.1	CCDC58P1	processed_pseudogene	0	0	0	0.0000	0.0000	0.0000
ENSG00000264313.2	RN7SL644P	misc_RNA	0	0	0	0.0000	0.0000	0.0000
ENSG00000264314.1	MIR548AT	miRNA	3	2	1	2.9333	0.7274	0.7865
ENSG00000264315.1	HNRNPA1P11	processed_pseudogene	0	0	0	0.0000	0.0000	0.0000
ENSG00000264316.1	MTCO3P13	unprocessed_pseudogene	0	0	0	0.0000	0.0000	0.0000
ENSG00000264317.2	RN7SL154P	misc_RNA	0	0	0	0.0000	0.0000	0.0000
ENSG00000264319.1	MIR4801	miRNA	0	0	0	0.0000	0.0000	0.0000
ENSG00000264322.2	RN7SL448P	misc_RNA	0	0	0	0.0000	0.0000	0.0000
ENSG00000264324.1	AC006030.1	protein_coding	3	683	682	0.0336	0.0083	0.0090
ENSG00000264330.1	MIR5186	miRNA	0	0	0	0.0000	0.0000	0.0000
ENSG00000264334.1	AC134978.1	lncRNA	0	0	0	0.0000	0.0000	0.0000
ENSG00000264339.1	AP001020.1	lncRNA	0	0	1	0.0000	0.0000	0.0000
ENSG00000264340.1	AC009704.1	lncRNA	0	0	0	0.0000	0.0000	0.0000
ENSG00000264341.1	Z97988.1	miRNA	0	0	0	0.0000	0.0000	0.0000
ENSG00000264342.3	MIR3660	miRNA	0	0	0	0.0000	0.0000	0.0000
ENSG00000264343.6	NOTCH2NLA	protein_coding	7	4	3	0.1342	0.0333	0.0360
ENSG00000264345.2	LINC01894	lncRNA	10	7	3	0.3276	0.0812	0.0878
ENSG00000264346.1	SNORA77B	snoRNA	0	0	0	0.0000	0.0000	0.0000
ENSG00000264349.1	MIR4258	miRNA	3	2	1	1.8696	0.4636	0.5013
ENSG00000264350.1	SNRPGP2	processed_pseudogene	82	43	39	20.5762	5.1027	5.5172
ENSG00000264352.2	RN7SL602P	misc_RNA	0	0	0	0.0000	0.0000	0.0000
ENSG00000264354.1	MIR3134	miRNA	0	0	0	0.0000	0.0000	0.0000
ENSG00000264357.1	MIR4648	miRNA	0	0	0	0.0000	0.0000	0.0000
ENSG00000264358.1	MIR3122	miRNA	0	0	0	0.0000	0.0000	0.0000
ENSG00000264359.1	NEK4P2	processed_pseudogene	0	0	0	0.0000	0.0000	0.0000
ENSG00000264364.3	DYNLL2	protein_coding	11983	6215	5768	99.8319	24.7573	26.7683
ENSG00000264365.1	AC023983.1	lncRNA	4	1	4	0.4001	0.0992	0.1073
ENSG00000264370.1	MIR3125	miRNA	2	1	1	1.4541	0.3606	0.3899
ENSG00000264371.1	MIR4425	miRNA	0	0	0	0.0000	0.0000	0.0000
ENSG00000264373.1	AC005899.2	processed_pseudogene	1	1	0	0.6301	0.1563	0.1690
ENSG00000264377.1	MIR4671	miRNA	0	0	0	0.0000	0.0000	0.0000
ENSG00000264379.1	SNORD39	snoRNA	0	0	0	0.0000	0.0000	0.0000
ENSG00000264384.2	RN7SL431P	misc_RNA	0	0	0	0.0000	0.0000	0.0000
ENSG00000264386.1	MIR4513	miRNA	0	0	0	0.0000	0.0000	0.0000
ENSG00000264387.1	MIR5007	miRNA	0	0	0	0.0000	0.0000	0.0000
ENSG00000264388.1	AC090312.1	processed_pseudogene	0	0	0	0.0000	0.0000	0.0000
ENSG00000264390.1	MIR4465	miRNA	0	0	0	0.0000	0.0000	0.0000
ENSG00000264391.2	RN7SL208P	misc_RNA	2	1	1	0.3832	0.0950	0.1027
ENSG00000264395.1	MIR3193	miRNA	0	0	0	0.0000	0.0000	0.0000
ENSG00000264397.1	MIR3180-5	miRNA	0	0	0	0.0000	0.0000	0.0000
ENSG00000264399.1	MIR4736	miRNA	0	0	0	0.0000	0.0000	0.0000
ENSG00000264400.2	RN7SL491P	misc_RNA	1	1	0	0.2108	0.0523	0.0565
ENSG00000264402.1	MIR548AL	miRNA	0	0	0	0.0000	0.0000	0.0000
ENSG00000264404.3	LINC02675	lncRNA	0	0	0	0.0000	0.0000	0.0000
ENSG00000264405.1	MIR3913-1	miRNA	0	0	0	0.0000	0.0000	0.0000
ENSG00000264406.1	MIR548AP	miRNA	0	0	0	0.0000	0.0000	0.0000
ENSG00000264408.1	MIR4470	miRNA	1	1	0	0.7876	0.1953	0.2112
ENSG00000264419.1	MIR548AC	miRNA	0	0	0	0.0000	0.0000	0.0000
ENSG00000264421.1	AC007448.3	lncRNA	0	0	0	0.0000	0.0000	0.0000
ENSG00000264422.1	AC015818.4	lncRNA	0	0	0	0.0000	0.0000	0.0000
ENSG00000264423.2	RN7SL718P	misc_RNA	0	0	0	0.0000	0.0000	0.0000
ENSG00000264424.1	MYH4	protein_coding	47	33	15	0.4430	0.1099	0.1188
ENSG00000264425.1	MIR4653	miRNA	14	6	8	9.5655	2.3722	2.5648
ENSG00000264426.1	MIR4283-1	miRNA	0	0	0	0.0000	0.0000	0.0000
ENSG00000264429.1	MIR3183	miRNA	0	0	0	0.0000	0.0000	0.0000
ENSG00000264431.1	AC131274.2	processed_pseudogene	0	0	0	0.0000	0.0000	0.0000
ENSG00000264434.2	AC110603.1	lncRNA	0	0	0	0.0000	0.0000	0.0000
ENSG00000264435.1	AC104982.3	transcribed_processed_pseudogene	0	0	0	0.0000	0.0000	0.0000
ENSG00000264438.2	RN7SL560P	misc_RNA	0	0	0	0.0000	0.0000	0.0000
ENSG00000264443.1	NCMAP-DT	lncRNA	0	145	146	0.0000	0.0000	0.0000
ENSG00000264444.1	SDHCP1	processed_pseudogene	0	0	0	0.0000	0.0000	0.0000
ENSG00000264448.5	MIR378D2HG	lncRNA	9	3	6	0.5378	0.1334	0.1442
ENSG00000264449.6	AP001021.1	lncRNA	7	11	15	0.1080	0.0268	0.0290
ENSG00000264451.1	AC036222.1	lncRNA	0	0	0	0.0000	0.0000	0.0000
ENSG00000264452.1	AP001065.1	snoRNA	0	0	0	0.0000	0.0000	0.0000
ENSG00000264456.1	AC138207.4	lncRNA	127	71	57	4.3360	1.0753	1.1626
ENSG00000264458.1	AC025211.1	lncRNA	1	0	1	0.1520	0.0377	0.0408
ENSG00000264462.1	MIR3648-2	miRNA	0	0	0	0.0000	0.0000	0.0000
ENSG00000264464.1	LINC02837	lncRNA	0	0	0	0.0000	0.0000	0.0000
ENSG00000264468.1	MIR4520-1	miRNA	1	1	0	0.8101	0.2009	0.2172
ENSG00000264470.1	MIR4794	miRNA	0	0	0	0.0000	0.0000	0.0000
ENSG00000264472.4	AC096708.2	lncRNA	0	0	0	0.0000	0.0000	0.0000
ENSG00000264474.1	MIR4656	miRNA	0	1	0	0.0000	0.0000	0.0000
ENSG00000264475.1	AP005062.1	lncRNA	0	5	6	0.0000	0.0000	0.0000
ENSG00000264477.1	MIR5682	miRNA	0	0	0	0.0000	0.0000	0.0000
ENSG00000264480.1	MIR4714	miRNA	2	1	1	1.4730	0.3653	0.3950
ENSG00000264482.1	MIR4705	miRNA	0	0	0	0.0000	0.0000	0.0000
ENSG00000264483.1	MIR5008	miRNA	1	0	1	0.6033	0.1496	0.1618
ENSG00000264484.2	RN7SL697P	misc_RNA	1	1	0	0.1897	0.0470	0.0509
ENSG00000264486.1	AC061975.4	lncRNA	0	0	0	0.0000	0.0000	0.0000
ENSG00000264488.1	AC090283.1	lncRNA	0	0	0	0.0000	0.0000	0.0000
ENSG00000264490.3	BX640514.1	lncRNA	2	1	1	0.0591	0.0147	0.0159
ENSG00000264491.1	AC005544.1	lncRNA	30	19	13	3.6985	0.9172	0.9917
ENSG00000264493.1	MIR4298	miRNA	0	0	0	0.0000	0.0000	0.0000
ENSG00000264494.1	MIR4650-2	miRNA	0	0	0	0.0000	0.0000	0.0000
ENSG00000264497.1	AC090616.4	processed_pseudogene	0	0	1	0.0000	0.0000	0.0000
ENSG00000264500.1	MIR3124	miRNA	4	3	1	3.3857	0.8396	0.9078
ENSG00000264501.2	RN7SL731P	misc_RNA	0	0	0	0.0000	0.0000	0.0000
ENSG00000264503.1	AP001180.3	processed_pseudogene	0	0	0	0.0000	0.0000	0.0000
ENSG00000264511.1	MIR3678	miRNA	0	0	0	0.0000	0.0000	0.0000
ENSG00000264512.2	MIR5692A2	miRNA	0	0	0	0.0000	0.0000	0.0000
ENSG00000264513.1	AC006270.1	lncRNA	9	3	6	1.0678	0.2648	0.2863
ENSG00000264514.1	AP000915.1	lncRNA	0	48	28	0.0000	0.0000	0.0000
ENSG00000264515.6	AC011474.1	lncRNA	0	0	0	0.0000	0.0000	0.0000
ENSG00000264519.2	RN7SL596P	misc_RNA	1	1	0	0.1969	0.0488	0.0528
ENSG00000264520.1	AC005154.4	lncRNA	5	6	1	0.7705	0.1911	0.2066
ENSG00000264522.6	OTUD7B	protein_coding	4458	2258	2200	20.6766	5.1276	5.5441
ENSG00000264525.1	MIR4778	miRNA	0	0	0	0.0000	0.0000	0.0000
ENSG00000264529.1	DNAJB6P8	transcribed_processed_pseudogene	9	7	2	0.7828	0.1941	0.2099
ENSG00000264530.2	RN7SL25P	misc_RNA	0	0	0	0.0000	0.0000	0.0000
ENSG00000264534.3	MIR378B	miRNA	0	0	0	0.0000	0.0000	0.0000
ENSG00000264536.1	MIR5706	miRNA	0	0	0	0.0000	0.0000	0.0000
ENSG00000264538.6	SUZ12P1	transcribed_unprocessed_pseudogene	702	355	350	10.5430	2.6146	2.8269
ENSG00000264539.1	MIR548AR	miRNA	0	0	0	0.0000	0.0000	0.0000
ENSG00000264540.2	RN7SL405P	misc_RNA	1	1	0	0.1962	0.0487	0.0526
ENSG00000264545.2	AL359922.1	protein_coding	0	0	0	0.0000	0.0000	0.0000
ENSG00000264546.1	AC008026.3	lncRNA	1	1	0	0.0332	0.0082	0.0089
ENSG00000264548.1	AC132872.2	lncRNA	41	17	24	0.9819	0.2435	0.2633
ENSG00000264549.1	SNORD95	snoRNA	0	0	0	0.0000	0.0000	0.0000
ENSG00000264553.1	MIR4257	miRNA	0	0	0	0.0000	0.0000	0.0000
ENSG00000264554.2	RN7SL793P	misc_RNA	0	0	2	0.0000	0.0000	0.0000
ENSG00000264558.1	AC015674.1	lncRNA	0	1565	1716	0.0000	0.0000	0.0000
ENSG00000264559.1	MIR3162	miRNA	0	0	0	0.0000	0.0000	0.0000
ENSG00000264563.1	MIR4633	miRNA	0	0	0	0.0000	0.0000	0.0000
ENSG00000264564.1	AC090897.1	processed_pseudogene	0	0	0	0.0000	0.0000	0.0000
ENSG00000264566.3	MIR23C	miRNA	0	0	0	0.0000	0.0000	0.0000
ENSG00000264569.1	DCXR-DT	lncRNA	12	8	4	0.9598	0.2380	0.2574
ENSG00000264570.1	SNX19P3	processed_pseudogene	3	0	3	0.0572	0.0142	0.0153
ENSG00000264571.1	MIR4529	miRNA	0	0	0	0.0000	0.0000	0.0000
ENSG00000264572.1	MIR4296	miRNA	0	0	0	0.0000	0.0000	0.0000
ENSG00000264573.2	RN7SL15P	misc_RNA	3	0	3	0.5652	0.1402	0.1516
ENSG00000264574.1	AL606469.2	miRNA	0	0	0	0.0000	0.0000	0.0000
ENSG00000264575.1	LINC00526	lncRNA	53	49	47	1.6030	0.3975	0.4298
ENSG00000264577.1	AC010761.1	lncRNA	50	14293	14918	3.1541	0.7822	0.8457
ENSG00000264578.1	AC009630.3	lncRNA	0	2189	2323	0.0000	0.0000	0.0000
ENSG00000264580.1	MIR5692B	miRNA	0	0	0	0.0000	0.0000	0.0000
ENSG00000264582.2	RN7SL326P	misc_RNA	0	0	0	0.0000	0.0000	0.0000
ENSG00000264583.1	MIR4487	miRNA	0	0	0	0.0000	0.0000	0.0000
ENSG00000264585.1	MIR4449	miRNA	0	0	0	0.0000	0.0000	0.0000
ENSG00000264587.5	AC117569.1	lncRNA	0	0	0	0.0000	0.0000	0.0000
ENSG00000264589.4	MAPT-AS1	lncRNA	5	33	28	0.0385	0.0096	0.0103
ENSG00000264592.2	RN7SL131P	misc_RNA	0	0	0	0.0000	0.0000	0.0000
ENSG00000264595.1	AC103808.2	lncRNA	0	0	0	0.0000	0.0000	0.0000
ENSG00000264596.1	AP000897.1	lncRNA	0	0	0	0.0000	0.0000	0.0000
ENSG00000264598.1	AC003687.1	lncRNA	0	0	0	0.0000	0.0000	0.0000
ENSG00000264603.1	MIR3159	miRNA	0	0	0	0.0000	0.0000	0.0000
ENSG00000264607.1	MIR3173	miRNA	1	1	0	0.8340	0.2068	0.2236
ENSG00000264610.1	MIR4685	miRNA	1	0	1	0.8219	0.2038	0.2204
ENSG00000264613.2	RN7SL290P	misc_RNA	0	0	0	0.0000	0.0000	0.0000
ENSG00000264614.1	MIR5588	miRNA	0	0	0	0.0000	0.0000	0.0000
ENSG00000264615.2	RN7SL592P	misc_RNA	1	0	1	0.2018	0.0500	0.0541
ENSG00000264616.1	MIR4755	miRNA	0	0	0	0.0000	0.0000	0.0000
ENSG00000264617.1	AC233702.4	unprocessed_pseudogene	0	1	0	0.0000	0.0000	0.0000
ENSG00000264618.2	RN7SL732P	misc_RNA	0	0	0	0.0000	0.0000	0.0000
ENSG00000264621.1	MIR5591	miRNA	0	0	0	0.0000	0.0000	0.0000
ENSG00000264622.1	AC022903.1	lncRNA	1	0	1	0.1209	0.0300	0.0324
ENSG00000264623.3	MIR4796	miRNA	0	0	0	0.0000	0.0000	0.0000
ENSG00000264630.5	PRKCA-AS1	lncRNA	0	0	0	0.0000	0.0000	0.0000
ENSG00000264633.1	MIR4271	miRNA	0	31	29	0.0000	0.0000	0.0000
ENSG00000264634.1	AC100844.1	lncRNA	0	0	0	0.0000	0.0000	0.0000
ENSG00000264635.1	AP001020.2	lncRNA	4	2	3	0.1413	0.0350	0.0379
ENSG00000264638.1	MIR3152	miRNA	0	0	0	0.0000	0.0000	0.0000
ENSG00000264643.1	AC024614.1	lncRNA	0	0	0	0.0000	0.0000	0.0000
ENSG00000264644.1	KRT18P8	processed_pseudogene	4	1	3	0.1821	0.0451	0.0488
ENSG00000264647.1	AC104564.4	lncRNA	4	1	3	0.8160	0.2024	0.2188
ENSG00000264653.1	MIR5194	miRNA	0	0	0	0.0000	0.0000	0.0000
ENSG00000264655.1	PPIAP54	processed_pseudogene	9	4	5	1.0480	0.2599	0.2810
ENSG00000264657.1	MIR3171	miRNA	0	0	0	0.0000	0.0000	0.0000
ENSG00000264658.1	MIR4798	miRNA	0	0	0	0.0000	0.0000	0.0000
ENSG00000264659.2	AC064805.2	lncRNA	2	1	1	0.0336	0.0083	0.0090
ENSG00000264660.2	AC107926.1	lncRNA	3	3	0	0.2740	0.0679	0.0735
ENSG00000264661.3	MIR3200	miRNA	0	0	0	0.0000	0.0000	0.0000
ENSG00000264662.1	AC126365.2	processed_pseudogene	0	0	0	0.0000	0.0000	0.0000
ENSG00000264663.1	KRT8P34	processed_pseudogene	0	0	0	0.0000	0.0000	0.0000
ENSG00000264666.1	AC020558.1	lncRNA	0	64	67	0.0000	0.0000	0.0000
ENSG00000264668.2	AC138696.1	protein_coding	0	0	0	0.0000	0.0000	0.0000
ENSG00000264672.6	SEPTIN4-AS1	lncRNA	21	148	157	0.4808	0.1192	0.1289
ENSG00000264673.1	AC098850.1	lncRNA	1	1	0	0.0827	0.0205	0.0222
ENSG00000264675.1	MIR4285	miRNA	0	0	0	0.0000	0.0000	0.0000
ENSG00000264676.2	RN7SL204P	misc_RNA	0	0	0	0.0000	0.0000	0.0000
ENSG00000264678.1	MIR3140	miRNA	0	0	0	0.0000	0.0000	0.0000
ENSG00000264684.1	MIR4773-1	miRNA	0	0	1	0.0000	0.0000	0.0000
ENSG00000264685.1	PRPF19P1	processed_pseudogene	0	0	0	0.0000	0.0000	0.0000
ENSG00000264689.1	AC015688.2	processed_pseudogene	0	0	0	0.0000	0.0000	0.0000
ENSG00000264693.1	AC123786.1	lncRNA	0	0	0	0.0000	0.0000	0.0000
ENSG00000264695.1	AC007922.1	lncRNA	0	0	0	0.0000	0.0000	0.0000
ENSG00000264697.1	MTL3P	processed_pseudogene	0	0	0	0.0000	0.0000	0.0000
ENSG00000264698.1	MIR4255	miRNA	0	0	0	0.0000	0.0000	0.0000
ENSG00000264699.2	LINC01912	lncRNA	0	0	0	0.0000	0.0000	0.0000
ENSG00000264701.1	AC018521.4	lncRNA	2	501	555	0.2136	0.0530	0.0573
ENSG00000264703.1	MIR4752	miRNA	0	0	0	0.0000	0.0000	0.0000
ENSG00000264705.1	AC090337.1	lncRNA	2	0	2	0.0547	0.0136	0.0147
ENSG00000264706.2	RN7SL217P	misc_RNA	0	0	0	0.0000	0.0000	0.0000
ENSG00000264707.1	L3MBTL4-AS1	lncRNA	42	23	19	1.1653	0.2890	0.3124
ENSG00000264712.3	MIR4504	miRNA	0	0	0	0.0000	0.0000	0.0000
ENSG00000264714.1	KIAA0895LP1	transcribed_processed_pseudogene	36	20	16	0.6769	0.1679	0.1815
ENSG00000264717.5	NPY4R2	protein_coding	0	0	0	0.0000	0.0000	0.0000
ENSG00000264720.3	MIR3117	miRNA	1	0	1	0.7271	0.1803	0.1949
ENSG00000264722.1	MIR3670-2	miRNA	0	0	0	0.0000	0.0000	0.0000
ENSG00000264725.1	MIR3129	miRNA	0	0	0	0.0000	0.0000	0.0000
ENSG00000264727.1	AC005725.1	lncRNA	6	3	3	0.1305	0.0324	0.0350
ENSG00000264729.1	AC022596.1	lncRNA	0	0	0	0.0000	0.0000	0.0000
ENSG00000264732.1	MIR4638	miRNA	0	0	0	0.0000	0.0000	0.0000
ENSG00000264733.1	MIR4718	miRNA	0	0	0	0.0000	0.0000	0.0000
ENSG00000264734.1	AC069061.2	lncRNA	2	1	1	0.1575	0.0391	0.0422
ENSG00000264735.1	AC145207.7	lncRNA	0	0	0	0.0000	0.0000	0.0000
ENSG00000264736.1	BDP1P	processed_pseudogene	0	0	0	0.0000	0.0000	0.0000
ENSG00000264737.1	MIR4511	miRNA	0	0	0	0.0000	0.0000	0.0000
ENSG00000264739.1	AC093484.2	lncRNA	0	18	10	0.0000	0.0000	0.0000
ENSG00000264741.1	MIR4505	miRNA	0	0	0	0.0000	0.0000	0.0000
ENSG00000264743.2	DPRXP4	processed_pseudogene	13	7	6	1.2979	0.3219	0.3480
ENSG00000264744.1	MIR3689C	miRNA	0	0	0	0.0000	0.0000	0.0000
ENSG00000264745.1	TTC39C-AS1	lncRNA	13	7	6	0.9024	0.2238	0.2420
ENSG00000264747.1	MIR3924	miRNA	0	0	0	0.0000	0.0000	0.0000
ENSG00000264750.1	AC032019.1	lncRNA	0	0	0	0.0000	0.0000	0.0000
ENSG00000264754.1	AC110921.1	lncRNA	0	0	0	0.0000	0.0000	0.0000
ENSG00000264755.1	MIR3131	miRNA	0	0	0	0.0000	0.0000	0.0000
ENSG00000264757.1	MIR3198-1	miRNA	0	0	0	0.0000	0.0000	0.0000
ENSG00000264760.1	MIR3141	miRNA	0	0	0	0.0000	0.0000	0.0000
ENSG00000264763.1	MIR4295	miRNA	0	0	0	0.0000	0.0000	0.0000
ENSG00000264764.1	MIR4772	miRNA	0	0	0	0.0000	0.0000	0.0000
ENSG00000264765.1	AC098850.2	lncRNA	0	0	0	0.0000	0.0000	0.0000
ENSG00000264767.2	RN7SL237P	misc_RNA	0	0	0	0.0000	0.0000	0.0000
ENSG00000264769.1	AC145207.8	lncRNA	4	34	22	0.4029	0.0999	0.1080
ENSG00000264772.6	AC016876.2	lncRNA	3	2	1	0.0374	0.0093	0.0100
ENSG00000264773.1	MIR4420	miRNA	1	0	1	0.7365	0.1826	0.1975
ENSG00000264775.1	PPIAP14	processed_pseudogene	0	0	0	0.0000	0.0000	0.0000
ENSG00000264781.1	MIR4537	miRNA	0	0	0	0.0000	0.0000	0.0000
ENSG00000264785.1	AC005722.4	lncRNA	0	1	0	0.0000	0.0000	0.0000
ENSG00000264788.1	MIR3148	miRNA	0	0	0	0.0000	0.0000	0.0000
ENSG00000264790.1	AC021382.1	lncRNA	0	0	0	0.0000	0.0000	0.0000
ENSG00000264791.1	AC004147.3	lncRNA	0	0	0	0.0000	0.0000	0.0000
ENSG00000264792.1	MIR4637	miRNA	0	0	0	0.0000	0.0000	0.0000
ENSG00000264793.1	MIR4771-1	miRNA	0	0	0	0.0000	0.0000	0.0000
ENSG00000264796.1	MIR5009	miRNA	0	0	0	0.0000	0.0000	0.0000
ENSG00000264800.1	MIR4294	miRNA	0	0	0	0.0000	0.0000	0.0000
ENSG00000264801.1	ERVFRD-3	transcribed_processed_pseudogene	1	0	1	0.0351	0.0087	0.0094
ENSG00000264802.1	MIR5191	miRNA	0	0	0	0.0000	0.0000	0.0000
ENSG00000264803.1	MIR378C	miRNA	0	0	0	0.0000	0.0000	0.0000
ENSG00000264808.1	AC068025.1	lncRNA	13	9	4	0.9675	0.2399	0.2594
ENSG00000264809.2	Metazoa_SRP	misc_RNA	0	0	0	0.0000	0.0000	0.0000
ENSG00000264810.1	MIR4441	miRNA	0	0	0	0.0000	0.0000	0.0000
ENSG00000264812.1	AC132938.2	lncRNA	6	2	4	0.5004	0.1241	0.1342
ENSG00000264813.6	AC113554.1	protein_coding	0	0	0	0.0000	0.0000	0.0000
ENSG00000264814.1	MIR1273C	miRNA	0	0	0	0.0000	0.0000	0.0000
ENSG00000264823.3	MIR3154	miRNA	0	0	0	0.0000	0.0000	0.0000
ENSG00000264824.1	MIR5571	miRNA	0	0	0	0.0000	0.0000	0.0000
ENSG00000264825.1	AC091588.2	lncRNA	0	0	0	0.0000	0.0000	0.0000
ENSG00000264829.1	AC087749.2	lncRNA	0	0	0	0.0000	0.0000	0.0000
ENSG00000264833.1	RN7SL468P	misc_RNA	0	0	0	0.0000	0.0000	0.0000
ENSG00000264834.1	AC099677.4	miRNA	0	0	0	0.0000	0.0000	0.0000
ENSG00000264837.1	VN1R71P	processed_pseudogene	0	0	0	0.0000	0.0000	0.0000
ENSG00000264840.1	RN7SL404P	misc_RNA	1	1	0	0.2018	0.0500	0.0541
ENSG00000264843.1	AP001180.4	lncRNA	1	27	17	0.0689	0.0171	0.0185
ENSG00000264845.2	AC119868.1	transcribed_processed_pseudogene	0	0	0	0.0000	0.0000	0.0000
ENSG00000264850.1	MIR4310	miRNA	0	0	0	0.0000	0.0000	0.0000
ENSG00000264853.1	AC011933.2	lncRNA	3	1	2	0.0610	0.0151	0.0164
ENSG00000264857.1	MIR5696	miRNA	0	0	0	0.0000	0.0000	0.0000
ENSG00000264859.6	DSG2-AS1	lncRNA	11	266	262	0.2548	0.0632	0.0683
ENSG00000264860.1	AC097641.1	lncRNA	1	1	0	0.0964	0.0239	0.0259
ENSG00000264862.2	RN7SL45P	misc_RNA	0	0	0	0.0000	0.0000	0.0000
ENSG00000264864.1	MIR3613	miRNA	0	2	0	0.0000	0.0000	0.0000
ENSG00000264869.2	AC068112.1	lncRNA	0	0	0	0.0000	0.0000	0.0000
ENSG00000264874.1	AC087499.6	processed_pseudogene	0	0	0	0.0000	0.0000	0.0000
ENSG00000264876.2	AP005209.1	lncRNA	0	0	0	0.0000	0.0000	0.0000
ENSG00000264879.2	RN7SL690P	misc_RNA	1	0	1	0.2363	0.0586	0.0634
ENSG00000264880.1	AP005901.2	lncRNA	0	0	0	0.0000	0.0000	0.0000
ENSG00000264881.1	AL358013.1	miRNA	0	0	0	0.0000	0.0000	0.0000
ENSG00000264892.1	NOS2P4	processed_pseudogene	0	0	0	0.0000	0.0000	0.0000
ENSG00000264895.1	AC006141.1	lncRNA	2	0	2	0.0523	0.0130	0.0140
ENSG00000264897.1	MIR3921	miRNA	0	0	0	0.0000	0.0000	0.0000
ENSG00000264901.1	MIR3616	miRNA	1	1	0	0.6164	0.1529	0.1653
ENSG00000264902.1	MIR5701-3	miRNA	0	0	0	0.0000	0.0000	0.0000
ENSG00000264906.1	MIR4494	miRNA	0	0	0	0.0000	0.0000	0.0000
ENSG00000264907.1	PRELID3BP3	processed_pseudogene	0	0	0	0.0000	0.0000	0.0000
ENSG00000264910.2	RN7SL525P	misc_RNA	0	0	0	0.0000	0.0000	0.0000
ENSG00000264911.1	AC022069.1	processed_pseudogene	0	0	0	0.0000	0.0000	0.0000
ENSG00000264914.1	AC015845.1	lncRNA	2	2	0	0.2471	0.0613	0.0663
ENSG00000264916.2	RN7SL230P	misc_RNA	1	0	1	0.1872	0.0464	0.0502
ENSG00000264920.2	AC018521.5	lncRNA	410	215	195	5.3922	1.3372	1.4458
ENSG00000264922.1	MIR4540	miRNA	0	0	0	0.0000	0.0000	0.0000
ENSG00000264924.1	AC090772.1	lncRNA	6	3	3	0.6711	0.1664	0.1800
ENSG00000264926.1	MIR378F	miRNA	0	0	0	0.0000	0.0000	0.0000
ENSG00000264930.1	AC131055.1	processed_pseudogene	0	0	0	0.0000	0.0000	0.0000
ENSG00000264931.1	MIR3138	miRNA	0	0	0	0.0000	0.0000	0.0000
ENSG00000264932.3	AC115989.1	lncRNA	0	0	0	0.0000	0.0000	0.0000
ENSG00000264933.2	RN7SL190P	misc_RNA	0	0	0	0.0000	0.0000	0.0000
ENSG00000264934.1	MIR4265	miRNA	0	0	0	0.0000	0.0000	0.0000
ENSG00000264937.1	AC100830.2	lncRNA	3	0	3	0.7089	0.1758	0.1901
ENSG00000264940.5	SNORD3C	snoRNA	0	0	0	0.0000	0.0000	0.0000
ENSG00000264941.1	MIR4474	miRNA	0	0	0	0.0000	0.0000	0.0000
ENSG00000264943.1	SH3GL1P2	processed_pseudogene	6	2	4	0.3145	0.0780	0.0843
ENSG00000264947.1	MIR3181	miRNA	0	0	0	0.0000	0.0000	0.0000
ENSG00000264954.2	PRR29-AS1	lncRNA	3	2	3	0.0475	0.0118	0.0127
ENSG00000264956.2	AC138761.1	lncRNA	0	0	0	0.0000	0.0000	0.0000
ENSG00000264958.2	ALOX12P1	unprocessed_pseudogene	1	0	1	0.0461	0.0114	0.0124
ENSG00000264961.1	MIR4730	miRNA	1	1	0	0.7462	0.1850	0.2001
ENSG00000264963.2	RN7SL440P	misc_RNA	0	0	0	0.0000	0.0000	0.0000
ENSG00000264964.2	AP001033.1	lncRNA	69	28	41	0.7610	0.1887	0.2040
ENSG00000264966.1	MIR5094	miRNA	0	0	0	0.0000	0.0000	0.0000
ENSG00000264968.1	AC090844.2	lncRNA	33	15	18	1.9393	0.4809	0.5200
ENSG00000264970.2	AC131274.3	transcribed_processed_pseudogene	0	0	0	0.0000	0.0000	0.0000
ENSG00000264971.1	PRR13P4	processed_pseudogene	0	0	0	0.0000	0.0000	0.0000
ENSG00000264974.1	MIR4789	miRNA	0	0	0	0.0000	0.0000	0.0000
ENSG00000264975.1	MIR4431	miRNA	0	0	0	0.0000	0.0000	0.0000
ENSG00000264978.2	RN7SL630P	misc_RNA	0	0	0	0.0000	0.0000	0.0000
ENSG00000264979.1	MIR4436B1	miRNA	0	0	0	0.0000	0.0000	0.0000
ENSG00000264982.1	AC015563.2	lncRNA	0	101	145	0.0000	0.0000	0.0000
ENSG00000264984.1	MIR5691	miRNA	0	6	8	0.0000	0.0000	0.0000
ENSG00000264985.4	AC124804.1	lncRNA	3	0	3	0.0352	0.0087	0.0094
ENSG00000264986.1	MIR5092	miRNA	0	0	0	0.0000	0.0000	0.0000
ENSG00000264990.1	AC005549.1	lncRNA	0	0	0	0.0000	0.0000	0.0000
ENSG00000264994.1	SNORD92	snoRNA	0	0	0	0.0000	0.0000	0.0000
ENSG00000264997.1	SNORD39	snoRNA	0	0	0	0.0000	0.0000	0.0000
ENSG00000264999.1	MIR5089	miRNA	0	0	0	0.0000	0.0000	0.0000
ENSG00000265000.1	MARCHF10-DT	lncRNA	1	1	0	0.0313	0.0078	0.0084
ENSG00000265003.1	MIR4780	miRNA	0	0	0	0.0000	0.0000	0.0000
ENSG00000265005.1	MIR548W	miRNA	0	0	0	0.0000	0.0000	0.0000
ENSG00000265007.1	MIR4327	miRNA	0	0	0	0.0000	0.0000	0.0000
ENSG00000265008.1	AC011825.4	lncRNA	7	14	14	0.8393	0.2081	0.2250
ENSG00000265010.1	AC087301.1	lncRNA	5	1	4	0.8833	0.2191	0.2369
ENSG00000265014.1	MIR3160-1	miRNA	0	0	0	0.0000	0.0000	0.0000
ENSG00000265015.1	AP005901.3	transcribed_processed_pseudogene	0	0	0	0.0000	0.0000	0.0000
ENSG00000265018.6	AGAP12P	transcribed_unprocessed_pseudogene	14	7	7	0.3308	0.0820	0.0887
ENSG00000265019.1	NCOR1P2	unprocessed_pseudogene	0	0	0	0.0000	0.0000	0.0000
ENSG00000265028.1	AC012087.1	miRNA	0	0	0	0.0000	0.0000	0.0000
ENSG00000265031.1	AC234063.1	miRNA	1	1	0	0.5560	0.1379	0.1491
ENSG00000265033.2	RN7SL262P	misc_RNA	4	2	2	0.7716	0.1913	0.2069
ENSG00000265038.1	PMM2P1	processed_pseudogene	0	0	0	0.0000	0.0000	0.0000
ENSG00000265041.1	AC015688.3	unprocessed_pseudogene	0	0	0	0.0000	0.0000	0.0000
ENSG00000265043.1	AC068418.2	lncRNA	0	0	0	0.0000	0.0000	0.0000
ENSG00000265046.1	AC004253.2	lncRNA	0	0	0	0.0000	0.0000	0.0000
ENSG00000265052.2	RN7SL622P	misc_RNA	0	0	0	0.0000	0.0000	0.0000
ENSG00000265055.2	AC145343.1	lncRNA	28	16	12	1.1523	0.2858	0.3090
ENSG00000265056.1	MIR548S	miRNA	0	0	0	0.0000	0.0000	0.0000
ENSG00000265057.1	MIR4765	miRNA	0	0	0	0.0000	0.0000	0.0000
ENSG00000265060.2	PPY2P	transcribed_unprocessed_pseudogene	0	2	3	0.0000	0.0000	0.0000
ENSG00000265061.1	AC061709.1	miRNA	0	0	0	0.0000	0.0000	0.0000
ENSG00000265064.1	MIR4692	miRNA	1	0	1	0.9002	0.2232	0.2414
ENSG00000265069.1	AP002409.1	lncRNA	0	19	23	0.0000	0.0000	0.0000
ENSG00000265073.1	AC010761.2	lncRNA	1	76	89	0.0752	0.0187	0.0202
ENSG00000265075.1	MIR3622B	miRNA	0	0	0	0.0000	0.0000	0.0000
ENSG00000265078.2	RN7SL664P	misc_RNA	0	0	0	0.0000	0.0000	0.0000
ENSG00000265083.1	MIR3691	miRNA	0	0	0	0.0000	0.0000	0.0000
ENSG00000265089.1	MIR4655	miRNA	0	0	0	0.0000	0.0000	0.0000
ENSG00000265091.5	AP001496.2	lncRNA	0	0	0	0.0000	0.0000	0.0000
ENSG00000265092.1	MIR4484	miRNA	2	1	1	1.3665	0.3389	0.3664
ENSG00000265093.2	RN7SL246P	misc_RNA	1	1	0	0.1916	0.0475	0.0514
ENSG00000265094.1	AC007922.2	lncRNA	0	0	0	0.0000	0.0000	0.0000
ENSG00000265095.1	FTLP12	processed_pseudogene	0	0	0	0.0000	0.0000	0.0000
ENSG00000265096.2	C1QTNF1-AS1	lncRNA	3	0	3	0.0825	0.0205	0.0221
ENSG00000265097.1	RBM22P1	processed_pseudogene	0	0	0	0.0000	0.0000	0.0000
ENSG00000265098.3	MIR4510	miRNA	0	0	0	0.0000	0.0000	0.0000
ENSG00000265099.1	AC090774.1	processed_pseudogene	0	1	0	0.0000	0.0000	0.0000
ENSG00000265100.1	AC005332.1	lncRNA	22	13	9	0.9524	0.2362	0.2554
ENSG00000265101.1	AC091027.1	lncRNA	0	0	0	0.0000	0.0000	0.0000
ENSG00000265102.1	MIR3942	miRNA	1	1	0	0.5203	0.1290	0.1395
ENSG00000265107.3	GJA5	protein_coding	2597	2126	2105	44.7919	11.1079	12.0102
ENSG00000265110.1	MIR4731	miRNA	4	1	3	3.2406	0.8036	0.8689
ENSG00000265112.1	MIR3153	miRNA	0	0	0	0.0000	0.0000	0.0000
ENSG00000265113.1	AC026474.1	lncRNA	0	0	0	0.0000	0.0000	0.0000
ENSG00000265115.1	AC011824.1	lncRNA	0	0	0	0.0000	0.0000	0.0000
ENSG00000265118.5	AC134669.1	protein_coding	1	2	0	0.0457	0.0113	0.0122
ENSG00000265121.1	AC068594.1	lncRNA	0	0	0	0.0000	0.0000	0.0000
ENSG00000265123.2	RN7SL200P	misc_RNA	2	0	2	0.3938	0.0977	0.1056
ENSG00000265125.5	AC011824.2	lncRNA	0	0	0	0.0000	0.0000	0.0000
ENSG00000265126.1	AC004448.3	lncRNA	0	0	0	0.0000	0.0000	0.0000
ENSG00000265128.1	AC016866.2	lncRNA	0	0	0	0.0000	0.0000	0.0000
ENSG00000265134.1	MIR3190	miRNA	0	6	11	0.0000	0.0000	0.0000
ENSG00000265135.1	MIR5687	miRNA	0	0	0	0.0000	0.0000	0.0000
ENSG00000265136.1	AC124283.4	processed_pseudogene	2	2	0	0.2487	0.0617	0.0667
ENSG00000265137.3	MIR3192	miRNA	0	0	0	0.0000	0.0000	0.0000
ENSG00000265139.1	AC005899.3	lncRNA	0	31	24	0.0000	0.0000	0.0000
ENSG00000265140.1	MIR4301	miRNA	1	1	0	0.8592	0.2131	0.2304
ENSG00000265141.2	RN7SL451P	misc_RNA	0	0	0	0.0000	0.0000	0.0000
ENSG00000265142.9	MIR133A1HG	lncRNA	8	4	4	0.0779	0.0193	0.0209
ENSG00000265144.1	MIR548AM	miRNA	0	0	0	0.0000	0.0000	0.0000
ENSG00000265145.1	SNORD53	snoRNA	0	1	0	0.0000	0.0000	0.0000
ENSG00000265148.6	TSPOAP1-AS1	lncRNA	56	1211	1206	0.8196	0.2032	0.2197
ENSG00000265154.1	MIR151B	miRNA	0	3	0	0.0000	0.0000	0.0000
ENSG00000265158.1	LRRC37A7P	transcribed_processed_pseudogene	55	33	37	1.1305	0.2804	0.3031
ENSG00000265160.1	MIR5003	miRNA	0	0	0	0.0000	0.0000	0.0000
ENSG00000265163.1	CDRT8	lncRNA	0	0	0	0.0000	0.0000	0.0000
ENSG00000265164.1	MIR2681	miRNA	0	0	0	0.0000	0.0000	0.0000
ENSG00000265165.1	MIR4307	miRNA	0	0	0	0.0000	0.0000	0.0000
ENSG00000265168.1	AC005726.3	lncRNA	0	287	266	0.0000	0.0000	0.0000
ENSG00000265170.2	RN7SL667P	misc_RNA	0	0	0	0.0000	0.0000	0.0000
ENSG00000265172.1	MIR4262	miRNA	0	0	0	0.0000	0.0000	0.0000
ENSG00000265174.1	AP005202.1	lncRNA	0	0	0	0.0000	0.0000	0.0000
ENSG00000265176.1	MIR3202-1	miRNA	0	0	1	0.0000	0.0000	0.0000
ENSG00000265178.1	MIR4728	miRNA	2	0	2	1.6928	0.4198	0.4539
ENSG00000265179.7	AP000894.2	lncRNA	11	9	9	0.1599	0.0396	0.0429
ENSG00000265180.1	MIR4790	miRNA	0	0	0	0.0000	0.0000	0.0000
ENSG00000265181.1	MIR4674	miRNA	0	1	2	0.0000	0.0000	0.0000
ENSG00000265182.1	SRP72P1	processed_pseudogene	0	0	0	0.0000	0.0000	0.0000
ENSG00000265185.6	SNORD3B-1	snoRNA	0	0	0	0.0000	0.0000	0.0000
ENSG00000265188.1	AP001496.3	processed_pseudogene	0	31	29	0.0000	0.0000	0.0000
ENSG00000265190.7	ANXA8	protein_coding	53	29	24	0.6066	0.1504	0.1626
ENSG00000265193.1	MIR3923	miRNA	0	0	0	0.0000	0.0000	0.0000
ENSG00000265194.1	AL359922.2	lncRNA	28	168	141	0.5263	0.1305	0.1411
ENSG00000265195.1	MIR4312	miRNA	0	0	0	0.0000	0.0000	0.0000
ENSG00000265201.1	MIR4677	miRNA	1	1	0	0.7089	0.1758	0.1901
ENSG00000265203.2	RBP3	protein_coding	0	0	0	0.0000	0.0000	0.0000
ENSG00000265204.1	AC090772.2	lncRNA	1	1	0	0.1005	0.0249	0.0270
ENSG00000265205.1	AC010761.3	lncRNA	19	19	17	2.1593	0.5355	0.5790
ENSG00000265206.5	AC004687.1	lncRNA	16	6	10	0.5584	0.1385	0.1497
ENSG00000265210.1	MIR4486	miRNA	1	1	0	0.9002	0.2232	0.2414
ENSG00000265213.1	MIR3684	miRNA	0	0	0	0.0000	0.0000	0.0000
ENSG00000265214.1	MIR4283-2	miRNA	0	0	0	0.0000	0.0000	0.0000
ENSG00000265215.1	MIR4269	miRNA	2	0	2	1.3502	0.3348	0.3620
ENSG00000265217.2	AC090358.1	lncRNA	0	0	0	0.0000	0.0000	0.0000
ENSG00000265218.1	AC103810.2	lncRNA	14	10	10	0.5851	0.1451	0.1569
ENSG00000265222.1	AC079336.2	lncRNA	7	5	2	0.4282	0.1062	0.1148
ENSG00000265226.1	MIR548AI	miRNA	0	0	0	0.0000	0.0000	0.0000
ENSG00000265227.1	MIR4699	miRNA	0	0	0	0.0000	0.0000	0.0000
ENSG00000265233.1	ABBA01006766.1	processed_pseudogene	0	0	0	0.0000	0.0000	0.0000
ENSG00000265236.1	SNORD84	snoRNA	0	0	0	0.0000	0.0000	0.0000
ENSG00000265237.1	MIR3142	miRNA	0	0	0	0.0000	0.0000	0.0000
ENSG00000265240.1	AC114689.2	processed_pseudogene	0	0	0	0.0000	0.0000	0.0000
ENSG00000265241.7	RBM8A	protein_coding	5041	3970	3807	51.5647	12.7875	13.8262
ENSG00000265243.1	IGLJCOR18	IG_C_pseudogene	0	0	0	0.0000	0.0000	0.0000
ENSG00000265246.1	AC129926.1	lncRNA	200	95	105	18.4723	4.5809	4.9530
ENSG00000265247.1	MIR4472-1	miRNA	0	0	0	0.0000	0.0000	0.0000
ENSG00000265251.1	MIR4288	miRNA	0	0	0	0.0000	0.0000	0.0000
ENSG00000265252.1	MIR3132	miRNA	0	0	0	0.0000	0.0000	0.0000
ENSG00000265253.1	MIR4446	miRNA	0	0	0	0.0000	0.0000	0.0000
ENSG00000265254.1	AC015917.2	lncRNA	0	64	81	0.0000	0.0000	0.0000
ENSG00000265257.5	AP005263.1	lncRNA	0	0	0	0.0000	0.0000	0.0000
ENSG00000265258.1	MIR4686	miRNA	0	0	0	0.0000	0.0000	0.0000
ENSG00000265260.2	RN7SL74P	misc_RNA	0	0	0	0.0000	0.0000	0.0000
ENSG00000265261.1	AC027575.1	processed_pseudogene	3	1	2	0.0619	0.0154	0.0166
ENSG00000265262.1	TRMT112P3	transcribed_processed_pseudogene	3	2	1	0.4752	0.1179	0.1274
ENSG00000265265.1	AC233702.5	lncRNA	0	0	0	0.0000	0.0000	0.0000
ENSG00000265272.2	RN7SL693P	misc_RNA	2	1	1	0.4065	0.1008	0.1090
ENSG00000265273.1	PGDP1	processed_pseudogene	1	1	0	0.0394	0.0098	0.0106
ENSG00000265279.1	CLUHP6	processed_pseudogene	0	0	0	0.0000	0.0000	0.0000
ENSG00000265281.1	MIR3935	miRNA	0	0	0	0.0000	0.0000	0.0000
ENSG00000265282.1	AC005828.4	lncRNA	13	7	6	1.3356	0.3312	0.3581
ENSG00000265284.1	MIR4770	miRNA	0	0	0	0.0000	0.0000	0.0000
ENSG00000265287.2	AC005726.4	lncRNA	0	30	35	0.0000	0.0000	0.0000
ENSG00000265289.1	AC104996.1	lncRNA	0	0	0	0.0000	0.0000	0.0000
ENSG00000265291.1	MIR4710	miRNA	0	0	0	0.0000	0.0000	0.0000
ENSG00000265293.2	ARGFXP2	processed_pseudogene	2	0	2	0.1195	0.0296	0.0320
ENSG00000265296.1	FEM1AP2	processed_pseudogene	1	0	1	0.0284	0.0070	0.0076
ENSG00000265298.1	AC132812.1	unprocessed_pseudogene	105	118	117	6.6755	1.6555	1.7899
ENSG00000265301.1	MIR548AD	miRNA	0	0	0	0.0000	0.0000	0.0000
ENSG00000265303.1	AC099850.2	protein_coding	0	0	0	0.0000	0.0000	0.0000
ENSG00000265304.1	MIR3650	miRNA	0	1	4	0.0000	0.0000	0.0000
ENSG00000265306.1	MIR3195	miRNA	0	0	0	0.0000	0.0000	0.0000
ENSG00000265313.7	LINC01476	lncRNA	1	0	1	0.0087	0.0022	0.0023
ENSG00000265315.1	RN7SL199P	misc_RNA	0	0	0	0.0000	0.0000	0.0000
ENSG00000265316.1	AP005059.2	lncRNA	0	0	0	0.0000	0.0000	0.0000
ENSG00000265319.2	RN7SL847P	misc_RNA	0	0	0	0.0000	0.0000	0.0000
ENSG00000265321.1	MIR4263	miRNA	9	4	5	6.1493	1.5250	1.6488
ENSG00000265322.1	MIR3118-2	miRNA	0	0	0	0.0000	0.0000	0.0000
ENSG00000265327.2	RN7SL411P	misc_RNA	1	0	1	0.1890	0.0469	0.0507
ENSG00000265328.1	MIR548AB	miRNA	0	0	0	0.0000	0.0000	0.0000
ENSG00000265331.1	MIR4524B	miRNA	0	1	1	0.0000	0.0000	0.0000
ENSG00000265333.1	MIR3137	miRNA	0	0	0	0.0000	0.0000	0.0000
ENSG00000265334.1	AC130324.2	lncRNA	3	15	14	0.2667	0.0661	0.0715
ENSG00000265337.1	AC079336.3	lncRNA	0	0	0	0.0000	0.0000	0.0000
ENSG00000265340.1	OR4K7P	unprocessed_pseudogene	0	0	0	0.0000	0.0000	0.0000
ENSG00000265342.1	AC011933.3	lncRNA	12	5	7	1.8294	0.4537	0.4905
ENSG00000265345.1	MIR5188	miRNA	2	1	1	1.0037	0.2489	0.2691
ENSG00000265347.1	MIR4291	miRNA	0	0	0	0.0000	0.0000	0.0000
ENSG00000265349.1	AC118755.2	lncRNA	0	0	1	0.0000	0.0000	0.0000
ENSG00000265352.1	LINC01899	lncRNA	0	0	0	0.0000	0.0000	0.0000
ENSG00000265354.4	TIMM23	protein_coding	3649	1827	1823	173.8947	43.1241	46.6270
ENSG00000265355.1	MIR3136	miRNA	1	1	0	0.7271	0.1803	0.1949
ENSG00000265356.2	AC004147.4	lncRNA	0	0	0	0.0000	0.0000	0.0000
ENSG00000265357.1	MIR4493	miRNA	0	0	0	0.0000	0.0000	0.0000
ENSG00000265359.1	AC004231.4	lncRNA	2	2	1	0.4396	0.1090	0.1179
ENSG00000265366.6	GLUD1P2	transcribed_unprocessed_pseudogene	9	16	8	0.7629	0.1892	0.2046
ENSG00000265368.1	MIR4476	miRNA	0	0	0	0.0000	0.0000	0.0000
ENSG00000265369.3	PCAT18	lncRNA	129	303	296	2.8159	0.6983	0.7550
ENSG00000265370.1	MIR4682	miRNA	1	1	0	0.7089	0.1758	0.1901
ENSG00000265372.1	MIR4675	miRNA	0	0	0	0.0000	0.0000	0.0000
ENSG00000265373.2	MIR3180-2	miRNA	0	0	0	0.0000	0.0000	0.0000
ENSG00000265374.1	LINC01908	lncRNA	0	0	0	0.0000	0.0000	0.0000
ENSG00000265375.1	MIR4679-2	miRNA	0	0	0	0.0000	0.0000	0.0000
ENSG00000265376.1	MIR466	miRNA	0	0	0	0.0000	0.0000	0.0000
ENSG00000265378.1	AC012572.1	lncRNA	0	0	0	0.0000	0.0000	0.0000
ENSG00000265380.1	AC079070.1	lncRNA	2	2	0	0.2044	0.0507	0.0548
ENSG00000265386.2	RN7SL219P	misc_RNA	0	0	0	0.0000	0.0000	0.0000
ENSG00000265388.2	RN7SL391P	misc_RNA	0	0	0	0.0000	0.0000	0.0000
ENSG00000265390.1	MIR4999	miRNA	0	0	0	0.0000	0.0000	0.0000
ENSG00000265392.1	MIR4252	miRNA	0	0	0	0.0000	0.0000	0.0000
ENSG00000265393.1	AC084125.4	lncRNA	0	71	79	0.0000	0.0000	0.0000
ENSG00000265394.1	AC104984.2	lncRNA	3	2	4	0.4419	0.1096	0.1185
ENSG00000265395.1	MIR3944	miRNA	0	0	0	0.0000	0.0000	0.0000
ENSG00000265396.1	MIR3128	miRNA	1	0	1	0.8592	0.2131	0.2304
ENSG00000265399.1	AP005329.2	lncRNA	6	36	31	0.1921	0.0476	0.0515
ENSG00000265400.1	AC005244.2	lncRNA	1	1	0	0.0790	0.0196	0.0212
ENSG00000265401.1	AC093484.3	lncRNA	0	13332	13174	0.0000	0.0000	0.0000
ENSG00000265402.1	RSL24D1P9	processed_pseudogene	0	0	0	0.0000	0.0000	0.0000
ENSG00000265407.1	MIR4324	miRNA	1	1	0	0.7876	0.1953	0.2112
ENSG00000265408.1	AC009084.1	lncRNA	0	0	0	0.0000	0.0000	0.0000
ENSG00000265411.1	RN7SL656P	misc_RNA	0	0	0	0.0000	0.0000	0.0000
ENSG00000265413.1	AP001094.2	lncRNA	11	5	6	0.2695	0.0668	0.0723
ENSG00000265415.1	AC099850.3	lncRNA	0	82	63	0.0000	0.0000	0.0000
ENSG00000265417.1	AP005119.2	processed_pseudogene	0	0	0	0.0000	0.0000	0.0000
ENSG00000265418.1	MIR4261	miRNA	0	0	0	0.0000	0.0000	0.0000
ENSG00000265420.1	MIR4779	miRNA	0	0	0	0.0000	0.0000	0.0000
ENSG00000265421.1	AC016601.1	miRNA	0	0	0	0.0000	0.0000	0.0000
ENSG00000265422.1	MIR4684	miRNA	0	0	0	0.0000	0.0000	0.0000
ENSG00000265423.1	MIR4652	miRNA	0	0	0	0.0000	0.0000	0.0000
ENSG00000265425.1	AC005909.1	lncRNA	0	0	0	0.0000	0.0000	0.0000
ENSG00000265428.1	AC006441.2	processed_pseudogene	0	0	0	0.0000	0.0000	0.0000
ENSG00000265429.3	MIR4782	miRNA	1	0	1	0.7178	0.1780	0.1925
ENSG00000265432.1	MIR4308	miRNA	0	0	0	0.0000	0.0000	0.0000
ENSG00000265433.1	MIR4447	miRNA	0	0	0	0.0000	0.0000	0.0000
ENSG00000265435.1	MIR3121	miRNA	0	0	0	0.0000	0.0000	0.0000
ENSG00000265437.1	AP005212.1	processed_pseudogene	0	0	0	0.0000	0.0000	0.0000
ENSG00000265439.2	RN7SL811P	misc_RNA	0	0	0	0.0000	0.0000	0.0000
ENSG00000265442.1	MIR3941	miRNA	0	0	0	0.0000	0.0000	0.0000
ENSG00000265443.1	AC127024.3	lncRNA	8	5	3	0.9863	0.2446	0.2644
ENSG00000265444.1	MIR4733	miRNA	0	0	0	0.0000	0.0000	0.0000
ENSG00000265445.1	AC005703.2	lncRNA	0	0	0	0.0000	0.0000	0.0000
ENSG00000265450.1	MIR4502	miRNA	0	0	0	0.0000	0.0000	0.0000
ENSG00000265451.1	AC012447.1	lncRNA	4	8	4	0.3326	0.0825	0.0892
ENSG00000265452.1	MIR3682	miRNA	7	3	4	4.7258	1.1720	1.2672
ENSG00000265453.1	AC026254.1	processed_pseudogene	0	0	0	0.0000	0.0000	0.0000
ENSG00000265456.1	MIR3672	miRNA	0	0	0	0.0000	0.0000	0.0000
ENSG00000265458.2	AC132938.3	lncRNA	169	107	86	8.7365	2.1666	2.3426
ENSG00000265460.6	AC015910.1	transcribed_processed_pseudogene	1	0	1	0.0438	0.0109	0.0118
ENSG00000265462.1	MIR3680-1	miRNA	0	0	0	0.0000	0.0000	0.0000
ENSG00000265465.1	MIR4768	miRNA	19	11	8	14.5607	3.6109	3.9042
ENSG00000265469.1	POLR3KP2	processed_pseudogene	0	0	0	0.0000	0.0000	0.0000
ENSG00000265470.1	MIR548AQ	miRNA	0	0	0	0.0000	0.0000	0.0000
ENSG00000265472.1	FAM32DP	processed_pseudogene	0	0	0	0.0000	0.0000	0.0000
ENSG00000265474.1	AC010761.4	lncRNA	4	139	134	0.4354	0.1080	0.1167
ENSG00000265477.1	AP000915.2	lncRNA	1	1	0	0.1249	0.0310	0.0335
ENSG00000265478.2	AC107982.3	lncRNA	20	8	12	1.1515	0.2856	0.3087
ENSG00000265479.7	DTX2P1-UPK3BP1-PMS2P11	lncRNA	2	0	4	0.0213	0.0053	0.0057
ENSG00000265480.5	KRT18P55	transcribed_unprocessed_pseudogene	12	8	4	0.3262	0.0809	0.0875
ENSG00000265483.1	MIR4443	miRNA	0	0	0	0.0000	0.0000	0.0000
ENSG00000265484.2	AC091691.2	lncRNA	0	0	0	0.0000	0.0000	0.0000
ENSG00000265485.7	LINC01915	lncRNA	20	10	10	0.1096	0.0272	0.0294
ENSG00000265486.2	RN7SL518P	misc_RNA	0	0	0	0.0000	0.0000	0.0000
ENSG00000265487.1	AP001021.2	lncRNA	0	2	5	0.0000	0.0000	0.0000
ENSG00000265489.1	AC005358.1	lncRNA	1	2	1	0.0154	0.0038	0.0041
ENSG00000265490.1	AP001178.2	lncRNA	12	47	32	2.0875	0.5177	0.5597
ENSG00000265491.5	RNF115	protein_coding	4754	2380	2424	24.3783	6.0456	6.5366
ENSG00000265494.1	AC005304.2	lncRNA	0	0	0	0.0000	0.0000	0.0000
ENSG00000265496.5	AC100778.3	lncRNA	2	95	74	0.1949	0.0483	0.0523
ENSG00000265499.1	MIR3156-2	miRNA	0	0	0	0.0000	0.0000	0.0000
ENSG00000265503.1	MIR1269B	miRNA	0	0	0	0.0000	0.0000	0.0000
ENSG00000265507.1	MIR4435-1	miRNA	0	0	0	0.0000	0.0000	0.0000
ENSG00000265510.1	MIR4436A	miRNA	0	0	0	0.0000	0.0000	0.0000
ENSG00000265511.1	AC020558.2	lncRNA	13	6	7	0.9273	0.2300	0.2486
ENSG00000265514.2	LINC01892	lncRNA	0	0	0	0.0000	0.0000	0.0000
ENSG00000265519.1	AC015922.2	lncRNA	301	175	142	49.1922	12.1992	13.1901
ENSG00000265520.1	MIR548V	miRNA	0	0	0	0.0000	0.0000	0.0000
ENSG00000265521.1	MIR5697	miRNA	1	1	0	0.7271	0.1803	0.1949
ENSG00000265526.1	MIR4304	miRNA	0	0	0	0.0000	0.0000	0.0000
ENSG00000265527.1	MIR5690	miRNA	0	0	0	0.0000	0.0000	0.0000
ENSG00000265531.3	FCGR1CP	unprocessed_pseudogene	97	49	48	4.8810	1.2104	1.3088
ENSG00000265533.1	AC114689.3	lncRNA	1	1	0	0.0190	0.0047	0.0051
ENSG00000265535.2	RN7SL475P	misc_RNA	0	0	0	0.0000	0.0000	0.0000
ENSG00000265537.1	MIR3180-1	miRNA	0	0	0	0.0000	0.0000	0.0000
ENSG00000265538.1	MIR4421	miRNA	4	3	1	3.2875	0.8153	0.8815
ENSG00000265539.1	MIR3164	miRNA	1	0	1	0.6833	0.1694	0.1832
ENSG00000265541.1	H3P41	unprocessed_pseudogene	0	0	0	0.0000	0.0000	0.0000
ENSG00000265542.5	AC015845.2	lncRNA	9	3	6	0.8340	0.2068	0.2236
ENSG00000265544.1	AA06	lncRNA	0	0	0	0.0000	0.0000	0.0000
ENSG00000265545.1	ELOCP27	processed_pseudogene	1	0	1	0.2476	0.0614	0.0664
ENSG00000265547.1	AC217774.1	lncRNA	0	0	0	0.0000	0.0000	0.0000
ENSG00000265552.1	AC104961.1	lncRNA	1	0	1	0.0855	0.0212	0.0229
ENSG00000265554.2	AP005271.1	lncRNA	0	0	0	0.0000	0.0000	0.0000
ENSG00000265555.1	LINC01903	lncRNA	1	1	0	0.0264	0.0065	0.0071
ENSG00000265558.1	MIR3918	miRNA	0	13	13	0.0000	0.0000	0.0000
ENSG00000265559.2	RN7SL652P	misc_RNA	2	2	0	0.3781	0.0938	0.1014
ENSG00000265561.2	MIR1268B	miRNA	0	0	0	0.0000	0.0000	0.0000
ENSG00000265564.1	PIGPP4	processed_pseudogene	0	0	0	0.0000	0.0000	0.0000
ENSG00000265565.1	MIR3143	miRNA	0	0	0	0.0000	0.0000	0.0000
ENSG00000265566.2	RN7SL605P	misc_RNA	0	0	0	0.0000	0.0000	0.0000
ENSG00000265574.1	WDR45BP1	processed_pseudogene	24	11	13	1.3227	0.3280	0.3547
ENSG00000265579.1	AC023301.1	lncRNA	0	0	0	0.0000	0.0000	0.0000
ENSG00000265584.1	MIR3978	miRNA	0	0	0	0.0000	0.0000	0.0000
ENSG00000265588.1	MIR5708	miRNA	0	0	0	0.0000	0.0000	0.0000
ENSG00000265590.10	CFAP298-TCP10L	protein_coding	38	22	17	0.1115	0.0277	0.0299
ENSG00000265593.1	NPM1P45	processed_pseudogene	0	0	0	0.0000	0.0000	0.0000
ENSG00000265595.1	MIR4756	miRNA	0	0	0	0.0000	0.0000	0.0000
ENSG00000265596.1	MIR3659	miRNA	1	1	0	0.5728	0.1421	0.1536
ENSG00000265598.1	MIR5707	miRNA	0	0	0	0.0000	0.0000	0.0000
ENSG00000265599.1	MIR4471	miRNA	0	0	0	0.0000	0.0000	0.0000
ENSG00000265606.1	MIR4695	miRNA	0	0	0	0.0000	0.0000	0.0000
ENSG00000265612.1	MIR4539	miRNA	0	0	0	0.0000	0.0000	0.0000
ENSG00000265614.1	AC011193.2	processed_pseudogene	0	0	0	0.0000	0.0000	0.0000
ENSG00000265617.1	MIR548AG2	miRNA	0	0	0	0.0000	0.0000	0.0000
ENSG00000265618.1	AC002094.2	lncRNA	0	1000	972	0.0000	0.0000	0.0000
ENSG00000265623.1	MIR3139	miRNA	1	0	1	0.7462	0.1850	0.2001
ENSG00000265625.1	AC104564.5	lncRNA	8	6	2	0.4313	0.1069	0.1156
ENSG00000265626.1	AC139085.1	processed_pseudogene	0	0	0	0.0000	0.0000	0.0000
ENSG00000265630.2	BX547991.1	unprocessed_pseudogene	4	4	0	1.1174	0.2771	0.2996
ENSG00000265631.1	BNIP3P3	processed_pseudogene	0	0	0	0.0000	0.0000	0.0000
ENSG00000265635.1	MIR3612	miRNA	0	0	0	0.0000	0.0000	0.0000
ENSG00000265639.1	AC090415.1	processed_pseudogene	1	1	0	0.0670	0.0166	0.0180
ENSG00000265641.1	MIR3929	miRNA	0	0	0	0.0000	0.0000	0.0000
ENSG00000265643.1	AC119868.2	lncRNA	0	0	0	0.0000	0.0000	0.0000
ENSG00000265644.1	AC087399.1	lncRNA	0	0	0	0.0000	0.0000	0.0000
ENSG00000265646.2	TUFMP1	processed_pseudogene	0	0	0	0.0000	0.0000	0.0000
ENSG00000265648.2	RN7SL279P	misc_RNA	0	0	1	0.0000	0.0000	0.0000
ENSG00000265653.1	MIR548AK	miRNA	1	0	1	0.9949	0.2467	0.2668
ENSG00000265656.1	AC106037.3	lncRNA	1	1	0	0.1269	0.0315	0.0340
ENSG00000265657.1	MIR3151	miRNA	0	2	0	0.0000	0.0000	0.0000
ENSG00000265658.6	MIR3690	miRNA	1	0	1	0.7561	0.1875	0.2027
ENSG00000265658.6_PAR_Y	MIR3690	miRNA	0	0	0	0.0000	0.0000	0.0000
ENSG00000265660.1	MIR4664	miRNA	99	39	60	79.0745	19.6097	21.2025
ENSG00000265664.1	AC005544.2	lncRNA	0	1217	1273	0.0000	0.0000	0.0000
ENSG00000265666.1	RARA-AS1	lncRNA	94	103	100	2.9781	0.7385	0.7985
ENSG00000265669.1	MIR548AJ1	miRNA	0	0	0	0.0000	0.0000	0.0000
ENSG00000265670.1	AC016382.1	lncRNA	0	0	0	0.0000	0.0000	0.0000
ENSG00000265671.1	AP000894.3	lncRNA	0	0	0	0.0000	0.0000	0.0000
ENSG00000265673.1	MIR4508	miRNA	0	0	0	0.0000	0.0000	0.0000
ENSG00000265675.2	RN7SL708P	misc_RNA	0	0	0	0.0000	0.0000	0.0000
ENSG00000265678.1	AC129510.1	lncRNA	26	74	67	2.6567	0.6588	0.7123
ENSG00000265681.7	RPL17	protein_coding	89	57	41	2.0467	0.5076	0.5488
ENSG00000265682.1	MIR4267	miRNA	0	0	0	0.0000	0.0000	0.0000
ENSG00000265683.1	SYPL1P2	processed_pseudogene	17	15	12	1.3261	0.3289	0.3556
ENSG00000265684.2	RN7SL378P	misc_RNA	0	0	0	0.0000	0.0000	0.0000
ENSG00000265688.2	MAFG-DT	lncRNA	1270	632	639	38.0062	9.4251	10.1907
ENSG00000265689.1	AC024614.2	lncRNA	0	0	0	0.0000	0.0000	0.0000
ENSG00000265690.7	AC074143.1	protein_coding	0	0	0	0.0000	0.0000	0.0000
ENSG00000265691.1	MIR4460	miRNA	1	0	1	0.6594	0.1635	0.1768
ENSG00000265692.1	LINC01970	lncRNA	23	12	11	0.7206	0.1787	0.1932
ENSG00000265693.1	AC026271.3	transcribed_processed_pseudogene	0	0	0	0.0000	0.0000	0.0000
ENSG00000265694.1	MIR4774	miRNA	0	0	0	0.0000	0.0000	0.0000
ENSG00000265697.1	AC011824.3	lncRNA	0	0	0	0.0000	0.0000	0.0000
ENSG00000265698.1	LARP7P3	processed_pseudogene	0	0	0	0.0000	0.0000	0.0000
ENSG00000265699.1	MIR548AE2	miRNA	0	0	0	0.0000	0.0000	0.0000
ENSG00000265702.2	AC005821.1	lncRNA	36	54	62	0.4199	0.1041	0.1126
ENSG00000265706.1	SNORD53B	snoRNA	1	0	1	0.7271	0.1803	0.1949
ENSG00000265712.1	AC027216.1	processed_pseudogene	0	0	0	0.0000	0.0000	0.0000
ENSG00000265713.1	AC023389.2	transcribed_processed_pseudogene	2	0	2	0.1188	0.0295	0.0318
ENSG00000265717.1	AC103808.3	lncRNA	0	0	0	0.0000	0.0000	0.0000
ENSG00000265719.1	MIR4681	miRNA	0	0	0	0.0000	0.0000	0.0000
ENSG00000265724.1	MIR4284	miRNA	0	0	0	0.0000	0.0000	0.0000
ENSG00000265725.1	MIR3144	miRNA	0	0	0	0.0000	0.0000	0.0000
ENSG00000265727.2	RN7SL648P	misc_RNA	1	1	0	0.1884	0.0467	0.0505
ENSG00000265728.1	AP001099.1	lncRNA	22	14	8	1.4592	0.3619	0.3913
ENSG00000265733.1	SNORA74C-1	snoRNA	0	0	0	0.0000	0.0000	0.0000
ENSG00000265734.1	MIR4438	miRNA	0	0	0	0.0000	0.0000	0.0000
ENSG00000265735.2	RN7SL5P	misc_RNA	1	1	0	0.1767	0.0438	0.0474
ENSG00000265737.1	AP006565.1	lncRNA	0	0	0	0.0000	0.0000	0.0000
ENSG00000265739.1	AC104984.3	lncRNA	1	0	1	0.1039	0.0258	0.0278
ENSG00000265740.2	RN7SL339P	misc_RNA	0	0	0	0.0000	0.0000	0.0000
ENSG00000265743.1	AC138207.5	lncRNA	70	41	29	9.7059	2.4070	2.6025
ENSG00000265744.1	MIR4427	miRNA	0	0	0	0.0000	0.0000	0.0000
ENSG00000265745.2	RN7SL375P	misc_RNA	0	0	0	0.0000	0.0000	0.0000
ENSG00000265746.1	KYNUP2	processed_pseudogene	0	0	0	0.0000	0.0000	0.0000
ENSG00000265749.6	AC135178.4	lncRNA	8	39	37	0.3222	0.0799	0.0864
ENSG00000265750.1	AC090772.3	lncRNA	36	134	119	2.7776	0.6888	0.7448
ENSG00000265751.1	AC015878.1	lncRNA	0	0	0	0.0000	0.0000	0.0000
ENSG00000265752.3	AC010754.1	lncRNA	30	13	17	0.7261	0.1801	0.1947
ENSG00000265753.2	RN7SL444P	misc_RNA	0	0	0	0.0000	0.0000	0.0000
ENSG00000265758.1	LINC01900	lncRNA	0	0	0	0.0000	0.0000	0.0000
ENSG00000265763.4	ZNF488	protein_coding	81	41	41	1.3065	0.3240	0.3503
ENSG00000265766.3	CXADRP3	transcribed_processed_pseudogene	0	0	0	0.0000	0.0000	0.0000
ENSG00000265768.1	MIR4506	miRNA	0	0	0	0.0000	0.0000	0.0000
ENSG00000265775.1	AC004147.5	lncRNA	0	0	0	0.0000	0.0000	0.0000
ENSG00000265776.1	MIR3670-3	miRNA	0	0	0	0.0000	0.0000	0.0000
ENSG00000265777.2	RN7SL624P	misc_RNA	0	0	0	0.0000	0.0000	0.0000
ENSG00000265778.3	AC018413.1	lncRNA	78	38	41	2.8103	0.6969	0.7535
ENSG00000265781.1	AC090415.2	lncRNA	0	0	0	0.0000	0.0000	0.0000
ENSG00000265784.1	AC006441.3	lncRNA	0	2271	2339	0.0000	0.0000	0.0000
ENSG00000265786.1	LINC01906	lncRNA	0	0	0	0.0000	0.0000	0.0000
ENSG00000265787.2	CYP4F35P	transcribed_unprocessed_pseudogene	5	4	1	0.0986	0.0244	0.0264
ENSG00000265788.2	NOS2P1	transcribed_unprocessed_pseudogene	0	0	0	0.0000	0.0000	0.0000
ENSG00000265789.1	MIR4330	miRNA	0	0	0	0.0000	0.0000	0.0000
ENSG00000265790.1	RNASEH1P1	processed_pseudogene	0	0	0	0.0000	0.0000	0.0000
ENSG00000265791.1	AC127024.4	lncRNA	12	9	3	2.2095	0.5479	0.5924
ENSG00000265793.1	MIR3118-4	miRNA	0	0	0	0.0000	0.0000	0.0000
ENSG00000265794.5	AC005899.4	lncRNA	0	0	0	0.0000	0.0000	0.0000
ENSG00000265798.6	AC138207.6	transcribed_unprocessed_pseudogene	16	8	8	0.3611	0.0895	0.0968
ENSG00000265799.1	AC090844.3	lncRNA	0	0	0	0.0000	0.0000	0.0000
ENSG00000265800.1	AC022211.3	lncRNA	12	5	7	1.7013	0.4219	0.4562
ENSG00000265801.1	AC069366.2	lncRNA	1	1	0	0.1319	0.0327	0.0354
ENSG00000265802.2	RN7SL49P	misc_RNA	0	0	0	0.0000	0.0000	0.0000
ENSG00000265806.1	MIR4292	miRNA	4	2	2	3.3857	0.8396	0.9078
ENSG00000265808.4	SEC22B	protein_coding	4089	2054	2035	25.6541	6.3619	6.8787
ENSG00000265810.1	MIR3907	miRNA	0	0	0	0.0000	0.0000	0.0000
ENSG00000265813.2	RN7SL300P	misc_RNA	0	0	0	0.0000	0.0000	0.0000
ENSG00000265814.2	RN7SL376P	misc_RNA	0	0	0	0.0000	0.0000	0.0000
ENSG00000265815.1	AC099677.5	miRNA	0	0	0	0.0000	0.0000	0.0000
ENSG00000265817.4	FSBP	protein_coding	367	193	175	2.8076	0.6963	0.7528
ENSG00000265818.1	EEF1E1-BLOC1S5	protein_coding	0	0	0	0.0000	0.0000	0.0000
ENSG00000265820.1	MIR3177	miRNA	2	2	0	1.3832	0.3430	0.3709
ENSG00000265822.1	MIR4422	miRNA	0	0	0	0.0000	0.0000	0.0000
ENSG00000265828.1	MIR3939	miRNA	0	0	0	0.0000	0.0000	0.0000
ENSG00000265829.1	MIR548AG1	miRNA	0	0	0	0.0000	0.0000	0.0000
ENSG00000265831.1	MIR3123	miRNA	0	0	0	0.0000	0.0000	0.0000
ENSG00000265833.1	AC130289.1	processed_pseudogene	0	0	0	0.0000	0.0000	0.0000
ENSG00000265836.1	CCND3P2	processed_pseudogene	0	0	0	0.0000	0.0000	0.0000
ENSG00000265840.1	AC010761.5	lncRNA	0	205	187	0.0000	0.0000	0.0000
ENSG00000265841.1	MIR548X	miRNA	0	0	0	0.0000	0.0000	0.0000
ENSG00000265843.3	LINC01029	lncRNA	0	0	0	0.0000	0.0000	0.0000
ENSG00000265844.1	AC100863.1	lncRNA	0	0	0	0.0000	0.0000	0.0000
ENSG00000265845.2	AC024267.4	lncRNA	12	17	23	0.6833	0.1694	0.1832
ENSG00000265846.1	MIR4276	miRNA	0	0	0	0.0000	0.0000	0.0000
ENSG00000265847.1	MIR4287	miRNA	0	0	0	0.0000	0.0000	0.0000
ENSG00000265848.1	MIR3689D1	miRNA	0	0	0	0.0000	0.0000	0.0000
ENSG00000265850.1	MIR4797	miRNA	0	0	0	0.0000	0.0000	0.0000
ENSG00000265853.1	AL353996.1	processed_pseudogene	0	0	0	0.0000	0.0000	0.0000
ENSG00000265855.1	MIR4514	miRNA	0	0	0	0.0000	0.0000	0.0000
ENSG00000265859.1	MIR5704	miRNA	0	0	0	0.0000	0.0000	0.0000
ENSG00000265861.1	MIR4495	miRNA	0	0	0	0.0000	0.0000	0.0000
ENSG00000265863.1	GPR160P2	processed_pseudogene	1	0	1	0.0356	0.0088	0.0096
ENSG00000265867.1	MIR4516	miRNA	0	0	0	0.0000	0.0000	0.0000
ENSG00000265871.1	MIR3174	miRNA	3	1	2	1.9555	0.4849	0.5243
ENSG00000265872.1	MIR3689A	miRNA	0	0	0	0.0000	0.0000	0.0000
ENSG00000265873.1	MIR4289	miRNA	0	0	0	0.0000	0.0000	0.0000
ENSG00000265874.1	MIR4489	miRNA	1	1	0	0.9147	0.2268	0.2453
ENSG00000265878.2	MIR3914-1	miRNA	0	0	0	0.0000	0.0000	0.0000
ENSG00000265879.1	MIR4748	miRNA	0	0	0	0.0000	0.0000	0.0000
ENSG00000265881.1	PDLIM1P2	processed_pseudogene	0	0	0	0.0000	0.0000	0.0000
ENSG00000265882.2	RN7SL73P	misc_RNA	0	0	0	0.0000	0.0000	0.0000
ENSG00000265883.1	AC060771.1	processed_pseudogene	0	0	0	0.0000	0.0000	0.0000
ENSG00000265885.2	RN7SL783P	misc_RNA	0	0	0	0.0000	0.0000	0.0000
ENSG00000265888.2	DSCAS	lncRNA	2	4	1	0.0874	0.0217	0.0234
ENSG00000265889.1	Y_RNA	misc_RNA	0	0	0	0.0000	0.0000	0.0000
ENSG00000265892.2	RN7SL311P	misc_RNA	0	0	0	0.0000	0.0000	0.0000
ENSG00000265894.2	RN7SL357P	misc_RNA	0	0	0	0.0000	0.0000	0.0000
ENSG00000265897.2	AC233263.1	processed_pseudogene	1	1	0	0.2532	0.0628	0.0679
ENSG00000265902.1	MIR4696	miRNA	0	0	0	0.0000	0.0000	0.0000
ENSG00000265905.2	RN7SL96P	misc_RNA	0	0	0	0.0000	0.0000	0.0000
ENSG00000265907.2	AP000919.1	lncRNA	2	171	157	0.0312	0.0077	0.0084
ENSG00000265908.1	AC024267.5	lncRNA	5	1	4	0.4734	0.1174	0.1269
ENSG00000265912.1	AC037487.1	lncRNA	43	16	27	0.9857	0.2444	0.2643
ENSG00000265916.1	AC015818.5	processed_pseudogene	2	1	1	0.1789	0.0444	0.0480
ENSG00000265917.1	MIR3685	miRNA	23	13	10	21.0376	5.2171	5.6409
ENSG00000265918.2	RN7SL543P	misc_RNA	0	0	0	0.0000	0.0000	0.0000
ENSG00000265919.1	MIR4280	miRNA	0	0	0	0.0000	0.0000	0.0000
ENSG00000265924.1	MIR5692C1	miRNA	0	0	0	0.0000	0.0000	0.0000
ENSG00000265927.1	AC125421.2	lncRNA	0	0	0	0.0000	0.0000	0.0000
ENSG00000265929.1	MIR5195	miRNA	2	0	2	0.9863	0.2446	0.2644
ENSG00000265932.1	MIR3146	miRNA	0	0	0	0.0000	0.0000	0.0000
ENSG00000265933.5	LINC00668	lncRNA	0	0	0	0.0000	0.0000	0.0000
ENSG00000265934.1	ARL2BPP1	processed_pseudogene	0	0	0	0.0000	0.0000	0.0000
ENSG00000265935.1	AC032019.2	lncRNA	0	0	0	0.0000	0.0000	0.0000
ENSG00000265936.1	AC091042.1	processed_pseudogene	1	1	0	0.3278	0.0813	0.0879
ENSG00000265939.1	UBE2CP2	processed_pseudogene	5	1	4	0.5560	0.1379	0.1491
ENSG00000265942.2	RN7SL577P	misc_RNA	0	0	0	0.0000	0.0000	0.0000
ENSG00000265943.1	AC090912.1	lncRNA	27	11	19	2.6863	0.6662	0.7203
ENSG00000265944.1	LINC01387	lncRNA	0	0	0	0.0000	0.0000	0.0000
ENSG00000265946.1	AC090312.2	processed_pseudogene	0	0	0	0.0000	0.0000	0.0000
ENSG00000265948.1	AC015878.2	lncRNA	0	0	0	0.0000	0.0000	0.0000
ENSG00000265954.1	MIR4749	miRNA	0	0	0	0.0000	0.0000	0.0000
ENSG00000265956.1	MIR4445	miRNA	0	0	0	0.0000	0.0000	0.0000
ENSG00000265957.1	MIR4319	miRNA	0	0	0	0.0000	0.0000	0.0000
ENSG00000265961.1	Y_RNA	misc_RNA	0	0	0	0.0000	0.0000	0.0000
ENSG00000265962.1	GACAT2	lncRNA	4	4	2	0.2773	0.0688	0.0744
ENSG00000265964.1	AC217774.2	lncRNA	1	0	1	0.1013	0.0251	0.0272
ENSG00000265965.1	MIR4266	miRNA	0	0	0	0.0000	0.0000	0.0000
ENSG00000265967.1	AC100830.3	lncRNA	0	12	14	0.0000	0.0000	0.0000
ENSG00000265971.1	AC005828.5	lncRNA	2	0	2	0.3195	0.0792	0.0857
ENSG00000265972.6	TXNIP	protein_coding	35611	17840	17772	560.3493	138.9610	150.2483
ENSG00000265973.1	AP006587.5	unprocessed_pseudogene	0	0	0	0.0000	0.0000	0.0000
ENSG00000265975.1	AC002091.1	lncRNA	25	9	16	2.5453	0.6312	0.6825
ENSG00000265976.1	MIR4725	miRNA	0	0	0	0.0000	0.0000	0.0000
ENSG00000265980.1	AC074237.1	lncRNA	0	0	0	0.0000	0.0000	0.0000
ENSG00000265981.1	MIR544B	miRNA	0	0	0	0.0000	0.0000	0.0000
ENSG00000265982.1	AC103810.3	unprocessed_pseudogene	0	0	0	0.0000	0.0000	0.0000
ENSG00000265984.1	AC022809.1	lncRNA	4	2	2	0.5300	0.1314	0.1421
ENSG00000265986.1	MIR4735	miRNA	0	0	0	0.0000	0.0000	0.0000
ENSG00000265987.1	AC011933.4	lncRNA	1	0	1	0.1407	0.0349	0.0377
ENSG00000265991.1	MIR4519	miRNA	0	0	0	0.0000	0.0000	0.0000
ENSG00000265992.1	ESRG	lncRNA	1	0	1	0.0181	0.0045	0.0048
ENSG00000265993.1	MIR5694	miRNA	0	0	0	0.0000	0.0000	0.0000
ENSG00000265994.2	AC090365.1	lncRNA	0	0	0	0.0000	0.0000	0.0000
ENSG00000265995.1	AC069114.1	lncRNA	0	0	0	0.0000	0.0000	0.0000
ENSG00000265996.1	MIR3671	miRNA	10	8	2	6.4443	1.5981	1.7279
ENSG00000266002.1	AC091059.1	lncRNA	0	70	88	0.0000	0.0000	0.0000
ENSG00000266003.1	AC109315.1	processed_pseudogene	0	0	0	0.0000	0.0000	0.0000
ENSG00000266006.1	MIR4488	miRNA	0	0	0	0.0000	0.0000	0.0000
ENSG00000266009.1	AC087393.3	transcribed_processed_pseudogene	0	0	0	0.0000	0.0000	0.0000
ENSG00000266010.2	GATA6-AS1	lncRNA	9	6	6	0.1609	0.0399	0.0431
ENSG00000266012.1	MIR4764	miRNA	1	0	1	0.6444	0.1598	0.1728
ENSG00000266013.1	LINC02079	lncRNA	0	0	0	0.0000	0.0000	0.0000
ENSG00000266014.2	AC103808.4	lncRNA	0	0	0	0.0000	0.0000	0.0000
ENSG00000266015.1	MIR4309	miRNA	0	0	0	0.0000	0.0000	0.0000
ENSG00000266016.3	MIR548Z	miRNA	0	2	0	0.0000	0.0000	0.0000
ENSG00000266017.1	MIR4477B	miRNA	13	6	7	9.1016	2.2571	2.4404
ENSG00000266019.1	MIR3609	miRNA	0	0	0	0.0000	0.0000	0.0000
ENSG00000266028.7	SRGAP2	protein_coding	3077	1549	1536	11.1322	2.7607	2.9849
ENSG00000266036.1	AC016888.1	lncRNA	1	275	189	0.1004	0.0249	0.0269
ENSG00000266038.1	MIR4659A	miRNA	0	0	1	0.0000	0.0000	0.0000
ENSG00000266039.1	MIR4509-2	miRNA	0	0	0	0.0000	0.0000	0.0000
ENSG00000266041.1	MIR4690	miRNA	0	0	0	0.0000	0.0000	0.0000
ENSG00000266042.1	AC015818.6	processed_pseudogene	0	0	0	0.0000	0.0000	0.0000
ENSG00000266043.1	MIR3649	miRNA	0	0	0	0.0000	0.0000	0.0000
ENSG00000266048.1	AC091178.1	processed_pseudogene	0	0	0	0.0000	0.0000	0.0000
ENSG00000266049.1	AP001011.1	lncRNA	1	20	23	0.0541	0.0134	0.0145
ENSG00000266050.3	AC233702.6	transcribed_processed_pseudogene	0	0	0	0.0000	0.0000	0.0000
ENSG00000266052.1	MIR4500	miRNA	0	0	0	0.0000	0.0000	0.0000
ENSG00000266053.2	NDUFV2-AS1	lncRNA	87	54	42	3.4454	0.8544	0.9238
ENSG00000266059.2	RN7SL140P	misc_RNA	0	0	0	0.0000	0.0000	0.0000
ENSG00000266063.1	MIR4771-2	miRNA	1	1	0	0.7664	0.1900	0.2055
ENSG00000266065.1	AP005202.2	lncRNA	0	0	0	0.0000	0.0000	0.0000
ENSG00000266066.1	POLRMTP1	processed_pseudogene	1	0	1	0.0155	0.0038	0.0041
ENSG00000266071.1	MIR3617	miRNA	0	0	0	0.0000	0.0000	0.0000
ENSG00000266072.1	MIR5693	miRNA	0	0	0	0.0000	0.0000	0.0000
ENSG00000266074.10	BAHCC1	protein_coding	646	347	338	2.7155	0.6734	0.7281
ENSG00000266075.2	RN7SL574P	misc_RNA	8	3	7	1.5275	0.3788	0.4096
ENSG00000266076.1	AC004805.1	protein_coding	1	1	0	0.0351	0.0087	0.0094
ENSG00000266078.1	MIR4432	miRNA	0	0	0	0.0000	0.0000	0.0000
ENSG00000266079.5	SNORA59B	snoRNA	0	0	0	0.0000	0.0000	0.0000
ENSG00000266086.3	AC015813.2	protein_coding	0	0	0	0.0000	0.0000	0.0000
ENSG00000266088.6	AC004585.1	lncRNA	32	19	13	1.3624	0.3379	0.3653
ENSG00000266094.8	RASSF5	protein_coding	950	493	458	7.7239	1.9155	2.0710
ENSG00000266097.1	MIR5192	miRNA	0	0	0	0.0000	0.0000	0.0000
ENSG00000266099.1	MIR5700	miRNA	0	0	0	0.0000	0.0000	0.0000
ENSG00000266100.1	AC007431.2	lncRNA	1	0	1	0.1007	0.0250	0.0270
ENSG00000266101.1	AC004408.1	lncRNA	0	36	48	0.0000	0.0000	0.0000
ENSG00000266102.1	AP006219.1	lncRNA	1	1	0	0.1201	0.0298	0.0322
ENSG00000266104.1	MIR4326	miRNA	0	0	0	0.0000	0.0000	0.0000
ENSG00000266105.1	AC009831.2	processed_pseudogene	0	0	0	0.0000	0.0000	0.0000
ENSG00000266106.1	AC103809.1	lncRNA	3	1	2	0.2613	0.0648	0.0701
ENSG00000266107.1	MIR4525	miRNA	0	0	0	0.0000	0.0000	0.0000
ENSG00000266109.1	MIR4440	miRNA	0	0	0	0.0000	0.0000	0.0000
ENSG00000266110.1	MIR4423	miRNA	0	0	0	0.0000	0.0000	0.0000
ENSG00000266111.2	AC068025.2	lncRNA	7	2	5	0.9474	0.2350	0.2540
ENSG00000266114.1	AC015908.4	lncRNA	0	0	0	0.0000	0.0000	0.0000
ENSG00000266117.1	FBXO36P1	processed_pseudogene	0	0	0	0.0000	0.0000	0.0000
ENSG00000266120.1	AC104984.4	lncRNA	6	4	3	1.5190	0.3767	0.4073
ENSG00000266124.1	MIR5587	miRNA	1	1	0	1.0700	0.2653	0.2869
ENSG00000266126.1	AC005730.3	lncRNA	1	1	0	0.1549	0.0384	0.0415
ENSG00000266127.1	ZNF415P1	processed_pseudogene	1	0	1	0.0486	0.0121	0.0130
ENSG00000266128.2	RN7SL366P	misc_RNA	0	0	0	0.0000	0.0000	0.0000
ENSG00000266129.1	SRP68P1	processed_pseudogene	0	10	6	0.0000	0.0000	0.0000
ENSG00000266133.1	MIR4759	miRNA	0	0	0	0.0000	0.0000	0.0000
ENSG00000266139.2	MIR4435-2	miRNA	0	0	0	0.0000	0.0000	0.0000
ENSG00000266140.1	MIR4533	miRNA	0	0	0	0.0000	0.0000	0.0000
ENSG00000266144.1	MIR4654	miRNA	0	0	0	0.0000	0.0000	0.0000
ENSG00000266145.1	RHOT1P1	processed_pseudogene	0	0	0	0.0000	0.0000	0.0000
ENSG00000266146.1	MIR5190	miRNA	1	1	0	0.7089	0.1758	0.1901
ENSG00000266148.1	MIR5583-1	miRNA	0	0	0	0.0000	0.0000	0.0000
ENSG00000266149.1	AP001094.3	lncRNA	0	0	0	0.0000	0.0000	0.0000
ENSG00000266150.1	MIR4711	miRNA	0	0	0	0.0000	0.0000	0.0000
ENSG00000266151.1	MIR3646	miRNA	0	0	0	0.0000	0.0000	0.0000
ENSG00000266153.1	AP005380.1	lncRNA	0	0	0	0.0000	0.0000	0.0000
ENSG00000266155.2	AC103810.4	unprocessed_pseudogene	0	0	0	0.0000	0.0000	0.0000
ENSG00000266158.2	RN7SL785P	misc_RNA	0	0	0	0.0000	0.0000	0.0000
ENSG00000266160.2	RN7SL612P	misc_RNA	0	0	0	0.0000	0.0000	0.0000
ENSG00000266162.1	YWHAEP2	processed_pseudogene	0	0	0	0.0000	0.0000	0.0000
ENSG00000266166.2	RN7SL557P	misc_RNA	0	0	0	0.0000	0.0000	0.0000
ENSG00000266168.1	MIR3147	miRNA	0	0	0	0.0000	0.0000	0.0000
ENSG00000266171.1	AP001020.3	lncRNA	1	139	163	0.0331	0.0082	0.0089
ENSG00000266173.7	STRADA	protein_coding	285	142	143	1.4882	0.3691	0.3990
ENSG00000266174.1	MIR4666A	miRNA	1	0	1	0.7178	0.1780	0.1925
ENSG00000266179.2	AC025627.3	processed_pseudogene	0	0	0	0.0000	0.0000	0.0000
ENSG00000266180.1	MIR4282	miRNA	0	0	0	0.0000	0.0000	0.0000
ENSG00000266181.1	EIF4A3P1	processed_pseudogene	0	0	0	0.0000	0.0000	0.0000
ENSG00000266184.1	AC018371.2	processed_pseudogene	0	0	0	0.0000	0.0000	0.0000
ENSG00000266185.2	RN7SL804P	misc_RNA	0	0	0	0.0000	0.0000	0.0000
ENSG00000266187.2	RN7SL480P	misc_RNA	0	0	0	0.0000	0.0000	0.0000
ENSG00000266188.1	AC099677.6	miRNA	0	0	0	0.0000	0.0000	0.0000
ENSG00000266189.1	MIR3186	miRNA	1	0	1	0.6672	0.1655	0.1789
ENSG00000266190.1	AC090287.2	unprocessed_pseudogene	0	0	0	0.0000	0.0000	0.0000
ENSG00000266192.3	MIR1260B	miRNA	0	10	11	0.0000	0.0000	0.0000
ENSG00000266194.1	MIR4661	miRNA	0	0	0	0.0000	0.0000	0.0000
ENSG00000266195.2	RN7SL163P	misc_RNA	1	0	1	0.2055	0.0510	0.0551
ENSG00000266196.1	AC090506.1	lncRNA	0	0	0	0.0000	0.0000	0.0000
ENSG00000266200.6	PNLIPRP2	polymorphic_pseudogene	41	17	24	1.4772	0.3663	0.3961
ENSG00000266201.1	SS18L2P2	processed_pseudogene	0	0	0	0.0000	0.0000	0.0000
ENSG00000266202.1	AC005697.1	protein_coding	0	0	0	0.0000	0.0000	0.0000
ENSG00000266203.1	MIR5585	miRNA	0	0	0	0.0000	0.0000	0.0000
ENSG00000266204.1	MIR5589	miRNA	0	0	0	0.0000	0.0000	0.0000
ENSG00000266206.1	MIR3926-1	miRNA	0	0	0	0.0000	0.0000	0.0000
ENSG00000266208.1	AC080112.1	lncRNA	0	599	604	0.0000	0.0000	0.0000
ENSG00000266210.2	RN7SL371P	misc_RNA	0	0	0	0.0000	0.0000	0.0000
ENSG00000266211.1	MIR3156-3	miRNA	0	0	0	0.0000	0.0000	0.0000
ENSG00000266213.1	AC107892.1	lncRNA	0	0	0	0.0000	0.0000	0.0000
ENSG00000266215.1	MIR3167	miRNA	0	0	0	0.0000	0.0000	0.0000
ENSG00000266217.2	CTSLP2	unprocessed_pseudogene	5	3	2	0.7197	0.1785	0.1930
ENSG00000266222.1	AC036222.2	lncRNA	0	0	0	0.0000	0.0000	0.0000
ENSG00000266226.1	MIR4323	miRNA	0	0	0	0.0000	0.0000	0.0000
ENSG00000266227.1	NPM1P2	processed_pseudogene	0	0	0	0.0000	0.0000	0.0000
ENSG00000266228.1	MIR3611	miRNA	0	0	0	0.0000	0.0000	0.0000
ENSG00000266232.1	MIR3178	miRNA	0	0	0	0.0000	0.0000	0.0000
ENSG00000266235.1	MIR3176	miRNA	2	0	2	1.2602	0.3125	0.3379
ENSG00000266236.1	NARF-IT1	lncRNA	23	10	13	1.6961	0.4206	0.4548
ENSG00000266237.1	AC121320.1	lncRNA	0	0	0	0.0000	0.0000	0.0000
ENSG00000266240.1	MIR5091	miRNA	2	0	2	1.2196	0.3024	0.3270
ENSG00000266242.1	GRAMD4P7	processed_pseudogene	0	0	0	0.0000	0.0000	0.0000
ENSG00000266243.1	MIR4279	miRNA	0	0	0	0.0000	0.0000	0.0000
ENSG00000266245.1	MIR4644	miRNA	1	1	0	0.6751	0.1674	0.1810
ENSG00000266248.1	AC011474.2	lncRNA	0	0	0	0.0000	0.0000	0.0000
ENSG00000266251.1	COX6CP3	processed_pseudogene	0	0	0	0.0000	0.0000	0.0000
ENSG00000266255.1	MIR4475	miRNA	0	0	0	0.0000	0.0000	0.0000
ENSG00000266256.3	LINC00683	lncRNA	165	94	73	0.6254	0.1551	0.1677
ENSG00000266258.1	LINC01909	lncRNA	5	9	4	0.2726	0.0676	0.0731
ENSG00000266261.1	AC005324.4	lncRNA	2	50	52	0.1986	0.0493	0.0533
ENSG00000266262.1	MIR4428	miRNA	0	0	0	0.0000	0.0000	0.0000
ENSG00000266265.4	KLF14	protein_coding	7	2	5	0.1131	0.0280	0.0303
ENSG00000266268.5	AP005203.1	lncRNA	0	0	0	0.0000	0.0000	0.0000
ENSG00000266270.1	AC098818.3	miRNA	0	0	0	0.0000	0.0000	0.0000
ENSG00000266273.1	AC044873.1	lncRNA	0	0	0	0.0000	0.0000	0.0000
ENSG00000266274.2	RN7SL138P	misc_RNA	38	25	13	7.5086	1.8621	2.0133
ENSG00000266276.3	MIR4743	miRNA	0	0	0	0.0000	0.0000	0.0000
ENSG00000266278.1	LINC01910	lncRNA	3	3	0	0.0645	0.0160	0.0173
ENSG00000266279.1	AC135178.5	lncRNA	0	0	0	0.0000	0.0000	0.0000
ENSG00000266282.1	UBL5P2	processed_pseudogene	1	0	1	0.2589	0.0642	0.0694
ENSG00000266283.1	AC091588.3	lncRNA	0	51	59	0.0000	0.0000	0.0000
ENSG00000266287.1	MIR3683	miRNA	0	0	0	0.0000	0.0000	0.0000
ENSG00000266288.1	AP005671.1	lncRNA	0	0	0	0.0000	0.0000	0.0000
ENSG00000266289.1	AC012213.3	lncRNA	32	13	20	2.3355	0.5792	0.6262
ENSG00000266290.1	AC015813.3	lncRNA	0	0	0	0.0000	0.0000	0.0000
ENSG00000266291.1	MIR3180-3	miRNA	0	0	0	0.0000	0.0000	0.0000
ENSG00000266296.1	ARIH2P1	processed_pseudogene	0	0	0	0.0000	0.0000	0.0000
ENSG00000266297.1	MIR744	miRNA	1	0	1	0.5787	0.1435	0.1552
ENSG00000266299.1	MIR3118-1	miRNA	0	0	0	0.0000	0.0000	0.0000
ENSG00000266302.6	AC098850.3	protein_coding	11	3	8	0.0709	0.0176	0.0190
ENSG00000266304.1	LIVAR	lncRNA	3	3	8	0.4430	0.1099	0.1188
ENSG00000266305.1	MIR4518	miRNA	0	0	0	0.0000	0.0000	0.0000
ENSG00000266306.1	AC061975.5	unprocessed_pseudogene	0	0	0	0.0000	0.0000	0.0000
ENSG00000266307.1	MIR5093	miRNA	1	0	1	0.5671	0.1406	0.1521
ENSG00000266308.2	RN7SL510P	misc_RNA	0	0	0	0.0000	0.0000	0.0000
ENSG00000266311.6	AC007952.8	lncRNA	0	0	0	0.0000	0.0000	0.0000
ENSG00000266312.2	LINC01927	lncRNA	0	2	0	0.0000	0.0000	0.0000
ENSG00000266313.2	AC026254.2	lncRNA	28	19	19	1.6121	0.3998	0.4322
ENSG00000266315.1	MIR4668	miRNA	13	4	9	10.5319	2.6118	2.8239
ENSG00000266317.2	RN7SL703P	misc_RNA	0	0	0	0.0000	0.0000	0.0000
ENSG00000266318.1	MIR5692A1	miRNA	0	0	0	0.0000	0.0000	0.0000
ENSG00000266320.1	MIR3909	miRNA	0	0	1	0.0000	0.0000	0.0000
ENSG00000266321.1	MIR4293	miRNA	0	0	0	0.0000	0.0000	0.0000
ENSG00000266324.1	MIR4663	miRNA	0	0	0	0.0000	0.0000	0.0000
ENSG00000266325.1	MIR3665	miRNA	0	0	0	0.0000	0.0000	0.0000
ENSG00000266327.1	MIR4503	miRNA	0	0	0	0.0000	0.0000	0.0000
ENSG00000266328.3	MIR4536-2	miRNA	0	0	0	0.0000	0.0000	0.0000
ENSG00000266329.1	MIR4281	miRNA	0	0	0	0.0000	0.0000	0.0000
ENSG00000266335.1	AC016383.1	lncRNA	0	0	0	0.0000	0.0000	0.0000
ENSG00000266338.6	NBPF15	protein_coding	867	440	456	9.2664	2.2980	2.4846
ENSG00000266340.1	AC138207.7	lncRNA	6	4	2	0.5094	0.1263	0.1366
ENSG00000266341.1	AC004477.1	lncRNA	0	1744	1757	0.0000	0.0000	0.0000
ENSG00000266354.1	MIR4776-1	miRNA	0	0	0	0.0000	0.0000	0.0000
ENSG00000266356.1	AC090615.1	unprocessed_pseudogene	0	0	0	0.0000	0.0000	0.0000
ENSG00000266357.6	LINC02074	lncRNA	0	0	0	0.0000	0.0000	0.0000
ENSG00000266364.1	AC087499.7	transcribed_processed_pseudogene	0	0	0	0.0000	0.0000	0.0000
ENSG00000266365.1	AC053481.3	unprocessed_pseudogene	1	0	1	0.0673	0.0167	0.0180
ENSG00000266368.1	AC005410.2	lncRNA	5	1	4	0.6124	0.1519	0.1642
ENSG00000266369.1	AC090774.2	lncRNA	0	0	0	0.0000	0.0000	0.0000
ENSG00000266370.1	MIR3657	miRNA	4	3	1	1.9388	0.4808	0.5199
ENSG00000266371.1	AC079915.1	lncRNA	0	0	0	0.0000	0.0000	0.0000
ENSG00000266373.1	AP002472.1	processed_pseudogene	1	1	0	0.0968	0.0240	0.0259
ENSG00000266378.1	AC005224.2	lncRNA	9	5	4	0.2385	0.0591	0.0639
ENSG00000266379.6	AC090616.5	transcribed_unprocessed_pseudogene	0	0	0	0.0000	0.0000	0.0000
ENSG00000266383.1	MIR5002	miRNA	0	0	0	0.0000	0.0000	0.0000
ENSG00000266385.1	AC005899.5	lncRNA	4	2	2	0.4109	0.1019	0.1102
ENSG00000266389.1	AC002091.2	lncRNA	14	11	3	1.9750	0.4898	0.5296
ENSG00000266392.1	MIR4740	miRNA	0	0	0	0.0000	0.0000	0.0000
ENSG00000266396.1	MIR4273	miRNA	0	4	3	0.0000	0.0000	0.0000
ENSG00000266397.1	AP000919.2	lncRNA	0	0	0	0.0000	0.0000	0.0000
ENSG00000266401.2	AP002478.1	lncRNA	0	0	0	0.0000	0.0000	0.0000
ENSG00000266402.3	SNHG25	lncRNA	18	11	7	3.6719	0.9106	0.9846
ENSG00000266405.3	CBX3P2	transcribed_processed_pseudogene	32	16	16	1.2699	0.3149	0.3405
ENSG00000266407.1	MIR3157	miRNA	0	0	0	0.0000	0.0000	0.0000
ENSG00000266412.5	NCOA4	protein_coding	20769	10442	10329	288.7496	71.6070	77.4234
ENSG00000266415.1	MIR4636	miRNA	0	0	0	0.0000	0.0000	0.0000
ENSG00000266416.1	AC130289.2	processed_pseudogene	0	0	0	0.0000	0.0000	0.0000
ENSG00000266417.1	MIR4424	miRNA	0	0	0	0.0000	0.0000	0.0000
ENSG00000266420.2	RN7SL118P	misc_RNA	4	3	1	0.7511	0.1863	0.2014
ENSG00000266421.3	MIR4451	miRNA	0	0	0	0.0000	0.0000	0.0000
ENSG00000266423.1	MIR3163	miRNA	1	0	1	0.7768	0.1927	0.2083
ENSG00000266426.1	MIR4719	miRNA	0	0	0	0.0000	0.0000	0.0000
ENSG00000266431.1	MIR5580	miRNA	0	0	0	0.0000	0.0000	0.0000
ENSG00000266433.6	TBC1D3P5	transcribed_unprocessed_pseudogene	1	0	1	0.0122	0.0030	0.0033
ENSG00000266436.1	MIR4264	miRNA	0	0	0	0.0000	0.0000	0.0000
ENSG00000266437.1	MIR4746	miRNA	0	1	3	0.0000	0.0000	0.0000
ENSG00000266439.2	RN7SL493P	misc_RNA	0	0	0	0.0000	0.0000	0.0000
ENSG00000266441.1	AP005205.2	lncRNA	0	2	1	0.0000	0.0000	0.0000
ENSG00000266445.1	NARF-AS1	lncRNA	1	0	1	0.0677	0.0168	0.0181
ENSG00000266446.1	AL449423.1	lncRNA	0	0	0	0.0000	0.0000	0.0000
ENSG00000266448.1	AC007923.2	processed_pseudogene	0	0	0	0.0000	0.0000	0.0000
ENSG00000266449.1	MIR3713	miRNA	0	0	0	0.0000	0.0000	0.0000
ENSG00000266450.1	AC019183.1	lncRNA	0	0	0	0.0000	0.0000	0.0000
ENSG00000266454.1	MIR3179-3	miRNA	0	0	0	0.0000	0.0000	0.0000
ENSG00000266456.1	AP001178.3	lncRNA	17	11	6	0.4578	0.1135	0.1227
ENSG00000266458.1	MIR4259	miRNA	0	0	0	0.0000	0.0000	0.0000
ENSG00000266460.1	AC021506.1	lncRNA	0	0	0	0.0000	0.0000	0.0000
ENSG00000266461.1	MIR2392	miRNA	0	0	0	0.0000	0.0000	0.0000
ENSG00000266463.1	MIR3196	miRNA	0	0	0	0.0000	0.0000	0.0000
ENSG00000266466.1	AC233702.7	lncRNA	1	14	11	0.0588	0.0146	0.0158
ENSG00000266467.2	RN7SL220P	misc_RNA	1	1	0	0.1890	0.0469	0.0507
ENSG00000266469.2	AC005288.1	lncRNA	4	827	771	0.2154	0.0534	0.0578
ENSG00000266470.1	AP001180.5	unprocessed_pseudogene	0	0	0	0.0000	0.0000	0.0000
ENSG00000266472.6	MRPS21	protein_coding	2300	1177	1123	86.9553	21.5640	23.3156
ENSG00000266473.1	AC007448.4	lncRNA	3	16	9	0.2469	0.0612	0.0662
ENSG00000266477.2	RN7SL616P	misc_RNA	0	0	0	0.0000	0.0000	0.0000
ENSG00000266478.1	MIR5197	miRNA	0	0	0	0.0000	0.0000	0.0000
ENSG00000266479.1	AC105245.1	processed_pseudogene	0	0	0	0.0000	0.0000	0.0000
ENSG00000266489.3	AC007922.3	lncRNA	0	0	0	0.0000	0.0000	0.0000
ENSG00000266490.1	AC127024.5	lncRNA	16	154	152	1.9640	0.4870	0.5266
ENSG00000266494.1	MIR4641	miRNA	0	0	0	0.0000	0.0000	0.0000
ENSG00000266495.1	AC011731.1	lncRNA	6	236	247	0.8747	0.2169	0.2345
ENSG00000266497.1	RDM1P2	unprocessed_pseudogene	0	0	1	0.0000	0.0000	0.0000
ENSG00000266498.1	AC055811.3	lncRNA	1	1	0	0.0827	0.0205	0.0222
ENSG00000266501.1	ATG12P1	processed_pseudogene	1	0	1	0.1353	0.0336	0.0363
ENSG00000266502.1	MIR5681A	miRNA	0	0	0	0.0000	0.0000	0.0000
ENSG00000266503.2	RN7SL162P	misc_RNA	0	0	0	0.0000	0.0000	0.0000
ENSG00000266504.1	RDM1P1	transcribed_unprocessed_pseudogene	0	0	0	0.0000	0.0000	0.0000
ENSG00000266505.1	AL354674.1	lncRNA	0	0	0	0.0000	0.0000	0.0000
ENSG00000266507.1	MIR4479	miRNA	0	0	0	0.0000	0.0000	0.0000
ENSG00000266508.1	MIR3201	miRNA	0	0	0	0.0000	0.0000	0.0000
ENSG00000266509.1	MIR3934	miRNA	0	6	10	0.0000	0.0000	0.0000
ENSG00000266513.1	AP002478.2	lncRNA	0	0	0	0.0000	0.0000	0.0000
ENSG00000266514.1	MIR3689F	miRNA	0	0	0	0.0000	0.0000	0.0000
ENSG00000266515.1	MIR4452	miRNA	0	0	0	0.0000	0.0000	0.0000
ENSG00000266517.1	MIR4715	miRNA	0	0	0	0.0000	0.0000	0.0000
ENSG00000266518.1	MIR4268	miRNA	0	0	0	0.0000	0.0000	0.0000
ENSG00000266520.1	RAC1P1	processed_pseudogene	0	0	0	0.0000	0.0000	0.0000
ENSG00000266521.1	AC021549.1	lncRNA	4	2	2	0.5239	0.1299	0.1405
ENSG00000266522.1	AP005242.2	unprocessed_pseudogene	0	0	0	0.0000	0.0000	0.0000
ENSG00000266524.3	GDF10	protein_coding	11	3	8	0.2330	0.0578	0.0625
ENSG00000266525.1	MIR4650-1	miRNA	0	0	0	0.0000	0.0000	0.0000
ENSG00000266527.1	AC005697.2	lncRNA	3	316	303	0.0751	0.0186	0.0201
ENSG00000266529.1	MTCYBP13	unprocessed_pseudogene	0	0	0	0.0000	0.0000	0.0000
ENSG00000266530.1	MIR4318	miRNA	0	0	0	0.0000	0.0000	0.0000
ENSG00000266531.1	MIR4706	miRNA	1	1	0	0.6916	0.1715	0.1854
ENSG00000266533.1	MIR3619	miRNA	4	3	1	2.7330	0.6778	0.7328
ENSG00000266535.1	AC008133.1	lncRNA	0	0	0	0.0000	0.0000	0.0000
ENSG00000266537.1	SPDYE22P	unprocessed_pseudogene	0	0	0	0.0000	0.0000	0.0000
ENSG00000266538.1	AC005838.2	lncRNA	8	2	6	1.4312	0.3549	0.3837
ENSG00000266541.1	AP001381.1	lncRNA	2	1	1	0.2124	0.0527	0.0570
ENSG00000266545.1	MIR5701-1	miRNA	0	0	0	0.0000	0.0000	0.0000
ENSG00000266549.1	ATP6V1E1P2	processed_pseudogene	0	0	0	0.0000	0.0000	0.0000
ENSG00000266553.2	RN7SL356P	misc_RNA	4	1	3	0.9147	0.2268	0.2453
ENSG00000266554.2	LINC01443	lncRNA	1	0	1	0.0200	0.0049	0.0054
ENSG00000266555.1	MIR3145	miRNA	0	0	0	0.0000	0.0000	0.0000
ENSG00000266559.1	MIR4530	miRNA	1	1	0	1.0127	0.2511	0.2715
ENSG00000266560.5	MAGEA10-MAGEA5	lncRNA	0	0	0	0.0000	0.0000	0.0000
ENSG00000266561.2	AC011195.1	processed_pseudogene	0	0	0	0.0000	0.0000	0.0000
ENSG00000266563.1	EIF1P5	unprocessed_pseudogene	0	0	0	0.0000	0.0000	0.0000
ENSG00000266564.1	MIR4418	miRNA	0	0	0	0.0000	0.0000	0.0000
ENSG00000266569.2	RN7SL377P	misc_RNA	0	0	0	0.0000	0.0000	0.0000
ENSG00000266570.1	MIR5579	miRNA	0	0	0	0.0000	0.0000	0.0000
ENSG00000266573.6	AC018697.1	lncRNA	1	0	1	0.0068	0.0017	0.0018
ENSG00000266575.1	BOLA2P1	processed_pseudogene	0	0	0	0.0000	0.0000	0.0000
ENSG00000266578.2	AP001025.1	lncRNA	1	1	0	0.0481	0.0119	0.0129
ENSG00000266579.1	FO680682.1	lncRNA	0	0	0	0.0000	0.0000	0.0000
ENSG00000266580.1	MIR4254	miRNA	1	1	0	0.7462	0.1850	0.2001
ENSG00000266581.1	MIR3166	miRNA	0	0	0	0.0000	0.0000	0.0000
ENSG00000266582.1	MIR4527	miRNA	0	0	0	0.0000	0.0000	0.0000
ENSG00000266583.1	MIR4478	miRNA	0	0	0	0.0000	0.0000	0.0000
ENSG00000266586.1	AC091027.2	lncRNA	0	0	0	0.0000	0.0000	0.0000
ENSG00000266588.1	AC006441.4	lncRNA	0	0	0	0.0000	0.0000	0.0000
ENSG00000266589.1	MIR4512	miRNA	0	0	0	0.0000	0.0000	0.0000
ENSG00000266593.1	MIR4713	miRNA	0	0	0	0.0000	0.0000	0.0000
ENSG00000266594.1	MIR4766	miRNA	1	1	0	0.7462	0.1850	0.2001
ENSG00000266598.1	AC037487.2	lncRNA	1	1	0	0.1056	0.0262	0.0283
ENSG00000266599.1	AC079336.4	lncRNA	0	0	0	0.0000	0.0000	0.0000
ENSG00000266601.1	AC018521.6	lncRNA	24	14	15	4.0628	1.0075	1.0894
ENSG00000266602.2	AP005262.1	lncRNA	2	2	0	0.0124	0.0031	0.0033
ENSG00000266604.1	LINC01887	lncRNA	2	1	1	0.1319	0.0327	0.0354
ENSG00000266605.1	LONRF2P1	processed_pseudogene	0	0	0	0.0000	0.0000	0.0000
ENSG00000266610.2	RN7SL176P	misc_RNA	0	0	0	0.0000	0.0000	0.0000
ENSG00000266611.1	MIR4703	miRNA	0	0	0	0.0000	0.0000	0.0000
ENSG00000266613.1	COP1P1	processed_pseudogene	1	1	0	0.0261	0.0065	0.0070
ENSG00000266614.1	AC103808.5	lncRNA	0	0	0	0.0000	0.0000	0.0000
ENSG00000266617.1	MIR3692	miRNA	0	0	0	0.0000	0.0000	0.0000
ENSG00000266618.1	MIR4742	miRNA	1	0	1	0.6672	0.1655	0.1789
ENSG00000266619.1	MIR4642	miRNA	1	0	1	0.6916	0.1715	0.1854
ENSG00000266627.2	RN7SL202P	misc_RNA	0	0	0	0.0000	0.0000	0.0000
ENSG00000266634.1	MIR3972	miRNA	0	0	0	0.0000	0.0000	0.0000
ENSG00000266640.1	MIR4754	miRNA	0	1	0	0.0000	0.0000	0.0000
ENSG00000266642.2	AC024267.6	lncRNA	0	1140	1055	0.0000	0.0000	0.0000
ENSG00000266643.1	MIR3677	miRNA	1	0	1	0.9452	0.2344	0.2534
ENSG00000266644.1	AC103810.5	lncRNA	3	2	1	0.3038	0.0753	0.0815
ENSG00000266645.1	MIR4299	miRNA	0	0	0	0.0000	0.0000	0.0000
ENSG00000266647.1	AC053481.4	unprocessed_pseudogene	0	0	0	0.0000	0.0000	0.0000
ENSG00000266648.1	SETP3	processed_pseudogene	2	2	0	0.1395	0.0346	0.0374
ENSG00000266649.1	MIR3126	miRNA	3	2	1	2.2991	0.5701	0.6165
ENSG00000266651.1	AC093484.4	lncRNA	12	3	9	2.2386	0.5551	0.6002
ENSG00000266654.1	AC129510.2	lncRNA	1	1	0	0.1644	0.0408	0.0441
ENSG00000266655.1	MIR3908	miRNA	0	0	0	0.0000	0.0000	0.0000
ENSG00000266663.1	MIR3169	miRNA	0	0	0	0.0000	0.0000	0.0000
ENSG00000266664.1	AC007952.9	lncRNA	0	0	0	0.0000	0.0000	0.0000
ENSG00000266665.1	MIR4739	miRNA	0	0	0	0.0000	0.0000	0.0000
ENSG00000266666.1	MIR4325	miRNA	0	0	0	0.0000	0.0000	0.0000
ENSG00000266667.1	AC005703.3	lncRNA	2	1	1	0.2108	0.0523	0.0565
ENSG00000266668.1	MIR5692C2	miRNA	0	0	0	0.0000	0.0000	0.0000
ENSG00000266673.1	AC233702.8	processed_pseudogene	0	0	0	0.0000	0.0000	0.0000
ENSG00000266676.1	MIR4297	miRNA	1	1	0	0.7462	0.1850	0.2001
ENSG00000266677.1	AC087164.1	lncRNA	7	236	208	0.1742	0.0432	0.0467
ENSG00000266680.1	AL135905.1	lncRNA	47	31	33	1.8984	0.4708	0.5090
ENSG00000266690.1	MIR4274	miRNA	0	0	0	0.0000	0.0000	0.0000
ENSG00000266691.1	AC138761.2	processed_pseudogene	0	0	0	0.0000	0.0000	0.0000
ENSG00000266692.1	AP001065.2	snoRNA	0	0	0	0.0000	0.0000	0.0000
ENSG00000266693.1	OR4K8P	unprocessed_pseudogene	0	0	0	0.0000	0.0000	0.0000
ENSG00000266696.1	AC044840.1	lncRNA	1	1	0	0.1201	0.0298	0.0322
ENSG00000266698.1	MIR3945	miRNA	0	0	0	0.0000	0.0000	0.0000
ENSG00000266703.1	MIR4490	miRNA	0	0	0	0.0000	0.0000	0.0000
ENSG00000266704.1	MIR4498	miRNA	0	0	0	0.0000	0.0000	0.0000
ENSG00000266705.1	MIR4437	miRNA	0	0	0	0.0000	0.0000	0.0000
ENSG00000266707.1	PSMD7P1	processed_pseudogene	0	0	0	0.0000	0.0000	0.0000
ENSG00000266708.1	AP001793.1	lncRNA	6	340	359	0.4362	0.1082	0.1170
ENSG00000266709.1	AC005224.3	lncRNA	63	30	33	2.1627	0.5363	0.5799
ENSG00000266710.2	RN7SL48P	misc_RNA	1	1	0	0.1935	0.0480	0.0519
ENSG00000266711.1	AC021534.1	lncRNA	0	0	0	0.0000	0.0000	0.0000
ENSG00000266712.3	MIR3149	miRNA	12	5	7	8.1990	2.0333	2.1984
ENSG00000266714.9	MYO15B	protein_coding	1817	906	914	7.8604	1.9493	2.1076
ENSG00000266717.1	AC134407.1	lncRNA	5	4	2	0.3999	0.0992	0.1072
ENSG00000266718.2	AC079336.5	lncRNA	30	15	15	0.4190	0.1039	0.1124
ENSG00000266719.1	MIR4676	miRNA	0	0	0	0.0000	0.0000	0.0000
ENSG00000266720.2	RN7SL14P	misc_RNA	0	0	0	0.0000	0.0000	0.0000
ENSG00000266721.1	MIR5695	miRNA	1	0	1	0.6672	0.1655	0.1789
ENSG00000266728.5	AC015688.4	protein_coding	0	0	0	0.0000	0.0000	0.0000
ENSG00000266729.5	DSG1-AS1	lncRNA	0	0	1	0.0000	0.0000	0.0000
ENSG00000266733.7	TBC1D29P	transcribed_unprocessed_pseudogene	10	4	6	0.1277	0.0317	0.0342
ENSG00000266736.1	GTF2IP6	unprocessed_pseudogene	0	0	0	0.0000	0.0000	0.0000
ENSG00000266738.1	MIR4757	miRNA	0	0	0	0.0000	0.0000	0.0000
ENSG00000266740.1	MIR4708	miRNA	0	0	0	0.0000	0.0000	0.0000
ENSG00000266743.1	AC103808.6	lncRNA	0	0	0	0.0000	0.0000	0.0000
ENSG00000266744.1	AC005304.3	lncRNA	5	1	4	0.5549	0.1376	0.1488
ENSG00000266745.1	MIR3135A	miRNA	0	0	0	0.0000	0.0000	0.0000
ENSG00000266750.1	MIR4645	miRNA	6	1	5	4.4190	1.0959	1.1849
ENSG00000266751.1	MIR3661	miRNA	0	718	688	0.0000	0.0000	0.0000
ENSG00000266754.2	RN7SL524P	misc_RNA	0	0	0	0.0000	0.0000	0.0000
ENSG00000266756.1	MIR5680	miRNA	0	0	0	0.0000	0.0000	0.0000
ENSG00000266758.1	MIR3680-2	miRNA	0	0	0	0.0000	0.0000	0.0000
ENSG00000266760.1	MIR4464	miRNA	0	0	0	0.0000	0.0000	0.0000
ENSG00000266761.1	MIR3194	miRNA	0	0	0	0.0000	0.0000	0.0000
ENSG00000266765.1	AC137735.1	lncRNA	0	0	0	0.0000	0.0000	0.0000
ENSG00000266767.1	AP000897.2	lncRNA	0	0	0	0.0000	0.0000	0.0000
ENSG00000266770.2	RN7SL619P	misc_RNA	1	1	0	0.2198	0.0545	0.0589
ENSG00000266771.1	AC015688.5	processed_pseudogene	0	0	0	0.0000	0.0000	0.0000
ENSG00000266774.1	AC116003.2	lncRNA	0	0	0	0.0000	0.0000	0.0000
ENSG00000266775.1	AC011840.4	lncRNA	0	0	0	0.0000	0.0000	0.0000
ENSG00000266776.1	MIR4646	miRNA	0	0	0	0.0000	0.0000	0.0000
ENSG00000266777.1	SH3GL1P1	transcribed_processed_pseudogene	35	17	18	0.6952	0.1724	0.1864
ENSG00000266780.1	MIR4444-2	miRNA	0	0	0	0.0000	0.0000	0.0000
ENSG00000266782.1	MIR3663	miRNA	0	0	0	0.0000	0.0000	0.0000
ENSG00000266783.1	AP005136.3	lncRNA	11	7	4	0.5947	0.1475	0.1595
ENSG00000266786.1	LGALS9DP	unprocessed_pseudogene	0	0	0	0.0000	0.0000	0.0000
ENSG00000266794.2	RN7SL7P	misc_RNA	0	0	0	0.0000	0.0000	0.0000
ENSG00000266801.1	AC009137.2	lncRNA	4	4	0	0.3539	0.0878	0.0949
ENSG00000266802.1	AL031428.2	miRNA	0	0	0	0.0000	0.0000	0.0000
ENSG00000266803.1	AC127540.1	lncRNA	0	0	0	0.0000	0.0000	0.0000
ENSG00000266805.1	AP005432.1	lncRNA	3	1	2	0.0488	0.0121	0.0131
ENSG00000266806.1	AC087575.1	unprocessed_pseudogene	0	0	0	0.0000	0.0000	0.0000
ENSG00000266807.1	MIR548H5	miRNA	0	0	0	0.0000	0.0000	0.0000
ENSG00000266808.1	MIR548AE1	miRNA	0	0	0	0.0000	0.0000	0.0000
ENSG00000266809.1	PPIAP57	processed_pseudogene	0	0	0	0.0000	0.0000	0.0000
ENSG00000266818.1	AP005901.4	unprocessed_pseudogene	0	0	0	0.0000	0.0000	0.0000
ENSG00000266820.1	KPNA2P3	transcribed_unprocessed_pseudogene	0	0	0	0.0000	0.0000	0.0000
ENSG00000266821.1	AC018521.7	lncRNA	3	1	2	0.0581	0.0144	0.0156
ENSG00000266824.1	AC129492.4	lncRNA	10	6	5	1.2196	0.3024	0.3270
ENSG00000266826.2	IGBP1P2	protein_coding	3	3	0	0.1145	0.0284	0.0307
ENSG00000266827.1	MIR3689E	miRNA	0	0	0	0.0000	0.0000	0.0000
ENSG00000266828.2	RN7SL712P	misc_RNA	0	0	0	0.0000	0.0000	0.0000
ENSG00000266830.1	AC061975.6	lncRNA	8	7	6	0.2921	0.0724	0.0783
ENSG00000266835.6	GAPLINC	lncRNA	143	78	65	7.7160	1.9135	2.0689
ENSG00000266839.3	AC008088.1	lncRNA	0	0	0	0.0000	0.0000	0.0000
ENSG00000266840.1	AC068254.1	lncRNA	0	0	0	0.0000	0.0000	0.0000
ENSG00000266844.1	AC093330.1	lncRNA	0	18	28	0.0000	0.0000	0.0000
ENSG00000266846.2	AP001021.3	lncRNA	3	1	2	0.0762	0.0189	0.0204
ENSG00000266850.1	AC090912.2	lncRNA	6	2	4	0.2769	0.0687	0.0742
ENSG00000266852.2	MIR4482	miRNA	12	6	6	9.7217	2.4109	2.6067
ENSG00000266853.1	ITM2BP1	processed_pseudogene	3	1	2	0.2562	0.0635	0.0687
ENSG00000266855.1	MIR3910-1	miRNA	0	0	0	0.0000	0.0000	0.0000
ENSG00000266858.1	RPSAP67	unprocessed_pseudogene	0	0	0	0.0000	0.0000	0.0000
ENSG00000266863.2	RN7SL123P	misc_RNA	1	1	0	0.1942	0.0482	0.0521
ENSG00000266865.6	AC138207.8	transcribed_unprocessed_pseudogene	101	55	47	2.6678	0.6616	0.7153
ENSG00000266869.2	AC005993.1	lncRNA	1	0	1	0.0244	0.0061	0.0066
ENSG00000266872.1	AC015688.6	lncRNA	0	270	296	0.0000	0.0000	0.0000
ENSG00000266875.2	RN7SL408P	misc_RNA	0	0	0	0.0000	0.0000	0.0000
ENSG00000266876.1	AC104996.2	transcribed_processed_pseudogene	2	1	1	0.1134	0.0281	0.0304
ENSG00000266877.1	AC007923.3	lncRNA	6	4	2	0.5990	0.1486	0.1606
ENSG00000266885.2	AC132825.4	transcribed_processed_pseudogene	2	0	2	0.0311	0.0077	0.0083
ENSG00000266887.1	MIR4535	miRNA	0	0	0	0.0000	0.0000	0.0000
ENSG00000266890.1	MIR4634	miRNA	0	0	0	0.0000	0.0000	0.0000
ENSG00000266891.1	AP000902.1	processed_pseudogene	8	3	5	1.2328	0.3057	0.3306
ENSG00000266893.1	AC005394.1	lncRNA	0	0	0	0.0000	0.0000	0.0000
ENSG00000266896.1	AL354892.3	lncRNA	23	15	8	0.8002	0.1984	0.2146
ENSG00000266897.1	AC005546.1	lncRNA	5	2	3	0.7252	0.1798	0.1944
ENSG00000266899.2	AKR1B1P7	processed_pseudogene	1	1	0	0.0596	0.0148	0.0160
ENSG00000266900.1	AC027514.1	lncRNA	2	1	1	0.0708	0.0175	0.0190
ENSG00000266901.1	AC068473.2	lncRNA	1	0	1	0.1196	0.0297	0.0321
ENSG00000266903.2	AC243964.3	lncRNA	255	137	125	5.9510	1.4758	1.5957
ENSG00000266904.6	LINC00663	lncRNA	146	104	109	1.9104	0.4738	0.5122
ENSG00000266905.1	AC114684.1	lncRNA	2	2	0	0.3222	0.0799	0.0864
ENSG00000266906.1	AC005357.1	processed_pseudogene	0	0	0	0.0000	0.0000	0.0000
ENSG00000266907.1	AC006116.1	processed_pseudogene	4	2	2	0.1045	0.0259	0.0280
ENSG00000266908.2	AL121757.2	lncRNA	1	4	8	0.0183	0.0045	0.0049
ENSG00000266909.1	SLC25A6P4	processed_pseudogene	0	0	0	0.0000	0.0000	0.0000
ENSG00000266910.2	AC008507.1	processed_pseudogene	31	13	18	2.3162	0.5744	0.6211
ENSG00000266913.1	LINC01841	lncRNA	2	1	1	0.1116	0.0277	0.0299
ENSG00000266915.1	MRPS5P4	processed_pseudogene	0	0	0	0.0000	0.0000	0.0000
ENSG00000266916.7	ZNF793-AS1	lncRNA	115	76	70	4.6417	1.1511	1.2446
ENSG00000266918.1	AC091132.3	TEC	1	0	1	0.0251	0.0062	0.0067
ENSG00000266919.3	hsa-mir-423	lncRNA	0	2	2	0.0000	0.0000	0.0000
ENSG00000266920.1	ACTBP9	processed_pseudogene	5	3	2	0.2580	0.0640	0.0692
ENSG00000266921.2	AC006213.1	lncRNA	19	183	179	0.3196	0.0793	0.0857
ENSG00000266922.1	AC008543.3	lncRNA	5	4	1	0.5775	0.1432	0.1548
ENSG00000266923.1	AC063949.2	lncRNA	0	0	0	0.0000	0.0000	0.0000
ENSG00000266924.1	AC021594.1	lncRNA	2	2	0	0.1783	0.0442	0.0478
ENSG00000266925.1	AC015818.7	lncRNA	0	0	0	0.0000	0.0000	0.0000
ENSG00000266928.1	AC020905.1	lncRNA	1	1	0	0.0986	0.0245	0.0264
ENSG00000266929.1	AC067852.1	lncRNA	0	0	0	0.0000	0.0000	0.0000
ENSG00000266931.2	AC092651.1	unprocessed_pseudogene	0	0	0	0.0000	0.0000	0.0000
ENSG00000266932.1	AC006116.2	transcribed_processed_pseudogene	1	1	0	0.0574	0.0142	0.0154
ENSG00000266933.2	AC005775.1	lncRNA	4	41	39	0.2669	0.0662	0.0716
ENSG00000266934.1	AC005746.1	lncRNA	3	3	0	0.1280	0.0317	0.0343
ENSG00000266936.1	AC011442.1	lncRNA	7	2	5	1.0846	0.2690	0.2908
ENSG00000266938.1	AC119403.2	processed_pseudogene	3	0	3	0.2845	0.0706	0.0763
ENSG00000266941.1	AC024592.1	lncRNA	1	28	24	0.1593	0.0395	0.0427
ENSG00000266943.1	RPSAP66	processed_pseudogene	1	1	0	0.0936	0.0232	0.0251
ENSG00000266944.1	AC005262.1	processed_pseudogene	0	0	0	0.0000	0.0000	0.0000
ENSG00000266946.1	MRPL37P1	processed_pseudogene	4	1	3	0.1697	0.0421	0.0455
ENSG00000266947.1	AC022916.1	lncRNA	28	13	15	0.5643	0.1399	0.1513
ENSG00000266950.1	AC008752.1	lncRNA	5	4	1	0.6950	0.1723	0.1863
ENSG00000266951.2	AC093072.1	lncRNA	0	0	0	0.0000	0.0000	0.0000
ENSG00000266952.2	LINC01538	lncRNA	0	0	0	0.0000	0.0000	0.0000
ENSG00000266953.6	AC092073.1	protein_coding	0	0	0	0.0000	0.0000	0.0000
ENSG00000266954.1	AP001010.1	lncRNA	0	274	253	0.0000	0.0000	0.0000
ENSG00000266955.1	AP001269.1	lncRNA	3	2	1	0.3222	0.0799	0.0864
ENSG00000266957.1	AC012254.1	lncRNA	4	11	9	1.1342	0.2813	0.3041
ENSG00000266959.1	AC005786.1	processed_pseudogene	4	1	3	1.4730	0.3653	0.3950
ENSG00000266961.1	AP005482.1	lncRNA	0	0	0	0.0000	0.0000	0.0000
ENSG00000266962.2	AC067852.2	lncRNA	166	621	594	4.0700	1.0093	1.0913
ENSG00000266963.1	AC005625.1	lncRNA	0	1	6	0.0000	0.0000	0.0000
ENSG00000266964.6	FXYD1	protein_coding	1	1	1	0.0297	0.0074	0.0080
ENSG00000266965.1	AC090220.1	lncRNA	0	0	0	0.0000	0.0000	0.0000
ENSG00000266967.7	AARSD1	protein_coding	57	33	24	0.8727	0.2164	0.2340
ENSG00000266968.2	AC023421.1	lncRNA	5	2	3	0.1589	0.0394	0.0426
ENSG00000266969.1	AP002449.1	lncRNA	5	175	238	0.5982	0.1483	0.1604
ENSG00000266970.1	AC061992.2	lncRNA	161	87	74	7.6854	1.9059	2.0607
ENSG00000266971.1	OR4F8P	unprocessed_pseudogene	0	0	0	0.0000	0.0000	0.0000
ENSG00000266973.1	AC092296.1	lncRNA	3	1	4	0.3006	0.0745	0.0806
ENSG00000266975.1	FARSA-AS1	lncRNA	0	80	77	0.0000	0.0000	0.0000
ENSG00000266976.3	AC079466.1	lncRNA	1	1	0	0.0119	0.0029	0.0032
ENSG00000266977.2	AC006504.2	lncRNA	0	0	0	0.0000	0.0000	0.0000
ENSG00000266978.1	AC011511.2	lncRNA	0	319	303	0.0000	0.0000	0.0000
ENSG00000266979.1	LINC01180	lncRNA	1	1	0	0.0280	0.0069	0.0075
ENSG00000266980.1	AC087289.1	lncRNA	4	240	247	0.2549	0.0632	0.0683
ENSG00000266981.1	AC022916.2	lncRNA	0	0	0	0.0000	0.0000	0.0000
ENSG00000266983.1	AC011444.1	lncRNA	39	25	18	3.4612	0.8583	0.9281
ENSG00000266984.1	POLR3GP2	processed_pseudogene	0	0	0	0.0000	0.0000	0.0000
ENSG00000266985.1	AC010485.1	lncRNA	0	0	0	0.0000	0.0000	0.0000
ENSG00000266987.1	AC104984.5	lncRNA	1	0	1	0.1575	0.0391	0.0422
ENSG00000266988.6	AC021517.1	lncRNA	2	1	2	0.0410	0.0102	0.0110
ENSG00000266989.1	FTLP5	processed_pseudogene	2	2	2	0.2124	0.0527	0.0570
ENSG00000266990.1	AC004528.1	lncRNA	1	0	1	0.0885	0.0219	0.0237
ENSG00000266992.1	DHX40P1	transcribed_unprocessed_pseudogene	0	0	0	0.0000	0.0000	0.0000
ENSG00000266993.3	AL050343.2	lncRNA	29	36	40	0.9041	0.2242	0.2424
ENSG00000266994.1	AC020663.1	lncRNA	1	19	16	0.1020	0.0253	0.0273
ENSG00000266995.1	AP001542.1	processed_pseudogene	90	50	40	25.5195	6.3286	6.8426
ENSG00000266997.2	AC090227.2	protein_coding	0	0	0	0.0000	0.0000	0.0000
ENSG00000266998.1	AC111182.1	lncRNA	1	3	4	0.0166	0.0041	0.0044
ENSG00000267000.1	AC016229.1	lncRNA	1	0	1	0.1164	0.0289	0.0312
ENSG00000267001.1	AC006538.2	protein_coding	0	0	0	0.0000	0.0000	0.0000
ENSG00000267002.4	AC060780.1	lncRNA	988	561	592	6.3779	1.5816	1.7101
ENSG00000267004.1	AC018761.1	lncRNA	0	0	0	0.0000	0.0000	0.0000
ENSG00000267005.1	AC002984.1	processed_pseudogene	1	1	0	0.1266	0.0314	0.0339
ENSG00000267006.1	AC008507.2	lncRNA	3	3	0	0.1447	0.0359	0.0388
ENSG00000267007.1	AC012615.2	lncRNA	0	46	57	0.0000	0.0000	0.0000
ENSG00000267009.6	AC007780.1	lncRNA	100	101	113	3.0440	0.7549	0.8162
ENSG00000267011.5	AC011498.1	lncRNA	11	7	5	0.7453	0.1848	0.1998
ENSG00000267013.6	LINC01929	lncRNA	2355	1214	1141	41.0424	10.1781	11.0048
ENSG00000267014.6	LINC01532	lncRNA	0	0	0	0.0000	0.0000	0.0000
ENSG00000267015.1	AC023090.1	lncRNA	2	1	1	0.2259	0.0560	0.0606
ENSG00000267016.1	AC111170.1	lncRNA	2	2	2	0.1002	0.0248	0.0269
ENSG00000267019.1	NTF6A	unprocessed_pseudogene	0	0	0	0.0000	0.0000	0.0000
ENSG00000267022.1	AC067968.1	protein_coding	0	0	0	0.0000	0.0000	0.0000
ENSG00000267023.5	LRRC37A16P	transcribed_unprocessed_pseudogene	615	1366	1516	9.1420	2.2671	2.4513
ENSG00000267024.1	AC008747.1	lncRNA	7	17	13	0.8981	0.2227	0.2408
ENSG00000267026.5	AL136084.1	lncRNA	0	56	71	0.0000	0.0000	0.0000
ENSG00000267027.1	AC011524.1	lncRNA	0	0	0	0.0000	0.0000	0.0000
ENSG00000267028.1	TCF4-AS1	lncRNA	0	0	0	0.0000	0.0000	0.0000
ENSG00000267030.1	AC011498.2	lncRNA	0	12	3	0.0000	0.0000	0.0000
ENSG00000267032.1	AP001357.1	processed_pseudogene	0	0	0	0.0000	0.0000	0.0000
ENSG00000267033.1	AC020911.1	lncRNA	1	6	3	0.0981	0.0243	0.0263
ENSG00000267035.1	AC015911.2	lncRNA	0	0	0	0.0000	0.0000	0.0000
ENSG00000267036.2	AC005559.1	processed_pseudogene	0	8	9	0.0000	0.0000	0.0000
ENSG00000267038.1	AC105094.1	lncRNA	0	0	0	0.0000	0.0000	0.0000
ENSG00000267039.1	AC016493.1	lncRNA	0	0	0	0.0000	0.0000	0.0000
ENSG00000267040.6	AC027097.1	lncRNA	90	214	223	2.1293	0.5280	0.5709
ENSG00000267041.6	ZNF850	protein_coding	165	83	83	1.1920	0.2956	0.3196
ENSG00000267042.1	AC100793.2	lncRNA	2	5	12	0.2093	0.0519	0.0561
ENSG00000267044.1	AC005757.1	lncRNA	1	0	1	0.1201	0.0298	0.0322
ENSG00000267046.1	E2F3P1	processed_pseudogene	3	1	2	0.1383	0.0343	0.0371
ENSG00000267047.1	AC040977.2	lncRNA	0	0	0	0.0000	0.0000	0.0000
ENSG00000267048.1	AC092143.3	lncRNA	6	3	3	0.6087	0.1509	0.1632
ENSG00000267049.1	AC002398.1	lncRNA	11	123	105	1.4609	0.3623	0.3917
ENSG00000267051.1	AP005229.1	lncRNA	1	0	1	0.0700	0.0174	0.0188
ENSG00000267052.3	AC005050.1	lncRNA	7	1	6	0.2243	0.0556	0.0601
ENSG00000267053.8	AC092296.2	lncRNA	12	13	14	0.1621	0.0402	0.0435
ENSG00000267054.1	AC008738.1	lncRNA	1	0	1	0.1512	0.0375	0.0405
ENSG00000267055.1	AC007001.1	lncRNA	0	0	0	0.0000	0.0000	0.0000
ENSG00000267056.2	AC005336.1	processed_pseudogene	0	0	0	0.0000	0.0000	0.0000
ENSG00000267057.6	LINC01905	lncRNA	0	0	0	0.0000	0.0000	0.0000
ENSG00000267058.1	AC006213.2	lncRNA	14	16	12	0.3620	0.0898	0.0971
ENSG00000267059.2	AC005943.1	protein_coding	0	0	0	0.0000	0.0000	0.0000
ENSG00000267060.7	PTGES3L	protein_coding	65	32	33	1.2907	0.3201	0.3461
ENSG00000267061.1	AC090213.1	lncRNA	0	0	0	0.0000	0.0000	0.0000
ENSG00000267062.1	AC018761.2	lncRNA	1	2221	2132	0.1916	0.0475	0.0514
ENSG00000267063.1	AC006130.1	lncRNA	0	31	33	0.0000	0.0000	0.0000
ENSG00000267064.2	UXT-AS1	lncRNA	69	480	475	0.5958	0.1477	0.1597
ENSG00000267065.2	LINC02080	lncRNA	5	4	1	0.0919	0.0228	0.0246
ENSG00000267066.1	AC107990.1	processed_pseudogene	0	0	0	0.0000	0.0000	0.0000
ENSG00000267069.1	AP005264.1	lncRNA	7	5	2	0.5416	0.1343	0.1452
ENSG00000267070.1	AC026458.2	lncRNA	0	0	0	0.0000	0.0000	0.0000
ENSG00000267072.2	NAGPA-AS1	lncRNA	2	6	4	0.0431	0.0107	0.0116
ENSG00000267073.1	AC005256.1	lncRNA	0	0	0	0.0000	0.0000	0.0000
ENSG00000267074.1	AC015911.3	lncRNA	14	7	7	0.9351	0.2319	0.2507
ENSG00000267075.1	AC015818.8	lncRNA	1	0	1	0.0124	0.0031	0.0033
ENSG00000267076.1	CCDC58P3	processed_pseudogene	2	0	2	0.2638	0.0654	0.0707
ENSG00000267077.1	AC020663.2	lncRNA	1	883	923	0.0788	0.0195	0.0211
ENSG00000267078.1	AC015802.1	lncRNA	7	444	438	0.2740	0.0679	0.0735
ENSG00000267079.1	AP001269.2	lncRNA	3	3	0	0.4489	0.1113	0.1204
ENSG00000267080.6	ASB16-AS1	lncRNA	785	485	521	12.1665	3.0172	3.2623
ENSG00000267081.1	AC011507.1	lncRNA	0	0	0	0.0000	0.0000	0.0000
ENSG00000267082.1	AC011472.1	lncRNA	22	9	20	2.1927	0.5438	0.5879
ENSG00000267083.1	KRT18P61	processed_pseudogene	1	0	1	0.0437	0.0108	0.0117
ENSG00000267084.1	AC015802.2	processed_pseudogene	1	0	1	0.3001	0.0744	0.0805
ENSG00000267085.1	AL512605.2	processed_pseudogene	0	0	0	0.0000	0.0000	0.0000
ENSG00000267088.1	AC087683.1	processed_pseudogene	0	0	0	0.0000	0.0000	0.0000
ENSG00000267089.1	AC008543.4	lncRNA	5	3	2	0.6415	0.1591	0.1720
ENSG00000267090.1	AC005789.1	lncRNA	0	3	5	0.0000	0.0000	0.0000
ENSG00000267091.1	CTBP2P7	processed_pseudogene	3	3	0	0.1368	0.0339	0.0367
ENSG00000267092.2	AC027307.1	lncRNA	5	10	10	0.6205	0.1539	0.1664
ENSG00000267095.1	AC025048.1	lncRNA	0	0	1	0.0000	0.0000	0.0000
ENSG00000267096.1	AC008735.1	lncRNA	7	3	4	0.4950	0.1227	0.1327
ENSG00000267097.1	SLC14A2-AS1	lncRNA	2	1	1	0.0815	0.0202	0.0219
ENSG00000267098.2	AC113137.1	lncRNA	0	0	0	0.0000	0.0000	0.0000
ENSG00000267099.1	NTF6G	unprocessed_pseudogene	0	0	0	0.0000	0.0000	0.0000
ENSG00000267100.1	ILF3-DT	lncRNA	2304	1111	1194	65.8900	16.3400	17.6673
ENSG00000267101.7	AC090376.1	lncRNA	0	0	0	0.0000	0.0000	0.0000
ENSG00000267102.1	AC060766.1	transcribed_processed_pseudogene	113	57	56	10.2205	2.5346	2.7404
ENSG00000267104.2	TBC1D3P1-DHX40P1	lncRNA	0	0	0	0.0000	0.0000	0.0000
ENSG00000267105.1	AC011511.3	lncRNA	0	236	203	0.0000	0.0000	0.0000
ENSG00000267106.8	ZNF561-AS1	lncRNA	391	299	298	2.7466	0.6811	0.7365
ENSG00000267107.8	PCAT19	lncRNA	150	82	68	1.0398	0.2579	0.2788
ENSG00000267108.1	AP001029.1	lncRNA	5	0	5	1.6878	0.4186	0.4526
ENSG00000267109.1	AC011990.1	lncRNA	0	0	0	0.0000	0.0000	0.0000
ENSG00000267110.1	AC010327.2	protein_coding	0	0	0	0.0000	0.0000	0.0000
ENSG00000267112.1	AC098848.1	lncRNA	4	230	238	0.4001	0.0992	0.1073
ENSG00000267113.1	AF038458.1	processed_pseudogene	0	0	0	0.0000	0.0000	0.0000
ENSG00000267114.1	AC011481.1	lncRNA	9	4	5	1.4138	0.3506	0.3791
ENSG00000267115.1	AC022148.2	lncRNA	4	1	3	0.4051	0.1005	0.1086
ENSG00000267116.1	PMM2P2	processed_pseudogene	0	0	0	0.0000	0.0000	0.0000
ENSG00000267117.1	AC010525.1	lncRNA	3	1	2	0.3858	0.0957	0.1034
ENSG00000267119.1	RPL10P15	processed_pseudogene	9	7	2	1.6203	0.4018	0.4345
ENSG00000267120.3	AD000671.2	protein_coding	0	0	0	0.0000	0.0000	0.0000
ENSG00000267121.6	AC008105.3	lncRNA	55	37	44	0.8010	0.1986	0.2148
ENSG00000267122.1	AC004490.1	lncRNA	1	58	71	0.0207	0.0051	0.0056
ENSG00000267123.7	SCAT1	lncRNA	33	14	19	0.4090	0.1014	0.1097
ENSG00000267124.2	AC016588.1	lncRNA	0	58	66	0.0000	0.0000	0.0000
ENSG00000267125.2	AC012615.3	lncRNA	0	184	181	0.0000	0.0000	0.0000
ENSG00000267127.7	AC090360.1	protein_coding	18	9	9	0.2616	0.0649	0.0701
ENSG00000267128.2	RNF157-AS1	lncRNA	30	118	125	0.3868	0.0959	0.1037
ENSG00000267129.1	OR1AC1P	unprocessed_pseudogene	1	0	1	0.7462	0.1850	0.2001
ENSG00000267130.1	AC008738.2	lncRNA	0	0	0	0.0000	0.0000	0.0000
ENSG00000267131.1	AC005746.2	lncRNA	14	7	10	1.6892	0.4189	0.4529
ENSG00000267132.1	HMGB3P27	processed_pseudogene	0	0	0	0.0000	0.0000	0.0000
ENSG00000267133.2	AC011518.1	lncRNA	0	0	0	0.0000	0.0000	0.0000
ENSG00000267134.3	LINC01924	lncRNA	0	0	0	0.0000	0.0000	0.0000
ENSG00000267135.2	AD000091.1	processed_pseudogene	0	10	11	0.0000	0.0000	0.0000
ENSG00000267136.1	AP005131.1	lncRNA	51	23	28	0.6095	0.1512	0.1634
ENSG00000267137.1	AC005901.1	lncRNA	0	0	0	0.0000	0.0000	0.0000
ENSG00000267138.1	AC005954.1	lncRNA	0	1	1	0.0000	0.0000	0.0000
ENSG00000267139.1	AC005262.2	lncRNA	0	387	393	0.0000	0.0000	0.0000
ENSG00000267140.1	AC007998.2	protein_coding	0	0	0	0.0000	0.0000	0.0000
ENSG00000267141.1	AC012615.4	lncRNA	0	0	0	0.0000	0.0000	0.0000
ENSG00000267142.1	AC092296.3	processed_pseudogene	8	1	7	0.4541	0.1126	0.1218
ENSG00000267143.1	AP001120.2	lncRNA	0	0	0	0.0000	0.0000	0.0000
ENSG00000267144.2	AC067968.2	lncRNA	0	0	0	0.0000	0.0000	0.0000
ENSG00000267145.1	AC006116.3	processed_pseudogene	0	0	1	0.0000	0.0000	0.0000
ENSG00000267146.1	AC012301.1	lncRNA	0	0	0	0.0000	0.0000	0.0000
ENSG00000267147.2	LINC01842	lncRNA	19	11	8	1.4030	0.3479	0.3762
ENSG00000267148.1	AC005777.1	unprocessed_pseudogene	0	0	0	0.0000	0.0000	0.0000
ENSG00000267149.2	AC011476.2	lncRNA	0	0	0	0.0000	0.0000	0.0000
ENSG00000267150.1	AC006557.1	lncRNA	4	1	3	0.2091	0.0518	0.0561
ENSG00000267151.5	MIR2117HG	lncRNA	0	0	0	0.0000	0.0000	0.0000
ENSG00000267152.1	AC093227.1	lncRNA	16	74	57	0.6672	0.1655	0.1789
ENSG00000267153.1	CTBP2P3	processed_pseudogene	0	0	0	0.0000	0.0000	0.0000
ENSG00000267154.1	OR1M4P	unprocessed_pseudogene	0	0	0	0.0000	0.0000	0.0000
ENSG00000267156.1	TPMTP1	processed_pseudogene	4	1	3	0.3078	0.0763	0.0825
ENSG00000267157.1	AC011499.1	protein_coding	0	0	0	0.0000	0.0000	0.0000
ENSG00000267159.2	AC005379.1	lncRNA	1	0	3	0.1729	0.0429	0.0464
ENSG00000267160.1	AC091152.2	lncRNA	8	17	26	0.1766	0.0438	0.0474
ENSG00000267162.1	SDHDP1	processed_pseudogene	0	0	0	0.0000	0.0000	0.0000
ENSG00000267165.1	CHMP1B-AS1	lncRNA	0	994	1054	0.0000	0.0000	0.0000
ENSG00000267166.5	AC007993.1	unprocessed_pseudogene	0	0	0	0.0000	0.0000	0.0000
ENSG00000267168.1	AC005837.2	protein_coding	0	0	0	0.0000	0.0000	0.0000
ENSG00000267169.2	AC022098.1	lncRNA	83	285	274	1.4622	0.3626	0.3921
ENSG00000267170.1	CALM2P1	processed_pseudogene	0	0	0	0.0000	0.0000	0.0000
ENSG00000267172.1	AC022031.1	lncRNA	0	0	0	0.0000	0.0000	0.0000
ENSG00000267173.1	AC245748.1	protein_coding	0	0	0	0.0000	0.0000	0.0000
ENSG00000267174.5	AC011472.2	lncRNA	11	3	8	0.9107	0.2258	0.2442
ENSG00000267175.5	AC105094.2	lncRNA	0	0	0	0.0000	0.0000	0.0000
ENSG00000267177.1	AP002505.1	lncRNA	0	0	0	0.0000	0.0000	0.0000
ENSG00000267178.3	PHF5CP	processed_pseudogene	1	1	0	0.1745	0.0433	0.0468
ENSG00000267179.1	AC008770.2	protein_coding	3	2	1	0.0767	0.0190	0.0206
ENSG00000267180.1	AC007136.1	transcribed_processed_pseudogene	0	0	0	0.0000	0.0000	0.0000
ENSG00000267182.1	SNRPCP20	processed_pseudogene	0	0	0	0.0000	0.0000	0.0000
ENSG00000267184.1	AC002545.1	processed_pseudogene	0	0	0	0.0000	0.0000	0.0000
ENSG00000267185.1	PTP4A2P1	processed_pseudogene	8	6	2	0.9491	0.2354	0.2545
ENSG00000267187.1	AC026898.1	processed_pseudogene	0	0	0	0.0000	0.0000	0.0000
ENSG00000267188.1	AC245748.2	lncRNA	0	0	0	0.0000	0.0000	0.0000
ENSG00000267189.1	ATP5MGP7	processed_pseudogene	0	0	0	0.0000	0.0000	0.0000
ENSG00000267190.1	TYMSP2	processed_pseudogene	0	0	0	0.0000	0.0000	0.0000
ENSG00000267191.2	AC006213.3	lncRNA	5	4	2	0.1549	0.0384	0.0415
ENSG00000267192.1	AC006116.4	lncRNA	2	1	1	0.2509	0.0622	0.0673
ENSG00000267193.7	AC091151.1	lncRNA	11	6	5	0.3058	0.0758	0.0820
ENSG00000267195.1	MIR212	miRNA	0	0	0	0.0000	0.0000	0.0000
ENSG00000267196.1	AC091044.1	lncRNA	0	0	0	0.0000	0.0000	0.0000
ENSG00000267197.1	AC011461.1	lncRNA	3	2	1	0.4766	0.1182	0.1278
ENSG00000267198.1	AC091132.4	lncRNA	3	12	4	0.0747	0.0185	0.0200
ENSG00000267199.1	AP001029.2	lncRNA	25	962	939	0.2612	0.0648	0.0700
ENSG00000267200.1	MIR132	miRNA	0	0	0	0.0000	0.0000	0.0000
ENSG00000267201.1	LINC01775	lncRNA	5	3	2	0.7643	0.1895	0.2049
ENSG00000267202.5	AC090386.1	lncRNA	0	0	0	0.0000	0.0000	0.0000
ENSG00000267203.1	SNRPGP4	processed_pseudogene	12	7	5	2.9717	0.7370	0.7968
ENSG00000267204.1	LINC01782	lncRNA	0	0	0	0.0000	0.0000	0.0000
ENSG00000267205.1	AC005954.2	lncRNA	0	16	13	0.0000	0.0000	0.0000
ENSG00000267206.6	LCN6	protein_coding	0	0	0	0.0000	0.0000	0.0000
ENSG00000267207.1	AC005884.1	lncRNA	0	127	140	0.0000	0.0000	0.0000
ENSG00000267209.5	LINC01897	lncRNA	3	1	2	0.4201	0.1042	0.1126
ENSG00000267211.1	AC003043.1	lncRNA	0	0	0	0.0000	0.0000	0.0000
ENSG00000267212.1	AC018761.3	lncRNA	4	1	3	0.5846	0.1450	0.1568
ENSG00000267213.4	AC007773.1	lncRNA	37	22	18	2.1587	0.5353	0.5788
ENSG00000267214.1	AC092068.1	lncRNA	0	0	0	0.0000	0.0000	0.0000
ENSG00000267215.2	AC040963.1	lncRNA	0	0	0	0.0000	0.0000	0.0000
ENSG00000267216.1	ZNF8-ERVK3-1	lncRNA	9	2	7	0.1207	0.0299	0.0324
ENSG00000267218.2	AC005336.2	processed_pseudogene	1	1	0	0.0604	0.0150	0.0162
ENSG00000267219.1	AC010504.1	lncRNA	30	15	25	2.9082	0.7212	0.7798
ENSG00000267220.1	AC011447.2	transcribed_unprocessed_pseudogene	1	1	0	0.2004	0.0497	0.0537
ENSG00000267221.3	C17orf113	protein_coding	228	114	114	3.4637	0.8590	0.9287
ENSG00000267222.1	AC107993.1	lncRNA	1	1	0	0.0829	0.0206	0.0222
ENSG00000267223.1	AC005597.1	lncRNA	0	0	0	0.0000	0.0000	0.0000
ENSG00000267224.1	AC005498.1	lncRNA	1	0	1	0.1220	0.0302	0.0327
ENSG00000267225.1	WDR7-OT1	lncRNA	4	2	2	0.4015	0.0996	0.1077
ENSG00000267226.2	AC104971.1	lncRNA	3	11	15	0.1407	0.0349	0.0377
ENSG00000267227.1	AC005324.5	processed_pseudogene	0	0	0	0.0000	0.0000	0.0000
ENSG00000267228.7	AC012254.2	protein_coding	0	0	0	0.0000	0.0000	0.0000
ENSG00000267231.1	AC005786.2	lncRNA	1	0	1	0.1537	0.0381	0.0412
ENSG00000267232.1	AC012615.5	lncRNA	0	102	102	0.0000	0.0000	0.0000
ENSG00000267233.1	HNRNPA3P16	processed_pseudogene	0	0	0	0.0000	0.0000	0.0000
ENSG00000267234.1	AC092067.1	lncRNA	0	0	0	0.0000	0.0000	0.0000
ENSG00000267235.3	ZNF861P	transcribed_unprocessed_pseudogene	0	0	0	0.0000	0.0000	0.0000
ENSG00000267238.1	AC093074.1	lncRNA	0	0	0	0.0000	0.0000	0.0000
ENSG00000267239.1	AP001198.1	lncRNA	3	2	1	0.0816	0.0202	0.0219
ENSG00000267240.1	AC011524.2	lncRNA	0	0	0	0.0000	0.0000	0.0000
ENSG00000267241.2	CYP4F10P	unprocessed_pseudogene	0	0	0	0.0000	0.0000	0.0000
ENSG00000267243.6	AC005381.1	lncRNA	1	1	0	0.0447	0.0111	0.0120
ENSG00000267244.5	AC012615.6	lncRNA	39	59	50	0.9013	0.2235	0.2417
ENSG00000267245.1	AC008805.1	processed_pseudogene	0	0	0	0.0000	0.0000	0.0000
ENSG00000267246.1	AC091132.5	lncRNA	2	0	2	0.1373	0.0341	0.0368
ENSG00000267247.1	AP005264.2	lncRNA	0	0	0	0.0000	0.0000	0.0000
ENSG00000267248.3	AC025048.2	lncRNA	72	67	54	1.2626	0.3131	0.3385
ENSG00000267249.1	AP005482.2	lncRNA	63	34	29	4.9621	1.2306	1.3305
ENSG00000267250.1	AC011591.1	lncRNA	0	0	0	0.0000	0.0000	0.0000
ENSG00000267251.2	AC139100.1	lncRNA	15	49	52	0.3811	0.0945	0.1022
ENSG00000267252.6	LINC01255	lncRNA	0	0	0	0.0000	0.0000	0.0000
ENSG00000267253.1	WHSC1L2P	processed_pseudogene	0	0	0	0.0000	0.0000	0.0000
ENSG00000267254.7	ZNF790-AS1	lncRNA	118	75	89	0.8421	0.2088	0.2258
ENSG00000267255.1	AC011498.3	lncRNA	0	55	37	0.0000	0.0000	0.0000
ENSG00000267257.1	AC105105.1	lncRNA	2	106	115	0.0444	0.0110	0.0119
ENSG00000267258.1	PPIAP58	processed_pseudogene	2	1	1	0.2403	0.0596	0.0644
ENSG00000267259.1	ERVE-1	lncRNA	666	348	318	14.0300	3.4793	3.7619
ENSG00000267260.2	AC020928.1	lncRNA	8	3	9	0.2140	0.0531	0.0574
ENSG00000267261.5	AC099811.2	protein_coding	0	0	0	0.0000	0.0000	0.0000
ENSG00000267262.1	AC011444.2	lncRNA	2	1	1	0.2000	0.0496	0.0536
ENSG00000267263.1	AC111170.2	lncRNA	0	1	1	0.0000	0.0000	0.0000
ENSG00000267264.1	AC006504.3	processed_pseudogene	2	2	0	0.2169	0.0538	0.0581
ENSG00000267265.5	AC011476.3	lncRNA	28	57	59	1.1557	0.2866	0.3099
ENSG00000267269.1	AC010776.1	lncRNA	0	0	0	0.0000	0.0000	0.0000
ENSG00000267270.6	PARD6G-AS1	lncRNA	72	41	31	0.6810	0.1689	0.1826
ENSG00000267271.1	AC060766.2	processed_pseudogene	0	0	0	0.0000	0.0000	0.0000
ENSG00000267272.5	LINC01140	lncRNA	55	22	33	0.4644	0.1152	0.1245
ENSG00000267273.1	AC008567.2	lncRNA	0	0	0	0.0000	0.0000	0.0000
ENSG00000267274.1	AC008770.3	lncRNA	33	14	19	3.9988	0.9917	1.0722
ENSG00000267275.1	AC020911.2	lncRNA	3	1	2	0.2119	0.0525	0.0568
ENSG00000267277.1	AC024575.1	lncRNA	12	49	35	0.9978	0.2475	0.2676
ENSG00000267278.6	MAP3K14-AS1	lncRNA	153	275	318	1.6779	0.4161	0.4499
ENSG00000267279.2	AC090409.1	lncRNA	6	3	3	0.2395	0.0594	0.0642
ENSG00000267280.5	TBX2-AS1	lncRNA	173	87	87	8.1350	2.0174	2.1813
ENSG00000267281.2	ATF7-NPFF	protein_coding	1	0	1	0.0211	0.0052	0.0057
ENSG00000267282.1	AC011481.2	lncRNA	5	280	310	0.6656	0.1651	0.1785
ENSG00000267283.1	AC005306.1	lncRNA	1	448	427	0.0607	0.0150	0.0163
ENSG00000267284.2	AC022031.2	lncRNA	1	0	1	0.0214	0.0053	0.0057
ENSG00000267285.1	AC004672.2	lncRNA	0	0	0	0.0000	0.0000	0.0000
ENSG00000267286.1	AP001198.2	lncRNA	0	0	0	0.0000	0.0000	0.0000
ENSG00000267287.1	AC068473.3	lncRNA	36	20	16	0.3315	0.0822	0.0889
ENSG00000267288.2	AC138150.2	lncRNA	43	333	308	1.0242	0.2540	0.2746
ENSG00000267289.1	AC008752.2	lncRNA	25	9	16	1.8903	0.4688	0.5069
ENSG00000267291.1	AC008649.1	lncRNA	0	40	29	0.0000	0.0000	0.0000
ENSG00000267292.1	AP001542.2	processed_pseudogene	0	0	0	0.0000	0.0000	0.0000
ENSG00000267293.1	AC012569.1	processed_pseudogene	5	3	2	0.1861	0.0461	0.0499
ENSG00000267295.1	AC025048.3	unprocessed_pseudogene	1	0	1	0.0997	0.0247	0.0267
ENSG00000267296.2	CEBPA-DT	lncRNA	53	29	24	1.3674	0.3391	0.3667
ENSG00000267298.1	AC006116.5	lncRNA	3	1	2	0.3043	0.0755	0.0816
ENSG00000267299.1	AC011444.3	lncRNA	4	2	2	0.6980	0.1731	0.1871
ENSG00000267301.1	RPL23AP77	processed_pseudogene	0	0	0	0.0000	0.0000	0.0000
ENSG00000267302.5	RNFT1-DT	lncRNA	6	20	29	0.1592	0.0395	0.0427
ENSG00000267303.1	AC011511.4	protein_coding	0	0	0	0.0000	0.0000	0.0000
ENSG00000267304.1	AC004637.1	lncRNA	2	0	2	0.2353	0.0584	0.0631
ENSG00000267305.2	AL592148.2	unprocessed_pseudogene	2	2	0	0.3049	0.0756	0.0818
ENSG00000267308.3	LINC01764	lncRNA	4	7	10	0.0926	0.0230	0.0248
ENSG00000267309.1	AC092295.2	lncRNA	46	41	34	1.8740	0.4647	0.5025
ENSG00000267310.2	OR4G1P	transcribed_unprocessed_pseudogene	0	0	0	0.0000	0.0000	0.0000
ENSG00000267311.1	AC007673.1	lncRNA	1	1	0	0.0516	0.0128	0.0138
ENSG00000267312.1	AC015911.4	processed_pseudogene	0	0	0	0.0000	0.0000	0.0000
ENSG00000267313.7	KC6	lncRNA	2	1	1	0.0219	0.0054	0.0059
ENSG00000267314.1	AC104532.1	protein_coding	0	0	0	0.0000	0.0000	0.0000
ENSG00000267315.1	AC060766.3	processed_pseudogene	1	1	0	0.2156	0.0535	0.0578
ENSG00000267316.5	AC090409.2	lncRNA	1	1	0	0.0930	0.0231	0.0249
ENSG00000267317.2	AC027307.2	lncRNA	258	207	173	16.0606	3.9829	4.3064
ENSG00000267318.1	AC005702.1	protein_coding	0	0	0	0.0000	0.0000	0.0000
ENSG00000267319.1	SELENOKP1	processed_pseudogene	6	3	3	1.1939	0.2961	0.3201
ENSG00000267320.5	AC005580.1	lncRNA	0	0	0	0.0000	0.0000	0.0000
ENSG00000267321.3	SNHG30	lncRNA	649	352	330	23.0896	5.7260	6.1911
ENSG00000267322.2	SNHG22	lncRNA	7	136	143	0.1531	0.0380	0.0410
ENSG00000267323.1	SLC25A1P5	processed_pseudogene	0	50	46	0.0000	0.0000	0.0000
ENSG00000267324.1	AC006557.2	processed_pseudogene	0	0	0	0.0000	0.0000	0.0000
ENSG00000267325.2	LINC01415	lncRNA	20	11	9	0.2558	0.0634	0.0686
ENSG00000267327.2	AC009271.1	lncRNA	14	3	12	0.2257	0.0560	0.0605
ENSG00000267328.1	AC002398.2	lncRNA	0	244	205	0.0000	0.0000	0.0000
ENSG00000267332.1	BOLA3P2	processed_pseudogene	3	2	1	0.5267	0.1306	0.1412
ENSG00000267333.1	ASNSP6	processed_pseudogene	0	0	0	0.0000	0.0000	0.0000
ENSG00000267334.1	AC015936.1	lncRNA	0	0	0	0.0000	0.0000	0.0000
ENSG00000267335.2	AC008687.1	protein_coding	0	0	0	0.0000	0.0000	0.0000
ENSG00000267336.1	EIF4A2P1	processed_pseudogene	11	7	4	0.5868	0.1455	0.1574
ENSG00000267337.2	LINC01478	lncRNA	0	0	0	0.0000	0.0000	0.0000
ENSG00000267338.1	AP000365.1	lncRNA	2	1	1	0.2077	0.0515	0.0557
ENSG00000267339.7	LINC00906	lncRNA	0	0	0	0.0000	0.0000	0.0000
ENSG00000267340.1	AC060780.2	processed_pseudogene	5	2	3	1.4321	0.3551	0.3840
ENSG00000267341.1	AC100843.1	lncRNA	0	0	0	0.0000	0.0000	0.0000
ENSG00000267342.1	AC087289.2	lncRNA	11	278	194	0.4396	0.1090	0.1179
ENSG00000267343.2	ZNF833P	transcribed_unprocessed_pseudogene	0	0	0	0.0000	0.0000	0.0000
ENSG00000267344.1	AC003070.1	lncRNA	3	52	44	0.3723	0.0923	0.0998
ENSG00000267345.1	AC010632.1	lncRNA	2	28	25	0.1983	0.0492	0.0532
ENSG00000267346.1	EIF5AP3	processed_pseudogene	3	2	1	0.3682	0.0913	0.0987
ENSG00000267348.3	GEMIN7-AS1	lncRNA	66	437	415	1.0728	0.2660	0.2876
ENSG00000267349.1	AC015911.5	lncRNA	0	8	2	0.0000	0.0000	0.0000
ENSG00000267352.1	SH3GL1P3	processed_pseudogene	0	72	72	0.0000	0.0000	0.0000
ENSG00000267353.1	AC020928.2	lncRNA	3	6	1	0.0774	0.0192	0.0208
ENSG00000267354.1	AC091151.2	lncRNA	0	0	0	0.0000	0.0000	0.0000
ENSG00000267355.2	RPL9P29	processed_pseudogene	0	47	34	0.0000	0.0000	0.0000
ENSG00000267356.1	AC006557.3	lncRNA	0	12	14	0.0000	0.0000	0.0000
ENSG00000267359.1	AC015911.6	lncRNA	0	1	1	0.0000	0.0000	0.0000
ENSG00000267360.6	AC012309.1	protein_coding	0	0	0	0.0000	0.0000	0.0000
ENSG00000267361.1	SEC24AP1	processed_pseudogene	4	2	2	0.1873	0.0465	0.0502
ENSG00000267363.1	AC092296.4	lncRNA	0	0	0	0.0000	0.0000	0.0000
ENSG00000267364.2	AC022706.1	lncRNA	34	16	18	1.3723	0.3403	0.3680
ENSG00000267365.1	KCNJ2-AS1	lncRNA	18	11	12	0.4180	0.1037	0.1121
ENSG00000267366.1	AP005131.2	lncRNA	21	10	11	2.4454	0.6064	0.6557
ENSG00000267368.1	UPK3BL1	protein_coding	0	0	0	0.0000	0.0000	0.0000
ENSG00000267369.1	TAF5LP1	processed_pseudogene	23	15	10	1.3615	0.3376	0.3651
ENSG00000267370.1	AC008752.3	unprocessed_pseudogene	50	29	21	3.9824	0.9876	1.0678
ENSG00000267371.1	AP001017.1	processed_pseudogene	0	0	0	0.0000	0.0000	0.0000
ENSG00000267372.2	AC005330.1	lncRNA	35	20	16	1.6033	0.3976	0.4299
ENSG00000267373.1	AC008894.1	lncRNA	1	0	1	0.1545	0.0383	0.0414
ENSG00000267374.2	MIR924HG	lncRNA	72	33	41	0.3479	0.0863	0.0933
ENSG00000267375.1	AC008649.2	lncRNA	1	1	0	0.2343	0.0581	0.0628
ENSG00000267376.1	ATP5MGP6	processed_pseudogene	1	0	1	0.3707	0.0919	0.0994
ENSG00000267378.1	AC020897.1	lncRNA	0	0	0	0.0000	0.0000	0.0000
ENSG00000267379.1	AC008569.1	lncRNA	0	166	187	0.0000	0.0000	0.0000
ENSG00000267382.1	AC010928.1	transcribed_unprocessed_pseudogene	0	0	0	0.0000	0.0000	0.0000
ENSG00000267383.7	AC011447.3	lncRNA	141	234	256	1.0308	0.2556	0.2764
ENSG00000267384.3	SMCO4P1	processed_pseudogene	0	0	0	0.0000	0.0000	0.0000
ENSG00000267385.1	AC011498.4	protein_coding	3	3	0	0.0944	0.0234	0.0253
ENSG00000267387.1	AC020931.1	lncRNA	5	262	291	0.2107	0.0522	0.0565
ENSG00000267388.1	AF038458.2	lncRNA	0	0	0	0.0000	0.0000	0.0000
ENSG00000267389.2	AC006504.4	unprocessed_pseudogene	0	0	0	0.0000	0.0000	0.0000
ENSG00000267390.1	AC036176.1	lncRNA	50	27	23	3.6121	0.8958	0.9685
ENSG00000267391.5	MIR122HG	lncRNA	0	0	0	0.0000	0.0000	0.0000
ENSG00000267392.3	CYP4F9P	unprocessed_pseudogene	0	0	0	0.0000	0.0000	0.0000
ENSG00000267393.1	AP002439.1	lncRNA	1	1	0	0.1181	0.0293	0.0317
ENSG00000267394.1	AC004596.1	lncRNA	11	350	363	1.1815	0.2930	0.3168
ENSG00000267395.5	DM1-AS	lncRNA	43	137	133	2.3744	0.5888	0.6367
ENSG00000267396.1	AC090236.1	lncRNA	0	253	251	0.0000	0.0000	0.0000
ENSG00000267397.1	AC090229.1	lncRNA	51	26	25	1.7975	0.4458	0.4820
ENSG00000267398.1	AC006130.2	processed_pseudogene	0	0	0	0.0000	0.0000	0.0000
ENSG00000267399.1	AC006305.2	lncRNA	0	0	0	0.0000	0.0000	0.0000
ENSG00000267400.1	AC010928.2	processed_pseudogene	0	0	0	0.0000	0.0000	0.0000
ENSG00000267401.2	AC090621.1	lncRNA	1	1	0	0.0570	0.0141	0.0153
ENSG00000267402.1	TCF4-AS2	lncRNA	0	0	0	0.0000	0.0000	0.0000
ENSG00000267404.1	AC023043.2	processed_pseudogene	7	5	2	0.3869	0.0959	0.1037
ENSG00000267405.1	AC005180.1	lncRNA	2	1	1	0.1932	0.0479	0.0518
ENSG00000267406.1	AC011509.1	lncRNA	3	0	3	1.0374	0.2573	0.2782
ENSG00000267407.2	LINC02841	lncRNA	0	0	0	0.0000	0.0000	0.0000
ENSG00000267408.1	AC011498.5	unprocessed_pseudogene	0	0	0	0.0000	0.0000	0.0000
ENSG00000267409.1	AC068473.4	lncRNA	29	8	21	2.8113	0.6972	0.7538
ENSG00000267412.1	AC092068.2	lncRNA	1	0	1	0.0332	0.0082	0.0089
ENSG00000267413.1	LINC01901	lncRNA	0	0	0	0.0000	0.0000	0.0000
ENSG00000267414.1	SETBP1-DT	lncRNA	89	51	38	2.4442	0.6061	0.6554
ENSG00000267415.1	AC011471.1	transcribed_processed_pseudogene	0	0	0	0.0000	0.0000	0.0000
ENSG00000267416.1	AC025048.4	lncRNA	15	16	16	1.2170	0.3018	0.3263
ENSG00000267417.1	AC138474.1	lncRNA	0	0	0	0.0000	0.0000	0.0000
ENSG00000267418.1	ELOCP29	processed_pseudogene	0	0	0	0.0000	0.0000	0.0000
ENSG00000267419.2	ZNF56	transcribed_unprocessed_pseudogene	59	125	142	1.4208	0.3523	0.3810
ENSG00000267420.1	AC007993.2	lncRNA	0	0	0	0.0000	0.0000	0.0000
ENSG00000267421.6	AC005498.2	lncRNA	4	1	3	0.2053	0.0509	0.0550
ENSG00000267422.1	AC016582.2	transcribed_processed_pseudogene	6	7	5	0.2376	0.0589	0.0637
ENSG00000267423.1	AC005616.1	lncRNA	0	0	0	0.0000	0.0000	0.0000
ENSG00000267424.1	AC020934.1	lncRNA	3	43	43	0.2302	0.0571	0.0617
ENSG00000267425.1	LINC01928	lncRNA	0	0	0	0.0000	0.0000	0.0000
ENSG00000267426.5	AC087289.3	protein_coding	3	2	1	0.0336	0.0083	0.0090
ENSG00000267428.2	AC091135.1	unprocessed_pseudogene	0	0	0	0.0000	0.0000	0.0000
ENSG00000267429.1	AC006116.6	lncRNA	0	0	0	0.0000	0.0000	0.0000
ENSG00000267430.1	AC036176.2	processed_pseudogene	0	0	0	0.0000	0.0000	0.0000
ENSG00000267432.6	DNAH17-AS1	lncRNA	6	10	11	0.0444	0.0110	0.0119
ENSG00000267433.1	AC008798.1	unprocessed_pseudogene	0	0	0	0.0000	0.0000	0.0000
ENSG00000267436.1	AC005786.3	lncRNA	0	356	372	0.0000	0.0000	0.0000
ENSG00000267437.1	AC012309.2	lncRNA	1	46	48	0.1778	0.0441	0.0477
ENSG00000267439.1	AD000671.3	lncRNA	0	348	374	0.0000	0.0000	0.0000
ENSG00000267440.2	LINC02594	lncRNA	1	0	1	0.0384	0.0095	0.0103
ENSG00000267441.1	AL353997.3	processed_pseudogene	0	0	0	0.0000	0.0000	0.0000
ENSG00000267443.2	AC010641.1	lncRNA	0	0	0	0.0000	0.0000	0.0000
ENSG00000267444.1	SMUG1P1	processed_pseudogene	0	0	0	0.0000	0.0000	0.0000
ENSG00000267446.1	AC003070.2	lncRNA	1	0	1	0.1469	0.0364	0.0394
ENSG00000267448.6	AC010649.1	lncRNA	0	33	49	0.0000	0.0000	0.0000
ENSG00000267449.1	AC005884.2	lncRNA	0	2	1	0.0000	0.0000	0.0000
ENSG00000267450.1	OR1AB1P	unprocessed_pseudogene	0	0	0	0.0000	0.0000	0.0000
ENSG00000267452.3	LINC02073	lncRNA	11	4	8	0.0839	0.0208	0.0225
ENSG00000267453.7	CLEC4O	transcribed_unprocessed_pseudogene	9	4	5	0.6594	0.1635	0.1768
ENSG00000267454.6	ZNF582-AS1	lncRNA	40	19	21	1.0964	0.2719	0.2940
ENSG00000267455.1	AP005137.1	lncRNA	0	0	0	0.0000	0.0000	0.0000
ENSG00000267456.2	AC023043.3	processed_pseudogene	4	2	2	0.5892	0.1461	0.1580
ENSG00000267457.1	AC004223.2	lncRNA	1	0	1	0.1042	0.0259	0.0280
ENSG00000267458.1	AC092069.1	lncRNA	0	3291	3288	0.0000	0.0000	0.0000
ENSG00000267461.1	AC079210.1	lncRNA	4	3	1	0.5907	0.1465	0.1584
ENSG00000267462.1	AC090377.1	lncRNA	0	0	0	0.0000	0.0000	0.0000
ENSG00000267463.1	UBE2V2P2	processed_pseudogene	0	0	0	0.0000	0.0000	0.0000
ENSG00000267465.7	AC011525.2	lncRNA	0	0	0	0.0000	0.0000	0.0000
ENSG00000267466.1	AC021683.1	lncRNA	2	1	2	0.0642	0.0159	0.0172
ENSG00000267467.4	APOC4	protein_coding	0	0	0	0.0000	0.0000	0.0000
ENSG00000267469.1	AC005944.1	lncRNA	0	4112	3796	0.0000	0.0000	0.0000
ENSG00000267470.6	ZNF571-AS1	lncRNA	56	58	53	0.4179	0.1036	0.1121
ENSG00000267471.1	AC005771.1	processed_pseudogene	0	0	0	0.0000	0.0000	0.0000
ENSG00000267472.1	ARHGAP27P2	processed_pseudogene	3	0	3	0.2517	0.0624	0.0675
ENSG00000267474.1	AC008569.2	lncRNA	7	4	3	0.4465	0.1107	0.1197
ENSG00000267475.1	AC008736.1	lncRNA	25	17	9	2.4960	0.6190	0.6693
ENSG00000267476.1	AC104365.1	lncRNA	1	6	6	0.0846	0.0210	0.0227
ENSG00000267477.1	AC008481.3	protein_coding	0	0	0	0.0000	0.0000	0.0000
ENSG00000267478.1	AP002414.3	processed_pseudogene	0	0	0	0.0000	0.0000	0.0000
ENSG00000267480.1	AP001542.3	lncRNA	47	23	24	5.0576	1.2542	1.3561
ENSG00000267481.1	AC011477.1	lncRNA	148	111	89	9.1130	2.2599	2.4435
ENSG00000267482.1	AC104996.3	unprocessed_pseudogene	0	0	0	0.0000	0.0000	0.0000
ENSG00000267484.1	AC027319.1	lncRNA	0	1483	1438	0.0000	0.0000	0.0000
ENSG00000267486.1	GLUD1P4	processed_pseudogene	0	0	0	0.0000	0.0000	0.0000
ENSG00000267487.1	AC100843.2	processed_pseudogene	0	0	0	0.0000	0.0000	0.0000
ENSG00000267489.5	LINC01837	lncRNA	0	0	0	0.0000	0.0000	0.0000
ENSG00000267490.1	AC008759.1	unprocessed_pseudogene	0	0	0	0.0000	0.0000	0.0000
ENSG00000267491.1	AC100788.1	lncRNA	2	2	0	0.1200	0.0298	0.0322
ENSG00000267492.1	AL353997.4	processed_pseudogene	0	0	0	0.0000	0.0000	0.0000
ENSG00000267493.4	CIRBP-AS1	lncRNA	54	30	43	2.2584	0.5601	0.6055
ENSG00000267496.4	FAM215A	lncRNA	6	2	4	0.4296	0.1065	0.1152
ENSG00000267497.1	NFE2L3P1	processed_pseudogene	0	0	0	0.0000	0.0000	0.0000
ENSG00000267498.2	AC007786.1	lncRNA	25	11	14	0.8828	0.2189	0.2367
ENSG00000267500.1	ZNF887P	transcribed_unprocessed_pseudogene	15	8	7	0.6046	0.1499	0.1621
ENSG00000267501.1	AC104365.2	lncRNA	0	0	0	0.0000	0.0000	0.0000
ENSG00000267503.1	AP005131.3	lncRNA	16	13	3	1.3645	0.3384	0.3659
ENSG00000267504.1	AC090236.2	lncRNA	5	3	2	0.2575	0.0639	0.0691
ENSG00000267505.1	AC005180.2	lncRNA	5	3	2	0.5045	0.1251	0.1353
ENSG00000267506.5	AC021683.2	lncRNA	0	0	1	0.0000	0.0000	0.0000
ENSG00000267507.1	AC010327.3	processed_pseudogene	1	1	0	0.1162	0.0288	0.0312
ENSG00000267508.6	ZNF285	protein_coding	119	57	62	0.9829	0.2437	0.2635
ENSG00000267509.5	AC010511.1	lncRNA	0	0	0	0.0000	0.0000	0.0000
ENSG00000267510.1	AC011451.1	lncRNA	0	76	72	0.0000	0.0000	0.0000
ENSG00000267511.1	ADAD1P2	processed_pseudogene	0	0	0	0.0000	0.0000	0.0000
ENSG00000267512.1	AC011446.1	lncRNA	0	536	508	0.0000	0.0000	0.0000
ENSG00000267513.3	HMGN1P31	processed_pseudogene	0	0	0	0.0000	0.0000	0.0000
ENSG00000267515.1	AP001029.3	processed_pseudogene	3	1	2	0.2855	0.0708	0.0765
ENSG00000267517.1	LINC01855	lncRNA	0	0	0	0.0000	0.0000	0.0000
ENSG00000267518.1	AC090699.1	processed_pseudogene	1	0	1	0.1767	0.0438	0.0474
ENSG00000267519.6	AC020916.1	lncRNA	868	872	877	2.5841	0.6408	0.6929
ENSG00000267520.2	AC010733.1	lncRNA	0	0	0	0.0000	0.0000	0.0000
ENSG00000267521.1	AC016168.1	lncRNA	0	0	0	0.0000	0.0000	0.0000
ENSG00000267522.1	LINC01864	lncRNA	1	1	0	0.0341	0.0085	0.0092
ENSG00000267523.1	AC008735.2	lncRNA	59	221	214	5.9642	1.4790	1.5992
ENSG00000267524.1	RPSAP57	processed_pseudogene	0	0	0	0.0000	0.0000	0.0000
ENSG00000267526.1	AC005702.2	processed_pseudogene	4	2	2	0.1568	0.0389	0.0420
ENSG00000267529.3	AP005131.4	lncRNA	9	3	6	0.3006	0.0745	0.0806
ENSG00000267530.3	LINC01836	lncRNA	242	121	121	8.0823	2.0043	2.1671
ENSG00000267532.5	MIR497HG	lncRNA	16	618	503	0.2362	0.0586	0.0633
ENSG00000267533.1	AP002414.4	processed_pseudogene	6	3	3	0.2964	0.0735	0.0795
ENSG00000267534.4	S1PR2	protein_coding	953	474	480	14.8352	3.6790	3.9778
ENSG00000267535.2	LINC00868	lncRNA	1	1	0	0.0410	0.0102	0.0110
ENSG00000267537.1	AC079466.2	lncRNA	0	0	0	0.0000	0.0000	0.0000
ENSG00000267541.1	MTCO2P2	processed_pseudogene	5	4	1	1.2602	0.3125	0.3379
ENSG00000267543.1	AC015802.3	lncRNA	30	19	15	2.9847	0.7402	0.8003
ENSG00000267544.1	HIKESHIP2	processed_pseudogene	15	7	8	2.0647	0.5120	0.5536
ENSG00000267546.2	AC015802.4	lncRNA	14	18	16	0.5314	0.1318	0.1425
ENSG00000267547.1	AC060766.4	lncRNA	83	38	45	8.7652	2.1737	2.3503
ENSG00000267549.6	AC006116.7	lncRNA	15	27	35	0.1783	0.0442	0.0478
ENSG00000267550.1	AC022517.1	lncRNA	1	1	0	0.1639	0.0406	0.0439
ENSG00000267551.3	AC005264.1	lncRNA	2	67	56	0.0489	0.0121	0.0131
ENSG00000267552.6	AC093227.2	protein_coding	1	1	0	0.0722	0.0179	0.0194
ENSG00000267554.1	AC015911.7	processed_pseudogene	21	10	11	2.1266	0.5274	0.5702
ENSG00000267555.1	AC008805.2	lncRNA	0	3	0	0.0000	0.0000	0.0000
ENSG00000267557.1	AC008474.1	lncRNA	0	0	0	0.0000	0.0000	0.0000
ENSG00000267558.2	AC087685.1	processed_pseudogene	1	1	0	0.4022	0.0997	0.1078
ENSG00000267559.5	AL158154.3	lncRNA	1	0	1	0.0257	0.0064	0.0069
ENSG00000267560.1	AC027514.2	lncRNA	5	4	1	0.4451	0.1104	0.1194
ENSG00000267561.2	AC093155.3	protein_coding	0	0	0	0.0000	0.0000	0.0000
ENSG00000267563.1	AC011471.2	lncRNA	1	1	0	0.1084	0.0269	0.0291
ENSG00000267564.1	AP001109.1	lncRNA	0	0	0	0.0000	0.0000	0.0000
ENSG00000267565.1	AC011477.2	lncRNA	92	78	73	12.9462	3.2105	3.4713
ENSG00000267567.1	AC008736.2	lncRNA	3	1	2	0.3297	0.0818	0.0884
ENSG00000267568.6	AC016168.2	lncRNA	0	1	0	0.0000	0.0000	0.0000
ENSG00000267570.1	STK25P1	processed_pseudogene	0	0	0	0.0000	0.0000	0.0000
ENSG00000267571.1	AC104532.2	lncRNA	57	50	59	5.4881	1.3610	1.4715
ENSG00000267573.1	KRT8P5	processed_pseudogene	15	6	9	0.5834	0.1447	0.1564
ENSG00000267574.1	AC011474.3	lncRNA	0	0	0	0.0000	0.0000	0.0000
ENSG00000267575.7	AC006504.5	lncRNA	222	205	177	0.8889	0.2204	0.2383
ENSG00000267576.1	AC011472.3	lncRNA	0	968	1054	0.0000	0.0000	0.0000
ENSG00000267577.1	AC010327.4	lncRNA	4	131	123	0.1381	0.0342	0.0370
ENSG00000267579.1	AC104971.2	lncRNA	0	0	0	0.0000	0.0000	0.0000
ENSG00000267580.1	AC008738.3	lncRNA	0	347	357	0.0000	0.0000	0.0000
ENSG00000267581.1	AC011477.3	lncRNA	3	1	2	0.2794	0.0693	0.0749
ENSG00000267582.1	AC020916.2	lncRNA	3	1	2	0.4726	0.1172	0.1267
ENSG00000267583.5	AC007998.3	lncRNA	15	11	4	0.9287	0.2303	0.2490
ENSG00000267585.1	AC013290.1	processed_pseudogene	0	0	0	0.0000	0.0000	0.0000
ENSG00000267586.7	LINC00907	lncRNA	13	7	6	0.0673	0.0167	0.0180
ENSG00000267587.1	AC090241.1	processed_pseudogene	0	0	0	0.0000	0.0000	0.0000
ENSG00000267589.1	AC011444.4	processed_pseudogene	2	0	2	0.2713	0.0673	0.0728
ENSG00000267590.1	NDUFA3P1	processed_pseudogene	5	1	4	1.1252	0.2790	0.3017
ENSG00000267591.1	AC105224.1	processed_pseudogene	0	0	0	0.0000	0.0000	0.0000
ENSG00000267592.1	AC004134.1	processed_pseudogene	0	1	0	0.0000	0.0000	0.0000
ENSG00000267593.2	LINC01926	lncRNA	0	0	0	0.0000	0.0000	0.0000
ENSG00000267594.5	CYP4F24P	unprocessed_pseudogene	3	3	1	0.1077	0.0267	0.0289
ENSG00000267595.1	BRCA1P1	unprocessed_pseudogene	17	7	10	12.0509	2.9885	3.2312
ENSG00000267597.1	RPIAP1	processed_pseudogene	0	0	0	0.0000	0.0000	0.0000
ENSG00000267598.1	AC011446.2	lncRNA	0	1312	1367	0.0000	0.0000	0.0000
ENSG00000267599.1	AC008794.1	lncRNA	0	0	0	0.0000	0.0000	0.0000
ENSG00000267601.1	AC022966.1	lncRNA	0	6949	6683	0.0000	0.0000	0.0000
ENSG00000267603.1	LINC01028	lncRNA	1	1	0	0.0488	0.0121	0.0131
ENSG00000267604.1	AC003098.1	lncRNA	0	2	0	0.0000	0.0000	0.0000
ENSG00000267605.7	AC016590.1	lncRNA	10	45	33	0.1636	0.0406	0.0439
ENSG00000267606.1	AC006116.8	lncRNA	0	0	0	0.0000	0.0000	0.0000
ENSG00000267607.1	AC011511.5	lncRNA	0	1051	905	0.0000	0.0000	0.0000
ENSG00000267609.2	SNX33P1	processed_pseudogene	0	0	0	0.0000	0.0000	0.0000
ENSG00000267610.2	AC007787.1	lncRNA	0	0	0	0.0000	0.0000	0.0000
ENSG00000267611.1	AC008521.1	processed_pseudogene	0	0	0	0.0000	0.0000	0.0000
ENSG00000267612.1	AC008759.2	lncRNA	7	3	4	0.6616	0.1641	0.1774
ENSG00000267614.1	AC245748.3	lncRNA	0	0	0	0.0000	0.0000	0.0000
ENSG00000267615.1	AC087289.4	lncRNA	0	155	124	0.0000	0.0000	0.0000
ENSG00000267617.2	AC007795.1	lncRNA	0	0	0	0.0000	0.0000	0.0000
ENSG00000267618.5	AC004223.3	protein_coding	0	0	0	0.0000	0.0000	0.0000
ENSG00000267620.1	AC090771.1	processed_pseudogene	0	0	0	0.0000	0.0000	0.0000
ENSG00000267623.3	AC005357.2	transcribed_unprocessed_pseudogene	0	0	0	0.0000	0.0000	0.0000
ENSG00000267624.1	AC087645.1	processed_pseudogene	0	0	0	0.0000	0.0000	0.0000
ENSG00000267625.1	AC015911.8	lncRNA	0	0	0	0.0000	0.0000	0.0000
ENSG00000267626.1	AC002115.1	lncRNA	0	0	0	0.0000	0.0000	0.0000
ENSG00000267627.5	AC118757.1	lncRNA	1	1	0	0.0776	0.0192	0.0208
ENSG00000267628.1	AC104423.1	lncRNA	0	1	0	0.0000	0.0000	0.0000
ENSG00000267629.3	AC138430.1	lncRNA	0	0	0	0.0000	0.0000	0.0000
ENSG00000267630.1	AC005758.1	transcribed_unprocessed_pseudogene	0	0	0	0.0000	0.0000	0.0000
ENSG00000267631.5	CGB1	protein_coding	0	0	0	0.0000	0.0000	0.0000
ENSG00000267632.1	AC067852.3	lncRNA	38	24	14	1.2413	0.3078	0.3328
ENSG00000267633.1	AC008686.1	lncRNA	0	475	454	0.0000	0.0000	0.0000
ENSG00000267634.1	RPL7L1P5	processed_pseudogene	4	1	3	0.3074	0.0762	0.0824
ENSG00000267636.1	AC008992.1	lncRNA	0	0	0	0.0000	0.0000	0.0000
ENSG00000267637.1	AC040904.1	lncRNA	0	0	0	0.0000	0.0000	0.0000
ENSG00000267638.1	AC023855.1	lncRNA	3	3	0	0.4739	0.1175	0.1271
ENSG00000267640.6	AC016582.3	transcribed_unprocessed_pseudogene	194	162	174	1.5751	0.3906	0.4223
ENSG00000267641.1	BNIP3P16	processed_pseudogene	10	9	1	1.0620	0.2634	0.2848
ENSG00000267642.1	AC091198.1	lncRNA	0	0	0	0.0000	0.0000	0.0000
ENSG00000267643.1	AP005264.3	lncRNA	0	0	0	0.0000	0.0000	0.0000
ENSG00000267644.1	AC061975.7	lncRNA	10	3	7	0.7865	0.1951	0.2109
ENSG00000267645.5	AC105052.3	protein_coding	0	0	0	0.0000	0.0000	0.0000
ENSG00000267646.1	AC008543.5	lncRNA	4	6	5	0.0902	0.0224	0.0242
ENSG00000267647.1	MAP1LC3P	processed_pseudogene	0	0	0	0.0000	0.0000	0.0000
ENSG00000267648.1	AC060766.5	transcribed_processed_pseudogene	14	9	5	0.9115	0.2260	0.2444
ENSG00000267649.1	AC010327.5	lncRNA	5	6	5	0.1798	0.0446	0.0482
ENSG00000267650.1	AC008742.1	lncRNA	5	284	253	0.2430	0.0603	0.0651
ENSG00000267651.1	AC015961.1	lncRNA	11	6	5	0.2937	0.0728	0.0787
ENSG00000267652.1	NPM1P1	processed_pseudogene	2	1	1	0.4847	0.1202	0.1300
ENSG00000267653.1	AC002546.1	lncRNA	0	0	0	0.0000	0.0000	0.0000
ENSG00000267655.1	AC125437.1	lncRNA	17	6	11	1.3502	0.3348	0.3620
ENSG00000267656.1	AP001357.2	processed_pseudogene	0	0	0	0.0000	0.0000	0.0000
ENSG00000267658.1	AC099811.3	lncRNA	13	11	6	1.7347	0.4302	0.4651
ENSG00000267659.5	LINC01482	lncRNA	7	3	4	0.1077	0.0267	0.0289
ENSG00000267661.1	AP001269.3	processed_pseudogene	0	0	0	0.0000	0.0000	0.0000
ENSG00000267662.1	AC025809.1	lncRNA	5	2	3	0.5063	0.1256	0.1358
ENSG00000267663.1	PPIAP56	processed_pseudogene	0	0	0	0.0000	0.0000	0.0000
ENSG00000267664.1	RPL17P45	processed_pseudogene	0	0	0	0.0000	0.0000	0.0000
ENSG00000267665.2	AC021683.3	lncRNA	3	1	2	0.0227	0.0056	0.0061
ENSG00000267666.2	AC004156.1	lncRNA	70	36	35	1.1961	0.2966	0.3207
ENSG00000267669.1	AC098847.1	transcribed_processed_pseudogene	1	0	1	0.0509	0.0126	0.0136
ENSG00000267670.1	AC022098.2	lncRNA	0	1	1	0.0000	0.0000	0.0000
ENSG00000267672.1	AC010632.2	lncRNA	2	1	1	0.0927	0.0230	0.0248
ENSG00000267673.6	FDX2	protein_coding	0	0	0	0.0000	0.0000	0.0000
ENSG00000267674.1	AC090227.3	lncRNA	1	1	0	0.1668	0.0414	0.0447
ENSG00000267675.1	AC105105.2	lncRNA	0	0	0	0.0000	0.0000	0.0000
ENSG00000267676.1	THA1P	unitary_pseudogene	7	3	4	0.3467	0.0860	0.0930
ENSG00000267677.1	AC016229.2	lncRNA	1	0	1	0.1360	0.0337	0.0365
ENSG00000267678.1	AC011921.2	processed_pseudogene	1	1	0	0.3731	0.0925	0.1000
ENSG00000267679.1	EIF5AP2	processed_pseudogene	1	0	1	0.0542	0.0134	0.0145
ENSG00000267680.5	ZNF224	protein_coding	653	801	804	5.2128	1.2927	1.3977
ENSG00000267681.1	AC135721.1	transcribed_processed_pseudogene	15	6	9	2.8355	0.7032	0.7603
ENSG00000267682.1	AC016590.2	lncRNA	9	5	4	1.3610	0.3375	0.3649
ENSG00000267683.1	AC008991.1	lncRNA	0	0	0	0.0000	0.0000	0.0000
ENSG00000267685.2	NTF6B	unprocessed_pseudogene	0	0	0	0.0000	0.0000	0.0000
ENSG00000267686.2	AC090771.2	lncRNA	0	0	0	0.0000	0.0000	0.0000
ENSG00000267687.1	AC010928.3	processed_pseudogene	0	0	0	0.0000	0.0000	0.0000
ENSG00000267688.1	KF456478.1	lncRNA	0	454	443	0.0000	0.0000	0.0000
ENSG00000267689.1	AC010525.2	processed_pseudogene	0	0	2	0.0000	0.0000	0.0000
ENSG00000267690.1	LDLRAD4-AS1	lncRNA	26	7	19	0.6733	0.1670	0.1805
ENSG00000267691.1	SHC1P2	processed_pseudogene	1	0	1	0.0386	0.0096	0.0104
ENSG00000267692.1	TAF9P3	processed_pseudogene	4	2	2	1.7861	0.4429	0.4789
ENSG00000267693.1	AC011477.4	processed_pseudogene	0	0	0	0.0000	0.0000	0.0000
ENSG00000267694.1	AP005131.5	lncRNA	3	2	1	0.3416	0.0847	0.0916
ENSG00000267695.1	AC105227.1	lncRNA	0	0	0	0.0000	0.0000	0.0000
ENSG00000267696.6	ERVK-28	lncRNA	1	1	0	0.0953	0.0236	0.0256
ENSG00000267698.1	AC002116.2	lncRNA	12	133	146	1.0584	0.2625	0.2838
ENSG00000267699.2	AC091551.1	protein_coding	0	0	0	0.0000	0.0000	0.0000
ENSG00000267703.1	AC020917.2	lncRNA	1	1	0	0.1414	0.0351	0.0379
ENSG00000267704.1	FRG2LP	processed_pseudogene	0	0	0	0.0000	0.0000	0.0000
ENSG00000267705.1	AC104365.3	lncRNA	0	35	39	0.0000	0.0000	0.0000
ENSG00000267706.3	AC020922.1	protein_coding	0	0	0	0.0000	0.0000	0.0000
ENSG00000267707.2	AC015961.2	lncRNA	4	6	9	0.3236	0.0802	0.0868
ENSG00000267708.1	RDM1P3	unprocessed_pseudogene	15	9	7	1.4692	0.3643	0.3939
ENSG00000267709.1	AC024592.2	lncRNA	0	0	0	0.0000	0.0000	0.0000
ENSG00000267710.9	EDDM13	protein_coding	32	14	19	0.7719	0.1914	0.2070
ENSG00000267711.1	AC060766.6	lncRNA	11	6	5	1.5833	0.3926	0.4245
ENSG00000267712.6	LINC01539	lncRNA	1	1	0	0.0116	0.0029	0.0031
ENSG00000267713.1	AC012433.1	transcribed_processed_pseudogene	0	0	0	0.0000	0.0000	0.0000
ENSG00000267714.2	AC008738.4	lncRNA	0	0	0	0.0000	0.0000	0.0000
ENSG00000267716.1	AC083760.1	processed_pseudogene	0	0	0	0.0000	0.0000	0.0000
ENSG00000267717.1	SRSF10P1	processed_pseudogene	1	0	1	0.0742	0.0184	0.0199
ENSG00000267719.1	LINC02078	lncRNA	1	0	1	0.0134	0.0033	0.0036
ENSG00000267722.1	AP002414.5	lncRNA	0	0	0	0.0000	0.0000	0.0000
ENSG00000267723.1	AC011509.2	lncRNA	11	4	7	0.9949	0.2467	0.2668
ENSG00000267724.1	AC012254.3	lncRNA	14	299	269	0.3750	0.0930	0.1006
ENSG00000267725.1	AC008521.2	processed_pseudogene	0	0	0	0.0000	0.0000	0.0000
ENSG00000267726.1	LINC02565	lncRNA	0	0	0	0.0000	0.0000	0.0000
ENSG00000267727.1	AC008738.5	lncRNA	0	38	48	0.0000	0.0000	0.0000
ENSG00000267729.1	AC010761.6	lncRNA	6	4	2	1.7272	0.4283	0.4631
ENSG00000267731.1	AC005332.2	lncRNA	65	41	24	1.2628	0.3132	0.3386
ENSG00000267732.2	AC006305.3	lncRNA	0	0	0	0.0000	0.0000	0.0000
ENSG00000267733.5	AP005264.4	transcribed_processed_pseudogene	0	0	0	0.0000	0.0000	0.0000
ENSG00000267734.1	AL121989.1	lncRNA	0	0	0	0.0000	0.0000	0.0000
ENSG00000267735.1	AC020934.2	lncRNA	0	494	447	0.0000	0.0000	0.0000
ENSG00000267736.2	HMGB2P1	transcribed_processed_pseudogene	6	4	2	0.5367	0.1331	0.1439
ENSG00000267737.1	AC087645.2	lncRNA	28	13	15	1.3868	0.3439	0.3718
ENSG00000267740.5	AC024592.3	protein_coding	0	0	0	0.0000	0.0000	0.0000
ENSG00000267741.1	UBE2L4	processed_pseudogene	1	0	1	0.1222	0.0303	0.0328
ENSG00000267742.1	SINHCAFP2	processed_pseudogene	2	2	0	0.1708	0.0424	0.0458
ENSG00000267743.5	AC107896.1	lncRNA	0	0	2	0.0000	0.0000	0.0000
ENSG00000267744.1	AC022916.3	transcribed_processed_pseudogene	0	0	0	0.0000	0.0000	0.0000
ENSG00000267745.1	AC060766.7	lncRNA	48	32	16	2.2459	0.5570	0.6022
ENSG00000267746.1	AC104985.1	lncRNA	0	0	0	0.0000	0.0000	0.0000
ENSG00000267748.4	AC011479.1	protein_coding	0	0	0	0.0000	0.0000	0.0000
ENSG00000267749.1	AC092068.3	lncRNA	5	2	3	0.1406	0.0349	0.0377
ENSG00000267750.6	RUNDC3A-AS1	lncRNA	7	5	7	0.0721	0.0179	0.0193
ENSG00000267751.5	AC009005.1	lncRNA	45	148	104	2.9502	0.7316	0.7911
ENSG00000267752.1	RPS10P27	processed_pseudogene	1	0	1	0.1143	0.0284	0.0307
ENSG00000267755.1	AC005329.2	lncRNA	0	186	179	0.0000	0.0000	0.0000
ENSG00000267756.1	AC006557.4	unprocessed_pseudogene	0	0	0	0.0000	0.0000	0.0000
ENSG00000267757.4	EML2-AS1	lncRNA	0	27	26	0.0000	0.0000	0.0000
ENSG00000267758.1	AC099811.4	lncRNA	2	2	0	0.2287	0.0567	0.0613
ENSG00000267760.1	AC011478.1	lncRNA	0	0	0	0.0000	0.0000	0.0000
ENSG00000267761.3	MIR4527HG	lncRNA	0	0	0	0.0000	0.0000	0.0000
ENSG00000267762.1	AC048380.1	lncRNA	1	0	1	0.1220	0.0302	0.0327
ENSG00000267764.1	AC093567.1	lncRNA	3	2	1	0.1940	0.0481	0.0520
ENSG00000267765.1	AC100793.3	lncRNA	1	81	77	0.0789	0.0196	0.0211
ENSG00000267766.1	AC022726.1	lncRNA	0	0	0	0.0000	0.0000	0.0000
ENSG00000267767.3	LINC01801	lncRNA	10	6	4	0.2093	0.0519	0.0561
ENSG00000267768.1	AC006504.6	processed_pseudogene	0	0	0	0.0000	0.0000	0.0000
ENSG00000267769.1	AC011498.6	lncRNA	10	122	147	1.1120	0.2758	0.2982
ENSG00000267770.1	AC016182.1	processed_pseudogene	0	0	0	0.0000	0.0000	0.0000
ENSG00000267771.1	AC011447.4	unprocessed_pseudogene	2	0	2	1.0218	0.2534	0.2740
ENSG00000267772.1	LINC01999	lncRNA	0	0	0	0.0000	0.0000	0.0000
ENSG00000267773.1	AP001120.3	unprocessed_pseudogene	0	0	0	0.0000	0.0000	0.0000
ENSG00000267774.2	AC010776.2	lncRNA	1	1	1	0.0525	0.0130	0.0141
ENSG00000267775.1	OR7E16P	unprocessed_pseudogene	0	0	0	0.0000	0.0000	0.0000
ENSG00000267777.2	LINC01791	lncRNA	0	0	0	0.0000	0.0000	0.0000
ENSG00000267778.1	AC004221.1	lncRNA	11	6	5	0.7391	0.1833	0.1982
ENSG00000267779.7	LINC01533	lncRNA	0	0	0	0.0000	0.0000	0.0000
ENSG00000267780.2	AC021594.2	lncRNA	0	0	0	0.0000	0.0000	0.0000
ENSG00000267781.1	SLC25A36P1	processed_pseudogene	0	0	0	0.0000	0.0000	0.0000
ENSG00000267782.1	AC022916.4	lncRNA	0	0	0	0.0000	0.0000	0.0000
ENSG00000267783.1	AC022098.3	lncRNA	8	5	7	1.4403	0.3572	0.3862
ENSG00000267784.1	AC010680.1	lncRNA	0	0	1	0.0000	0.0000	0.0000
ENSG00000267786.1	AF038458.3	lncRNA	0	0	0	0.0000	0.0000	0.0000
ENSG00000267787.7	AC027097.2	lncRNA	92	363	333	0.9571	0.2374	0.2566
ENSG00000267788.1	AC015936.2	lncRNA	0	0	0	0.0000	0.0000	0.0000
ENSG00000267789.1	AC100775.1	lncRNA	0	0	0	0.0000	0.0000	0.0000
ENSG00000267790.1	LINC01987	lncRNA	1	0	1	0.0249	0.0062	0.0067
ENSG00000267791.1	AC018761.4	lncRNA	0	88	89	0.0000	0.0000	0.0000
ENSG00000267792.1	WBP1LP11	processed_pseudogene	0	0	0	0.0000	0.0000	0.0000
ENSG00000267793.1	AC009977.1	transcribed_processed_pseudogene	0	0	0	0.0000	0.0000	0.0000
ENSG00000267794.1	AP001120.4	processed_pseudogene	0	0	0	0.0000	0.0000	0.0000
ENSG00000267795.6	SMIM22	protein_coding	643	1236	1214	20.5898	5.1061	5.5208
ENSG00000267796.8	LIN37	protein_coding	46	29	26	0.9251	0.2294	0.2480
ENSG00000267797.1	NRBF2P1	processed_pseudogene	0	0	0	0.0000	0.0000	0.0000
ENSG00000267799.1	MAN1A2P1	processed_pseudogene	0	0	0	0.0000	0.0000	0.0000
ENSG00000267800.1	AC012254.4	processed_pseudogene	2	10	11	0.4155	0.1030	0.1114
ENSG00000267801.1	AC087289.5	lncRNA	113	319	311	2.0183	0.5005	0.5412
ENSG00000267808.1	AC018755.1	lncRNA	3	3	0	0.1439	0.0357	0.0386
ENSG00000267809.1	NDUFV2P1	processed_pseudogene	89	39	50	5.5647	1.3800	1.4921
ENSG00000267811.1	AP001160.2	lncRNA	2	21	14	0.2329	0.0578	0.0624
ENSG00000267815.1	AC008655.1	lncRNA	0	647	586	0.0000	0.0000	0.0000
ENSG00000267827.5	AC011468.2	lncRNA	0	0	0	0.0000	0.0000	0.0000
ENSG00000267828.1	Y_RNA	misc_RNA	0	0	0	0.0000	0.0000	0.0000
ENSG00000267834.1	AL592211.1	lncRNA	10	6	5	1.1410	0.2830	0.3060
ENSG00000267838.2	AC245884.8	lncRNA	42	25	17	2.7066	0.6712	0.7257
ENSG00000267852.1	AC119396.2	lncRNA	9	6	4	1.4060	0.3487	0.3770
ENSG00000267855.6	NDUFA7	protein_coding	32	14	18	1.3037	0.3233	0.3496
ENSG00000267857.2	AL133499.1	lncRNA	1	1	0	0.0933	0.0231	0.0250
ENSG00000267858.6	MZF1-AS1	lncRNA	368	387	378	5.4375	1.3485	1.4580
ENSG00000267868.1	AL356740.1	lncRNA	23	12	11	1.0057	0.2494	0.2696
ENSG00000267871.6	ZNF460-AS1	lncRNA	76	42	34	2.6737	0.6630	0.7169
ENSG00000267872.1	AC073539.1	lncRNA	0	0	0	0.0000	0.0000	0.0000
ENSG00000267879.2	AC011483.1	lncRNA	1	0	1	0.0174	0.0043	0.0047
ENSG00000267881.2	AC243967.1	protein_coding	0	0	0	0.0000	0.0000	0.0000
ENSG00000267882.2	AL031666.2	lncRNA	4	6	5	0.1007	0.0250	0.0270
ENSG00000267886.1	AC074135.1	lncRNA	61	29	32	3.5774	0.8871	0.9592
ENSG00000267890.1	AC010624.2	lncRNA	0	0	0	0.0000	0.0000	0.0000
ENSG00000267892.1	AC022144.1	lncRNA	91	56	66	3.2662	0.8100	0.8758
ENSG00000267895.1	AC063977.1	transcribed_unprocessed_pseudogene	0	0	0	0.0000	0.0000	0.0000
ENSG00000267898.1	AC026803.2	lncRNA	24	10	14	1.4387	0.3568	0.3858
ENSG00000267904.1	AC024075.1	lncRNA	95	47	48	9.8671	2.4469	2.6457
ENSG00000267905.5	AC008750.2	lncRNA	2	0	2	0.2589	0.0642	0.0694
ENSG00000267908.2	ZSCAN5DP	unprocessed_pseudogene	2	2	0	0.0762	0.0189	0.0204
ENSG00000267909.3	CCDC177	protein_coding	28	13	15	0.3797	0.0942	0.1018
ENSG00000267919.1	AC009955.2	lncRNA	0	0	0	0.0000	0.0000	0.0000
ENSG00000267920.1	SNX6P1	processed_pseudogene	0	0	0	0.0000	0.0000	0.0000
ENSG00000267922.1	AC007785.1	lncRNA	6	9	4	1.0249	0.2542	0.2748
ENSG00000267924.1	AC139769.2	lncRNA	4	872	987	0.0990	0.0246	0.0265
ENSG00000267927.1	AC010320.1	lncRNA	2	1	1	0.1962	0.0487	0.0526
ENSG00000267934.1	AC010300.1	lncRNA	95	45	50	1.0494	0.2602	0.2814
ENSG00000267938.1	EIF1P6	unprocessed_pseudogene	4	3	1	0.6792	0.1684	0.1821
ENSG00000267939.1	AC008946.1	lncRNA	25	12	13	3.3676	0.8351	0.9030
ENSG00000267940.1	AC022762.2	lncRNA	55	24	31	2.3053	0.5717	0.6181
ENSG00000267943.1	AC010328.1	lncRNA	2	1	1	0.0279	0.0069	0.0075
ENSG00000267952.1	AC008878.1	protein_coding	0	0	0	0.0000	0.0000	0.0000
ENSG00000267959.3	MIR3188	miRNA	0	0	0	0.0000	0.0000	0.0000
ENSG00000267961.2	OR10B1P	unprocessed_pseudogene	1	0	1	0.0592	0.0147	0.0159
ENSG00000267968.1	AC011523.1	lncRNA	0	0	0	0.0000	0.0000	0.0000
ENSG00000267978.5	MAGEA9B	protein_coding	0	0	0	0.0000	0.0000	0.0000
ENSG00000267980.1	AC007292.1	lncRNA	12	631	665	0.9122	0.2262	0.2446
ENSG00000267984.1	AC008750.3	lncRNA	0	415	428	0.0000	0.0000	0.0000
ENSG00000267986.1	AC130469.1	lncRNA	0	0	0	0.0000	0.0000	0.0000
ENSG00000267990.1	AC063977.2	unprocessed_pseudogene	2	1	1	0.2694	0.0668	0.0722
ENSG00000267992.1	AC010605.1	lncRNA	1	47	46	0.0712	0.0176	0.0191
ENSG00000268001.1	CARD8-AS1	lncRNA	170	96	101	4.8962	1.2142	1.3128
ENSG00000268006.1	PTOV1-AS1	lncRNA	88	396	403	1.1874	0.2945	0.3184
ENSG00000268009.6	SSX4	protein_coding	0	0	0	0.0000	0.0000	0.0000
ENSG00000268015.1	AC010320.2	lncRNA	1	709	678	0.0506	0.0125	0.0136
ENSG00000268020.3	OR4G4P	unprocessed_pseudogene	0	0	0	0.0000	0.0000	0.0000
ENSG00000268027.5	AC243960.1	lncRNA	17	7	10	0.6695	0.1660	0.1795
ENSG00000268030.1	AC005253.1	lncRNA	25	172	160	0.7085	0.1757	0.1900
ENSG00000268034.1	AC243960.2	processed_pseudogene	4	3	1	0.3037	0.0753	0.0814
ENSG00000268038.3	LINC01785	lncRNA	0	0	0	0.0000	0.0000	0.0000
ENSG00000268041.2	ERFL	protein_coding	17	9	9	0.4639	0.1151	0.1244
ENSG00000268043.7	NBPF12	protein_coding	528	273	262	4.1176	1.0211	1.1041
ENSG00000268047.1	AC018766.1	lncRNA	7	354	355	0.8202	0.2034	0.2199
ENSG00000268049.1	AC012313.2	lncRNA	38	54	56	1.8674	0.4631	0.5007
ENSG00000268051.1	AC008395.1	lncRNA	0	0	0	0.0000	0.0000	0.0000
ENSG00000268053.1	AC007785.2	processed_pseudogene	0	0	0	0.0000	0.0000	0.0000
ENSG00000268055.1	AC067969.1	lncRNA	0	0	0	0.0000	0.0000	0.0000
ENSG00000268056.5	AC020913.1	lncRNA	2	243	282	0.2291	0.0568	0.0614
ENSG00000268058.1	BNIP3P40	processed_pseudogene	1	0	1	0.1020	0.0253	0.0273
ENSG00000268061.5	NAPA-AS1	lncRNA	39	842	1008	1.1677	0.2896	0.3131
ENSG00000268062.1	SRP14P4	processed_pseudogene	12	6	6	3.3523	0.8313	0.8989
ENSG00000268066.5	FMR1-AS1	lncRNA	7	6	1	0.1663	0.0412	0.0446
ENSG00000268067.3	OR5AH1P	transcribed_unprocessed_pseudogene	0	0	0	0.0000	0.0000	0.0000
ENSG00000268069.2	AC004466.1	lncRNA	2	309	295	0.1050	0.0260	0.0282
ENSG00000268070.1	AC006539.2	processed_pseudogene	4	3	1	0.3966	0.0983	0.1063
ENSG00000268074.1	RPL22P5	processed_pseudogene	1	0	1	0.1458	0.0362	0.0391
ENSG00000268078.1	AC135012.2	lncRNA	0	0	0	0.0000	0.0000	0.0000
ENSG00000268079.1	BNIP3P30	processed_pseudogene	2	2	0	0.1976	0.0490	0.0530
ENSG00000268080.2	AC016885.3	processed_pseudogene	0	0	0	0.0000	0.0000	0.0000
ENSG00000268081.1	AC123912.1	lncRNA	1	1	1	0.1269	0.0315	0.0340
ENSG00000268083.5	AC008982.1	protein_coding	0	0	0	0.0000	0.0000	0.0000
ENSG00000268087.1	AC008764.2	lncRNA	88	40	48	13.2725	3.2915	3.5588
ENSG00000268088.1	AC093063.1	transcribed_unprocessed_pseudogene	0	0	0	0.0000	0.0000	0.0000
ENSG00000268089.3	GABRQ	protein_coding	9	2	7	0.0789	0.0196	0.0212
ENSG00000268093.1	AC022154.1	lncRNA	13	68	75	0.5543	0.1375	0.1486
ENSG00000268095.1	ZNF649-AS1	lncRNA	2	68	43	0.1959	0.0486	0.0525
ENSG00000268100.1	ZNF725P	unprocessed_pseudogene	4	3	1	0.1390	0.0345	0.0373
ENSG00000268101.2	CYP2G2P	unprocessed_pseudogene	0	0	0	0.0000	0.0000	0.0000
ENSG00000268104.3	SLC6A14	protein_coding	11	6	5	0.1375	0.0341	0.0369
ENSG00000268105.1	AC124856.1	processed_pseudogene	6	2	4	0.3798	0.0942	0.1018
ENSG00000268107.6	AC003005.1	protein_coding	0	0	0	0.0000	0.0000	0.0000
ENSG00000268108.1	AC008687.2	lncRNA	0	0	0	0.0000	0.0000	0.0000
ENSG00000268112.1	AC008761.1	lncRNA	0	211	214	0.0000	0.0000	0.0000
ENSG00000268116.1	AC073539.2	processed_pseudogene	0	0	0	0.0000	0.0000	0.0000
ENSG00000268117.1	VN1R84P	unprocessed_pseudogene	0	0	0	0.0000	0.0000	0.0000
ENSG00000268119.6	AC010615.2	lncRNA	159	92	68	1.4487	0.3593	0.3885
ENSG00000268120.1	AC010336.3	lncRNA	0	552	524	0.0000	0.0000	0.0000
ENSG00000268129.1	AC026304.1	lncRNA	0	65	71	0.0000	0.0000	0.0000
ENSG00000268133.1	AC003002.1	protein_coding	0	0	0	0.0000	0.0000	0.0000
ENSG00000268140.1	PCGF7P	processed_pseudogene	4	1	3	0.2158	0.0535	0.0579
ENSG00000268144.1	NIFKP6	processed_pseudogene	0	0	0	0.0000	0.0000	0.0000
ENSG00000268148.1	VN1R91P	unprocessed_pseudogene	0	0	0	0.0000	0.0000	0.0000
ENSG00000268149.1	AC010336.4	lncRNA	0	193	200	0.0000	0.0000	0.0000
ENSG00000268153.5	AC005176.1	transcribed_unprocessed_pseudogene	0	0	0	0.0000	0.0000	0.0000
ENSG00000268154.2	Metazoa_SRP	misc_RNA	3	0	3	0.6012	0.1491	0.1612
ENSG00000268157.1	AC010524.1	lncRNA	2	2	0	0.2296	0.0569	0.0616
ENSG00000268163.1	AC004076.1	protein_coding	1	0	2	0.0552	0.0137	0.0148
ENSG00000268170.2	AC073342.1	lncRNA	0	0	0	0.0000	0.0000	0.0000
ENSG00000268173.3	AC007192.1	protein_coding	0	0	0	0.0000	0.0000	0.0000
ENSG00000268174.1	BNIP3P22	processed_pseudogene	0	0	0	0.0000	0.0000	0.0000
ENSG00000268181.3	AC073188.6	lncRNA	0	0	0	0.0000	0.0000	0.0000
ENSG00000268182.6	SMIM17	protein_coding	32	16	16	0.7136	0.1770	0.1913
ENSG00000268184.1	AC092364.1	lncRNA	1	0	1	0.0616	0.0153	0.0165
ENSG00000268186.1	ZNF114-AS1	lncRNA	0	0	0	0.0000	0.0000	0.0000
ENSG00000268189.2	AC005785.1	lncRNA	22	293	269	0.6529	0.1619	0.1751
ENSG00000268191.1	AC010503.1	lncRNA	0	0	1	0.0000	0.0000	0.0000
ENSG00000268193.5	AC002985.1	protein_coding	0	0	0	0.0000	0.0000	0.0000
ENSG00000268199.2	AC010335.1	lncRNA	0	101	89	0.0000	0.0000	0.0000
ENSG00000268201.1	AC020915.1	lncRNA	15	10	13	1.5466	0.3836	0.4147
ENSG00000268203.1	AC010503.2	lncRNA	0	0	0	0.0000	0.0000	0.0000
ENSG00000268204.1	AC008763.1	lncRNA	108	69	65	7.2653	1.8017	1.9481
ENSG00000268205.1	AC005261.1	lncRNA	1505	739	766	20.0443	4.9708	5.3745
ENSG00000268209.1	AC114786.4	unprocessed_pseudogene	0	0	0	0.0000	0.0000	0.0000
ENSG00000268218.1	AC137932.3	lncRNA	28	51	56	0.4338	0.1076	0.1163
ENSG00000268221.6	OPN1MW	protein_coding	0	0	0	0.0000	0.0000	0.0000
ENSG00000268222.1	EEF1A1P7	processed_pseudogene	13	10	3	0.5289	0.1312	0.1418
ENSG00000268223.6	ARL14EPL	protein_coding	4	4	0	0.1185	0.0294	0.0318
ENSG00000268230.5	AC012313.3	lncRNA	35	30	27	0.4782	0.1186	0.1282
ENSG00000268231.1	AC008743.1	lncRNA	0	0	0	0.0000	0.0000	0.0000
ENSG00000268234.1	FKBP4P6	processed_pseudogene	0	0	0	0.0000	0.0000	0.0000
ENSG00000268235.7	TCP11X1	protein_coding	0	0	0	0.0000	0.0000	0.0000
ENSG00000268238.1	IGFL1P2	unprocessed_pseudogene	1	1	0	0.1718	0.0426	0.0461
ENSG00000268240.1	AC123912.2	lncRNA	0	0	0	0.0000	0.0000	0.0000
ENSG00000268243.1	RPS29P30	processed_pseudogene	0	0	0	0.0000	0.0000	0.0000
ENSG00000268257.2	AIRN	lncRNA	0	0	0	0.0000	0.0000	0.0000
ENSG00000268266.1	AC003005.2	lncRNA	1	1	0	0.0854	0.0212	0.0229
ENSG00000268267.1	SIGLEC29P	unprocessed_pseudogene	1	0	1	0.0509	0.0126	0.0136
ENSG00000268272.1	VN1R78P	unprocessed_pseudogene	0	0	0	0.0000	0.0000	0.0000
ENSG00000268278.1	AC123912.3	unprocessed_pseudogene	0	0	0	0.0000	0.0000	0.0000
ENSG00000268279.4	AC090004.1	protein_coding	6	4	2	0.2549	0.0632	0.0683
ENSG00000268282.1	AC010328.2	processed_pseudogene	1	0	1	0.0510	0.0127	0.0137
ENSG00000268287.1	AC008687.3	lncRNA	0	0	0	0.0000	0.0000	0.0000
ENSG00000268288.1	AL589765.5	lncRNA	0	2	6	0.0000	0.0000	0.0000
ENSG00000268289.1	AC020908.1	lncRNA	0	0	1	0.0000	0.0000	0.0000
ENSG00000268292.1	AC006547.3	lncRNA	0	405	391	0.0000	0.0000	0.0000
ENSG00000268293.1	AC008751.1	processed_pseudogene	0	0	0	0.0000	0.0000	0.0000
ENSG00000268295.1	POLR3GP1	transcribed_processed_pseudogene	3	1	2	0.6518	0.1616	0.1748
ENSG00000268296.2	AC022145.1	lncRNA	0	0	0	0.0000	0.0000	0.0000
ENSG00000268297.1	CLEC4GP1	unprocessed_pseudogene	1	0	1	0.0652	0.0162	0.0175
ENSG00000268307.1	LINC02560	lncRNA	35	12	23	4.3243	1.0724	1.1595
ENSG00000268309.1	AC008764.3	lncRNA	0	795	799	0.0000	0.0000	0.0000
ENSG00000268316.1	AC006272.1	lncRNA	7	4	4	0.7191	0.1783	0.1928
ENSG00000268318.5	LINC01872	lncRNA	0	0	0	0.0000	0.0000	0.0000
ENSG00000268320.4	SCGB1C2	protein_coding	0	0	0	0.0000	0.0000	0.0000
ENSG00000268322.1	BNIP3P25	processed_pseudogene	0	0	0	0.0000	0.0000	0.0000
ENSG00000268324.2	LRRC2-AS1	lncRNA	0	0	0	0.0000	0.0000	0.0000
ENSG00000268326.1	AC008739.1	lncRNA	1	0	1	0.0986	0.0245	0.0264
ENSG00000268333.1	AL132655.1	lncRNA	1	1	0	0.0492	0.0122	0.0132
ENSG00000268335.1	BNIP3P23	processed_pseudogene	0	0	0	0.0000	0.0000	0.0000
ENSG00000268336.1	SIGLEC20P	unprocessed_pseudogene	1	0	1	0.0433	0.0107	0.0116
ENSG00000268350.7	FAM156A	protein_coding	7	1	8	0.0601	0.0149	0.0161
ENSG00000268355.1	AC243960.3	lncRNA	37	18	19	2.1654	0.5370	0.5806
ENSG00000268357.1	VN1R81P	unprocessed_pseudogene	0	0	0	0.0000	0.0000	0.0000
ENSG00000268361.1	L34079.1	protein_coding	0	0	0	0.0000	0.0000	0.0000
ENSG00000268362.6	AC092279.1	lncRNA	602	311	291	2.7928	0.6926	0.7488
ENSG00000268364.2	SMC5-AS1	lncRNA	27	24	34	0.6375	0.1581	0.1709
ENSG00000268366.1	AC010271.1	lncRNA	5	9	9	0.5082	0.1260	0.1363
ENSG00000268375.1	AC010325.2	lncRNA	0	0	0	0.0000	0.0000	0.0000
ENSG00000268379.1	AC025588.1	processed_pseudogene	22	16	6	0.6021	0.1493	0.1615
ENSG00000268388.6	FENDRR	lncRNA	4	1	3	0.0330	0.0082	0.0088
ENSG00000268390.1	AC011473.1	lncRNA	0	0	0	0.0000	0.0000	0.0000
ENSG00000268391.1	MTCO3P42	processed_pseudogene	0	0	0	0.0000	0.0000	0.0000
ENSG00000268392.1	AC003682.1	lncRNA	3	1	2	0.3682	0.0913	0.0987
ENSG00000268400.5	AC008763.2	protein_coding	1	1	0	0.0415	0.0103	0.0111
ENSG00000268401.2	AC007785.3	lncRNA	10	5	5	0.1720	0.0427	0.0461
ENSG00000268403.2	AC132192.2	lncRNA	87	70	56	4.3015	1.0667	1.1534
ENSG00000268407.1	AC006115.1	processed_pseudogene	0	0	0	0.0000	0.0000	0.0000
ENSG00000268412.2	TRMT112P6	processed_pseudogene	1	1	0	0.1524	0.0378	0.0409
ENSG00000268416.1	AC010329.1	lncRNA	102	49	53	0.6946	0.1722	0.1862
ENSG00000268433.1	MTDHP3	processed_pseudogene	0	0	0	0.0000	0.0000	0.0000
ENSG00000268434.5	AC011530.1	protein_coding	0	0	0	0.0000	0.0000	0.0000
ENSG00000268438.1	BNIP3P27	processed_pseudogene	2	1	1	0.2753	0.0683	0.0738
ENSG00000268442.1	AC073534.1	processed_pseudogene	25	13	12	1.3426	0.3329	0.3600
ENSG00000268447.6	SSX2B	protein_coding	0	0	0	0.0000	0.0000	0.0000
ENSG00000268455.1	AC073544.1	unprocessed_pseudogene	0	0	0	0.0000	0.0000	0.0000
ENSG00000268458.1	AC011468.3	lncRNA	2	2	0	0.3416	0.0847	0.0916
ENSG00000268460.2	AC006262.1	lncRNA	179	93	90	1.4231	0.3529	0.3816
ENSG00000268461.2	AC078899.2	unprocessed_pseudogene	1	1	0	0.2675	0.0663	0.0717
ENSG00000268465.1	AC008403.1	protein_coding	0	0	0	0.0000	0.0000	0.0000
ENSG00000268469.1	BNIP3P38	processed_pseudogene	0	0	0	0.0000	0.0000	0.0000
ENSG00000268471.6	MIR4453HG	lncRNA	318	164	154	6.0113	1.4907	1.6118
ENSG00000268472.2	AP002884.3	lncRNA	1	3	1	0.0501	0.0124	0.0134
ENSG00000268473.1	AC092327.1	processed_pseudogene	0	0	0	0.0000	0.0000	0.0000
ENSG00000268475.1	AC011462.2	lncRNA	0	77	58	0.0000	0.0000	0.0000
ENSG00000268480.3	NFILZ	protein_coding	1	1	0	0.0336	0.0083	0.0090
ENSG00000268483.1	RPL7AP69	processed_pseudogene	0	0	0	0.0000	0.0000	0.0000
ENSG00000268486.5	FO681491.1	transcribed_unprocessed_pseudogene	0	0	0	0.0000	0.0000	0.0000
ENSG00000268496.1	AC245884.9	lncRNA	0	0	1	0.0000	0.0000	0.0000
ENSG00000268499.1	AC011479.2	lncRNA	3	1	2	0.3938	0.0977	0.1056
ENSG00000268500.5	AC018755.2	protein_coding	0	0	0	0.0000	0.0000	0.0000
ENSG00000268505.1	AC135012.3	lncRNA	0	0	0	0.0000	0.0000	0.0000
ENSG00000268509.2	AC026202.3	lncRNA	0	61	45	0.0000	0.0000	0.0000
ENSG00000268510.1	IFNL3P1	unprocessed_pseudogene	2	2	0	0.2264	0.0561	0.0607
ENSG00000268516.2	AC020915.2	lncRNA	146	124	144	3.0575	0.7582	0.8198
ENSG00000268518.1	AC020909.2	lncRNA	0	13	21	0.0000	0.0000	0.0000
ENSG00000268520.1	AC008750.4	lncRNA	4	2	2	0.4796	0.1189	0.1286
ENSG00000268521.1	VN1R83P	unprocessed_pseudogene	42	17	25	5.3524	1.3273	1.4352
ENSG00000268529.1	CYP2T3P	unprocessed_pseudogene	0	0	2	0.0000	0.0000	0.0000
ENSG00000268530.6	AC008403.2	lncRNA	0	112	99	0.0000	0.0000	0.0000
ENSG00000268531.3	AC060814.2	lncRNA	4	2	2	0.1049	0.0260	0.0281
ENSG00000268532.1	LINC02135	lncRNA	0	0	0	0.0000	0.0000	0.0000
ENSG00000268533.1	AC003002.2	protein_coding	8	2	6	0.8708	0.2159	0.2335
ENSG00000268535.1	MTDHP4	processed_pseudogene	0	0	0	0.0000	0.0000	0.0000
ENSG00000268536.1	AC005523.1	lncRNA	13	6	7	1.7637	0.4374	0.4729
ENSG00000268541.1	VN1R88P	unprocessed_pseudogene	0	0	0	0.0000	0.0000	0.0000
ENSG00000268543.1	AC012313.4	TEC	28	8	21	3.2078	0.7955	0.8601
ENSG00000268545.1	VN1R107P	unprocessed_pseudogene	0	0	0	0.0000	0.0000	0.0000
ENSG00000268555.2	AC123912.4	lncRNA	0	0	0	0.0000	0.0000	0.0000
ENSG00000268560.1	AC010636.1	lncRNA	2	0	2	0.1806	0.0448	0.0484
ENSG00000268564.1	AC003956.1	lncRNA	14	9	8	2.2302	0.5531	0.5980
ENSG00000268565.1	AC005339.1	lncRNA	0	257	232	0.0000	0.0000	0.0000
ENSG00000268566.6	AC100781.1	lncRNA	0	0	0	0.0000	0.0000	0.0000
ENSG00000268573.1	AC011815.1	lncRNA	139	64	75	1.7989	0.4461	0.4823
ENSG00000268575.1	AL031282.2	lncRNA	101	110	94	1.1277	0.2797	0.3024
ENSG00000268580.1	LINC01966	lncRNA	1	0	1	0.0691	0.0171	0.0185
ENSG00000268581.1	SIGLEC18P	unprocessed_pseudogene	1	1	0	0.0624	0.0155	0.0167
ENSG00000268582.1	AC243960.4	processed_pseudogene	0	0	0	0.0000	0.0000	0.0000
ENSG00000268583.2	AC011466.1	lncRNA	11	82	72	0.2868	0.0711	0.0769
ENSG00000268584.1	AC073389.1	lncRNA	41	31	15	2.9247	0.7253	0.7842
ENSG00000268589.1	AC011467.2	unprocessed_pseudogene	0	0	0	0.0000	0.0000	0.0000
ENSG00000268592.3	RAET1E-AS1	lncRNA	0	2	1	0.0000	0.0000	0.0000
ENSG00000268593.3	AC008749.1	processed_pseudogene	0	0	0	0.0000	0.0000	0.0000
ENSG00000268595.1	AC063977.3	lncRNA	0	0	0	0.0000	0.0000	0.0000
ENSG00000268597.1	AC073539.3	lncRNA	0	0	0	0.0000	0.0000	0.0000
ENSG00000268598.1	VN1R80P	unprocessed_pseudogene	2	1	1	0.3356	0.0832	0.0900
ENSG00000268601.1	AC115522.1	lncRNA	24	9	15	2.4479	0.6071	0.6564
ENSG00000268603.1	AC053503.4	lncRNA	2	5	8	0.1783	0.0442	0.0478
ENSG00000268605.1	AC011497.1	lncRNA	0	0	3	0.0000	0.0000	0.0000
ENSG00000268606.5	MAGEA2	protein_coding	0	0	0	0.0000	0.0000	0.0000
ENSG00000268614.1	AC008878.2	protein_coding	0	0	0	0.0000	0.0000	0.0000
ENSG00000268615.1	AL353803.5	lncRNA	33	13	20	13.2725	3.2915	3.5588
ENSG00000268618.1	AC092316.1	lncRNA	0	0	2	0.0000	0.0000	0.0000
ENSG00000268620.1	AC078899.3	unprocessed_pseudogene	0	0	0	0.0000	0.0000	0.0000
ENSG00000268621.6	IGFL2-AS1	lncRNA	21	15	21	0.3570	0.0885	0.0957
ENSG00000268623.2	AC020904.1	processed_pseudogene	0	0	0	0.0000	0.0000	0.0000
ENSG00000268628.2	AL121761.1	lncRNA	0	14	2	0.0000	0.0000	0.0000
ENSG00000268629.8	TEX13A	protein_coding	0	0	0	0.0000	0.0000	0.0000
ENSG00000268635.2	AP003680.1	lncRNA	5	56	67	0.0775	0.0192	0.0208
ENSG00000268636.1	AC011495.2	lncRNA	0	46	63	0.0000	0.0000	0.0000
ENSG00000268643.2	AC006486.1	protein_coding	0	0	0	0.0000	0.0000	0.0000
ENSG00000268649.5	AL132655.2	lncRNA	4	2	2	0.3819	0.0947	0.1024
ENSG00000268650.3	AC005759.1	lncRNA	0	6	3	0.0000	0.0000	0.0000
ENSG00000268651.3	CTAG1A	protein_coding	0	0	0	0.0000	0.0000	0.0000
ENSG00000268652.1	AC063977.4	processed_pseudogene	0	0	0	0.0000	0.0000	0.0000
ENSG00000268654.2	MIMT1	lncRNA	2	1	1	0.0557	0.0138	0.0149
ENSG00000268655.2	AC008687.4	protein_coding	6	4	2	0.1938	0.0481	0.0520
ENSG00000268658.5	LINC00664	lncRNA	28	17	11	0.2696	0.0669	0.0723
ENSG00000268659.2	AL589863.1	lncRNA	0	0	0	0.0000	0.0000	0.0000
ENSG00000268660.1	LETM1P2	processed_pseudogene	3	2	1	0.0781	0.0194	0.0209
ENSG00000268663.1	WBP1LP6	processed_pseudogene	1	0	1	0.1337	0.0332	0.0359
ENSG00000268669.1	AC008687.5	unprocessed_pseudogene	0	0	0	0.0000	0.0000	0.0000
ENSG00000268670.1	AC016586.1	lncRNA	32	16	16	2.6531	0.6579	0.7114
ENSG00000268673.3	AC004597.1	lncRNA	0	0	1	0.0000	0.0000	0.0000
ENSG00000268677.1	AC011495.3	lncRNA	0	2	4	0.0000	0.0000	0.0000
ENSG00000268678.1	AC005261.2	lncRNA	4	33	30	0.2171	0.0538	0.0582
ENSG00000268681.1	COX6CP7	processed_pseudogene	0	0	0	0.0000	0.0000	0.0000
ENSG00000268683.1	AC020910.2	lncRNA	4	3	1	0.5492	0.1362	0.1473
ENSG00000268685.1	AC011494.1	processed_pseudogene	0	0	0	0.0000	0.0000	0.0000
ENSG00000268686.2	AC010643.1	lncRNA	22	10	12	0.3253	0.0807	0.0872
ENSG00000268696.3	ZNF723	protein_coding	0	0	0	0.0000	0.0000	0.0000
ENSG00000268705.1	BNIP3P26	processed_pseudogene	2	1	1	0.2047	0.0508	0.0549
ENSG00000268707.1	AL158151.4	lncRNA	4	3	1	0.4474	0.1110	0.1200
ENSG00000268711.1	AC008750.5	unprocessed_pseudogene	0	0	0	0.0000	0.0000	0.0000
ENSG00000268713.1	AC005261.3	lncRNA	0	0	0	0.0000	0.0000	0.0000
ENSG00000268717.1	BNIP3P33	processed_pseudogene	9	5	4	0.8970	0.2224	0.2405
ENSG00000268723.1	AC005261.4	processed_pseudogene	2	1	1	0.3195	0.0792	0.0857
ENSG00000268729.1	AC020922.2	lncRNA	0	14	15	0.0000	0.0000	0.0000
ENSG00000268731.1	AC010615.3	processed_pseudogene	0	0	0	0.0000	0.0000	0.0000
ENSG00000268734.1	AC245128.3	lncRNA	0	0	0	0.0000	0.0000	0.0000
ENSG00000268736.1	MTCO3P39	processed_pseudogene	0	0	0	0.0000	0.0000	0.0000
ENSG00000268738.3	HSFX2	protein_coding	1	0	1	0.0288	0.0072	0.0077
ENSG00000268739.1	AC011473.2	lncRNA	0	12	9	0.0000	0.0000	0.0000
ENSG00000268742.1	AC010503.3	processed_pseudogene	0	0	0	0.0000	0.0000	0.0000
ENSG00000268743.1	AC008737.1	lncRNA	4	2	2	0.6114	0.1516	0.1639
ENSG00000268744.1	AC008758.4	lncRNA	3	1	2	0.0656	0.0163	0.0176
ENSG00000268745.1	AL365205.3	lncRNA	0	6	5	0.0000	0.0000	0.0000
ENSG00000268746.1	AC010519.1	lncRNA	1	1	0	0.1649	0.0409	0.0442
ENSG00000268747.1	AC022432.1	processed_pseudogene	3	2	1	0.5488	0.1361	0.1472
ENSG00000268750.7	AC010522.1	protein_coding	0	0	0	0.0000	0.0000	0.0000
ENSG00000268751.1	SCGB1B2P	lncRNA	68	36	32	6.2602	1.5525	1.6786
ENSG00000268754.4	LINC01081	lncRNA	1	0	1	0.0283	0.0070	0.0076
ENSG00000268756.1	AC104534.1	lncRNA	12	6	6	1.2023	0.2982	0.3224
ENSG00000268758.7	ADGRE4P	transcribed_unprocessed_pseudogene	15	8	9	0.2561	0.0635	0.0687
ENSG00000268764.1	AC011465.1	lncRNA	2	2	0	0.3458	0.0858	0.0927
ENSG00000268777.1	AC020914.1	lncRNA	0	24	33	0.0000	0.0000	0.0000
ENSG00000268785.1	RPL7P50	processed_pseudogene	2	2	0	0.1560	0.0387	0.0418
ENSG00000268789.1	VN1R87P	unprocessed_pseudogene	4	4	0	0.4658	0.1155	0.1249
ENSG00000268790.5	AC008764.4	protein_coding	1	0	1	0.0479	0.0119	0.0128
ENSG00000268794.1	VN1R90P	unprocessed_pseudogene	0	0	0	0.0000	0.0000	0.0000
ENSG00000268797.1	AC008537.1	protein_coding	0	0	0	0.0000	0.0000	0.0000
ENSG00000268798.1	AC027307.3	lncRNA	27	15	12	1.3920	0.3452	0.3732
ENSG00000268799.4	H3Y2	protein_coding	2	1	1	0.1022	0.0253	0.0274
ENSG00000268803.1	AC114797.1	unprocessed_pseudogene	0	0	0	0.0000	0.0000	0.0000
ENSG00000268804.1	LINC02132	lncRNA	0	0	0	0.0000	0.0000	0.0000
ENSG00000268810.1	AC007193.1	lncRNA	0	16	22	0.0000	0.0000	0.0000
ENSG00000268812.3	AC004264.1	lncRNA	9	13	17	0.6428	0.1594	0.1724
ENSG00000268818.2	AL049747.1	lncRNA	1	1	0	0.0666	0.0165	0.0178
ENSG00000268823.2	AC011467.3	lncRNA	0	0	0	0.0000	0.0000	0.0000
ENSG00000268830.1	BNIP3P32	processed_pseudogene	1	1	0	0.1024	0.0254	0.0274
ENSG00000268833.1	AC243967.2	lncRNA	4	3	3	0.4001	0.0992	0.1073
ENSG00000268834.2	OR7A1P	transcribed_unprocessed_pseudogene	0	0	0	0.0000	0.0000	0.0000
ENSG00000268836.1	Z69706.1	lncRNA	34	13	21	3.5249	0.8741	0.9452
ENSG00000268839.1	AC020914.2	unprocessed_pseudogene	0	0	0	0.0000	0.0000	0.0000
ENSG00000268842.1	AC092070.1	lncRNA	0	17	13	0.0000	0.0000	0.0000
ENSG00000268845.1	AC025278.1	lncRNA	0	1	1	0.0000	0.0000	0.0000
ENSG00000268847.1	SIGLEC31P	unprocessed_pseudogene	0	0	0	0.0000	0.0000	0.0000
ENSG00000268849.5	SIGLEC22P	transcribed_unprocessed_pseudogene	5	2	3	0.3811	0.0945	0.1022
ENSG00000268854.1	AC020909.3	lncRNA	0	1313	1269	0.0000	0.0000	0.0000
ENSG00000268858.2	AL118506.1	lncRNA	480	325	301	8.8322	2.1903	2.3682
ENSG00000268861.7	AC008878.3	protein_coding	0	0	0	0.0000	0.0000	0.0000
ENSG00000268864.4	AC011487.2	transcribed_unprocessed_pseudogene	0	0	0	0.0000	0.0000	0.0000
ENSG00000268866.1	AC020915.3	processed_pseudogene	1	0	1	0.0588	0.0146	0.0158
ENSG00000268869.6	ESPNP	transcribed_unprocessed_pseudogene	21	13	9	0.2429	0.0602	0.0651
ENSG00000268870.1	AC008758.5	protein_coding	0	0	0	0.0000	0.0000	0.0000
ENSG00000268873.1	AC022601.1	lncRNA	0	15	17	0.0000	0.0000	0.0000
ENSG00000268879.1	IGFL1P1	unprocessed_pseudogene	11	2	10	1.7328	0.4297	0.4646
ENSG00000268883.2	PNMA6B	unprocessed_pseudogene	1	2	0	0.0473	0.0117	0.0127
ENSG00000268884.1	AC010323.2	processed_pseudogene	1	0	1	0.0955	0.0237	0.0256
ENSG00000268886.1	AC022150.1	lncRNA	0	70	52	0.0000	0.0000	0.0000
ENSG00000268889.1	AC008750.6	lncRNA	0	0	0	0.0000	0.0000	0.0000
ENSG00000268892.1	AC010620.1	unprocessed_pseudogene	0	0	0	0.0000	0.0000	0.0000
ENSG00000268894.7	PLCE1-AS1	lncRNA	10	16	16	0.1947	0.0483	0.0522
ENSG00000268895.6	A1BG-AS1	lncRNA	117	394	402	1.9665	0.4877	0.5273
ENSG00000268896.1	AC009955.3	lncRNA	0	34	17	0.0000	0.0000	0.0000
ENSG00000268902.3	CSAG2	protein_coding	0	0	0	0.0000	0.0000	0.0000
ENSG00000268903.1	AL627309.6	processed_pseudogene	23	13	10	1.7276	0.4284	0.4632
ENSG00000268906.1	AC011473.3	lncRNA	0	0	0	0.0000	0.0000	0.0000
ENSG00000268908.1	VN1R92P	unprocessed_pseudogene	0	0	0	0.0000	0.0000	0.0000
ENSG00000268912.1	AC012313.5	lncRNA	82	42	41	1.8475	0.4582	0.4954
ENSG00000268916.6	CSAG3	protein_coding	0	0	0	0.0000	0.0000	0.0000
ENSG00000268922.1	AC012616.1	processed_pseudogene	0	0	0	0.0000	0.0000	0.0000
ENSG00000268926.3	AL354861.3	lncRNA	0	0	0	0.0000	0.0000	0.0000
ENSG00000268931.1	AC136469.1	lncRNA	4	2	2	0.4439	0.1101	0.1190
ENSG00000268938.2	AC005387.1	lncRNA	6	6	10	0.9666	0.2397	0.2592
ENSG00000268940.5	CT45A1	protein_coding	0	0	0	0.0000	0.0000	0.0000
ENSG00000268941.2	LINC01711	lncRNA	65	35	30	3.8119	0.9453	1.0221
ENSG00000268942.2	CKS1BP3	processed_pseudogene	0	0	0	0.0000	0.0000	0.0000
ENSG00000268945.1	AC010422.2	lncRNA	6	5	1	0.5358	0.1329	0.1437
ENSG00000268947.1	AC002128.1	lncRNA	24	12	12	1.3396	0.3322	0.3592
ENSG00000268949.1	MRPS17P1	processed_pseudogene	4	3	1	0.0725	0.0180	0.0194
ENSG00000268951.1	CDRT15P7	processed_pseudogene	0	0	0	0.0000	0.0000	0.0000
ENSG00000268955.2	AC068020.1	lncRNA	0	0	0	0.0000	0.0000	0.0000
ENSG00000268957.1	AC020914.3	unprocessed_pseudogene	0	0	0	0.0000	0.0000	0.0000
ENSG00000268964.3	ERVV-2	protein_coding	0	0	0	0.0000	0.0000	0.0000
ENSG00000268967.1	AC119751.7	processed_pseudogene	0	0	0	0.0000	0.0000	0.0000
ENSG00000268970.1	AC022150.2	lncRNA	73	34	39	6.4283	1.5942	1.7236
ENSG00000268975.2	MIA-RAB4B	protein_coding	0	0	0	0.0000	0.0000	0.0000
ENSG00000268981.5	AC024563.1	lncRNA	2	5	1	0.1304	0.0323	0.0350
ENSG00000268983.1	AC005253.2	lncRNA	0	866	816	0.0000	0.0000	0.0000
ENSG00000268985.1	AC020908.2	lncRNA	0	3	0	0.0000	0.0000	0.0000
ENSG00000268987.1	AC011462.3	lncRNA	0	0	0	0.0000	0.0000	0.0000
ENSG00000268988.1	SPANXN2	protein_coding	0	0	0	0.0000	0.0000	0.0000
ENSG00000268992.1	CDC42EP3P1	processed_pseudogene	1	0	1	0.0742	0.0184	0.0199
ENSG00000268993.1	RPL22P6	processed_pseudogene	0	0	0	0.0000	0.0000	0.0000
ENSG00000268994.3	FAM236B	protein_coding	0	0	0	0.0000	0.0000	0.0000
ENSG00000268995.1	VN1R82P	unprocessed_pseudogene	0	0	0	0.0000	0.0000	0.0000
ENSG00000268996.3	MAN1B1-DT	lncRNA	212	99	113	6.4223	1.5927	1.7220
ENSG00000268997.1	DNAJC19P3	processed_pseudogene	0	0	0	0.0000	0.0000	0.0000
ENSG00000269001.2	AC092070.2	transcribed_unprocessed_pseudogene	669	325	345	9.3630	2.3219	2.5105
ENSG00000269009.1	SLC6A21P	processed_pseudogene	0	0	0	0.0000	0.0000	0.0000
ENSG00000269012.2	KRT18P40	unprocessed_pseudogene	1	0	1	0.0361	0.0090	0.0097
ENSG00000269014.1	AC008622.1	processed_pseudogene	0	0	0	0.0000	0.0000	0.0000
ENSG00000269019.2	HOMER3-AS1	lncRNA	23	23	14	0.7834	0.1943	0.2101
ENSG00000269021.1	SIGLEC24P	transcribed_unprocessed_pseudogene	0	0	0	0.0000	0.0000	0.0000
ENSG00000269025.2	AC011467.4	transcribed_processed_pseudogene	0	0	0	0.0000	0.0000	0.0000
ENSG00000269026.2	AC003006.1	protein_coding	0	0	0	0.0000	0.0000	0.0000
ENSG00000269028.3	MTRNR2L12	protein_coding	75	35	40	4.0546	1.0055	1.0872
ENSG00000269032.1	AC016629.1	transcribed_processed_pseudogene	0	0	0	0.0000	0.0000	0.0000
ENSG00000269035.1	AC010319.2	protein_coding	0	0	0	0.0000	0.0000	0.0000
ENSG00000269037.1	LINC01838	lncRNA	0	0	0	0.0000	0.0000	0.0000
ENSG00000269038.1	AP001462.1	lncRNA	7	5	2	0.8783	0.2178	0.2355
ENSG00000269040.1	BNIP3P24	processed_pseudogene	4	0	4	0.4073	0.1010	0.1092
ENSG00000269043.2	AC008554.1	lncRNA	0	0	0	0.0000	0.0000	0.0000
ENSG00000269044.2	AC024075.2	lncRNA	282	132	151	10.8569	2.6924	2.9111
ENSG00000269050.1	AC011455.1	lncRNA	0	4	9	0.0000	0.0000	0.0000
ENSG00000269053.1	AC010319.3	lncRNA	16	14	16	1.9306	0.4788	0.5176
ENSG00000269054.2	AC012313.6	lncRNA	58	37	28	1.8334	0.4547	0.4916
ENSG00000269055.1	BNIP3P18	processed_pseudogene	0	0	0	0.0000	0.0000	0.0000
ENSG00000269058.6	CALR3	protein_coding	4	2	2	0.1585	0.0393	0.0425
ENSG00000269066.1	AC020908.3	lncRNA	0	0	0	0.0000	0.0000	0.0000
ENSG00000269067.2	ZNF728	protein_coding	19	7	12	0.3880	0.0962	0.1040
ENSG00000269068.1	AC009955.4	lncRNA	0	81	87	0.0000	0.0000	0.0000
ENSG00000269069.1	AC007842.1	processed_pseudogene	98	47	51	2.7256	0.6759	0.7308
ENSG00000269072.1	AC063977.5	lncRNA	3	61	69	0.0965	0.0239	0.0259
ENSG00000269082.1	AC010328.3	lncRNA	0	0	0	0.0000	0.0000	0.0000
ENSG00000269085.1	AC008764.5	lncRNA	0	1	0	0.0000	0.0000	0.0000
ENSG00000269086.3	AC008555.2	lncRNA	10	19	15	0.0669	0.0166	0.0179
ENSG00000269091.6	AC010624.3	lncRNA	10	55	54	0.3034	0.0752	0.0814
ENSG00000269095.1	AC010646.1	protein_coding	0	0	0	0.0000	0.0000	0.0000
ENSG00000269096.7	CT45A3	protein_coding	0	0	0	0.0000	0.0000	0.0000
ENSG00000269097.1	TPRG1LP1	processed_pseudogene	0	0	0	0.0000	0.0000	0.0000
ENSG00000269099.2	LSP1P1	processed_pseudogene	0	0	0	0.0000	0.0000	0.0000
ENSG00000269102.1	AC010320.3	lncRNA	5	2	3	0.6343	0.1573	0.1701
ENSG00000269103.2	Metazoa_SRP	misc_RNA	0	0	0	0.0000	0.0000	0.0000
ENSG00000269106.1	AC012313.7	lncRNA	0	22	12	0.0000	0.0000	0.0000
ENSG00000269107.1	AC092329.1	lncRNA	0	0	0	0.0000	0.0000	0.0000
ENSG00000269110.1	AC010636.2	lncRNA	0	0	0	0.0000	0.0000	0.0000
ENSG00000269113.4	TRABD2B	protein_coding	63	31	32	0.4748	0.1178	0.1273
ENSG00000269118.1	FAM90A28P	transcribed_unprocessed_pseudogene	1	0	1	0.0305	0.0076	0.0082
ENSG00000269119.1	HNRNPA1P52	processed_pseudogene	3	1	2	0.1797	0.0446	0.0482
ENSG00000269124.1	AC007193.2	lncRNA	0	0	0	0.0000	0.0000	0.0000
ENSG00000269125.1	AL137002.1	lncRNA	0	0	0	0.0000	0.0000	0.0000
ENSG00000269130.1	AC020914.4	unprocessed_pseudogene	0	0	0	0.0000	0.0000	0.0000
ENSG00000269136.1	BRI3BPP1	processed_pseudogene	2	2	0	0.1441	0.0357	0.0386
ENSG00000269138.1	ZNF209P	unprocessed_pseudogene	80	33	47	1.9691	0.4883	0.5280
ENSG00000269139.2	AC010336.5	lncRNA	2	28	24	0.1589	0.0394	0.0426
ENSG00000269145.2	AC007192.2	lncRNA	0	64	68	0.0000	0.0000	0.0000
ENSG00000269148.1	AC092301.1	lncRNA	6	97	94	0.4454	0.1104	0.1194
ENSG00000269151.1	AC007193.3	lncRNA	0	86	92	0.0000	0.0000	0.0000
ENSG00000269153.1	LYPLA2P2	processed_pseudogene	6	2	4	0.5033	0.1248	0.1350
ENSG00000269154.1	BNIP3P13	processed_pseudogene	0	0	0	0.0000	0.0000	0.0000
ENSG00000269155.2	AL009178.2	lncRNA	51	29	31	1.0637	0.2638	0.2852
ENSG00000269161.1	AC010618.2	lncRNA	6	2	4	0.7397	0.1834	0.1983
ENSG00000269172.1	AC011443.1	lncRNA	4	3	1	0.6215	0.1541	0.1666
ENSG00000269176.2	AP001160.3	lncRNA	8	112	120	0.5946	0.1475	0.1594
ENSG00000269177.1	L34079.2	lncRNA	0	145	151	0.0000	0.0000	0.0000
ENSG00000269179.1	AC011452.1	protein_coding	0	0	0	0.0000	0.0000	0.0000
ENSG00000269181.1	AC020914.5	processed_pseudogene	0	0	0	0.0000	0.0000	0.0000
ENSG00000269186.3	LINC01082	lncRNA	0	0	0	0.0000	0.0000	0.0000
ENSG00000269188.1	AC011500.1	unprocessed_pseudogene	0	0	0	0.0000	0.0000	0.0000
ENSG00000269189.1	AL445223.1	lncRNA	4	3	1	0.2158	0.0535	0.0579
ENSG00000269190.6	FBXO17	protein_coding	773	379	394	9.1479	2.2686	2.4529
ENSG00000269191.1	AC005387.2	lncRNA	4	2	2	0.5155	0.1279	0.1382
ENSG00000269194.1	AC006942.1	lncRNA	5	137	157	0.5453	0.1352	0.1462
ENSG00000269210.2	AC019171.1	lncRNA	0	6	1	0.0000	0.0000	0.0000
ENSG00000269220.1	LINC00528	lncRNA	10	6	4	0.2625	0.0651	0.0704
ENSG00000269226.7	TMSB15B	protein_coding	6	3	3	0.1112	0.0276	0.0298
ENSG00000269228.1	RPS27AP19	processed_pseudogene	0	0	0	0.0000	0.0000	0.0000
ENSG00000269235.2	ZNF350-AS1	lncRNA	442	207	235	4.9352	1.2239	1.3233
ENSG00000269236.1	AC008751.2	processed_pseudogene	0	0	0	0.0000	0.0000	0.0000
ENSG00000269237.1	AC010615.4	protein_coding	0	0	0	0.0000	0.0000	0.0000
ENSG00000269242.1	AC010422.3	protein_coding	0	0	0	0.0000	0.0000	0.0000
ENSG00000269243.1	AC008894.2	lncRNA	8	3163	3014	0.1155	0.0286	0.0310
ENSG00000269244.1	RPL23AP78	processed_pseudogene	0	0	0	0.0000	0.0000	0.0000
ENSG00000269246.1	AC011445.1	lncRNA	23	15	8	7.5395	1.8697	2.0216
ENSG00000269253.1	SIGLEC21P	unprocessed_pseudogene	0	0	0	0.0000	0.0000	0.0000
ENSG00000269256.1	AC024603.1	lncRNA	0	0	1	0.0000	0.0000	0.0000
ENSG00000269266.1	DNAJC19P2	processed_pseudogene	0	0	0	0.0000	0.0000	0.0000
ENSG00000269271.1	AC245036.5	lncRNA	0	0	0	0.0000	0.0000	0.0000
ENSG00000269274.1	AC078899.4	unprocessed_pseudogene	0	0	1	0.0000	0.0000	0.0000
ENSG00000269275.1	AC020922.3	lncRNA	0	6	3	0.0000	0.0000	0.0000
ENSG00000269281.2	S100A11P8	processed_pseudogene	0	0	0	0.0000	0.0000	0.0000
ENSG00000269288.1	AC092070.3	lncRNA	0	32	28	0.0000	0.0000	0.0000
ENSG00000269289.6	AC011503.1	lncRNA	4	20	21	0.0969	0.0240	0.0260
ENSG00000269292.1	AC093503.1	lncRNA	0	1808	1868	0.0000	0.0000	0.0000
ENSG00000269293.3	ZSCAN16-AS1	lncRNA	355	242	242	3.1135	0.7721	0.8348
ENSG00000269296.1	AC005614.1	lncRNA	0	14	14	0.0000	0.0000	0.0000
ENSG00000269300.1	AC008734.1	lncRNA	1	49	51	0.1056	0.0262	0.0283
ENSG00000269303.1	AC020907.3	lncRNA	0	0	2	0.0000	0.0000	0.0000
ENSG00000269304.1	FKBP1AP1	processed_pseudogene	2	1	1	0.3567	0.0884	0.0956
ENSG00000269307.1	AC010463.1	protein_coding	0	0	0	0.0000	0.0000	0.0000
ENSG00000269313.5	MAGIX	protein_coding	268	131	138	2.9760	0.7380	0.7980
ENSG00000269316.1	RAD54L2P1	processed_pseudogene	0	0	0	0.0000	0.0000	0.0000
ENSG00000269318.1	AC007292.2	lncRNA	9	277	351	0.2817	0.0699	0.0755
ENSG00000269320.1	VN1R93P	unprocessed_pseudogene	0	0	0	0.0000	0.0000	0.0000
ENSG00000269321.1	AC011466.2	lncRNA	1	1	0	0.1580	0.0392	0.0424
ENSG00000269332.5	GOLGA2P9	transcribed_unprocessed_pseudogene	0	2	0	0.0000	0.0000	0.0000
ENSG00000269335.6	IKBKG	protein_coding	286	353	341	4.6647	1.1568	1.2508
ENSG00000269343.9	ZNF587B	protein_coding	1686	855	836	15.7284	3.9005	4.2173
ENSG00000269345.1	VN1R85P	unprocessed_pseudogene	7	1	6	0.9319	0.2311	0.2499
ENSG00000269349.1	AC022150.3	lncRNA	0	28	26	0.0000	0.0000	0.0000
ENSG00000269350.1	AC010463.2	lncRNA	0	0	0	0.0000	0.0000	0.0000
ENSG00000269352.1	PTOV1-AS2	lncRNA	63	1163	1079	3.4924	0.8661	0.9364
ENSG00000269353.1	AC092071.1	lncRNA	25	17	8	2.5824	0.6404	0.6924
ENSG00000269354.1	AC243960.5	processed_pseudogene	0	0	0	0.0000	0.0000	0.0000
ENSG00000269356.1	AL356740.2	lncRNA	3	1	2	0.2630	0.0652	0.0705
ENSG00000269364.1	LINC01233	lncRNA	1	0	1	0.0828	0.0205	0.0222
ENSG00000269365.2	AC120349.1	lncRNA	2	0	2	0.4022	0.0997	0.1078
ENSG00000269371.1	AC008878.4	lncRNA	0	151	140	0.0000	0.0000	0.0000
ENSG00000269373.1	AC008739.2	unprocessed_pseudogene	0	0	0	0.0000	0.0000	0.0000
ENSG00000269374.1	AC011497.2	processed_pseudogene	0	21	26	0.0000	0.0000	0.0000
ENSG00000269376.1	AL356740.3	lncRNA	6	1	5	0.5243	0.1300	0.1406
ENSG00000269378.1	ITGB1P1	processed_pseudogene	36	21	16	3.3523	0.8313	0.8989
ENSG00000269383.2	CYCSP7	processed_pseudogene	0	0	0	0.0000	0.0000	0.0000
ENSG00000269385.1	AC020895.1	unprocessed_pseudogene	0	0	0	0.0000	0.0000	0.0000
ENSG00000269386.5	RAB11B-AS1	lncRNA	86	348	359	4.2189	1.0462	1.1312
ENSG00000269387.1	AL365205.4	lncRNA	0	0	0	0.0000	0.0000	0.0000
ENSG00000269388.1	AC018755.3	transcribed_processed_pseudogene	5	2	3	0.1926	0.0478	0.0517
ENSG00000269391.2	AC010139.1	lncRNA	0	0	0	0.0000	0.0000	0.0000
ENSG00000269392.1	AC008655.2	lncRNA	6	5	1	1.1193	0.2776	0.3001
ENSG00000269397.1	AC011503.2	lncRNA	48	20	28	1.8147	0.4500	0.4866
ENSG00000269399.2	AC008764.6	lncRNA	59	28	31	1.6172	0.4010	0.4336
ENSG00000269400.1	AC008734.2	lncRNA	3	1	2	0.3567	0.0884	0.0956
ENSG00000269403.1	AC008750.7	protein_coding	1	1	0	0.1029	0.0255	0.0276
ENSG00000269404.7	SPIB	protein_coding	9	7	2	0.1192	0.0296	0.0320
ENSG00000269405.7	NXF2	protein_coding	0	0	0	0.0000	0.0000	0.0000
ENSG00000269416.6	LINC01224	lncRNA	126	74	52	1.7913	0.4442	0.4803
ENSG00000269419.1	AC008737.2	processed_pseudogene	0	0	0	0.0000	0.0000	0.0000
ENSG00000269420.5	PLA2G4C-AS1	lncRNA	3	57	75	0.1949	0.0483	0.0523
ENSG00000269421.1	AC011503.3	unprocessed_pseudogene	4	1	3	0.2378	0.0590	0.0638
ENSG00000269425.1	AC104521.1	lncRNA	6	4	3	1.2196	0.3024	0.3270
ENSG00000269427.1	AC024075.3	lncRNA	52	130	112	5.5327	1.3720	1.4835
ENSG00000269431.1	BNIP3P8	processed_pseudogene	1	0	1	0.1013	0.0251	0.0272
ENSG00000269433.3	OPN1MW3	protein_coding	0	0	0	0.0000	0.0000	0.0000
ENSG00000269437.7	NXF2B	protein_coding	0	0	0	0.0000	0.0000	0.0000
ENSG00000269439.6	AC010618.3	lncRNA	83	176	161	1.5488	0.3841	0.4153
ENSG00000269444.1	AC011491.2	lncRNA	0	0	0	0.0000	0.0000	0.0000
ENSG00000269445.1	AC067969.2	lncRNA	0	1	3	0.0000	0.0000	0.0000
ENSG00000269446.2	AC006967.3	lncRNA	0	0	0	0.0000	0.0000	0.0000
ENSG00000269458.1	AC022145.2	unprocessed_pseudogene	0	0	0	0.0000	0.0000	0.0000
ENSG00000269460.1	AC005515.1	lncRNA	0	0	0	0.0000	0.0000	0.0000
ENSG00000269463.1	AP001160.4	lncRNA	7	5	2	1.0392	0.2577	0.2786
ENSG00000269466.4	H3Y1	protein_coding	10	4	6	0.5775	0.1432	0.1548
ENSG00000269469.1	AC010619.1	protein_coding	0	0	0	0.0000	0.0000	0.0000
ENSG00000269471.1	AC092329.2	processed_pseudogene	0	0	0	0.0000	0.0000	0.0000
ENSG00000269473.1	AC012313.8	lncRNA	34	17	17	0.3569	0.0885	0.0957
ENSG00000269475.2	AC244102.2	unprocessed_pseudogene	0	0	0	0.0000	0.0000	0.0000
ENSG00000269476.1	AC010326.2	protein_coding	0	0	0	0.0000	0.0000	0.0000
ENSG00000269480.1	AC020913.2	lncRNA	3	230	253	0.2705	0.0671	0.0725
ENSG00000269481.1	AC010319.4	lncRNA	21	163	148	1.7235	0.4274	0.4621
ENSG00000269482.1	Z69720.1	lncRNA	0	4	5	0.0000	0.0000	0.0000
ENSG00000269483.2	AC006272.2	transcribed_unprocessed_pseudogene	0	0	0	0.0000	0.0000	0.0000
ENSG00000269486.2	ERVK9-11	lncRNA	63	29	34	1.0710	0.2656	0.2872
ENSG00000269487.1	AC008635.1	lncRNA	3	292	303	0.3027	0.0751	0.0812
ENSG00000269489.1	AL589765.6	lncRNA	2	1	1	0.2066	0.0512	0.0554
ENSG00000269495.1	AC011483.2	lncRNA	0	8	7	0.0000	0.0000	0.0000
ENSG00000269502.5	DMRTC1	protein_coding	0	0	0	0.0000	0.0000	0.0000
ENSG00000269504.3	AC003973.1	lncRNA	1	0	1	0.0095	0.0024	0.0025
ENSG00000269505.2	ZNF92P2	processed_pseudogene	0	0	0	0.0000	0.0000	0.0000
ENSG00000269506.2	AC110792.2	lncRNA	1	1	0	0.0351	0.0087	0.0094
ENSG00000269509.1	BNIP3P34	processed_pseudogene	0	0	0	0.0000	0.0000	0.0000
ENSG00000269514.3	AC024257.3	lncRNA	70	38	33	0.5598	0.1388	0.1501
ENSG00000269516.6	CYP4F23P	transcribed_unprocessed_pseudogene	403	209	194	14.4738	3.5894	3.8809
ENSG00000269519.1	AC005176.2	processed_pseudogene	0	0	0	0.0000	0.0000	0.0000
ENSG00000269524.1	AC245052.7	lncRNA	0	0	0	0.0000	0.0000	0.0000
ENSG00000269526.1	ERVV-1	protein_coding	3	2	1	0.0773	0.0192	0.0207
ENSG00000269533.5	AC003002.3	protein_coding	8	3	5	0.3749	0.0930	0.1005
ENSG00000269534.5	AC011466.3	lncRNA	4	257	241	0.2248	0.0558	0.0603
ENSG00000269535.1	AC010320.4	lncRNA	2	32	17	0.0595	0.0148	0.0160
ENSG00000269540.1	AC010624.4	processed_pseudogene	1	0	1	0.0420	0.0104	0.0113
ENSG00000269543.5	AC074135.2	lncRNA	2	1	1	0.1800	0.0446	0.0483
ENSG00000269546.1	CLIC4P2	processed_pseudogene	0	0	0	0.0000	0.0000	0.0000
ENSG00000269547.1	AC011455.2	protein_coding	0	0	0	0.0000	0.0000	0.0000
ENSG00000269552.1	OR7A8P	unprocessed_pseudogene	0	0	0	0.0000	0.0000	0.0000
ENSG00000269553.1	U62631.1	lncRNA	1	0	1	0.1304	0.0323	0.0350
ENSG00000269556.8	TMEM185A	protein_coding	1005	520	486	11.0495	2.7402	2.9628
ENSG00000269559.2	AC093677.2	lncRNA	10	33	36	0.3044	0.0755	0.0816
ENSG00000269560.1	AC010422.4	lncRNA	5	4	1	0.5320	0.1319	0.1426
ENSG00000269564.1	AC008753.2	lncRNA	1	0	1	0.1465	0.0363	0.0393
ENSG00000269565.1	GPR32P1	unprocessed_pseudogene	0	0	0	0.0000	0.0000	0.0000
ENSG00000269570.2	AP001350.1	lncRNA	0	351	348	0.0000	0.0000	0.0000
ENSG00000269575.1	MTDHP5	processed_pseudogene	0	0	0	0.0000	0.0000	0.0000
ENSG00000269576.1	HNRNPMP2	processed_pseudogene	0	0	0	0.0000	0.0000	0.0000
ENSG00000269578.1	AC008764.7	lncRNA	0	3	5	0.0000	0.0000	0.0000
ENSG00000269580.2	SIGLEC27P	unprocessed_pseudogene	0	0	0	0.0000	0.0000	0.0000
ENSG00000269583.1	L34079.3	lncRNA	0	184	175	0.0000	0.0000	0.0000
ENSG00000269584.1	TDGF1P7	processed_pseudogene	1	0	1	0.1014	0.0252	0.0272
ENSG00000269586.7	CT45A10	protein_coding	0	0	0	0.0000	0.0000	0.0000
ENSG00000269588.1	AC011500.2	unprocessed_pseudogene	0	0	0	0.0000	0.0000	0.0000
ENSG00000269590.1	AC010422.5	protein_coding	0	0	0	0.0000	0.0000	0.0000
ENSG00000269599.1	AL161896.1	lncRNA	0	0	0	0.0000	0.0000	0.0000
ENSG00000269600.2	AC016629.2	lncRNA	4	10	8	0.1205	0.0299	0.0323
ENSG00000269604.1	AC005523.2	lncRNA	0	1531	1486	0.0000	0.0000	0.0000
ENSG00000269608.1	OSTCP3	processed_pseudogene	1	1	0	0.1252	0.0310	0.0336
ENSG00000269609.6	RPARP-AS1	lncRNA	1025	619	631	9.4363	2.3401	2.5302
ENSG00000269615.1	MTDHP2	processed_pseudogene	0	4	3	0.0000	0.0000	0.0000
ENSG00000269621.1	AL589765.7	lncRNA	1	403	384	0.0902	0.0224	0.0242
ENSG00000269622.1	TP53TG3HP	transcribed_processed_pseudogene	0	0	0	0.0000	0.0000	0.0000
ENSG00000269635.1	AC004257.1	lncRNA	0	0	0	0.0000	0.0000	0.0000
ENSG00000269637.1	RPL12P41	processed_pseudogene	3	2	1	0.3416	0.0847	0.0916
ENSG00000269646.1	AC010487.1	lncRNA	10	18	24	1.1669	0.2894	0.3129
ENSG00000269651.1	AC022146.1	unprocessed_pseudogene	0	0	0	0.0000	0.0000	0.0000
ENSG00000269652.1	AC011510.1	lncRNA	7	183	145	1.3880	0.3442	0.3722
ENSG00000269653.1	AC011479.3	lncRNA	4	1	3	0.1200	0.0298	0.0322
ENSG00000269656.1	NOP53-AS1	lncRNA	22	112	91	2.3104	0.5730	0.6195
ENSG00000269662.1	BNIP3P39	processed_pseudogene	6	3	3	0.6142	0.1523	0.1647
ENSG00000269667.2	AC092723.1	lncRNA	0	0	0	0.0000	0.0000	0.0000
ENSG00000269678.1	OR7A18P	unprocessed_pseudogene	0	0	0	0.0000	0.0000	0.0000
ENSG00000269680.1	AC008760.1	lncRNA	37	105	104	3.0587	0.7585	0.8201
ENSG00000269681.1	AC063977.6	processed_pseudogene	0	0	0	0.0000	0.0000	0.0000
ENSG00000269688.1	AC008982.2	lncRNA	20	10	10	2.3006	0.5705	0.6169
ENSG00000269692.1	FKBP4P2	processed_pseudogene	0	0	0	0.0000	0.0000	0.0000
ENSG00000269693.1	AC010422.6	protein_coding	0	0	0	0.0000	0.0000	0.0000
ENSG00000269694.1	AC005197.1	lncRNA	0	0	0	0.0000	0.0000	0.0000
ENSG00000269696.2	AC005498.3	lncRNA	29	17	14	0.7617	0.1889	0.2042
ENSG00000269699.6	ZIM2	protein_coding	23	13	15	0.4254	0.1055	0.1141
ENSG00000269706.1	AC008687.6	unprocessed_pseudogene	0	0	0	0.0000	0.0000	0.0000
ENSG00000269707.2	AC018730.1	lncRNA	0	0	0	0.0000	0.0000	0.0000
ENSG00000269711.1	AC008763.3	protein_coding	0	0	0	0.0000	0.0000	0.0000
ENSG00000269713.7	NBPF9	protein_coding	588	305	289	3.6862	0.9141	0.9884
ENSG00000269720.2	CCDC194	protein_coding	20	8	12	0.7747	0.1921	0.2077
ENSG00000269729.1	AC006262.2	lncRNA	7	6	1	0.4676	0.1160	0.1254
ENSG00000269732.1	WBP1LP7	processed_pseudogene	0	0	0	0.0000	0.0000	0.0000
ENSG00000269736.1	AC010319.5	lncRNA	0	0	0	0.0000	0.0000	0.0000
ENSG00000269737.2	AL691432.1	transcribed_processed_pseudogene	49	22	27	1.5276	0.3788	0.4096
ENSG00000269741.5	AC011473.4	protein_coding	0	0	0	0.0000	0.0000	0.0000
ENSG00000269742.1	BNIP3P29	processed_pseudogene	0	0	0	0.0000	0.0000	0.0000
ENSG00000269743.3	SLC25A53	protein_coding	206	104	102	1.7112	0.4244	0.4588
ENSG00000269745.1	AC006262.3	lncRNA	0	1	4	0.0000	0.0000	0.0000
ENSG00000269749.1	AC005614.2	lncRNA	0	0	0	0.0000	0.0000	0.0000
ENSG00000269752.1	AC008761.2	lncRNA	1	0	1	0.1353	0.0336	0.0363
ENSG00000269755.1	AC008758.6	protein_coding	4	2	2	0.3858	0.0957	0.1034
ENSG00000269758.1	AC092070.4	lncRNA	0	0	0	0.0000	0.0000	0.0000
ENSG00000269761.1	AC025278.2	processed_pseudogene	0	0	0	0.0000	0.0000	0.0000
ENSG00000269763.1	EXOSC3P2	processed_pseudogene	0	0	0	0.0000	0.0000	0.0000
ENSG00000269765.2	AC011492.1	unprocessed_pseudogene	0	0	0	0.0000	0.0000	0.0000
ENSG00000269776.1	DPPA5P1	processed_pseudogene	0	0	0	0.0000	0.0000	0.0000
ENSG00000269779.1	AC010329.2	unprocessed_pseudogene	0	0	0	0.0000	0.0000	0.0000
ENSG00000269782.1	MIR1470	miRNA	0	0	0	0.0000	0.0000	0.0000
ENSG00000269786.1	AC044792.1	processed_pseudogene	0	0	0	0.0000	0.0000	0.0000
ENSG00000269787.2	OR7A3P	unprocessed_pseudogene	0	0	0	0.0000	0.0000	0.0000
ENSG00000269791.5	SSX4B	protein_coding	0	0	0	0.0000	0.0000	0.0000
ENSG00000269792.1	AC011500.3	lncRNA	0	19	14	0.0000	0.0000	0.0000
ENSG00000269793.7	ZIM2-AS1	lncRNA	0	0	0	0.0000	0.0000	0.0000
ENSG00000269794.1	AC010642.1	processed_pseudogene	3	1	2	0.1403	0.0348	0.0376
ENSG00000269796.1	AC011516.1	lncRNA	0	0	0	0.0000	0.0000	0.0000
ENSG00000269799.1	AC008737.3	lncRNA	0	0	0	0.0000	0.0000	0.0000
ENSG00000269800.1	PLEKHA3P1	processed_pseudogene	14	6	8	0.8881	0.2202	0.2381
ENSG00000269802.1	AC011491.3	lncRNA	5	14	9	0.5072	0.1258	0.1360
ENSG00000269806.1	BICRA-AS1	lncRNA	2	2	0	0.2073	0.0514	0.0556
ENSG00000269807.1	AC007292.3	lncRNA	5	66	59	0.7943	0.1970	0.2130
ENSG00000269811.2	SCGB2B3P	processed_pseudogene	0	0	0	0.0000	0.0000	0.0000
ENSG00000269813.1	AC010336.6	lncRNA	0	53	60	0.0000	0.0000	0.0000
ENSG00000269815.1	AC010463.3	lncRNA	15	8	7	1.7013	0.4219	0.4562
ENSG00000269821.1	KCNQ1OT1	lncRNA	615	358	373	0.3805	0.0944	0.1020
ENSG00000269825.1	AC022150.4	lncRNA	276	142	137	5.4958	1.3629	1.4736
ENSG00000269826.1	AC092327.2	lncRNA	0	0	0	0.0000	0.0000	0.0000
ENSG00000269833.2	AC234771.5	processed_pseudogene	0	0	0	0.0000	0.0000	0.0000
ENSG00000269834.6	ZNF528-AS1	lncRNA	230	125	106	2.2558	0.5594	0.6049
ENSG00000269836.1	AC020913.3	lncRNA	2	2	0	0.9074	0.2250	0.2433
ENSG00000269837.1	IPO5P1	transcribed_processed_pseudogene	629	301	328	12.3556	3.0641	3.3129
ENSG00000269839.1	AC010620.2	unprocessed_pseudogene	0	0	0	0.0000	0.0000	0.0000
ENSG00000269842.5	AC011453.1	lncRNA	3	0	3	0.0760	0.0188	0.0204
ENSG00000269843.1	AC008537.2	lncRNA	34	20	14	4.0003	0.9920	1.0726
ENSG00000269845.1	CCNYL6	transcribed_processed_pseudogene	10	5	6	0.2107	0.0522	0.0565
ENSG00000269846.1	AL136172.1	lncRNA	1	15	9	0.0407	0.0101	0.0109
ENSG00000269848.1	AC119751.8	processed_pseudogene	0	0	0	0.0000	0.0000	0.0000
ENSG00000269855.2	RNF225	protein_coding	16	8	8	0.9165	0.2273	0.2458
ENSG00000269858.6	EGLN2	protein_coding	790	426	364	6.8149	1.6900	1.8273
ENSG00000269859.1	AC008735.3	lncRNA	0	0	0	0.0000	0.0000	0.0000
ENSG00000269867.1	AC010326.3	lncRNA	322	261	237	26.8934	6.6693	7.2110
ENSG00000269873.1	AC245884.10	lncRNA	6	1	5	1.0097	0.2504	0.2707
ENSG00000269877.3	AC008753.3	lncRNA	0	0	0	0.0000	0.0000	0.0000
ENSG00000269883.1	AC007375.3	lncRNA	0	0	0	0.0000	0.0000	0.0000
ENSG00000269885.1	VN1R79P	unprocessed_pseudogene	0	0	0	0.0000	0.0000	0.0000
ENSG00000269886.1	AC022382.1	lncRNA	0	60	59	0.0000	0.0000	0.0000
ENSG00000269887.1	AL391001.1	lncRNA	80	43	37	6.3452	1.5735	1.7014
ENSG00000269888.1	AC112491.1	lncRNA	0	15	19	0.0000	0.0000	0.0000
ENSG00000269889.1	AC078802.1	lncRNA	13	8	5	0.8745	0.2169	0.2345
ENSG00000269891.2	ARHGAP19-SLIT1	protein_coding	9	5	4	0.1248	0.0310	0.0335
ENSG00000269892.1	AC125494.2	lncRNA	46	19	27	3.9706	0.9847	1.0646
ENSG00000269893.8	SNHG8	lncRNA	2205	1113	1131	18.9233	4.6928	5.0740
ENSG00000269894.1	AC018809.1	lncRNA	16	5	11	1.6408	0.4069	0.4400
ENSG00000269895.1	AP000654.1	lncRNA	12	11	17	0.5709	0.1416	0.1531
ENSG00000269896.2	AL513477.1	transcribed_processed_pseudogene	72	42	30	1.6964	0.4207	0.4548
ENSG00000269897.5	COMMD3-BMI1	protein_coding	0	0	0	0.0000	0.0000	0.0000
ENSG00000269898.1	AC018695.2	lncRNA	1	1	0	0.1139	0.0282	0.0305
ENSG00000269900.3	RMRP	lncRNA	0	0	0	0.0000	0.0000	0.0000
ENSG00000269901.1	AC010531.5	lncRNA	2	4	5	0.2520	0.0625	0.0676
ENSG00000269902.1	AC234772.1	lncRNA	1	0	1	0.1074	0.0266	0.0288
ENSG00000269903.1	AC025165.4	lncRNA	21	13	8	2.7504	0.6821	0.7375
ENSG00000269904.2	MAP2K4P1	transcribed_processed_pseudogene	33	21	12	0.7371	0.1828	0.1976
ENSG00000269906.1	AL606834.1	lncRNA	53	23	30	4.4994	1.1158	1.2065
ENSG00000269907.1	PTMAP11	processed_pseudogene	6	2	4	1.0311	0.2557	0.2765
ENSG00000269910.1	AL049840.3	lncRNA	17	120	111	1.8020	0.4469	0.4832
ENSG00000269911.1	FAM226B	lncRNA	0	0	0	0.0000	0.0000	0.0000
ENSG00000269915.1	AP006621.4	lncRNA	1	91	78	0.1066	0.0264	0.0286
ENSG00000269918.1	AF131215.6	lncRNA	55	37	18	1.5487	0.3841	0.4153
ENSG00000269919.1	AL022067.1	lncRNA	4	1	3	0.4996	0.1239	0.1340
ENSG00000269921.1	AC068620.1	lncRNA	12	6	8	1.2864	0.3190	0.3449
ENSG00000269924.1	AC024451.4	lncRNA	9	6	3	0.6787	0.1683	0.1820
ENSG00000269925.1	Z98884.2	lncRNA	15	5	10	2.1645	0.5368	0.5804
ENSG00000269926.1	DDIT4-AS1	lncRNA	0	1061	1063	0.0000	0.0000	0.0000
ENSG00000269927.1	AC004817.3	lncRNA	7	2	5	0.1865	0.0462	0.0500
ENSG00000269929.3	MIRLET7A1HG	lncRNA	147	101	84	1.8419	0.4568	0.4939
ENSG00000269930.1	AC091057.3	lncRNA	1	1	2	0.0716	0.0178	0.0192
ENSG00000269931.2	AL078623.1	lncRNA	0	0	0	0.0000	0.0000	0.0000
ENSG00000269933.1	AL031429.2	lncRNA	52	28	24	4.5438	1.1268	1.2183
ENSG00000269934.3	AL353593.1	lncRNA	230	212	214	1.3019	0.3228	0.3491
ENSG00000269935.1	AC092720.2	lncRNA	0	0	0	0.0000	0.0000	0.0000
ENSG00000269937.1	AC093525.7	lncRNA	0	16	17	0.0000	0.0000	0.0000
ENSG00000269938.1	AC068790.2	lncRNA	16	10	6	1.6290	0.4040	0.4368
ENSG00000269939.1	PCF11-AS1	lncRNA	0	109	97	0.0000	0.0000	0.0000
ENSG00000269940.1	AL049840.4	lncRNA	23	115	122	2.1347	0.5294	0.5724
ENSG00000269944.1	AP001267.4	lncRNA	1	1	0	0.1041	0.0258	0.0279
ENSG00000269945.1	AC004817.4	lncRNA	0	0	0	0.0000	0.0000	0.0000
ENSG00000269947.1	AC135178.6	lncRNA	11	6	5	0.9255	0.2295	0.2482
ENSG00000269949.1	AC069307.1	lncRNA	19	8	11	2.4105	0.5978	0.6463
ENSG00000269950.1	AP000962.1	lncRNA	1	1	0	0.0778	0.0193	0.0209
ENSG00000269951.1	AC090181.2	lncRNA	11	5	6	0.9283	0.2302	0.2489
ENSG00000269952.1	AL117336.1	lncRNA	19	8	11	3.2164	0.7976	0.8624
ENSG00000269954.2	AC022239.1	lncRNA	0	0	0	0.0000	0.0000	0.0000
ENSG00000269955.2	FMC1-LUC7L2	protein_coding	0	0	0	0.0000	0.0000	0.0000
ENSG00000269956.2	MKNK1-AS1	lncRNA	16	123	141	0.3586	0.0889	0.0962
ENSG00000269957.6	AL353811.1	lncRNA	0	0	0	0.0000	0.0000	0.0000
ENSG00000269958.1	AL049840.5	lncRNA	283	142	141	19.7891	4.9075	5.3061
ENSG00000269959.1	SPACA6P-AS	lncRNA	97	55	62	1.3884	0.3443	0.3723
ENSG00000269961.1	AC010359.2	lncRNA	22	11	11	2.4608	0.6103	0.6598
ENSG00000269964.3	MEI4	protein_coding	11	6	5	0.1179	0.0292	0.0316
ENSG00000269966.1	AL136164.2	lncRNA	0	0	0	0.0000	0.0000	0.0000
ENSG00000269967.1	AL136115.2	lncRNA	23	13	10	2.2220	0.5510	0.5958
ENSG00000269968.1	AC006064.4	lncRNA	0	33597	32116	0.0000	0.0000	0.0000
ENSG00000269970.1	AL162424.1	lncRNA	7	5	2	1.7962	0.4455	0.4816
ENSG00000269971.1	AL020997.2	lncRNA	0	0	0	0.0000	0.0000	0.0000
ENSG00000269972.1	AC004542.1	lncRNA	0	1096	998	0.0000	0.0000	0.0000
ENSG00000269973.1	AC010969.2	lncRNA	207	111	96	3.6332	0.9010	0.9742
ENSG00000269976.1	AC012065.2	lncRNA	14	8	6	1.8085	0.4485	0.4849
ENSG00000269978.1	AL359881.1	lncRNA	2	1	1	0.4248	0.1053	0.1139
ENSG00000269980.1	AC068768.1	lncRNA	1	0	1	0.1653	0.0410	0.0443
ENSG00000269981.1	AL627309.7	processed_pseudogene	24	12	12	4.7924	1.1885	1.2850
ENSG00000269982.1	AC018809.2	lncRNA	423	250	204	6.2747	1.5561	1.6825
ENSG00000269983.1	AC146944.2	lncRNA	4	2	2	0.3159	0.0783	0.0847
ENSG00000269984.1	AC078795.1	lncRNA	9	300	336	0.1624	0.0403	0.0435
ENSG00000269985.1	AL021328.1	lncRNA	1	1	0	0.0425	0.0106	0.0114
ENSG00000269986.1	AC040174.2	lncRNA	1	1	0	0.1220	0.0302	0.0327
ENSG00000269987.1	AC004542.2	lncRNA	0	1291	1200	0.0000	0.0000	0.0000
ENSG00000269989.1	AC036176.3	lncRNA	0	0	0	0.0000	0.0000	0.0000
ENSG00000269993.1	KC877982.1	lncRNA	0	0	0	0.0000	0.0000	0.0000
ENSG00000269994.3	AL513318.1	lncRNA	10	6	6	0.2203	0.0546	0.0591
ENSG00000269997.1	AC068790.3	lncRNA	17	6	11	1.7433	0.4323	0.4674
ENSG00000270000.1	AC005479.2	lncRNA	9	5	4	1.1842	0.2937	0.3175
ENSG00000270001.1	AL121894.2	lncRNA	17	8	9	1.9635	0.4869	0.5265
ENSG00000270002.1	AC022028.2	lncRNA	2	24	26	0.0433	0.0107	0.0116
ENSG00000270006.2	AC010531.6	lncRNA	16	8	8	2.2627	0.5611	0.6067
ENSG00000270008.1	AL137247.2	lncRNA	0	0	0	0.0000	0.0000	0.0000
ENSG00000270011.7	ZNF559-ZNF177	protein_coding	12	7	5	0.1593	0.0395	0.0427
ENSG00000270012.1	AC232271.1	lncRNA	149	82	67	3.1123	0.7718	0.8345
ENSG00000270016.1	AC026150.3	lncRNA	2	3	1	0.2273	0.0564	0.0609
ENSG00000270017.1	AC107976.1	lncRNA	0	3	1	0.0000	0.0000	0.0000
ENSG00000270019.1	AC110769.2	lncRNA	4	3	1	0.1465	0.0363	0.0393
ENSG00000270020.1	AC009108.3	lncRNA	1	0	1	0.0161	0.0040	0.0043
ENSG00000270021.1	AC026691.1	lncRNA	137	91	84	3.8519	0.9552	1.0328
ENSG00000270022.3	Z93241.1	lncRNA	1	1	0	0.0854	0.0212	0.0229
ENSG00000270025.2	BMS1P7	transcribed_unprocessed_pseudogene	2	1	1	0.1078	0.0267	0.0289
ENSG00000270030.1	AC136475.7	lncRNA	3	3	0	0.2874	0.0713	0.0771
ENSG00000270031.1	AL020997.3	lncRNA	7	2	5	1.1058	0.2742	0.2965
ENSG00000270035.1	AL359881.2	lncRNA	5	2	3	0.4975	0.1234	0.1334
ENSG00000270036.1	AC027243.2	lncRNA	1	0	1	0.0783	0.0194	0.0210
ENSG00000270038.1	AL133467.4	lncRNA	1	1	0	0.0782	0.0194	0.0210
ENSG00000270039.1	AC025165.5	lncRNA	82	43	42	8.0454	1.9952	2.1572
ENSG00000270048.1	AC068790.4	lncRNA	10	3	7	2.1563	0.5347	0.5782
ENSG00000270049.3	AC009061.2	lncRNA	143	68	75	1.6797	0.4165	0.4504
ENSG00000270050.1	AL035427.1	lncRNA	0	75	69	0.0000	0.0000	0.0000
ENSG00000270052.1	BX546450.2	lncRNA	0	0	0	0.0000	0.0000	0.0000
ENSG00000270055.1	AC127502.2	lncRNA	174	88	86	4.1972	1.0409	1.1254
ENSG00000270059.1	AC121493.1	lncRNA	6	3	3	0.7561	0.1875	0.2027
ENSG00000270060.1	AC090589.3	lncRNA	34	16	18	3.3591	0.8330	0.9007
ENSG00000270061.1	AC068790.5	lncRNA	11	6	5	1.7572	0.4358	0.4712
ENSG00000270062.1	AL606834.2	lncRNA	23	17	6	2.6297	0.6521	0.7051
ENSG00000270066.3	AL356488.2	lncRNA	0	0	0	0.0000	0.0000	0.0000
ENSG00000270068.1	AC125494.3	lncRNA	15	11	5	1.8696	0.4636	0.5013
ENSG00000270069.1	MIR222HG	lncRNA	73	41	32	1.4865	0.3686	0.3986
ENSG00000270071.3	AP001172.1	lncRNA	0	0	0	0.0000	0.0000	0.0000
ENSG00000270072.1	AC090559.2	lncRNA	0	0	0	0.0000	0.0000	0.0000
ENSG00000270073.1	TSPY6P	unprocessed_pseudogene	0	0	0	0.0000	0.0000	0.0000
ENSG00000270074.1	AC087203.3	lncRNA	8	3	5	0.2933	0.0727	0.0786
ENSG00000270075.1	AL162742.1	lncRNA	0	204	185	0.0000	0.0000	0.0000
ENSG00000270076.1	AF131215.7	lncRNA	2	2	0	0.1604	0.0398	0.0430
ENSG00000270077.1	AP003117.1	lncRNA	3	3	0	0.3071	0.0762	0.0823
ENSG00000270082.1	AC010531.7	lncRNA	0	29	23	0.0000	0.0000	0.0000
ENSG00000270083.1	AL021878.4	lncRNA	10	7	3	1.4213	0.3525	0.3811
ENSG00000270084.2	GAS5-AS1	lncRNA	92	282	279	6.4095	1.5895	1.7186
ENSG00000270087.5	AC010997.3	lncRNA	0	0	0	0.0000	0.0000	0.0000
ENSG00000270090.5	AL590235.1	lncRNA	1	0	1	0.0608	0.0151	0.0163
ENSG00000270091.1	AC015726.1	lncRNA	40	17	23	3.2499	0.8059	0.8714
ENSG00000270094.1	AL670729.1	lncRNA	0	166	195	0.0000	0.0000	0.0000
ENSG00000270095.1	AC068790.6	lncRNA	0	0	0	0.0000	0.0000	0.0000
ENSG00000270096.1	AC078795.2	lncRNA	0	59	56	0.0000	0.0000	0.0000
ENSG00000270098.1	LDHAL6EP	processed_pseudogene	0	0	0	0.0000	0.0000	0.0000
ENSG00000270099.1	AL365273.2	protein_coding	0	0	0	0.0000	0.0000	0.0000
ENSG00000270100.1	AC012065.3	lncRNA	0	1	3	0.0000	0.0000	0.0000
ENSG00000270103.3	AL360012.1	lncRNA	0	0	0	0.0000	0.0000	0.0000
ENSG00000270104.1	AL670729.2	lncRNA	1	0	1	0.0988	0.0245	0.0265
ENSG00000270105.1	AC136475.8	lncRNA	1	2	3	0.1469	0.0364	0.0394
ENSG00000270106.6	TSNAX-DISC1	protein_coding	0	0	0	0.0000	0.0000	0.0000
ENSG00000270108.1	AL049840.6	lncRNA	30	11	19	3.0821	0.7643	0.8264
ENSG00000270110.2	AL353593.2	lncRNA	11	9	4	0.5520	0.1369	0.1480
ENSG00000270111.3	CELF2-DT	lncRNA	0	0	0	0.0000	0.0000	0.0000
ENSG00000270112.4	AC090241.2	lncRNA	14	9	6	0.0743	0.0184	0.0199
ENSG00000270114.1	AC006019.3	lncRNA	0	0	0	0.0000	0.0000	0.0000
ENSG00000270115.1	AL513327.2	lncRNA	10	6	4	1.2092	0.2999	0.3242
ENSG00000270116.1	AP001429.1	lncRNA	7	4	3	0.7490	0.1857	0.2008
ENSG00000270117.1	AP000769.2	lncRNA	0	4	0	0.0000	0.0000	0.0000
ENSG00000270118.1	AC138894.2	lncRNA	0	0	0	0.0000	0.0000	0.0000
ENSG00000270120.1	AC007728.3	lncRNA	2	1	1	0.1520	0.0377	0.0408
ENSG00000270123.4	VTRNA2-1	vault_RNA	0	0	0	0.0000	0.0000	0.0000
ENSG00000270124.1	AC092127.2	lncRNA	4	2	2	0.3774	0.0936	0.1012
ENSG00000270127.2	AC027020.2	lncRNA	42	20	22	0.9970	0.2472	0.2673
ENSG00000270130.1	AC068790.7	lncRNA	17	5	12	1.8259	0.4528	0.4896
ENSG00000270131.1	AP003465.2	lncRNA	0	0	0	0.0000	0.0000	0.0000
ENSG00000270133.1	AC025766.1	lncRNA	9	3	6	1.2479	0.3095	0.3346
ENSG00000270135.1	AC078795.3	lncRNA	0	18	22	0.0000	0.0000	0.0000
ENSG00000270136.6	MICOS10-NBL1	protein_coding	0	0	0	0.0000	0.0000	0.0000
ENSG00000270137.1	AF230666.2	lncRNA	0	0	0	0.0000	0.0000	0.0000
ENSG00000270139.1	AP001172.2	lncRNA	0	0	0	0.0000	0.0000	0.0000
ENSG00000270140.1	AC005520.3	lncRNA	2	2	0	0.3065	0.0760	0.0822
ENSG00000270141.3	TERC	lncRNA	0	0	0	0.0000	0.0000	0.0000
ENSG00000270147.1	AC068620.2	lncRNA	8	76	72	0.8101	0.2009	0.2172
ENSG00000270149.5	AL591806.2	protein_coding	6	5	1	0.1610	0.0399	0.0432
ENSG00000270154.1	AC130352.1	lncRNA	0	0	0	0.0000	0.0000	0.0000
ENSG00000270157.1	AC004918.3	lncRNA	130	59	71	7.9701	1.9765	2.1370
ENSG00000270159.1	AC018695.3	lncRNA	0	0	0	0.0000	0.0000	0.0000
ENSG00000270164.1	LINC01480	lncRNA	46	20	26	1.5149	0.3757	0.4062
ENSG00000270165.1	AC010530.1	lncRNA	1	1	0	0.0997	0.0247	0.0267
ENSG00000270166.1	AL390838.2	processed_pseudogene	0	0	0	0.0000	0.0000	0.0000
ENSG00000270170.2	NCBP2AS2	protein_coding	654	322	332	42.6303	10.5719	11.4306
ENSG00000270171.1	AL359881.3	lncRNA	0	0	0	0.0000	0.0000	0.0000
ENSG00000270174.1	AL022097.1	lncRNA	4	2	2	0.2814	0.0698	0.0755
ENSG00000270175.1	AC023509.3	lncRNA	147	88	93	10.7566	2.6675	2.8842
ENSG00000270177.1	AC104109.2	lncRNA	169	80	89	6.7588	1.6761	1.8123
ENSG00000270178.1	AC007687.1	lncRNA	1	1	0	0.1865	0.0463	0.0500
ENSG00000270179.1	AP002840.2	lncRNA	80	40	40	7.0887	1.7579	1.9007
ENSG00000270181.3	BIVM-ERCC5	protein_coding	0	0	0	0.0000	0.0000	0.0000
ENSG00000270182.1	AC004080.4	lncRNA	0	0	0	0.0000	0.0000	0.0000
ENSG00000270184.1	AC018695.4	lncRNA	7	1	6	0.5762	0.1429	0.1545
ENSG00000270185.1	IGHD1OR15-1B	IG_D_gene	0	0	0	0.0000	0.0000	0.0000
ENSG00000270187.1	IGKV1OR2-11	IG_V_pseudogene	0	0	0	0.0000	0.0000	0.0000
ENSG00000270188.1	MTRNR2L11	protein_coding	0	0	0	0.0000	0.0000	0.0000
ENSG00000270190.1	AC068491.2	lncRNA	2	1	1	0.1872	0.0464	0.0502
ENSG00000270191.1	BNIP3P31	processed_pseudogene	0	0	0	0.0000	0.0000	0.0000
ENSG00000270192.1	MRPS35P3	processed_pseudogene	0	0	0	0.0000	0.0000	0.0000
ENSG00000270193.1	AC009237.12	processed_pseudogene	0	0	0	0.0000	0.0000	0.0000
ENSG00000270194.1	AC097359.2	lncRNA	140	140	126	3.3233	0.8241	0.8911
ENSG00000270195.2	AC016773.1	lncRNA	14	10	6	0.5639	0.1398	0.1512
ENSG00000270196.1	GTF3C6P3	processed_pseudogene	0	0	0	0.0000	0.0000	0.0000
ENSG00000270200.1	AC005229.3	processed_pseudogene	0	0	0	0.0000	0.0000	0.0000
ENSG00000270202.1	AP003973.1	processed_pseudogene	0	0	0	0.0000	0.0000	0.0000
ENSG00000270204.1	AC020549.3	processed_pseudogene	0	0	0	0.0000	0.0000	0.0000
ENSG00000270207.2	AC077690.1	lncRNA	0	0	0	0.0000	0.0000	0.0000
ENSG00000270209.1	AL035411.2	processed_pseudogene	1	1	0	0.1347	0.0334	0.0361
ENSG00000270210.1	AC104695.2	lncRNA	51	22	29	3.7319	0.9255	1.0006
ENSG00000270212.1	AC008738.6	lncRNA	0	0	0	0.0000	0.0000	0.0000
ENSG00000270218.1	AC013553.2	processed_pseudogene	2	2	1	0.1926	0.0478	0.0516
ENSG00000270222.1	DUXAP11	processed_pseudogene	0	0	0	0.0000	0.0000	0.0000
ENSG00000270225.1	MTCO2P22	processed_pseudogene	1	0	1	0.0833	0.0207	0.0223
ENSG00000270226.1	AC006548.2	processed_pseudogene	0	0	0	0.0000	0.0000	0.0000
ENSG00000270228.1	AC079880.1	processed_pseudogene	3	215	207	0.0832	0.0206	0.0223
ENSG00000270230.1	MTND6P22	processed_pseudogene	0	0	0	0.0000	0.0000	0.0000
ENSG00000270231.4	NBPF8	transcribed_unprocessed_pseudogene	155	85	70	1.4746	0.3657	0.3954
ENSG00000270232.1	MTCYBP22	processed_pseudogene	2	1	1	0.2537	0.0629	0.0680
ENSG00000270234.1	AL355333.1	processed_pseudogene	0	0	0	0.0000	0.0000	0.0000
ENSG00000270236.1	AL162730.1	processed_pseudogene	0	0	0	0.0000	0.0000	0.0000
ENSG00000270240.2	AC015849.1	lncRNA	6	4	2	0.4507	0.1118	0.1208
ENSG00000270241.1	AC115286.1	processed_pseudogene	0	0	0	0.0000	0.0000	0.0000
ENSG00000270242.1	ACTR3BP1	processed_pseudogene	0	0	0	0.0000	0.0000	0.0000
ENSG00000270243.1	AC022217.4	processed_pseudogene	0	0	0	0.0000	0.0000	0.0000
ENSG00000270244.1	AC104687.2	processed_pseudogene	0	0	0	0.0000	0.0000	0.0000
ENSG00000270248.1	AC011468.4	processed_pseudogene	11	4	7	1.5252	0.3782	0.4090
ENSG00000270249.2	AC093668.1	protein_coding	0	0	0	0.0000	0.0000	0.0000
ENSG00000270251.1	AL670379.1	processed_pseudogene	0	0	0	0.0000	0.0000	0.0000
ENSG00000270252.1	IGKV3OR2-5	IG_V_pseudogene	0	0	0	0.0000	0.0000	0.0000
ENSG00000270255.1	AC009884.2	processed_pseudogene	0	0	0	0.0000	0.0000	0.0000
ENSG00000270257.1	AC096720.1	processed_pseudogene	6	4	2	1.8593	0.4611	0.4986
ENSG00000270258.1	DUXAP4	processed_pseudogene	0	0	0	0.0000	0.0000	0.0000
ENSG00000270259.2	BX255925.2	processed_pseudogene	0	0	0	0.0000	0.0000	0.0000
ENSG00000270264.1	NDUFB8P2	processed_pseudogene	7	3	4	0.7379	0.1830	0.1978
ENSG00000270265.1	AC104819.3	lncRNA	15	5	10	1.5753	0.3907	0.4224
ENSG00000270268.1	CORO1CP1	processed_pseudogene	0	0	0	0.0000	0.0000	0.0000
ENSG00000270269.1	IMMP1LP1	processed_pseudogene	4	3	1	0.4648	0.1153	0.1246
ENSG00000270270.1	BNIP3P10	processed_pseudogene	2	1	1	0.1966	0.0487	0.0527
ENSG00000270273.1	AC121334.2	processed_pseudogene	0	0	0	0.0000	0.0000	0.0000
ENSG00000270275.1	TRMT112P7	processed_pseudogene	0	0	0	0.0000	0.0000	0.0000
ENSG00000270276.2	H4C15	protein_coding	1	0	1	0.0294	0.0073	0.0079
ENSG00000270277.1	AC009948.1	lncRNA	2	8	5	0.0631	0.0156	0.0169
ENSG00000270279.1	AL132655.3	lncRNA	0	0	0	0.0000	0.0000	0.0000
ENSG00000270280.1	SMIM15P1	processed_pseudogene	0	0	0	0.0000	0.0000	0.0000
ENSG00000270281.1	AC020910.3	processed_pseudogene	0	0	0	0.0000	0.0000	0.0000
ENSG00000270282.1	AL096855.2	processed_pseudogene	2	0	2	0.3074	0.0762	0.0824
ENSG00000270285.1	AC124916.2	processed_pseudogene	0	0	0	0.0000	0.0000	0.0000
ENSG00000270287.1	AL359704.1	processed_pseudogene	0	0	0	0.0000	0.0000	0.0000
ENSG00000270289.1	AC012669.1	processed_pseudogene	0	0	0	0.0000	0.0000	0.0000
ENSG00000270292.1	AC079880.2	processed_pseudogene	4	2	2	0.1870	0.0464	0.0501
ENSG00000270293.1	AC025588.2	processed_pseudogene	0	0	0	0.0000	0.0000	0.0000
ENSG00000270294.1	XIAPP1	processed_pseudogene	0	0	0	0.0000	0.0000	0.0000
ENSG00000270296.1	STX8P1	processed_pseudogene	0	0	0	0.0000	0.0000	0.0000
ENSG00000270299.1	AL121758.1	protein_coding	6	1	5	0.1254	0.0311	0.0336
ENSG00000270300.2	PHACTR2P1	transcribed_processed_pseudogene	6	1	5	0.2163	0.0536	0.0580
ENSG00000270301.1	AC174071.1	processed_pseudogene	0	0	0	0.0000	0.0000	0.0000
ENSG00000270302.1	AC080078.1	lncRNA	0	0	0	0.0000	0.0000	0.0000
ENSG00000270304.1	AC087283.1	processed_pseudogene	0	0	0	0.0000	0.0000	0.0000
ENSG00000270306.1	AL158050.2	processed_pseudogene	0	0	0	0.0000	0.0000	0.0000
ENSG00000270307.1	MTATP6P2	processed_pseudogene	0	0	0	0.0000	0.0000	0.0000
ENSG00000270308.1	TEX101P1	processed_pseudogene	0	0	0	0.0000	0.0000	0.0000
ENSG00000270313.1	COX6CP16	processed_pseudogene	0	0	0	0.0000	0.0000	0.0000
ENSG00000270314.1	AC007161.2	processed_pseudogene	0	0	0	0.0000	0.0000	0.0000
ENSG00000270316.1	BORCS7-ASMT	protein_coding	0	0	0	0.0000	0.0000	0.0000
ENSG00000270317.1	AC004004.1	processed_pseudogene	1	0	1	0.2268	0.0563	0.0608
ENSG00000270318.1	IGHV3OR16-11	IG_V_pseudogene	0	0	0	0.0000	0.0000	0.0000
ENSG00000270321.2	AC007953.2	lncRNA	0	0	0	0.0000	0.0000	0.0000
ENSG00000270322.1	AC091167.3	unprocessed_pseudogene	0	2	3	0.0000	0.0000	0.0000
ENSG00000270323.1	AP000860.1	processed_pseudogene	0	0	0	0.0000	0.0000	0.0000
ENSG00000270324.1	AC005972.1	processed_pseudogene	0	0	0	0.0000	0.0000	0.0000
ENSG00000270325.1	BNIP3P9	processed_pseudogene	0	0	0	0.0000	0.0000	0.0000
ENSG00000270326.1	SMIM15P2	processed_pseudogene	3	2	1	0.8815	0.2186	0.2364
ENSG00000270328.1	AC009597.2	processed_pseudogene	0	0	0	0.0000	0.0000	0.0000
ENSG00000270330.1	AL009183.1	processed_pseudogene	0	0	0	0.0000	0.0000	0.0000
ENSG00000270332.2	SMC2-AS1	lncRNA	9	6	3	0.0652	0.0162	0.0175
ENSG00000270333.1	AL390123.1	processed_pseudogene	0	0	0	0.0000	0.0000	0.0000
ENSG00000270335.1	AC093159.2	processed_pseudogene	0	0	0	0.0000	0.0000	0.0000
ENSG00000270336.1	AC105148.1	processed_pseudogene	0	0	0	0.0000	0.0000	0.0000
ENSG00000270339.3	PPIAL4H	protein_coding	1	0	1	0.0859	0.0213	0.0230
ENSG00000270342.1	AL499605.1	processed_pseudogene	0	0	0	0.0000	0.0000	0.0000
ENSG00000270343.1	UNGP3	processed_pseudogene	1	0	1	0.0840	0.0208	0.0225
ENSG00000270344.3	POC1B-AS1	lncRNA	189	129	123	1.3138	0.3258	0.3523
ENSG00000270347.1	AC011453.2	unprocessed_pseudogene	0	0	0	0.0000	0.0000	0.0000
ENSG00000270350.1	MTND4LP5	processed_pseudogene	0	0	0	0.0000	0.0000	0.0000
ENSG00000270352.1	AC022387.1	processed_pseudogene	0	0	0	0.0000	0.0000	0.0000
ENSG00000270354.1	AC012368.3	processed_pseudogene	0	0	0	0.0000	0.0000	0.0000
ENSG00000270356.1	IGHV1OR15-4	IG_V_pseudogene	0	0	0	0.0000	0.0000	0.0000
ENSG00000270359.1	AL358335.3	processed_pseudogene	0	0	0	0.0000	0.0000	0.0000
ENSG00000270361.1	AL451085.1	lncRNA	10	6	4	0.8219	0.2038	0.2204
ENSG00000270362.1	HMGN3-AS1	lncRNA	59	278	265	1.1357	0.2817	0.3045
ENSG00000270367.1	AC092053.1	processed_pseudogene	0	0	0	0.0000	0.0000	0.0000
ENSG00000270369.1	AL591684.3	processed_pseudogene	0	0	0	0.0000	0.0000	0.0000
ENSG00000270371.1	ATP6V1G1P1	processed_pseudogene	0	0	0	0.0000	0.0000	0.0000
ENSG00000270372.1	AL162413.1	lncRNA	0	0	0	0.0000	0.0000	0.0000
ENSG00000270377.1	AC097639.2	processed_pseudogene	0	0	0	0.0000	0.0000	0.0000
ENSG00000270378.1	AC020891.4	processed_pseudogene	0	0	0	0.0000	0.0000	0.0000
ENSG00000270379.6	HEATR9	protein_coding	7	2	6	0.1355	0.0336	0.0363
ENSG00000270380.1	AL358215.1	lncRNA	0	0	0	0.0000	0.0000	0.0000
ENSG00000270381.1	AL138963.2	processed_pseudogene	0	0	0	0.0000	0.0000	0.0000
ENSG00000270382.1	AL109918.2	processed_pseudogene	0	0	0	0.0000	0.0000	0.0000
ENSG00000270384.1	RNU1-154P	snRNA	0	0	0	0.0000	0.0000	0.0000
ENSG00000270385.1	AC133539.1	processed_pseudogene	0	0	0	0.0000	0.0000	0.0000
ENSG00000270387.1	AC115621.1	processed_pseudogene	0	0	0	0.0000	0.0000	0.0000
ENSG00000270388.1	MTCO3P22	processed_pseudogene	0	0	0	0.0000	0.0000	0.0000
ENSG00000270390.1	SFXN4P1	processed_pseudogene	7	4	9	0.5044	0.1251	0.1352
ENSG00000270392.2	PFN1P2	transcribed_processed_pseudogene	15	5	10	0.4601	0.1141	0.1234
ENSG00000270393.1	AC000095.1	processed_pseudogene	0	1	2	0.0000	0.0000	0.0000
ENSG00000270394.4	MTRNR2L13	protein_coding	0	0	0	0.0000	0.0000	0.0000
ENSG00000270395.1	MREGP1	processed_pseudogene	0	0	0	0.0000	0.0000	0.0000
ENSG00000270397.1	AL670379.2	processed_pseudogene	0	0	0	0.0000	0.0000	0.0000
ENSG00000270400.1	AL512782.1	processed_pseudogene	0	0	0	0.0000	0.0000	0.0000
ENSG00000270401.1	AC140658.5	unprocessed_pseudogene	0	0	0	0.0000	0.0000	0.0000
ENSG00000270402.1	AC011458.1	processed_pseudogene	6	2	5	0.5515	0.1368	0.1479
ENSG00000270403.1	AP001554.1	lncRNA	0	0	0	0.0000	0.0000	0.0000
ENSG00000270405.1	AC104692.2	processed_pseudogene	0	0	0	0.0000	0.0000	0.0000
ENSG00000270409.1	AC090950.1	transcribed_unprocessed_pseudogene	1	0	1	0.0465	0.0115	0.0125
ENSG00000270411.1	AL354984.3	processed_pseudogene	0	0	0	0.0000	0.0000	0.0000
ENSG00000270412.1	AL136084.2	lncRNA	5	12	17	0.6459	0.1602	0.1732
ENSG00000270413.1	AL355812.1	processed_pseudogene	0	0	0	0.0000	0.0000	0.0000
ENSG00000270415.1	DPPA3P3	processed_pseudogene	0	0	0	0.0000	0.0000	0.0000
ENSG00000270416.2	REXO1L4P	processed_pseudogene	0	0	0	0.0000	0.0000	0.0000
ENSG00000270419.1	CAHM	lncRNA	9	5	4	0.5696	0.1413	0.1527
ENSG00000270421.1	AC022022.2	processed_pseudogene	0	0	0	0.0000	0.0000	0.0000
ENSG00000270422.1	AL133247.2	processed_pseudogene	0	0	0	0.0000	0.0000	0.0000
ENSG00000270423.1	AP001981.1	processed_pseudogene	0	0	0	0.0000	0.0000	0.0000
ENSG00000270424.1	AC145285.5	processed_pseudogene	0	0	0	0.0000	0.0000	0.0000
ENSG00000270425.1	AC002487.1	processed_pseudogene	0	0	0	0.0000	0.0000	0.0000
ENSG00000270426.1	AC099343.2	lncRNA	28	14	14	2.3147	0.5740	0.6206
ENSG00000270427.1	NRBF2P5	processed_pseudogene	10	6	4	0.7197	0.1785	0.1930
ENSG00000270429.1	KNOP1P2	processed_pseudogene	4	0	4	0.1722	0.0427	0.0462
ENSG00000270430.1	AC024589.3	processed_pseudogene	0	0	0	0.0000	0.0000	0.0000
ENSG00000270431.1	PHF5FP	processed_pseudogene	0	0	0	0.0000	0.0000	0.0000
ENSG00000270432.1	OR7E108P	unprocessed_pseudogene	0	0	0	0.0000	0.0000	0.0000
ENSG00000270433.1	H3P37	transcribed_unprocessed_pseudogene	10	6	5	0.2913	0.0722	0.0781
ENSG00000270434.1	AC012044.1	processed_pseudogene	0	0	0	0.0000	0.0000	0.0000
ENSG00000270435.1	AC068733.2	processed_pseudogene	0	0	0	0.0000	0.0000	0.0000
ENSG00000270437.1	AC009501.1	processed_pseudogene	0	0	0	0.0000	0.0000	0.0000
ENSG00000270440.1	AC012175.1	processed_pseudogene	0	0	0	0.0000	0.0000	0.0000
ENSG00000270441.1	LAMB2P1	unprocessed_pseudogene	52	32	20	1.6392	0.4065	0.4395
ENSG00000270442.1	AC008725.1	processed_pseudogene	0	0	0	0.0000	0.0000	0.0000
ENSG00000270443.1	AL139344.1	processed_pseudogene	0	0	0	0.0000	0.0000	0.0000
ENSG00000270444.1	AZU1P1	processed_pseudogene	0	0	0	0.0000	0.0000	0.0000
ENSG00000270445.1	COPS5P2	processed_pseudogene	4	2	2	0.6751	0.1674	0.1810
ENSG00000270446.1	RPL34P36	processed_pseudogene	0	0	0	0.0000	0.0000	0.0000
ENSG00000270447.1	AC007179.3	processed_pseudogene	0	0	0	0.0000	0.0000	0.0000
ENSG00000270449.1	AP001485.1	processed_pseudogene	0	0	0	0.0000	0.0000	0.0000
ENSG00000270450.1	IGKV2OR2-7	IG_V_pseudogene	1	1	0	0.1865	0.0463	0.0500
ENSG00000270451.1	IGHD4OR15-4B	IG_D_gene	0	0	0	0.0000	0.0000	0.0000
ENSG00000270453.1	AC007566.2	processed_pseudogene	4	3	2	0.5492	0.1362	0.1473
ENSG00000270455.1	PABPC1P5	processed_pseudogene	0	0	0	0.0000	0.0000	0.0000
ENSG00000270456.1	AL670379.3	processed_pseudogene	0	0	0	0.0000	0.0000	0.0000
ENSG00000270457.1	AC093424.1	lncRNA	4	2	2	0.6711	0.1664	0.1800
ENSG00000270458.1	AC009779.5	processed_pseudogene	0	0	0	0.0000	0.0000	0.0000
ENSG00000270460.1	AC106900.1	lncRNA	0	0	0	0.0000	0.0000	0.0000
ENSG00000270462.1	AC005034.2	lncRNA	3	1	2	0.4109	0.1019	0.1102
ENSG00000270467.1	IGHV3OR16-12	IG_V_gene	2	1	1	0.3213	0.0797	0.0862
ENSG00000270469.1	AC006557.5	processed_pseudogene	1	1	0	0.0699	0.0173	0.0187
ENSG00000270470.1	AC064872.1	processed_pseudogene	1	1	0	0.0529	0.0131	0.0142
ENSG00000270472.2	IGHV3OR16-9	IG_V_gene	4	1	3	0.7716	0.1913	0.2069
ENSG00000270474.2	IGHV3-29	IG_V_pseudogene	0	0	0	0.0000	0.0000	0.0000
ENSG00000270475.1	AC024563.2	processed_pseudogene	2	1	1	0.2358	0.0585	0.0632
ENSG00000270477.1	AL033523.2	processed_pseudogene	0	0	0	0.0000	0.0000	0.0000
ENSG00000270479.1	BNIP3P37	processed_pseudogene	0	0	0	0.0000	0.0000	0.0000
ENSG00000270480.1	AC073413.1	processed_pseudogene	1	1	0	0.0775	0.0192	0.0208
ENSG00000270482.1	AC026367.1	lncRNA	4	1	3	0.3713	0.0921	0.0995
ENSG00000270484.1	AL078595.2	processed_pseudogene	0	0	0	0.0000	0.0000	0.0000
ENSG00000270487.1	AL355297.1	lncRNA	0	0	0	0.0000	0.0000	0.0000
ENSG00000270488.1	AC079587.1	processed_pseudogene	0	0	0	0.0000	0.0000	0.0000
ENSG00000270490.1	AC110048.1	processed_pseudogene	2	1	1	0.0526	0.0130	0.0141
ENSG00000270491.1	AL359999.1	processed_pseudogene	0	0	0	0.0000	0.0000	0.0000
ENSG00000270492.1	AC137695.1	processed_pseudogene	1	1	0	0.1160	0.0288	0.0311
ENSG00000270493.1	AL670379.4	processed_pseudogene	0	0	0	0.0000	0.0000	0.0000
ENSG00000270494.1	AL513534.3	processed_pseudogene	0	0	0	0.0000	0.0000	0.0000
ENSG00000270495.1	AC008825.2	processed_pseudogene	1	1	1	0.0790	0.0196	0.0212
ENSG00000270496.1	BNIP3P7	processed_pseudogene	0	0	0	0.0000	0.0000	0.0000
ENSG00000270497.1	BX322635.1	processed_pseudogene	3	1	2	0.3430	0.0851	0.0920
ENSG00000270499.1	MKI67P1	processed_pseudogene	1	1	0	0.0388	0.0096	0.0104
ENSG00000270500.1	COX6CP4	processed_pseudogene	0	0	0	0.0000	0.0000	0.0000
ENSG00000270503.1	YTHDF2P1	processed_pseudogene	65	38	27	2.9002	0.7192	0.7776
ENSG00000270504.1	AL391422.4	lncRNA	263	184	166	5.4019	1.3396	1.4484
ENSG00000270505.1	IGHV1OR15-1	IG_V_gene	0	0	0	0.0000	0.0000	0.0000
ENSG00000270506.1	AC021646.1	processed_pseudogene	0	0	0	0.0000	0.0000	0.0000
ENSG00000270507.1	AL049861.1	processed_pseudogene	0	0	0	0.0000	0.0000	0.0000
ENSG00000270509.1	AL713998.2	processed_pseudogene	0	0	0	0.0000	0.0000	0.0000
ENSG00000270510.1	AP000811.1	processed_pseudogene	0	27	32	0.0000	0.0000	0.0000
ENSG00000270512.1	AC005377.1	processed_pseudogene	0	0	0	0.0000	0.0000	0.0000
ENSG00000270513.1	AC113368.1	processed_pseudogene	5	2	3	0.7423	0.1841	0.1990
ENSG00000270516.1	AC079791.1	processed_pseudogene	0	0	0	0.0000	0.0000	0.0000
ENSG00000270518.2	AC008626.1	unprocessed_pseudogene	2	2	0	0.4448	0.1103	0.1193
ENSG00000270521.1	AL450336.1	processed_pseudogene	2	1	1	0.1935	0.0480	0.0519
ENSG00000270522.1	AL162713.1	lncRNA	1	0	1	0.2165	0.0537	0.0580
ENSG00000270524.1	QTRT1P1	processed_pseudogene	0	0	0	0.0000	0.0000	0.0000
ENSG00000270526.1	SNRPGP19	processed_pseudogene	0	0	0	0.0000	0.0000	0.0000
ENSG00000270528.1	FAM133EP	processed_pseudogene	1	1	0	0.0803	0.0199	0.0215
ENSG00000270531.1	AC022001.1	processed_pseudogene	0	0	0	0.0000	0.0000	0.0000
ENSG00000270532.1	PEBP1P2	processed_pseudogene	2	1	1	0.2033	0.0504	0.0545
ENSG00000270533.2	CR382285.1	transcribed_processed_pseudogene	2	1	1	0.0611	0.0152	0.0164
ENSG00000270535.1	ELOCP34	processed_pseudogene	0	0	0	0.0000	0.0000	0.0000
ENSG00000270538.1	AC121247.2	processed_pseudogene	0	0	0	0.0000	0.0000	0.0000
ENSG00000270540.1	AC093915.1	lncRNA	1	25	24	0.0368	0.0091	0.0099
ENSG00000270541.1	AC069545.1	processed_pseudogene	0	0	0	0.0000	0.0000	0.0000
ENSG00000270542.1	AL356218.1	processed_pseudogene	1	0	1	0.3033	0.0752	0.0813
ENSG00000270547.6	LINC01235	lncRNA	138	65	73	2.5888	0.6420	0.6941
ENSG00000270549.1	AL451044.1	processed_pseudogene	0	0	0	0.0000	0.0000	0.0000
ENSG00000270550.1	IGHV3-30	IG_V_gene	11	5	6	1.4474	0.3589	0.3881
ENSG00000270552.1	DUXAP3	unprocessed_pseudogene	0	0	0	0.0000	0.0000	0.0000
ENSG00000270553.1	AC011921.3	processed_pseudogene	0	0	0	0.0000	0.0000	0.0000
ENSG00000270554.1	AC069431.2	processed_pseudogene	0	0	0	0.0000	0.0000	0.0000
ENSG00000270555.1	AC211469.1	processed_pseudogene	0	0	0	0.0000	0.0000	0.0000
ENSG00000270557.1	AC013731.1	lncRNA	14	5	9	0.8991	0.2230	0.2411
ENSG00000270558.1	AC025449.1	processed_pseudogene	103	52	51	11.0418	2.7383	2.9607
ENSG00000270560.1	APOOP1	processed_pseudogene	0	0	0	0.0000	0.0000	0.0000
ENSG00000270562.1	AC097634.1	lncRNA	125	62	63	2.8734	0.7126	0.7705
ENSG00000270569.1	AC068276.1	processed_pseudogene	0	0	0	0.0000	0.0000	0.0000
ENSG00000270570.1	AC140113.1	processed_pseudogene	0	0	0	0.0000	0.0000	0.0000
ENSG00000270571.2	AC007681.1	lncRNA	106	50	56	1.7485	0.4336	0.4688
ENSG00000270574.1	AC010680.2	lncRNA	10	34	34	0.2679	0.0664	0.0718
ENSG00000270575.1	AL160281.1	processed_pseudogene	0	0	0	0.0000	0.0000	0.0000
ENSG00000270576.1	AC005520.4	processed_pseudogene	0	0	0	0.0000	0.0000	0.0000
ENSG00000270577.1	AC006023.1	processed_pseudogene	1	1	0	0.2190	0.0543	0.0587
ENSG00000270578.1	AP000787.2	processed_pseudogene	7	3	4	0.6989	0.1733	0.1874
ENSG00000270580.5	PKD1P6-NPIPP1	lncRNA	22	9	13	0.4100	0.1017	0.1099
ENSG00000270583.1	AL365400.1	processed_pseudogene	0	0	0	0.0000	0.0000	0.0000
ENSG00000270584.1	AC093813.1	processed_pseudogene	0	0	0	0.0000	0.0000	0.0000
ENSG00000270585.1	SNX2P1	processed_pseudogene	5	2	3	0.4264	0.1057	0.1143
ENSG00000270587.1	AC046185.2	processed_pseudogene	31	18	13	4.2567	1.0556	1.1414
ENSG00000270588.1	AC021749.1	processed_pseudogene	0	0	0	0.0000	0.0000	0.0000
ENSG00000270589.1	AL158163.1	lncRNA	58	41	41	1.9947	0.4947	0.5348
ENSG00000270591.1	AL049840.7	transcribed_processed_pseudogene	2	1	1	0.2388	0.0592	0.0640
ENSG00000270593.1	AC073333.2	processed_pseudogene	2	0	2	0.1475	0.0366	0.0395
ENSG00000270598.1	AL512343.1	processed_pseudogene	0	0	0	0.0000	0.0000	0.0000
ENSG00000270601.4	PRAMEF5	protein_coding	0	0	0	0.0000	0.0000	0.0000
ENSG00000270604.5	HCG17	lncRNA	5	3	7	0.3736	0.0926	0.1002
ENSG00000270605.1	AL353622.1	lncRNA	109	59	56	3.1781	0.7881	0.8522
ENSG00000270606.1	PPIAP52	processed_pseudogene	0	0	0	0.0000	0.0000	0.0000
ENSG00000270607.1	AC009549.1	lncRNA	13	8	5	0.4373	0.1084	0.1172
ENSG00000270610.1	AL160191.2	processed_pseudogene	0	0	0	0.0000	0.0000	0.0000
ENSG00000270611.1	AC006363.1	processed_pseudogene	0	0	0	0.0000	0.0000	0.0000
ENSG00000270612.1	AC112191.3	processed_pseudogene	0	0	0	0.0000	0.0000	0.0000
ENSG00000270614.1	AC011451.2	processed_pseudogene	13	6	7	1.2328	0.3057	0.3306
ENSG00000270615.1	SGO1P1	processed_pseudogene	0	0	0	0.0000	0.0000	0.0000
ENSG00000270617.1	URGCP-MRPS24	protein_coding	0	0	0	0.0000	0.0000	0.0000
ENSG00000270618.1	AL160237.3	unprocessed_pseudogene	0	0	0	0.0000	0.0000	0.0000
ENSG00000270619.1	AL391358.1	processed_pseudogene	0	0	0	0.0000	0.0000	0.0000
ENSG00000270620.1	AL034555.1	unprocessed_pseudogene	0	0	0	0.0000	0.0000	0.0000
ENSG00000270623.1	SPCS2P2	processed_pseudogene	0	0	0	0.0000	0.0000	0.0000
ENSG00000270624.1	AC008555.3	processed_pseudogene	8	6	2	0.7987	0.1981	0.2142
ENSG00000270625.1	NUDT19P6	processed_pseudogene	0	0	0	0.0000	0.0000	0.0000
ENSG00000270627.1	AL592221.1	processed_pseudogene	0	0	0	0.0000	0.0000	0.0000
ENSG00000270629.6	NBPF14	protein_coding	385	207	181	1.8217	0.4518	0.4885
ENSG00000270631.1	AL592436.2	processed_pseudogene	0	0	0	0.0000	0.0000	0.0000
ENSG00000270632.1	AL356575.1	processed_pseudogene	0	0	0	0.0000	0.0000	0.0000
ENSG00000270634.1	AC005518.2	processed_pseudogene	0	0	0	0.0000	0.0000	0.0000
ENSG00000270638.1	AL023806.1	lncRNA	12	14	10	0.4127	0.1023	0.1107
ENSG00000270639.1	ECM1P1	processed_pseudogene	0	0	0	0.0000	0.0000	0.0000
ENSG00000270640.1	AC104695.3	lncRNA	13	9	4	2.4906	0.6177	0.6678
ENSG00000270641.1	TSIX	lncRNA	35	9574	9628	0.0536	0.0133	0.0144
ENSG00000270646.1	AL670379.5	processed_pseudogene	0	0	0	0.0000	0.0000	0.0000
ENSG00000270647.6	TAF15	protein_coding	8638	4429	4210	83.2672	20.6494	22.3267
ENSG00000270648.1	CYP2C61P	processed_pseudogene	0	0	0	0.0000	0.0000	0.0000
ENSG00000270652.1	DPRXP5	processed_pseudogene	1	0	1	0.1052	0.0261	0.0282
ENSG00000270654.1	NUTF2P8	processed_pseudogene	0	0	0	0.0000	0.0000	0.0000
ENSG00000270655.1	AL031320.1	processed_pseudogene	0	0	0	0.0000	0.0000	0.0000
ENSG00000270659.1	AC079610.1	lncRNA	29	15	14	2.3835	0.5911	0.6391
ENSG00000270661.1	Z99289.2	lncRNA	5	0	5	0.1468	0.0364	0.0394
ENSG00000270664.1	AC010900.1	processed_pseudogene	0	0	0	0.0000	0.0000	0.0000
ENSG00000270665.1	HNRNPA1P67	processed_pseudogene	2	0	2	0.1225	0.0304	0.0328
ENSG00000270666.1	AL021918.1	processed_pseudogene	0	0	0	0.0000	0.0000	0.0000
ENSG00000270669.1	AC008638.3	processed_pseudogene	0	0	0	0.0000	0.0000	0.0000
ENSG00000270670.1	MARK2P16	processed_pseudogene	0	43	47	0.0000	0.0000	0.0000
ENSG00000270672.1	MTRNR2L6	protein_coding	2	1	1	0.0784	0.0194	0.0210
ENSG00000270673.1	YTHDF3-AS1	lncRNA	141	72	69	11.1366	2.7618	2.9861
ENSG00000270677.1	AC007363.1	processed_pseudogene	1	1	0	0.0915	0.0227	0.0245
ENSG00000270678.1	AL670379.6	processed_pseudogene	0	0	0	0.0000	0.0000	0.0000
ENSG00000270679.1	AC138473.1	processed_pseudogene	1	2	2	0.1078	0.0267	0.0289
ENSG00000270680.1	AL596092.1	processed_pseudogene	0	0	0	0.0000	0.0000	0.0000
ENSG00000270681.1	AC095055.1	lncRNA	36	18	24	1.8343	0.4549	0.4918
ENSG00000270682.1	AP003357.1	processed_pseudogene	0	0	0	0.0000	0.0000	0.0000
ENSG00000270683.1	FAM71BP1	processed_pseudogene	0	0	0	0.0000	0.0000	0.0000
ENSG00000270685.1	IGHV1OR15-6	IG_V_pseudogene	0	0	0	0.0000	0.0000	0.0000
ENSG00000270688.1	AL137849.1	processed_pseudogene	0	0	0	0.0000	0.0000	0.0000
ENSG00000270689.1	BUD13P1	processed_pseudogene	6	1	5	0.2285	0.0567	0.0613
ENSG00000270690.1	AC105129.3	processed_pseudogene	0	0	0	0.0000	0.0000	0.0000
ENSG00000270691.1	AL161912.3	processed_pseudogene	0	0	0	0.0000	0.0000	0.0000
ENSG00000270694.1	AC211469.2	processed_pseudogene	0	0	0	0.0000	0.0000	0.0000
ENSG00000270695.1	AL133393.1	processed_pseudogene	0	0	0	0.0000	0.0000	0.0000
ENSG00000270696.1	AC005034.3	lncRNA	0	0	0	0.0000	0.0000	0.0000
ENSG00000270697.1	AC106791.2	lncRNA	2	1	1	0.2901	0.0719	0.0778
ENSG00000270698.1	AC018695.5	processed_pseudogene	0	0	0	0.0000	0.0000	0.0000
ENSG00000270699.1	AC012493.1	processed_pseudogene	0	0	0	0.0000	0.0000	0.0000
ENSG00000270701.1	AP002802.2	processed_pseudogene	0	0	0	0.0000	0.0000	0.0000
ENSG00000270702.1	AC073657.2	processed_pseudogene	2	2	0	0.3743	0.0928	0.1004
ENSG00000270705.1	AL161669.2	processed_pseudogene	0	0	0	0.0000	0.0000	0.0000
ENSG00000270706.1	PRMT1P1	processed_pseudogene	3	3	1	0.1686	0.0418	0.0452
ENSG00000270708.1	KF455155.1	processed_pseudogene	0	0	0	0.0000	0.0000	0.0000
ENSG00000270709.1	AL109653.1	processed_pseudogene	0	0	0	0.0000	0.0000	0.0000
ENSG00000270710.1	FO393422.1	processed_pseudogene	0	0	0	0.0000	0.0000	0.0000
ENSG00000270711.1	AL162431.3	processed_pseudogene	2	2	0	0.2760	0.0684	0.0740
ENSG00000270712.1	AL591222.2	processed_pseudogene	0	0	0	0.0000	0.0000	0.0000
ENSG00000270713.1	AL132994.2	processed_pseudogene	0	0	0	0.0000	0.0000	0.0000
ENSG00000270714.1	MICOS10P2	processed_pseudogene	2	2	0	0.4953	0.1228	0.1328
ENSG00000270716.1	BNIP3P15	processed_pseudogene	3	2	1	0.5652	0.1402	0.1516
ENSG00000270718.1	AC084373.1	processed_pseudogene	0	0	0	0.0000	0.0000	0.0000
ENSG00000270719.1	AL390877.2	processed_pseudogene	0	0	0	0.0000	0.0000	0.0000
ENSG00000270720.1	AC104785.1	lncRNA	7	5	2	0.6751	0.1674	0.1810
ENSG00000270722.1	RNVU1-31	snRNA	0	0	0	0.0000	0.0000	0.0000
ENSG00000270723.1	RPL23AP92	processed_pseudogene	3	1	2	0.6672	0.1655	0.1789
ENSG00000270725.1	AL356580.1	lncRNA	0	0	0	0.0000	0.0000	0.0000
ENSG00000270726.6	AJ271736.1	lncRNA	0	0	0	0.0000	0.0000	0.0000
ENSG00000270726.6_PAR_Y	AJ271736.1	lncRNA	0	0	0	0.0000	0.0000	0.0000
ENSG00000270727.1	AL590032.1	processed_pseudogene	0	0	0	0.0000	0.0000	0.0000
ENSG00000270728.1	AL035413.1	processed_pseudogene	111	50	61	11.9901	2.9734	3.2149
ENSG00000270729.1	CAPZA1P5	processed_pseudogene	0	0	0	0.0000	0.0000	0.0000
ENSG00000270733.1	AL355877.1	processed_pseudogene	2	1	1	0.3168	0.0786	0.0849
ENSG00000270734.1	AC136443.5	processed_pseudogene	1	0	1	0.1533	0.0380	0.0411
ENSG00000270736.1	AL670379.7	processed_pseudogene	0	0	0	0.0000	0.0000	0.0000
ENSG00000270739.1	AC090953.1	processed_pseudogene	1	1	0	0.0519	0.0129	0.0139
ENSG00000270741.1	PRELID3BP8	processed_pseudogene	0	0	0	0.0000	0.0000	0.0000
ENSG00000270745.1	AL731768.1	processed_pseudogene	0	0	0	0.0000	0.0000	0.0000
ENSG00000270747.1	S100A11P9	processed_pseudogene	0	0	0	0.0000	0.0000	0.0000
ENSG00000270748.1	IGKV2OR2-1	IG_V_pseudogene	0	0	0	0.0000	0.0000	0.0000
ENSG00000270749.1	AC064862.7	processed_pseudogene	0	0	0	0.0000	0.0000	0.0000
ENSG00000270751.1	FBXW7-AS1	lncRNA	1	55	50	0.1524	0.0378	0.0409
ENSG00000270753.1	AP001836.1	processed_pseudogene	0	0	0	0.0000	0.0000	0.0000
ENSG00000270754.1	NEK4P3	processed_pseudogene	0	0	0	0.0000	0.0000	0.0000
ENSG00000270755.1	AL136141.1	lncRNA	6	2	4	0.9221	0.2287	0.2472
ENSG00000270757.1	HSPE1-MOB4	protein_coding	0	0	0	0.0000	0.0000	0.0000
ENSG00000270759.1	OOEPP1	processed_pseudogene	0	0	0	0.0000	0.0000	0.0000
ENSG00000270760.1	AD001527.1	lncRNA	3	2	1	0.4489	0.1113	0.1204
ENSG00000270761.1	AL355353.1	lncRNA	32	14	18	5.4991	1.3637	1.4745
ENSG00000270762.1	FXYD6P1	processed_pseudogene	0	0	0	0.0000	0.0000	0.0000
ENSG00000270763.1	DDX43P2	processed_pseudogene	0	0	0	0.0000	0.0000	0.0000
ENSG00000270764.1	AC005070.1	processed_pseudogene	1	0	1	0.1554	0.0385	0.0417
ENSG00000270765.6	GAS2L2	protein_coding	0	0	0	0.0000	0.0000	0.0000
ENSG00000270766.1	AC024940.4	processed_pseudogene	0	0	0	0.0000	0.0000	0.0000
ENSG00000270767.1	AL356157.2	processed_pseudogene	6	3	3	3.0654	0.7602	0.8219
ENSG00000270771.1	AL670379.8	processed_pseudogene	0	0	0	0.0000	0.0000	0.0000
ENSG00000270772.1	PDHA1P1	processed_pseudogene	1	1	0	0.0530	0.0131	0.0142
ENSG00000270773.1	AC137695.2	processed_pseudogene	1	0	1	0.0752	0.0187	0.0202
ENSG00000270775.1	AP000436.1	processed_pseudogene	0	0	0	0.0000	0.0000	0.0000
ENSG00000270776.1	AC012443.1	processed_pseudogene	0	0	0	0.0000	0.0000	0.0000
ENSG00000270777.1	AL158042.1	lncRNA	0	0	0	0.0000	0.0000	0.0000
ENSG00000270778.1	BUB1P1	processed_pseudogene	1	0	1	0.0934	0.0232	0.0251
ENSG00000270779.1	AC008782.1	processed_pseudogene	0	0	0	0.0000	0.0000	0.0000
ENSG00000270780.1	AL591742.1	processed_pseudogene	0	0	0	0.0000	0.0000	0.0000
ENSG00000270781.1	AC091133.6	processed_pseudogene	2	1	1	0.3768	0.0934	0.1010
ENSG00000270782.1	AC072026.1	processed_pseudogene	0	0	0	0.0000	0.0000	0.0000
ENSG00000270788.1	PDLIM1P1	processed_pseudogene	2	2	0	0.1170	0.0290	0.0314
ENSG00000270789.1	AC135983.5	processed_pseudogene	0	0	0	0.0000	0.0000	0.0000
ENSG00000270790.1	AC025588.3	processed_pseudogene	0	0	0	0.0000	0.0000	0.0000
ENSG00000270791.1	DPRXP6	processed_pseudogene	0	0	0	0.0000	0.0000	0.0000
ENSG00000270792.6	AL050403.2	lncRNA	0	75	92	0.0000	0.0000	0.0000
ENSG00000270793.1	LLPHP1	processed_pseudogene	0	0	0	0.0000	0.0000	0.0000
ENSG00000270794.1	AC005185.1	processed_pseudogene	0	0	0	0.0000	0.0000	0.0000
ENSG00000270797.1	AC004987.3	processed_pseudogene	0	0	0	0.0000	0.0000	0.0000
ENSG00000270798.1	AC018737.1	processed_pseudogene	0	0	0	0.0000	0.0000	0.0000
ENSG00000270799.1	AC013467.1	processed_pseudogene	0	0	0	0.0000	0.0000	0.0000
ENSG00000270800.3	RPS10-NUDT3	protein_coding	0	0	0	0.0000	0.0000	0.0000
ENSG00000270802.2	AC005776.1	processed_pseudogene	2	1	1	0.3911	0.0970	0.1049
ENSG00000270804.1	AC010326.4	transcribed_processed_pseudogene	90	175	172	5.4529	1.3523	1.4621
ENSG00000270806.2	C17orf50	protein_coding	6	2	7	0.3171	0.0786	0.0850
ENSG00000270807.1	AC024153.1	processed_pseudogene	0	0	0	0.0000	0.0000	0.0000
ENSG00000270808.1	AC022400.3	processed_pseudogene	7	3	4	1.3880	0.3442	0.3722
ENSG00000270809.1	CHCHD2P11	processed_pseudogene	0	0	0	0.0000	0.0000	0.0000
ENSG00000270811.1	AL590095.1	processed_pseudogene	0	0	0	0.0000	0.0000	0.0000
ENSG00000270812.1	AC002069.4	processed_pseudogene	0	0	0	0.0000	0.0000	0.0000
ENSG00000270813.2	NANOGNBP3	processed_pseudogene	3	1	2	0.3011	0.0747	0.0807
ENSG00000270814.1	DMAC1P1	processed_pseudogene	0	0	0	0.0000	0.0000	0.0000
ENSG00000270815.1	AC019159.1	processed_pseudogene	0	0	0	0.0000	0.0000	0.0000
ENSG00000270816.6	LINC00221	lncRNA	0	0	1	0.0000	0.0000	0.0000
ENSG00000270818.1	AL445675.1	processed_pseudogene	0	0	0	0.0000	0.0000	0.0000
ENSG00000270820.6	AC016727.1	lncRNA	76	1221	1212	1.7891	0.4437	0.4797
ENSG00000270822.1	AC092032.1	processed_pseudogene	1	0	1	0.3437	0.0852	0.0922
ENSG00000270823.1	AC007938.2	lncRNA	1	230	224	0.0215	0.0053	0.0058
ENSG00000270824.1	IGHD5OR15-5B	IG_D_gene	0	0	0	0.0000	0.0000	0.0000
ENSG00000270826.1	USP37P1	processed_pseudogene	0	0	0	0.0000	0.0000	0.0000
ENSG00000270828.1	AL023806.2	lncRNA	0	3	4	0.0000	0.0000	0.0000
ENSG00000270829.1	AC015849.2	lncRNA	0	0	0	0.0000	0.0000	0.0000
ENSG00000270830.1	AC022441.3	processed_pseudogene	0	0	0	0.0000	0.0000	0.0000
ENSG00000270831.1	NF1P1	unprocessed_pseudogene	0	0	0	0.0000	0.0000	0.0000
ENSG00000270832.1	AC092120.2	processed_pseudogene	0	0	0	0.0000	0.0000	0.0000
ENSG00000270835.2	AP001425.1	transcribed_processed_pseudogene	0	0	0	0.0000	0.0000	0.0000
ENSG00000270837.1	HNRNPDLP4	processed_pseudogene	1	1	0	0.1884	0.0467	0.0505
ENSG00000270838.1	AL121912.1	processed_pseudogene	0	0	0	0.0000	0.0000	0.0000
ENSG00000270839.1	AC091393.1	processed_pseudogene	2	2	0	0.1897	0.0470	0.0509
ENSG00000270842.1	AC073413.2	processed_pseudogene	1	0	1	0.1575	0.0391	0.0422
ENSG00000270846.1	MYG1P1	processed_pseudogene	0	0	0	0.0000	0.0000	0.0000
ENSG00000270849.1	CHCHD2P3	processed_pseudogene	0	0	0	0.0000	0.0000	0.0000
ENSG00000270850.1	AL356986.1	processed_pseudogene	0	0	0	0.0000	0.0000	0.0000
ENSG00000270852.1	AL390816.3	unprocessed_pseudogene	0	0	0	0.0000	0.0000	0.0000
ENSG00000270855.1	ATP7BP1	processed_pseudogene	0	0	0	0.0000	0.0000	0.0000
ENSG00000270856.1	AL353765.1	processed_pseudogene	0	0	0	0.0000	0.0000	0.0000
ENSG00000270857.1	AC007621.3	processed_pseudogene	0	0	0	0.0000	0.0000	0.0000
ENSG00000270858.1	VDAC1P5	processed_pseudogene	0	0	0	0.0000	0.0000	0.0000
ENSG00000270859.1	AC099785.1	processed_pseudogene	0	0	0	0.0000	0.0000	0.0000
ENSG00000270861.1	AP002906.1	processed_pseudogene	0	0	0	0.0000	0.0000	0.0000
ENSG00000270863.1	DDX55P1	processed_pseudogene	1	1	0	0.0401	0.0099	0.0108
ENSG00000270864.1	IGHV3OR16-6	IG_V_pseudogene	3	2	1	0.4726	0.1172	0.1267
ENSG00000270865.1	RPL12P48	processed_pseudogene	0	0	0	0.0000	0.0000	0.0000
ENSG00000270866.1	AC067773.1	lncRNA	0	0	0	0.0000	0.0000	0.0000
ENSG00000270868.1	AP000942.3	processed_pseudogene	0	0	0	0.0000	0.0000	0.0000
ENSG00000270870.1	AC004805.2	processed_pseudogene	0	0	0	0.0000	0.0000	0.0000
ENSG00000270871.1	AC015849.3	lncRNA	47	23	24	5.4618	1.3545	1.4645
ENSG00000270872.2	SRGAP2D	unprocessed_pseudogene	48	20	28	2.6661	0.6612	0.7149
ENSG00000270874.1	RPAP2P1	processed_pseudogene	5	3	2	0.2428	0.0602	0.0651
ENSG00000270876.1	ZNF30-AS1	lncRNA	5	2	3	0.4537	0.1125	0.1216
ENSG00000270878.1	GCATP1	processed_pseudogene	11	5	6	0.4947	0.1227	0.1326
ENSG00000270880.1	AC128687.1	processed_pseudogene	1	1	0	0.0916	0.0227	0.0246
ENSG00000270882.2	H4C14	protein_coding	14	6	8	0.4232	0.1050	0.1135
ENSG00000270883.1	AC080078.2	lncRNA	0	0	0	0.0000	0.0000	0.0000
ENSG00000270885.2	RASL10B	protein_coding	142	57	85	2.2929	0.5686	0.6148
ENSG00000270889.1	PPP1R14BP4	processed_pseudogene	0	0	0	0.0000	0.0000	0.0000
ENSG00000270890.1	AL049844.2	processed_pseudogene	16	11	9	1.4448	0.3583	0.3874
ENSG00000270891.1	AC012507.2	processed_pseudogene	0	0	0	0.0000	0.0000	0.0000
ENSG00000270892.1	AC006077.1	processed_pseudogene	0	0	0	0.0000	0.0000	0.0000
ENSG00000270893.1	AC008277.2	processed_pseudogene	2	1	1	0.1423	0.0353	0.0382
ENSG00000270894.1	AC015849.4	lncRNA	2	1	1	0.2694	0.0668	0.0722
ENSG00000270896.1	AL645939.3	processed_pseudogene	0	2	0	0.0000	0.0000	0.0000
ENSG00000270897.1	AC111188.2	processed_pseudogene	0	0	0	0.0000	0.0000	0.0000
ENSG00000270900.1	NUDT19P4	processed_pseudogene	0	0	0	0.0000	0.0000	0.0000
ENSG00000270902.1	AL160290.2	processed_pseudogene	0	0	0	0.0000	0.0000	0.0000
ENSG00000270903.1	HNRNPA3P9	processed_pseudogene	6	4	2	0.3476	0.0862	0.0932
ENSG00000270904.1	ATP6V1G1P5	processed_pseudogene	0	0	0	0.0000	0.0000	0.0000
ENSG00000270906.1	MTND4P35	processed_pseudogene	14	8	6	0.5774	0.1432	0.1548
ENSG00000270909.1	CR788268.1	processed_pseudogene	0	0	0	0.0000	0.0000	0.0000
ENSG00000270911.1	AC114878.2	processed_pseudogene	2	1	1	0.0907	0.0225	0.0243
ENSG00000270912.1	RPS28P1	processed_pseudogene	0	0	0	0.0000	0.0000	0.0000
ENSG00000270914.1	AL096840.1	processed_pseudogene	0	0	0	0.0000	0.0000	0.0000
ENSG00000270915.1	H3P8	processed_pseudogene	1	2	0	0.1708	0.0424	0.0458
ENSG00000270916.1	RPL12P50	processed_pseudogene	0	0	0	0.0000	0.0000	0.0000
ENSG00000270917.1	AL161911.1	processed_pseudogene	7	4	3	1.0700	0.2653	0.2869
ENSG00000270919.1	AC108451.2	lncRNA	2	201	177	0.2108	0.0523	0.0565
ENSG00000270920.1	MCRIP2P2	processed_pseudogene	0	0	0	0.0000	0.0000	0.0000
ENSG00000270921.1	CICP23	processed_pseudogene	0	1	0	0.0000	0.0000	0.0000
ENSG00000270923.1	TAS2R6P	processed_pseudogene	5	4	1	0.3433	0.0851	0.0920
ENSG00000270924.1	AC140658.6	unprocessed_pseudogene	0	0	0	0.0000	0.0000	0.0000
ENSG00000270926.1	AC008013.3	unprocessed_pseudogene	1	1	0	0.0840	0.0208	0.0225
ENSG00000270927.1	AL645944.1	processed_pseudogene	0	0	0	0.0000	0.0000	0.0000
ENSG00000270929.1	SRD5A3P1	processed_pseudogene	0	0	0	0.0000	0.0000	0.0000
ENSG00000270930.1	GRAMD4P8	processed_pseudogene	20	10	23	1.0172	0.2523	0.2728
ENSG00000270933.1	AC010719.1	lncRNA	9	5	4	0.6833	0.1694	0.1832
ENSG00000270934.1	AL512430.4	processed_pseudogene	1	0	1	0.0925	0.0229	0.0248
ENSG00000270935.1	AL021808.1	processed_pseudogene	0	0	0	0.0000	0.0000	0.0000
ENSG00000270936.1	BPNT2P	processed_pseudogene	0	0	0	0.0000	0.0000	0.0000
ENSG00000270937.1	AL033381.2	lncRNA	0	0	0	0.0000	0.0000	0.0000
ENSG00000270938.1	RAP2CP1	transcribed_processed_pseudogene	0	0	0	0.0000	0.0000	0.0000
ENSG00000270941.1	AC006254.2	processed_pseudogene	2	0	2	0.4065	0.1008	0.1090
ENSG00000270945.1	HSPE1P7	processed_pseudogene	0	0	0	0.0000	0.0000	0.0000
ENSG00000270946.6	CT45A9	protein_coding	0	0	0	0.0000	0.0000	0.0000
ENSG00000270947.1	AC025811.1	lncRNA	9	5	8	1.0813	0.2682	0.2899
ENSG00000270948.1	MTDHP1	processed_pseudogene	8	7	1	0.5787	0.1435	0.1552
ENSG00000270951.1	AL121917.2	lncRNA	16	9	7	2.3266	0.5770	0.6238
ENSG00000270953.1	AC007938.3	lncRNA	33	424	481	3.0039	0.7449	0.8054
ENSG00000270954.1	RPSAP75	processed_pseudogene	0	0	0	0.0000	0.0000	0.0000
ENSG00000270955.1	AC135731.2	processed_pseudogene	0	0	0	0.0000	0.0000	0.0000
ENSG00000270956.1	AC009948.2	lncRNA	3	10	13	0.2520	0.0625	0.0676
ENSG00000270957.1	AC092175.1	processed_pseudogene	0	0	0	0.0000	0.0000	0.0000
ENSG00000270959.1	LPP-AS2	lncRNA	104	61	63	2.0680	0.5128	0.5545
ENSG00000270960.1	AC106872.10	processed_pseudogene	0	0	0	0.0000	0.0000	0.0000
ENSG00000270961.1	IGHD5OR15-5A	IG_D_gene	0	0	0	0.0000	0.0000	0.0000
ENSG00000270962.1	AC239800.3	processed_pseudogene	0	0	0	0.0000	0.0000	0.0000
ENSG00000270964.1	AC016355.1	lncRNA	29	14	15	1.0728	0.2660	0.2877
ENSG00000270965.1	NTAN1P1	processed_pseudogene	0	0	0	0.0000	0.0000	0.0000
ENSG00000270966.1	AC087763.1	processed_pseudogene	0	0	0	0.0000	0.0000	0.0000
ENSG00000270969.1	AP001823.1	processed_pseudogene	0	0	0	0.0000	0.0000	0.0000
ENSG00000270971.2	REXO1L8P	processed_pseudogene	0	0	0	0.0000	0.0000	0.0000
ENSG00000270972.1	AC136475.9	lncRNA	1	0	1	0.1141	0.0283	0.0306
ENSG00000270973.1	SMARCE1P7	processed_pseudogene	0	0	0	0.0000	0.0000	0.0000
ENSG00000270975.1	MAGOH3P	unprocessed_pseudogene	0	0	0	0.0000	0.0000	0.0000
ENSG00000270976.1	AL596327.1	processed_pseudogene	0	0	0	0.0000	0.0000	0.0000
ENSG00000270977.2	AC015849.5	transcribed_processed_pseudogene	11	6	5	0.0978	0.0243	0.0262
ENSG00000270978.1	AC091982.2	processed_pseudogene	0	0	0	0.0000	0.0000	0.0000
ENSG00000270980.1	AC060764.1	processed_pseudogene	5	4	1	0.6246	0.1549	0.1675
ENSG00000270981.1	AC092944.2	processed_pseudogene	1	0	1	0.0638	0.0158	0.0171
ENSG00000270982.1	AL353621.2	processed_pseudogene	0	0	0	0.0000	0.0000	0.0000
ENSG00000270983.1	AL589674.1	processed_pseudogene	2	0	2	0.3366	0.0835	0.0902
ENSG00000270986.1	HMGB1P51	processed_pseudogene	3	2	1	0.2667	0.0661	0.0715
ENSG00000270987.1	AL133338.2	processed_pseudogene	1	0	1	0.0771	0.0191	0.0207
ENSG00000270988.1	AC019257.2	lncRNA	0	0	0	0.0000	0.0000	0.0000
ENSG00000270989.1	AC139493.1	processed_pseudogene	0	0	0	0.0000	0.0000	0.0000
ENSG00000270990.1	AC069304.2	processed_pseudogene	0	0	0	0.0000	0.0000	0.0000
ENSG00000270992.1	AC024085.1	processed_pseudogene	0	0	0	0.0000	0.0000	0.0000
ENSG00000270993.1	AC111186.1	processed_pseudogene	3	2	1	1.3087	0.3245	0.3509
ENSG00000270994.1	AL157899.1	processed_pseudogene	0	0	0	0.0000	0.0000	0.0000
ENSG00000270995.1	AL137072.1	processed_pseudogene	0	0	0	0.0000	0.0000	0.0000
ENSG00000270996.1	AC005034.4	lncRNA	7	1	6	0.4416	0.1095	0.1184
ENSG00000270997.1	AC073137.1	processed_pseudogene	0	0	0	0.0000	0.0000	0.0000
ENSG00000270999.1	IGKV1OR2-118	IG_V_pseudogene	0	1	1	0.0000	0.0000	0.0000
ENSG00000271002.1	AC129492.5	processed_pseudogene	5	0	5	0.9002	0.2232	0.2414
ENSG00000271003.1	AC009237.13	unprocessed_pseudogene	0	0	0	0.0000	0.0000	0.0000
ENSG00000271005.1	CTHRC1P1	processed_pseudogene	0	0	0	0.0000	0.0000	0.0000
ENSG00000271009.3	AC116667.1	lncRNA	54	27	27	1.4780	0.3665	0.3963
ENSG00000271010.1	AC011475.1	processed_pseudogene	0	0	0	0.0000	0.0000	0.0000
ENSG00000271011.1	AC010680.3	lncRNA	0	8	4	0.0000	0.0000	0.0000
ENSG00000271013.1	LRRC37A9P	processed_pseudogene	7	4	3	0.0738	0.0183	0.0198
ENSG00000271014.1	AC062037.1	processed_pseudogene	1	0	1	0.4430	0.1099	0.1188
ENSG00000271015.1	IGKV2OR2-7D	IG_V_pseudogene	0	0	0	0.0000	0.0000	0.0000
ENSG00000271018.1	AC013244.1	processed_pseudogene	0	0	0	0.0000	0.0000	0.0000
ENSG00000271021.1	AC239600.1	processed_pseudogene	0	0	0	0.0000	0.0000	0.0000
ENSG00000271022.1	AP002365.1	processed_pseudogene	0	0	0	0.0000	0.0000	0.0000
ENSG00000271024.1	HSPE1P19	processed_pseudogene	0	0	0	0.0000	0.0000	0.0000
ENSG00000271025.1	AP000907.3	processed_pseudogene	0	0	0	0.0000	0.0000	0.0000
ENSG00000271026.1	KATNBL1P1	processed_pseudogene	0	0	0	0.0000	0.0000	0.0000
ENSG00000271027.1	AC006380.1	processed_pseudogene	0	0	0	0.0000	0.0000	0.0000
ENSG00000271028.1	AC009643.2	processed_pseudogene	0	0	0	0.0000	0.0000	0.0000
ENSG00000271029.1	AC135178.7	processed_pseudogene	0	0	1	0.0000	0.0000	0.0000
ENSG00000271032.1	AC020907.4	lncRNA	20	18	12	2.1563	0.5347	0.5782
ENSG00000271034.1	AC139700.1	processed_pseudogene	0	0	0	0.0000	0.0000	0.0000
ENSG00000271035.1	AC010385.2	processed_pseudogene	0	0	0	0.0000	0.0000	0.0000
ENSG00000271036.1	CLPTM1LP1	processed_pseudogene	0	0	0	0.0000	0.0000	0.0000
ENSG00000271040.1	AL390955.2	lncRNA	12	6	6	1.3240	0.3283	0.3550
ENSG00000271041.1	AL670379.9	processed_pseudogene	0	0	0	0.0000	0.0000	0.0000
ENSG00000271042.1	AL078603.1	processed_pseudogene	0	0	0	0.0000	0.0000	0.0000
ENSG00000271043.2	MTRNR2L2	processed_pseudogene	0	1	0	0.0000	0.0000	0.0000
ENSG00000271044.1	AC087468.1	processed_pseudogene	4	4	0	0.3601	0.0893	0.0965
ENSG00000271045.1	NDUFB9P1	processed_pseudogene	0	0	0	0.0000	0.0000	0.0000
ENSG00000271046.1	AL512631.1	lncRNA	0	0	0	0.0000	0.0000	0.0000
ENSG00000271047.1	AC092447.9	processed_pseudogene	0	0	0	0.0000	0.0000	0.0000
ENSG00000271048.1	AC087045.1	processed_pseudogene	0	0	0	0.0000	0.0000	0.0000
ENSG00000271049.1	AC020910.4	processed_pseudogene	4	3	1	0.2595	0.0644	0.0696
ENSG00000271052.1	AC108738.1	processed_pseudogene	0	0	0	0.0000	0.0000	0.0000
ENSG00000271053.1	AC093765.1	processed_pseudogene	0	0	0	0.0000	0.0000	0.0000
ENSG00000271056.1	MRPS22P1	processed_pseudogene	0	0	0	0.0000	0.0000	0.0000
ENSG00000271057.1	AC073648.5	processed_pseudogene	2	2	0	0.3719	0.0922	0.0997
ENSG00000271063.1	SNRPGP17	processed_pseudogene	0	0	0	0.0000	0.0000	0.0000
ENSG00000271064.1	AC027644.2	processed_pseudogene	4	3	1	0.9452	0.2344	0.2534
ENSG00000271065.1	AC107031.1	lncRNA	8	3	5	1.3074	0.3242	0.3506
ENSG00000271070.1	GMCL1P2	processed_pseudogene	0	0	0	0.0000	0.0000	0.0000
ENSG00000271071.1	AL513548.2	processed_pseudogene	0	0	0	0.0000	0.0000	0.0000
ENSG00000271072.1	PHBP20	processed_pseudogene	2	0	2	0.1387	0.0344	0.0372
ENSG00000271074.1	AC012491.1	processed_pseudogene	0	0	0	0.0000	0.0000	0.0000
ENSG00000271075.1	AL139317.4	processed_pseudogene	9	3	6	0.6716	0.1665	0.1801
ENSG00000271077.1	PER3P1	processed_pseudogene	0	0	0	0.0000	0.0000	0.0000
ENSG00000271078.1	AC139426.3	processed_pseudogene	0	0	0	0.0000	0.0000	0.0000
ENSG00000271079.1	CTAGE15	protein_coding	0	1	0	0.0000	0.0000	0.0000
ENSG00000271081.1	HIKESHIP3	processed_pseudogene	0	0	0	0.0000	0.0000	0.0000
ENSG00000271086.7	NAMA	lncRNA	1	1	0	0.0105	0.0026	0.0028
ENSG00000271088.1	AL161722.2	processed_pseudogene	0	0	0	0.0000	0.0000	0.0000
ENSG00000271092.5	TLCD4-RWDD3	protein_coding	17	8	9	0.4916	0.1219	0.1318
ENSG00000271093.1	IGLCOR22-2	IG_C_pseudogene	0	0	0	0.0000	0.0000	0.0000
ENSG00000271094.1	AL022161.1	processed_pseudogene	0	0	0	0.0000	0.0000	0.0000
ENSG00000271095.1	BNIP3P28	processed_pseudogene	1	0	1	0.0475	0.0118	0.0127
ENSG00000271096.1	SUMO2P14	processed_pseudogene	1	1	0	0.1935	0.0480	0.0519
ENSG00000271097.1	DBF4P3	processed_pseudogene	0	0	0	0.0000	0.0000	0.0000
ENSG00000271098.1	IMMP1LP3	processed_pseudogene	0	0	0	0.0000	0.0000	0.0000
ENSG00000271099.1	AL357315.2	processed_pseudogene	0	0	0	0.0000	0.0000	0.0000
ENSG00000271100.1	AP000753.3	processed_pseudogene	0	0	0	0.0000	0.0000	0.0000
ENSG00000271101.1	AC005181.1	processed_pseudogene	0	0	0	0.0000	0.0000	0.0000
ENSG00000271105.1	SCML2P2	processed_pseudogene	17	10	7	1.7853	0.4427	0.4787
ENSG00000271108.1	KATNBL1P5	processed_pseudogene	0	0	0	0.0000	0.0000	0.0000
ENSG00000271109.2	AC008555.4	lncRNA	49	36	37	2.2284	0.5526	0.5975
ENSG00000271111.1	AL365503.1	processed_pseudogene	0	0	0	0.0000	0.0000	0.0000
ENSG00000271113.1	AC079089.3	processed_pseudogene	0	0	0	0.0000	0.0000	0.0000
ENSG00000271114.1	AL590392.1	processed_pseudogene	0	0	0	0.0000	0.0000	0.0000
ENSG00000271115.1	EIF2S2P7	processed_pseudogene	0	0	0	0.0000	0.0000	0.0000
ENSG00000271117.1	AC078841.1	processed_pseudogene	0	0	0	0.0000	0.0000	0.0000
ENSG00000271118.1	AC012119.2	processed_pseudogene	0	0	0	0.0000	0.0000	0.0000
ENSG00000271119.1	AC026412.3	lncRNA	41	14	27	1.3998	0.3471	0.3753
ENSG00000271121.2	NUDT4P2	processed_pseudogene	0	0	0	0.0000	0.0000	0.0000
ENSG00000271122.1	AC018647.2	lncRNA	770	516	488	10.3968	2.5783	2.7877
ENSG00000271123.1	ELOCP5	processed_pseudogene	0	0	0	0.0000	0.0000	0.0000
ENSG00000271127.2	AP000526.1	transcribed_unprocessed_pseudogene	0	0	0	0.0000	0.0000	0.0000
ENSG00000271128.1	AC008608.1	processed_pseudogene	0	0	0	0.0000	0.0000	0.0000
ENSG00000271129.1	AC009027.1	processed_pseudogene	0	0	0	0.0000	0.0000	0.0000
ENSG00000271130.1	IGHV3OR16-8	IG_V_gene	1	1	1	0.1625	0.0403	0.0436
ENSG00000271131.1	PPIAP75	processed_pseudogene	0	0	0	0.0000	0.0000	0.0000
ENSG00000271133.5	AC004130.2	lncRNA	104	55	64	6.5824	1.6324	1.7650
ENSG00000271134.1	IFITM3P9	processed_pseudogene	0	0	0	0.0000	0.0000	0.0000
ENSG00000271136.1	AL592504.1	processed_pseudogene	0	0	0	0.0000	0.0000	0.0000
ENSG00000271137.1	AC006254.3	processed_pseudogene	0	0	0	0.0000	0.0000	0.0000
ENSG00000271138.1	IGLVIVOR22-1	IG_V_pseudogene	0	0	0	0.0000	0.0000	0.0000
ENSG00000271140.1	PRR20FP	unprocessed_pseudogene	0	0	0	0.0000	0.0000	0.0000
ENSG00000271141.1	AC010680.4	lncRNA	3	15	20	0.3133	0.0777	0.0840
ENSG00000271142.1	YWHAQP7	processed_pseudogene	2	1	1	0.1724	0.0427	0.0462
ENSG00000271143.1	AL357137.1	processed_pseudogene	0	0	0	0.0000	0.0000	0.0000
ENSG00000271146.1	AC018889.1	processed_pseudogene	2	1	1	0.2857	0.0708	0.0766
ENSG00000271147.8	ARMCX5-GPRASP2	lncRNA	239	125	114	3.1936	0.7920	0.8563
ENSG00000271148.1	AC023762.1	lncRNA	0	0	0	0.0000	0.0000	0.0000
ENSG00000271149.1	AC011467.5	unprocessed_pseudogene	0	0	0	0.0000	0.0000	0.0000
ENSG00000271150.1	AC008745.1	processed_pseudogene	0	1	0	0.0000	0.0000	0.0000
ENSG00000271151.1	AC016737.1	lncRNA	13	9	5	0.6903	0.1712	0.1851
ENSG00000271153.1	RPL23AP88	processed_pseudogene	3	2	1	0.3747	0.0929	0.1005
ENSG00000271154.1	AL670379.10	processed_pseudogene	0	0	0	0.0000	0.0000	0.0000
ENSG00000271155.1	AL161729.1	lncRNA	1	7	8	0.0404	0.0100	0.0108
ENSG00000271156.1	AC090578.2	lncRNA	4	1	3	0.3838	0.0952	0.1029
ENSG00000271157.1	AL022154.1	processed_pseudogene	0	0	0	0.0000	0.0000	0.0000
ENSG00000271158.1	AL450472.2	processed_pseudogene	0	0	0	0.0000	0.0000	0.0000
ENSG00000271159.1	HINT1P2	processed_pseudogene	0	1	0	0.0000	0.0000	0.0000
ENSG00000271161.1	BOLA2P2	transcribed_processed_pseudogene	5	4	1	0.5001	0.1240	0.1341
ENSG00000271162.1	AL022099.1	processed_pseudogene	0	0	0	0.0000	0.0000	0.0000
ENSG00000271163.1	AC004840.2	processed_pseudogene	0	0	0	0.0000	0.0000	0.0000
ENSG00000271164.1	CFAP97P1	processed_pseudogene	0	0	0	0.0000	0.0000	0.0000
ENSG00000271166.1	AL671309.1	processed_pseudogene	0	0	0	0.0000	0.0000	0.0000
ENSG00000271167.1	LINC01109	lncRNA	0	0	0	0.0000	0.0000	0.0000
ENSG00000271171.3	LINC00904	lncRNA	0	0	0	0.0000	0.0000	0.0000
ENSG00000271172.1	AC104662.1	lncRNA	0	0	0	0.0000	0.0000	0.0000
ENSG00000271173.1	SPRING1P1	processed_pseudogene	0	0	0	0.0000	0.0000	0.0000
ENSG00000271174.1	AC104440.1	processed_pseudogene	0	0	0	0.0000	0.0000	0.0000
ENSG00000271175.1	AC016925.2	processed_pseudogene	0	0	0	0.0000	0.0000	0.0000
ENSG00000271177.1	AC010200.1	processed_pseudogene	0	0	0	0.0000	0.0000	0.0000
ENSG00000271178.1	IGHV3OR16-13	IG_V_gene	5	2	3	0.8033	0.1992	0.2154
ENSG00000271179.1	AC098826.3	processed_pseudogene	0	0	0	0.0000	0.0000	0.0000
ENSG00000271180.1	COX5AP1	processed_pseudogene	0	0	0	0.0000	0.0000	0.0000
ENSG00000271181.1	Z99916.2	processed_pseudogene	0	0	0	0.0000	0.0000	0.0000
ENSG00000271182.1	AC123912.5	processed_pseudogene	0	0	0	0.0000	0.0000	0.0000
ENSG00000271184.1	AC005252.1	processed_pseudogene	0	0	0	0.0000	0.0000	0.0000
ENSG00000271185.1	AC007029.1	lncRNA	2	2	0	0.3624	0.0899	0.0972
ENSG00000271187.1	AL713866.2	processed_pseudogene	0	0	0	0.0000	0.0000	0.0000
ENSG00000271190.1	RPP40P2	processed_pseudogene	0	0	0	0.0000	0.0000	0.0000
ENSG00000271192.1	AC006058.2	lncRNA	0	0	0	0.0000	0.0000	0.0000
ENSG00000271194.1	RNF138P2	processed_pseudogene	0	0	0	0.0000	0.0000	0.0000
ENSG00000271195.1	AC018618.2	processed_pseudogene	0	0	0	0.0000	0.0000	0.0000
ENSG00000271196.1	AC113403.1	processed_pseudogene	0	0	0	0.0000	0.0000	0.0000
ENSG00000271198.1	VDAC3P1	processed_pseudogene	1	1	0	0.0667	0.0165	0.0179
ENSG00000271199.1	AL353804.2	lncRNA	2	2	0	0.3269	0.0811	0.0876
ENSG00000271200.1	AC099791.2	lncRNA	9	4	5	1.1953	0.2964	0.3205
ENSG00000271201.1	AC247036.1	lncRNA	0	0	0	0.0000	0.0000	0.0000
ENSG00000271202.1	PRR13P7	processed_pseudogene	0	0	0	0.0000	0.0000	0.0000
ENSG00000271204.1	AC016831.4	lncRNA	13	9	7	0.3690	0.0915	0.0989
ENSG00000271205.1	Z83818.1	processed_pseudogene	0	0	0	0.0000	0.0000	0.0000
ENSG00000271207.1	MTCO1P22	processed_pseudogene	4	3	1	0.1668	0.0414	0.0447
ENSG00000271208.1	Z99289.3	lncRNA	2	1	1	0.1909	0.0474	0.0512
ENSG00000271209.1	BRDTP1	processed_pseudogene	0	0	0	0.0000	0.0000	0.0000
ENSG00000271211.1	AL670379.11	processed_pseudogene	0	0	0	0.0000	0.0000	0.0000
ENSG00000271214.1	AL138895.2	processed_pseudogene	0	0	0	0.0000	0.0000	0.0000
ENSG00000271215.1	RPL21P136	processed_pseudogene	1	0	2	0.1432	0.0355	0.0384
ENSG00000271216.2	LINC01050	lncRNA	15	8	7	0.4414	0.1095	0.1184
ENSG00000271218.1	AL033384.2	lncRNA	21	366	353	2.6116	0.6477	0.7003
ENSG00000271219.1	AC011626.1	processed_pseudogene	0	0	0	0.0000	0.0000	0.0000
ENSG00000271220.2	AL355376.2	transcribed_processed_pseudogene	0	0	0	0.0000	0.0000	0.0000
ENSG00000271222.1	AC091152.3	processed_pseudogene	0	0	0	0.0000	0.0000	0.0000
ENSG00000271225.1	BNIP3P4	processed_pseudogene	0	0	0	0.0000	0.0000	0.0000
ENSG00000271227.1	SREK1IP1P2	processed_pseudogene	2	2	0	0.3356	0.0832	0.0900
ENSG00000271228.1	AL121655.1	lncRNA	9	4	5	1.6571	0.4109	0.4443
ENSG00000271230.1	AC027334.1	processed_pseudogene	0	0	0	0.0000	0.0000	0.0000
ENSG00000271231.1	KRT18P9	processed_pseudogene	0	0	0	0.0000	0.0000	0.0000
ENSG00000271232.1	CARS1P1	processed_pseudogene	0	0	0	0.0000	0.0000	0.0000
ENSG00000271234.1	AL078605.1	lncRNA	4	3	1	0.4537	0.1125	0.1216
ENSG00000271235.1	AC114477.1	processed_pseudogene	0	0	0	0.0000	0.0000	0.0000
ENSG00000271236.1	SUMO2P15	processed_pseudogene	0	0	0	0.0000	0.0000	0.0000
ENSG00000271237.1	HMGB1P50	processed_pseudogene	0	0	0	0.0000	0.0000	0.0000
ENSG00000271238.1	AC023932.1	processed_pseudogene	0	0	0	0.0000	0.0000	0.0000
ENSG00000271239.1	AC007423.1	lncRNA	1	1	0	0.0904	0.0224	0.0243
ENSG00000271240.1	AC110741.2	processed_pseudogene	0	0	0	0.0000	0.0000	0.0000
ENSG00000271242.1	PRELID3BP2	processed_pseudogene	0	0	0	0.0000	0.0000	0.0000
ENSG00000271243.1	AC016727.2	processed_pseudogene	0	0	0	0.0000	0.0000	0.0000
ENSG00000271245.1	AL136139.1	processed_pseudogene	0	0	0	0.0000	0.0000	0.0000
ENSG00000271248.1	AC091193.1	processed_pseudogene	0	0	0	0.0000	0.0000	0.0000
ENSG00000271249.1	DIMT1P1	processed_pseudogene	0	0	0	0.0000	0.0000	0.0000
ENSG00000271250.1	AL158032.1	processed_pseudogene	0	0	0	0.0000	0.0000	0.0000
ENSG00000271251.1	AC025946.2	processed_pseudogene	0	0	0	0.0000	0.0000	0.0000
ENSG00000271252.1	AL683887.1	lncRNA	0	0	0	0.0000	0.0000	0.0000
ENSG00000271253.1	AC011891.3	processed_pseudogene	0	0	0	0.0000	0.0000	0.0000
ENSG00000271257.1	AC008814.1	processed_pseudogene	0	0	0	0.0000	0.0000	0.0000
ENSG00000271259.1	AC010201.1	lncRNA	15	10	5	1.5753	0.3907	0.4224
ENSG00000271264.1	MZT1P1	processed_pseudogene	0	0	0	0.0000	0.0000	0.0000
ENSG00000271265.1	AL355297.2	lncRNA	9	3	6	1.1444	0.2838	0.3068
ENSG00000271266.1	LAPTM4BP2	processed_pseudogene	0	0	0	0.0000	0.0000	0.0000
ENSG00000271267.1	AL353807.4	processed_pseudogene	21	11	10	4.6339	1.1492	1.2425
ENSG00000271268.1	AC015849.6	processed_pseudogene	1	1	0	0.1196	0.0297	0.0321
ENSG00000271269.1	AL353778.1	processed_pseudogene	0	0	0	0.0000	0.0000	0.0000
ENSG00000271270.7	TMCC1-AS1	lncRNA	199	104	95	1.4652	0.3634	0.3929
ENSG00000271271.6	UGT2A2	protein_coding	0	0	0	0.0000	0.0000	0.0000
ENSG00000271272.1	AC068802.1	processed_pseudogene	0	0	0	0.0000	0.0000	0.0000
ENSG00000271275.1	AC007326.1	processed_pseudogene	0	0	0	0.0000	0.0000	0.0000
ENSG00000271277.1	AL356280.1	processed_pseudogene	0	0	0	0.0000	0.0000	0.0000
ENSG00000271278.1	ELOCP33	processed_pseudogene	1	1	0	0.0897	0.0223	0.0241
ENSG00000271283.1	AC011458.2	processed_pseudogene	0	0	0	0.0000	0.0000	0.0000
ENSG00000271284.1	SMIM12P1	processed_pseudogene	0	0	0	0.0000	0.0000	0.0000
ENSG00000271286.1	CYTH1P1	processed_pseudogene	0	0	0	0.0000	0.0000	0.0000
ENSG00000271287.1	BCRP9	processed_pseudogene	0	0	0	0.0000	0.0000	0.0000
ENSG00000271288.1	IGHV1OR15-3	IG_V_pseudogene	0	0	0	0.0000	0.0000	0.0000
ENSG00000271290.1	COPS8P1	processed_pseudogene	0	0	0	0.0000	0.0000	0.0000
ENSG00000271291.1	AC245014.2	processed_pseudogene	0	0	0	0.0000	0.0000	0.0000
ENSG00000271296.1	H3P19	processed_pseudogene	0	0	0	0.0000	0.0000	0.0000
ENSG00000271298.1	AL080274.1	processed_pseudogene	0	0	0	0.0000	0.0000	0.0000
ENSG00000271299.1	AC008962.1	processed_pseudogene	0	0	0	0.0000	0.0000	0.0000
ENSG00000271302.1	AC105254.2	processed_pseudogene	0	0	0	0.0000	0.0000	0.0000
ENSG00000271303.2	SRXN1	protein_coding	0	0	0	0.0000	0.0000	0.0000
ENSG00000271304.2	DPRXP2	transcribed_processed_pseudogene	15	9	6	0.9547	0.2368	0.2560
ENSG00000271306.1	RAC1P9	processed_pseudogene	0	6	6	0.0000	0.0000	0.0000
ENSG00000271307.3	AF146191.2	processed_pseudogene	0	0	0	0.0000	0.0000	0.0000
ENSG00000271309.1	AC140113.2	processed_pseudogene	0	0	0	0.0000	0.0000	0.0000
ENSG00000271313.1	AC069114.2	processed_pseudogene	0	0	0	0.0000	0.0000	0.0000
ENSG00000271314.1	AL161729.2	lncRNA	0	0	0	0.0000	0.0000	0.0000
ENSG00000271315.1	AC174048.1	processed_pseudogene	0	0	0	0.0000	0.0000	0.0000
ENSG00000271317.1	IGHD4OR15-4A	IG_D_gene	0	0	0	0.0000	0.0000	0.0000
ENSG00000271318.1	MOB4P2	processed_pseudogene	5	3	2	0.4839	0.1200	0.1297
ENSG00000271320.1	AC091488.1	lncRNA	5	1	4	0.4296	0.1065	0.1152
ENSG00000271321.1	CTAGE6	protein_coding	1	1	2	0.0217	0.0054	0.0058
ENSG00000271322.1	AL357312.1	processed_pseudogene	0	0	0	0.0000	0.0000	0.0000
ENSG00000271327.1	AC010201.2	lncRNA	68	46	23	2.5795	0.6397	0.6916
ENSG00000271328.1	B3GNTL1P2	processed_pseudogene	0	0	0	0.0000	0.0000	0.0000
ENSG00000271329.1	AL035417.2	processed_pseudogene	0	0	0	0.0000	0.0000	0.0000
ENSG00000271330.1	AC005084.1	processed_pseudogene	0	0	0	0.0000	0.0000	0.0000
ENSG00000271332.1	ATP5MGP8	processed_pseudogene	0	0	0	0.0000	0.0000	0.0000
ENSG00000271333.1	AC019322.2	unprocessed_pseudogene	0	0	0	0.0000	0.0000	0.0000
ENSG00000271334.6	LINC02104	lncRNA	8	4	4	0.6980	0.1731	0.1871
ENSG00000271335.6	AL117336.2	lncRNA	65	37	28	2.5850	0.6410	0.6931
ENSG00000271336.1	IGHD1OR15-1A	IG_D_gene	0	0	0	0.0000	0.0000	0.0000
ENSG00000271337.1	NDE1P2	processed_pseudogene	0	0	0	0.0000	0.0000	0.0000
ENSG00000271338.1	AL591034.1	processed_pseudogene	1	0	1	0.0828	0.0205	0.0222
ENSG00000271339.1	AL683813.2	processed_pseudogene	0	0	0	0.0000	0.0000	0.0000
ENSG00000271340.1	AC120024.3	processed_pseudogene	1	0	1	0.3635	0.0902	0.0975
ENSG00000271343.1	AL355598.2	processed_pseudogene	0	0	0	0.0000	0.0000	0.0000
ENSG00000271344.1	AC018638.6	lncRNA	9	6	3	0.4028	0.0999	0.1080
ENSG00000271346.1	AC008162.1	processed_pseudogene	0	0	0	0.0000	0.0000	0.0000
ENSG00000271349.1	AC007992.1	processed_pseudogene	0	0	0	0.0000	0.0000	0.0000
ENSG00000271350.1	AC103792.1	processed_pseudogene	2	2	0	0.1234	0.0306	0.0331
ENSG00000271351.1	IGKV1OR2-9	IG_V_pseudogene	0	0	0	0.0000	0.0000	0.0000
ENSG00000271353.1	AC012468.1	processed_pseudogene	0	0	0	0.0000	0.0000	0.0000
ENSG00000271355.1	AL356458.1	processed_pseudogene	0	0	0	0.0000	0.0000	0.0000
ENSG00000271356.1	USP21P2	processed_pseudogene	0	0	0	0.0000	0.0000	0.0000
ENSG00000271357.1	AC048344.3	processed_pseudogene	0	0	0	0.0000	0.0000	0.0000
ENSG00000271358.1	AL137190.1	processed_pseudogene	0	0	0	0.0000	0.0000	0.0000
ENSG00000271360.1	AL512631.2	lncRNA	0	12	10	0.0000	0.0000	0.0000
ENSG00000271361.1	HTATSF1P2	processed_pseudogene	54	73	86	4.8532	1.2035	1.3013
ENSG00000271362.1	AL138889.2	processed_pseudogene	0	0	0	0.0000	0.0000	0.0000
ENSG00000271364.1	AC015871.2	processed_pseudogene	0	0	0	0.0000	0.0000	0.0000
ENSG00000271365.1	AC140113.3	processed_pseudogene	0	0	0	0.0000	0.0000	0.0000
ENSG00000271366.1	AC002128.2	lncRNA	8	3	5	0.7341	0.1821	0.1968
ENSG00000271367.1	AL034374.1	lncRNA	101	55	46	10.4520	2.5920	2.8025
ENSG00000271368.1	AC073387.2	processed_pseudogene	0	0	0	0.0000	0.0000	0.0000
ENSG00000271369.1	AC087783.1	processed_pseudogene	0	0	0	0.0000	0.0000	0.0000
ENSG00000271370.1	AC007619.2	processed_pseudogene	0	0	0	0.0000	0.0000	0.0000
ENSG00000271373.1	NANOGP3	processed_pseudogene	0	0	0	0.0000	0.0000	0.0000
ENSG00000271375.1	AC134879.2	processed_pseudogene	1	1	0	0.1458	0.0362	0.0391
ENSG00000271377.1	IFITM3P8	processed_pseudogene	0	0	0	0.0000	0.0000	0.0000
ENSG00000271378.1	RBISP2	processed_pseudogene	0	0	0	0.0000	0.0000	0.0000
ENSG00000271379.1	AC023513.1	processed_pseudogene	1	1	0	0.0821	0.0204	0.0220
ENSG00000271380.1	AL451085.2	lncRNA	1	672	708	0.0710	0.0176	0.0190
ENSG00000271381.2	REXO1L9P	processed_pseudogene	0	0	0	0.0000	0.0000	0.0000
ENSG00000271382.1	AC012464.3	lncRNA	9	5	4	0.1841	0.0456	0.0494
ENSG00000271383.7	NBPF19	protein_coding	1	0	1	0.0041	0.0010	0.0011
ENSG00000271384.1	AL161729.3	lncRNA	4	2	2	0.3371	0.0836	0.0904
ENSG00000271385.1	AL161798.1	processed_pseudogene	0	0	0	0.0000	0.0000	0.0000
ENSG00000271386.1	SRGNP1	processed_pseudogene	0	0	0	0.0000	0.0000	0.0000
ENSG00000271387.1	AL445228.2	lncRNA	31	17	14	1.8466	0.4580	0.4951
ENSG00000271389.1	OSBPL9P1	processed_pseudogene	0	0	0	0.0000	0.0000	0.0000
ENSG00000271390.1	AP003973.2	lncRNA	2	1	1	0.2273	0.0564	0.0609
ENSG00000271392.1	AC006237.1	lncRNA	1	0	1	0.1181	0.0293	0.0317
ENSG00000271394.1	7SK	misc_RNA	0	0	0	0.0000	0.0000	0.0000
ENSG00000271395.2	LINC02336	lncRNA	0	0	0	0.0000	0.0000	0.0000
ENSG00000271396.1	AC091167.4	processed_pseudogene	7	4	3	0.4440	0.1101	0.1191
ENSG00000271397.1	AL109837.1	processed_pseudogene	0	0	0	0.0000	0.0000	0.0000
ENSG00000271398.1	AL353622.2	lncRNA	9	7	4	1.2009	0.2978	0.3220
ENSG00000271399.1	AL078624.1	processed_pseudogene	0	0	0	0.0000	0.0000	0.0000
ENSG00000271400.1	CCDC121P1	processed_pseudogene	0	0	0	0.0000	0.0000	0.0000
ENSG00000271401.1	AC010680.5	lncRNA	14	10	8	1.7148	0.4252	0.4598
ENSG00000271402.1	IGKV2OR2-2	IG_V_pseudogene	1	0	1	0.1890	0.0469	0.0507
ENSG00000271404.1	MZT1P2	processed_pseudogene	4	3	1	0.9147	0.2268	0.2453
ENSG00000271408.1	NAPGP1	processed_pseudogene	0	0	0	0.0000	0.0000	0.0000
ENSG00000271409.1	AC073176.1	lncRNA	0	0	0	0.0000	0.0000	0.0000
ENSG00000271410.1	AC020728.1	processed_pseudogene	1	0	1	0.0466	0.0116	0.0125
ENSG00000271412.1	PRR13P3	processed_pseudogene	0	0	0	0.0000	0.0000	0.0000
ENSG00000271413.1	AC104640.2	processed_pseudogene	0	0	0	0.0000	0.0000	0.0000
ENSG00000271414.1	AC093107.2	processed_pseudogene	4	2	2	0.5098	0.1264	0.1367
ENSG00000271415.1	RPL23AP90	processed_pseudogene	2	1	1	0.4806	0.1192	0.1289
ENSG00000271418.1	AC092747.3	processed_pseudogene	0	0	0	0.0000	0.0000	0.0000
ENSG00000271419.1	AL035410.2	processed_pseudogene	0	0	0	0.0000	0.0000	0.0000
ENSG00000271420.1	AL109936.2	lncRNA	39	22	17	3.4026	0.8438	0.9124
ENSG00000271421.1	AC005191.1	processed_pseudogene	0	0	0	0.0000	0.0000	0.0000
ENSG00000271423.1	CYCSP1	processed_pseudogene	0	0	0	0.0000	0.0000	0.0000
ENSG00000271424.1	GLRX5P3	processed_pseudogene	1	0	1	0.1186	0.0294	0.0318
ENSG00000271425.9	NBPF10	protein_coding	164	94	77	0.6476	0.1606	0.1736
ENSG00000271426.1	AL109983.1	processed_pseudogene	1	0	1	0.0878	0.0218	0.0235
ENSG00000271427.1	AL358072.1	lncRNA	21	11	10	2.0711	0.5136	0.5553
ENSG00000271428.1	MPHOSPH6P1	processed_pseudogene	9	6	3	1.0459	0.2594	0.2804
ENSG00000271429.1	RPL17P51	processed_pseudogene	0	0	0	0.0000	0.0000	0.0000
ENSG00000271433.1	PPATP2	processed_pseudogene	0	0	0	0.0000	0.0000	0.0000
ENSG00000271434.3	AL445237.1	lncRNA	0	0	0	0.0000	0.0000	0.0000
ENSG00000271435.1	TEKT4P3	processed_pseudogene	0	0	0	0.0000	0.0000	0.0000
ENSG00000271437.1	AL356423.1	processed_pseudogene	0	0	0	0.0000	0.0000	0.0000
ENSG00000271439.1	AC246785.4	processed_pseudogene	0	0	0	0.0000	0.0000	0.0000
ENSG00000271440.1	AL121932.1	processed_pseudogene	0	0	0	0.0000	0.0000	0.0000
ENSG00000271443.1	AC011247.2	transcribed_processed_pseudogene	0	0	0	0.0000	0.0000	0.0000
ENSG00000271447.6	MMP28	protein_coding	192	98	97	3.4133	0.8465	0.9152
ENSG00000271449.8	CT45A2	protein_coding	0	0	0	0.0000	0.0000	0.0000
ENSG00000271452.1	AC005034.5	lncRNA	31	98	113	3.7726	0.9356	1.0115
ENSG00000271454.1	AL353729.2	processed_pseudogene	0	0	0	0.0000	0.0000	0.0000
ENSG00000271455.1	AC112187.2	processed_pseudogene	0	0	0	0.0000	0.0000	0.0000
ENSG00000271456.1	AC108081.1	processed_pseudogene	0	0	0	0.0000	0.0000	0.0000
ENSG00000271457.1	AL590229.2	processed_pseudogene	0	0	0	0.0000	0.0000	0.0000
ENSG00000271459.1	Z98751.3	processed_pseudogene	0	0	0	0.0000	0.0000	0.0000
ENSG00000271461.1	CKAP2LP1	processed_pseudogene	0	0	0	0.0000	0.0000	0.0000
ENSG00000271462.1	AC091805.2	processed_pseudogene	0	0	0	0.0000	0.0000	0.0000
ENSG00000271464.1	DPRXP7	processed_pseudogene	0	0	0	0.0000	0.0000	0.0000
ENSG00000271465.1	SQSTM1P1	processed_pseudogene	0	0	0	0.0000	0.0000	0.0000
ENSG00000271466.1	CICP24	processed_pseudogene	0	0	0	0.0000	0.0000	0.0000
ENSG00000271468.1	AL357094.1	processed_pseudogene	0	0	0	0.0000	0.0000	0.0000
ENSG00000271474.1	AC106881.1	lncRNA	112	55	57	1.9079	0.4731	0.5116
ENSG00000271475.1	AL078624.2	processed_pseudogene	0	0	0	0.0000	0.0000	0.0000
ENSG00000271477.1	AC010591.1	processed_pseudogene	0	0	0	0.0000	0.0000	0.0000
ENSG00000271480.1	MTND3P19	processed_pseudogene	0	0	0	0.0000	0.0000	0.0000
ENSG00000271482.1	AC005070.2	processed_pseudogene	0	0	0	0.0000	0.0000	0.0000
ENSG00000271483.1	AC108676.2	processed_pseudogene	0	0	0	0.0000	0.0000	0.0000
ENSG00000271484.1	ABI1P1	unprocessed_pseudogene	0	0	0	0.0000	0.0000	0.0000
ENSG00000271486.1	NIPA2P3	processed_pseudogene	0	0	0	0.0000	0.0000	0.0000
ENSG00000271488.1	RBM11P1	processed_pseudogene	0	0	0	0.0000	0.0000	0.0000
ENSG00000271490.1	AC013244.2	processed_pseudogene	0	0	0	0.0000	0.0000	0.0000
ENSG00000271491.1	AC100767.2	processed_pseudogene	0	0	0	0.0000	0.0000	0.0000
ENSG00000271492.1	MEMO1P5	processed_pseudogene	0	0	0	0.0000	0.0000	0.0000
ENSG00000271494.1	AC034205.3	processed_pseudogene	0	0	0	0.0000	0.0000	0.0000
ENSG00000271495.1	AC020765.1	processed_pseudogene	0	0	0	0.0000	0.0000	0.0000
ENSG00000271496.1	SNRPGP20	processed_pseudogene	0	0	0	0.0000	0.0000	0.0000
ENSG00000271498.1	AL360085.1	processed_pseudogene	0	0	0	0.0000	0.0000	0.0000
ENSG00000271499.1	AC011477.5	processed_pseudogene	3	2	2	0.0883	0.0219	0.0237
ENSG00000271500.1	AC005183.1	processed_pseudogene	2	1	1	0.0573	0.0142	0.0154
ENSG00000271502.1	AL670379.12	processed_pseudogene	0	0	0	0.0000	0.0000	0.0000
ENSG00000271503.6	CCL5	protein_coding	906	461	445	34.2757	8.5000	9.1905
ENSG00000271507.1	AC025884.3	unprocessed_pseudogene	0	0	0	0.0000	0.0000	0.0000
ENSG00000271508.1	AC090525.3	processed_pseudogene	0	0	0	0.0000	0.0000	0.0000
ENSG00000271509.1	AC018714.1	processed_pseudogene	0	0	0	0.0000	0.0000	0.0000
ENSG00000271511.1	AL161756.2	processed_pseudogene	0	0	1	0.0000	0.0000	0.0000
ENSG00000271519.1	AL590065.1	processed_pseudogene	0	0	0	0.0000	0.0000	0.0000
ENSG00000271522.1	AC016831.5	lncRNA	0	0	0	0.0000	0.0000	0.0000
ENSG00000271523.1	AL049634.3	processed_pseudogene	0	0	0	0.0000	0.0000	0.0000
ENSG00000271524.1	BNIP3P17	processed_pseudogene	29	43	39	2.7640	0.6854	0.7411
ENSG00000271525.1	ARF4P1	processed_pseudogene	1	0	1	0.1048	0.0260	0.0281
ENSG00000271526.1	AC004852.1	processed_pseudogene	0	0	0	0.0000	0.0000	0.0000
ENSG00000271527.1	AL606495.1	processed_pseudogene	0	0	0	0.0000	0.0000	0.0000
ENSG00000271530.1	WBP1LP12	processed_pseudogene	0	0	0	0.0000	0.0000	0.0000
ENSG00000271532.1	BBIP1P1	processed_pseudogene	4	3	1	0.8130	0.2016	0.2180
ENSG00000271533.1	Z83843.1	lncRNA	485	241	244	7.4639	1.8510	2.0013
ENSG00000271536.1	AC073046.2	processed_pseudogene	0	0	0	0.0000	0.0000	0.0000
ENSG00000271537.1	AC009220.3	processed_pseudogene	14	6	8	1.3548	0.3360	0.3633
ENSG00000271538.6	LINC02427	lncRNA	2	1	1	0.0251	0.0062	0.0067
ENSG00000271543.1	AC021443.1	processed_pseudogene	5	3	2	1.3438	0.3333	0.3603
ENSG00000271544.1	AC006499.8	processed_pseudogene	0	0	0	0.0000	0.0000	0.0000
ENSG00000271546.1	AC245389.1	processed_pseudogene	0	0	0	0.0000	0.0000	0.0000
ENSG00000271547.1	AC117498.2	processed_pseudogene	3	0	3	0.3329	0.0826	0.0893
ENSG00000271550.1	BNIP3P11	processed_pseudogene	51	22	29	5.1371	1.2740	1.3774
ENSG00000271551.2	AL355297.3	lncRNA	5	23	24	0.2270	0.0563	0.0609
ENSG00000271553.1	AC018638.7	lncRNA	12	9	3	0.6109	0.1515	0.1638
ENSG00000271554.1	AL138787.2	lncRNA	5	22	20	0.4303	0.1067	0.1154
ENSG00000271555.1	AC113139.1	lncRNA	7	7	0	1.6610	0.4119	0.4454
ENSG00000271557.1	YPEL5P2	processed_pseudogene	2	1	1	0.3159	0.0783	0.0847
ENSG00000271558.1	AL391813.1	processed_pseudogene	0	0	0	0.0000	0.0000	0.0000
ENSG00000271559.1	AL138966.1	processed_pseudogene	0	0	0	0.0000	0.0000	0.0000
ENSG00000271560.1	AP001330.3	processed_pseudogene	0	0	0	0.0000	0.0000	0.0000
ENSG00000271563.1	HIRAP1	processed_pseudogene	0	0	0	0.0000	0.0000	0.0000
ENSG00000271564.2	LINC02333	lncRNA	2	0	2	0.1085	0.0269	0.0291
ENSG00000271565.1	AL109618.2	processed_pseudogene	0	0	0	0.0000	0.0000	0.0000
ENSG00000271567.1	PPIAL4E	protein_coding	0	0	3	0.0000	0.0000	0.0000
ENSG00000271568.1	AC069304.3	processed_pseudogene	0	0	0	0.0000	0.0000	0.0000
ENSG00000271569.1	IGKV1OR2-6	IG_V_pseudogene	2	0	2	0.4095	0.1015	0.1098
ENSG00000271573.1	AL136982.5	processed_pseudogene	2	1	1	0.3858	0.0957	0.1034
ENSG00000271576.1	AL359504.1	lncRNA	14	3	11	0.4959	0.1230	0.1330
ENSG00000271578.1	AC119501.1	processed_pseudogene	0	0	0	0.0000	0.0000	0.0000
ENSG00000271579.1	AC078880.3	lncRNA	3	2	1	0.1518	0.0376	0.0407
ENSG00000271580.1	AL583832.1	processed_pseudogene	8	4	4	0.5787	0.1435	0.1552
ENSG00000271581.1	AL671883.2	unprocessed_pseudogene	4	5936	6162	0.2289	0.0568	0.0614
ENSG00000271582.1	AC073111.1	processed_pseudogene	0	0	0	0.0000	0.0000	0.0000
ENSG00000271583.1	AC103881.1	processed_pseudogene	0	0	0	0.0000	0.0000	0.0000
ENSG00000271584.2	LINC02550	lncRNA	1	8	7	0.0422	0.0105	0.0113
ENSG00000271585.1	SELENOTP2	processed_pseudogene	0	0	0	0.0000	0.0000	0.0000
ENSG00000271586.1	AC011894.1	processed_pseudogene	0	0	0	0.0000	0.0000	0.0000
ENSG00000271587.1	AC004805.3	processed_pseudogene	0	0	0	0.0000	0.0000	0.0000
ENSG00000271588.1	LARP7P1	processed_pseudogene	0	0	0	0.0000	0.0000	0.0000
ENSG00000271589.1	AL139395.1	processed_pseudogene	0	0	0	0.0000	0.0000	0.0000
ENSG00000271590.1	AC108463.3	lncRNA	29	13	16	1.1097	0.2752	0.2976
ENSG00000271595.1	ELOCP35	processed_pseudogene	0	0	0	0.0000	0.0000	0.0000
ENSG00000271596.1	AC008121.1	processed_pseudogene	2	2	0	0.4232	0.1050	0.1135
ENSG00000271597.1	AC112230.1	processed_pseudogene	0	0	0	0.0000	0.0000	0.0000
ENSG00000271598.1	AC008739.3	processed_pseudogene	0	0	0	0.0000	0.0000	0.0000
ENSG00000271600.1	AP000942.4	processed_pseudogene	0	0	0	0.0000	0.0000	0.0000
ENSG00000271601.4	LIX1L	protein_coding	1737	1040	1025	24.6818	6.1208	6.6180
ENSG00000271602.1	KRT8P49	processed_pseudogene	3	2	1	0.1188	0.0295	0.0319
ENSG00000271605.6	MILR1	protein_coding	383	189	195	11.9603	2.9660	3.2070
ENSG00000271606.1	AC097467.4	unprocessed_pseudogene	0	0	0	0.0000	0.0000	0.0000
ENSG00000271607.1	Z84480.1	processed_pseudogene	1	0	1	0.1823	0.0452	0.0489
ENSG00000271608.1	AL391646.1	processed_pseudogene	1	1	0	0.2985	0.0740	0.0800
ENSG00000271609.1	AC005632.4	processed_pseudogene	0	0	0	0.0000	0.0000	0.0000
ENSG00000271611.1	AC006006.1	processed_pseudogene	0	0	0	0.0000	0.0000	0.0000
ENSG00000271612.1	HSPE1P14	processed_pseudogene	1	1	0	0.1878	0.0466	0.0504
ENSG00000271614.1	ATP2B1-AS1	lncRNA	201	118	124	3.1384	0.7783	0.8415
ENSG00000271615.1	ACTG1P22	transcribed_processed_pseudogene	0	0	0	0.0000	0.0000	0.0000
ENSG00000271616.1	AC055876.6	processed_pseudogene	0	0	0	0.0000	0.0000	0.0000
ENSG00000271618.1	AL359821.1	processed_pseudogene	0	0	0	0.0000	0.0000	0.0000
ENSG00000271620.1	IGHV3OR16-7	IG_V_pseudogene	0	1	0	0.0000	0.0000	0.0000
ENSG00000271621.1	AC013244.3	processed_pseudogene	0	0	0	0.0000	0.0000	0.0000
ENSG00000271623.1	AC138894.3	processed_pseudogene	0	0	0	0.0000	0.0000	0.0000
ENSG00000271624.1	AP004372.1	processed_pseudogene	0	0	0	0.0000	0.0000	0.0000
ENSG00000271625.1	PSMA6P4	processed_pseudogene	0	0	0	0.0000	0.0000	0.0000
ENSG00000271626.1	H3P42	processed_pseudogene	1	0	1	0.1485	0.0368	0.0398
ENSG00000271627.1	NKAIN1P2	processed_pseudogene	0	0	0	0.0000	0.0000	0.0000
ENSG00000271629.1	AC067959.1	processed_pseudogene	0	0	0	0.0000	0.0000	0.0000
ENSG00000271631.1	AL139041.1	lncRNA	4	2	2	0.3719	0.0922	0.0997
ENSG00000271632.1	AL589743.2	processed_pseudogene	0	0	0	0.0000	0.0000	0.0000
ENSG00000271635.1	DBF4P2	processed_pseudogene	0	0	0	0.0000	0.0000	0.0000
ENSG00000271638.1	BNIP3P19	processed_pseudogene	0	0	0	0.0000	0.0000	0.0000
ENSG00000271639.1	PPFIA1P1	processed_pseudogene	0	0	0	0.0000	0.0000	0.0000
ENSG00000271642.1	MARK3P1	processed_pseudogene	1	0	1	0.0882	0.0219	0.0236
ENSG00000271643.2	AC112220.2	lncRNA	493	255	251	6.1799	1.5326	1.6570
ENSG00000271644.1	AC242498.1	processed_pseudogene	0	0	0	0.0000	0.0000	0.0000
ENSG00000271646.1	IRF2-DT	lncRNA	282	140	142	6.3892	1.5845	1.7132
ENSG00000271647.1	KRT8P47	processed_pseudogene	0	4	5	0.0000	0.0000	0.0000
ENSG00000271650.1	AL031601.1	processed_pseudogene	0	0	0	0.0000	0.0000	0.0000
ENSG00000271652.1	AL356052.1	processed_pseudogene	0	0	0	0.0000	0.0000	0.0000
ENSG00000271653.1	AC097359.3	lncRNA	1	1	0	0.0469	0.0116	0.0126
ENSG00000271654.1	AC025062.2	processed_pseudogene	0	0	0	0.0000	0.0000	0.0000
ENSG00000271655.1	BNIP3P35	processed_pseudogene	0	0	0	0.0000	0.0000	0.0000
ENSG00000271656.1	AC007262.1	processed_pseudogene	0	0	0	0.0000	0.0000	0.0000
ENSG00000271657.1	AC018462.2	processed_pseudogene	2	1	1	0.2871	0.0712	0.0770
ENSG00000271659.1	AL161729.4	lncRNA	3	1	2	0.3574	0.0886	0.0958
ENSG00000271660.1	Z99497.2	processed_pseudogene	0	0	0	0.0000	0.0000	0.0000
ENSG00000271661.1	BNIP3P36	processed_pseudogene	0	0	0	0.0000	0.0000	0.0000
ENSG00000271662.1	AC233280.2	processed_pseudogene	17	11	7	0.9010	0.2234	0.2416
ENSG00000271664.1	AC004890.3	unprocessed_pseudogene	11	8	7	0.5697	0.1413	0.1528
ENSG00000271666.1	AC008555.5	processed_pseudogene	0	0	0	0.0000	0.0000	0.0000
ENSG00000271667.1	AC104408.1	processed_pseudogene	0	0	0	0.0000	0.0000	0.0000
ENSG00000271670.1	AC010998.2	lncRNA	5	14	21	0.4537	0.1125	0.1216
ENSG00000271671.1	AC107304.1	processed_pseudogene	0	0	0	0.0000	0.0000	0.0000
ENSG00000271672.1	DUXAP8	transcribed_processed_pseudogene	0	0	0	0.0000	0.0000	0.0000
ENSG00000271676.1	AC104771.1	processed_pseudogene	1	0	1	0.0588	0.0146	0.0158
ENSG00000271677.1	Z82195.1	unprocessed_pseudogene	0	0	0	0.0000	0.0000	0.0000
ENSG00000271679.1	LSM1P2	processed_pseudogene	0	0	0	0.0000	0.0000	0.0000
ENSG00000271680.1	AC098935.2	processed_pseudogene	1	0	1	0.1217	0.0302	0.0326
ENSG00000271681.1	AC136601.2	processed_pseudogene	0	0	0	0.0000	0.0000	0.0000
ENSG00000271682.1	AC092960.3	processed_pseudogene	0	0	0	0.0000	0.0000	0.0000
ENSG00000271686.1	TNPO3P1	processed_pseudogene	0	0	0	0.0000	0.0000	0.0000
ENSG00000271687.1	MTND5P10	processed_pseudogene	1	0	1	0.0313	0.0078	0.0084
ENSG00000271691.1	AC140658.7	unprocessed_pseudogene	0	0	0	0.0000	0.0000	0.0000
ENSG00000271693.1	AL929325.1	processed_pseudogene	0	0	0	0.0000	0.0000	0.0000
ENSG00000271696.1	AC023141.13	processed_pseudogene	0	0	0	0.0000	0.0000	0.0000
ENSG00000271697.1	AL049779.3	processed_pseudogene	0	0	0	0.0000	0.0000	0.0000
ENSG00000271698.1	AC233992.2	protein_coding	0	0	2	0.0000	0.0000	0.0000
ENSG00000271699.5	SNX29P2	transcribed_unprocessed_pseudogene	1	1	0	0.0268	0.0067	0.0072
ENSG00000271701.1	AC098483.2	processed_pseudogene	0	0	0	0.0000	0.0000	0.0000
ENSG00000271702.1	AC123786.2	processed_pseudogene	0	0	0	0.0000	0.0000	0.0000
ENSG00000271704.1	BNIP3P20	processed_pseudogene	0	0	0	0.0000	0.0000	0.0000
ENSG00000271705.1	RPL17P3	unprocessed_pseudogene	0	0	0	0.0000	0.0000	0.0000
ENSG00000271707.1	ATP1B3P1	processed_pseudogene	1	0	1	0.0691	0.0171	0.0185
ENSG00000271709.1	AC017033.1	lncRNA	0	0	0	0.0000	0.0000	0.0000
ENSG00000271710.1	NDUFA8P1	processed_pseudogene	0	0	0	0.0000	0.0000	0.0000
ENSG00000271711.1	AC069236.1	processed_pseudogene	2	1	1	0.1841	0.0457	0.0494
ENSG00000271712.1	AL163642.2	processed_pseudogene	0	0	0	0.0000	0.0000	0.0000
ENSG00000271714.1	AC010501.2	lncRNA	16	28	33	0.4625	0.1147	0.1240
ENSG00000271715.1	AC012640.3	lncRNA	0	0	0	0.0000	0.0000	0.0000
ENSG00000271716.1	AC022001.2	lncRNA	0	0	0	0.0000	0.0000	0.0000
ENSG00000271717.1	AC022146.2	lncRNA	11	8	3	1.7926	0.4445	0.4806
ENSG00000271723.5	MROH7-TTC4	protein_coding	0	0	0	0.0000	0.0000	0.0000
ENSG00000271724.1	AC011396.3	lncRNA	0	0	0	0.0000	0.0000	0.0000
ENSG00000271725.1	AC103858.1	lncRNA	0	59	49	0.0000	0.0000	0.0000
ENSG00000271727.2	AL357054.2	lncRNA	8	1	7	0.3743	0.0928	0.1004
ENSG00000271730.1	AL390208.1	lncRNA	4	202	171	0.3522	0.0874	0.0944
ENSG00000271732.1	AL137798.1	lncRNA	1	1	0	0.1673	0.0415	0.0449
ENSG00000271734.1	Z98200.1	lncRNA	1	1	0	0.1207	0.0299	0.0324
ENSG00000271736.2	LINC02772	lncRNA	1	0	1	0.0344	0.0085	0.0092
ENSG00000271737.1	AC008608.2	lncRNA	86	48	42	11.7237	2.9074	3.1435
ENSG00000271739.1	RNU1-29P	snRNA	0	0	0	0.0000	0.0000	0.0000
ENSG00000271741.1	AC114490.2	protein_coding	0	0	0	0.0000	0.0000	0.0000
ENSG00000271742.1	AL121992.2	lncRNA	0	0	0	0.0000	0.0000	0.0000
ENSG00000271743.1	AF287957.1	lncRNA	8	5	3	0.2844	0.0705	0.0763
ENSG00000271746.1	AL031848.2	lncRNA	24	16	9	1.6261	0.4033	0.4360
ENSG00000271749.1	AC005828.6	unprocessed_pseudogene	6	3	3	1.4666	0.3637	0.3933
ENSG00000271751.1	AP003392.4	lncRNA	3	0	3	0.4100	0.1017	0.1099
ENSG00000271752.1	AC112187.3	lncRNA	2	1	1	0.2780	0.0689	0.0745
ENSG00000271754.1	AL355802.3	lncRNA	4	147	183	0.4162	0.1032	0.1116
ENSG00000271755.1	AL031118.1	lncRNA	29	18	11	0.5565	0.1380	0.1492
ENSG00000271758.2	AC044810.3	lncRNA	0	0	0	0.0000	0.0000	0.0000
ENSG00000271761.1	AL021368.1	lncRNA	2	0	2	0.2100	0.0521	0.0563
ENSG00000271763.1	AC091544.5	lncRNA	4	4	0	0.5086	0.1261	0.1364
ENSG00000271765.1	RN7SKP299	misc_RNA	0	0	0	0.0000	0.0000	0.0000
ENSG00000271766.1	AC010424.2	lncRNA	2	1	1	0.2560	0.0635	0.0686
ENSG00000271771.1	AC139792.1	lncRNA	3	2	1	0.2630	0.0652	0.0705
ENSG00000271774.1	AL109930.1	lncRNA	0	55	62	0.0000	0.0000	0.0000
ENSG00000271776.1	AL445209.1	lncRNA	0	0	0	0.0000	0.0000	0.0000
ENSG00000271778.1	AC080013.2	lncRNA	18	5	13	1.7661	0.4380	0.4735
ENSG00000271779.1	AC009994.1	processed_pseudogene	4	3	1	0.8966	0.2223	0.2404
ENSG00000271780.1	AL118558.3	lncRNA	165	86	79	8.6721	2.1506	2.3253
ENSG00000271781.1	AC026740.1	lncRNA	19	8	11	1.3622	0.3378	0.3652
ENSG00000271784.1	AL031055.1	lncRNA	139	66	74	12.4924	3.0980	3.3496
ENSG00000271787.1	AC104794.5	lncRNA	1	111	101	0.1272	0.0315	0.0341
ENSG00000271788.1	AC008875.1	lncRNA	7	4	3	0.4895	0.1214	0.1312
ENSG00000271789.1	AL080317.1	lncRNA	13	7	6	0.5323	0.1320	0.1427
ENSG00000271792.1	AC008667.4	lncRNA	0	0	0	0.0000	0.0000	0.0000
ENSG00000271793.1	AL589666.1	protein_coding	0	0	0	0.0000	0.0000	0.0000
ENSG00000271795.1	AC011337.1	lncRNA	11	20	15	0.1881	0.0466	0.0504
ENSG00000271797.1	AC008494.3	lncRNA	11	99	107	0.6608	0.1639	0.1772
ENSG00000271798.1	SNORA51	snoRNA	0	0	0	0.0000	0.0000	0.0000
ENSG00000271803.1	AL121906.1	lncRNA	3	2	1	0.3867	0.0959	0.1037
ENSG00000271806.1	AL590822.2	lncRNA	1	54	49	0.0135	0.0034	0.0036
ENSG00000271810.5	AL603832.3	protein_coding	0	0	0	0.0000	0.0000	0.0000
ENSG00000271811.1	Z97200.1	lncRNA	57	25	32	1.5807	0.3920	0.4238
ENSG00000271814.1	RN7SKP290	misc_RNA	0	0	0	0.0000	0.0000	0.0000
ENSG00000271815.1	AC008897.3	lncRNA	22	11	11	2.5831	0.6406	0.6926
ENSG00000271816.1	BMS1P4	lncRNA	18	8	11	0.5336	0.1323	0.1431
ENSG00000271817.2	U3	snoRNA	2	2	0	0.5179	0.1284	0.1389
ENSG00000271818.1	RN7SKP4	misc_RNA	0	0	0	0.0000	0.0000	0.0000
ENSG00000271819.1	RNU6-94P	snRNA	2	0	2	1.0600	0.2629	0.2842
ENSG00000271820.1	AL109910.2	lncRNA	0	0	0	0.0000	0.0000	0.0000
ENSG00000271821.1	AL662844.3	lncRNA	0	9	3	0.0000	0.0000	0.0000
ENSG00000271824.2	SMIM32	protein_coding	5	2	3	0.1673	0.0415	0.0449
ENSG00000271825.1	AC019080.3	lncRNA	3	2	1	0.3832	0.0950	0.1027
ENSG00000271826.5	PLS3-AS1	lncRNA	1	0	1	0.0273	0.0068	0.0073
ENSG00000271828.1	AC008937.3	lncRNA	48	154	172	1.6012	0.3971	0.4293
ENSG00000271830.1	AC012213.4	lncRNA	0	0	0	0.0000	0.0000	0.0000
ENSG00000271833.1	AL445222.1	lncRNA	16	7	9	1.4448	0.3583	0.3874
ENSG00000271841.1	RNU7-10P	snRNA	0	0	0	0.0000	0.0000	0.0000
ENSG00000271843.1	AC012557.1	lncRNA	30	17	13	2.7845	0.6905	0.7466
ENSG00000271848.2	AC073389.2	lncRNA	0	30	35	0.0000	0.0000	0.0000
ENSG00000271849.1	MAN2A1-DT	lncRNA	9	2	7	0.9666	0.2397	0.2592
ENSG00000271850.2	LINC02343	lncRNA	194	86	110	4.1113	1.0196	1.1024
ENSG00000271851.1	AC087501.4	lncRNA	67	42	25	1.6005	0.3969	0.4291
ENSG00000271852.1	SNORD11B	snoRNA	0	0	0	0.0000	0.0000	0.0000
ENSG00000271853.5	AL162258.1	lncRNA	0	0	0	0.0000	0.0000	0.0000
ENSG00000271855.1	AC073195.1	lncRNA	15	21	15	0.9700	0.2405	0.2601
ENSG00000271856.1	LINC01215	lncRNA	0	0	0	0.0000	0.0000	0.0000
ENSG00000271857.1	AL096865.1	lncRNA	32	18	14	1.9576	0.4855	0.5249
ENSG00000271858.5	Z84492.1	lncRNA	11	159	122	0.5190	0.1287	0.1392
ENSG00000271860.7	AL589740.1	lncRNA	0	0	0	0.0000	0.0000	0.0000
ENSG00000271862.1	AC104118.1	lncRNA	57	28	29	2.0343	0.5045	0.5455
ENSG00000271868.1	AC114810.1	lncRNA	11	6	9	1.3188	0.3271	0.3536
ENSG00000271869.1	AC026979.2	lncRNA	32	11	21	4.5030	1.1167	1.2074
ENSG00000271870.1	AC024060.2	lncRNA	172	186	176	19.7452	4.8966	5.2943
ENSG00000271871.1	AC005740.4	lncRNA	16	11	5	0.9481	0.2351	0.2542
ENSG00000271874.1	AC025754.2	lncRNA	4	2	2	0.5251	0.1302	0.1408
ENSG00000271880.1	AGAP11	lncRNA	3	1	2	0.0553	0.0137	0.0148
ENSG00000271882.1	AP001330.4	lncRNA	62	29	33	8.5548	2.1215	2.2938
ENSG00000271886.1	MIR98	miRNA	2	2	0	0.9531	0.2364	0.2556
ENSG00000271888.1	AL136162.1	lncRNA	39	21	18	2.0517	0.5088	0.5501
ENSG00000271889.1	AC016747.2	lncRNA	4	6	0	0.2566	0.0636	0.0688
ENSG00000271890.1	OR10AE1P	unprocessed_pseudogene	0	0	0	0.0000	0.0000	0.0000
ENSG00000271892.1	AC026790.1	lncRNA	0	0	0	0.0000	0.0000	0.0000
ENSG00000271893.1	AC064834.1	lncRNA	0	0	0	0.0000	0.0000	0.0000
ENSG00000271894.1	AC007744.1	lncRNA	0	0	0	0.0000	0.0000	0.0000
ENSG00000271895.2	AL109811.2	lncRNA	44	26	18	2.8681	0.7113	0.7690
ENSG00000271897.1	AL357518.1	lncRNA	0	0	0	0.0000	0.0000	0.0000
ENSG00000271898.1	MIR4791	miRNA	0	0	0	0.0000	0.0000	0.0000
ENSG00000271899.1	MIR4466	miRNA	0	0	0	0.0000	0.0000	0.0000
ENSG00000271900.1	AC025627.4	processed_pseudogene	0	0	0	0.0000	0.0000	0.0000
ENSG00000271901.2	AL161716.1	lncRNA	3	1	2	0.1176	0.0292	0.0315
ENSG00000271904.1	AC091826.2	lncRNA	0	0	0	0.0000	0.0000	0.0000
ENSG00000271907.1	SNORA35B	snoRNA	0	0	0	0.0000	0.0000	0.0000
ENSG00000271911.1	AL357054.3	lncRNA	2	1	2	0.0552	0.0137	0.0148
ENSG00000271913.7	AL035530.2	lncRNA	108	194	181	0.4940	0.1225	0.1325
ENSG00000271914.1	AL139286.1	lncRNA	0	12	6	0.0000	0.0000	0.0000
ENSG00000271916.1	AC012467.1	lncRNA	62	33	29	13.7344	3.4060	3.6827
ENSG00000271917.1	AL357568.1	lncRNA	3	2	1	0.1121	0.0278	0.0301
ENSG00000271918.1	AC034236.2	lncRNA	143	153	155	5.0370	1.2491	1.3506
ENSG00000271919.1	AC005828.7	transcribed_processed_pseudogene	4	2	2	0.4080	0.1012	0.1094
ENSG00000271922.1	AC134026.1	snoRNA	0	0	0	0.0000	0.0000	0.0000
ENSG00000271923.1	RNU6-86P	snRNA	0	0	0	0.0000	0.0000	0.0000
ENSG00000271924.1	RNA5SP108	rRNA_pseudogene	1	1	0	0.4847	0.1202	0.1300
ENSG00000271926.1	AC008972.1	lncRNA	17	12	5	1.5064	0.3736	0.4039
ENSG00000271930.1	AC016877.3	lncRNA	57	29	28	6.4136	1.5905	1.7197
ENSG00000271931.1	AL353135.1	lncRNA	1	0	1	0.1125	0.0279	0.0302
ENSG00000271932.1	RNU6-85P	snRNA	0	0	0	0.0000	0.0000	0.0000
ENSG00000271933.1	AL603756.1	lncRNA	13	492	474	0.3408	0.0845	0.0914
ENSG00000271934.2	OR2AS2P	unprocessed_pseudogene	0	0	0	0.0000	0.0000	0.0000
ENSG00000271936.1	AC012073.1	lncRNA	21	113	115	1.0748	0.2665	0.2882
ENSG00000271937.1	AC104187.1	lncRNA	0	15	23	0.0000	0.0000	0.0000
ENSG00000271938.1	AC103724.4	lncRNA	3	1	2	0.5826	0.1445	0.1562
ENSG00000271943.2	AC098614.2	transcribed_processed_pseudogene	111	56	55	2.9183	0.7237	0.7825
ENSG00000271945.2	AL355612.1	lncRNA	1	1	0	0.0298	0.0074	0.0080
ENSG00000271947.1	AC017076.1	lncRNA	9	6	3	0.8830	0.2190	0.2368
ENSG00000271949.1	AC093423.3	protein_coding	0	0	0	0.0000	0.0000	0.0000
ENSG00000271952.2	LINC01954	lncRNA	1	0	1	0.0591	0.0147	0.0159
ENSG00000271955.2	AC007100.1	lncRNA	0	0	0	0.0000	0.0000	0.0000
ENSG00000271958.1	AC021860.1	lncRNA	1	0	1	0.1508	0.0374	0.0404
ENSG00000271959.1	AC100803.4	lncRNA	3	5	1	0.0575	0.0142	0.0154
ENSG00000271963.1	AC026786.2	lncRNA	1	7	9	0.1447	0.0359	0.0388
ENSG00000271964.1	AC090948.1	lncRNA	8	6	2	0.8264	0.2049	0.2216
ENSG00000271966.1	AC021321.1	lncRNA	61	33	28	3.1081	0.7708	0.8334
ENSG00000271967.1	AL583856.2	lncRNA	6	1	5	0.6266	0.1554	0.1680
ENSG00000271968.2	ADAM6	transcribed_unprocessed_pseudogene	0	0	0	0.0000	0.0000	0.0000
ENSG00000271969.1	U47924.1	lncRNA	3	47	35	0.3920	0.0972	0.1051
ENSG00000271971.1	AC120053.1	lncRNA	139	71	68	10.7102	2.6560	2.8718
ENSG00000271973.1	AC141002.1	lncRNA	11	7	4	2.2359	0.5545	0.5995
ENSG00000271974.1	RDM1P4	transcribed_processed_pseudogene	0	0	0	0.0000	0.0000	0.0000
ENSG00000271976.1	AC012467.2	lncRNA	367	253	281	8.0575	1.9982	2.1605
ENSG00000271977.1	AC226119.2	transcribed_unprocessed_pseudogene	0	0	0	0.0000	0.0000	0.0000
ENSG00000271978.1	AL359643.2	lncRNA	21	13	11	0.3639	0.0902	0.0976
ENSG00000271980.1	AC012640.4	lncRNA	6	2736	2785	0.1334	0.0331	0.0358
ENSG00000271981.1	AL158211.2	lncRNA	0	7	6	0.0000	0.0000	0.0000
ENSG00000271982.1	SNORD58B	snoRNA	0	0	0	0.0000	0.0000	0.0000
ENSG00000271983.1	AC023302.1	lncRNA	7	3	4	0.8068	0.2001	0.2163
ENSG00000271984.1	AL008726.1	lncRNA	0	2012	2031	0.0000	0.0000	0.0000
ENSG00000271985.1	BX248123.1	processed_pseudogene	0	0	0	0.0000	0.0000	0.0000
ENSG00000271986.2	RN7SL827P	misc_RNA	0	0	0	0.0000	0.0000	0.0000
ENSG00000271989.1	AL139424.1	lncRNA	0	15	10	0.0000	0.0000	0.0000
ENSG00000271991.1	AC013400.1	lncRNA	4	6	1	0.4162	0.1032	0.1116
ENSG00000271992.1	AL354872.1	lncRNA	1	1	0	0.1217	0.0302	0.0326
ENSG00000271993.1	AC126118.1	lncRNA	24	15	9	2.1673	0.5375	0.5811
ENSG00000271996.1	AC019080.4	lncRNA	2	2	0	0.2011	0.0499	0.0539
ENSG00000271998.1	AC034229.3	lncRNA	0	0	0	0.0000	0.0000	0.0000
ENSG00000272002.1	AC010904.2	lncRNA	3	2	1	0.2683	0.0665	0.0720
ENSG00000272004.1	FO704657.1	lncRNA	3	142	145	0.4253	0.1055	0.1140
ENSG00000272006.1	AC037487.3	processed_pseudogene	18	11	7	9.1141	2.2602	2.4438
ENSG00000272008.1	AL139274.2	lncRNA	50	30	30	0.6871	0.1704	0.1842
ENSG00000272009.1	AL121944.1	lncRNA	11	98	109	0.9093	0.2255	0.2438
ENSG00000272010.1	AC100814.1	lncRNA	47	23	26	4.2783	1.0610	1.1471
ENSG00000272015.1	SNORA62	snoRNA	0	0	0	0.0000	0.0000	0.0000
ENSG00000272020.1	RNU1-30P	snRNA	0	0	0	0.0000	0.0000	0.0000
ENSG00000272021.1	AC008592.4	lncRNA	13	8	5	1.3478	0.3342	0.3614
ENSG00000272023.1	AC010240.3	lncRNA	0	0	0	0.0000	0.0000	0.0000
ENSG00000272024.1	AC064807.4	lncRNA	10	6	4	1.3934	0.3455	0.3736
ENSG00000272025.1	SNORA74	snoRNA	0	0	0	0.0000	0.0000	0.0000
ENSG00000272027.2	AC073218.1	lncRNA	1	1	0	0.0622	0.0154	0.0167
ENSG00000272028.1	RNU6-87P	snRNA	1	1	0	0.5251	0.1302	0.1408
ENSG00000272030.1	AL162258.2	lncRNA	0	36	26	0.0000	0.0000	0.0000
ENSG00000272031.3	ANKRD34A	protein_coding	48	28	23	0.7415	0.1839	0.1988
ENSG00000272033.1	AL136984.1	lncRNA	3	2	1	0.0899	0.0223	0.0241
ENSG00000272034.1	SNORD14A	snoRNA	17	10	7	10.5942	2.6272	2.8407
ENSG00000272036.1	MIR139	miRNA	0	0	0	0.0000	0.0000	0.0000
ENSG00000272037.1	AP002907.1	lncRNA	60	529	517	2.3794	0.5901	0.6380
ENSG00000272040.1	AC010245.2	lncRNA	115	63	52	5.5884	1.3859	1.4984
ENSG00000272043.1	AC016405.2	lncRNA	7	7	11	1.2723	0.3155	0.3412
ENSG00000272046.1	AL445647.1	lncRNA	8	2	6	0.1261	0.0313	0.0338
ENSG00000272047.3	GTF2H5	protein_coding	1971	1036	936	14.7753	3.6641	3.9618
ENSG00000272049.1	AC091965.4	lncRNA	10	5	5	0.9661	0.2396	0.2590
ENSG00000272050.1	AL499627.2	lncRNA	0	0	0	0.0000	0.0000	0.0000
ENSG00000272051.1	Y_RNA	misc_RNA	0	0	0	0.0000	0.0000	0.0000
ENSG00000272054.1	AC007390.1	lncRNA	73	473	499	1.0886	0.2700	0.2919
ENSG00000272055.1	RNU6-6P	snRNA	0	0	0	0.0000	0.0000	0.0000
ENSG00000272056.1	AC013472.2	lncRNA	4	120	128	0.3442	0.0854	0.0923
ENSG00000272057.1	AC016575.1	lncRNA	2	1	1	0.2969	0.0736	0.0796
ENSG00000272068.1	AL365181.2	lncRNA	54	24	30	0.9504	0.2357	0.2548
ENSG00000272070.1	AC005618.1	lncRNA	24	10	14	0.4324	0.1072	0.1159
ENSG00000272071.1	AC122710.2	lncRNA	1	1	0	0.1048	0.0260	0.0281
ENSG00000272072.1	AC004492.1	lncRNA	37	16	21	2.8279	0.7013	0.7582
ENSG00000272075.2	RN7SL828P	misc_RNA	0	0	0	0.0000	0.0000	0.0000
ENSG00000272076.1	AC090186.1	lncRNA	14	8	6	1.3880	0.3442	0.3722
ENSG00000272077.1	AC124045.1	lncRNA	180	83	97	5.2267	1.2962	1.4015
ENSG00000272078.1	AL139423.1	lncRNA	21	276	264	0.1503	0.0373	0.0403
ENSG00000272079.2	AC004233.2	lncRNA	56	29	27	2.5026	0.6206	0.6710
ENSG00000272080.1	MIR502	miRNA	0	0	0	0.0000	0.0000	0.0000
ENSG00000272081.1	AC008972.2	lncRNA	30	14	16	3.4439	0.8541	0.9234
ENSG00000272084.1	AL137127.1	lncRNA	14	10	4	0.2334	0.0579	0.0626
ENSG00000272085.1	AC091979.2	lncRNA	0	0	0	0.0000	0.0000	0.0000
ENSG00000272086.1	AC025181.2	lncRNA	156	86	70	11.0309	2.7355	2.9577
ENSG00000272087.1	AC080013.3	lncRNA	0	68	75	0.0000	0.0000	0.0000
ENSG00000272088.1	AL512413.1	lncRNA	13	6	7	1.9299	0.4786	0.5175
ENSG00000272092.1	AC087623.2	lncRNA	25	10	15	1.2912	0.3202	0.3462
ENSG00000272094.1	AC091614.1	lncRNA	1	0	1	0.0645	0.0160	0.0173
ENSG00000272096.2	RN7SL715P	misc_RNA	0	0	0	0.0000	0.0000	0.0000
ENSG00000272097.2	AL024498.1	lncRNA	37	22	15	1.4264	0.3537	0.3825
ENSG00000272100.1	AL513218.1	lncRNA	6	126	105	0.8702	0.2158	0.2333
ENSG00000272103.2	AC026741.1	lncRNA	16	6	10	0.4056	0.1006	0.1088
ENSG00000272104.1	Z84492.2	protein_coding	0	0	0	0.0000	0.0000	0.0000
ENSG00000272106.1	AL691432.2	lncRNA	253	136	128	7.0401	1.7459	1.8877
ENSG00000272108.1	AC244517.1	lncRNA	43	22	21	1.1690	0.2899	0.3134
ENSG00000272109.2	AC008906.2	lncRNA	10	369	362	0.4188	0.1039	0.1123
ENSG00000272112.1	AC011374.2	lncRNA	0	8	18	0.0000	0.0000	0.0000
ENSG00000272113.2	Y_RNA	misc_RNA	0	0	0	0.0000	0.0000	0.0000
ENSG00000272114.1	AL136131.3	lncRNA	0	493	491	0.0000	0.0000	0.0000
ENSG00000272115.1	AC233992.3	lncRNA	1	5	3	0.1169	0.0290	0.0314
ENSG00000272121.1	AC006058.3	lncRNA	0	0	0	0.0000	0.0000	0.0000
ENSG00000272123.1	AC008966.2	lncRNA	19	9	10	2.3786	0.5899	0.6378
ENSG00000272128.1	AP006545.2	lncRNA	7	5	2	0.8611	0.2135	0.2309
ENSG00000272129.1	AL359715.3	lncRNA	48	17	31	1.8956	0.4701	0.5083
ENSG00000272130.1	AC091946.2	lncRNA	0	0	0	0.0000	0.0000	0.0000
ENSG00000272134.1	AC103810.6	processed_pseudogene	0	0	0	0.0000	0.0000	0.0000
ENSG00000272137.1	AL451064.1	lncRNA	2	2	0	0.2408	0.0597	0.0646
ENSG00000272138.2	LINC01607	lncRNA	139	67	72	1.9027	0.4718	0.5102
ENSG00000272139.1	AC113349.2	lncRNA	0	0	0	0.0000	0.0000	0.0000
ENSG00000272140.2	AC022400.4	lncRNA	39	21	18	1.8554	0.4601	0.4975
ENSG00000272141.1	AL390719.2	lncRNA	52	25	27	2.9878	0.7409	0.8011
ENSG00000272142.4	LYRM4-AS1	lncRNA	141	112	100	1.7152	0.4253	0.4599
ENSG00000272143.1	FGF14-AS2	lncRNA	217	104	113	11.4582	2.8415	3.0723
ENSG00000272144.1	AC025171.4	lncRNA	48	25	23	2.5999	0.6447	0.6971
ENSG00000272145.1	NFYC-AS1	lncRNA	48	107	98	1.6136	0.4001	0.4326
ENSG00000272146.6	ARF4-AS1	lncRNA	8	74	64	0.5132	0.1273	0.1376
ENSG00000272148.1	AC013403.2	lncRNA	12	7	5	1.4177	0.3516	0.3801
ENSG00000272149.1	AC112211.1	lncRNA	0	367	400	0.0000	0.0000	0.0000
ENSG00000272150.5	NBPF25P	transcribed_unprocessed_pseudogene	167	85	82	2.4747	0.6137	0.6635
ENSG00000272153.1	AL365330.1	lncRNA	12	221	184	1.2816	0.3178	0.3436
ENSG00000272154.5	AC244517.2	lncRNA	0	54	49	0.0000	0.0000	0.0000
ENSG00000272155.1	AC055822.1	lncRNA	0	0	0	0.0000	0.0000	0.0000
ENSG00000272156.1	AC008280.2	lncRNA	21	10	11	1.6269	0.4035	0.4362
ENSG00000272157.1	AC107373.2	lncRNA	0	0	1	0.0000	0.0000	0.0000
ENSG00000272158.1	AL139022.2	lncRNA	12	6	6	1.5362	0.3810	0.4119
ENSG00000272159.1	AC087623.3	lncRNA	2	33	23	0.1632	0.0405	0.0438
ENSG00000272160.1	RNU4-5P	snRNA	0	99	95	0.0000	0.0000	0.0000
ENSG00000272161.1	AL589739.1	lncRNA	5	2	3	0.5752	0.1426	0.1542
ENSG00000272162.1	AL024498.2	protein_coding	0	0	0	0.0000	0.0000	0.0000
ENSG00000272163.1	AF106564.1	lncRNA	17	23	19	0.3776	0.0936	0.1013
ENSG00000272164.1	AC005972.2	processed_pseudogene	0	0	0	0.0000	0.0000	0.0000
ENSG00000272166.1	AC093416.1	snoRNA	0	0	0	0.0000	0.0000	0.0000
ENSG00000272167.2	AL606537.1	lncRNA	0	0	0	0.0000	0.0000	0.0000
ENSG00000272168.8	CASC15	lncRNA	324	159	173	0.5357	0.1328	0.1436
ENSG00000272170.1	AL355385.1	lncRNA	0	145	113	0.0000	0.0000	0.0000
ENSG00000272172.1	AC138696.2	lncRNA	31	34	47	7.8834	1.9550	2.1138
ENSG00000272173.1	U47924.2	lncRNA	7	1916	1921	0.3619	0.0897	0.0970
ENSG00000272175.1	AL050343.3	lncRNA	1	2	11	0.2025	0.0502	0.0543
ENSG00000272180.1	AC011306.1	lncRNA	1	0	1	0.0445	0.0110	0.0119
ENSG00000272181.1	AC012557.2	lncRNA	3	3	5	0.4070	0.1009	0.1091
ENSG00000272182.1	AC135507.1	lncRNA	2	657	737	0.2022	0.0501	0.0542
ENSG00000272183.1	AC005041.3	lncRNA	26	16	17	2.2719	0.5634	0.6092
ENSG00000272186.1	AP003392.5	lncRNA	3	2	1	0.5235	0.1298	0.1404
ENSG00000272189.1	AL024508.1	lncRNA	91	50	45	2.7247	0.6757	0.7306
ENSG00000272192.1	AC100812.1	lncRNA	16	9	8	1.5644	0.3880	0.4195
ENSG00000272195.1	AL356512.1	lncRNA	15	23	33	0.4892	0.1213	0.1312
ENSG00000272196.2	H2AC19	protein_coding	0	0	0	0.0000	0.0000	0.0000
ENSG00000272197.2	RN7SL803P	misc_RNA	0	0	0	0.0000	0.0000	0.0000
ENSG00000272202.1	AC097358.2	lncRNA	13	29	30	0.6361	0.1577	0.1706
ENSG00000272203.1	AC004775.1	lncRNA	0	0	0	0.0000	0.0000	0.0000
ENSG00000272205.1	AL451050.2	lncRNA	23	13	10	1.9125	0.4743	0.5128
ENSG00000272209.1	AL023583.1	lncRNA	11	7	4	0.5458	0.1353	0.1463
ENSG00000272211.1	AC114760.2	lncRNA	12	5	7	0.3295	0.0817	0.0884
ENSG00000272215.1	U7	snRNA	0	0	0	0.0000	0.0000	0.0000
ENSG00000272217.1	AL645940.1	lncRNA	7	4	3	0.6683	0.1657	0.1792
ENSG00000272218.1	AC108865.2	lncRNA	1	1	0	0.1313	0.0326	0.0352
ENSG00000272219.1	AC005072.1	lncRNA	2	2	0	0.0638	0.0158	0.0171
ENSG00000272220.1	AC103810.7	transcribed_processed_pseudogene	0	0	0	0.0000	0.0000	0.0000
ENSG00000272221.1	AL645933.2	lncRNA	150	73	85	7.0476	1.7477	1.8897
ENSG00000272223.1	AL136304.1	lncRNA	8	28	25	0.8913	0.2210	0.2390
ENSG00000272226.1	AL136985.2	lncRNA	5	1	4	0.5300	0.1314	0.1421
ENSG00000272230.1	MIR3666	miRNA	0	0	0	0.0000	0.0000	0.0000
ENSG00000272232.2	RN7SL726P	misc_RNA	0	0	0	0.0000	0.0000	0.0000
ENSG00000272234.1	AC008945.1	lncRNA	0	1563	1440	0.0000	0.0000	0.0000
ENSG00000272235.1	AL590438.1	lncRNA	4	0	4	0.0655	0.0163	0.0176
ENSG00000272236.1	AL645939.4	lncRNA	2	1	1	0.4667	0.1157	0.1252
ENSG00000272237.1	AC073065.2	snoRNA	0	0	0	0.0000	0.0000	0.0000
ENSG00000272239.1	AC011373.1	lncRNA	0	1	0	0.0000	0.0000	0.0000
ENSG00000272240.1	AC004908.1	lncRNA	18	10	8	1.8868	0.4679	0.5059
ENSG00000272243.6	AL356277.3	lncRNA	0	0	0	0.0000	0.0000	0.0000
ENSG00000272247.1	AC080013.4	lncRNA	5	1	4	0.4176	0.1036	0.1120
ENSG00000272248.1	AL138831.2	lncRNA	5	2	5	0.5787	0.1435	0.1552
ENSG00000272249.1	AP003117.2	lncRNA	0	0	0	0.0000	0.0000	0.0000
ENSG00000272253.1	RNA5SP386	rRNA_pseudogene	0	0	0	0.0000	0.0000	0.0000
ENSG00000272254.1	AC022893.3	lncRNA	2	1	1	0.2595	0.0644	0.0696
ENSG00000272255.1	AC113361.1	lncRNA	2	0	2	0.2089	0.0518	0.0560
ENSG00000272256.1	AC044849.1	lncRNA	1	295	269	0.0799	0.0198	0.0214
ENSG00000272259.5	LINC01749	lncRNA	0	0	0	0.0000	0.0000	0.0000
ENSG00000272262.1	RNU6-89P	snRNA	0	0	0	0.0000	0.0000	0.0000
ENSG00000272263.1	AC034198.2	lncRNA	19	5	14	2.1127	0.5239	0.5665
ENSG00000272264.1	AC009686.2	lncRNA	80	45	35	7.8627	1.9499	2.1083
ENSG00000272265.1	AC034236.3	lncRNA	0	0	0	0.0000	0.0000	0.0000
ENSG00000272267.2	AC021242.3	lncRNA	5	24	31	0.2059	0.0511	0.0552
ENSG00000272269.1	AL138724.1	lncRNA	14	50	41	0.7297	0.1810	0.1957
ENSG00000272273.1	IER3-AS1	lncRNA	1	744	785	0.1076	0.0267	0.0289
ENSG00000272274.2	LINC00551	lncRNA	5	4	1	0.0463	0.0115	0.0124
ENSG00000272275.1	AC092687.3	lncRNA	33	20	15	4.7619	1.1809	1.2768
ENSG00000272277.1	AL031963.3	lncRNA	11	11	20	0.7339	0.1820	0.1968
ENSG00000272279.1	AL512329.2	lncRNA	9	6	3	0.9314	0.2310	0.2497
ENSG00000272281.6	TPTE2P2	transcribed_unprocessed_pseudogene	86	41	45	0.7837	0.1944	0.2101
ENSG00000272282.1	LINC02084	lncRNA	8	2	6	0.4139	0.1027	0.1110
ENSG00000272288.6	AL451165.2	lncRNA	305	379	373	22.1183	5.4851	5.9307
ENSG00000272293.1	AC083964.1	lncRNA	14	72	90	1.2602	0.3125	0.3379
ENSG00000272296.1	SNORD96A	snoRNA	0	0	0	0.0000	0.0000	0.0000
ENSG00000272297.2	AC018709.1	protein_coding	0	0	0	0.0000	0.0000	0.0000
ENSG00000272298.1	AC091544.6	lncRNA	0	0	0	0.0000	0.0000	0.0000
ENSG00000272304.1	AC096721.1	lncRNA	0	0	0	0.0000	0.0000	0.0000
ENSG00000272305.5	AC096887.1	protein_coding	28	34	24	0.9022	0.2237	0.2419
ENSG00000272311.1	IFNL4P1	unprocessed_pseudogene	0	0	0	0.0000	0.0000	0.0000
ENSG00000272312.1	AL133255.1	lncRNA	4	1	3	0.5144	0.1276	0.1379
ENSG00000272316.1	AL021368.2	lncRNA	89	42	47	0.9430	0.2339	0.2529
ENSG00000272319.2	AL022345.1	unprocessed_pseudogene	4	3	1	1.6803	0.4167	0.4505
ENSG00000272320.1	AL445309.1	lncRNA	16	9	7	0.4562	0.1131	0.1223
ENSG00000272321.1	AP003355.2	lncRNA	1	6	7	0.0216	0.0054	0.0058
ENSG00000272323.1	AC026801.2	lncRNA	475	270	289	17.2123	4.2685	4.6152
ENSG00000272324.5	AC012629.2	lncRNA	3	97	94	0.4513	0.1119	0.1210
ENSG00000272325.2	NUDT3	protein_coding	12	2286	2254	0.0687	0.0170	0.0184
ENSG00000272328.1	AC007128.2	lncRNA	0	0	0	0.0000	0.0000	0.0000
ENSG00000272329.1	AL353581.1	lncRNA	0	0	0	0.0000	0.0000	0.0000
ENSG00000272330.1	AC002044.1	lncRNA	0	0	0	0.0000	0.0000	0.0000
ENSG00000272333.7	KMT2B	protein_coding	3577	1791	1854	19.3912	4.8088	5.1994
ENSG00000272334.1	AC011816.2	lncRNA	2	2	0	0.2040	0.0506	0.0547
ENSG00000272335.1	AC093297.2	lncRNA	7123	3593	3530	160.4867	39.7991	43.0319
ENSG00000272337.1	RNU6-90P	snRNA	3	0	3	1.6050	0.3980	0.4304
ENSG00000272338.2	AC067838.1	lncRNA	21	11	10	2.0640	0.5118	0.5534
ENSG00000272341.1	AL137003.1	lncRNA	291	155	136	6.5022	1.6125	1.7435
ENSG00000272342.1	AC116609.3	lncRNA	4	4	0	0.3931	0.0975	0.1054
ENSG00000272343.1	AC107952.2	lncRNA	29	11	18	3.3839	0.8392	0.9073
ENSG00000272344.1	SNORD114-21	snoRNA	0	0	0	0.0000	0.0000	0.0000
ENSG00000272345.1	AL031775.1	lncRNA	37	313	296	2.3656	0.5866	0.6343
ENSG00000272346.2	AC103810.8	transcribed_unprocessed_pseudogene	0	0	0	0.0000	0.0000	0.0000
ENSG00000272347.1	AC116351.2	lncRNA	20	12	8	0.7156	0.1775	0.1919
ENSG00000272354.1	AC092354.1	lncRNA	4	3	1	0.6033	0.1496	0.1618
ENSG00000272356.1	AL080317.2	lncRNA	47	145	140	0.6177	0.1532	0.1656
ENSG00000272359.1	RNU4-89P	snRNA	2	1	1	0.8528	0.2115	0.2287
ENSG00000272360.1	AC116036.2	lncRNA	45	24	21	5.5237	1.3698	1.4811
ENSG00000272361.2	AC005014.2	lncRNA	3	1	2	0.2840	0.0704	0.0762
ENSG00000272362.1	AL160408.5	lncRNA	1	0	1	0.1078	0.0267	0.0289
ENSG00000272366.1	AL158211.3	lncRNA	1	0	1	0.2373	0.0588	0.0636
ENSG00000272368.2	AC074032.1	lncRNA	67	35	34	3.4016	0.8436	0.9121
ENSG00000272369.1	AC008035.1	lncRNA	44	25	19	5.5697	1.3812	1.4934
ENSG00000272370.1	AC092354.2	lncRNA	56	23	33	6.1785	1.5322	1.6567
ENSG00000272371.1	AL591167.1	lncRNA	0	0	0	0.0000	0.0000	0.0000
ENSG00000272372.1	AC009102.2	lncRNA	0	0	0	0.0000	0.0000	0.0000
ENSG00000272374.1	Z97832.2	lncRNA	89	47	42	1.1845	0.2937	0.3176
ENSG00000272375.1	AC026979.3	lncRNA	5	1	4	0.4396	0.1090	0.1179
ENSG00000272379.1	AL008729.2	lncRNA	72	36	36	8.6324	2.1407	2.3146
ENSG00000272380.1	MIR3976	miRNA	0	0	0	0.0000	0.0000	0.0000
ENSG00000272381.2	LINC02664	lncRNA	7	1	6	0.1524	0.0378	0.0409
ENSG00000272382.1	AC025171.5	lncRNA	14	5	9	0.8630	0.2140	0.2314
ENSG00000272383.1	AC006270.2	processed_pseudogene	1	0	1	0.0547	0.0136	0.0147
ENSG00000272384.1	AC016405.3	lncRNA	34	32	14	2.2420	0.5560	0.6012
ENSG00000272386.1	AC015802.5	lncRNA	2	8	10	0.2843	0.0705	0.0762
ENSG00000272387.2	AL022345.2	unprocessed_pseudogene	0	0	0	0.0000	0.0000	0.0000
ENSG00000272391.6	POM121C	protein_coding	1976	990	995	12.7398	3.1593	3.4160
ENSG00000272393.1	RNU6-92P	snRNA	0	0	0	0.0000	0.0000	0.0000
ENSG00000272395.7	IFNL4	polymorphic_pseudogene	0	1	0	0.0000	0.0000	0.0000
ENSG00000272396.1	AC005392.3	lncRNA	0	8	4	0.0000	0.0000	0.0000
ENSG00000272397.1	AL138916.2	lncRNA	0	0	0	0.0000	0.0000	0.0000
ENSG00000272398.6	CD24	protein_coding	100175	50101	50076	1834.9230	455.0424	492.0041
ENSG00000272400.1	AC103810.9	unprocessed_pseudogene	0	0	0	0.0000	0.0000	0.0000
ENSG00000272402.1	AL031775.2	lncRNA	25	9	16	3.5006	0.8681	0.9386
ENSG00000272405.1	AL365181.3	lncRNA	124	75	51	2.1825	0.5412	0.5852
ENSG00000272406.1	AC108102.1	lncRNA	0	0	0	0.0000	0.0000	0.0000
ENSG00000272407.1	AL022394.1	transcribed_processed_pseudogene	0	7	4	0.0000	0.0000	0.0000
ENSG00000272410.5	AC022384.1	protein_coding	0	0	0	0.0000	0.0000	0.0000
ENSG00000272411.1	AC116312.1	lncRNA	0	0	0	0.0000	0.0000	0.0000
ENSG00000272412.2	RN7SL778P	misc_RNA	0	0	0	0.0000	0.0000	0.0000
ENSG00000272414.6	FAM47E-STBD1	protein_coding	5	2	3	0.0875	0.0217	0.0235
ENSG00000272416.1	AC025175.1	lncRNA	5	3	2	0.3736	0.0926	0.1002
ENSG00000272417.1	AC034229.4	lncRNA	12	7	5	1.5431	0.3827	0.4138
ENSG00000272418.1	AC090607.4	lncRNA	0	242	305	0.0000	0.0000	0.0000
ENSG00000272419.6	LINC01145	transcribed_unprocessed_pseudogene	89	64	63	0.8334	0.2067	0.2235
ENSG00000272420.1	AL513477.2	lncRNA	16	7	9	1.5975	0.3962	0.4283
ENSG00000272425.1	AC009902.3	lncRNA	7	3	4	0.1828	0.0453	0.0490
ENSG00000272426.1	BX284668.6	lncRNA	5	4	1	0.6474	0.1605	0.1736
ENSG00000272428.1	AL450270.1	lncRNA	0	0	0	0.0000	0.0000	0.0000
ENSG00000272430.1	LINC02637	lncRNA	2	3	6	0.2058	0.0510	0.0552
ENSG00000272431.1	AC104117.5	lncRNA	1	0	1	0.1037	0.0257	0.0278
ENSG00000272432.1	AL031432.3	lncRNA	10	4	6	1.1693	0.2900	0.3135
ENSG00000272434.1	AC137630.3	lncRNA	1	657	715	0.1450	0.0360	0.0389
ENSG00000272435.1	RNA5SP357	rRNA_pseudogene	0	0	0	0.0000	0.0000	0.0000
ENSG00000272436.1	CUX2P1	processed_pseudogene	0	0	0	0.0000	0.0000	0.0000
ENSG00000272438.1	AL645608.6	lncRNA	3	3	0	0.4847	0.1202	0.1300
ENSG00000272439.1	RNU6-91P	snRNA	0	0	0	0.0000	0.0000	0.0000
ENSG00000272442.2	AL353588.1	protein_coding	1	0	1	0.0161	0.0040	0.0043
ENSG00000272443.1	OR13Z2P	unprocessed_pseudogene	0	0	0	0.0000	0.0000	0.0000
ENSG00000272444.1	AL118558.4	lncRNA	25	13	12	2.1879	0.5426	0.5866
ENSG00000272445.1	RNU6-84P	snRNA	0	0	0	0.0000	0.0000	0.0000
ENSG00000272446.5	AL158850.1	lncRNA	3	2	1	0.0898	0.0223	0.0241
ENSG00000272447.1	AL135925.1	lncRNA	67	90	72	2.2337	0.5539	0.5989
ENSG00000272449.2	AL139246.5	lncRNA	136	74	62	5.0376	1.2493	1.3507
ENSG00000272455.1	MRPL20-DT	lncRNA	83	36	47	3.0906	0.7664	0.8287
ENSG00000272456.1	AC087045.2	lncRNA	1	1	0	0.0565	0.0140	0.0152
ENSG00000272457.1	AC113194.1	lncRNA	0	0	0	0.0000	0.0000	0.0000
ENSG00000272458.1	MIR432	miRNA	0	0	0	0.0000	0.0000	0.0000
ENSG00000272459.1	AC139795.3	lncRNA	23	13	10	2.4110	0.5979	0.6465
ENSG00000272460.1	SNORD115-40	snoRNA	0	0	0	0.0000	0.0000	0.0000
ENSG00000272461.1	AP005328.1	lncRNA	0	0	0	0.0000	0.0000	0.0000
ENSG00000272462.3	U91328.1	lncRNA	248	135	134	3.2220	0.7990	0.8639
ENSG00000272463.1	AL357054.4	lncRNA	126	69	57	2.5393	0.6297	0.6809
ENSG00000272465.1	AL031768.1	lncRNA	9	5	4	0.7281	0.1806	0.1952
ENSG00000272468.1	AL021807.1	lncRNA	6	2	4	0.6022	0.1493	0.1615
ENSG00000272469.2	RN7SL760P	misc_RNA	2	1	1	0.4201	0.1042	0.1126
ENSG00000272472.1	AL512283.1	lncRNA	5	3	2	0.2049	0.0508	0.0549
ENSG00000272473.1	AC006273.1	lncRNA	50	27	23	3.2933	0.8167	0.8830
ENSG00000272474.1	SNORD113-5	snoRNA	0	0	0	0.0000	0.0000	0.0000
ENSG00000272476.1	AL024507.2	lncRNA	29	182	180	0.6389	0.1584	0.1713
ENSG00000272477.1	AC144521.1	lncRNA	0	0	0	0.0000	0.0000	0.0000
ENSG00000272478.1	AL020996.3	lncRNA	0	0	0	0.0000	0.0000	0.0000
ENSG00000272479.1	AC010857.1	lncRNA	4	2	2	0.3819	0.0947	0.1024
ENSG00000272480.1	OR13Z3P	unprocessed_pseudogene	0	0	0	0.0000	0.0000	0.0000
ENSG00000272482.1	AC254633.1	lncRNA	38	18	20	6.2463	1.5490	1.6748
ENSG00000272483.1	AC022001.3	lncRNA	2	2	0	0.1903	0.0472	0.0510
ENSG00000272485.1	AL392183.1	lncRNA	3	0	4	0.0698	0.0173	0.0187
ENSG00000272489.1	AL132656.3	lncRNA	3	11	4	0.1067	0.0265	0.0286
ENSG00000272491.1	AL109659.2	lncRNA	3	5	3	0.1016	0.0252	0.0273
ENSG00000272494.1	OR1X1P	unprocessed_pseudogene	0	0	0	0.0000	0.0000	0.0000
ENSG00000272498.1	AC090948.2	lncRNA	23	9	14	2.3126	0.5735	0.6201
ENSG00000272501.1	AL662844.4	lncRNA	94	45	54	1.8783	0.4658	0.5036
ENSG00000272502.1	AC104958.2	lncRNA	2	6	5	0.0994	0.0247	0.0267
ENSG00000272505.1	AC104964.3	lncRNA	6	2	4	0.1190	0.0295	0.0319
ENSG00000272506.1	AL357078.2	lncRNA	4	1	3	0.3671	0.0910	0.0984
ENSG00000272507.1	RNU6-88P	snRNA	1	1	0	0.5671	0.1406	0.1521
ENSG00000272508.1	AL136982.6	lncRNA	3	1	2	0.1374	0.0341	0.0368
ENSG00000272509.1	AC087752.4	lncRNA	47	48	51	5.7692	1.4307	1.5469
ENSG00000272510.1	AL121992.3	lncRNA	1	62	58	0.1639	0.0406	0.0439
ENSG00000272512.1	AL645608.7	lncRNA	90	41	49	2.4467	0.6068	0.6561
ENSG00000272514.6	CFAP206	protein_coding	7	2	5	0.1095	0.0272	0.0294
ENSG00000272515.1	AL355578.1	lncRNA	1	0	1	0.0427	0.0106	0.0115
ENSG00000272516.1	AL158211.4	lncRNA	3	6	10	0.2913	0.0722	0.0781
ENSG00000272518.1	AC036214.2	lncRNA	186	96	90	11.5028	2.8526	3.0843
ENSG00000272519.1	AC079610.2	lncRNA	1	0	1	0.3858	0.0957	0.1034
ENSG00000272523.1	LINC01023	lncRNA	173	88	85	22.5019	5.5802	6.0335
ENSG00000272525.1	AC099522.2	lncRNA	137	74	63	10.4426	2.5897	2.8000
ENSG00000272529.1	AC090948.3	lncRNA	12	8	4	1.2351	0.3063	0.3312
ENSG00000272533.1	SNORA28	snoRNA	1	0	1	0.4501	0.1116	0.1207
ENSG00000272536.2	RN7SL840P	misc_RNA	0	0	0	0.0000	0.0000	0.0000
ENSG00000272537.1	AC005014.3	lncRNA	1	1	0	0.2985	0.0740	0.0800
ENSG00000272540.1	AL662797.1	lncRNA	4	8733	8789	0.2935	0.0728	0.0787
ENSG00000272541.1	AL021368.3	lncRNA	5	4	1	0.4906	0.1217	0.1315
ENSG00000272542.1	AL137246.1	lncRNA	0	0	0	0.0000	0.0000	0.0000
ENSG00000272543.1	MIR4787	miRNA	0	0	0	0.0000	0.0000	0.0000
ENSG00000272545.1	AC023813.4	lncRNA	2	1	1	0.1956	0.0485	0.0524
ENSG00000272549.1	LINC02538	lncRNA	5	7	1	0.0621	0.0154	0.0166
ENSG00000272551.1	AC017048.3	lncRNA	19	9	10	1.3253	0.3287	0.3554
ENSG00000272554.1	AC012087.2	lncRNA	0	7	8	0.0000	0.0000	0.0000
ENSG00000272555.1	AC009974.1	lncRNA	10	5	5	1.2464	0.3091	0.3342
ENSG00000272556.2	GTF2IP13	transcribed_unprocessed_pseudogene	415	208	207	2.2774	0.5648	0.6106
ENSG00000272558.1	U91328.2	lncRNA	0	141	144	0.0000	0.0000	0.0000
ENSG00000272559.1	OR51F3P	unprocessed_pseudogene	0	0	0	0.0000	0.0000	0.0000
ENSG00000272562.2	AL512343.2	lncRNA	31	19	13	1.1401	0.2827	0.3057
ENSG00000272563.1	AC016745.2	lncRNA	4	1	3	0.0659	0.0163	0.0177
ENSG00000272564.1	AC012511.1	lncRNA	2	0	2	0.2526	0.0626	0.0677
ENSG00000272566.1	AF250324.1	lncRNA	1	1	0	0.0930	0.0231	0.0249
ENSG00000272567.1	AC109347.2	lncRNA	14	10	11	2.2749	0.5642	0.6100
ENSG00000272568.6	AC005162.2	lncRNA	559	284	276	6.4328	1.5953	1.7249
ENSG00000272569.1	OR5BL1P	unprocessed_pseudogene	0	0	0	0.0000	0.0000	0.0000
ENSG00000272572.1	AL138762.1	lncRNA	32	16	20	1.1086	0.2749	0.2972
ENSG00000272573.6	MUSTN1	protein_coding	3	2	1	0.2424	0.0601	0.0650
ENSG00000272574.1	AL596325.2	lncRNA	20	8	12	2.2459	0.5570	0.6022
ENSG00000272575.7	LINC02098	lncRNA	0	0	0	0.0000	0.0000	0.0000
ENSG00000272576.1	AC027271.1	lncRNA	3	1	2	0.2789	0.0692	0.0748
ENSG00000272578.5	AP000347.1	transcribed_unprocessed_pseudogene	52	30	22	0.4206	0.1043	0.1128
ENSG00000272582.1	AL031587.3	lncRNA	8	14	13	0.5573	0.1382	0.1494
ENSG00000272583.1	AL592494.2	lncRNA	4	3	1	0.4889	0.1212	0.1311
ENSG00000272588.1	AC139887.4	lncRNA	6	3	3	0.4732	0.1174	0.1269
ENSG00000272589.1	ZSWIM8-AS1	lncRNA	0	6	5	0.0000	0.0000	0.0000
ENSG00000272592.1	AL451049.1	lncRNA	3	1	2	0.3423	0.0849	0.0918
ENSG00000272595.2	OR10AH1P	transcribed_unprocessed_pseudogene	1	1	0	0.0160	0.0040	0.0043
ENSG00000272597.1	AC063944.2	lncRNA	2	2	0	0.2128	0.0528	0.0571
ENSG00000272599.2	AC016394.1	lncRNA	18	40	28	1.0633	0.2637	0.2851
ENSG00000272600.1	AC007308.1	lncRNA	0	280	283	0.0000	0.0000	0.0000
ENSG00000272601.1	AC010655.3	transcribed_unprocessed_pseudogene	0	0	0	0.0000	0.0000	0.0000
ENSG00000272602.6	ZNF595	protein_coding	567	290	277	8.1839	2.0295	2.1944
ENSG00000272604.1	AC073073.2	lncRNA	145	72	73	3.1897	0.7910	0.8553
ENSG00000272606.1	AC015982.2	lncRNA	0	44	35	0.0000	0.0000	0.0000
ENSG00000272609.1	AC016252.1	lncRNA	2	1	1	0.2393	0.0593	0.0642
ENSG00000272610.1	MAGI1-IT1	lncRNA	4	3	1	0.0884	0.0219	0.0237
ENSG00000272617.3	AC026464.6	protein_coding	0	0	0	0.0000	0.0000	0.0000
ENSG00000272619.1	AC093673.2	lncRNA	25	9	19	4.2832	1.0622	1.1485
ENSG00000272620.2	AFAP1-AS1	lncRNA	12	1678	1720	0.0559	0.0139	0.0150
ENSG00000272622.2	AC010735.2	lncRNA	1235	619	656	20.9566	5.1970	5.6192
ENSG00000272625.1	AP000919.3	lncRNA	7	80	86	0.5513	0.1367	0.1478
ENSG00000272626.1	AC021146.12	lncRNA	0	0	0	0.0000	0.0000	0.0000
ENSG00000272627.1	AC016542.1	lncRNA	3	2	1	0.3451	0.0856	0.0925
ENSG00000272630.1	AL731563.3	lncRNA	99	48	51	1.8683	0.4633	0.5010
ENSG00000272631.1	AC067750.1	lncRNA	238	110	129	2.0622	0.5114	0.5529
ENSG00000272632.1	AC097504.2	lncRNA	1	1	0	0.1249	0.0310	0.0335
ENSG00000272634.2	OR51F5P	transcribed_unprocessed_pseudogene	0	0	0	0.0000	0.0000	0.0000
ENSG00000272636.4	DOC2B	protein_coding	827	425	402	7.2577	1.7998	1.9460
ENSG00000272638.1	AC006027.1	lncRNA	0	115	123	0.0000	0.0000	0.0000
ENSG00000272639.1	AC015712.5	lncRNA	0	0	0	0.0000	0.0000	0.0000
ENSG00000272642.2	AP003121.1	lncRNA	0	0	0	0.0000	0.0000	0.0000
ENSG00000272645.3	GTF2IP20	transcribed_unprocessed_pseudogene	441	241	200	6.0336	1.4963	1.6178
ENSG00000272646.1	AC079766.1	lncRNA	4	1	3	0.5312	0.1317	0.1424
ENSG00000272647.3	AC005020.2	protein_coding	0	0	0	0.0000	0.0000	0.0000
ENSG00000272650.1	AC110792.3	lncRNA	11	6	5	2.0933	0.5191	0.5613
ENSG00000272654.1	AL358472.2	lncRNA	68	71	60	2.7195	0.6744	0.7292
ENSG00000272655.2	POLR2J4	transcribed_unprocessed_pseudogene	170	81	89	6.7797	1.6813	1.8179
ENSG00000272656.1	AC024933.1	lncRNA	6	10	5	0.9778	0.2425	0.2622
ENSG00000272657.1	AP000317.2	lncRNA	2	0	2	0.1769	0.0439	0.0474
ENSG00000272660.1	AC090425.2	lncRNA	26	13	13	10.5319	2.6118	2.8239
ENSG00000272661.1	AC021097.1	lncRNA	0	369	257	0.0000	0.0000	0.0000
ENSG00000272662.1	AC073352.1	lncRNA	9	4	5	1.0127	0.2511	0.2715
ENSG00000272663.1	AC093635.1	lncRNA	4	5	3	0.4087	0.1014	0.1096
ENSG00000272664.1	OR51C4P	unprocessed_pseudogene	0	0	0	0.0000	0.0000	0.0000
ENSG00000272666.1	KLHDC7B-DT	lncRNA	21	163	141	1.9783	0.4906	0.5304
ENSG00000272667.1	AC012306.2	lncRNA	59	30	29	5.3109	1.3171	1.4240
ENSG00000272668.2	AL590560.3	lncRNA	95	46	54	0.7552	0.1873	0.2025
ENSG00000272669.1	AL021707.6	lncRNA	17	21	14	1.9635	0.4869	0.5265
ENSG00000272672.1	AL391497.1	lncRNA	0	0	0	0.0000	0.0000	0.0000
ENSG00000272674.3	PCDHB16	protein_coding	440	276	299	4.9895	1.2373	1.3378
ENSG00000272676.1	OR5AO1P	unprocessed_pseudogene	0	0	0	0.0000	0.0000	0.0000
ENSG00000272677.1	AC124016.1	lncRNA	13	8	12	0.8137	0.2018	0.2182
ENSG00000272678.1	AC112503.1	lncRNA	0	75	77	0.0000	0.0000	0.0000
ENSG00000272679.1	AL355987.2	lncRNA	0	0	0	0.0000	0.0000	0.0000
ENSG00000272681.2	FAM223B	lncRNA	0	0	0	0.0000	0.0000	0.0000
ENSG00000272682.1	AC004471.2	lncRNA	1	3	5	0.0375	0.0093	0.0100
ENSG00000272685.1	OR9I3P	unprocessed_pseudogene	0	0	0	0.0000	0.0000	0.0000
ENSG00000272686.1	WASL-DT	lncRNA	338	180	162	9.1320	2.2646	2.4486
ENSG00000272688.1	AP005329.3	lncRNA	0	25	30	0.0000	0.0000	0.0000
ENSG00000272689.1	AC004832.4	lncRNA	7	6	4	1.1993	0.2974	0.3216
ENSG00000272690.6	LINC02018	lncRNA	19	12	8	0.1567	0.0388	0.0420
ENSG00000272691.1	AC092807.2	lncRNA	3	2	1	0.7001	0.1736	0.1877
ENSG00000272692.2	AC010997.4	lncRNA	6	4	2	0.1786	0.0443	0.0479
ENSG00000272693.4	AC073107.1	transcribed_unprocessed_pseudogene	52	65	53	1.5030	0.3727	0.4030
ENSG00000272694.1	Z94160.2	lncRNA	0	1	2	0.0000	0.0000	0.0000
ENSG00000272695.2	GAS6-DT	lncRNA	100	46	54	2.8228	0.7000	0.7569
ENSG00000272696.1	AL359091.3	lncRNA	25	12	13	2.4743	0.6136	0.6634
ENSG00000272699.1	AC007620.3	lncRNA	6	3	4	0.6846	0.1698	0.1836
ENSG00000272701.3	MESTIT1	lncRNA	11	18	21	0.1515	0.0376	0.0406
ENSG00000272702.1	AC010913.1	lncRNA	9	4	6	0.1766	0.0438	0.0474
ENSG00000272703.1	AP005137.2	lncRNA	0	0	0	0.0000	0.0000	0.0000
ENSG00000272707.1	AC046143.2	lncRNA	10	8	2	3.5444	0.8790	0.9504
ENSG00000272710.2	AC133041.1	transcribed_unprocessed_pseudogene	1	1	0	0.1414	0.0351	0.0379
ENSG00000272711.1	AC019069.1	lncRNA	95	43	52	4.0416	1.0023	1.0837
ENSG00000272714.1	AL139098.2	transcribed_unprocessed_pseudogene	0	0	0	0.0000	0.0000	0.0000
ENSG00000272715.1	AL157904.1	lncRNA	7	2	5	1.0365	0.2570	0.2779
ENSG00000272716.1	AL121658.1	lncRNA	11	6	5	0.8761	0.2173	0.2349
ENSG00000272717.1	AC112236.2	lncRNA	4	5	5	0.2684	0.0666	0.0720
ENSG00000272719.1	AC006483.2	lncRNA	1	0	2	0.1101	0.0273	0.0295
ENSG00000272720.1	AL022322.1	lncRNA	36	24	12	1.4247	0.3533	0.3820
ENSG00000272721.5	AC131235.2	lncRNA	18	16	17	2.6445	0.6558	0.7091
ENSG00000272727.2	LINC02266	lncRNA	3	2	1	0.0987	0.0245	0.0265
ENSG00000272729.1	AC009336.1	lncRNA	3	2	1	0.1095	0.0272	0.0294
ENSG00000272732.1	AC004982.1	lncRNA	35	16	19	1.1993	0.2974	0.3216
ENSG00000272733.1	AP000345.2	lncRNA	8	4	4	0.4197	0.1041	0.1125
ENSG00000272734.1	ADIRF-AS1	lncRNA	256	417	458	2.5257	0.6263	0.6772
ENSG00000272735.1	AC007881.3	lncRNA	14	12	9	1.3080	0.3244	0.3507
ENSG00000272736.5	AC005323.2	lncRNA	0	0	1	0.0000	0.0000	0.0000
ENSG00000272741.1	AC069257.3	protein_coding	0	0	0	0.0000	0.0000	0.0000
ENSG00000272742.1	AC135457.1	lncRNA	0	3405	3449	0.0000	0.0000	0.0000
ENSG00000272744.1	AC107214.2	lncRNA	18	10	8	1.6101	0.3993	0.4317
ENSG00000272745.1	AC004948.1	lncRNA	4	3	1	0.3376	0.0837	0.0905
ENSG00000272748.1	AC063962.1	lncRNA	1	1	0	0.1088	0.0270	0.0292
ENSG00000272750.1	AL592148.3	lncRNA	93	702	681	1.9932	0.4943	0.5344
ENSG00000272752.6	STAG3L5P-PVRIG2P-PILRB	lncRNA	8	4	4	0.1189	0.0295	0.0319
ENSG00000272754.1	AL133245.1	lncRNA	1	1	0	0.0415	0.0103	0.0111
ENSG00000272755.1	AC245297.2	lncRNA	4	1	3	0.4015	0.0996	0.1077
ENSG00000272758.6	AC083798.2	lncRNA	119	2163	2211	2.3319	0.5783	0.6253
ENSG00000272760.1	AC093726.1	lncRNA	0	0	0	0.0000	0.0000	0.0000
ENSG00000272762.5	AC115284.1	lncRNA	0	0	0	0.0000	0.0000	0.0000
ENSG00000272763.1	AC103702.2	lncRNA	16	7	10	0.5685	0.1410	0.1524
ENSG00000272764.1	AL596094.1	lncRNA	8	23	30	1.6438	0.4076	0.4407
ENSG00000272767.1	JMJD1C-AS1	lncRNA	14	18	14	0.5947	0.1475	0.1595
ENSG00000272768.1	AC004854.2	lncRNA	22	27	21	0.8658	0.2147	0.2322
ENSG00000272769.1	AC097532.2	lncRNA	5	2	3	0.1686	0.0418	0.0452
ENSG00000272770.1	AC005696.2	lncRNA	0	1099	1110	0.0000	0.0000	0.0000
ENSG00000272772.1	AC104109.3	protein_coding	0	0	0	0.0000	0.0000	0.0000
ENSG00000272774.1	AC112219.2	lncRNA	0	0	0	0.0000	0.0000	0.0000
ENSG00000272777.1	AC019131.2	lncRNA	24	9	15	1.5644	0.3880	0.4195
ENSG00000272779.1	AC245060.4	transcribed_unprocessed_pseudogene	9	4	5	0.4553	0.1129	0.1221
ENSG00000272783.1	AC147067.2	lncRNA	0	0	0	0.0000	0.0000	0.0000
ENSG00000272784.1	AC019193.2	lncRNA	4	2	2	0.3578	0.0887	0.0959
ENSG00000272787.1	AC253536.6	lncRNA	28	14	14	2.3950	0.5939	0.6422
ENSG00000272788.1	AP000864.1	lncRNA	1	1	0	0.0872	0.0216	0.0234
ENSG00000272789.1	AC010976.2	lncRNA	5	4	1	0.3328	0.0825	0.0892
ENSG00000272791.1	AC073389.3	lncRNA	10	5	5	0.6065	0.1504	0.1626
ENSG00000272795.1	AC126283.1	lncRNA	11	7	4	1.7138	0.4250	0.4595
ENSG00000272797.1	AC092954.1	lncRNA	0	0	0	0.0000	0.0000	0.0000
ENSG00000272798.1	AL008721.1	lncRNA	0	0	0	0.0000	0.0000	0.0000
ENSG00000272799.1	AC006238.1	lncRNA	4	2	2	0.4248	0.1053	0.1139
ENSG00000272800.3	AC021851.1	lncRNA	15	9	6	0.4518	0.1120	0.1211
ENSG00000272801.1	AC004080.5	lncRNA	0	0	0	0.0000	0.0000	0.0000
ENSG00000272804.3	KRTAP10-7	protein_coding	0	0	0	0.0000	0.0000	0.0000
ENSG00000272807.1	AC007038.1	lncRNA	32	29	34	2.4523	0.6082	0.6575
ENSG00000272808.4	AC015712.6	lncRNA	76	33	43	0.5279	0.1309	0.1416
ENSG00000272810.1	U91328.3	lncRNA	5	3	2	0.5485	0.1360	0.1471
ENSG00000272812.1	AC004908.2	lncRNA	13	4	9	1.2844	0.3185	0.3444
ENSG00000272814.1	AC093732.2	lncRNA	0	55	68	0.0000	0.0000	0.0000
ENSG00000272815.1	AC098850.4	lncRNA	0	0	0	0.0000	0.0000	0.0000
ENSG00000272817.1	AL359198.1	lncRNA	5	29	22	0.4966	0.1231	0.1332
ENSG00000272821.1	U62317.1	lncRNA	0	0	0	0.0000	0.0000	0.0000
ENSG00000272822.2	AC073610.2	protein_coding	0	0	0	0.0000	0.0000	0.0000
ENSG00000272823.1	AL445423.1	lncRNA	7	4	4	0.7406	0.1837	0.1986
ENSG00000272824.1	AC245100.6	lncRNA	5	4	1	0.6415	0.1591	0.1720
ENSG00000272825.1	AL844908.1	lncRNA	33	20	13	2.8703	0.7118	0.7696
ENSG00000272829.1	AC002470.1	lncRNA	77	38	39	11.0549	2.7415	2.9642
ENSG00000272831.1	AC027644.3	lncRNA	3	190	189	0.3054	0.0757	0.0819
ENSG00000272832.1	AC022296.4	lncRNA	1	1	0	0.1407	0.0349	0.0377
ENSG00000272834.1	AL022238.2	lncRNA	3	2	1	0.3840	0.0952	0.1030
ENSG00000272836.1	AL022328.1	lncRNA	26	12	14	3.0846	0.7650	0.8271
ENSG00000272837.1	OR10AE3P	unprocessed_pseudogene	0	0	0	0.0000	0.0000	0.0000
ENSG00000272839.1	AC011899.2	lncRNA	5	1	4	0.4596	0.1140	0.1232
ENSG00000272840.1	AC092902.2	lncRNA	0	0	0	0.0000	0.0000	0.0000
ENSG00000272841.1	MAP3K4-AS1	lncRNA	969	498	497	27.1368	6.7296	7.2763
ENSG00000272842.1	AL391834.1	lncRNA	47	122	121	4.7596	1.1803	1.2762
ENSG00000272843.1	AC211476.2	lncRNA	5	3	2	0.4005	0.0993	0.1074
ENSG00000272844.1	AC074044.1	lncRNA	5	27	35	0.4011	0.0995	0.1075
ENSG00000272848.2	AL135910.1	lncRNA	53	32	21	0.7318	0.1815	0.1962
ENSG00000272849.1	AC084018.1	lncRNA	97	52	45	9.6169	2.3849	2.5786
ENSG00000272851.1	AC096772.1	lncRNA	0	230	214	0.0000	0.0000	0.0000
ENSG00000272853.1	AC069544.1	lncRNA	85	46	41	4.8252	1.1966	1.2938
ENSG00000272854.1	AC004839.2	lncRNA	3	2	1	0.3396	0.0842	0.0911
ENSG00000272855.1	AC104458.1	lncRNA	0	0	0	0.0000	0.0000	0.0000
ENSG00000272856.1	AC112250.2	lncRNA	1	0	1	0.1155	0.0286	0.0310
ENSG00000272858.1	Z93930.3	lncRNA	7	2	5	0.5300	0.1314	0.1421
ENSG00000272861.1	AC012360.2	lncRNA	19	7	12	2.7557	0.6834	0.7389
ENSG00000272862.1	AC106052.1	lncRNA	5	2	3	0.5705	0.1415	0.1530
ENSG00000272864.1	AC135803.1	lncRNA	14	9	5	1.4052	0.3485	0.3768
ENSG00000272865.2	AL591686.2	lncRNA	1	0	1	0.0222	0.0055	0.0060
ENSG00000272866.1	AL135786.2	lncRNA	6	0	6	0.5533	0.1372	0.1483
ENSG00000272870.3	SAP30-DT	lncRNA	118	68	57	0.7381	0.1830	0.1979
ENSG00000272871.1	AL159169.2	lncRNA	11	5	6	0.4916	0.1219	0.1318
ENSG00000272872.1	AP000525.1	lncRNA	12	3	9	0.9806	0.2432	0.2629
ENSG00000272874.1	AL034548.1	lncRNA	0	0	0	0.0000	0.0000	0.0000
ENSG00000272880.1	AL161734.1	lncRNA	0	0	0	0.0000	0.0000	0.0000
ENSG00000272882.1	OR2BH1P	unprocessed_pseudogene	0	0	0	0.0000	0.0000	0.0000
ENSG00000272884.1	AC113189.4	lncRNA	0	0	0	0.0000	0.0000	0.0000
ENSG00000272885.1	AC092574.1	lncRNA	4	3	1	0.5401	0.1339	0.1448
ENSG00000272886.6	DCP1A	protein_coding	2882	1425	1462	26.7844	6.6423	7.1818
ENSG00000272887.1	CSPG4P5	transcribed_unprocessed_pseudogene	0	0	0	0.0000	0.0000	0.0000
ENSG00000272888.7	CHASERR	lncRNA	1293	620	673	12.5279	3.1068	3.3592
ENSG00000272892.1	AL133551.1	lncRNA	22	5	17	1.0210	0.2532	0.2738
ENSG00000272894.5	AC004982.2	lncRNA	99	52	47	3.2453	0.8048	0.8702
ENSG00000272895.1	AC009303.3	lncRNA	0	0	0	0.0000	0.0000	0.0000
ENSG00000272896.1	AL355987.3	protein_coding	0	0	0	0.0000	0.0000	0.0000
ENSG00000272897.5	AL109827.1	protein_coding	0	0	0	0.0000	0.0000	0.0000
ENSG00000272899.4	ATP6V1FNB	protein_coding	16	14	15	0.2337	0.0579	0.0627
ENSG00000272900.1	OR10Q2P	unprocessed_pseudogene	0	0	0	0.0000	0.0000	0.0000
ENSG00000272902.2	TBC1D8-AS1	lncRNA	36	14	22	0.8239	0.2043	0.2209
ENSG00000272904.1	AL390726.2	lncRNA	0	0	0	0.0000	0.0000	0.0000
ENSG00000272905.1	AC018648.1	lncRNA	6	2	4	0.5094	0.1263	0.1366
ENSG00000272906.1	AL353708.3	lncRNA	41	77	85	2.3510	0.5830	0.6304
ENSG00000272908.1	AC006033.2	lncRNA	67	36	31	1.9307	0.4788	0.5177
ENSG00000272909.1	AL122035.2	lncRNA	7	366	350	0.2123	0.0526	0.0569
ENSG00000272910.1	AC090425.3	lncRNA	21	396	486	2.3771	0.5895	0.6374
ENSG00000272911.1	AC005696.3	lncRNA	4	3	1	0.7486	0.1857	0.2007
ENSG00000272912.1	AL356608.1	lncRNA	5	4	1	0.3458	0.0858	0.0927
ENSG00000272913.1	AC009237.14	lncRNA	158	217	226	5.6212	1.3940	1.5072
ENSG00000272914.1	AL359532.1	lncRNA	29	13	16	1.0542	0.2614	0.2827
ENSG00000272915.1	AC018635.2	lncRNA	1	0	1	0.1558	0.0386	0.0418
ENSG00000272916.5	AC022400.5	protein_coding	0	212	190	0.0000	0.0000	0.0000
ENSG00000272917.1	AC010186.4	lncRNA	0	0	0	0.0000	0.0000	0.0000
ENSG00000272918.1	AC005070.3	lncRNA	54	118	101	1.1573	0.2870	0.3103
ENSG00000272920.1	hsa-mir-1253	lncRNA	0	0	0	0.0000	0.0000	0.0000
ENSG00000272921.1	AC005832.4	protein_coding	0	0	0	0.0000	0.0000	0.0000
ENSG00000272922.1	AC107294.1	lncRNA	6	3	3	0.7286	0.1807	0.1954
ENSG00000272927.1	AC107464.2	lncRNA	26	10	16	2.0006	0.4961	0.5364
ENSG00000272931.1	AC099568.2	lncRNA	3	1	2	0.2448	0.0607	0.0656
ENSG00000272933.1	AL391121.1	lncRNA	77	38	39	3.2370	0.8027	0.8679
ENSG00000272934.1	AL390726.3	lncRNA	0	0	0	0.0000	0.0000	0.0000
ENSG00000272936.1	AC096586.1	lncRNA	0	26	20	0.0000	0.0000	0.0000
ENSG00000272937.2	OR6U2P	transcribed_unprocessed_pseudogene	0	0	0	0.0000	0.0000	0.0000
ENSG00000272940.1	U62317.2	lncRNA	9	4	5	1.1393	0.2825	0.3055
ENSG00000272941.1	AC083862.1	lncRNA	21	384	375	1.0401	0.2579	0.2789
ENSG00000272942.1	AL022324.3	lncRNA	2	1	1	0.1518	0.0377	0.0407
ENSG00000272944.1	AC079834.1	lncRNA	5	4	2	0.1455	0.0361	0.0390
ENSG00000272945.1	AL356299.2	lncRNA	8	4	4	0.7742	0.1920	0.2076
ENSG00000272948.2	AP001412.1	lncRNA	11	11	8	0.8737	0.2167	0.2343
ENSG00000272950.1	AC093799.1	lncRNA	20	10	10	1.9623	0.4866	0.5262
ENSG00000272953.1	AC092171.4	lncRNA	28	45	25	2.5125	0.6231	0.6737
ENSG00000272954.1	AP000553.2	lncRNA	10	13	8	1.3188	0.3271	0.3536
ENSG00000272958.1	AP000322.1	lncRNA	0	0	0	0.0000	0.0000	0.0000
ENSG00000272963.1	OR7A19P	unprocessed_pseudogene	0	0	0	0.0000	0.0000	0.0000
ENSG00000272966.1	AC064836.1	lncRNA	0	0	0	0.0000	0.0000	0.0000
ENSG00000272967.1	AC073352.2	lncRNA	0	2	2	0.0000	0.0000	0.0000
ENSG00000272968.5	RBAK-RBAKDN	protein_coding	0	0	0	0.0000	0.0000	0.0000
ENSG00000272969.1	AC024243.1	lncRNA	1	0	1	0.0729	0.0181	0.0195
ENSG00000272970.3	AC107294.2	lncRNA	126	69	57	1.9343	0.4797	0.5187
ENSG00000272971.1	AL365181.4	lncRNA	1	0	1	0.1037	0.0257	0.0278
ENSG00000272973.1	AP000350.5	lncRNA	0	10	9	0.0000	0.0000	0.0000
ENSG00000272975.1	MYHAS	lncRNA	41	18	24	1.0225	0.2536	0.2742
ENSG00000272977.1	AL008721.2	lncRNA	76	34	42	1.1481	0.2847	0.3078
ENSG00000272979.1	AC093388.1	lncRNA	16	9	7	2.1101	0.5233	0.5658
ENSG00000272980.4	Z94721.2	lncRNA	3	1	2	0.0320	0.0079	0.0086
ENSG00000272982.1	AL355816.1	lncRNA	0	8	22	0.0000	0.0000	0.0000
ENSG00000272983.1	AL117339.3	lncRNA	58	33	25	0.4657	0.1155	0.1249
ENSG00000272984.1	AC007349.4	lncRNA	2	1	1	0.2132	0.0529	0.0572
ENSG00000272986.1	AC009570.1	lncRNA	19	41	47	1.4463	0.3587	0.3878
ENSG00000272987.1	OR5AL1	polymorphic_pseudogene	0	0	0	0.0000	0.0000	0.0000
ENSG00000272988.1	AC022392.1	lncRNA	0	0	0	0.0000	0.0000	0.0000
ENSG00000272989.1	LINC02012	lncRNA	18	9	9	0.5918	0.1467	0.1587
ENSG00000272990.1	AC084036.1	lncRNA	30	54	53	3.3490	0.8305	0.8980
ENSG00000272991.1	AF129408.1	lncRNA	0	99	101	0.0000	0.0000	0.0000
ENSG00000272994.1	AC012360.3	lncRNA	193	101	93	3.1734	0.7870	0.8509
ENSG00000272995.1	AC097505.1	lncRNA	7	4	3	0.7026	0.1742	0.1884
ENSG00000273001.1	AL731533.2	lncRNA	2	1	1	0.1962	0.0487	0.0526
ENSG00000273002.1	AL355388.1	lncRNA	35	10	25	0.9202	0.2282	0.2467
ENSG00000273003.1	ARL2-SNX15	protein_coding	0	0	0	0.0000	0.0000	0.0000
ENSG00000273004.1	AL078644.1	lncRNA	16	11	5	1.2066	0.2992	0.3235
ENSG00000273006.1	AC009229.3	lncRNA	2	1	1	0.4022	0.0997	0.1078
ENSG00000273007.2	AC021205.3	lncRNA	47	14	33	0.9355	0.2320	0.2509
ENSG00000273008.1	AC010864.1	lncRNA	48	28	20	1.8015	0.4468	0.4830
ENSG00000273010.1	AL360270.3	lncRNA	9	64	56	0.3786	0.0939	0.1015
ENSG00000273011.1	AC092681.3	lncRNA	0	7	4	0.0000	0.0000	0.0000
ENSG00000273012.1	AL353600.1	lncRNA	0	0	0	0.0000	0.0000	0.0000
ENSG00000273013.1	AC117490.2	lncRNA	7	54	54	0.6683	0.1657	0.1792
ENSG00000273014.1	AC018645.3	lncRNA	170	108	105	20.4252	5.0652	5.4767
ENSG00000273015.2	AC008124.1	lncRNA	1129	603	526	6.5802	1.6318	1.7644
ENSG00000273017.1	AP000240.1	lncRNA	9	6	3	1.1292	0.2800	0.3028
ENSG00000273018.7	FAM106A	lncRNA	164	80	89	0.9105	0.2258	0.2441
ENSG00000273024.6	INTS4P2	transcribed_unprocessed_pseudogene	21	12	12	0.5899	0.1463	0.1582
ENSG00000273025.1	AC009690.3	protein_coding	0	0	0	0.0000	0.0000	0.0000
ENSG00000273026.1	AL358472.3	lncRNA	23	13	10	3.1430	0.7794	0.8427
ENSG00000273027.1	AL844908.2	lncRNA	6	4	2	0.7397	0.1834	0.1983
ENSG00000273032.3	DGCR5	lncRNA	59	31	31	0.2581	0.0640	0.0692
ENSG00000273033.2	LINC02035	lncRNA	866	433	433	8.9684	2.2241	2.4047
ENSG00000273035.1	AC007684.2	lncRNA	5	3	2	0.5944	0.1474	0.1594
ENSG00000273036.3	AL390726.4	transcribed_processed_pseudogene	0	0	0	0.0000	0.0000	0.0000
ENSG00000273041.1	ATF4P2	processed_pseudogene	0	0	0	0.0000	0.0000	0.0000
ENSG00000273044.1	AL022334.2	lncRNA	1	0	1	0.1172	0.0291	0.0314
ENSG00000273045.7	C2orf15	protein_coding	326	160	166	8.9832	2.2277	2.4087
ENSG00000273046.1	AC012531.2	lncRNA	0	0	0	0.0000	0.0000	0.0000
ENSG00000273047.1	AL121845.2	protein_coding	0	0	0	0.0000	0.0000	0.0000
ENSG00000273049.1	AC012531.3	protein_coding	0	0	0	0.0000	0.0000	0.0000
ENSG00000273051.1	OR51F4P	unprocessed_pseudogene	0	0	0	0.0000	0.0000	0.0000
ENSG00000273055.1	AC005046.1	lncRNA	17	15	14	1.5425	0.3825	0.4136
ENSG00000273056.1	AL354694.1	lncRNA	2	0	2	0.1942	0.0482	0.0521
ENSG00000273058.2	AL359921.2	lncRNA	58	21	37	6.0574	1.5022	1.6242
ENSG00000273059.1	AC239803.1	lncRNA	0	3	4	0.0000	0.0000	0.0000
ENSG00000273061.1	CDC37L1-DT	lncRNA	57	28	29	5.2732	1.3077	1.4139
ENSG00000273062.1	AL449106.1	lncRNA	32	35	51	0.9165	0.2273	0.2458
ENSG00000273063.1	AC007250.1	lncRNA	0	5	2	0.0000	0.0000	0.0000
ENSG00000273064.1	AC017083.1	lncRNA	9	9	5	0.5213	0.1293	0.1398
ENSG00000273066.5	AL355987.4	lncRNA	66	36	37	0.8634	0.2141	0.2315
ENSG00000273068.1	Z99755.2	lncRNA	0	0	0	0.0000	0.0000	0.0000
ENSG00000273069.1	AC211433.2	lncRNA	2	2	0	0.2931	0.0727	0.0786
ENSG00000273073.1	AC073869.1	lncRNA	4	3	1	0.3911	0.0970	0.1049
ENSG00000273076.1	AL021707.7	lncRNA	7	2	5	0.9543	0.2366	0.2559
ENSG00000273077.1	AC110609.1	lncRNA	4	2	2	0.7486	0.1857	0.2007
ENSG00000273079.6	GRIN2B	protein_coding	8	4	4	0.0146	0.0036	0.0039
ENSG00000273080.1	AC009309.1	lncRNA	42	21	21	5.1779	1.2841	1.3884
ENSG00000273082.1	Z73429.1	lncRNA	2	5	5	0.3288	0.0815	0.0881
ENSG00000273084.1	AC092171.5	lncRNA	101	77	79	6.0804	1.5079	1.6303
ENSG00000273085.3	OR52E1	polymorphic_pseudogene	0	0	0	0.0000	0.0000	0.0000
ENSG00000273088.2	AL713999.2	protein_coding	0	0	0	0.0000	0.0000	0.0000
ENSG00000273090.1	AC007378.1	lncRNA	0	337	315	0.0000	0.0000	0.0000
ENSG00000273091.1	AP000255.1	lncRNA	12	5	7	1.0067	0.2496	0.2699
ENSG00000273093.1	AC097065.2	lncRNA	0	0	0	0.0000	0.0000	0.0000
ENSG00000273096.1	AL021707.8	lncRNA	4	2	2	1.2396	0.3074	0.3324
ENSG00000273098.3	AC005303.1	lncRNA	0	0	0	0.0000	0.0000	0.0000
ENSG00000273100.1	AL596442.2	lncRNA	4	2	2	0.2315	0.0574	0.0621
ENSG00000273102.1	AP000569.1	lncRNA	0	1	0	0.0000	0.0000	0.0000
ENSG00000273104.1	AP000322.2	lncRNA	0	0	0	0.0000	0.0000	0.0000
ENSG00000273106.1	AC019129.2	lncRNA	1	2	2	0.0459	0.0114	0.0123
ENSG00000273107.1	AL512598.1	lncRNA	8	8	9	1.6618	0.4121	0.4456
ENSG00000273108.1	AL121929.2	lncRNA	53	22	31	2.0989	0.5205	0.5628
ENSG00000273110.1	AL162591.2	lncRNA	0	12	22	0.0000	0.0000	0.0000
ENSG00000273111.6	LYPD4	protein_coding	0	0	0	0.0000	0.0000	0.0000
ENSG00000273112.1	AL590385.2	lncRNA	4	2	2	0.4102	0.1017	0.1100
ENSG00000273113.1	AC133528.1	lncRNA	20	14	6	1.4089	0.3494	0.3778
ENSG00000273115.1	AP001596.2	lncRNA	0	0	0	0.0000	0.0000	0.0000
ENSG00000273117.1	AC144652.1	lncRNA	79	39	40	2.7587	0.6841	0.7397
ENSG00000273118.1	AC093865.1	lncRNA	0	0	0	0.0000	0.0000	0.0000
ENSG00000273119.1	AP005229.2	lncRNA	0	0	0	0.0000	0.0000	0.0000
ENSG00000273123.1	AC020634.2	lncRNA	14	8	6	1.4462	0.3586	0.3878
ENSG00000273124.1	AL365434.2	lncRNA	0	0	0	0.0000	0.0000	0.0000
ENSG00000273125.2	LINC01990	lncRNA	11	4	8	0.3341	0.0829	0.0896
ENSG00000273129.1	PACERR	lncRNA	6	4	2	0.4124	0.1023	0.1106
ENSG00000273132.1	AL355312.3	lncRNA	2	112	129	0.3635	0.0902	0.0975
ENSG00000273133.1	AC116651.1	lncRNA	9	8	1	0.9180	0.2276	0.2461
ENSG00000273136.7	NBPF26	protein_coding	242	121	121	2.0236	0.5018	0.5426
ENSG00000273137.1	AL022328.2	lncRNA	14	140	138	1.2405	0.3076	0.3326
ENSG00000273138.1	AC005021.1	lncRNA	0	189	175	0.0000	0.0000	0.0000
ENSG00000273139.1	AC007663.3	lncRNA	13	6	7	1.5854	0.3932	0.4251
ENSG00000273141.1	AP001269.4	lncRNA	5	2	3	0.5538	0.1373	0.1485
ENSG00000273142.1	LINC02604	lncRNA	393	184	209	6.4769	1.6062	1.7367
ENSG00000273143.2	AL355512.1	lncRNA	98	46	53	1.6203	0.4018	0.4345
ENSG00000273145.1	BX537318.1	lncRNA	94	44	50	4.4165	1.0953	1.1842
ENSG00000273148.1	LINC00653	lncRNA	87	54	55	3.2058	0.7950	0.8596
ENSG00000273149.1	AL138963.3	lncRNA	0	26661	26472	0.0000	0.0000	0.0000
ENSG00000273151.1	AC073957.3	lncRNA	129	254	221	1.0825	0.2685	0.2903
ENSG00000273153.1	AC067747.1	lncRNA	0	0	0	0.0000	0.0000	0.0000
ENSG00000273154.3	AL121845.3	protein_coding	0	0	0	0.0000	0.0000	0.0000
ENSG00000273155.1	AC092587.1	protein_coding	1	1	0	0.0848	0.0210	0.0227
ENSG00000273156.2	AC124016.2	lncRNA	92	39	53	2.7474	0.6813	0.7367
ENSG00000273160.1	AL359962.2	lncRNA	6	5	2	1.1230	0.2785	0.3011
ENSG00000273162.1	AL133215.2	lncRNA	40	21	19	2.3218	0.5758	0.6226
ENSG00000273165.1	AL121652.1	lncRNA	2	2	0	0.2532	0.0628	0.0679
ENSG00000273167.1	AL359736.1	protein_coding	0	0	0	0.0000	0.0000	0.0000
ENSG00000273171.1	AC002094.3	protein_coding	0	0	0	0.0000	0.0000	0.0000
ENSG00000273172.1	LINC02091	lncRNA	4	2	2	0.1914	0.0475	0.0513
ENSG00000273173.5	SNURF	protein_coding	11	3	8	0.5309	0.1317	0.1424
ENSG00000273174.1	AC108673.2	lncRNA	19	5	14	1.9071	0.4729	0.5113
ENSG00000273175.1	BX323046.1	lncRNA	3	2	1	0.3180	0.0789	0.0853
ENSG00000273176.1	AL008635.1	lncRNA	6	2	4	0.8838	0.2192	0.2370
ENSG00000273177.1	AC092954.2	lncRNA	0	0	0	0.0000	0.0000	0.0000
ENSG00000273179.1	AC092535.5	lncRNA	39	22	21	5.5710	1.3816	1.4938
ENSG00000273180.1	AC019193.3	lncRNA	2	0	2	0.2047	0.0508	0.0549
ENSG00000273181.1	AC131235.3	lncRNA	9	4	5	0.8232	0.2041	0.2207
ENSG00000273183.1	AC093726.2	lncRNA	22	9	13	1.8374	0.4557	0.4927
ENSG00000273184.1	AC010655.4	lncRNA	0	0	0	0.0000	0.0000	0.0000
ENSG00000273186.1	AL359091.4	lncRNA	14	10	4	1.9412	0.4814	0.5205
ENSG00000273188.1	AL022328.3	lncRNA	17	9	8	1.4198	0.3521	0.3807
ENSG00000273189.1	AC010619.2	lncRNA	2	0	2	0.0798	0.0198	0.0214
ENSG00000273192.1	AL671710.1	lncRNA	2	581	526	0.0483	0.0120	0.0129
ENSG00000273196.1	AC062037.2	lncRNA	2	11	11	1.5537	0.3853	0.4166
ENSG00000273198.1	AL096803.3	lncRNA	1	1	0	0.1066	0.0264	0.0286
ENSG00000273199.1	AP000692.2	lncRNA	1	20	17	0.0645	0.0160	0.0173
ENSG00000273203.1	AC006946.2	lncRNA	26	10	16	0.5164	0.1281	0.1385
ENSG00000273204.1	AC104506.1	lncRNA	0	38	33	0.0000	0.0000	0.0000
ENSG00000273209.1	AC069148.1	lncRNA	11	7	4	0.8123	0.2014	0.2178
ENSG00000273210.1	AP001437.1	lncRNA	0	14	12	0.0000	0.0000	0.0000
ENSG00000273211.1	AC137630.4	lncRNA	0	15	14	0.0000	0.0000	0.0000
ENSG00000273212.1	AC000068.2	lncRNA	4	668	772	0.4931	0.1223	0.1322
ENSG00000273213.3	H3-2	protein_coding	43	26	20	0.6159	0.1527	0.1652
ENSG00000273214.1	AL031587.4	lncRNA	0	0	0	0.0000	0.0000	0.0000
ENSG00000273216.1	AC002059.1	lncRNA	8	5	3	0.9511	0.2359	0.2550
ENSG00000273217.1	AC008695.1	protein_coding	0	0	0	0.0000	0.0000	0.0000
ENSG00000273218.1	AC005776.2	lncRNA	28	20	8	0.8976	0.2226	0.2407
ENSG00000273219.1	AC091736.1	lncRNA	0	2	2	0.0000	0.0000	0.0000
ENSG00000273221.1	AL355816.2	lncRNA	0	413	413	0.0000	0.0000	0.0000
ENSG00000273225.4	FAM25BP	transcribed_unprocessed_pseudogene	0	0	0	0.0000	0.0000	0.0000
ENSG00000273226.1	AL391834.2	lncRNA	85	102	95	8.8285	2.1894	2.3672
ENSG00000273228.1	OR5BQ1P	unprocessed_pseudogene	0	0	0	0.0000	0.0000	0.0000
ENSG00000273230.1	AC102953.2	lncRNA	124	75	49	2.3239	0.5763	0.6231
ENSG00000273232.1	AC090912.3	lncRNA	2	2	0	0.2128	0.0528	0.0571
ENSG00000273233.1	AC097724.1	lncRNA	0	0	0	0.0000	0.0000	0.0000
ENSG00000273234.1	OR2A13P	unprocessed_pseudogene	5	1	4	0.3049	0.0756	0.0818
ENSG00000273238.3	TMEM271	protein_coding	0	0	0	0.0000	0.0000	0.0000
ENSG00000273240.1	AC013468.1	lncRNA	5	3	2	0.4742	0.1176	0.1271
ENSG00000273243.1	Z82243.1	lncRNA	21	7	14	2.5178	0.6244	0.6751
ENSG00000273244.1	AC005301.1	lncRNA	0	0	0	0.0000	0.0000	0.0000
ENSG00000273245.1	AC092653.1	lncRNA	7	3	4	0.7476	0.1854	0.2005
ENSG00000273247.5	AC097376.3	lncRNA	361	195	192	2.5738	0.6383	0.6901
ENSG00000273248.1	AC010997.5	lncRNA	0	0	0	0.0000	0.0000	0.0000
ENSG00000273249.1	BX649632.1	lncRNA	17	13	8	0.9898	0.2455	0.2654
ENSG00000273252.1	OR7E39P	unprocessed_pseudogene	0	0	0	0.0000	0.0000	0.0000
ENSG00000273253.2	AL022328.4	lncRNA	65	214	225	3.6825	0.9132	0.9874
ENSG00000273254.1	AF129075.2	lncRNA	3	74	73	0.2675	0.0663	0.0717
ENSG00000273255.1	OR5BP1P	unprocessed_pseudogene	0	0	0	0.0000	0.0000	0.0000
ENSG00000273257.1	AC069200.1	lncRNA	9	4	5	1.5802	0.3919	0.4237
ENSG00000273258.1	AC016737.2	lncRNA	3	1	2	0.4752	0.1179	0.1274
ENSG00000273259.3	AL049839.2	protein_coding	77	29	48	1.4238	0.3531	0.3818
ENSG00000273261.1	AC092953.2	lncRNA	24	144	122	1.9471	0.4829	0.5221
ENSG00000273262.1	AL121928.1	lncRNA	0	566	535	0.0000	0.0000	0.0000
ENSG00000273264.1	AL360219.1	lncRNA	8	4	4	1.2396	0.3074	0.3324
ENSG00000273265.1	CNNM3-DT	lncRNA	28	13	15	3.8262	0.9489	1.0259
ENSG00000273267.1	AC097381.3	lncRNA	2	1	1	0.2455	0.0609	0.0658
ENSG00000273269.3	AC073283.3	protein_coding	0	0	0	0.0000	0.0000	0.0000
ENSG00000273270.1	AC090114.2	lncRNA	404	191	216	3.2479	0.8055	0.8709
ENSG00000273271.1	AP000254.2	lncRNA	96	76	73	10.4695	2.5963	2.8072
ENSG00000273272.2	U62317.3	lncRNA	12	141	154	0.8571	0.2125	0.2298
ENSG00000273274.2	ZBTB8B	protein_coding	3	2	1	0.0133	0.0033	0.0036
ENSG00000273275.1	AC017083.2	lncRNA	0	1085	1119	0.0000	0.0000	0.0000
ENSG00000273284.1	AP001033.2	lncRNA	39	20	19	2.2051	0.5468	0.5913
ENSG00000273287.2	AL008718.2	lncRNA	10	3	7	0.4319	0.1071	0.1158
ENSG00000273289.1	AL121672.3	lncRNA	8	1	7	0.9694	0.2404	0.2599
ENSG00000273291.5	AC092042.3	protein_coding	24	14	10	0.8229	0.2041	0.2206
ENSG00000273293.1	AC093458.1	lncRNA	3	5	4	0.7664	0.1900	0.2055
ENSG00000273294.1	C1QTNF3-AMACR	protein_coding	2	1	1	0.0331	0.0082	0.0089
ENSG00000273295.1	AP000350.6	lncRNA	99	46	53	0.9960	0.2470	0.2671
ENSG00000273297.2	AC009275.1	lncRNA	18	11	8	0.1964	0.0487	0.0527
ENSG00000273299.1	AC006153.1	lncRNA	0	0	0	0.0000	0.0000	0.0000
ENSG00000273300.1	AC000068.3	lncRNA	0	42	28	0.0000	0.0000	0.0000
ENSG00000273301.1	AC016717.2	lncRNA	12	7	5	0.1324	0.0328	0.0355
ENSG00000273302.1	AC016747.3	lncRNA	24	17	7	1.7207	0.4267	0.4614
ENSG00000273305.1	AC009237.15	lncRNA	50	27	23	5.6597	1.4035	1.5175
ENSG00000273306.1	AC018690.1	lncRNA	36	18	25	3.2613	0.8088	0.8745
ENSG00000273308.1	AC024560.3	lncRNA	15	6	9	2.4374	0.6044	0.6535
ENSG00000273311.1	DGCR11	lncRNA	110	59	51	2.8176	0.6987	0.7555
ENSG00000273312.2	AL121749.1	lncRNA	3	2	2	0.0468	0.0116	0.0126
ENSG00000273313.1	RBAKDN	lncRNA	1	0	1	0.1103	0.0274	0.0296
ENSG00000273314.1	AC005229.4	lncRNA	228	201	203	5.8826	1.4588	1.5773
ENSG00000273319.1	AC058791.1	lncRNA	10	8	13	0.1773	0.0440	0.0475
ENSG00000273320.1	AC007032.1	lncRNA	0	16	12	0.0000	0.0000	0.0000
ENSG00000273321.1	AC023983.2	lncRNA	7	3	4	0.7064	0.1752	0.1894
ENSG00000273325.1	AL008723.2	lncRNA	0	0	0	0.0000	0.0000	0.0000
ENSG00000273327.1	OR6L2P	unprocessed_pseudogene	3	2	1	0.1839	0.0456	0.0493
ENSG00000273328.5	AC099329.2	lncRNA	8	5	4	0.1154	0.0286	0.0309
ENSG00000273329.1	AC078846.1	lncRNA	140	75	65	1.1209	0.2780	0.3006
ENSG00000273330.1	CYP4F36P	unprocessed_pseudogene	0	0	0	0.0000	0.0000	0.0000
ENSG00000273331.1	TM4SF19-TCTEX1D2	protein_coding	0	0	0	0.0000	0.0000	0.0000
ENSG00000273333.2	AL662884.1	lncRNA	0	0	0	0.0000	0.0000	0.0000
ENSG00000273335.1	AP005432.2	lncRNA	7	3	4	0.6774	0.1680	0.1816
ENSG00000273336.1	OR7M1P	unprocessed_pseudogene	3	1	2	0.3192	0.0792	0.0856
ENSG00000273338.1	AC103591.3	lncRNA	4	2	2	1.0854	0.2692	0.2910
ENSG00000273340.1	MICE	transcribed_unprocessed_pseudogene	8	5	3	0.3921	0.0972	0.1051
ENSG00000273341.2	AC004921.1	lncRNA	7	4	3	0.5408	0.1341	0.1450
ENSG00000273342.1	AP000553.3	lncRNA	1	1	0	0.1286	0.0319	0.0345
ENSG00000273343.1	AC007663.4	lncRNA	31	15	16	2.7861	0.6909	0.7470
ENSG00000273344.1	PAXIP1-AS1	lncRNA	664	340	325	16.6912	4.1393	4.4755
ENSG00000273345.5	AC104109.4	lncRNA	14	7	7	0.4550	0.1128	0.1220
ENSG00000273348.1	AC027449.1	lncRNA	0	0	0	0.0000	0.0000	0.0000
ENSG00000273350.1	AC004832.5	lncRNA	6	4	2	0.8485	0.2104	0.2275
ENSG00000273353.1	AL008718.3	lncRNA	3	2	1	0.5300	0.1314	0.1421
ENSG00000273355.1	AP000894.4	lncRNA	67	42	25	7.8666	1.9508	2.1093
ENSG00000273356.1	LINC02019	lncRNA	52	28	24	1.4315	0.3550	0.3838
ENSG00000273360.1	AC022017.1	lncRNA	0	0	0	0.0000	0.0000	0.0000
ENSG00000273361.1	AC021016.2	lncRNA	0	29	17	0.0000	0.0000	0.0000
ENSG00000273362.1	AP000547.2	lncRNA	0	0	0	0.0000	0.0000	0.0000
ENSG00000273363.1	AL353801.3	lncRNA	6	3	4	0.6278	0.1557	0.1683
ENSG00000273365.1	AL451074.5	lncRNA	1	1	0	0.0778	0.0193	0.0209
ENSG00000273367.1	AL355472.3	lncRNA	9	4	5	0.8153	0.2022	0.2186
ENSG00000273368.1	AC006566.1	lncRNA	3	0	3	0.3316	0.0822	0.0889
ENSG00000273369.1	AC096586.2	lncRNA	8	3	9	1.0288	0.2551	0.2758
ENSG00000273370.1	AC108747.1	lncRNA	0	0	0	0.0000	0.0000	0.0000
ENSG00000273372.1	SFTPD-AS1	lncRNA	7	2	5	0.0794	0.0197	0.0213
ENSG00000273373.1	AL355488.1	lncRNA	205	101	104	4.0791	1.0116	1.0938
ENSG00000273374.1	AC069222.1	lncRNA	24	10	14	0.4051	0.1005	0.1086
ENSG00000273375.1	AC055764.2	lncRNA	3	1	2	0.2539	0.0630	0.0681
ENSG00000273377.1	OR2Q1P	unprocessed_pseudogene	0	0	0	0.0000	0.0000	0.0000
ENSG00000273381.1	AL158071.4	lncRNA	19	6	13	0.2612	0.0648	0.0700
ENSG00000273382.1	AL356488.3	lncRNA	77	140	146	1.5120	0.3750	0.4054
ENSG00000273384.1	AL137796.1	lncRNA	11	6	5	1.0811	0.2681	0.2899
ENSG00000273387.1	AC005005.3	lncRNA	15	138	160	0.6033	0.1496	0.1618
ENSG00000273388.1	AC005291.2	lncRNA	170	93	88	18.4335	4.5713	4.9426
ENSG00000273391.1	AC083880.1	lncRNA	24	19	16	2.5440	0.6309	0.6821
ENSG00000273394.1	AC128687.2	lncRNA	8	15	29	0.8016	0.1988	0.2149
ENSG00000273396.3	LINC01396	lncRNA	1	0	1	0.0366	0.0091	0.0098
ENSG00000273398.6	AC017083.3	protein_coding	0	210	180	0.0000	0.0000	0.0000
ENSG00000273399.2	AL159169.3	lncRNA	6	3	3	0.6065	0.1504	0.1626
ENSG00000273402.1	AC004908.3	lncRNA	11	6	5	0.9981	0.2475	0.2676
ENSG00000273403.1	AC107294.3	lncRNA	13	11	2	1.4016	0.3476	0.3758
ENSG00000273406.1	AC245008.1	lncRNA	1	1	0	0.1191	0.0295	0.0319
ENSG00000273407.1	AC069294.1	lncRNA	7	2	6	1.1342	0.2813	0.3041
ENSG00000273408.1	OR5B15P	unprocessed_pseudogene	0	0	0	0.0000	0.0000	0.0000
ENSG00000273409.3	LINC02712	lncRNA	51	23	28	3.8979	0.9666	1.0451
ENSG00000273413.1	AL136982.7	lncRNA	0	0	0	0.0000	0.0000	0.0000
ENSG00000273415.3	LINC02725	lncRNA	2	1	1	0.0450	0.0111	0.0121
ENSG00000273416.1	AL732292.2	lncRNA	2	1	1	0.2638	0.0654	0.0707
ENSG00000273419.1	AC004877.1	lncRNA	7	169	165	0.0970	0.0241	0.0260
ENSG00000273420.1	AC008738.7	lncRNA	0	0	0	0.0000	0.0000	0.0000
ENSG00000273423.1	OR13I1P	unprocessed_pseudogene	0	0	0	0.0000	0.0000	0.0000
ENSG00000273424.1	AL008582.1	lncRNA	9	5	4	1.1547	0.2864	0.3096
ENSG00000273428.3	AC004832.6	lncRNA	0	0	0	0.0000	0.0000	0.0000
ENSG00000273432.1	AC004951.4	lncRNA	6	2	4	0.1639	0.0406	0.0439
ENSG00000273433.1	AC004080.6	lncRNA	0	0	0	0.0000	0.0000	0.0000
ENSG00000273434.1	OR8S21P	unprocessed_pseudogene	0	0	0	0.0000	0.0000	0.0000
ENSG00000273437.1	AC108673.3	lncRNA	23	13	10	3.8935	0.9656	1.0440
ENSG00000273442.1	AC006946.3	lncRNA	3	0	3	0.2250	0.0558	0.0603
ENSG00000273443.1	AL645608.8	lncRNA	19	13	18	1.2997	0.3223	0.3485
ENSG00000273444.1	AC006023.2	unprocessed_pseudogene	3	2	1	1.0187	0.2526	0.2732
ENSG00000273445.1	AC133644.1	lncRNA	18	13	9	1.8903	0.4688	0.5069
ENSG00000273447.1	AC004067.1	lncRNA	44	18	26	3.5646	0.8840	0.9558
ENSG00000273448.1	AC006480.2	lncRNA	10	1	9	0.4242	0.1052	0.1137
ENSG00000273449.1	AC093788.1	lncRNA	21	15	6	1.2847	0.3186	0.3445
ENSG00000273450.1	AL139124.1	lncRNA	4	2	2	0.5388	0.1336	0.1445
ENSG00000273451.1	AL031666.3	lncRNA	5	3	2	0.2819	0.0699	0.0756
ENSG00000273454.1	AC112503.2	lncRNA	11	7	4	1.1301	0.2803	0.3030
ENSG00000273455.1	AC072039.2	lncRNA	5	32	29	0.6459	0.1602	0.1732
ENSG00000273456.1	AC064836.2	lncRNA	60	34	26	5.0559	1.2538	1.3556
ENSG00000273461.5	AC105265.2	lncRNA	0	1	0	0.0000	0.0000	0.0000
ENSG00000273464.1	AP000238.1	lncRNA	5	3	2	0.6656	0.1651	0.1785
ENSG00000273471.1	AC112229.4	lncRNA	0	0	0	0.0000	0.0000	0.0000
ENSG00000273472.1	AC096733.2	lncRNA	705	345	363	28.6804	7.1125	7.6902
ENSG00000273473.1	BX649601.1	lncRNA	28	13	15	2.7760	0.6884	0.7443
ENSG00000273474.1	AL157392.4	lncRNA	7	3	4	1.1506	0.2853	0.3085
ENSG00000273476.1	AL133215.3	lncRNA	7	7	0	0.8861	0.2197	0.2376
ENSG00000273481.1	AL391069.2	lncRNA	0	0	0	0.0000	0.0000	0.0000
ENSG00000273483.1	AL354760.1	lncRNA	7	4	3	0.6174	0.1531	0.1655
ENSG00000273484.1	OR6R2P	unprocessed_pseudogene	0	0	0	0.0000	0.0000	0.0000
ENSG00000273485.1	AL139339.2	lncRNA	1	241	242	0.0863	0.0214	0.0231
ENSG00000273486.1	AC096992.2	lncRNA	130	50	80	4.3778	1.0857	1.1738
ENSG00000273487.1	AC104836.1	lncRNA	36	13	23	1.5789	0.3916	0.4234
ENSG00000273489.1	AC008264.2	lncRNA	8	1158	1151	0.1216	0.0302	0.0326
ENSG00000273492.6	AP000229.1	lncRNA	35	13	25	0.4676	0.1160	0.1254
ENSG00000273493.1	AC098479.1	lncRNA	1	1	0	0.3682	0.0913	0.0987
ENSG00000273497.1	AL359198.2	unprocessed_pseudogene	0	0	0	0.0000	0.0000	0.0000
ENSG00000273499.1	AC087893.1	snoRNA	0	0	0	0.0000	0.0000	0.0000
ENSG00000273500.1	MIR6129	miRNA	0	0	0	0.0000	0.0000	0.0000
ENSG00000273507.5	AL354809.1	lncRNA	3	2	1	0.0107	0.0026	0.0029
ENSG00000273509.1	CNTNAP3P1	unprocessed_pseudogene	0	0	0	0.0000	0.0000	0.0000
ENSG00000273512.1	AC022748.3	unprocessed_pseudogene	0	0	0	0.0000	0.0000	0.0000
ENSG00000273513.1	TBC1D3K	protein_coding	0	0	0	0.0000	0.0000	0.0000
ENSG00000273514.1	FOXD4L6	protein_coding	1	1	0	0.0279	0.0069	0.0075
ENSG00000273515.1	AC013727.3	misc_RNA	0	0	0	0.0000	0.0000	0.0000
ENSG00000273516.1	U1	snRNA	0	0	0	0.0000	0.0000	0.0000
ENSG00000273520.5	SPDYE8	protein_coding	0	0	0	0.0000	0.0000	0.0000
ENSG00000273521.1	AL162274.1	lncRNA	7	3	4	0.3615	0.0897	0.0969
ENSG00000273523.1	AL139082.1	lncRNA	19	15	15	0.3139	0.0778	0.0842
ENSG00000273524.1	Metazoa_SRP	misc_RNA	2	0	2	0.4396	0.1090	0.1179
ENSG00000273536.1	AC121758.4	processed_pseudogene	0	0	0	0.0000	0.0000	0.0000
ENSG00000273537.1	AC009951.1	misc_RNA	0	0	0	0.0000	0.0000	0.0000
ENSG00000273540.4	AGBL1	protein_coding	1	0	1	0.0042	0.0010	0.0011
ENSG00000273541.1	AL137060.1	misc_RNA	0	0	0	0.0000	0.0000	0.0000
ENSG00000273542.2	H4C12	protein_coding	1	1	0	0.1465	0.0363	0.0393
ENSG00000273544.1	SNORA44	snoRNA	0	0	0	0.0000	0.0000	0.0000
ENSG00000273549.1	Metazoa_SRP	misc_RNA	1	1	0	0.2181	0.0541	0.0585
ENSG00000273550.2	AL354810.1	lncRNA	0	0	0	0.0000	0.0000	0.0000
ENSG00000273551.1	AC120498.8	lncRNA	1	1	0	0.1068	0.0265	0.0286
ENSG00000273552.2	AL136439.1	lncRNA	0	3	2	0.0000	0.0000	0.0000
ENSG00000273553.1	AC016597.2	lncRNA	1	0	1	0.1663	0.0412	0.0446
ENSG00000273555.1	MIR6812	miRNA	3	2	1	2.6583	0.6592	0.7128
ENSG00000273557.1	AC008781.2	lncRNA	1	1	0	0.1693	0.0420	0.0454
ENSG00000273558.1	AL512310.10	lncRNA	0	0	0	0.0000	0.0000	0.0000
ENSG00000273559.5	CWC25	protein_coding	1881	894	988	28.7137	7.1207	7.6991
ENSG00000273565.1	AL691403.2	lncRNA	1	1	0	0.1157	0.0287	0.0310
ENSG00000273566.1	Metazoa_SRP	misc_RNA	0	0	0	0.0000	0.0000	0.0000
ENSG00000273567.1	REXO1L3P	processed_pseudogene	0	0	0	0.0000	0.0000	0.0000
ENSG00000273568.1	AC131009.3	lncRNA	10	5	5	1.9760	0.4900	0.5298
ENSG00000273569.1	AC008432.1	processed_pseudogene	0	0	0	0.0000	0.0000	0.0000
ENSG00000273570.1	AC007351.1	misc_RNA	0	0	0	0.0000	0.0000	0.0000
ENSG00000273571.1	AC106873.2	misc_RNA	0	0	0	0.0000	0.0000	0.0000
ENSG00000273573.1	Metazoa_SRP	misc_RNA	0	0	0	0.0000	0.0000	0.0000
ENSG00000273576.1	AC009283.1	lncRNA	222	106	116	19.5188	4.8405	5.2336
ENSG00000273580.1	AC087072.1	unprocessed_pseudogene	0	0	0	0.0000	0.0000	0.0000
ENSG00000273582.1	AC009093.5	lncRNA	2	0	2	0.3159	0.0783	0.0847
ENSG00000273584.1	AC096708.3	lncRNA	0	0	0	0.0000	0.0000	0.0000
ENSG00000273586.2	OR10G1P	unprocessed_pseudogene	0	0	0	0.0000	0.0000	0.0000
ENSG00000273587.1	SNORA78	snoRNA	0	0	0	0.0000	0.0000	0.0000
ENSG00000273589.1	AC008175.2	unprocessed_pseudogene	0	0	0	0.0000	0.0000	0.0000
ENSG00000273590.4	SMIM11B	protein_coding	2	1	1	0.0262	0.0065	0.0070
ENSG00000273591.1	7SK	misc_RNA	0	0	0	0.0000	0.0000	0.0000
ENSG00000273593.1	MIR7160	miRNA	0	0	0	0.0000	0.0000	0.0000
ENSG00000273595.1	AC092106.1	processed_pseudogene	0	0	0	0.0000	0.0000	0.0000
ENSG00000273596.1	AC106873.3	misc_RNA	0	0	0	0.0000	0.0000	0.0000
ENSG00000273597.1	AL355377.1	processed_pseudogene	0	1	1	0.0000	0.0000	0.0000
ENSG00000273598.1	AC211486.3	transcribed_unprocessed_pseudogene	0	0	0	0.0000	0.0000	0.0000
ENSG00000273599.1	AL731571.1	lncRNA	77	375	384	0.8045	0.1995	0.2157
ENSG00000273600.1	AP001877.1	processed_pseudogene	0	0	0	0.0000	0.0000	0.0000
ENSG00000273604.2	EPOP	protein_coding	253	125	129	4.4079	1.0931	1.1819
ENSG00000273606.1	MIR6776	miRNA	0	0	0	0.0000	0.0000	0.0000
ENSG00000273609.1	AC005562.2	unprocessed_pseudogene	0	0	0	0.0000	0.0000	0.0000
ENSG00000273610.1	RN7SL386P	misc_RNA	0	0	0	0.0000	0.0000	0.0000
ENSG00000273611.5	ZNHIT3	protein_coding	2019	1331	1355	17.1224	4.2462	4.5911
ENSG00000273612.1	AL137060.2	misc_RNA	0	5	2	0.0000	0.0000	0.0000
ENSG00000273613.1	MIR6511A4	miRNA	0	0	0	0.0000	0.0000	0.0000
ENSG00000273614.1	CU633980.1	snoRNA	0	0	0	0.0000	0.0000	0.0000
ENSG00000273618.1	AL135999.2	lncRNA	1	6	4	0.0336	0.0083	0.0090
ENSG00000273619.1	AL121832.2	lncRNA	141	64	77	11.9702	2.9685	3.2096
ENSG00000273621.1	AC098588.1	misc_RNA	0	0	0	0.0000	0.0000	0.0000
ENSG00000273623.1	AC005045.1	misc_RNA	0	217	198	0.0000	0.0000	0.0000
ENSG00000273627.1	MIR4726	miRNA	0	0	0	0.0000	0.0000	0.0000
ENSG00000273628.1	AL354798.1	unprocessed_pseudogene	0	0	0	0.0000	0.0000	0.0000
ENSG00000273629.1	U7	snRNA	0	0	0	0.0000	0.0000	0.0000
ENSG00000273634.1	AC079395.2	processed_pseudogene	0	0	0	0.0000	0.0000	0.0000
ENSG00000273637.1	AL139260.2	lncRNA	0	0	0	0.0000	0.0000	0.0000
ENSG00000273639.6	AL512310.11	lncRNA	0	0	0	0.0000	0.0000	0.0000
ENSG00000273640.1	WBP1LP8	processed_pseudogene	0	0	0	0.0000	0.0000	0.0000
ENSG00000273643.1	PPP1R26P2	processed_pseudogene	0	0	0	0.0000	0.0000	0.0000
ENSG00000273644.1	AC215522.1	processed_pseudogene	0	0	0	0.0000	0.0000	0.0000
ENSG00000273648.1	MIR8065	miRNA	0	0	0	0.0000	0.0000	0.0000
ENSG00000273650.1	AC100793.4	lncRNA	4	2	2	0.5288	0.1311	0.1418
ENSG00000273654.1	AC020904.2	transcribed_processed_pseudogene	10	4	6	0.3267	0.0810	0.0876
ENSG00000273657.1	MIR6792	miRNA	0	0	0	0.0000	0.0000	0.0000
ENSG00000273658.1	AC023509.4	misc_RNA	0	0	0	0.0000	0.0000	0.0000
ENSG00000273659.1	AC108125.1	lncRNA	0	0	0	0.0000	0.0000	0.0000
ENSG00000273664.1	AC010776.3	lncRNA	0	0	0	0.0000	0.0000	0.0000
ENSG00000273668.1	AL136317.1	transcribed_processed_pseudogene	0	0	0	0.0000	0.0000	0.0000
ENSG00000273669.1	AC015819.1	lncRNA	25	14	11	2.1384	0.5303	0.5734
ENSG00000273674.5	AC021752.1	lncRNA	9	4	5	0.1251	0.0310	0.0335
ENSG00000273675.1	AL118556.2	processed_pseudogene	0	0	1	0.0000	0.0000	0.0000
ENSG00000273677.1	AL049692.1	misc_RNA	1	1	0	0.4139	0.1027	0.1110
ENSG00000273679.1	AC100757.1	processed_pseudogene	0	0	0	0.0000	0.0000	0.0000
ENSG00000273680.1	AC009318.2	lncRNA	116	91	93	10.1050	2.5059	2.7095
ENSG00000273682.1	AC109583.3	processed_pseudogene	9	5	4	3.9565	0.9812	1.0609
ENSG00000273687.1	AC004223.4	lncRNA	11	7	4	1.8789	0.4660	0.5038
ENSG00000273691.1	AC087284.1	lncRNA	3	2	1	0.1622	0.0402	0.0435
ENSG00000273692.1	LONRF2P5	processed_pseudogene	0	0	0	0.0000	0.0000	0.0000
ENSG00000273693.1	CDRT15P10	processed_pseudogene	0	0	0	0.0000	0.0000	0.0000
ENSG00000273694.1	U2	snRNA	0	0	0	0.0000	0.0000	0.0000
ENSG00000273696.4	CT45A7	protein_coding	0	0	0	0.0000	0.0000	0.0000
ENSG00000273698.1	MRPL57P1	processed_pseudogene	0	0	0	0.0000	0.0000	0.0000
ENSG00000273700.1	MIR6760	miRNA	0	0	0	0.0000	0.0000	0.0000
ENSG00000273701.1	AC109486.2	misc_RNA	0	0	0	0.0000	0.0000	0.0000
ENSG00000273702.1	AC091271.1	lncRNA	236	122	119	11.5177	2.8563	3.0883
ENSG00000273703.2	H2BC14	protein_coding	0	0	0	0.0000	0.0000	0.0000
ENSG00000273704.1	AL596245.1	unprocessed_pseudogene	0	0	0	0.0000	0.0000	0.0000
ENSG00000273706.5	LHX1	protein_coding	0	0	0	0.0000	0.0000	0.0000
ENSG00000273709.1	U2	snRNA	0	0	0	0.0000	0.0000	0.0000
ENSG00000273710.1	Metazoa_SRP	misc_RNA	0	0	0	0.0000	0.0000	0.0000
ENSG00000273711.2	AC005520.5	lncRNA	13	477	454	0.3450	0.0856	0.0925
ENSG00000273712.1	AL021997.1	processed_pseudogene	12	9	3	2.5111	0.6227	0.6733
ENSG00000273716.2	AC092670.1	processed_pseudogene	4	2	2	2.9082	0.7212	0.7798
ENSG00000273717.1	RN7SL343P	misc_RNA	0	0	0	0.0000	0.0000	0.0000
ENSG00000273719.1	AL359547.2	processed_pseudogene	0	0	0	0.0000	0.0000	0.0000
ENSG00000273720.1	AC091812.2	processed_pseudogene	1	0	1	0.1473	0.0365	0.0395
ENSG00000273721.1	AC087385.3	unprocessed_pseudogene	0	0	0	0.0000	0.0000	0.0000
ENSG00000273723.1	SUGT1-DT	lncRNA	34	14	20	1.9776	0.4904	0.5303
ENSG00000273724.1	AC106782.4	unprocessed_pseudogene	23	9	14	3.8704	0.9598	1.0378
ENSG00000273725.1	Metazoa_SRP	misc_RNA	0	0	0	0.0000	0.0000	0.0000
ENSG00000273727.1	U1	snRNA	0	0	0	0.0000	0.0000	0.0000
ENSG00000273729.1	AC007686.3	lncRNA	60	172	183	0.9758	0.2420	0.2616
ENSG00000273731.1	AC007967.4	processed_pseudogene	0	0	0	0.0000	0.0000	0.0000
ENSG00000273732.1	VN1R74P	unprocessed_pseudogene	0	0	0	0.0000	0.0000	0.0000
ENSG00000273733.1	AC011472.4	lncRNA	24	13	11	2.7720	0.6874	0.7433
ENSG00000273734.1	AC005258.1	protein_coding	0	0	0	0.0000	0.0000	0.0000
ENSG00000273736.1	AC244100.1	transcribed_unprocessed_pseudogene	0	0	0	0.0000	0.0000	0.0000
ENSG00000273742.1	MIR6075	miRNA	0	0	0	0.0000	0.0000	0.0000
ENSG00000273744.1	U4	snRNA	0	0	0	0.0000	0.0000	0.0000
ENSG00000273745.1	MIR6870	miRNA	0	0	0	0.0000	0.0000	0.0000
ENSG00000273746.1	AC234791.1	unprocessed_pseudogene	0	0	0	0.0000	0.0000	0.0000
ENSG00000273747.1	AC022558.3	lncRNA	6	250	230	0.4946	0.1226	0.1326
ENSG00000273749.5	CYFIP1	protein_coding	11841	6589	6714	64.4808	15.9906	17.2894
ENSG00000273750.1	AC091179.3	misc_RNA	0	0	0	0.0000	0.0000	0.0000
ENSG00000273756.4	AC100756.2	transcribed_unprocessed_pseudogene	0	0	0	0.0000	0.0000	0.0000
ENSG00000273758.1	MIR6790	miRNA	0	0	0	0.0000	0.0000	0.0000
ENSG00000273759.1	AL117379.1	lncRNA	16	9	7	1.3403	0.3324	0.3594
ENSG00000273760.1	AC245041.1	lncRNA	3	3	0	0.2060	0.0511	0.0552
ENSG00000273762.1	VN1R76P	unprocessed_pseudogene	0	0	0	0.0000	0.0000	0.0000
ENSG00000273763.2	AC007318.1	transcribed_processed_pseudogene	13	31	25	0.3471	0.0861	0.0931
ENSG00000273765.1	AC024257.4	lncRNA	8	2	6	0.9906	0.2457	0.2656
ENSG00000273767.1	AL731566.1	misc_RNA	0	0	2	0.0000	0.0000	0.0000
ENSG00000273768.1	RNVU1-29	snRNA	0	0	0	0.0000	0.0000	0.0000
ENSG00000273769.5	LCA10	lncRNA	0	0	0	0.0000	0.0000	0.0000
ENSG00000273771.1	AC024337.2	lncRNA	4	0	4	0.0811	0.0201	0.0217
ENSG00000273773.1	AC244107.2	unprocessed_pseudogene	0	0	0	0.0000	0.0000	0.0000
ENSG00000273776.1	MIR6126	miRNA	0	93	104	0.0000	0.0000	0.0000
ENSG00000273777.5	CEACAM20	protein_coding	0	0	0	0.0000	0.0000	0.0000
ENSG00000273778.1	MIR6765	miRNA	0	0	0	0.0000	0.0000	0.0000
ENSG00000273782.1	AC004510.1	misc_RNA	0	0	0	0.0000	0.0000	0.0000
ENSG00000273783.1	AL136040.1	lncRNA	64	44	35	3.2119	0.7965	0.8612
ENSG00000273784.4	AL137058.2	lncRNA	1	0	1	0.0576	0.0143	0.0154
ENSG00000273786.1	AC020658.4	lncRNA	3	2	2	0.2487	0.0617	0.0667
ENSG00000273788.1	U3	snoRNA	0	0	0	0.0000	0.0000	0.0000
ENSG00000273791.1	AC007204.1	unprocessed_pseudogene	1	0	1	0.1022	0.0253	0.0274
ENSG00000273792.1	AC022898.2	lncRNA	9	4	5	0.3890	0.0965	0.1043
ENSG00000273796.1	BX322562.1	lncRNA	23	15	8	2.3250	0.5766	0.6234
ENSG00000273797.1	AL133445.2	lncRNA	3	1	2	0.3228	0.0801	0.0866
ENSG00000273800.1	AC119619.1	unprocessed_pseudogene	0	0	0	0.0000	0.0000	0.0000
ENSG00000273802.2	H2BC8	protein_coding	143	67	76	5.2865	1.3110	1.4175
ENSG00000273804.1	AC138932.3	unprocessed_pseudogene	0	0	0	0.0000	0.0000	0.0000
ENSG00000273805.1	AC083805.3	lncRNA	0	2	1	0.0000	0.0000	0.0000
ENSG00000273806.1	AL137847.3	processed_pseudogene	0	0	0	0.0000	0.0000	0.0000
ENSG00000273812.3	BX640514.2	lncRNA	321	172	149	7.4545	1.8486	1.9988
ENSG00000273813.1	AC123788.2	processed_pseudogene	0	0	0	0.0000	0.0000	0.0000
ENSG00000273816.1	AC005695.3	lncRNA	1	1	0	0.2444	0.0606	0.0655
ENSG00000273818.1	RN7SL673P	misc_RNA	0	0	0	0.0000	0.0000	0.0000
ENSG00000273819.1	ENPP7P7	unprocessed_pseudogene	3	2	1	0.1544	0.0383	0.0414
ENSG00000273820.2	USP27X	protein_coding	503	228	276	9.2765	2.3005	2.4873
ENSG00000273821.1	AL096828.3	lncRNA	28	13	15	3.4370	0.8523	0.9216
ENSG00000273824.1	AC008033.3	lncRNA	2	2	0	0.0806	0.0200	0.0216
ENSG00000273825.1	FP700111.2	unprocessed_pseudogene	0	0	0	0.0000	0.0000	0.0000
ENSG00000273828.2	AL133227.1	lncRNA	67	662	621	0.6809	0.1689	0.1826
ENSG00000273829.1	Metazoa_SRP	misc_RNA	1	0	1	0.1969	0.0488	0.0528
ENSG00000273830.1	MIR7843	miRNA	0	0	0	0.0000	0.0000	0.0000
ENSG00000273835.1	SNORD115-13	snoRNA	0	0	0	0.0000	0.0000	0.0000
ENSG00000273836.1	MIR6842	miRNA	0	0	0	0.0000	0.0000	0.0000
ENSG00000273837.1	AC018755.4	lncRNA	15	6	9	1.8737	0.4647	0.5024
ENSG00000273838.2	AL096677.1	lncRNA	6	12	7	0.2547	0.0632	0.0683
ENSG00000273840.1	AF254983.1	lncRNA	0	0	0	0.0000	0.0000	0.0000
ENSG00000273841.5	TAF9	protein_coding	3445	1707	1741	79.5788	19.7347	21.3377
ENSG00000273844.1	AL139418.1	unprocessed_pseudogene	0	0	0	0.0000	0.0000	0.0000
ENSG00000273846.1	Metazoa_SRP	misc_RNA	0	0	0	0.0000	0.0000	0.0000
ENSG00000273849.1	SDR42E1P4	processed_pseudogene	0	0	0	0.0000	0.0000	0.0000
ENSG00000273851.1	AC027088.4	transcribed_processed_pseudogene	0	0	0	0.0000	0.0000	0.0000
ENSG00000273853.1	AC023158.2	lncRNA	8	4	4	0.8355	0.2072	0.2240
ENSG00000273855.1	AC020658.5	lncRNA	3	1	2	0.3849	0.0955	0.1032
ENSG00000273858.1	AC140113.4	processed_pseudogene	0	0	0	0.0000	0.0000	0.0000
ENSG00000273860.1	AC024581.2	processed_pseudogene	0	0	0	0.0000	0.0000	0.0000
ENSG00000273863.1	AC010678.1	processed_pseudogene	0	0	0	0.0000	0.0000	0.0000
ENSG00000273866.1	Metazoa_SRP	misc_RNA	2	1	1	0.4465	0.1107	0.1197
ENSG00000273870.1	AL138721.1	processed_pseudogene	1	1	0	0.3168	0.0786	0.0849
ENSG00000273872.1	SLC25A15P4	unprocessed_pseudogene	0	0	0	0.0000	0.0000	0.0000
ENSG00000273874.1	MIR6859-2	miRNA	0	0	0	0.0000	0.0000	0.0000
ENSG00000273876.1	AC019176.2	unprocessed_pseudogene	0	0	0	0.0000	0.0000	0.0000
ENSG00000273877.4	AC236972.3	lncRNA	0	0	0	0.0000	0.0000	0.0000
ENSG00000273882.1	MIR8066	miRNA	0	0	0	0.0000	0.0000	0.0000
ENSG00000273885.1	AP003499.2	snoRNA	0	0	0	0.0000	0.0000	0.0000
ENSG00000273886.1	Metazoa_SRP	misc_RNA	0	0	0	0.0000	0.0000	0.0000
ENSG00000273888.1	FRMD6-AS1	lncRNA	64	28	36	1.6283	0.4038	0.4366
ENSG00000273890.1	AC034102.8	lncRNA	2	2	0	0.2343	0.0581	0.0628
ENSG00000273891.1	AL731566.2	lncRNA	37	196	173	1.0833	0.2686	0.2905
ENSG00000273893.1	AL133520.1	lncRNA	118	60	58	9.5597	2.3707	2.5633
ENSG00000273894.1	SLC20A1P2	processed_pseudogene	0	0	0	0.0000	0.0000	0.0000
ENSG00000273897.1	PMS2P8	unprocessed_pseudogene	0	0	0	0.0000	0.0000	0.0000
ENSG00000273898.1	MIR6798	miRNA	0	0	0	0.0000	0.0000	0.0000
ENSG00000273899.5	NOL12	protein_coding	92	49	43	1.4545	0.3607	0.3900
ENSG00000273900.1	CR848007.2	processed_pseudogene	0	0	0	0.0000	0.0000	0.0000
ENSG00000273901.1	AC012313.9	lncRNA	22	27	31	1.9710	0.4888	0.5285
ENSG00000273904.1	AC022023.1	ribozyme	0	0	0	0.0000	0.0000	0.0000
ENSG00000273906.1	AC011297.1	lncRNA	0	0	0	0.0000	0.0000	0.0000
ENSG00000273907.1	CA15P2	unprocessed_pseudogene	0	0	0	0.0000	0.0000	0.0000
ENSG00000273908.1	AL049692.2	misc_RNA	0	0	0	0.0000	0.0000	0.0000
ENSG00000273912.1	MIR8068	miRNA	0	0	0	0.0000	0.0000	0.0000
ENSG00000273913.1	Metazoa_SRP	misc_RNA	0	0	0	0.0000	0.0000	0.0000
ENSG00000273919.1	AL450423.1	lncRNA	0	0	0	0.0000	0.0000	0.0000
ENSG00000273920.1	AC103858.2	lncRNA	1	1	0	0.1044	0.0259	0.0280
ENSG00000273923.1	AC104260.1	lncRNA	0	0	0	0.0000	0.0000	0.0000
ENSG00000273925.1	AC084757.4	lncRNA	1	1	0	0.1078	0.0267	0.0289
ENSG00000273927.1	Y_RNA	misc_RNA	0	0	0	0.0000	0.0000	0.0000
ENSG00000273932.1	MIR6877	miRNA	1	1	0	0.8861	0.2197	0.2376
ENSG00000273933.1	AL513485.1	unprocessed_pseudogene	0	0	0	0.0000	0.0000	0.0000
ENSG00000273940.1	RN7SL722P	misc_RNA	0	0	0	0.0000	0.0000	0.0000
ENSG00000273942.1	AC007351.2	misc_RNA	0	0	0	0.0000	0.0000	0.0000
ENSG00000273945.1	MIR6853	miRNA	0	0	0	0.0000	0.0000	0.0000
ENSG00000273946.1	RN7SL733P	misc_RNA	2	1	1	0.3447	0.0855	0.0924
ENSG00000273948.1	AC020558.3	misc_RNA	0	2	0	0.0000	0.0000	0.0000
ENSG00000273950.1	Metazoa_SRP	misc_RNA	3	3	0	0.6594	0.1635	0.1768
ENSG00000273951.1	AL031667.3	lncRNA	17	7	10	1.4719	0.3650	0.3947
ENSG00000273956.1	AC005632.5	lncRNA	0	0	0	0.0000	0.0000	0.0000
ENSG00000273957.1	AC113385.2	unprocessed_pseudogene	0	0	0	0.0000	0.0000	0.0000
ENSG00000273958.1	AC009560.1	lncRNA	2	5	10	0.2613	0.0648	0.0701
ENSG00000273961.1	AC004080.7	misc_RNA	0	0	0	0.0000	0.0000	0.0000
ENSG00000273962.1	IGKV2-40	IG_V_gene	0	0	0	0.0000	0.0000	0.0000
ENSG00000273963.1	ENPP7P14	unprocessed_pseudogene	1	1	0	0.0545	0.0135	0.0146
ENSG00000273964.1	Y_RNA	misc_RNA	0	0	0	0.0000	0.0000	0.0000
ENSG00000273965.1	AC243654.1	lncRNA	0	0	2	0.0000	0.0000	0.0000
ENSG00000273966.1	AC015978.1	misc_RNA	0	0	0	0.0000	0.0000	0.0000
ENSG00000273971.1	AC009163.6	lncRNA	1	1	0	0.1658	0.0411	0.0445
ENSG00000273972.1	AC068722.2	lncRNA	8	4	4	0.8340	0.2068	0.2236
ENSG00000273973.1	AC025162.2	lncRNA	5	2	3	0.5063	0.1256	0.1358
ENSG00000273974.1	AC004386.2	misc_RNA	0	4	3	0.0000	0.0000	0.0000
ENSG00000273975.1	Metazoa_SRP	misc_RNA	2	2	0	0.3259	0.0808	0.0874
ENSG00000273976.2	GOLGA6L1	protein_coding	0	0	0	0.0000	0.0000	0.0000
ENSG00000273978.1	AC005066.1	unprocessed_pseudogene	0	0	0	0.0000	0.0000	0.0000
ENSG00000273979.1	Metazoa_SRP	misc_RNA	3	2	1	0.6278	0.1557	0.1683
ENSG00000273980.1	AL592071.1	lncRNA	5	2	3	0.6950	0.1723	0.1863
ENSG00000273981.1	RN7SL106P	misc_RNA	0	0	0	0.0000	0.0000	0.0000
ENSG00000273982.1	AC005746.3	lncRNA	9	5	4	1.2987	0.3221	0.3482
ENSG00000273983.1	H3C8	protein_coding	28	14	14	0.6586	0.1633	0.1766
ENSG00000273986.1	Metazoa_SRP	misc_RNA	1	0	1	0.1929	0.0478	0.0517
ENSG00000273987.1	AC121761.2	lncRNA	27	12	16	2.2223	0.5511	0.5959
ENSG00000273988.1	AL450472.3	unprocessed_pseudogene	0	0	0	0.0000	0.0000	0.0000
ENSG00000273989.1	AC022079.1	lncRNA	5	1	4	0.4710	0.1168	0.1263
ENSG00000273994.1	SDR42E1P1	processed_pseudogene	0	0	0	0.0000	0.0000	0.0000
ENSG00000273997.1	AL355365.1	processed_pseudogene	0	0	0	0.0000	0.0000	0.0000
ENSG00000273998.1	AL049794.1	lncRNA	6	3	3	0.4396	0.1090	0.1179
ENSG00000273999.1	RBM17P2	processed_pseudogene	0	0	0	0.0000	0.0000	0.0000
ENSG00000274001.1	AL512506.1	lncRNA	5	1	4	0.6315	0.1566	0.1693
ENSG00000274002.1	AL135999.3	lncRNA	2	1	1	0.1397	0.0346	0.0375
ENSG00000274004.1	AP000446.2	misc_RNA	0	0	0	0.0000	0.0000	0.0000
ENSG00000274006.1	AP001825.2	misc_RNA	0	0	0	0.0000	0.0000	0.0000
ENSG00000274008.1	Metazoa_SRP	misc_RNA	4	2	2	0.7587	0.1881	0.2034
ENSG00000274010.1	ZFP91P1	processed_pseudogene	2	1	1	0.0979	0.0243	0.0263
ENSG00000274011.1	Metazoa_SRP	misc_RNA	2	0	2	0.4519	0.1121	0.1212
ENSG00000274012.1	RN7SL2	misc_RNA	0	0	0	0.0000	0.0000	0.0000
ENSG00000274015.2	AL136038.4	lncRNA	5	6	12	0.1946	0.0483	0.0522
ENSG00000274017.1	Metazoa_SRP	misc_RNA	0	0	0	0.0000	0.0000	0.0000
ENSG00000274019.1	AC239804.2	unprocessed_pseudogene	0	0	0	0.0000	0.0000	0.0000
ENSG00000274020.4	LINC01138	lncRNA	90	69	70	0.6580	0.1632	0.1764
ENSG00000274021.1	AC024909.1	lncRNA	26	971	927	0.6533	0.1620	0.1752
ENSG00000274022.1	AL121873.1	processed_pseudogene	0	0	0	0.0000	0.0000	0.0000
ENSG00000274023.1	AL360169.2	lncRNA	0	0	0	0.0000	0.0000	0.0000
ENSG00000274024.1	AL590282.1	processed_pseudogene	8	4	4	0.3994	0.0990	0.1071
ENSG00000274025.1	MIR3670-4	miRNA	0	0	0	0.0000	0.0000	0.0000
ENSG00000274026.2	FAM27E3	lncRNA	2	2	0	0.0712	0.0177	0.0191
ENSG00000274028.1	AC009237.16	unprocessed_pseudogene	0	0	0	0.0000	0.0000	0.0000
ENSG00000274029.1	AC069209.1	lncRNA	1	6	9	0.0871	0.0216	0.0234
ENSG00000274031.1	AC092140.2	lncRNA	4	35	37	0.4354	0.1080	0.1167
ENSG00000274033.1	AC006539.3	unprocessed_pseudogene	2	1	1	0.8792	0.2180	0.2357
ENSG00000274034.1	MIR6813	miRNA	0	0	0	0.0000	0.0000	0.0000
ENSG00000274038.1	AC007014.2	lncRNA	4	2	2	0.4736	0.1174	0.1270
ENSG00000274044.5	FAM230J	lncRNA	0	0	0	0.0000	0.0000	0.0000
ENSG00000274046.1	Y_RNA	misc_RNA	0	0	0	0.0000	0.0000	0.0000
ENSG00000274049.4	INO80B-WBP1	protein_coding	0	0	0	0.0000	0.0000	0.0000
ENSG00000274051.1	AC005837.3	misc_RNA	5	2	3	1.5666	0.3885	0.4201
ENSG00000274052.2	OR7E156P	transcribed_unprocessed_pseudogene	0	0	0	0.0000	0.0000	0.0000
ENSG00000274054.1	MIR4727	miRNA	0	0	0	0.0000	0.0000	0.0000
ENSG00000274055.1	AL354709.1	misc_RNA	0	0	0	0.0000	0.0000	0.0000
ENSG00000274056.1	MIR6507	miRNA	0	0	0	0.0000	0.0000	0.0000
ENSG00000274059.1	RNA5SP534	rRNA	0	0	0	0.0000	0.0000	0.0000
ENSG00000274060.1	MIR6724-2	miRNA	0	0	0	0.0000	0.0000	0.0000
ENSG00000274062.1	U2	snRNA	0	0	0	0.0000	0.0000	0.0000
ENSG00000274064.1	AC040978.1	processed_pseudogene	0	0	0	0.0000	0.0000	0.0000
ENSG00000274066.1	MIR6514	miRNA	0	0	0	0.0000	0.0000	0.0000
ENSG00000274067.1	FP885919.1	unprocessed_pseudogene	0	0	0	0.0000	0.0000	0.0000
ENSG00000274070.2	CASTOR2	protein_coding	827	482	442	5.7152	1.4173	1.5324
ENSG00000274072.1	AP000769.3	sRNA	0	0	0	0.0000	0.0000	0.0000
ENSG00000274075.1	AC009511.3	misc_RNA	0	0	0	0.0000	0.0000	0.0000
ENSG00000274076.1	RN7SL539P	misc_RNA	0	0	0	0.0000	0.0000	0.0000
ENSG00000274079.1	Metazoa_SRP	misc_RNA	0	0	0	0.0000	0.0000	0.0000
ENSG00000274080.1	AC005089.1	lncRNA	0	0	0	0.0000	0.0000	0.0000
ENSG00000274086.1	L29074.2	misc_RNA	0	0	0	0.0000	0.0000	0.0000
ENSG00000274090.1	AL354821.1	lncRNA	0	0	0	0.0000	0.0000	0.0000
ENSG00000274091.1	SNORD1C	snoRNA	0	0	0	0.0000	0.0000	0.0000
ENSG00000274092.1	AC106739.1	lncRNA	0	25	31	0.0000	0.0000	0.0000
ENSG00000274093.1	AC009032.1	lncRNA	2	0	2	0.2632	0.0653	0.0706
ENSG00000274097.1	RNA5SP535	rRNA	0	0	0	0.0000	0.0000	0.0000
ENSG00000274098.1	RN7SL787P	misc_RNA	0	0	0	0.0000	0.0000	0.0000
ENSG00000274099.1	ABCB10P1	processed_pseudogene	2	2	0	0.0520	0.0129	0.0139
ENSG00000274102.2	OR4M2	protein_coding	0	0	0	0.0000	0.0000	0.0000
ENSG00000274104.1	AC020910.5	lncRNA	50	29	21	5.2509	1.3022	1.4079
ENSG00000274105.1	AC084824.3	lncRNA	24	15	9	1.5900	0.3943	0.4263
ENSG00000274111.1	MIR6777	miRNA	0	0	0	0.0000	0.0000	0.0000
ENSG00000274114.2	ALOX15P1	transcribed_unprocessed_pseudogene	1	0	1	0.0137	0.0034	0.0037
ENSG00000274115.1	MIR6081	miRNA	0	0	0	0.0000	0.0000	0.0000
ENSG00000274116.1	AC090132.2	processed_pseudogene	0	0	0	0.0000	0.0000	0.0000
ENSG00000274118.1	Y_RNA	misc_RNA	0	0	0	0.0000	0.0000	0.0000
ENSG00000274121.1	AL136171.1	misc_RNA	0	0	0	0.0000	0.0000	0.0000
ENSG00000274124.1	AC074029.3	lncRNA	5	3	2	0.9088	0.2254	0.2437
ENSG00000274127.1	AC073418.1	misc_RNA	0	0	0	0.0000	0.0000	0.0000
ENSG00000274128.1	AC027807.2	lncRNA	24	15	9	3.3359	0.8273	0.8945
ENSG00000274133.1	AC083849.1	processed_pseudogene	0	0	0	0.0000	0.0000	0.0000
ENSG00000274134.1	MIR6774	miRNA	0	0	0	0.0000	0.0000	0.0000
ENSG00000274135.1	Metazoa_SRP	misc_RNA	0	0	0	0.0000	0.0000	0.0000
ENSG00000274139.1	AC090164.2	lncRNA	3	1	2	0.3297	0.0818	0.0884
ENSG00000274149.1	AC072046.2	processed_pseudogene	0	0	0	0.0000	0.0000	0.0000
ENSG00000274150.1	FADS2B	unprocessed_pseudogene	0	0	0	0.0000	0.0000	0.0000
ENSG00000274154.1	AC114781.5	processed_pseudogene	0	0	0	0.0000	0.0000	0.0000
ENSG00000274156.1	AC008121.2	lncRNA	7	3	4	0.7590	0.1882	0.2035
ENSG00000274157.1	AL591471.1	processed_pseudogene	0	0	0	0.0000	0.0000	0.0000
ENSG00000274159.1	AL133243.1	lncRNA	1	1	0	0.1549	0.0384	0.0415
ENSG00000274162.1	SNX18P1Y	processed_pseudogene	0	0	0	0.0000	0.0000	0.0000
ENSG00000274164.1	RNA5SP439	rRNA_pseudogene	0	1	2	0.0000	0.0000	0.0000
ENSG00000274167.4	AL031601.2	transcribed_unprocessed_pseudogene	0	0	0	0.0000	0.0000	0.0000
ENSG00000274168.1	RN7SL585P	misc_RNA	0	0	0	0.0000	0.0000	0.0000
ENSG00000274170.1	AL021937.5	misc_RNA	0	2	0	0.0000	0.0000	0.0000
ENSG00000274172.1	MIR8071-1	miRNA	0	2	1	0.0000	0.0000	0.0000
ENSG00000274173.1	AL035661.1	lncRNA	3272	1641	1631	162.1985	40.2236	43.4908
ENSG00000274177.1	AC004528.2	lncRNA	0	446	392	0.0000	0.0000	0.0000
ENSG00000274178.2	PRAMEF28P	unprocessed_pseudogene	0	0	0	0.0000	0.0000	0.0000
ENSG00000274180.1	NATD1	protein_coding	1031	524	508	11.8572	2.9405	3.1793
ENSG00000274181.1	RBPJP2	processed_pseudogene	0	0	0	0.0000	0.0000	0.0000
ENSG00000274183.2	H2AB1	protein_coding	0	0	0	0.0000	0.0000	0.0000
ENSG00000274184.1	AC011815.2	lncRNA	7	6	2	0.1964	0.0487	0.0527
ENSG00000274186.1	RN7SL248P	misc_RNA	0	0	0	0.0000	0.0000	0.0000
ENSG00000274191.1	AC026333.4	lncRNA	5	2	3	0.5212	0.1293	0.1398
ENSG00000274196.5	FAM197Y4	transcribed_unprocessed_pseudogene	0	0	0	0.0000	0.0000	0.0000
ENSG00000274197.1	U4	snRNA	0	0	0	0.0000	0.0000	0.0000
ENSG00000274198.1	AC025521.1	lncRNA	0	0	0	0.0000	0.0000	0.0000
ENSG00000274199.1	AL109925.1	misc_RNA	0	0	0	0.0000	0.0000	0.0000
ENSG00000274204.1	AL138689.1	lncRNA	3	1	2	0.2547	0.0632	0.0683
ENSG00000274206.1	Metazoa_SRP	misc_RNA	0	0	0	0.0000	0.0000	0.0000
ENSG00000274209.4	ANTXRL	protein_coding	1	2	0	0.0183	0.0045	0.0049
ENSG00000274210.1	RNVU1-27	snRNA	3	1	2	1.0311	0.2557	0.2765
ENSG00000274211.6	SOCS7	protein_coding	2280	1177	1103	14.3585	3.5608	3.8500
ENSG00000274212.1	AL365265.1	processed_pseudogene	0	0	0	0.0000	0.0000	0.0000
ENSG00000274213.1	AC015912.3	lncRNA	26	15	12	4.2370	1.0507	1.1361
ENSG00000274214.1	AP005212.2	processed_pseudogene	6	5	1	0.6444	0.1598	0.1728
ENSG00000274215.1	AC106028.4	lncRNA	1	3	5	0.0934	0.0232	0.0251
ENSG00000274216.1	Metazoa_SRP	misc_RNA	0	0	0	0.0000	0.0000	0.0000
ENSG00000274219.1	AC025588.4	unprocessed_pseudogene	0	0	0	0.0000	0.0000	0.0000
ENSG00000274220.1	AC009163.7	lncRNA	24	6	18	0.5323	0.1320	0.1427
ENSG00000274225.1	AP001065.3	lncRNA	47	24	23	4.1388	1.0264	1.1097
ENSG00000274226.5	TBC1D3H	protein_coding	0	0	0	0.0000	0.0000	0.0000
ENSG00000274227.1	AC073575.2	lncRNA	5	29	23	0.4522	0.1121	0.1213
ENSG00000274228.1	RNA5SP414	rRNA_pseudogene	0	0	0	0.0000	0.0000	0.0000
ENSG00000274230.1	AC007351.3	misc_RNA	0	0	0	0.0000	0.0000	0.0000
ENSG00000274231.1	AC134878.1	processed_pseudogene	0	0	0	0.0000	0.0000	0.0000
ENSG00000274234.1	RN7SL818P	misc_RNA	0	0	0	0.0000	0.0000	0.0000
ENSG00000274235.1	AC022106.1	unprocessed_pseudogene	0	0	0	0.0000	0.0000	0.0000
ENSG00000274238.1	AC097478.1	lncRNA	7	3	4	0.7723	0.1915	0.2071
ENSG00000274242.1	AL354976.1	unprocessed_pseudogene	0	0	0	0.0000	0.0000	0.0000
ENSG00000274244.1	AC243585.1	lncRNA	1	0	1	0.0934	0.0232	0.0251
ENSG00000274248.1	AJ011932.1	lncRNA	1	0	1	0.1220	0.0302	0.0327
ENSG00000274251.1	AP003419.2	lncRNA	9	5	4	0.9685	0.2402	0.2597
ENSG00000274252.1	GGTLC3	protein_coding	0	0	0	0.0000	0.0000	0.0000
ENSG00000274253.5	AC138649.1	lncRNA	6	2	4	0.0639	0.0158	0.0171
ENSG00000274256.1	AL391903.2	processed_pseudogene	0	0	0	0.0000	0.0000	0.0000
ENSG00000274258.1	MIR6728	miRNA	0	0	0	0.0000	0.0000	0.0000
ENSG00000274259.2	SYNGAP1-AS1	lncRNA	4	132	117	0.2912	0.0722	0.0781
ENSG00000274261.2	AL137078.2	lncRNA	1	0	1	0.0440	0.0109	0.0118
ENSG00000274263.1	MIR7702	miRNA	0	0	0	0.0000	0.0000	0.0000
ENSG00000274265.5	AC245297.3	lncRNA	109	55	57	1.4405	0.3572	0.3863
ENSG00000274266.1	SNORA73A	snoRNA	0	0	0	0.0000	0.0000	0.0000
ENSG00000274269.1	AL031665.1	lncRNA	0	0	0	0.0000	0.0000	0.0000
ENSG00000274270.1	AL137060.3	lncRNA	21	10	11	0.4497	0.1115	0.1206
ENSG00000274272.1	AC069281.2	lncRNA	8	1	7	0.1031	0.0256	0.0276
ENSG00000274274.1	GAGE13	protein_coding	0	0	0	0.0000	0.0000	0.0000
ENSG00000274275.1	AC009831.3	lncRNA	0	0	0	0.0000	0.0000	0.0000
ENSG00000274276.4	CBSL	protein_coding	0	0	0	0.0000	0.0000	0.0000
ENSG00000274279.1	SPATA31E3P	unprocessed_pseudogene	0	0	0	0.0000	0.0000	0.0000
ENSG00000274280.1	MIR6069	miRNA	0	0	0	0.0000	0.0000	0.0000
ENSG00000274281.1	AC022929.2	lncRNA	11	7	4	0.2933	0.0727	0.0786
ENSG00000274282.1	AC010133.1	processed_pseudogene	0	0	0	0.0000	0.0000	0.0000
ENSG00000274284.1	Y_RNA	misc_RNA	0	0	0	0.0000	0.0000	0.0000
ENSG00000274286.2	ADRA2B	protein_coding	4	1	3	0.0614	0.0152	0.0165
ENSG00000274290.3	H2BC6	protein_coding	20	54	52	0.4388	0.1088	0.1176
ENSG00000274292.1	AC084018.2	lncRNA	4	131	128	0.0870	0.0216	0.0233
ENSG00000274293.1	AC079460.1	misc_RNA	0	0	0	0.0000	0.0000	0.0000
ENSG00000274294.1	AC015660.3	lncRNA	0	0	0	0.0000	0.0000	0.0000
ENSG00000274295.1	AC131902.2	processed_pseudogene	0	0	0	0.0000	0.0000	0.0000
ENSG00000274297.1	AC009269.5	lncRNA	8	5	3	0.7716	0.1913	0.2069
ENSG00000274299.1	AC099654.3	unprocessed_pseudogene	0	0	0	0.0000	0.0000	0.0000
ENSG00000274300.1	MIR6864	miRNA	0	0	0	0.0000	0.0000	0.0000
ENSG00000274303.1	7SK	misc_RNA	0	0	0	0.0000	0.0000	0.0000
ENSG00000274306.1	MIR5088	miRNA	0	0	0	0.0000	0.0000	0.0000
ENSG00000274308.1	AC244093.1	processed_pseudogene	1	1	0	0.0697	0.0173	0.0187
ENSG00000274309.1	SNORA71E	snoRNA	0	0	0	0.0000	0.0000	0.0000
ENSG00000274310.1	AC091076.1	unprocessed_pseudogene	0	0	0	0.0000	0.0000	0.0000
ENSG00000274312.1	AC015722.2	lncRNA	0	0	0	0.0000	0.0000	0.0000
ENSG00000274314.1	MIR6749	miRNA	0	0	0	0.0000	0.0000	0.0000
ENSG00000274315.1	AC009318.3	lncRNA	79	41	38	8.9067	2.2088	2.3882
ENSG00000274316.1	ZNF646P1	unprocessed_pseudogene	0	0	0	0.0000	0.0000	0.0000
ENSG00000274317.2	LINC02334	lncRNA	4	2	2	0.0351	0.0087	0.0094
ENSG00000274319.1	RPSAP73	processed_pseudogene	0	0	0	0.0000	0.0000	0.0000
ENSG00000274321.1	AC093578.2	misc_RNA	0	0	0	0.0000	0.0000	0.0000
ENSG00000274322.1	AL136531.2	protein_coding	1	1	0	0.0412	0.0102	0.0111
ENSG00000274326.1	AL359314.1	misc_RNA	0	0	0	0.0000	0.0000	0.0000
ENSG00000274328.1	AC007551.2	processed_pseudogene	1	1	0	0.1458	0.0362	0.0391
ENSG00000274330.1	AL160191.3	unprocessed_pseudogene	0	0	0	0.0000	0.0000	0.0000
ENSG00000274331.1	AL355974.1	lncRNA	5	0	5	0.1660	0.0412	0.0445
ENSG00000274333.4	CU633967.1	lncRNA	1	1	0	0.0065	0.0016	0.0017
ENSG00000274340.1	AC032011.1	lncRNA	15	6	9	0.5492	0.1362	0.1472
ENSG00000274341.1	AC005899.6	lncRNA	31	15	16	5.9192	1.4679	1.5871
ENSG00000274342.1	AL033538.1	misc_RNA	0	0	0	0.0000	0.0000	0.0000
ENSG00000274343.1	AC232323.1	processed_pseudogene	0	0	0	0.0000	0.0000	0.0000
ENSG00000274344.1	AC002542.2	misc_RNA	0	0	0	0.0000	0.0000	0.0000
ENSG00000274346.1	AC016999.2	unprocessed_pseudogene	1	0	1	0.1020	0.0253	0.0273
ENSG00000274347.1	AC127381.2	unprocessed_pseudogene	0	0	0	0.0000	0.0000	0.0000
ENSG00000274349.4	ZNF658	protein_coding	176	86	90	2.0609	0.5111	0.5526
ENSG00000274350.1	RN7SL853P	misc_RNA	0	0	0	0.0000	0.0000	0.0000
ENSG00000274351.1	AL137000.1	unprocessed_pseudogene	0	0	0	0.0000	0.0000	0.0000
ENSG00000274353.1	AC103564.3	unprocessed_pseudogene	0	0	0	0.0000	0.0000	0.0000
ENSG00000274354.1	AC105105.3	lncRNA	1	0	1	0.0795	0.0197	0.0213
ENSG00000274355.1	FAM74A3	transcribed_processed_pseudogene	0	0	0	0.0000	0.0000	0.0000
ENSG00000274356.1	AL355987.5	unprocessed_pseudogene	12	5	7	1.6558	0.4106	0.4440
ENSG00000274357.1	Metazoa_SRP	misc_RNA	0	0	0	0.0000	0.0000	0.0000
ENSG00000274363.1	AC087742.1	lncRNA	7	2	5	0.5364	0.1330	0.1438
ENSG00000274364.1	AL110115.1	lncRNA	3	2	1	0.4674	0.1159	0.1253
ENSG00000274365.1	AC013412.1	processed_pseudogene	0	0	0	0.0000	0.0000	0.0000
ENSG00000274367.1	AC004233.3	lncRNA	1	1	0	0.1360	0.0337	0.0365
ENSG00000274369.1	GRAMD4P4	processed_pseudogene	0	0	0	0.0000	0.0000	0.0000
ENSG00000274370.1	AC130371.2	lncRNA	56	22	34	5.1976	1.2890	1.3937
ENSG00000274372.5	LINC02804	lncRNA	21	8	14	0.4575	0.1135	0.1227
ENSG00000274373.1	AC148476.1	lncRNA	1	0	1	0.0804	0.0199	0.0216
ENSG00000274374.1	TUBAP6	processed_pseudogene	0	0	0	0.0000	0.0000	0.0000
ENSG00000274376.4	ADAMTS7P1	transcribed_unprocessed_pseudogene	4	1	3	0.0465	0.0115	0.0125
ENSG00000274378.1	AC005702.3	unprocessed_pseudogene	0	0	0	0.0000	0.0000	0.0000
ENSG00000274379.1	AL121612.1	lncRNA	0	0	0	0.0000	0.0000	0.0000
ENSG00000274380.1	MIR6801	miRNA	0	0	0	0.0000	0.0000	0.0000
ENSG00000274381.1	AC245028.3	unprocessed_pseudogene	0	0	0	0.0000	0.0000	0.0000
ENSG00000274383.1	AC103691.1	lncRNA	15	51	57	1.6359	0.4057	0.4386
ENSG00000274385.1	U6	snRNA	0	0	0	0.0000	0.0000	0.0000
ENSG00000274386.5	TMEM269	protein_coding	28	95	87	0.3631	0.0900	0.0974
ENSG00000274387.1	AC097634.2	lncRNA	0	3	2	0.0000	0.0000	0.0000
ENSG00000274390.1	MIR6885	miRNA	0	0	0	0.0000	0.0000	0.0000
ENSG00000274391.5	TPTE	protein_coding	0	0	0	0.0000	0.0000	0.0000
ENSG00000274396.1	AC004079.1	misc_RNA	0	0	0	0.0000	0.0000	0.0000
ENSG00000274397.1	AL357153.4	unprocessed_pseudogene	3	2	1	0.1675	0.0415	0.0449
ENSG00000274398.1	AC233981.1	processed_pseudogene	0	0	0	0.0000	0.0000	0.0000
ENSG00000274400.1	AC015967.1	lncRNA	1	1	0	0.1191	0.0295	0.0319
ENSG00000274403.1	AC090510.2	lncRNA	5	2	3	0.4508	0.1118	0.1209
ENSG00000274408.1	RNA5SP536	rRNA	0	0	0	0.0000	0.0000	0.0000
ENSG00000274409.1	AC004774.1	misc_RNA	0	0	0	0.0000	0.0000	0.0000
ENSG00000274414.1	AL121772.1	lncRNA	18	13	5	0.4372	0.1084	0.1172
ENSG00000274415.1	AC241644.3	lncRNA	0	855	779	0.0000	0.0000	0.0000
ENSG00000274417.1	MIR6515	miRNA	0	0	0	0.0000	0.0000	0.0000
ENSG00000274419.6	TBC1D3D	protein_coding	0	0	0	0.0000	0.0000	0.0000
ENSG00000274420.1	AC026318.1	misc_RNA	0	0	0	0.0000	0.0000	0.0000
ENSG00000274421.1	AL162390.1	lncRNA	3	1	2	0.1365	0.0339	0.0366
ENSG00000274422.1	AC245060.5	lncRNA	131	62	69	2.2560	0.5595	0.6049
ENSG00000274423.1	SEC22B2P	unprocessed_pseudogene	2	3	0	0.1979	0.0491	0.0531
ENSG00000274424.1	RN7SL196P	misc_RNA	0	0	0	0.0000	0.0000	0.0000
ENSG00000274425.1	AC114271.1	lncRNA	3	431	416	0.0605	0.0150	0.0162
ENSG00000274427.1	AC145423.1	lncRNA	10	6	6	2.3728	0.5884	0.6362
ENSG00000274428.1	RNVU1-25	snRNA	0	0	0	0.0000	0.0000	0.0000
ENSG00000274430.1	AL353804.3	misc_RNA	0	0	0	0.0000	0.0000	0.0000
ENSG00000274432.1	U2	snRNA	0	0	0	0.0000	0.0000	0.0000
ENSG00000274441.1	AC008957.2	lncRNA	0	0	0	0.0000	0.0000	0.0000
ENSG00000274443.4	C8orf89	protein_coding	6	3	3	0.5171	0.1282	0.1387
ENSG00000274444.1	AC078909.2	lncRNA	2	1	1	0.2850	0.0707	0.0764
ENSG00000274445.1	AC006986.1	processed_pseudogene	0	0	0	0.0000	0.0000	0.0000
ENSG00000274446.1	AP001005.2	processed_pseudogene	0	0	0	0.0000	0.0000	0.0000
ENSG00000274447.1	AC005790.1	lncRNA	34	12	22	4.2848	1.0626	1.1489
ENSG00000274450.1	AC241929.1	snRNA	0	0	0	0.0000	0.0000	0.0000
ENSG00000274451.1	AL136228.1	unprocessed_pseudogene	0	0	0	0.0000	0.0000	0.0000
ENSG00000274452.1	U2	snRNA	0	0	0	0.0000	0.0000	0.0000
ENSG00000274455.1	GUSBP7	unprocessed_pseudogene	0	0	0	0.0000	0.0000	0.0000
ENSG00000274458.1	AL590730.2	snoRNA	0	0	0	0.0000	0.0000	0.0000
ENSG00000274459.1	Metazoa_SRP	misc_RNA	0	0	0	0.0000	0.0000	0.0000
ENSG00000274460.1	AC092119.2	lncRNA	58	26	32	2.2060	0.5471	0.5915
ENSG00000274461.2	AC023282.1	lncRNA	29	20	9	0.2557	0.0634	0.0686
ENSG00000274466.1	MIR1273H	miRNA	0	0	0	0.0000	0.0000	0.0000
ENSG00000274467.1	RNA5SP257	rRNA_pseudogene	0	0	0	0.0000	0.0000	0.0000
ENSG00000274468.1	AL512638.2	unprocessed_pseudogene	0	0	0	0.0000	0.0000	0.0000
ENSG00000274469.2	LINC01746	lncRNA	0	0	0	0.0000	0.0000	0.0000
ENSG00000274471.2	HERC2P7	transcribed_unprocessed_pseudogene	72	35	37	1.8790	0.4660	0.5038
ENSG00000274472.1	Y_RNA	misc_RNA	0	0	0	0.0000	0.0000	0.0000
ENSG00000274475.1	RN7SL650P	misc_RNA	0	0	0	0.0000	0.0000	0.0000
ENSG00000274478.1	AC009154.2	lncRNA	1	0	1	0.0783	0.0194	0.0210
ENSG00000274481.1	AL691432.3	processed_pseudogene	0	0	0	0.0000	0.0000	0.0000
ENSG00000274484.1	Y_RNA	misc_RNA	0	0	0	0.0000	0.0000	0.0000
ENSG00000274486.1	AP002383.5	unprocessed_pseudogene	0	0	0	0.0000	0.0000	0.0000
ENSG00000274487.2	NPEPPSP1	transcribed_unprocessed_pseudogene	140	70	73	4.7034	1.1664	1.2611
ENSG00000274489.1	AC124076.1	processed_pseudogene	0	0	0	0.0000	0.0000	0.0000
ENSG00000274491.1	AL132655.4	misc_RNA	0	0	0	0.0000	0.0000	0.0000
ENSG00000274492.1	AL121768.1	lncRNA	4	3	2	0.0892	0.0221	0.0239
ENSG00000274493.1	MRPS17P5	processed_pseudogene	0	0	0	0.0000	0.0000	0.0000
ENSG00000274494.1	MIR6832	miRNA	0	0	0	0.0000	0.0000	0.0000
ENSG00000274499.1	AC012414.6	transcribed_processed_pseudogene	0	0	0	0.0000	0.0000	0.0000
ENSG00000274500.1	AC007938.4	misc_RNA	0	1	1	0.0000	0.0000	0.0000
ENSG00000274501.1	AL121845.4	lncRNA	3	3	0	0.5560	0.1379	0.1491
ENSG00000274502.1	ANKRD20A6P	processed_pseudogene	0	0	0	0.0000	0.0000	0.0000
ENSG00000274503.1	AC123912.6	unprocessed_pseudogene	0	0	0	0.0000	0.0000	0.0000
ENSG00000274505.1	Metazoa_SRP	misc_RNA	1	1	0	0.2004	0.0497	0.0537
ENSG00000274507.1	AL121772.2	lncRNA	0	0	0	0.0000	0.0000	0.0000
ENSG00000274508.1	AC007336.2	lncRNA	2	1	1	0.2036	0.0505	0.0546
ENSG00000274510.1	Metazoa_SRP	misc_RNA	1	0	1	0.2011	0.0499	0.0539
ENSG00000274512.5	TBC1D3L	protein_coding	40	25	15	1.0091	0.2502	0.2706
ENSG00000274514.1	Metazoa_SRP	misc_RNA	1	0	1	0.2047	0.0508	0.0549
ENSG00000274515.1	AC105020.5	lncRNA	6	5	1	0.8044	0.1995	0.2157
ENSG00000274516.2	FAM74A6	transcribed_processed_pseudogene	0	0	0	0.0000	0.0000	0.0000
ENSG00000274520.1	AC012354.2	misc_RNA	0	0	0	0.0000	0.0000	0.0000
ENSG00000274523.5	RCC1L	protein_coding	2391	1256	1233	32.3150	8.0138	8.6647
ENSG00000274525.1	AC008443.5	unprocessed_pseudogene	11	4	7	2.5358	0.6289	0.6799
ENSG00000274528.1	AC090970.2	lncRNA	13	7	6	0.8513	0.2111	0.2283
ENSG00000274529.5	SEBOX	protein_coding	0	0	0	0.0000	0.0000	0.0000
ENSG00000274532.1	AC091304.5	unprocessed_pseudogene	0	0	0	0.0000	0.0000	0.0000
ENSG00000274535.1	SNORD39	snoRNA	1	0	1	0.7271	0.1803	0.1949
ENSG00000274536.7	MIR223HG	lncRNA	12	4	8	0.1679	0.0416	0.0450
ENSG00000274541.1	AL121955.1	processed_pseudogene	1	1	0	0.1872	0.0464	0.0502
ENSG00000274544.1	SNORD28	snoRNA	0	0	0	0.0000	0.0000	0.0000
ENSG00000274547.1	AC012354.3	misc_RNA	0	0	0	0.0000	0.0000	0.0000
ENSG00000274549.1	AL356274.1	unprocessed_pseudogene	0	0	0	0.0000	0.0000	0.0000
ENSG00000274551.1	AC007450.2	unprocessed_pseudogene	0	0	0	0.0000	0.0000	0.0000
ENSG00000274552.1	MIR6889	miRNA	0	0	0	0.0000	0.0000	0.0000
ENSG00000274553.1	AC138035.3	processed_pseudogene	0	0	0	0.0000	0.0000	0.0000
ENSG00000274554.1	AC083806.2	lncRNA	5	63	77	0.1056	0.0262	0.0283
ENSG00000274559.3	CU639417.1	protein_coding	0	0	0	0.0000	0.0000	0.0000
ENSG00000274560.1	AC010205.1	lncRNA	16	6	10	2.0208	0.5011	0.5419
ENSG00000274561.1	AC005332.3	lncRNA	168	86	82	21.3616	5.2975	5.7278
ENSG00000274562.1	AL121985.2	unprocessed_pseudogene	0	0	0	0.0000	0.0000	0.0000
ENSG00000274565.1	AC080038.1	lncRNA	142	97	86	6.9782	1.7305	1.8711
ENSG00000274568.1	RN7SL545P	misc_RNA	0	0	0	0.0000	0.0000	0.0000
ENSG00000274569.1	AC024884.1	processed_pseudogene	0	0	0	0.0000	0.0000	0.0000
ENSG00000274570.4	SPDYE10P	transcribed_unprocessed_pseudogene	0	0	0	0.0000	0.0000	0.0000
ENSG00000274572.1	ZYXP1	unprocessed_pseudogene	0	0	0	0.0000	0.0000	0.0000
ENSG00000274576.2	IGHV2-70	IG_V_gene	30	21	9	4.7522	1.1785	1.2742
ENSG00000274578.1	AC006249.1	lncRNA	1	0	1	0.1204	0.0299	0.0323
ENSG00000274579.1	AL096861.1	processed_pseudogene	0	0	0	0.0000	0.0000	0.0000
ENSG00000274582.1	SNORA16A	snoRNA	0	0	0	0.0000	0.0000	0.0000
ENSG00000274583.1	FAM74A4	transcribed_processed_pseudogene	0	0	0	0.0000	0.0000	0.0000
ENSG00000274584.1	AP001282.2	unprocessed_pseudogene	0	0	0	0.0000	0.0000	0.0000
ENSG00000274585.1	RNU2-1	snRNA	0	0	0	0.0000	0.0000	0.0000
ENSG00000274588.2	DGKK	protein_coding	0	0	0	0.0000	0.0000	0.0000
ENSG00000274589.1	Metazoa_SRP	misc_RNA	6	3	3	1.1156	0.2767	0.2991
ENSG00000274591.1	AC025031.3	lncRNA	2	1	1	0.3082	0.0764	0.0826
ENSG00000274594.1	AL391669.1	processed_pseudogene	0	0	0	0.0000	0.0000	0.0000
ENSG00000274598.1	AC087893.2	lncRNA	1	0	1	0.0854	0.0212	0.0229
ENSG00000274599.2	DUX4L24	unprocessed_pseudogene	0	0	0	0.0000	0.0000	0.0000
ENSG00000274600.1	RIMBP3B	protein_coding	3	1	2	0.0279	0.0069	0.0075
ENSG00000274601.1	AC240442.1	unprocessed_pseudogene	0	0	0	0.0000	0.0000	0.0000
ENSG00000274602.5	PI4KAP1	transcribed_unprocessed_pseudogene	69	36	33	0.8132	0.2017	0.2180
ENSG00000274603.1	Y_RNA	misc_RNA	1	0	1	0.5203	0.1290	0.1395
ENSG00000274605.2	PCCA-DT	lncRNA	145	59	86	3.9590	0.9818	1.0616
ENSG00000274606.1	AC106873.4	misc_RNA	0	0	0	0.0000	0.0000	0.0000
ENSG00000274607.1	RNU6-866P	snRNA	0	0	0	0.0000	0.0000	0.0000
ENSG00000274611.3	TBC1D3	protein_coding	0	0	0	0.0000	0.0000	0.0000
ENSG00000274612.1	AC011447.5	processed_pseudogene	0	0	0	0.0000	0.0000	0.0000
ENSG00000274614.1	AL390754.1	unprocessed_pseudogene	0	0	0	0.0000	0.0000	0.0000
ENSG00000274615.1	AC233968.1	unprocessed_pseudogene	4	0	6	0.1745	0.0433	0.0468
ENSG00000274617.1	AL021937.6	misc_RNA	0	0	0	0.0000	0.0000	0.0000
ENSG00000274618.2	H4C6	protein_coding	0	0	0	0.0000	0.0000	0.0000
ENSG00000274620.1	MIR378J	miRNA	5	3	2	2.6014	0.6451	0.6975
ENSG00000274621.1	MIR6867	miRNA	3	1	2	2.5393	0.6297	0.6809
ENSG00000274624.1	AC007671.1	lncRNA	11	6	5	0.7516	0.1864	0.2015
ENSG00000274625.1	AC023490.1	scaRNA	0	0	0	0.0000	0.0000	0.0000
ENSG00000274628.5	AL669942.1	transcribed_unprocessed_pseudogene	0	0	0	0.0000	0.0000	0.0000
ENSG00000274629.1	AC073052.1	lncRNA	2	812	893	0.1116	0.0277	0.0299
ENSG00000274630.1	AC125257.2	lncRNA	0	750	730	0.0000	0.0000	0.0000
ENSG00000274631.1	AL662814.1	processed_pseudogene	0	0	0	0.0000	0.0000	0.0000
ENSG00000274632.1	RN7SL719P	misc_RNA	0	0	0	0.0000	0.0000	0.0000
ENSG00000274637.1	AC092628.2	unprocessed_pseudogene	0	0	0	0.0000	0.0000	0.0000
ENSG00000274640.1	SNORD109A	snoRNA	0	0	0	0.0000	0.0000	0.0000
ENSG00000274641.2	H2BC17	protein_coding	6	1	5	0.7286	0.1807	0.1954
ENSG00000274642.1	AC244669.2	unprocessed_pseudogene	3	2	1	0.1994	0.0495	0.0535
ENSG00000274647.1	AC126175.1	misc_RNA	2	1	1	1.0127	0.2511	0.2715
ENSG00000274649.1	AL512624.1	processed_pseudogene	0	0	0	0.0000	0.0000	0.0000
ENSG00000274652.1	AL157817.1	lncRNA	0	0	0	0.0000	0.0000	0.0000
ENSG00000274653.1	AC106782.5	lncRNA	4	107	122	0.4430	0.1099	0.1188
ENSG00000274654.1	AC022467.1	lncRNA	22	14	8	1.6657	0.4131	0.4466
ENSG00000274655.1	AL353804.4	misc_RNA	0	0	0	0.0000	0.0000	0.0000
ENSG00000274656.1	RN7SL625P	misc_RNA	0	0	0	0.0000	0.0000	0.0000
ENSG00000274658.1	TBC1D3J	unprocessed_pseudogene	0	0	0	0.0000	0.0000	0.0000
ENSG00000274659.2	LINC02371	lncRNA	2	3	2	0.0292	0.0072	0.0078
ENSG00000274660.1	Metazoa_SRP	misc_RNA	0	0	0	0.0000	0.0000	0.0000
ENSG00000274662.1	RN7SKP236	misc_RNA	0	0	0	0.0000	0.0000	0.0000
ENSG00000274663.1	RNA5SP526	rRNA	0	0	0	0.0000	0.0000	0.0000
ENSG00000274664.1	AP005019.1	processed_pseudogene	0	0	0	0.0000	0.0000	0.0000
ENSG00000274666.1	AL133370.2	unprocessed_pseudogene	0	0	0	0.0000	0.0000	0.0000
ENSG00000274667.1	AC090517.2	lncRNA	25	12	13	2.0849	0.5170	0.5590
ENSG00000274670.1	AC137590.2	lncRNA	0	0	0	0.0000	0.0000	0.0000
ENSG00000274677.1	AC040169.3	lncRNA	9	3	6	0.8340	0.2068	0.2236
ENSG00000274678.1	AC106886.3	lncRNA	1	4	4	0.1037	0.0257	0.0278
ENSG00000274680.1	MYO5BP1	processed_pseudogene	0	0	0	0.0000	0.0000	0.0000
ENSG00000274682.1	AC015540.1	lncRNA	0	0	0	0.0000	0.0000	0.0000
ENSG00000274685.1	AL360181.4	lncRNA	2	1	1	0.8464	0.2099	0.2270
ENSG00000274686.1	Metazoa_SRP	misc_RNA	0	0	0	0.0000	0.0000	0.0000
ENSG00000274688.1	AL591926.1	processed_pseudogene	0	0	0	0.0000	0.0000	0.0000
ENSG00000274691.1	AL157834.3	unprocessed_pseudogene	0	1	0	0.0000	0.0000	0.0000
ENSG00000274693.1	AL390065.1	misc_RNA	0	0	0	0.0000	0.0000	0.0000
ENSG00000274695.1	AC108704.1	lncRNA	9	5	4	0.6860	0.1701	0.1839
ENSG00000274697.1	MIR6761	miRNA	0	0	0	0.0000	0.0000	0.0000
ENSG00000274698.1	AC099521.1	lncRNA	16	8	8	0.4457	0.1105	0.1195
ENSG00000274701.1	Metazoa_SRP	misc_RNA	0	0	0	0.0000	0.0000	0.0000
ENSG00000274702.1	AL357559.1	processed_pseudogene	0	0	0	0.0000	0.0000	0.0000
ENSG00000274704.1	Metazoa_SRP	misc_RNA	0	0	0	0.0000	0.0000	0.0000
ENSG00000274705.2	MIR486-1	miRNA	0	1	0	0.0000	0.0000	0.0000
ENSG00000274709.1	AC004774.2	misc_RNA	0	0	0	0.0000	0.0000	0.0000
ENSG00000274711.1	Metazoa_SRP	misc_RNA	0	0	0	0.0000	0.0000	0.0000
ENSG00000274712.2	AC005332.4	transcribed_unprocessed_pseudogene	216	114	102	6.1094	1.5151	1.6381
ENSG00000274713.1	MIR7974	miRNA	0	0	0	0.0000	0.0000	0.0000
ENSG00000274716.1	U4	snRNA	0	0	0	0.0000	0.0000	0.0000
ENSG00000274717.1	AL049757.1	processed_pseudogene	4	2	2	0.1421	0.0352	0.0381
ENSG00000274718.1	AL136964.1	lncRNA	9	7	2	0.1707	0.0423	0.0458
ENSG00000274719.1	AC012653.2	lncRNA	1	0	1	0.1350	0.0335	0.0362
ENSG00000274721.1	AC091825.1	misc_RNA	8	5	3	3.7494	0.9298	1.0053
ENSG00000274723.1	AC079906.1	lncRNA	8	0	8	0.5567	0.1380	0.1493
ENSG00000274727.1	AL137028.1	processed_pseudogene	0	0	0	0.0000	0.0000	0.0000
ENSG00000274730.1	AC141273.2	unprocessed_pseudogene	0	0	0	0.0000	0.0000	0.0000
ENSG00000274732.1	AC069504.1	misc_RNA	0	0	0	0.0000	0.0000	0.0000
ENSG00000274736.5	CCL23	protein_coding	5	3	2	0.3821	0.0948	0.1025
ENSG00000274737.1	AC004466.2	lncRNA	11	5	6	1.2089	0.2998	0.3242
ENSG00000274740.1	AC013791.1	misc_RNA	1	1	0	0.9147	0.2268	0.2453
ENSG00000274742.1	Metazoa_SRP	misc_RNA	0	0	0	0.0000	0.0000	0.0000
ENSG00000274747.1	RN7SL627P	misc_RNA	0	0	0	0.0000	0.0000	0.0000
ENSG00000274748.1	AC233702.9	unprocessed_pseudogene	0	0	0	0.0000	0.0000	0.0000
ENSG00000274749.1	KRTAP7-1	protein_coding	0	0	0	0.0000	0.0000	0.0000
ENSG00000274750.2	H3C6	protein_coding	147	80	67	3.1117	0.7717	0.8344
ENSG00000274751.1	AC120498.9	lncRNA	12	14	6	0.1760	0.0436	0.0472
ENSG00000274752.1	TRBV12-3	TR_V_gene	2	0	2	0.2773	0.0688	0.0744
ENSG00000274755.1	U2	snRNA	0	0	0	0.0000	0.0000	0.0000
ENSG00000274756.1	AC243732.1	processed_pseudogene	17	7	16	1.1158	0.2767	0.2992
ENSG00000274758.1	AC006435.3	lncRNA	0	1	5	0.0000	0.0000	0.0000
ENSG00000274759.1	RNA5SP527	rRNA	0	0	0	0.0000	0.0000	0.0000
ENSG00000274760.1	AL049766.1	misc_RNA	0	0	0	0.0000	0.0000	0.0000
ENSG00000274764.6	PRAMEF27	protein_coding	0	0	0	0.0000	0.0000	0.0000
ENSG00000274765.1	AC018926.1	lncRNA	6	5	1	0.7822	0.1940	0.2097
ENSG00000274766.2	BX072579.2	lncRNA	0	0	1	0.0000	0.0000	0.0000
ENSG00000274767.1	AC243829.1	lncRNA	7	7	8	0.2833	0.0703	0.0760
ENSG00000274769.1	AC016747.4	lncRNA	2	0	2	0.0820	0.0203	0.0220
ENSG00000274770.1	MIR6128	miRNA	0	0	0	0.0000	0.0000	0.0000
ENSG00000274772.1	Metazoa_SRP	misc_RNA	0	0	0	0.0000	0.0000	0.0000
ENSG00000274775.2	Z82195.2	transcribed_unprocessed_pseudogene	1	2	0	0.0028	0.0007	0.0008
ENSG00000274776.1	AC090241.3	lncRNA	10	4	6	0.2182	0.0541	0.0585
ENSG00000274777.1	AC004792.1	misc_RNA	0	0	0	0.0000	0.0000	0.0000
ENSG00000274790.1	Y_RNA	misc_RNA	0	0	0	0.0000	0.0000	0.0000
ENSG00000274791.1	F8A2	protein_coding	0	0	0	0.0000	0.0000	0.0000
ENSG00000274797.1	AC008121.3	lncRNA	2	0	3	0.2619	0.0650	0.0702
ENSG00000274798.1	AC025166.1	lncRNA	1	0	1	0.3479	0.0863	0.0933
ENSG00000274799.1	Metazoa_SRP	misc_RNA	0	0	0	0.0000	0.0000	0.0000
ENSG00000274800.1	AC007204.2	unprocessed_pseudogene	0	0	0	0.0000	0.0000	0.0000
ENSG00000274805.1	MIR6768	miRNA	0	0	0	0.0000	0.0000	0.0000
ENSG00000274808.5	TBC1D3B	protein_coding	10	5	5	0.1994	0.0494	0.0535
ENSG00000274809.1	MIR6078	miRNA	0	0	0	0.0000	0.0000	0.0000
ENSG00000274810.4	NPHP3-ACAD11	protein_coding	0	0	0	0.0000	0.0000	0.0000
ENSG00000274813.1	AC126915.2	unprocessed_pseudogene	0	0	0	0.0000	0.0000	0.0000
ENSG00000274814.1	AC138749.7	unprocessed_pseudogene	0	0	0	0.0000	0.0000	0.0000
ENSG00000274816.1	MIR6772	miRNA	1	0	1	0.8861	0.2197	0.2376
ENSG00000274817.1	AC012531.4	misc_RNA	0	0	0	0.0000	0.0000	0.0000
ENSG00000274818.1	AC004825.2	lncRNA	19	10	9	2.3681	0.5873	0.6350
ENSG00000274819.1	AC018659.3	misc_RNA	0	0	0	0.0000	0.0000	0.0000
ENSG00000274820.1	AL353770.1	unprocessed_pseudogene	0	0	0	0.0000	0.0000	0.0000
ENSG00000274822.1	MIR6762	miRNA	0	0	0	0.0000	0.0000	0.0000
ENSG00000274823.1	APONP	processed_pseudogene	0	1	0	0.0000	0.0000	0.0000
ENSG00000274824.1	MIR7152	miRNA	0	0	0	0.0000	0.0000	0.0000
ENSG00000274825.1	AL023803.2	lncRNA	23	8	15	2.0444	0.5070	0.5482
ENSG00000274827.4	LINC01297	lncRNA	0	0	0	0.0000	0.0000	0.0000
ENSG00000274828.1	AC068473.5	lncRNA	150	71	79	4.1055	1.0181	1.1008
ENSG00000274832.1	AC233724.8	processed_pseudogene	0	0	0	0.0000	0.0000	0.0000
ENSG00000274833.1	AC110285.5	lncRNA	0	0	0	0.0000	0.0000	0.0000
ENSG00000274834.1	AC010333.3	lncRNA	0	0	0	0.0000	0.0000	0.0000
ENSG00000274835.1	AC100757.2	unprocessed_pseudogene	0	0	0	0.0000	0.0000	0.0000
ENSG00000274836.1	AC020558.4	misc_RNA	0	4	1	0.0000	0.0000	0.0000
ENSG00000274837.1	AC009233.1	processed_pseudogene	0	0	0	0.0000	0.0000	0.0000
ENSG00000274838.1	MIR6788	miRNA	0	0	0	0.0000	0.0000	0.0000
ENSG00000274840.4	AC132807.2	lncRNA	0	0	0	0.0000	0.0000	0.0000
ENSG00000274841.1	Metazoa_SRP	misc_RNA	0	0	0	0.0000	0.0000	0.0000
ENSG00000274844.1	AL512427.1	processed_pseudogene	0	0	0	0.0000	0.0000	0.0000
ENSG00000274845.1	AC114778.1	misc_RNA	0	0	0	0.0000	0.0000	0.0000
ENSG00000274848.1	Metazoa_SRP	misc_RNA	1	0	1	0.2077	0.0515	0.0557
ENSG00000274849.1	AC023043.4	lncRNA	43	22	21	5.4310	1.3468	1.4562
ENSG00000274852.1	RN7SL422P	misc_RNA	0	0	0	0.0000	0.0000	0.0000
ENSG00000274855.1	AL133351.3	processed_pseudogene	0	0	0	0.0000	0.0000	0.0000
ENSG00000274859.1	AC131238.1	lncRNA	2	90	99	0.3458	0.0858	0.0927
ENSG00000274860.1	Metazoa_SRP	misc_RNA	0	0	0	0.0000	0.0000	0.0000
ENSG00000274862.1	U2	snRNA	0	0	0	0.0000	0.0000	0.0000
ENSG00000274863.1	AL135936.1	lncRNA	0	0	0	0.0000	0.0000	0.0000
ENSG00000274864.1	AC004079.2	misc_RNA	0	0	0	0.0000	0.0000	0.0000
ENSG00000274866.1	AC051649.2	misc_RNA	0	0	0	0.0000	0.0000	0.0000
ENSG00000274867.1	AL589994.2	processed_pseudogene	0	0	0	0.0000	0.0000	0.0000
ENSG00000274868.1	FP236383.1	misc_RNA	0	0	0	0.0000	0.0000	0.0000
ENSG00000274874.2	AC068790.8	lncRNA	0	0	0	0.0000	0.0000	0.0000
ENSG00000274878.1	AL137060.4	misc_RNA	0	5	4	0.0000	0.0000	0.0000
ENSG00000274879.1	AC009804.1	processed_pseudogene	10	2	8	3.1682	0.7857	0.8495
ENSG00000274883.1	Metazoa_SRP	misc_RNA	0	0	0	0.0000	0.0000	0.0000
ENSG00000274884.1	AL117190.3	misc_RNA	0	0	0	0.0000	0.0000	0.0000
ENSG00000274886.1	SEPTIN14P17	unprocessed_pseudogene	0	0	0	0.0000	0.0000	0.0000
ENSG00000274892.1	AC011487.3	unprocessed_pseudogene	0	0	0	0.0000	0.0000	0.0000
ENSG00000274893.1	AL136317.2	lncRNA	0	0	0	0.0000	0.0000	0.0000
ENSG00000274895.1	AC011700.1	lncRNA	0	0	0	0.0000	0.0000	0.0000
ENSG00000274898.1	AC001226.1	lncRNA	2	0	2	0.2104	0.0522	0.0564
ENSG00000274899.1	AC006386.1	processed_pseudogene	0	0	0	0.0000	0.0000	0.0000
ENSG00000274901.2	Z69908.1	unprocessed_pseudogene	0	0	0	0.0000	0.0000	0.0000
ENSG00000274902.1	AC004241.2	lncRNA	2	1	1	0.2555	0.0633	0.0685
ENSG00000274903.1	AL109933.3	unprocessed_pseudogene	0	0	0	0.0000	0.0000	0.0000
ENSG00000274904.1	AC093512.1	lncRNA	0	935	812	0.0000	0.0000	0.0000
ENSG00000274915.1	AL096828.4	misc_RNA	0	0	2	0.0000	0.0000	0.0000
ENSG00000274918.1	AC116447.1	lncRNA	7	6	1	0.8763	0.2173	0.2350
ENSG00000274919.1	AL390240.1	processed_pseudogene	0	0	0	0.0000	0.0000	0.0000
ENSG00000274922.1	AL139384.1	lncRNA	44	18	26	0.8189	0.2031	0.2196
ENSG00000274923.1	AC005296.1	unprocessed_pseudogene	0	0	0	0.0000	0.0000	0.0000
ENSG00000274925.1	ZKSCAN2-DT	lncRNA	149	75	74	2.7126	0.6727	0.7273
ENSG00000274927.1	AC239859.4	unprocessed_pseudogene	0	0	0	0.0000	0.0000	0.0000
ENSG00000274928.6	KRT89P	transcribed_unprocessed_pseudogene	11	6	5	0.4178	0.1036	0.1120
ENSG00000274929.1	AL157813.1	lncRNA	13	7	10	1.2559	0.3115	0.3368
ENSG00000274930.1	AC105227.2	processed_pseudogene	0	0	0	0.0000	0.0000	0.0000
ENSG00000274932.1	MIR7150	miRNA	0	0	0	0.0000	0.0000	0.0000
ENSG00000274933.5	TBC1D3I	protein_coding	0	0	0	0.0000	0.0000	0.0000
ENSG00000274934.1	AC009014.1	misc_RNA	0	0	0	0.0000	0.0000	0.0000
ENSG00000274937.1	AC090826.2	lncRNA	1	1	0	0.0680	0.0169	0.0182
ENSG00000274940.1	MIR8083	miRNA	1	0	1	0.6372	0.1580	0.1709
ENSG00000274943.1	AC079684.1	lncRNA	5	4	1	0.6489	0.1609	0.1740
ENSG00000274944.4	AL139260.3	protein_coding	1	0	1	0.0174	0.0043	0.0047
ENSG00000274949.1	AL109804.1	lncRNA	5	2	3	0.5045	0.1251	0.1353
ENSG00000274954.1	AC090971.5	lncRNA	0	0	0	0.0000	0.0000	0.0000
ENSG00000274962.1	TEX28P1	unprocessed_pseudogene	0	0	0	0.0000	0.0000	0.0000
ENSG00000274963.1	RN7SL600P	misc_RNA	5	2	3	0.9483	0.2352	0.2543
ENSG00000274964.1	AC026356.1	lncRNA	109	56	53	4.5552	1.1296	1.2214
ENSG00000274966.1	AC019322.3	unprocessed_pseudogene	0	0	0	0.0000	0.0000	0.0000
ENSG00000274967.1	Y_RNA	misc_RNA	7	6	6	3.5444	0.8790	0.9504
ENSG00000274969.1	MIR6771	miRNA	0	0	0	0.0000	0.0000	0.0000
ENSG00000274970.1	AC013470.3	processed_pseudogene	0	0	0	0.0000	0.0000	0.0000
ENSG00000274973.1	BSNDP2	processed_pseudogene	0	0	0	0.0000	0.0000	0.0000
ENSG00000274975.1	MIR6735	miRNA	0	0	0	0.0000	0.0000	0.0000
ENSG00000274976.1	AC087588.1	lncRNA	6	4	2	0.7987	0.1981	0.2142
ENSG00000274977.1	AC011298.2	processed_pseudogene	0	0	0	0.0000	0.0000	0.0000
ENSG00000274978.1	RNU11	snRNA	0	0	0	0.0000	0.0000	0.0000
ENSG00000274979.1	AC020656.2	lncRNA	1	1	0	0.0107	0.0026	0.0029
ENSG00000274984.1	Y_RNA	misc_RNA	0	0	0	0.0000	0.0000	0.0000
ENSG00000274985.1	PTCHD3P1	unprocessed_pseudogene	0	169	196	0.0000	0.0000	0.0000
ENSG00000274986.1	MIR6750	miRNA	0	0	0	0.0000	0.0000	0.0000
ENSG00000274987.1	AC092794.1	lncRNA	57	36	21	5.5541	1.3774	1.4892
ENSG00000274988.1	MIR6876	miRNA	0	0	0	0.0000	0.0000	0.0000
ENSG00000274993.1	AC254629.1	lncRNA	0	2	0	0.0000	0.0000	0.0000
ENSG00000274994.1	MIR8056	miRNA	0	0	0	0.0000	0.0000	0.0000
ENSG00000274995.1	AC013564.1	lncRNA	0	0	0	0.0000	0.0000	0.0000
ENSG00000274996.1	AC006449.1	lncRNA	7	2	5	0.6952	0.1724	0.1864
ENSG00000274997.2	H2AC12	protein_coding	3	1	2	0.3723	0.0923	0.0998
ENSG00000274998.1	SNORA17A	snoRNA	0	0	0	0.0000	0.0000	0.0000
ENSG00000274999.1	MIR8052	miRNA	0	0	0	0.0000	0.0000	0.0000
ENSG00000275001.1	AL365215.1	misc_RNA	0	0	0	0.0000	0.0000	0.0000
ENSG00000275002.1	AL352984.2	transcribed_unprocessed_pseudogene	0	0	0	0.0000	0.0000	0.0000
ENSG00000275004.4	ZNF280B	protein_coding	87	44	43	0.9290	0.2304	0.2491
ENSG00000275005.1	AL354950.1	lncRNA	4	1	3	0.3994	0.0990	0.1071
ENSG00000275006.1	Y_RNA	misc_RNA	0	0	0	0.0000	0.0000	0.0000
ENSG00000275011.1	ALOXE3P1	unprocessed_pseudogene	0	0	0	0.0000	0.0000	0.0000
ENSG00000275012.1	AC011476.8	processed_pseudogene	0	0	0	0.0000	0.0000	0.0000
ENSG00000275014.1	RN7SL166P	misc_RNA	0	0	0	0.0000	0.0000	0.0000
ENSG00000275015.1	AL353149.1	unprocessed_pseudogene	0	0	0	0.0000	0.0000	0.0000
ENSG00000275016.5	AC015574.1	lncRNA	0	0	0	0.0000	0.0000	0.0000
ENSG00000275017.1	AL353748.2	processed_pseudogene	12	6	6	1.4448	0.3583	0.3874
ENSG00000275022.1	MIR6753	miRNA	1	1	0	0.3458	0.0858	0.0927
ENSG00000275023.5	MLLT6	protein_coding	7971	4925	5001	33.2966	8.2572	8.9279
ENSG00000275024.1	AC005383.1	lncRNA	18	10	8	1.9116	0.4741	0.5126
ENSG00000275025.1	AC002401.3	lncRNA	4	2	2	0.5155	0.1279	0.1382
ENSG00000275026.1	GXYLT1P4	transcribed_processed_pseudogene	0	0	0	0.0000	0.0000	0.0000
ENSG00000275029.1	HMGB1P24	transcribed_processed_pseudogene	6	4	2	0.3970	0.0985	0.1065
ENSG00000275030.1	RNU6-538P	snRNA	0	0	0	0.0000	0.0000	0.0000
ENSG00000275033.1	AL133467.5	misc_RNA	0	0	0	0.0000	0.0000	0.0000
ENSG00000275034.2	TP53TG3E	protein_coding	0	0	0	0.0000	0.0000	0.0000
ENSG00000275036.1	MIR8086	miRNA	0	0	0	0.0000	0.0000	0.0000
ENSG00000275038.2	AC091980.2	lncRNA	0	0	1	0.0000	0.0000	0.0000
ENSG00000275040.1	AC009159.1	lncRNA	0	0	0	0.0000	0.0000	0.0000
ENSG00000275041.1	Metazoa_SRP	misc_RNA	0	0	0	0.0000	0.0000	0.0000
ENSG00000275043.1	SNORD25	snoRNA	0	0	0	0.0000	0.0000	0.0000
ENSG00000275046.1	AL603755.1	processed_pseudogene	0	0	0	0.0000	0.0000	0.0000
ENSG00000275048.1	BSNDP1	processed_pseudogene	0	0	0	0.0000	0.0000	0.0000
ENSG00000275052.5	PPP4R3B	protein_coding	6891	3509	3461	47.5585	11.7940	12.7520
ENSG00000275054.1	AC002542.3	misc_RNA	0	0	0	0.0000	0.0000	0.0000
ENSG00000275055.1	AC011468.5	lncRNA	16	37	47	1.2130	0.3008	0.3253
ENSG00000275056.1	AC020663.3	lncRNA	3	3	0	0.1559	0.0387	0.0418
ENSG00000275060.1	PPP1R26P3	unprocessed_pseudogene	0	0	0	0.0000	0.0000	0.0000
ENSG00000275061.2	AC122133.1	unprocessed_pseudogene	0	0	0	0.0000	0.0000	0.0000
ENSG00000275064.1	AC239860.1	unprocessed_pseudogene	0	0	0	0.0000	0.0000	0.0000
ENSG00000275066.5	SYNRG	protein_coding	4708	2344	2365	18.7454	4.6487	5.0263
ENSG00000275067.1	MIR6825	miRNA	0	0	0	0.0000	0.0000	0.0000
ENSG00000275068.1	U6	snRNA	0	0	0	0.0000	0.0000	0.0000
ENSG00000275069.1	AL132655.5	misc_RNA	0	0	0	0.0000	0.0000	0.0000
ENSG00000275070.1	Metazoa_SRP	misc_RNA	5	2	3	0.9677	0.2400	0.2595
ENSG00000275071.1	AL139038.1	misc_RNA	0	0	0	0.0000	0.0000	0.0000
ENSG00000275072.1	SNORD50B	snoRNA	0	0	0	0.0000	0.0000	0.0000
ENSG00000275074.2	NUDT18	protein_coding	239	116	123	7.7273	1.9163	2.0719
ENSG00000275075.1	AC244015.1	processed_pseudogene	0	0	0	0.0000	0.0000	0.0000
ENSG00000275078.1	AC090093.1	unprocessed_pseudogene	0	0	0	0.0000	0.0000	0.0000
ENSG00000275084.4	SNORD91B	snoRNA	1	0	1	0.2555	0.0633	0.0685
ENSG00000275088.1	AC026469.1	lncRNA	3	3	1	0.0515	0.0128	0.0138
ENSG00000275090.1	RN7SL296P	misc_RNA	0	0	0	0.0000	0.0000	0.0000
ENSG00000275091.1	AC022098.4	lncRNA	7	7	4	1.1278	0.2797	0.3024
ENSG00000275092.1	AL031710.2	lncRNA	4	2	2	0.3142	0.0779	0.0842
ENSG00000275094.1	AC079395.3	unprocessed_pseudogene	0	0	0	0.0000	0.0000	0.0000
ENSG00000275097.1	AC024940.5	lncRNA	3	2	1	0.3589	0.0890	0.0962
ENSG00000275101.1	MIR6766	miRNA	0	0	0	0.0000	0.0000	0.0000
ENSG00000275103.1	AF117829.2	unprocessed_pseudogene	0	0	0	0.0000	0.0000	0.0000
ENSG00000275106.1	AC025594.2	TEC	4	3	1	0.2871	0.0712	0.0770
ENSG00000275107.1	MIR6782	miRNA	0	0	0	0.0000	0.0000	0.0000
ENSG00000275108.1	U7	snRNA	0	0	0	0.0000	0.0000	0.0000
ENSG00000275109.1	MIR6504	miRNA	0	0	0	0.0000	0.0000	0.0000
ENSG00000275110.1	AL928646.1	miRNA	0	0	0	0.0000	0.0000	0.0000
ENSG00000275111.5	ZNF2	protein_coding	519	304	257	7.3655	1.8266	1.9749
ENSG00000275113.1	GAGE2E	protein_coding	0	0	0	0.0000	0.0000	0.0000
ENSG00000275115.1	AC067904.3	unprocessed_pseudogene	0	0	0	0.0000	0.0000	0.0000
ENSG00000275119.1	AC244131.2	lncRNA	0	0	0	0.0000	0.0000	0.0000
ENSG00000275120.3	AC048382.5	lncRNA	14	135	120	0.2165	0.0537	0.0580
ENSG00000275121.1	AC211486.4	processed_pseudogene	0	0	0	0.0000	0.0000	0.0000
ENSG00000275126.2	H4C13	protein_coding	0	0	0	0.0000	0.0000	0.0000
ENSG00000275127.1	SNORD116-22	snoRNA	0	0	0	0.0000	0.0000	0.0000
ENSG00000275128.1	RN7SL203P	misc_RNA	0	0	0	0.0000	0.0000	0.0000
ENSG00000275129.1	AC243994.1	processed_pseudogene	0	0	0	0.0000	0.0000	0.0000
ENSG00000275130.1	AL592227.1	unprocessed_pseudogene	0	0	0	0.0000	0.0000	0.0000
ENSG00000275131.3	AC241952.1	transcribed_unprocessed_pseudogene	337	165	172	2.0236	0.5018	0.5426
ENSG00000275132.1	RN7SL663P	misc_RNA	1	0	1	0.1897	0.0470	0.0509
ENSG00000275134.1	AL117190.4	misc_RNA	0	0	0	0.0000	0.0000	0.0000
ENSG00000275138.1	AL357080.1	processed_pseudogene	0	0	0	0.0000	0.0000	0.0000
ENSG00000275139.1	AL133492.1	lncRNA	0	0	0	0.0000	0.0000	0.0000
ENSG00000275140.1	SEC22B3P	unprocessed_pseudogene	1	1	1	0.0985	0.0244	0.0264
ENSG00000275141.1	MIR6888	miRNA	0	0	0	0.0000	0.0000	0.0000
ENSG00000275143.1	SCARNA16	scaRNA	0	0	0	0.0000	0.0000	0.0000
ENSG00000275144.1	SNX18P5	unprocessed_pseudogene	0	0	0	0.0000	0.0000	0.0000
ENSG00000275146.1	AP003499.3	snoRNA	0	0	0	0.0000	0.0000	0.0000
ENSG00000275152.5	CCL16	protein_coding	1	2	0	0.0325	0.0081	0.0087
ENSG00000275154.1	U3	snoRNA	0	1	0	0.0000	0.0000	0.0000
ENSG00000275155.1	AC027348.1	lncRNA	7	2	5	0.6455	0.1601	0.1731
ENSG00000275157.1	AC068134.3	unprocessed_pseudogene	0	0	0	0.0000	0.0000	0.0000
ENSG00000275158.1	TRBV12-5	TR_V_gene	0	0	0	0.0000	0.0000	0.0000
ENSG00000275160.1	AL354718.1	processed_pseudogene	48	27	21	4.6215	1.1461	1.2392
ENSG00000275161.1	AL117190.5	misc_RNA	0	0	0	0.0000	0.0000	0.0000
ENSG00000275162.1	AC005391.1	lncRNA	0	0	0	0.0000	0.0000	0.0000
ENSG00000275163.1	AC117457.1	protein_coding	0	0	0	0.0000	0.0000	0.0000
ENSG00000275166.1	MIR6814	miRNA	0	0	0	0.0000	0.0000	0.0000
ENSG00000275167.1	MIR6815	miRNA	0	0	0	0.0000	0.0000	0.0000
ENSG00000275170.1	FRG2MP	processed_pseudogene	0	0	0	0.0000	0.0000	0.0000
ENSG00000275173.1	AC243571.1	lncRNA	0	0	0	0.0000	0.0000	0.0000
ENSG00000275174.1	U6	snRNA	0	0	0	0.0000	0.0000	0.0000
ENSG00000275178.1	AC018529.1	lncRNA	11	7	4	1.7280	0.4285	0.4633
ENSG00000275180.1	AC048341.2	lncRNA	44	21	23	5.0820	1.2603	1.3626
ENSG00000275183.2	LENG9	protein_coding	289	397	464	8.0064	1.9855	2.1468
ENSG00000275185.1	AC130324.3	lncRNA	0	169	155	0.0000	0.0000	0.0000
ENSG00000275186.1	AC018445.1	lncRNA	0	0	0	0.0000	0.0000	0.0000
ENSG00000275191.1	AC007497.1	lncRNA	9	4	5	0.9098	0.2256	0.2439
ENSG00000275194.1	AC004467.1	unprocessed_pseudogene	0	0	0	0.0000	0.0000	0.0000
ENSG00000275197.1	AC092794.2	lncRNA	5	169	157	0.5036	0.1249	0.1350
ENSG00000275198.1	AL512791.2	lncRNA	13	4	9	0.1600	0.0397	0.0429
ENSG00000275201.1	AC074140.1	unprocessed_pseudogene	0	0	0	0.0000	0.0000	0.0000
ENSG00000275202.1	AL161421.1	lncRNA	39	38	39	2.0088	0.4982	0.5386
ENSG00000275206.1	AL353997.5	unprocessed_pseudogene	0	0	0	0.0000	0.0000	0.0000
ENSG00000275207.1	MIR6740	miRNA	3	2	1	1.5056	0.3734	0.4037
ENSG00000275208.1	MIR6745	miRNA	0	0	0	0.0000	0.0000	0.0000
ENSG00000275210.1	AC245884.11	lncRNA	3	2	1	0.0981	0.0243	0.0263
ENSG00000275212.3	LINC02826	lncRNA	7	4	5	0.0796	0.0197	0.0213
ENSG00000275213.1	Metazoa_SRP	misc_RNA	0	0	0	0.0000	0.0000	0.0000
ENSG00000275215.1	RNA5-8SN3	rRNA	0	0	0	0.0000	0.0000	0.0000
ENSG00000275216.2	AL161431.1	lncRNA	0	0	0	0.0000	0.0000	0.0000
ENSG00000275219.1	U2	snRNA	0	0	0	0.0000	0.0000	0.0000
ENSG00000275221.2	H2AC15	protein_coding	0	2	0	0.0000	0.0000	0.0000
ENSG00000275222.1	Metazoa_SRP	misc_RNA	0	0	0	0.0000	0.0000	0.0000
ENSG00000275223.1	AL121906.2	lncRNA	16	8	8	1.2550	0.3112	0.3365
ENSG00000275226.1	LINC00547	lncRNA	0	0	0	0.0000	0.0000	0.0000
ENSG00000275227.1	AC093416.2	misc_RNA	2	1	1	0.6266	0.1554	0.1680
ENSG00000275228.1	AC024257.5	lncRNA	1	0	1	0.1068	0.0265	0.0286
ENSG00000275229.1	RNU1-68P	snRNA	0	0	0	0.0000	0.0000	0.0000
ENSG00000275230.1	RN7SL544P	misc_RNA	0	0	0	0.0000	0.0000	0.0000
ENSG00000275231.1	AC007351.4	misc_RNA	0	0	0	0.0000	0.0000	0.0000
ENSG00000275232.1	AC073578.2	lncRNA	0	0	0	0.0000	0.0000	0.0000
ENSG00000275234.1	AC010503.4	lncRNA	750	558	471	61.8205	15.3309	16.5761
ENSG00000275236.1	AC009120.5	lncRNA	8	3	5	0.3107	0.0771	0.0833
ENSG00000275238.1	MIR4734	miRNA	0	0	0	0.0000	0.0000	0.0000
ENSG00000275239.4	FAM242F	lncRNA	1	1	0	0.0505	0.0125	0.0135
ENSG00000275243.1	TRBV16	TR_V_gene	0	0	0	0.0000	0.0000	0.0000
ENSG00000275248.1	AL355810.1	lncRNA	0	0	0	0.0000	0.0000	0.0000
ENSG00000275250.1	AC093913.1	processed_pseudogene	0	0	0	0.0000	0.0000	0.0000
ENSG00000275254.1	AC004386.3	misc_RNA	0	3	2	0.0000	0.0000	0.0000
ENSG00000275256.1	MRPS31P1	processed_pseudogene	0	0	0	0.0000	0.0000	0.0000
ENSG00000275259.1	MIR6511A1	miRNA	0	0	0	0.0000	0.0000	0.0000
ENSG00000275263.1	AC135048.3	lncRNA	8	4	5	1.3832	0.3430	0.3709
ENSG00000275265.1	AC127002.2	lncRNA	1	0	1	0.1246	0.0309	0.0334
ENSG00000275266.1	AC051649.3	misc_RNA	0	181	155	0.0000	0.0000	0.0000
ENSG00000275268.1	U7	snRNA	0	0	0	0.0000	0.0000	0.0000
ENSG00000275273.1	MIR6780A	miRNA	0	0	0	0.0000	0.0000	0.0000
ENSG00000275278.1	AC012150.2	lncRNA	0	0	0	0.0000	0.0000	0.0000
ENSG00000275280.1	AC007274.3	processed_pseudogene	0	0	0	0.0000	0.0000	0.0000
ENSG00000275285.1	AL391095.2	lncRNA	0	0	0	0.0000	0.0000	0.0000
ENSG00000275286.1	AC025253.1	lncRNA	0	0	0	0.0000	0.0000	0.0000
ENSG00000275287.5	Metazoa_SRP	misc_RNA	1	1	0	0.1956	0.0485	0.0524
ENSG00000275287.5_PAR_Y	Metazoa_SRP	misc_RNA	0	0	0	0.0000	0.0000	0.0000
ENSG00000275291.1	RNVU1-26	snRNA	0	0	0	0.0000	0.0000	0.0000
ENSG00000275293.1	Metazoa_SRP	misc_RNA	1	0	1	0.1772	0.0439	0.0475
ENSG00000275294.4	LINC02340	lncRNA	16	8	8	0.8264	0.2049	0.2216
ENSG00000275295.1	AC073968.1	processed_pseudogene	0	0	0	0.0000	0.0000	0.0000
ENSG00000275296.1	AC241377.1	processed_pseudogene	0	0	0	0.0000	0.0000	0.0000
ENSG00000275297.1	AL162731.1	lncRNA	0	0	0	0.0000	0.0000	0.0000
ENSG00000275302.2	CCL4	protein_coding	216	101	115	6.8242	1.6923	1.8298
ENSG00000275305.1	RNA5SP528	rRNA	0	0	0	0.0000	0.0000	0.0000
ENSG00000275307.1	AC004542.3	misc_RNA	0	0	0	0.0000	0.0000	0.0000
ENSG00000275310.1	AC006158.1	processed_pseudogene	0	0	0	0.0000	0.0000	0.0000
ENSG00000275312.1	AL512324.3	unprocessed_pseudogene	1	0	1	0.2613	0.0648	0.0701
ENSG00000275314.1	AC006924.1	unprocessed_pseudogene	0	0	0	0.0000	0.0000	0.0000
ENSG00000275315.1	AC141273.3	unprocessed_pseudogene	0	0	0	0.0000	0.0000	0.0000
ENSG00000275318.1	AL136981.2	unprocessed_pseudogene	64	33	31	4.9447	1.2262	1.3258
ENSG00000275319.1	Metazoa_SRP	misc_RNA	0	0	0	0.0000	0.0000	0.0000
ENSG00000275320.1	Z95327.2	processed_pseudogene	0	0	0	0.0000	0.0000	0.0000
ENSG00000275322.1	AC103746.1	lncRNA	2	1	1	0.1001	0.0248	0.0268
ENSG00000275325.4	PDCD6IPP1	transcribed_unprocessed_pseudogene	1	0	1	0.0442	0.0110	0.0119
ENSG00000275327.1	AL354950.2	lncRNA	0	4	12	0.0000	0.0000	0.0000
ENSG00000275328.1	SPDYE19P	unprocessed_pseudogene	6	3	3	0.4772	0.1183	0.1280
ENSG00000275329.1	AL138781.1	lncRNA	20	11	9	0.6154	0.1526	0.1650
ENSG00000275332.1	AC103691.2	lncRNA	1	4	7	0.1310	0.0325	0.0351
ENSG00000275334.1	MIR5787	miRNA	0	0	0	0.0000	0.0000	0.0000
ENSG00000275335.1	MIR8088	miRNA	0	0	0	0.0000	0.0000	0.0000
ENSG00000275337.1	RN7SL680P	misc_RNA	0	0	0	0.0000	0.0000	0.0000
ENSG00000275339.1	Z99129.1	processed_pseudogene	2	0	3	0.4448	0.1103	0.1193
ENSG00000275340.1	FGD5P1	transcribed_unprocessed_pseudogene	8	4	4	0.1173	0.0291	0.0314
ENSG00000275342.5	PRAG1	protein_coding	1462	744	718	17.1125	4.2437	4.5884
ENSG00000275343.1	AC010999.1	lncRNA	6	4	2	1.0502	0.2604	0.2816
ENSG00000275344.1	MIR6503	miRNA	2	1	1	1.3188	0.3271	0.3536
ENSG00000275345.1	AC091167.5	lncRNA	1	4	2	0.1373	0.0341	0.0368
ENSG00000275348.1	AC096861.1	processed_pseudogene	0	0	0	0.0000	0.0000	0.0000
ENSG00000275350.1	AL513479.1	processed_pseudogene	0	0	0	0.0000	0.0000	0.0000
ENSG00000275352.1	AC006335.2	unprocessed_pseudogene	0	0	0	0.0000	0.0000	0.0000
ENSG00000275355.1	Metazoa_SRP	misc_RNA	0	0	0	0.0000	0.0000	0.0000
ENSG00000275356.5	C7orf77	lncRNA	1	1	0	0.1035	0.0257	0.0277
ENSG00000275358.1	AL080312.2	lncRNA	5	1	4	0.4501	0.1116	0.1207
ENSG00000275359.1	AC106873.5	misc_RNA	0	8	15	0.0000	0.0000	0.0000
ENSG00000275360.1	MIR6868	miRNA	0	0	0	0.0000	0.0000	0.0000
ENSG00000275361.1	AC245517.5	unprocessed_pseudogene	0	0	0	0.0000	0.0000	0.0000
ENSG00000275362.1	Metazoa_SRP	misc_RNA	1	0	1	0.1772	0.0439	0.0475
ENSG00000275363.1	AC100757.3	unprocessed_pseudogene	0	0	0	0.0000	0.0000	0.0000
ENSG00000275367.1	AC092111.1	lncRNA	43	26	28	0.7262	0.1801	0.1947
ENSG00000275371.1	AC012645.4	lncRNA	4	132	125	0.2138	0.0530	0.0573
ENSG00000275372.1	AC009951.2	misc_RNA	0	0	0	0.0000	0.0000	0.0000
ENSG00000275373.1	MIR6124	miRNA	1	1	0	0.6672	0.1655	0.1789
ENSG00000275374.1	AC113385.3	unprocessed_pseudogene	8	3	5	0.6073	0.1506	0.1628
ENSG00000275377.1	MIR1299	miRNA	0	0	0	0.0000	0.0000	0.0000
ENSG00000275379.2	H3C11	protein_coding	1	1	0	0.1130	0.0280	0.0303
ENSG00000275381.1	AC019206.1	processed_pseudogene	0	0	0	0.0000	0.0000	0.0000
ENSG00000275383.1	AC126773.6	lncRNA	7	5	2	0.1305	0.0324	0.0350
ENSG00000275385.2	CCL18	protein_coding	11	7	4	0.4440	0.1101	0.1190
ENSG00000275386.1	AC105081.1	unprocessed_pseudogene	0	0	0	0.0000	0.0000	0.0000
ENSG00000275387.1	AL049732.1	unprocessed_pseudogene	0	0	0	0.0000	0.0000	0.0000
ENSG00000275389.1	AC068790.9	lncRNA	6	4	2	0.1199	0.0297	0.0321
ENSG00000275390.1	AL353626.1	lncRNA	0	0	0	0.0000	0.0000	0.0000
ENSG00000275391.1	MIR6770-3	miRNA	0	0	0	0.0000	0.0000	0.0000
ENSG00000275392.1	AL445493.3	lncRNA	2	2	0	0.2378	0.0590	0.0638
ENSG00000275393.1	AC018695.6	lncRNA	26	8	18	2.7612	0.6847	0.7404
ENSG00000275395.6	FCGBP	protein_coding	908	442	467	3.9729	0.9852	1.0653
ENSG00000275400.1	AC006001.4	processed_pseudogene	0	0	0	0.0000	0.0000	0.0000
ENSG00000275401.1	AL391095.3	lncRNA	10	4	6	0.7876	0.1953	0.2112
ENSG00000275406.1	AL359742.1	unprocessed_pseudogene	0	0	0	0.0000	0.0000	0.0000
ENSG00000275409.1	AC026367.2	lncRNA	19	9	10	1.9484	0.4832	0.5224
ENSG00000275410.5	HNF1B	protein_coding	1	0	1	0.0097	0.0024	0.0026
ENSG00000275411.1	MIR6882	miRNA	0	0	0	0.0000	0.0000	0.0000
ENSG00000275413.1	AC002553.2	lncRNA	13	13	9	2.2273	0.5523	0.5972
ENSG00000275414.1	AC007277.2	misc_RNA	0	0	0	0.0000	0.0000	0.0000
ENSG00000275417.1	AC068726.1	lncRNA	0	0	0	0.0000	0.0000	0.0000
ENSG00000275418.1	AC104971.3	lncRNA	0	0	0	0.0000	0.0000	0.0000
ENSG00000275419.1	AL357075.1	processed_pseudogene	0	0	0	0.0000	0.0000	0.0000
ENSG00000275423.1	VN1R18P	processed_pseudogene	0	0	0	0.0000	0.0000	0.0000
ENSG00000275426.1	AC253576.2	lncRNA	5	0	5	0.4889	0.1212	0.1311
ENSG00000275427.1	AF067845.2	lncRNA	0	0	0	0.0000	0.0000	0.0000
ENSG00000275429.1	MIR6862-1	miRNA	0	0	0	0.0000	0.0000	0.0000
ENSG00000275431.1	AC244100.2	lncRNA	0	22	21	0.0000	0.0000	0.0000
ENSG00000275432.1	AC022149.1	processed_pseudogene	0	0	0	0.0000	0.0000	0.0000
ENSG00000275437.1	AL121832.3	lncRNA	33	12	21	0.5058	0.1254	0.1356
ENSG00000275438.1	AL031008.1	lncRNA	1	1	0	0.1048	0.0260	0.0281
ENSG00000275441.1	AC020765.2	lncRNA	7	215	172	0.9189	0.2279	0.2464
ENSG00000275443.2	AC012409.2	lncRNA	1	1	0	0.0517	0.0128	0.0139
ENSG00000275445.1	AC092119.3	lncRNA	8	9	1	0.7782	0.1930	0.2087
ENSG00000275448.1	AC027506.1	processed_pseudogene	0	0	0	0.0000	0.0000	0.0000
ENSG00000275449.1	MIR6859-3	miRNA	0	0	0	0.0000	0.0000	0.0000
ENSG00000275450.1	PTGER4P2-CDK2AP2P2	lncRNA	3	2	1	0.0545	0.0135	0.0146
ENSG00000275451.1	MIR6085	miRNA	0	0	0	0.0000	0.0000	0.0000
ENSG00000275453.2	MIR548O2	miRNA	0	0	0	0.0000	0.0000	0.0000
ENSG00000275454.1	AC105020.6	lncRNA	15	252	238	0.6990	0.1733	0.1874
ENSG00000275455.1	MIR7852	miRNA	0	0	0	0.0000	0.0000	0.0000
ENSG00000275457.1	AL117332.1	lncRNA	36	302	304	2.0961	0.5198	0.5620
ENSG00000275458.1	MIR6809	miRNA	0	0	0	0.0000	0.0000	0.0000
ENSG00000275460.1	Metazoa_SRP	misc_RNA	0	0	0	0.0000	0.0000	0.0000
ENSG00000275461.1	AC084768.2	unprocessed_pseudogene	0	0	0	0.0000	0.0000	0.0000
ENSG00000275464.5	FP565260.1	protein_coding	279	135	144	2.0849	0.5170	0.5590
ENSG00000275465.7	AL449403.2	lncRNA	2	1	1	0.0305	0.0076	0.0082
ENSG00000275467.1	AC083806.3	lncRNA	2	1	1	0.2493	0.0618	0.0668
ENSG00000275468.1	AC004678.1	processed_pseudogene	4	4	0	0.2442	0.0606	0.0655
ENSG00000275469.1	MIR6130	miRNA	0	0	0	0.0000	0.0000	0.0000
ENSG00000275475.1	IGHV3-54	IG_V_pseudogene	0	0	0	0.0000	0.0000	0.0000
ENSG00000275476.1	AC009318.4	lncRNA	42	19	23	4.9009	1.2154	1.3141
ENSG00000275479.1	AC087741.2	lncRNA	29	14	15	9.5616	2.3712	2.5638
ENSG00000275480.1	AC131055.2	unprocessed_pseudogene	0	0	0	0.0000	0.0000	0.0000
ENSG00000275481.1	AC025031.4	lncRNA	37	19	18	0.6415	0.1591	0.1720
ENSG00000275484.1	AP003419.3	lncRNA	28	11	17	3.0713	0.7617	0.8235
ENSG00000275485.1	AL512652.1	lncRNA	5	1	4	0.5671	0.1406	0.1521
ENSG00000275488.1	AC023509.5	processed_pseudogene	0	0	0	0.0000	0.0000	0.0000
ENSG00000275489.2	C17orf98	protein_coding	1	0	1	0.0919	0.0228	0.0246
ENSG00000275490.1	AC233263.2	unprocessed_pseudogene	0	0	0	0.0000	0.0000	0.0000
ENSG00000275491.1	LINC01730	lncRNA	35	17	18	2.3545	0.5839	0.6313
ENSG00000275493.2	AL627230.1	protein_coding	1	0	1	0.1658	0.0411	0.0445
ENSG00000275494.1	AC133552.5	lncRNA	117	51	66	12.4252	3.0813	3.3316
ENSG00000275496.4	CU633906.1	lncRNA	0	0	0	0.0000	0.0000	0.0000
ENSG00000275497.1	AC009237.17	unprocessed_pseudogene	0	0	0	0.0000	0.0000	0.0000
ENSG00000275502.1	AL359751.1	misc_RNA	0	0	0	0.0000	0.0000	0.0000
ENSG00000275503.1	AL355994.5	processed_pseudogene	0	0	0	0.0000	0.0000	0.0000
ENSG00000275504.1	U7	snRNA	0	0	0	0.0000	0.0000	0.0000
ENSG00000275506.1	H3P25	processed_pseudogene	4	0	4	0.6266	0.1554	0.1680
ENSG00000275508.1	AL109620.1	processed_pseudogene	0	0	0	0.0000	0.0000	0.0000
ENSG00000275512.1	AC007998.4	lncRNA	1	1	0	0.0224	0.0056	0.0060
ENSG00000275515.1	AC012676.2	processed_pseudogene	3	1	2	0.9147	0.2268	0.2453
ENSG00000275516.1	AC100791.3	lncRNA	0	65	65	0.0000	0.0000	0.0000
ENSG00000275518.1	MIR6718	miRNA	0	0	0	0.0000	0.0000	0.0000
ENSG00000275519.1	MIR6804	miRNA	0	0	0	0.0000	0.0000	0.0000
ENSG00000275520.2	FAM236A	protein_coding	0	0	0	0.0000	0.0000	0.0000
ENSG00000275523.1	MIR6508	miRNA	0	0	0	0.0000	0.0000	0.0000
ENSG00000275524.1	SNORD115-26	snoRNA	0	0	0	0.0000	0.0000	0.0000
ENSG00000275527.1	AC100835.2	lncRNA	0	12	11	0.0000	0.0000	0.0000
ENSG00000275529.1	SNORD116-4	snoRNA	0	0	0	0.0000	0.0000	0.0000
ENSG00000275532.1	AC006449.2	lncRNA	31	40	38	3.6173	0.8971	0.9699
ENSG00000275538.1	RNVU1-19	snRNA	0	0	0	0.0000	0.0000	0.0000
ENSG00000275540.1	AC011477.6	unprocessed_pseudogene	9	4	5	0.3544	0.0879	0.0950
ENSG00000275547.1	AC010632.3	unprocessed_pseudogene	0	0	0	0.0000	0.0000	0.0000
ENSG00000275549.1	STPG3-AS1	lncRNA	15	19	19	0.5001	0.1240	0.1341
ENSG00000275550.1	AL096712.1	processed_pseudogene	0	0	0	0.0000	0.0000	0.0000
ENSG00000275552.1	AC243965.2	lncRNA	4	58	40	0.0849	0.0211	0.0228
ENSG00000275553.4	ELOA3C	protein_coding	0	0	0	0.0000	0.0000	0.0000
ENSG00000275557.1	AC242842.1	lncRNA	8	6	2	1.0149	0.2517	0.2721
ENSG00000275558.1	RN7SKP175	misc_RNA	0	0	0	0.0000	0.0000	0.0000
ENSG00000275559.1	AL137060.5	misc_RNA	0	1	0	0.0000	0.0000	0.0000
ENSG00000275560.1	AC008115.3	lncRNA	109	52	57	11.2594	2.7922	3.0190
ENSG00000275562.1	AC104763.2	unprocessed_pseudogene	1	1	1	0.0918	0.0228	0.0246
ENSG00000275563.1	AL929601.3	lncRNA	0	0	0	0.0000	0.0000	0.0000
ENSG00000275567.1	AC008250.2	lncRNA	0	0	0	0.0000	0.0000	0.0000
ENSG00000275569.1	AL355073.2	lncRNA	0	0	0	0.0000	0.0000	0.0000
ENSG00000275572.1	GRIFIN	protein_coding	0	0	0	0.0000	0.0000	0.0000
ENSG00000275576.1	AL049539.1	lncRNA	1	0	1	0.1236	0.0306	0.0331
ENSG00000275578.1	AC007742.1	unprocessed_pseudogene	0	0	0	0.0000	0.0000	0.0000
ENSG00000275580.1	AC022306.2	lncRNA	39	19	20	3.4184	0.8477	0.9166
ENSG00000275582.1	AL031670.1	lncRNA	44	287	269	3.7298	0.9250	1.0001
ENSG00000275585.2	AC241377.2	transcribed_unprocessed_pseudogene	5	1	4	0.2158	0.0535	0.0579
ENSG00000275586.1	Metazoa_SRP	misc_RNA	0	0	0	0.0000	0.0000	0.0000
ENSG00000275588.1	RN7SL341P	misc_RNA	0	0	0	0.0000	0.0000	0.0000
ENSG00000275589.1	AC012531.5	misc_RNA	0	0	0	0.0000	0.0000	0.0000
ENSG00000275591.5	XKR5	protein_coding	11	5	6	0.1270	0.0315	0.0341
ENSG00000275592.1	VN1R7P	processed_pseudogene	0	0	0	0.0000	0.0000	0.0000
ENSG00000275597.1	ANAPC1P5	unprocessed_pseudogene	1	1	0	0.0944	0.0234	0.0253
ENSG00000275598.1	AP000484.1	processed_pseudogene	0	0	0	0.0000	0.0000	0.0000
ENSG00000275601.1	AC011330.2	lncRNA	17	10	7	1.5182	0.3765	0.4071
ENSG00000275607.1	AC135507.2	processed_pseudogene	1	2	1	0.1835	0.0455	0.0492
ENSG00000275609.1	AP000346.3	processed_pseudogene	2	2	0	0.5401	0.1339	0.1448
ENSG00000275610.1	DUX4L21	unprocessed_pseudogene	0	0	0	0.0000	0.0000	0.0000
ENSG00000275612.1	AC104237.2	lncRNA	1	0	1	0.1280	0.0317	0.0343
ENSG00000275613.2	AC243830.1	lncRNA	6	3	3	0.1391	0.0345	0.0373
ENSG00000275616.1	U2	snRNA	0	0	0	0.0000	0.0000	0.0000
ENSG00000275620.1	FLJ16779	lncRNA	7	5	2	0.0520	0.0129	0.0139
ENSG00000275625.1	AC004386.4	misc_RNA	0	13	12	0.0000	0.0000	0.0000
ENSG00000275628.2	AL590491.1	transcribed_processed_pseudogene	0	0	0	0.0000	0.0000	0.0000
ENSG00000275630.1	AC004816.2	lncRNA	1	1	0	0.1997	0.0495	0.0535
ENSG00000275631.1	U1	snRNA	0	0	0	0.0000	0.0000	0.0000
ENSG00000275632.1	AL035461.2	lncRNA	26	36	33	2.8139	0.6978	0.7545
ENSG00000275634.1	AC109486.3	misc_RNA	0	0	0	0.0000	0.0000	0.0000
ENSG00000275635.1	U7	snRNA	0	0	0	0.0000	0.0000	0.0000
ENSG00000275636.1	AC021755.3	lncRNA	2	1	1	0.2487	0.0617	0.0667
ENSG00000275638.1	AC011939.3	lncRNA	0	39	29	0.0000	0.0000	0.0000
ENSG00000275640.1	MIR6793	miRNA	2	2	0	1.8003	0.4465	0.4827
ENSG00000275642.1	Metazoa_SRP	misc_RNA	0	0	0	0.0000	0.0000	0.0000
ENSG00000275643.1	RBM22P6	processed_pseudogene	0	0	0	0.0000	0.0000	0.0000
ENSG00000275645.1	AC068338.3	lncRNA	17	43	40	2.3064	0.5720	0.6184
ENSG00000275646.1	AC009014.2	misc_RNA	0	0	0	0.0000	0.0000	0.0000
ENSG00000275647.1	AC093783.1	processed_pseudogene	0	0	0	0.0000	0.0000	0.0000
ENSG00000275649.1	AL445584.2	lncRNA	0	0	0	0.0000	0.0000	0.0000
ENSG00000275651.1	MIR6851	miRNA	0	0	0	0.0000	0.0000	0.0000
ENSG00000275652.1	MIR6796	miRNA	0	0	0	0.0000	0.0000	0.0000
ENSG00000275654.1	AC138894.4	unprocessed_pseudogene	0	0	0	0.0000	0.0000	0.0000
ENSG00000275655.1	RN7SL313P	misc_RNA	1	0	1	0.1969	0.0488	0.0528
ENSG00000275656.1	AL008723.3	misc_RNA	1	0	1	0.6444	0.1598	0.1728
ENSG00000275662.1	SNORD112	snoRNA	0	0	0	0.0000	0.0000	0.0000
ENSG00000275663.2	H4C7	protein_coding	0	0	0	0.0000	0.0000	0.0000
ENSG00000275664.1	FP671120.1	misc_RNA	0	0	0	0.0000	0.0000	0.0000
ENSG00000275665.1	AC006449.3	lncRNA	2	397	433	0.2015	0.0500	0.0540
ENSG00000275666.1	AC021424.1	misc_RNA	0	2	3	0.0000	0.0000	0.0000
ENSG00000275667.1	MIR6839	miRNA	0	0	0	0.0000	0.0000	0.0000
ENSG00000275669.1	MIR6744	miRNA	0	0	0	0.0000	0.0000	0.0000
ENSG00000275670.1	MIR8076	miRNA	0	0	0	0.0000	0.0000	0.0000
ENSG00000275672.1	AC025580.3	lncRNA	3	2	3	0.1195	0.0296	0.0320
ENSG00000275674.1	AC091167.6	protein_coding	0	0	0	0.0000	0.0000	0.0000
ENSG00000275675.1	AL161931.1	unprocessed_pseudogene	1	1	0	0.2305	0.0572	0.0618
ENSG00000275676.1	BX005040.1	lncRNA	0	0	0	0.0000	0.0000	0.0000
ENSG00000275678.1	AL133320.2	lncRNA	1	1	0	0.0241	0.0060	0.0065
ENSG00000275680.1	Metazoa_SRP	misc_RNA	0	0	0	0.0000	0.0000	0.0000
ENSG00000275681.1	U73479.1	unprocessed_pseudogene	0	0	0	0.0000	0.0000	0.0000
ENSG00000275688.4	CCL15-CCL14	protein_coding	0	0	0	0.0000	0.0000	0.0000
ENSG00000275689.1	AL161613.1	misc_RNA	0	0	0	0.0000	0.0000	0.0000
ENSG00000275691.2	MT1IP	transcribed_unprocessed_pseudogene	0	0	0	0.0000	0.0000	0.0000
ENSG00000275692.1	MIR6724-4	miRNA	0	0	0	0.0000	0.0000	0.0000
ENSG00000275693.1	AL157394.2	misc_RNA	0	1	1	0.0000	0.0000	0.0000
ENSG00000275695.1	UBE2Q2P6	transcribed_unprocessed_pseudogene	1	0	1	0.1241	0.0308	0.0333
ENSG00000275696.1	Metazoa_SRP	misc_RNA	0	0	0	0.0000	0.0000	0.0000
ENSG00000275700.5	AATF	protein_coding	6519	3267	3252	79.7610	19.7799	21.3866
ENSG00000275703.1	U47924.3	lncRNA	5	1	4	0.6151	0.1525	0.1649
ENSG00000275708.1	MIR3648-1	miRNA	0	0	0	0.0000	0.0000	0.0000
ENSG00000275709.1	AC090527.3	lncRNA	8	5	10	0.8279	0.2053	0.2220
ENSG00000275710.1	AC007485.1	lncRNA	12	10	5	3.3035	0.8192	0.8858
ENSG00000275711.1	MIR6795	miRNA	0	0	0	0.0000	0.0000	0.0000
ENSG00000275713.2	H2BC9	protein_coding	101	51	51	2.7804	0.6895	0.7455
ENSG00000275714.2	H3C1	protein_coding	6	2	4	0.6698	0.1661	0.1796
ENSG00000275716.1	AL080285.2	processed_pseudogene	0	0	0	0.0000	0.0000	0.0000
ENSG00000275718.2	CCL15	protein_coding	0	0	0	0.0000	0.0000	0.0000
ENSG00000275719.1	AC008622.2	lncRNA	4	2041	1985	0.1846	0.0458	0.0495
ENSG00000275720.1	AC243830.2	lncRNA	3	1	2	0.2700	0.0670	0.0724
ENSG00000275722.5	LYZL6	protein_coding	0	0	0	0.0000	0.0000	0.0000
ENSG00000275725.1	AC104010.1	processed_pseudogene	0	0	0	0.0000	0.0000	0.0000
ENSG00000275726.1	MIR6088	miRNA	0	0	0	0.0000	0.0000	0.0000
ENSG00000275728.1	AL049794.2	lncRNA	0	0	0	0.0000	0.0000	0.0000
ENSG00000275733.1	AC092266.1	processed_pseudogene	0	0	0	0.0000	0.0000	0.0000
ENSG00000275734.2	AC010538.1	lncRNA	58	26	35	1.0690	0.2651	0.2866
ENSG00000275740.1	AC091959.1	protein_coding	0	0	0	0.0000	0.0000	0.0000
ENSG00000275741.1	AL162497.1	lncRNA	1	9	7	0.1095	0.0271	0.0294
ENSG00000275743.1	TRBV14	TR_V_gene	3	2	1	0.4190	0.1039	0.1124
ENSG00000275745.1	Y_RNA	misc_RNA	0	0	0	0.0000	0.0000	0.0000
ENSG00000275747.1	IGHV3-79	IG_V_pseudogene	1	1	0	0.1663	0.0412	0.0446
ENSG00000275756.1	AL354751.3	processed_pseudogene	0	0	0	0.0000	0.0000	0.0000
ENSG00000275759.1	AC026367.3	lncRNA	77	43	34	7.4011	1.8354	1.9845
ENSG00000275763.3	ZNF516-DT	lncRNA	42	21	21	1.1473	0.2845	0.3076
ENSG00000275764.1	AC092747.4	lncRNA	1084	554	530	33.0326	8.1917	8.8571
ENSG00000275765.5	AC091982.3	lncRNA	80	40	40	6.2490	1.5497	1.6756
ENSG00000275767.1	AC244015.2	unprocessed_pseudogene	0	0	0	0.0000	0.0000	0.0000
ENSG00000275768.1	SLC2AXP1	unprocessed_pseudogene	0	0	0	0.0000	0.0000	0.0000
ENSG00000275769.1	AC068792.1	lncRNA	14	6	8	1.9039	0.4722	0.5105
ENSG00000275770.1	MIR6505	miRNA	0	0	0	0.0000	0.0000	0.0000
ENSG00000275771.1	OR4G6P	unprocessed_pseudogene	0	0	0	0.0000	0.0000	0.0000
ENSG00000275772.1	AC244157.2	processed_pseudogene	0	0	0	0.0000	0.0000	0.0000
ENSG00000275773.1	AL590227.1	lncRNA	0	0	0	0.0000	0.0000	0.0000
ENSG00000275774.3	HNRNPCL2	protein_coding	1	0	1	0.0491	0.0122	0.0132
ENSG00000275776.1	RN7SL185P	misc_RNA	0	0	0	0.0000	0.0000	0.0000
ENSG00000275778.2	AC018630.4	protein_coding	0	0	0	0.0000	0.0000	0.0000
ENSG00000275785.1	AC015914.2	unprocessed_pseudogene	1	0	1	0.1969	0.0488	0.0528
ENSG00000275787.1	OR7G15P	unprocessed_pseudogene	0	0	0	0.0000	0.0000	0.0000
ENSG00000275788.1	Metazoa_SRP	misc_RNA	0	0	0	0.0000	0.0000	0.0000
ENSG00000275789.1	MIR8064	miRNA	0	0	0	0.0000	0.0000	0.0000
ENSG00000275791.1	TRBV10-3	TR_V_gene	0	0	0	0.0000	0.0000	0.0000
ENSG00000275793.1	RIMBP3	protein_coding	26	10	16	0.2415	0.0599	0.0648
ENSG00000275799.1	AP001059.1	lncRNA	0	0	0	0.0000	0.0000	0.0000
ENSG00000275800.1	EIF5P2	unprocessed_pseudogene	0	0	0	0.0000	0.0000	0.0000
ENSG00000275801.1	AL121985.3	unprocessed_pseudogene	0	0	0	0.0000	0.0000	0.0000
ENSG00000275803.1	RN7SL736P	misc_RNA	1	1	0	0.2108	0.0523	0.0565
ENSG00000275805.1	AC090206.1	lncRNA	48	28	20	1.6222	0.4023	0.4350
ENSG00000275807.1	AC145285.6	lncRNA	18	53	47	0.6633	0.1645	0.1778
ENSG00000275808.1	Metazoa_SRP	misc_RNA	0	0	0	0.0000	0.0000	0.0000
ENSG00000275810.1	MIR8082	miRNA	0	0	0	0.0000	0.0000	0.0000
ENSG00000275811.1	HTR1DP1	processed_pseudogene	0	0	0	0.0000	0.0000	0.0000
ENSG00000275812.1	AL121829.2	lncRNA	5	9	10	0.8645	0.2144	0.2318
ENSG00000275816.1	MIR6500	miRNA	0	0	0	0.0000	0.0000	0.0000
ENSG00000275818.1	MIR6818	miRNA	0	0	0	0.0000	0.0000	0.0000
ENSG00000275823.1	AL109925.2	misc_RNA	0	0	0	0.0000	0.0000	0.0000
ENSG00000275826.1	AC093909.5	processed_pseudogene	0	0	0	0.0000	0.0000	0.0000
ENSG00000275827.1	AC021506.2	processed_pseudogene	0	0	0	0.0000	0.0000	0.0000
ENSG00000275828.1	CHEK2P1	unprocessed_pseudogene	0	0	0	0.0000	0.0000	0.0000
ENSG00000275830.2	AL390755.1	lncRNA	2	0	2	0.0261	0.0065	0.0070
ENSG00000275832.5	ARHGAP23	protein_coding	1911	952	959	13.4125	3.3262	3.5963
ENSG00000275833.1	AC073107.2	unprocessed_pseudogene	2	0	2	0.4766	0.1182	0.1278
ENSG00000275834.1	AC084368.1	processed_pseudogene	0	0	0	0.0000	0.0000	0.0000
ENSG00000275835.5	TUBGCP5	protein_coding	1258	622	636	11.1890	2.7748	3.0001
ENSG00000275836.1	MIR6068	miRNA	0	0	0	0.0000	0.0000	0.0000
ENSG00000275839.1	AC243654.2	processed_pseudogene	2	2	0	0.2560	0.0635	0.0686
ENSG00000275840.1	Metazoa_SRP	misc_RNA	0	0	0	0.0000	0.0000	0.0000
ENSG00000275842.1	MIR941-5	miRNA	0	0	0	0.0000	0.0000	0.0000
ENSG00000275846.1	AL513548.3	lncRNA	6	4	2	0.0866	0.0215	0.0232
ENSG00000275850.1	AC005912.2	lncRNA	0	0	0	0.0000	0.0000	0.0000
ENSG00000275852.1	LINC01742	lncRNA	0	0	0	0.0000	0.0000	0.0000
ENSG00000275853.1	Metazoa_SRP	misc_RNA	0	0	0	0.0000	0.0000	0.0000
ENSG00000275854.1	AC084824.4	lncRNA	47	403	436	3.6462	0.9042	0.9777
ENSG00000275856.1	AL669914.2	misc_RNA	0	1	0	0.0000	0.0000	0.0000
ENSG00000275857.1	AC009133.4	lncRNA	0	420	424	0.0000	0.0000	0.0000
ENSG00000275859.1	MIR6720	miRNA	0	11	15	0.0000	0.0000	0.0000
ENSG00000275860.1	AC005702.4	unprocessed_pseudogene	0	0	0	0.0000	0.0000	0.0000
ENSG00000275862.1	AC008622.3	processed_pseudogene	0	0	0	0.0000	0.0000	0.0000
ENSG00000275863.1	MIR7975	miRNA	0	0	0	0.0000	0.0000	0.0000
ENSG00000275866.1	AC016991.1	processed_pseudogene	0	0	0	0.0000	0.0000	0.0000
ENSG00000275868.1	MIR8054	miRNA	0	0	0	0.0000	0.0000	0.0000
ENSG00000275871.1	AC131025.2	lncRNA	0	14	7	0.0000	0.0000	0.0000
ENSG00000275874.1	PICSAR	lncRNA	3	1	2	0.2321	0.0576	0.0622
ENSG00000275875.1	AC091812.3	processed_pseudogene	1	0	1	0.1644	0.0408	0.0441
ENSG00000275877.1	5_8S_rRNA	rRNA	0	0	0	0.0000	0.0000	0.0000
ENSG00000275878.1	RN7SL43P	misc_RNA	0	0	0	0.0000	0.0000	0.0000
ENSG00000275880.1	AL139385.1	lncRNA	15	56	56	0.2600	0.0645	0.0697
ENSG00000275881.1	Metazoa_SRP	misc_RNA	2	1	1	0.4139	0.1027	0.1110
ENSG00000275882.1	IKBKGP1	unprocessed_pseudogene	1	2	2	0.0529	0.0131	0.0142
ENSG00000275888.1	AC132872.3	lncRNA	32	533	517	2.8851	0.7155	0.7736
ENSG00000275894.1	AL021578.1	lncRNA	9	4	5	0.7199	0.1785	0.1930
ENSG00000275895.7	U2AF1L5	protein_coding	1	1	0	0.0051	0.0013	0.0014
ENSG00000275896.6	PRSS2	protein_coding	7	4	3	0.3153	0.0782	0.0845
ENSG00000275897.1	AC021491.4	lncRNA	33	15	18	0.7273	0.1804	0.1950
ENSG00000275898.1	AC125603.4	lncRNA	3	2	1	0.0630	0.0156	0.0169
ENSG00000275900.1	U3	snoRNA	0	0	0	0.0000	0.0000	0.0000
ENSG00000275901.1	Metazoa_SRP	misc_RNA	0	0	0	0.0000	0.0000	0.0000
ENSG00000275902.1	AC139530.3	lncRNA	0	6	8	0.0000	0.0000	0.0000
ENSG00000275904.1	Y_RNA	misc_RNA	0	0	0	0.0000	0.0000	0.0000
ENSG00000275905.1	AP003789.1	unprocessed_pseudogene	0	0	0	0.0000	0.0000	0.0000
ENSG00000275906.1	NAPGP2	processed_pseudogene	0	0	0	0.0000	0.0000	0.0000
ENSG00000275908.1	AC004381.2	snRNA	0	0	0	0.0000	0.0000	0.0000
ENSG00000275909.1	Metazoa_SRP	misc_RNA	0	0	0	0.0000	0.0000	0.0000
ENSG00000275910.1	AC138932.4	lncRNA	8	151	141	0.8058	0.1998	0.2161
ENSG00000275915.1	AL021155.1	misc_RNA	0	0	0	0.0000	0.0000	0.0000
ENSG00000275919.1	AL161420.1	processed_pseudogene	0	0	0	0.0000	0.0000	0.0000
ENSG00000275923.1	AL160413.1	lncRNA	0	0	0	0.0000	0.0000	0.0000
ENSG00000275924.1	MIR6807	miRNA	0	0	0	0.0000	0.0000	0.0000
ENSG00000275927.1	AC009152.1	lncRNA	3	3	0	0.3060	0.0759	0.0820
ENSG00000275928.2	REXO1L11P	processed_pseudogene	0	0	0	0.0000	0.0000	0.0000
ENSG00000275929.1	AC068831.4	unprocessed_pseudogene	1	0	1	0.1562	0.0387	0.0419
ENSG00000275930.1	Y_RNA	misc_RNA	0	0	0	0.0000	0.0000	0.0000
ENSG00000275933.1	7SK	misc_RNA	0	0	0	0.0000	0.0000	0.0000
ENSG00000275936.1	AC004263.1	lncRNA	6	6	0	0.5019	0.1245	0.1346
ENSG00000275939.1	AC008497.1	misc_RNA	0	0	0	0.0000	0.0000	0.0000
ENSG00000275940.1	MRPL57P3	processed_pseudogene	0	0	0	0.0000	0.0000	0.0000
ENSG00000275942.1	Z99774.2	misc_RNA	0	0	0	0.0000	0.0000	0.0000
ENSG00000275944.1	AC244100.3	lncRNA	0	0	1	0.0000	0.0000	0.0000
ENSG00000275945.1	EIF3FP1	processed_pseudogene	3	2	1	0.2111	0.0523	0.0566
ENSG00000275948.1	AP000769.4	sRNA	0	0	0	0.0000	0.0000	0.0000
ENSG00000275950.1	MIR6724-1	miRNA	0	0	0	0.0000	0.0000	0.0000
ENSG00000275953.1	AL359535.1	processed_pseudogene	0	0	0	0.0000	0.0000	0.0000
ENSG00000275954.5	TBC1D3F	protein_coding	5	1	4	0.1339	0.0332	0.0359
ENSG00000275956.1	AC104446.2	processed_pseudogene	11	6	5	0.4722	0.1171	0.1266
ENSG00000275958.1	AL049765.2	misc_RNA	0	0	0	0.0000	0.0000	0.0000
ENSG00000275959.1	AC108467.2	processed_pseudogene	0	0	0	0.0000	0.0000	0.0000
ENSG00000275961.1	RN7SL210P	misc_RNA	0	0	0	0.0000	0.0000	0.0000
ENSG00000275963.1	AC008115.4	lncRNA	51	18	33	3.7319	0.9255	1.0006
ENSG00000275964.1	AL355001.2	lncRNA	34	20	15	1.6189	0.4015	0.4341
ENSG00000275965.1	AC091544.7	lncRNA	2	1	1	0.3142	0.0779	0.0842
ENSG00000275967.1	MIR6880	miRNA	0	0	0	0.0000	0.0000	0.0000
ENSG00000275968.1	AL359751.2	misc_RNA	0	0	0	0.0000	0.0000	0.0000
ENSG00000275969.2	SPATA31A3	protein_coding	0	0	0	0.0000	0.0000	0.0000
ENSG00000275971.1	AC018659.4	misc_RNA	0	0	0	0.0000	0.0000	0.0000
ENSG00000275975.1	Metazoa_SRP	misc_RNA	0	0	0	0.0000	0.0000	0.0000
ENSG00000275976.5	AC211476.3	lncRNA	0	0	0	0.0000	0.0000	0.0000
ENSG00000275978.1	Metazoa_SRP	misc_RNA	0	0	0	0.0000	0.0000	0.0000
ENSG00000275980.1	AL390882.1	processed_pseudogene	1	0	1	0.0955	0.0237	0.0256
ENSG00000275981.1	AC018816.2	misc_RNA	2	1	1	0.3213	0.0797	0.0862
ENSG00000275982.1	Y_RNA	misc_RNA	0	0	0	0.0000	0.0000	0.0000
ENSG00000275989.2	AL442128.1	transcribed_unprocessed_pseudogene	0	0	0	0.0000	0.0000	0.0000
ENSG00000275992.1	RN7SL327P	misc_RNA	0	0	0	0.0000	0.0000	0.0000
ENSG00000275993.3	SIK1B	protein_coding	612	314	298	7.1589	1.7753	1.9195
ENSG00000275994.1	SNORA24	snoRNA	0	0	0	0.0000	0.0000	0.0000
ENSG00000275995.1	AC109809.1	lncRNA	1	0	1	0.1041	0.0258	0.0279
ENSG00000275996.1	SNORD27	snoRNA	0	0	0	0.0000	0.0000	0.0000
ENSG00000275997.1	AC016292.2	processed_pseudogene	0	1	0	0.0000	0.0000	0.0000
ENSG00000276002.1	Metazoa_SRP	misc_RNA	0	0	0	0.0000	0.0000	0.0000
ENSG00000276003.1	AC108065.1	misc_RNA	0	0	0	0.0000	0.0000	0.0000
ENSG00000276006.1	REXO1L12P	processed_pseudogene	0	0	0	0.0000	0.0000	0.0000
ENSG00000276007.1	AC079414.3	lncRNA	22	13	9	1.1446	0.2839	0.3069
ENSG00000276012.1	AL160153.1	lncRNA	2	17	11	0.2644	0.0656	0.0709
ENSG00000276014.1	RN7SL301P	misc_RNA	0	0	0	0.0000	0.0000	0.0000
ENSG00000276015.1	AC021424.2	misc_RNA	0	2	0	0.0000	0.0000	0.0000
ENSG00000276019.1	AL161437.1	misc_RNA	0	0	0	0.0000	0.0000	0.0000
ENSG00000276023.5	DUSP14	protein_coding	2918	1434	1484	67.8474	16.8255	18.1921
ENSG00000276027.1	RNU12	snRNA	0	0	0	0.0000	0.0000	0.0000
ENSG00000276029.1	MIR4477A	miRNA	0	0	0	0.0000	0.0000	0.0000
ENSG00000276030.1	AC073534.2	lncRNA	4	3	1	0.5954	0.1476	0.1596
ENSG00000276031.1	RN7SL197P	misc_RNA	0	0	0	0.0000	0.0000	0.0000
ENSG00000276036.1	RNA5SP440	rRNA_pseudogene	3	4	2	1.4297	0.3545	0.3833
ENSG00000276039.1	AL353770.2	processed_pseudogene	0	0	0	0.0000	0.0000	0.0000
ENSG00000276040.4	SPATA31A7	protein_coding	0	0	0	0.0000	0.0000	0.0000
ENSG00000276043.5	UHRF1	protein_coding	1339	684	655	14.7589	3.6601	3.9574
ENSG00000276045.3	ORAI1	protein_coding	1058	532	526	26.5248	6.5779	7.1122
ENSG00000276046.1	DUX4L13	unprocessed_pseudogene	0	0	0	0.0000	0.0000	0.0000
ENSG00000276047.1	RN7SL711P	misc_RNA	1	1	0	0.1897	0.0470	0.0509
ENSG00000276048.1	AC012354.4	misc_RNA	0	0	0	0.0000	0.0000	0.0000
ENSG00000276050.1	IGKV2OR2-10	IG_V_pseudogene	0	0	0	0.0000	0.0000	0.0000
ENSG00000276054.1	AC243654.3	lncRNA	0	0	0	0.0000	0.0000	0.0000
ENSG00000276055.1	AC108726.1	misc_RNA	0	0	0	0.0000	0.0000	0.0000
ENSG00000276057.1	AC004542.4	misc_RNA	0	0	0	0.0000	0.0000	0.0000
ENSG00000276058.1	STMN1P1	processed_pseudogene	26	14	12	3.3510	0.8310	0.8985
ENSG00000276063.1	AL391262.1	lncRNA	4	2	2	0.4592	0.1139	0.1231
ENSG00000276064.1	AL365222.1	processed_pseudogene	0	0	0	0.0000	0.0000	0.0000
ENSG00000276067.2	SLC23A4P	transcribed_unprocessed_pseudogene	5	6	1	0.1055	0.0262	0.0283
ENSG00000276070.5	CCL4L2	protein_coding	216	122	94	8.7683	2.1745	2.3511
ENSG00000276071.1	AC074138.1	lncRNA	9	7	2	0.3917	0.0971	0.1050
ENSG00000276074.1	AC125613.2	misc_RNA	0	0	0	0.0000	0.0000	0.0000
ENSG00000276075.1	AC027682.6	lncRNA	17	22	21	1.0918	0.2708	0.2928
ENSG00000276076.4	CRYAA2	protein_coding	0	0	0	0.0000	0.0000	0.0000
ENSG00000276077.4	CU633904.1	lncRNA	0	0	0	0.0000	0.0000	0.0000
ENSG00000276081.1	MIR7156	miRNA	1	0	1	0.9452	0.2344	0.2534
ENSG00000276083.1	MIR7976	miRNA	0	0	0	0.0000	0.0000	0.0000
ENSG00000276085.1	CCL3L3	protein_coding	112	73	47	4.3237	1.0722	1.1593
ENSG00000276087.2	AC008073.3	protein_coding	0	0	0	0.0000	0.0000	0.0000
ENSG00000276088.1	RN7SL620P	misc_RNA	0	0	0	0.0000	0.0000	0.0000
ENSG00000276089.1	AL137060.6	misc_RNA	0	0	0	0.0000	0.0000	0.0000
ENSG00000276092.1	AC040896.1	lncRNA	1	0	1	0.1184	0.0294	0.0317
ENSG00000276093.1	AL132822.1	lncRNA	5	2	3	0.5527	0.1371	0.1482
ENSG00000276094.1	SNORA70	snoRNA	0	0	0	0.0000	0.0000	0.0000
ENSG00000276095.2	FAM230F	lncRNA	0	0	0	0.0000	0.0000	0.0000
ENSG00000276096.1	Metazoa_SRP	misc_RNA	2	0	2	0.3832	0.0950	0.1027
ENSG00000276097.1	AC006538.3	lncRNA	0	0	0	0.0000	0.0000	0.0000
ENSG00000276098.1	AC027345.1	processed_pseudogene	0	0	0	0.0000	0.0000	0.0000
ENSG00000276100.1	AC106873.6	misc_RNA	0	0	0	0.0000	0.0000	0.0000
ENSG00000276101.1	AC027601.3	lncRNA	0	183	219	0.0000	0.0000	0.0000
ENSG00000276102.1	MIR6747	miRNA	0	0	0	0.0000	0.0000	0.0000
ENSG00000276103.1	U4	snRNA	12	6	6	5.8164	1.4424	1.5596
ENSG00000276105.1	AC021424.3	misc_RNA	0	0	1	0.0000	0.0000	0.0000
ENSG00000276107.1	AC037198.1	lncRNA	257	129	128	19.8833	4.9309	5.3314
ENSG00000276109.1	AP005019.2	processed_pseudogene	0	0	0	0.0000	0.0000	0.0000
ENSG00000276110.1	AC242988.1	lncRNA	0	0	0	0.0000	0.0000	0.0000
ENSG00000276115.1	AC026356.2	lncRNA	46	23	23	1.4525	0.3602	0.3895
ENSG00000276116.2	FUT8-AS1	lncRNA	21	90	67	0.7830	0.1942	0.2099
ENSG00000276118.1	AC242852.1	unprocessed_pseudogene	0	0	0	0.0000	0.0000	0.0000
ENSG00000276119.1	OR13C2	protein_coding	0	0	0	0.0000	0.0000	0.0000
ENSG00000276121.1	AC122108.2	lncRNA	2	2	0	0.2156	0.0535	0.0578
ENSG00000276122.1	AC026336.3	lncRNA	0	0	0	0.0000	0.0000	0.0000
ENSG00000276123.1	Metazoa_SRP	misc_RNA	0	0	0	0.0000	0.0000	0.0000
ENSG00000276124.1	MIR6855	miRNA	0	0	0	0.0000	0.0000	0.0000
ENSG00000276127.1	AL589935.2	processed_pseudogene	0	0	0	0.0000	0.0000	0.0000
ENSG00000276128.2	AL591441.1	transcribed_processed_pseudogene	0	0	0	0.0000	0.0000	0.0000
ENSG00000276131.1	AC009118.2	lncRNA	0	27	37	0.0000	0.0000	0.0000
ENSG00000276136.1	AC016957.2	lncRNA	34	20	14	2.2737	0.5639	0.6097
ENSG00000276137.1	MIR6133	miRNA	0	0	0	0.0000	0.0000	0.0000
ENSG00000276138.1	U6	snRNA	0	0	0	0.0000	0.0000	0.0000
ENSG00000276140.1	AC015599.1	misc_RNA	0	0	0	0.0000	0.0000	0.0000
ENSG00000276141.4	WHAMMP3	transcribed_unprocessed_pseudogene	182	90	92	1.4199	0.3521	0.3807
ENSG00000276147.1	MIR548AY	miRNA	0	0	0	0.0000	0.0000	0.0000
ENSG00000276148.1	AC084824.5	lncRNA	33	21	12	4.5313	1.1237	1.2150
ENSG00000276149.1	BX005040.2	transcribed_processed_pseudogene	0	0	0	0.0000	0.0000	0.0000
ENSG00000276150.1	AL031591.1	misc_RNA	0	0	0	0.0000	0.0000	0.0000
ENSG00000276156.1	AL138880.2	unprocessed_pseudogene	0	0	0	0.0000	0.0000	0.0000
ENSG00000276158.2	MIR1264	miRNA	0	0	0	0.0000	0.0000	0.0000
ENSG00000276160.1	GGTLC5P	unprocessed_pseudogene	0	0	0	0.0000	0.0000	0.0000
ENSG00000276161.1	SNORA17B	snoRNA	0	0	0	0.0000	0.0000	0.0000
ENSG00000276162.1	MIR5739	miRNA	0	0	0	0.0000	0.0000	0.0000
ENSG00000276164.1	DUX4L20	unprocessed_pseudogene	0	0	0	0.0000	0.0000	0.0000
ENSG00000276166.1	AC092118.2	lncRNA	0	76	73	0.0000	0.0000	0.0000
ENSG00000276168.1	RN7SL1	misc_RNA	858	433	425	162.7330	40.3561	43.6341
ENSG00000276169.1	MIR6871	miRNA	0	0	0	0.0000	0.0000	0.0000
ENSG00000276170.4	AC244153.1	lncRNA	25	14	11	1.1360	0.2817	0.3046
ENSG00000276172.1	ELMO2P1	transcribed_unprocessed_pseudogene	0	0	0	0.0000	0.0000	0.0000
ENSG00000276174.1	AC087683.2	lncRNA	4	0	4	0.6958	0.1726	0.1866
ENSG00000276176.1	MIR6090	miRNA	0	0	0	0.0000	0.0000	0.0000
ENSG00000276178.1	Y_RNA	misc_RNA	0	0	0	0.0000	0.0000	0.0000
ENSG00000276179.1	AP001825.3	misc_RNA	0	0	0	0.0000	0.0000	0.0000
ENSG00000276180.1	H4C9	protein_coding	123	117	141	5.3905	1.3368	1.4454
ENSG00000276181.1	MIR6794	miRNA	0	0	0	0.0000	0.0000	0.0000
ENSG00000276183.1	U6	snRNA	0	0	0	0.0000	0.0000	0.0000
ENSG00000276185.1	AC005045.2	misc_RNA	0	142	165	0.0000	0.0000	0.0000
ENSG00000276188.1	AC069234.4	lncRNA	1	0	1	0.1376	0.0341	0.0369
ENSG00000276189.1	AL136528.1	misc_RNA	0	12	14	0.0000	0.0000	0.0000
ENSG00000276193.1	Metazoa_SRP	misc_RNA	0	0	0	0.0000	0.0000	0.0000
ENSG00000276200.1	RN7SL820P	misc_RNA	0	0	0	0.0000	0.0000	0.0000
ENSG00000276202.1	Metazoa_SRP	misc_RNA	0	0	0	0.0000	0.0000	0.0000
ENSG00000276203.5	ANKRD20A3P	protein_coding	0	0	0	0.0000	0.0000	0.0000
ENSG00000276204.1	BX005195.1	processed_pseudogene	0	0	0	0.0000	0.0000	0.0000
ENSG00000276205.1	AL603758.1	unprocessed_pseudogene	0	0	0	0.0000	0.0000	0.0000
ENSG00000276206.1	AC012314.9	unprocessed_pseudogene	0	0	0	0.0000	0.0000	0.0000
ENSG00000276208.1	AL161423.1	unprocessed_pseudogene	0	0	0	0.0000	0.0000	0.0000
ENSG00000276210.2	LINC00226	lncRNA	3	1	2	0.1578	0.0391	0.0423
ENSG00000276213.1	Metazoa_SRP	misc_RNA	1	0	1	0.2033	0.0504	0.0545
ENSG00000276214.1	AC008833.1	processed_pseudogene	0	0	0	0.0000	0.0000	0.0000
ENSG00000276216.1	AC245014.3	lncRNA	1	1	0	0.1634	0.0405	0.0438
ENSG00000276221.1	MIR8057	miRNA	0	0	0	0.0000	0.0000	0.0000
ENSG00000276223.1	AL118522.1	lncRNA	106	62	44	10.7344	2.6620	2.8782
ENSG00000276225.1	AL117190.6	misc_RNA	0	0	0	0.0000	0.0000	0.0000
ENSG00000276229.1	AC012354.5	misc_RNA	0	0	0	0.0000	0.0000	0.0000
ENSG00000276231.5	PIK3R6	protein_coding	195	99	96	3.1019	0.7693	0.8317
ENSG00000276232.1	AC006064.5	lncRNA	0	0	0	0.0000	0.0000	0.0000
ENSG00000276233.1	AC016591.1	misc_RNA	0	0	0	0.0000	0.0000	0.0000
ENSG00000276234.5	TADA2A	protein_coding	1750	866	886	17.6055	4.3660	4.7206
ENSG00000276240.2	OR4E1	protein_coding	0	0	0	0.0000	0.0000	0.0000
ENSG00000276241.1	AC243829.2	lncRNA	0	0	0	0.0000	0.0000	0.0000
ENSG00000276248.1	AL442125.1	lncRNA	42	22	20	0.7085	0.1757	0.1900
ENSG00000276250.1	AC127024.6	lncRNA	4	95	96	0.5350	0.1327	0.1435
ENSG00000276251.1	AC007786.2	lncRNA	5	1	4	0.3531	0.0876	0.0947
ENSG00000276255.2	LINC02809	lncRNA	6	5	2	0.1288	0.0319	0.0345
ENSG00000276257.1	AL513478.1	processed_pseudogene	0	0	0	0.0000	0.0000	0.0000
ENSG00000276259.1	AC009118.3	lncRNA	0	0	0	0.0000	0.0000	0.0000
ENSG00000276261.1	AC009509.4	lncRNA	12	5	7	1.3370	0.3316	0.3585
ENSG00000276266.1	FP325318.1	lncRNA	0	0	0	0.0000	0.0000	0.0000
ENSG00000276269.1	AL355974.2	lncRNA	0	0	0	0.0000	0.0000	0.0000
ENSG00000276270.1	MIR6799	miRNA	0	0	0	0.0000	0.0000	0.0000
ENSG00000276272.1	AC024884.2	lncRNA	2	1	1	0.0910	0.0226	0.0244
ENSG00000276277.1	AL445584.3	processed_pseudogene	0	0	0	0.0000	0.0000	0.0000
ENSG00000276278.1	AC048382.6	lncRNA	0	199	171	0.0000	0.0000	0.0000
ENSG00000276281.1	RN7SL126P	misc_RNA	0	0	0	0.0000	0.0000	0.0000
ENSG00000276282.1	AC022960.2	lncRNA	4	0	4	0.3406	0.0845	0.0913
ENSG00000276289.4	KCNE1B	protein_coding	1	1	0	0.0155	0.0039	0.0042
ENSG00000276290.1	RBBP4P3	processed_pseudogene	1	0	1	0.0442	0.0110	0.0119
ENSG00000276291.5	FRG1HP	transcribed_unprocessed_pseudogene	300	209	197	10.0135	2.4833	2.6850
ENSG00000276292.1	AC131159.1	lncRNA	4	2	3	1.0650	0.2641	0.2856
ENSG00000276293.4	PIP4K2B	protein_coding	9138	4628	4515	84.4687	20.9474	22.6489
ENSG00000276294.1	AC078899.5	unprocessed_pseudogene	0	0	0	0.0000	0.0000	0.0000
ENSG00000276298.1	AC234782.1	unprocessed_pseudogene	2	1	1	0.3501	0.0868	0.0939
ENSG00000276302.1	AL021997.2	protein_coding	3	1	2	0.3054	0.0757	0.0819
ENSG00000276304.1	AC119740.1	misc_RNA	0	0	0	0.0000	0.0000	0.0000
ENSG00000276308.1	AC078880.4	lncRNA	0	0	0	0.0000	0.0000	0.0000
ENSG00000276309.1	RN7SKP251	misc_RNA	0	0	0	0.0000	0.0000	0.0000
ENSG00000276311.1	MIR6511A3	miRNA	0	0	0	0.0000	0.0000	0.0000
ENSG00000276314.1	SNORD107	snoRNA	0	0	0	0.0000	0.0000	0.0000
ENSG00000276316.1	OR8G7P	unprocessed_pseudogene	0	0	0	0.0000	0.0000	0.0000
ENSG00000276317.1	AL357033.3	lncRNA	29	21	8	2.6785	0.6642	0.7182
ENSG00000276318.1	GTF2IP8	unprocessed_pseudogene	0	0	0	0.0000	0.0000	0.0000
ENSG00000276319.1	MIR8079	miRNA	0	0	0	0.0000	0.0000	0.0000
ENSG00000276326.1	MIR2909	miRNA	0	0	0	0.0000	0.0000	0.0000
ENSG00000276332.1	AC010338.1	processed_pseudogene	0	0	0	0.0000	0.0000	0.0000
ENSG00000276334.1	AL133243.2	lncRNA	82	42	40	2.8687	0.7114	0.7692
ENSG00000276337.1	AC105429.1	lncRNA	17	7	10	0.2410	0.0598	0.0646
ENSG00000276348.1	AL353770.3	lncRNA	0	0	0	0.0000	0.0000	0.0000
ENSG00000276350.1	MIR6858	miRNA	0	0	0	0.0000	0.0000	0.0000
ENSG00000276352.2	MIR668	miRNA	0	0	0	0.0000	0.0000	0.0000
ENSG00000276353.1	Metazoa_SRP	misc_RNA	0	0	0	0.0000	0.0000	0.0000
ENSG00000276359.1	Metazoa_SRP	misc_RNA	0	0	0	0.0000	0.0000	0.0000
ENSG00000276362.1	AC010087.1	unprocessed_pseudogene	0	0	0	0.0000	0.0000	0.0000
ENSG00000276365.1	MIR145	miRNA	6	3	3	3.8666	0.9589	1.0368
ENSG00000276366.1	U3	snoRNA	0	0	0	0.0000	0.0000	0.0000
ENSG00000276368.2	H2AC14	protein_coding	1	1	0	0.1191	0.0295	0.0319
ENSG00000276375.1	AL157712.1	unprocessed_pseudogene	1	1	0	0.0276	0.0068	0.0074
ENSG00000276376.1	U7	snRNA	0	4	4	0.0000	0.0000	0.0000
ENSG00000276380.2	UBE2NL	polymorphic_pseudogene	2	2	0	0.0957	0.0237	0.0257
ENSG00000276384.1	AC016876.3	lncRNA	2	67	46	0.2662	0.0660	0.0714
ENSG00000276385.1	AL445567.2	processed_pseudogene	0	0	0	0.0000	0.0000	0.0000
ENSG00000276386.1	CNTNAP3P2	unprocessed_pseudogene	1	1	0	0.0147	0.0036	0.0039
ENSG00000276388.1	AL591424.1	unprocessed_pseudogene	0	0	0	0.0000	0.0000	0.0000
ENSG00000276390.1	AC004241.3	lncRNA	50	25	25	5.4845	1.3601	1.4706
ENSG00000276391.1	AC003001.2	processed_pseudogene	0	0	0	0.0000	0.0000	0.0000
ENSG00000276393.1	AC105429.2	unprocessed_pseudogene	1	0	1	0.1097	0.0272	0.0294
ENSG00000276396.1	Metazoa_SRP	misc_RNA	0	0	0	0.0000	0.0000	0.0000
ENSG00000276397.2	LINC01879	lncRNA	5	3	2	0.1089	0.0270	0.0292
ENSG00000276398.1	AC018659.5	misc_RNA	0	0	0	0.0000	0.0000	0.0000
ENSG00000276399.1	FLJ36000	lncRNA	1	0	1	0.0149	0.0037	0.0040
ENSG00000276400.1	VN1R9P	processed_pseudogene	0	0	0	0.0000	0.0000	0.0000
ENSG00000276403.1	AC105105.4	lncRNA	0	0	0	0.0000	0.0000	0.0000
ENSG00000276404.1	MIR6835	miRNA	0	0	0	0.0000	0.0000	0.0000
ENSG00000276405.1	TRBV13	TR_V_gene	0	0	0	0.0000	0.0000	0.0000
ENSG00000276406.1	AC015726.2	lncRNA	3	3	0	1.3945	0.3458	0.3739
ENSG00000276407.5	AC024559.2	lncRNA	0	0	0	0.0000	0.0000	0.0000
ENSG00000276408.1	AC025287.2	lncRNA	2	1	1	0.1698	0.0421	0.0455
ENSG00000276409.5	CCL14	protein_coding	0	0	0	0.0000	0.0000	0.0000
ENSG00000276410.4	H2BC3	protein_coding	0	0	0	0.0000	0.0000	0.0000
ENSG00000276411.1	AC106875.2	lncRNA	0	0	0	0.0000	0.0000	0.0000
ENSG00000276412.2	AL591926.2	lncRNA	0	0	0	0.0000	0.0000	0.0000
ENSG00000276413.1	AL078604.3	processed_pseudogene	1	0	1	0.2688	0.0667	0.0721
ENSG00000276417.1	AC092111.2	lncRNA	2	1	2	0.0802	0.0199	0.0215
ENSG00000276418.5	AC036214.3	protein_coding	0	0	0	0.0000	0.0000	0.0000
ENSG00000276422.2	AL590491.2	lncRNA	0	0	0	0.0000	0.0000	0.0000
ENSG00000276426.1	AC093298.1	misc_RNA	0	0	0	0.0000	0.0000	0.0000
ENSG00000276427.1	IGLL4P	unprocessed_pseudogene	0	0	0	0.0000	0.0000	0.0000
ENSG00000276428.1	AC245505.3	processed_pseudogene	0	0	0	0.0000	0.0000	0.0000
ENSG00000276430.3	FAM25C	protein_coding	0	0	0	0.0000	0.0000	0.0000
ENSG00000276431.1	AC023511.2	processed_pseudogene	0	0	0	0.0000	0.0000	0.0000
ENSG00000276434.1	AL136221.1	lncRNA	6	4	2	0.6685	0.1658	0.1792
ENSG00000276436.1	AL136301.1	lncRNA	2	0	2	0.2688	0.0667	0.0721
ENSG00000276442.1	RNA5SP529	rRNA	0	0	0	0.0000	0.0000	0.0000
ENSG00000276445.1	AC005393.1	lncRNA	11	4	7	1.0682	0.2649	0.2864
ENSG00000276449.1	AC004076.2	lncRNA	25	11	14	0.4266	0.1058	0.1144
ENSG00000276454.1	AC008083.4	lncRNA	7	3	4	0.8941	0.2217	0.2397
ENSG00000276457.1	FKBP4P8	processed_pseudogene	0	0	0	0.0000	0.0000	0.0000
ENSG00000276460.1	AC073869.2	unprocessed_pseudogene	1	0	1	0.0709	0.0176	0.0190
ENSG00000276462.2	BX255923.2	lncRNA	2	2	0	0.0273	0.0068	0.0073
ENSG00000276467.1	Z93929.1	unprocessed_pseudogene	0	0	0	0.0000	0.0000	0.0000
ENSG00000276470.1	AL021155.2	misc_RNA	0	0	0	0.0000	0.0000	0.0000
ENSG00000276471.1	AC105265.3	lncRNA	0	0	0	0.0000	0.0000	0.0000
ENSG00000276473.1	AC107905.1	lncRNA	0	0	0	0.0000	0.0000	0.0000
ENSG00000276474.1	AC231759.1	processed_pseudogene	0	0	0	0.0000	0.0000	0.0000
ENSG00000276475.1	AC016769.4	processed_pseudogene	0	0	0	0.0000	0.0000	0.0000
ENSG00000276476.3	LINC00540	lncRNA	9	3	6	0.1647	0.0408	0.0442
ENSG00000276478.1	AL772337.4	unprocessed_pseudogene	0	0	0	0.0000	0.0000	0.0000
ENSG00000276479.1	MIR548AZ	miRNA	0	0	0	0.0000	0.0000	0.0000
ENSG00000276484.1	AC126755.3	unprocessed_pseudogene	0	0	0	0.0000	0.0000	0.0000
ENSG00000276486.1	AC022960.3	processed_pseudogene	0	0	0	0.0000	0.0000	0.0000
ENSG00000276487.2	AC061709.2	lncRNA	0	0	0	0.0000	0.0000	0.0000
ENSG00000276488.1	AC008735.4	lncRNA	14	5	9	1.3058	0.3238	0.3501
ENSG00000276489.1	MIR6829	miRNA	0	0	0	0.0000	0.0000	0.0000
ENSG00000276490.1	AL583836.1	protein_coding	0	0	0	0.0000	0.0000	0.0000
ENSG00000276493.1	Metazoa_SRP	misc_RNA	0	0	0	0.0000	0.0000	0.0000
ENSG00000276494.1	AC021424.4	misc_RNA	0	1	1	0.0000	0.0000	0.0000
ENSG00000276496.1	AC004080.8	misc_RNA	0	0	0	0.0000	0.0000	0.0000
ENSG00000276500.1	BMS1P14	lncRNA	0	0	0	0.0000	0.0000	0.0000
ENSG00000276502.1	AL354718.2	lncRNA	0	0	0	0.0000	0.0000	0.0000
ENSG00000276505.1	AP000892.3	lncRNA	3	3	0	0.5251	0.1302	0.1408
ENSG00000276507.1	AC068944.2	processed_pseudogene	0	0	0	0.0000	0.0000	0.0000
ENSG00000276508.1	AC243830.3	lncRNA	1	0	1	0.1508	0.0374	0.0404
ENSG00000276509.1	AC239799.1	lncRNA	5	2	3	0.1416	0.0351	0.0380
ENSG00000276514.1	AC008534.2	misc_RNA	0	0	0	0.0000	0.0000	0.0000
ENSG00000276517.1	AL133243.3	lncRNA	44	19	25	0.8306	0.2060	0.2227
ENSG00000276519.1	AC092142.2	lncRNA	0	0	0	0.0000	0.0000	0.0000
ENSG00000276520.1	CR589904.1	processed_pseudogene	0	0	0	0.0000	0.0000	0.0000
ENSG00000276521.1	AP001486.3	unprocessed_pseudogene	0	0	0	0.0000	0.0000	0.0000
ENSG00000276522.1	RN7SL462P	misc_RNA	0	0	0	0.0000	0.0000	0.0000
ENSG00000276523.1	AC025287.3	lncRNA	11	6	5	1.2451	0.3088	0.3339
ENSG00000276524.1	AC010999.2	lncRNA	5	7	12	0.4758	0.1180	0.1276
ENSG00000276525.1	Metazoa_SRP	misc_RNA	0	0	0	0.0000	0.0000	0.0000
ENSG00000276527.1	AL356515.1	lncRNA	5	1	4	0.6833	0.1694	0.1832
ENSG00000276528.1	AC004079.3	misc_RNA	0	0	0	0.0000	0.0000	0.0000
ENSG00000276529.1	AP001505.1	lncRNA	93	44	49	11.9053	2.9524	3.1922
ENSG00000276530.1	AL049692.3	misc_RNA	0	0	0	0.0000	0.0000	0.0000
ENSG00000276531.1	SNX19P4	unprocessed_pseudogene	1	0	1	0.0998	0.0248	0.0268
ENSG00000276532.1	Metazoa_SRP	misc_RNA	0	0	0	0.0000	0.0000	0.0000
ENSG00000276533.1	AC018926.2	lncRNA	2	1	1	0.2278	0.0565	0.0611
ENSG00000276535.1	AL353726.1	processed_pseudogene	0	0	0	0.0000	0.0000	0.0000
ENSG00000276538.1	AC092666.2	unprocessed_pseudogene	1	0	1	0.2305	0.0572	0.0618
ENSG00000276540.1	REXO1L10P	processed_pseudogene	0	0	0	0.0000	0.0000	0.0000
ENSG00000276542.1	AC097478.2	lncRNA	5	2	3	0.3252	0.0806	0.0872
ENSG00000276544.1	RN7SL453P	misc_RNA	0	0	0	0.0000	0.0000	0.0000
ENSG00000276545.1	PCDHGB9P	unprocessed_pseudogene	3	2	1	0.0741	0.0184	0.0199
ENSG00000276546.1	Y_RNA	misc_RNA	0	0	0	0.0000	0.0000	0.0000
ENSG00000276547.1	PCDHGB5	protein_coding	264	137	127	3.0863	0.7654	0.8275
ENSG00000276548.1	AC008740.2	unprocessed_pseudogene	0	0	0	0.0000	0.0000	0.0000
ENSG00000276550.4	HERC2P2	transcribed_unprocessed_pseudogene	629	319	310	5.1214	1.2701	1.3732
ENSG00000276556.1	AF254982.1	unprocessed_pseudogene	0	0	0	0.0000	0.0000	0.0000
ENSG00000276557.1	TRBV18	TR_V_gene	1	1	0	0.1325	0.0329	0.0355
ENSG00000276562.1	RN7SL565P	misc_RNA	0	0	0	0.0000	0.0000	0.0000
ENSG00000276563.1	AL359075.1	processed_pseudogene	0	0	0	0.0000	0.0000	0.0000
ENSG00000276564.1	AC130650.2	lncRNA	53	27	26	1.2508	0.3102	0.3354
ENSG00000276566.1	IGKV1D-13	IG_V_gene	1	0	2	0.1508	0.0374	0.0404
ENSG00000276568.1	Metazoa_SRP	misc_RNA	0	0	0	0.0000	0.0000	0.0000
ENSG00000276569.1	AL138709.1	processed_pseudogene	0	0	0	0.0000	0.0000	0.0000
ENSG00000276570.1	AC010327.6	lncRNA	41	17	24	0.7596	0.1884	0.2037
ENSG00000276571.1	AC002550.2	lncRNA	22	14	8	3.1665	0.7853	0.8491
ENSG00000276573.1	AL442067.1	lncRNA	2	0	2	0.5086	0.1261	0.1364
ENSG00000276575.1	MIR6895	miRNA	0	0	0	0.0000	0.0000	0.0000
ENSG00000276576.1	MRPL30P1	processed_pseudogene	0	0	0	0.0000	0.0000	0.0000
ENSG00000276577.1	RNU6-467P	snRNA	0	0	0	0.0000	0.0000	0.0000
ENSG00000276578.1	AC004696.1	unprocessed_pseudogene	2	64	64	0.1869	0.0463	0.0501
ENSG00000276580.1	MIR8055	miRNA	0	0	0	0.0000	0.0000	0.0000
ENSG00000276581.3	SPATA31A5	protein_coding	0	0	0	0.0000	0.0000	0.0000
ENSG00000276584.1	MIR6737	miRNA	0	0	0	0.0000	0.0000	0.0000
ENSG00000276586.1	AL356102.1	unprocessed_pseudogene	0	0	0	0.0000	0.0000	0.0000
ENSG00000276588.1	RN7SL322P	misc_RNA	1	1	0	0.1897	0.0470	0.0509
ENSG00000276592.1	PHBP6	processed_pseudogene	0	0	0	0.0000	0.0000	0.0000
ENSG00000276593.1	AC022306.3	lncRNA	5	2	3	0.5155	0.1279	0.1382
ENSG00000276596.1	U2	snRNA	0	0	0	0.0000	0.0000	0.0000
ENSG00000276597.1	TRBV11-3	TR_V_gene	0	0	0	0.0000	0.0000	0.0000
ENSG00000276598.1	MIR6893	miRNA	0	0	0	0.0000	0.0000	0.0000
ENSG00000276599.1	RNA5SP411	rRNA_pseudogene	0	0	0	0.0000	0.0000	0.0000
ENSG00000276600.5	RAB7B	protein_coding	813	401	412	12.5082	3.1019	3.3539
ENSG00000276601.1	Metazoa_SRP	misc_RNA	0	0	0	0.0000	0.0000	0.0000
ENSG00000276603.1	AL109614.1	lncRNA	10	4	6	1.3535	0.3356	0.3629
ENSG00000276605.1	AC027250.1	processed_pseudogene	0	0	0	0.0000	0.0000	0.0000
ENSG00000276609.1	AC004080.9	misc_RNA	0	0	0	0.0000	0.0000	0.0000
ENSG00000276610.1	SNORD64	snoRNA	0	0	0	0.0000	0.0000	0.0000
ENSG00000276612.3	FP565260.2	protein_coding	0	0	0	0.0000	0.0000	0.0000
ENSG00000276620.1	AL591516.1	processed_pseudogene	0	0	0	0.0000	0.0000	0.0000
ENSG00000276622.1	MIR6499	miRNA	0	0	0	0.0000	0.0000	0.0000
ENSG00000276623.1	AC106872.11	processed_pseudogene	0	0	0	0.0000	0.0000	0.0000
ENSG00000276626.1	7SK	misc_RNA	0	0	0	0.0000	0.0000	0.0000
ENSG00000276627.3	AL117372.1	lncRNA	0	0	0	0.0000	0.0000	0.0000
ENSG00000276631.1	AC007786.3	lncRNA	1	1	0	0.0952	0.0236	0.0255
ENSG00000276632.1	AL445528.2	processed_pseudogene	0	0	0	0.0000	0.0000	0.0000
ENSG00000276633.1	AJ011931.1	lncRNA	0	0	0	0.0000	0.0000	0.0000
ENSG00000276637.1	AC084851.3	unprocessed_pseudogene	0	0	0	0.0000	0.0000	0.0000
ENSG00000276638.1	AL109954.2	lncRNA	0	0	0	0.0000	0.0000	0.0000
ENSG00000276639.1	MIR7154	miRNA	0	0	0	0.0000	0.0000	0.0000
ENSG00000276641.1	MIR6769A	miRNA	0	0	0	0.0000	0.0000	0.0000
ENSG00000276642.1	AL445423.2	snRNA	0	0	0	0.0000	0.0000	0.0000
ENSG00000276643.1	AL627443.2	snoRNA	0	0	0	0.0000	0.0000	0.0000
ENSG00000276644.5	DACH1	protein_coding	354	180	174	3.7170	0.9218	0.9966
ENSG00000276645.1	Metazoa_SRP	misc_RNA	0	0	0	0.0000	0.0000	0.0000
ENSG00000276647.1	KRTAP12-6P	processed_pseudogene	0	0	0	0.0000	0.0000	0.0000
ENSG00000276649.1	AL117335.1	lncRNA	37	23	20	1.3057	0.3238	0.3501
ENSG00000276650.1	AC022202.1	unprocessed_pseudogene	0	0	0	0.0000	0.0000	0.0000
ENSG00000276651.1	AC007950.2	lncRNA	4	2	2	0.0967	0.0240	0.0259
ENSG00000276653.1	RN7SL856P	misc_RNA	0	0	0	0.0000	0.0000	0.0000
ENSG00000276656.1	MIR6083	miRNA	0	0	0	0.0000	0.0000	0.0000
ENSG00000276662.1	AL713922.2	unprocessed_pseudogene	5	3	2	0.3960	0.0982	0.1062
ENSG00000276663.1	AC009090.3	lncRNA	7	21	22	0.7026	0.1742	0.1884
ENSG00000276664.1	AC004542.5	misc_RNA	0	0	0	0.0000	0.0000	0.0000
ENSG00000276667.1	AL158077.1	unprocessed_pseudogene	0	0	0	0.0000	0.0000	0.0000
ENSG00000276668.1	AC104237.3	lncRNA	0	0	0	0.0000	0.0000	0.0000
ENSG00000276669.1	Metazoa_SRP	misc_RNA	0	0	0	0.0000	0.0000	0.0000
ENSG00000276670.1	AC012354.6	misc_RNA	0	0	0	0.0000	0.0000	0.0000
ENSG00000276672.1	AL161891.1	lncRNA	54	31	23	0.6606	0.1638	0.1771
ENSG00000276673.1	AC011716.1	misc_RNA	0	0	0	0.0000	0.0000	0.0000
ENSG00000276674.1	IGKV1OR1-1	IG_V_pseudogene	1	0	1	0.1634	0.0405	0.0438
ENSG00000276675.1	AL033538.2	misc_RNA	0	0	0	0.0000	0.0000	0.0000
ENSG00000276678.1	AC022384.2	misc_RNA	0	0	0	0.0000	0.0000	0.0000
ENSG00000276680.1	AL109755.2	misc_RNA	0	0	0	0.0000	0.0000	0.0000
ENSG00000276685.1	AC118650.1	misc_RNA	0	0	0	0.0000	0.0000	0.0000
ENSG00000276687.1	AL356130.1	lncRNA	0	0	0	0.0000	0.0000	0.0000
ENSG00000276688.1	AL121757.3	lncRNA	0	0	0	0.0000	0.0000	0.0000
ENSG00000276689.1	AL450487.1	processed_pseudogene	0	0	0	0.0000	0.0000	0.0000
ENSG00000276690.1	AC117415.1	misc_RNA	0	0	0	0.0000	0.0000	0.0000
ENSG00000276691.1	AC004466.3	lncRNA	5	7	6	0.5193	0.1288	0.1392
ENSG00000276693.1	AC138466.3	lncRNA	0	0	0	0.0000	0.0000	0.0000
ENSG00000276696.1	Y_RNA	misc_RNA	4	1	3	1.7449	0.4327	0.4679
ENSG00000276698.1	AL136295.6	lncRNA	41	21	20	3.5336	0.8763	0.9475
ENSG00000276699.1	TRAJ36	TR_J_gene	0	0	0	0.0000	0.0000	0.0000
ENSG00000276702.1	AC010809.3	lncRNA	1	0	2	0.0885	0.0219	0.0237
ENSG00000276703.1	RPS29P32	processed_pseudogene	0	0	0	0.0000	0.0000	0.0000
ENSG00000276704.1	AL442067.2	lncRNA	1	1	0	0.1562	0.0387	0.0419
ENSG00000276706.1	AC023128.2	misc_RNA	1	0	1	0.2794	0.0693	0.0749
ENSG00000276707.1	AC243773.1	lncRNA	0	0	0	0.0000	0.0000	0.0000
ENSG00000276710.4	CSPG4P10	transcribed_unprocessed_pseudogene	66	63	78	0.5214	0.1293	0.1398
ENSG00000276712.1	MIR7111	miRNA	1	0	1	0.7876	0.1953	0.2112
ENSG00000276713.1	Metazoa_SRP	misc_RNA	0	0	0	0.0000	0.0000	0.0000
ENSG00000276715.4	YWHAEP7	transcribed_unprocessed_pseudogene	0	0	0	0.0000	0.0000	0.0000
ENSG00000276717.2	PRSS47	transcribed_unprocessed_pseudogene	0	0	0	0.0000	0.0000	0.0000
ENSG00000276718.1	AC005840.4	lncRNA	24	12	12	2.2722	0.5635	0.6092
ENSG00000276721.1	AC092375.3	unprocessed_pseudogene	0	0	0	0.0000	0.0000	0.0000
ENSG00000276722.1	AL132655.6	misc_RNA	0	2	0	0.0000	0.0000	0.0000
ENSG00000276723.1	Y_RNA	misc_RNA	0	0	0	0.0000	0.0000	0.0000
ENSG00000276724.1	AC123768.3	lncRNA	0	2	0	0.0000	0.0000	0.0000
ENSG00000276727.1	AC137834.2	lncRNA	0	129	159	0.0000	0.0000	0.0000
ENSG00000276728.1	AC142472.1	lncRNA	53	31	28	1.7264	0.4281	0.4629
ENSG00000276729.1	Metazoa_SRP	misc_RNA	0	0	0	0.0000	0.0000	0.0000
ENSG00000276730.1	AL138834.1	misc_RNA	0	0	0	0.0000	0.0000	0.0000
ENSG00000276733.1	MIR7158	miRNA	0	0	0	0.0000	0.0000	0.0000
ENSG00000276735.1	Metazoa_SRP	misc_RNA	1	0	2	0.1806	0.0448	0.0484
ENSG00000276738.1	AP001506.1	processed_pseudogene	0	0	0	0.0000	0.0000	0.0000
ENSG00000276740.1	AL445649.1	lncRNA	1	1	0	0.0821	0.0204	0.0220
ENSG00000276742.1	AL731566.3	lncRNA	4	0	5	0.7156	0.1775	0.1919
ENSG00000276744.1	AC105137.2	lncRNA	15	7	8	0.8645	0.2144	0.2318
ENSG00000276746.1	Metazoa_SRP	misc_RNA	0	0	0	0.0000	0.0000	0.0000
ENSG00000276747.1	PADI6	protein_coding	2	1	1	0.0473	0.0117	0.0127
ENSG00000276753.1	MIR6821	miRNA	0	0	0	0.0000	0.0000	0.0000
ENSG00000276754.1	AC006111.3	lncRNA	6	3	3	0.8884	0.2203	0.2382
ENSG00000276755.1	AC243829.3	unprocessed_pseudogene	0	0	0	0.0000	0.0000	0.0000
ENSG00000276756.4	AC245595.1	transcribed_unprocessed_pseudogene	0	0	0	0.0000	0.0000	0.0000
ENSG00000276757.1	RN7SL192P	misc_RNA	1	1	0	0.1897	0.0470	0.0509
ENSG00000276758.1	AC245884.12	unprocessed_pseudogene	1	1	0	0.9612	0.2384	0.2577
ENSG00000276759.2	AL353753.1	lncRNA	2	0	2	0.0489	0.0121	0.0131
ENSG00000276763.1	AC069499.2	processed_pseudogene	1	0	1	0.1485	0.0368	0.0398
ENSG00000276764.1	Metazoa_SRP	misc_RNA	0	0	0	0.0000	0.0000	0.0000
ENSG00000276765.1	MIR8073	miRNA	1	1	0	0.7876	0.1953	0.2112
ENSG00000276768.1	AL121890.2	lncRNA	2	1	1	0.2439	0.0605	0.0654
ENSG00000276769.1	MIR6752	miRNA	0	0	0	0.0000	0.0000	0.0000
ENSG00000276770.1	MIR6780B	miRNA	0	0	0	0.0000	0.0000	0.0000
ENSG00000276771.1	AC004079.4	misc_RNA	0	0	0	0.0000	0.0000	0.0000
ENSG00000276772.1	AC025271.4	lncRNA	5	2	3	0.1643	0.0407	0.0440
ENSG00000276775.1	IGHV4-4	IG_V_gene	145	68	77	19.7193	4.8902	5.2874
ENSG00000276778.1	LINC02227	lncRNA	2	1	1	0.0303	0.0075	0.0081
ENSG00000276782.1	Metazoa_SRP	misc_RNA	0	0	0	0.0000	0.0000	0.0000
ENSG00000276784.1	AL353804.5	misc_RNA	0	0	0	0.0000	0.0000	0.0000
ENSG00000276786.1	BX640515.1	lncRNA	0	0	0	0.0000	0.0000	0.0000
ENSG00000276788.1	SNORD26	snoRNA	0	0	0	0.0000	0.0000	0.0000
ENSG00000276789.1	MRGPRX8P	processed_pseudogene	0	0	0	0.0000	0.0000	0.0000
ENSG00000276790.1	AC068234.2	lncRNA	3	0	3	0.3259	0.0808	0.0874
ENSG00000276791.1	AC092117.1	lncRNA	122	72	50	2.1288	0.5279	0.5708
ENSG00000276800.1	Metazoa_SRP	misc_RNA	0	0	0	0.0000	0.0000	0.0000
ENSG00000276805.2	AL133216.2	transcribed_unprocessed_pseudogene	478	232	246	3.7581	0.9320	1.0077
ENSG00000276807.1	AC022188.1	lncRNA	0	0	0	0.0000	0.0000	0.0000
ENSG00000276809.1	AL138955.1	lncRNA	10	5	5	0.5453	0.1352	0.1462
ENSG00000276810.1	AC244093.2	processed_pseudogene	0	0	0	0.0000	0.0000	0.0000
ENSG00000276814.1	AC004801.6	lncRNA	29	14	15	1.6816	0.4170	0.4509
ENSG00000276819.1	TRBV15	TR_V_gene	1	0	1	0.1347	0.0334	0.0361
ENSG00000276822.1	AC009053.4	unprocessed_pseudogene	0	0	0	0.0000	0.0000	0.0000
ENSG00000276823.1	Metazoa_SRP	misc_RNA	0	0	0	0.0000	0.0000	0.0000
ENSG00000276824.1	MIR7159	miRNA	0	0	0	0.0000	0.0000	0.0000
ENSG00000276828.1	AC012488.1	unprocessed_pseudogene	0	0	0	0.0000	0.0000	0.0000
ENSG00000276829.1	AC016911.1	unprocessed_pseudogene	0	0	0	0.0000	0.0000	0.0000
ENSG00000276830.1	MIR6730	miRNA	1	1	0	0.8464	0.2099	0.2270
ENSG00000276831.1	AC020922.4	lncRNA	2	2	0	0.3346	0.0830	0.0897
ENSG00000276832.2	CDRT15P6	transcribed_unprocessed_pseudogene	24	12	12	1.0165	0.2521	0.2725
ENSG00000276835.2	MIR6127	miRNA	0	0	0	0.0000	0.0000	0.0000
ENSG00000276839.1	Metazoa_SRP	misc_RNA	0	0	0	0.0000	0.0000	0.0000
ENSG00000276840.1	PMS2P10	transcribed_unprocessed_pseudogene	6	2	4	0.5560	0.1379	0.1491
ENSG00000276841.1	AL445264.1	unprocessed_pseudogene	0	0	0	0.0000	0.0000	0.0000
ENSG00000276842.1	AC023510.2	lncRNA	17	29	22	1.2923	0.3205	0.3465
ENSG00000276844.1	SNORD115-46	snoRNA	0	0	0	0.0000	0.0000	0.0000
ENSG00000276845.1	CR769775.1	unprocessed_pseudogene	0	0	0	0.0000	0.0000	0.0000
ENSG00000276846.1	AC016590.3	lncRNA	58	35	23	4.3681	1.0832	1.1712
ENSG00000276850.5	AC245041.2	lncRNA	9	7	2	0.2043	0.0507	0.0548
ENSG00000276851.1	AC002401.4	lncRNA	2	2	0	0.1945	0.0482	0.0522
ENSG00000276853.1	AC026124.2	lncRNA	8	3	5	0.6916	0.1715	0.1854
ENSG00000276854.1	AL589745.2	lncRNA	0	0	0	0.0000	0.0000	0.0000
ENSG00000276855.1	AC015922.3	lncRNA	547	259	288	44.9570	11.1489	12.0545
ENSG00000276857.1	MIR6715A	miRNA	0	0	0	0.0000	0.0000	0.0000
ENSG00000276859.1	AL132655.7	misc_RNA	0	1	1	0.0000	0.0000	0.0000
ENSG00000276861.1	5S_rRNA	rRNA	0	0	0	0.0000	0.0000	0.0000
ENSG00000276863.1	AC124319.2	lncRNA	2	544	573	0.2156	0.0535	0.0578
ENSG00000276866.1	MIR7151	miRNA	0	0	0	0.0000	0.0000	0.0000
ENSG00000276867.1	AC074050.4	lncRNA	2	1	1	0.2128	0.0528	0.0571
ENSG00000276868.1	AL353626.2	processed_pseudogene	0	0	0	0.0000	0.0000	0.0000
ENSG00000276869.1	MIR6729	miRNA	0	0	0	0.0000	0.0000	0.0000
ENSG00000276871.1	5_8S_rRNA	rRNA	0	0	0	0.0000	0.0000	0.0000
ENSG00000276873.1	AF129408.2	misc_RNA	0	0	0	0.0000	0.0000	0.0000
ENSG00000276874.1	AC011718.1	lncRNA	0	0	0	0.0000	0.0000	0.0000
ENSG00000276878.1	MIR6074	miRNA	0	0	0	0.0000	0.0000	0.0000
ENSG00000276884.1	AL109925.3	misc_RNA	0	2	2	0.0000	0.0000	0.0000
ENSG00000276888.1	AL512624.2	lncRNA	0	1	0	0.0000	0.0000	0.0000
ENSG00000276890.1	Metazoa_SRP	misc_RNA	0	0	0	0.0000	0.0000	0.0000
ENSG00000276891.1	RN7SL238P	misc_RNA	0	0	0	0.0000	0.0000	0.0000
ENSG00000276892.1	AL022401.1	processed_pseudogene	0	0	0	0.0000	0.0000	0.0000
ENSG00000276894.1	RAB28P4	processed_pseudogene	0	0	0	0.0000	0.0000	0.0000
ENSG00000276897.1	AC231532.2	unprocessed_pseudogene	0	0	0	0.0000	0.0000	0.0000
ENSG00000276898.1	BX664730.1	lncRNA	0	0	0	0.0000	0.0000	0.0000
ENSG00000276900.1	AC023157.2	lncRNA	506	256	252	13.7429	3.4081	3.6849
ENSG00000276902.1	Y_RNA	misc_RNA	0	0	0	0.0000	0.0000	0.0000
ENSG00000276903.2	H2AC16	protein_coding	4	2	2	0.4706	0.1167	0.1262
ENSG00000276904.1	DUX4L14	unprocessed_pseudogene	0	0	0	0.0000	0.0000	0.0000
ENSG00000276908.1	MIR7106	miRNA	0	2	0	0.0000	0.0000	0.0000
ENSG00000276915.1	AL109618.3	processed_pseudogene	0	0	0	0.0000	0.0000	0.0000
ENSG00000276916.1	AL442125.2	lncRNA	4	3	1	0.5427	0.1346	0.1455
ENSG00000276917.1	MIR8080	miRNA	0	0	0	0.0000	0.0000	0.0000
ENSG00000276918.1	Metazoa_SRP	misc_RNA	0	0	0	0.0000	0.0000	0.0000
ENSG00000276919.1	AL117190.7	misc_RNA	0	0	0	0.0000	0.0000	0.0000
ENSG00000276923.1	AL139351.1	lncRNA	7	3	4	1.2405	0.3076	0.3326
ENSG00000276925.1	AC099778.2	processed_pseudogene	3	2	1	0.8063	0.2000	0.2162
ENSG00000276926.1	MIR6797	miRNA	1	1	0	0.7876	0.1953	0.2112
ENSG00000276928.1	AC091304.8	unprocessed_pseudogene	0	0	0	0.0000	0.0000	0.0000
ENSG00000276929.1	AL590240.2	unprocessed_pseudogene	0	0	0	0.0000	0.0000	0.0000
ENSG00000276931.1	AC009041.3	lncRNA	6	2	4	0.5333	0.1323	0.1430
ENSG00000276934.1	AC009704.2	lncRNA	0	0	0	0.0000	0.0000	0.0000
ENSG00000276940.1	PLCE1P1	unprocessed_pseudogene	0	0	0	0.0000	0.0000	0.0000
ENSG00000276941.1	MIR4509-1	miRNA	0	0	0	0.0000	0.0000	0.0000
ENSG00000276945.1	AC008498.1	unprocessed_pseudogene	26	18	8	2.7768	0.6886	0.7445
ENSG00000276949.1	AC011298.3	processed_pseudogene	0	0	0	0.0000	0.0000	0.0000
ENSG00000276950.5	GSTT4	protein_coding	0	0	0	0.0000	0.0000	0.0000
ENSG00000276951.1	AC109309.2	processed_pseudogene	0	0	0	0.0000	0.0000	0.0000
ENSG00000276952.1	AL121772.3	lncRNA	18	7	11	1.5145	0.3756	0.4061
ENSG00000276953.1	TRBV12-4	TR_V_gene	4	3	1	0.5587	0.1386	0.1498
ENSG00000276955.1	Metazoa_SRP	misc_RNA	0	0	0	0.0000	0.0000	0.0000
ENSG00000276956.1	RN7SL769P	misc_RNA	1	0	1	0.1922	0.0477	0.0515
ENSG00000276957.1	AL158063.1	lncRNA	4	2	2	0.4232	0.1050	0.1135
ENSG00000276958.1	AL590099.1	unprocessed_pseudogene	0	0	0	0.0000	0.0000	0.0000
ENSG00000276960.1	AL109933.4	unprocessed_pseudogene	0	0	0	0.0000	0.0000	0.0000
ENSG00000276961.1	MIR7848	miRNA	1	0	1	0.5615	0.1392	0.1506
ENSG00000276963.1	AL353626.3	unprocessed_pseudogene	0	0	0	0.0000	0.0000	0.0000
ENSG00000276964.1	DUX4L23	unprocessed_pseudogene	0	0	0	0.0000	0.0000	0.0000
ENSG00000276965.1	AC004542.6	misc_RNA	0	0	0	0.0000	0.0000	0.0000
ENSG00000276966.2	H4C5	protein_coding	10	5	5	0.3814	0.0946	0.1023
ENSG00000276968.1	AL158196.1	lncRNA	0	0	0	0.0000	0.0000	0.0000
ENSG00000276972.1	AC078880.5	lncRNA	1	0	1	0.1347	0.0334	0.0361
ENSG00000276975.3	HYDIN2	transcribed_unprocessed_pseudogene	30	12	18	0.0964	0.0239	0.0259
ENSG00000276980.1	AC008760.2	lncRNA	29	14	15	1.2119	0.3005	0.3250
ENSG00000276984.1	AL023881.1	lncRNA	12	5	7	2.2609	0.5607	0.6062
ENSG00000276988.1	Metazoa_SRP	misc_RNA	2	0	2	0.4501	0.1116	0.1207
ENSG00000276991.1	Z99774.3	misc_RNA	0	0	0	0.0000	0.0000	0.0000
ENSG00000276992.1	AC096577.2	processed_pseudogene	0	0	0	0.0000	0.0000	0.0000
ENSG00000276993.1	AC116003.3	lncRNA	0	0	0	0.0000	0.0000	0.0000
ENSG00000276997.4	AL513314.2	lncRNA	16	8	8	0.5714	0.1417	0.1532
ENSG00000276998.1	REXO1L2P	processed_pseudogene	0	0	0	0.0000	0.0000	0.0000
ENSG00000277000.1	DUSP12P1	unprocessed_pseudogene	0	0	0	0.0000	0.0000	0.0000
ENSG00000277001.1	Metazoa_SRP	misc_RNA	0	0	0	0.0000	0.0000	0.0000
ENSG00000277003.1	AC026468.1	unprocessed_pseudogene	0	0	0	0.0000	0.0000	0.0000
ENSG00000277004.1	RNA5SP412	rRNA_pseudogene	0	0	0	0.0000	0.0000	0.0000
ENSG00000277007.1	AC096642.1	lncRNA	21	9	12	0.4556	0.1130	0.1222
ENSG00000277008.1	TEX28P2	unprocessed_pseudogene	0	0	0	0.0000	0.0000	0.0000
ENSG00000277009.1	AC244097.1	unprocessed_pseudogene	0	0	0	0.0000	0.0000	0.0000
ENSG00000277010.1	AC120498.10	lncRNA	2	2	0	0.2246	0.0557	0.0602
ENSG00000277011.1	AC148477.4	lncRNA	0	0	0	0.0000	0.0000	0.0000
ENSG00000277013.1	AC008556.1	lncRNA	420	220	200	11.6756	2.8954	3.1306
ENSG00000277014.1	MIR3179-4	miRNA	0	0	0	0.0000	0.0000	0.0000
ENSG00000277017.1	AC023490.2	lncRNA	0	0	0	0.0000	0.0000	0.0000
ENSG00000277020.4	AL590096.1	lncRNA	7	6	2	0.5044	0.1251	0.1352
ENSG00000277022.1	AL031663.3	lncRNA	1	13	12	0.0316	0.0078	0.0085
ENSG00000277024.1	BX005214.3	transcribed_processed_pseudogene	0	0	0	0.0000	0.0000	0.0000
ENSG00000277027.1	RMRP	ribozyme	0	0	0	0.0000	0.0000	0.0000
ENSG00000277029.1	RNU6-1192P	snRNA	0	0	0	0.0000	0.0000	0.0000
ENSG00000277030.1	MIR8071-2	miRNA	0	1	1	0.0000	0.0000	0.0000
ENSG00000277031.1	RN7SL796P	misc_RNA	0	0	0	0.0000	0.0000	0.0000
ENSG00000277034.1	SNORA71	snoRNA	0	0	0	0.0000	0.0000	0.0000
ENSG00000277035.1	AC096552.1	misc_RNA	0	0	0	0.0000	0.0000	0.0000
ENSG00000277039.1	Metazoa_SRP	misc_RNA	11	3	8	1.9741	0.4896	0.5293
ENSG00000277040.1	AL359736.2	processed_pseudogene	0	0	0	0.0000	0.0000	0.0000
ENSG00000277041.1	AC106788.1	unprocessed_pseudogene	0	0	0	0.0000	0.0000	0.0000
ENSG00000277043.1	EEF1A1P42	processed_pseudogene	0	0	0	0.0000	0.0000	0.0000
ENSG00000277047.5	AL390964.1	lncRNA	0	0	0	0.0000	0.0000	0.0000
ENSG00000277049.1	RNA5SP530	rRNA	1	0	1	0.4806	0.1192	0.1289
ENSG00000277050.1	AL122125.1	lncRNA	82	51	31	7.7504	1.9220	2.0781
ENSG00000277051.1	Metazoa_SRP	misc_RNA	7	2	5	1.2764	0.3165	0.3423
ENSG00000277052.1	MIR6763	miRNA	0	0	0	0.0000	0.0000	0.0000
ENSG00000277053.4	GTF2IP1	transcribed_unprocessed_pseudogene	137	69	71	1.0424	0.2585	0.2795
ENSG00000277056.1	AL607023.1	unprocessed_pseudogene	0	0	0	0.0000	0.0000	0.0000
ENSG00000277057.1	MIR6779	miRNA	0	0	0	0.0000	0.0000	0.0000
ENSG00000277058.2	HNRNPCL3	protein_coding	0	0	0	0.0000	0.0000	0.0000
ENSG00000277062.1	RN7SL88P	misc_RNA	0	0	0	0.0000	0.0000	0.0000
ENSG00000277063.1	MIR8084	miRNA	0	0	0	0.0000	0.0000	0.0000
ENSG00000277066.1	AL137060.7	misc_RNA	0	3	1	0.0000	0.0000	0.0000
ENSG00000277067.4	CU634019.1	lncRNA	0	0	0	0.0000	0.0000	0.0000
ENSG00000277072.5	STAG3L2	transcribed_unprocessed_pseudogene	274	134	142	5.2584	1.3040	1.4099
ENSG00000277073.1	MIR6131	miRNA	0	0	0	0.0000	0.0000	0.0000
ENSG00000277075.2	H2AC8	protein_coding	71	31	40	7.9104	1.9617	2.1210
ENSG00000277077.1	AL158032.2	unprocessed_pseudogene	0	3	5	0.0000	0.0000	0.0000
ENSG00000277081.1	AC018659.6	misc_RNA	0	0	0	0.0000	0.0000	0.0000
ENSG00000277083.1	PRSS3P3	transcribed_unitary_pseudogene	0	0	0	0.0000	0.0000	0.0000
ENSG00000277084.1	RNU2-4P	snRNA	0	0	0	0.0000	0.0000	0.0000
ENSG00000277087.1	AL121890.3	lncRNA	1	0	1	0.1099	0.0273	0.0295
ENSG00000277089.4	AC243829.4	lncRNA	0	116	117	0.0000	0.0000	0.0000
ENSG00000277095.1	AC242852.2	unprocessed_pseudogene	0	0	0	0.0000	0.0000	0.0000
ENSG00000277096.1	AC098590.2	processed_pseudogene	0	0	0	0.0000	0.0000	0.0000
ENSG00000277099.1	BX571673.1	unprocessed_pseudogene	0	0	0	0.0000	0.0000	0.0000
ENSG00000277103.1	AL445670.1	processed_pseudogene	0	0	0	0.0000	0.0000	0.0000
ENSG00000277108.1	SNORD49B	snoRNA	0	0	0	0.0000	0.0000	0.0000
ENSG00000277109.1	AL935212.3	unprocessed_pseudogene	0	0	0	0.0000	0.0000	0.0000
ENSG00000277112.3	ANKRD20A21P	transcribed_unprocessed_pseudogene	8	3	5	0.1217	0.0302	0.0326
ENSG00000277117.5	FP565260.3	protein_coding	94	48	46	1.5879	0.3938	0.4258
ENSG00000277118.1	Metazoa_SRP	misc_RNA	0	0	0	0.0000	0.0000	0.0000
ENSG00000277119.1	AL049692.4	misc_RNA	0	0	0	0.0000	0.0000	0.0000
ENSG00000277120.5	MIR6089	miRNA	0	0	0	0.0000	0.0000	0.0000
ENSG00000277120.5_PAR_Y	MIR6089	miRNA	0	0	0	0.0000	0.0000	0.0000
ENSG00000277124.1	AC004774.3	misc_RNA	0	0	0	0.0000	0.0000	0.0000
ENSG00000277125.1	AC211476.4	unprocessed_pseudogene	0	0	0	0.0000	0.0000	0.0000
ENSG00000277127.1	Metazoa_SRP	misc_RNA	1	1	0	0.1818	0.0451	0.0487
ENSG00000277128.2	AL589743.3	lncRNA	9	2	7	0.0695	0.0172	0.0186
ENSG00000277129.1	AC012531.6	misc_RNA	1	1	0	0.3756	0.0931	0.1007
ENSG00000277130.1	AC073569.3	lncRNA	4	3	1	0.3326	0.0825	0.0892
ENSG00000277133.1	AL133173.2	processed_pseudogene	0	0	0	0.0000	0.0000	0.0000
ENSG00000277135.1	AC012409.3	lncRNA	1	0	1	0.0578	0.0143	0.0155
ENSG00000277136.1	Metazoa_SRP	misc_RNA	0	0	0	0.0000	0.0000	0.0000
ENSG00000277138.1	MIR6509	miRNA	0	0	0	0.0000	0.0000	0.0000
ENSG00000277141.1	Metazoa_SRP	misc_RNA	0	0	0	0.0000	0.0000	0.0000
ENSG00000277142.1	LINC00235	lncRNA	122	62	60	3.0708	0.7615	0.8234
ENSG00000277143.1	AC074276.2	processed_pseudogene	1	0	1	0.1630	0.0404	0.0437
ENSG00000277144.1	AC092757.3	lncRNA	6	5	1	0.6266	0.1554	0.1680
ENSG00000277146.1	AC013734.1	processed_pseudogene	0	0	0	0.0000	0.0000	0.0000
ENSG00000277147.6	LINC00869	transcribed_unprocessed_pseudogene	190	110	80	0.9870	0.2448	0.2646
ENSG00000277149.5	TYW1B	protein_coding	124	56	68	2.1557	0.5346	0.5780
ENSG00000277150.2	F8A3	protein_coding	0	1	0	0.0000	0.0000	0.0000
ENSG00000277151.1	AL138820.1	lncRNA	18	8	10	0.1924	0.0477	0.0516
ENSG00000277152.1	AC110048.2	lncRNA	9	4	5	0.0759	0.0188	0.0204
ENSG00000277156.1	TOMM40P1	processed_pseudogene	4	3	2	0.2160	0.0536	0.0579
ENSG00000277157.2	H4C4	protein_coding	7	1	6	0.9850	0.2443	0.2641
ENSG00000277159.1	AL139384.2	lncRNA	16	4	12	0.2527	0.0627	0.0678
ENSG00000277161.2	PIGW	protein_coding	1101	581	607	22.0472	5.4675	5.9116
ENSG00000277162.1	U85056.1	unprocessed_pseudogene	0	0	0	0.0000	0.0000	0.0000
ENSG00000277168.1	Metazoa_SRP	misc_RNA	0	0	0	0.0000	0.0000	0.0000
ENSG00000277170.1	AC012676.3	lncRNA	1	0	1	0.1184	0.0294	0.0317
ENSG00000277171.1	AC010975.1	unprocessed_pseudogene	0	0	0	0.0000	0.0000	0.0000
ENSG00000277172.1	GAPDHP41	processed_pseudogene	0	0	0	0.0000	0.0000	0.0000
ENSG00000277173.1	AC004241.4	lncRNA	2	1	1	0.1013	0.0251	0.0272
ENSG00000277174.1	AC095038.2	unprocessed_pseudogene	0	0	0	0.0000	0.0000	0.0000
ENSG00000277182.1	AC006449.5	lncRNA	171	110	112	4.6222	1.1463	1.2394
ENSG00000277184.1	SNORA9	snoRNA	0	0	0	0.0000	0.0000	0.0000
ENSG00000277186.1	AC131212.1	lncRNA	2	0	2	0.1698	0.0421	0.0455
ENSG00000277188.1	AC025188.2	misc_RNA	0	0	0	0.0000	0.0000	0.0000
ENSG00000277191.1	AC138904.2	transcribed_unprocessed_pseudogene	0	0	0	0.0000	0.0000	0.0000
ENSG00000277194.1	SNORD22	snoRNA	0	0	0	0.0000	0.0000	0.0000
ENSG00000277198.1	RN7SL270P	misc_RNA	0	0	0	0.0000	0.0000	0.0000
ENSG00000277199.1	LINC01632	lncRNA	0	0	0	0.0000	0.0000	0.0000
ENSG00000277200.1	AC005696.4	lncRNA	3	1	2	0.0541	0.0134	0.0145
ENSG00000277202.1	MIR8063	miRNA	0	0	0	0.0000	0.0000	0.0000
ENSG00000277203.1	F8A1	protein_coding	187	106	110	6.1908	1.5352	1.6599
ENSG00000277206.1	AC073349.3	unprocessed_pseudogene	0	0	0	0.0000	0.0000	0.0000
ENSG00000277209.1	RPPH1	ribozyme	0	0	0	0.0000	0.0000	0.0000
ENSG00000277210.3	AC090164.3	lncRNA	0	0	0	0.0000	0.0000	0.0000
ENSG00000277211.1	AC092132.2	processed_pseudogene	0	0	0	0.0000	0.0000	0.0000
ENSG00000277213.1	SDR42E1P2	processed_pseudogene	0	0	0	0.0000	0.0000	0.0000
ENSG00000277214.1	AC009159.2	lncRNA	0	0	0	0.0000	0.0000	0.0000
ENSG00000277215.2	SPANXA2-OT1	lncRNA	17	5	12	0.1292	0.0320	0.0346
ENSG00000277217.1	AC107033.1	misc_RNA	0	0	0	0.0000	0.0000	0.0000
ENSG00000277218.1	AL139123.1	lncRNA	15	9	6	1.9783	0.4906	0.5304
ENSG00000277223.1	AC090116.1	lncRNA	1	0	1	0.1272	0.0315	0.0341
ENSG00000277224.2	H2BC7	protein_coding	11	7	4	0.5216	0.1293	0.1399
ENSG00000277227.1	AL359741.1	unprocessed_pseudogene	0	0	0	0.0000	0.0000	0.0000
ENSG00000277228.1	AL138686.1	lncRNA	0	0	0	0.0000	0.0000	0.0000
ENSG00000277229.1	AC084781.1	lncRNA	3	2	1	0.2593	0.0643	0.0695
ENSG00000277232.2	GTSE1-DT	lncRNA	56	29	27	2.0921	0.5188	0.5610
ENSG00000277233.1	Metazoa_SRP	misc_RNA	0	0	0	0.0000	0.0000	0.0000
ENSG00000277234.1	RNU1-5P	snRNA	0	0	0	0.0000	0.0000	0.0000
ENSG00000277235.1	AL035420.3	lncRNA	16	10	6	2.8267	0.7010	0.7579
ENSG00000277241.1	AC026355.4	processed_pseudogene	10	1	9	0.7801	0.1934	0.2092
ENSG00000277243.1	MIR3118-3	miRNA	0	0	0	0.0000	0.0000	0.0000
ENSG00000277245.1	AC084782.3	lncRNA	11	6	7	1.0793	0.2676	0.2894
ENSG00000277246.1	AL157762.1	lncRNA	2	0	2	0.2733	0.0678	0.0733
ENSG00000277247.1	AC083809.1	lncRNA	1	25	31	0.1201	0.0298	0.0322
ENSG00000277248.1	U2	snRNA	0	0	0	0.0000	0.0000	0.0000
ENSG00000277249.1	MIR6784	miRNA	1	1	0	0.8464	0.2099	0.2270
ENSG00000277250.1	Metazoa_SRP	misc_RNA	1	1	0	0.1663	0.0412	0.0446
ENSG00000277252.1	AL589743.4	unprocessed_pseudogene	0	0	0	0.0000	0.0000	0.0000
ENSG00000277253.1	CICP28	processed_pseudogene	0	0	0	0.0000	0.0000	0.0000
ENSG00000277255.1	MIR7854	miRNA	0	0	0	0.0000	0.0000	0.0000
ENSG00000277258.5	PCGF2	protein_coding	1543	2301	2326	24.9298	6.1823	6.6845
ENSG00000277260.1	FAM74A7	lncRNA	0	0	0	0.0000	0.0000	0.0000
ENSG00000277264.1	MIR6833	miRNA	0	0	0	0.0000	0.0000	0.0000
ENSG00000277265.1	RN7SL556P	misc_RNA	0	0	0	0.0000	0.0000	0.0000
ENSG00000277268.2	LHX1-DT	lncRNA	0	0	0	0.0000	0.0000	0.0000
ENSG00000277269.1	AC007938.5	misc_RNA	0	0	1	0.0000	0.0000	0.0000
ENSG00000277270.2	AL160412.1	lncRNA	2	1	1	0.0263	0.0065	0.0071
ENSG00000277274.1	DUX4L22	unprocessed_pseudogene	0	0	0	0.0000	0.0000	0.0000
ENSG00000277277.3	FAM243B	protein_coding	0	0	0	0.0000	0.0000	0.0000
ENSG00000277282.1	IGHV1OR21-1	IG_V_gene	1	0	1	0.1607	0.0398	0.0431
ENSG00000277283.1	AC004812.2	lncRNA	243	145	140	6.5810	1.6320	1.7646
ENSG00000277287.1	AL109976.1	lncRNA	149	85	66	1.4882	0.3690	0.3990
ENSG00000277288.5	LINC02881	lncRNA	2	10	10	0.0662	0.0164	0.0177
ENSG00000277289.1	BX510359.6	processed_pseudogene	0	0	0	0.0000	0.0000	0.0000
ENSG00000277290.1	AC136475.10	processed_pseudogene	37	22	15	5.4500	1.3516	1.4613
ENSG00000277295.1	RN7SL489P	misc_RNA	0	0	0	0.0000	0.0000	0.0000
ENSG00000277297.1	ATP5F1AP10	processed_pseudogene	0	0	0	0.0000	0.0000	0.0000
ENSG00000277299.1	AC084876.1	lncRNA	1	58	70	0.0885	0.0219	0.0237
ENSG00000277301.1	AL034550.2	lncRNA	26	50	56	0.8326	0.2065	0.2232
ENSG00000277304.1	AC142086.6	unprocessed_pseudogene	2	1	1	0.0643	0.0159	0.0172
ENSG00000277306.1	AC092156.1	misc_RNA	0	0	0	0.0000	0.0000	0.0000
ENSG00000277308.1	Metazoa_SRP	misc_RNA	0	0	0	0.0000	0.0000	0.0000
ENSG00000277310.1	AC090246.1	lncRNA	7	4	3	0.9319	0.2311	0.2499
ENSG00000277311.1	AC012354.7	misc_RNA	0	0	0	0.0000	0.0000	0.0000
ENSG00000277313.1	7SK	misc_RNA	0	0	0	0.0000	0.0000	0.0000
ENSG00000277315.1	AL021879.1	processed_pseudogene	0	0	0	0.0000	0.0000	0.0000
ENSG00000277319.1	AL161616.1	unprocessed_pseudogene	0	0	0	0.0000	0.0000	0.0000
ENSG00000277320.1	AL390239.1	misc_RNA	0	0	0	0.0000	0.0000	0.0000
ENSG00000277322.1	GOLGA6L6	protein_coding	0	0	0	0.0000	0.0000	0.0000
ENSG00000277324.1	AC093462.1	lncRNA	7	29	41	0.2359	0.0585	0.0632
ENSG00000277327.1	SPDYE20P	unprocessed_pseudogene	0	1	0	0.0000	0.0000	0.0000
ENSG00000277332.1	AC108002.2	lncRNA	0	0	0	0.0000	0.0000	0.0000
ENSG00000277340.1	AL591926.3	processed_pseudogene	0	0	0	0.0000	0.0000	0.0000
ENSG00000277341.1	RNU6-489P	snRNA	0	0	0	0.0000	0.0000	0.0000
ENSG00000277342.1	AC048344.4	lncRNA	14	4	10	1.5065	0.3736	0.4040
ENSG00000277344.1	RNU1-6P	snRNA	0	0	0	0.0000	0.0000	0.0000
ENSG00000277349.1	CICP25	unprocessed_pseudogene	0	0	0	0.0000	0.0000	0.0000
ENSG00000277350.2	AL353770.4	lncRNA	1	1	0	0.0349	0.0086	0.0093
ENSG00000277351.1	AC013553.3	lncRNA	2	1	1	0.1844	0.0457	0.0494
ENSG00000277352.1	AP001065.4	lncRNA	0	0	0	0.0000	0.0000	0.0000
ENSG00000277357.1	NPAP1P7	processed_pseudogene	0	0	0	0.0000	0.0000	0.0000
ENSG00000277358.1	AL138693.1	unprocessed_pseudogene	0	0	0	0.0000	0.0000	0.0000
ENSG00000277363.5	SRCIN1	protein_coding	1553	788	766	7.5500	1.8723	2.0244
ENSG00000277367.1	NEK2P1	processed_pseudogene	0	0	0	0.0000	0.0000	0.0000
ENSG00000277368.1	AL138966.2	lncRNA	8	20	11	0.9778	0.2425	0.2622
ENSG00000277369.1	AC010654.1	lncRNA	64	33	31	4.4919	1.1139	1.2044
ENSG00000277370.1	SNORD49A	snoRNA	0	0	0	0.0000	0.0000	0.0000
ENSG00000277371.1	Metazoa_SRP	misc_RNA	3	1	2	0.6033	0.1496	0.1618
ENSG00000277373.1	AL132765.2	lncRNA	13	7	6	2.1004	0.5209	0.5632
ENSG00000277379.1	MIR6724-3	miRNA	0	0	0	0.0000	0.0000	0.0000
ENSG00000277382.1	AC005837.4	lncRNA	5	3	2	0.9914	0.2459	0.2658
ENSG00000277383.1	AC010331.1	lncRNA	11	8	7	1.0718	0.2658	0.2874
ENSG00000277385.1	Metazoa_SRP	misc_RNA	0	0	0	0.0000	0.0000	0.0000
ENSG00000277386.1	AL138999.1	lncRNA	3	1	2	0.3396	0.0842	0.0911
ENSG00000277387.1	MIR8058	miRNA	0	0	0	0.0000	0.0000	0.0000
ENSG00000277388.1	MIR8053	miRNA	0	0	0	0.0000	0.0000	0.0000
ENSG00000277391.1	MIR6881	miRNA	0	0	0	0.0000	0.0000	0.0000
ENSG00000277396.1	Metazoa_SRP	misc_RNA	1	1	0	0.2165	0.0537	0.0580
ENSG00000277397.1	AL606760.4	unprocessed_pseudogene	0	0	0	0.0000	0.0000	0.0000
ENSG00000277399.5	GPR179	protein_coding	5	2	3	0.0307	0.0076	0.0082
ENSG00000277402.1	MIR6891	miRNA	0	0	0	0.0000	0.0000	0.0000
ENSG00000277406.2	SEC22B4P	transcribed_unprocessed_pseudogene	22	13	9	0.8510	0.2110	0.2282
ENSG00000277408.1	Z99129.2	processed_pseudogene	0	0	0	0.0000	0.0000	0.0000
ENSG00000277410.1	H2BP5	processed_pseudogene	0	0	0	0.0000	0.0000	0.0000
ENSG00000277411.1	5S_rRNA	rRNA	2	1	1	1.0700	0.2653	0.2869
ENSG00000277412.1	BX005040.3	lncRNA	0	0	0	0.0000	0.0000	0.0000
ENSG00000277413.1	AC009560.2	misc_RNA	1	0	1	0.3458	0.0858	0.0927
ENSG00000277418.1	RNA5SP531	rRNA	0	0	0	0.0000	0.0000	0.0000
ENSG00000277422.1	REXO1L6P	transcribed_processed_pseudogene	0	0	0	0.0000	0.0000	0.0000
ENSG00000277423.1	AC069234.5	lncRNA	3	0	3	0.4090	0.1014	0.1097
ENSG00000277425.1	AL121890.4	lncRNA	9	5	4	0.8381	0.2078	0.2247
ENSG00000277426.1	AC006441.5	unprocessed_pseudogene	0	0	0	0.0000	0.0000	0.0000
ENSG00000277435.1	AC138649.2	processed_pseudogene	6	2	4	0.4826	0.1197	0.1294
ENSG00000277436.1	REXO1L5P	processed_pseudogene	0	0	0	0.0000	0.0000	0.0000
ENSG00000277437.1	FP671120.2	miRNA	0	0	0	0.0000	0.0000	0.0000
ENSG00000277438.1	KDM5DP1	processed_pseudogene	0	0	0	0.0000	0.0000	0.0000
ENSG00000277440.1	AC012676.4	lncRNA	0	0	0	0.0000	0.0000	0.0000
ENSG00000277443.3	MARCKS	protein_coding	34136	17415	16721	450.6172	111.7485	120.8255
ENSG00000277444.1	AC009951.3	misc_RNA	0	0	0	0.0000	0.0000	0.0000
ENSG00000277446.1	Metazoa_SRP	misc_RNA	0	0	0	0.0000	0.0000	0.0000
ENSG00000277447.1	AP005431.1	processed_pseudogene	0	0	0	0.0000	0.0000	0.0000
ENSG00000277448.1	LINC02338	lncRNA	0	0	0	0.0000	0.0000	0.0000
ENSG00000277449.1	CEBPB-AS1	lncRNA	80	56	60	1.7133	0.4249	0.4594
ENSG00000277450.1	AC002094.4	lncRNA	8	4	7	1.4778	0.3665	0.3962
ENSG00000277452.1	RN7SL473P	misc_RNA	3	2	1	0.5690	0.1411	0.1526
ENSG00000277453.1	AC010271.2	lncRNA	4	2	2	0.3858	0.0957	0.1034
ENSG00000277455.1	Metazoa_SRP	misc_RNA	0	0	0	0.0000	0.0000	0.0000
ENSG00000277458.1	AC007216.5	unprocessed_pseudogene	0	0	0	0.0000	0.0000	0.0000
ENSG00000277459.1	AP001527.2	lncRNA	11	13	15	0.9886	0.2452	0.2651
ENSG00000277460.1	AL031591.2	misc_RNA	0	0	0	0.0000	0.0000	0.0000
ENSG00000277462.2	ZNF670	protein_coding	396	190	206	5.3508	1.3269	1.4347
ENSG00000277463.1	AC080038.2	lncRNA	2	0	3	0.2681	0.0665	0.0719
ENSG00000277464.1	RN7SL286P	misc_RNA	0	0	0	0.0000	0.0000	0.0000
ENSG00000277465.1	AL137067.1	misc_RNA	0	0	0	0.0000	0.0000	0.0000
ENSG00000277466.1	AP006248.1	unprocessed_pseudogene	0	0	0	0.0000	0.0000	0.0000
ENSG00000277467.1	RN7SL628P	misc_RNA	1	0	1	0.2393	0.0593	0.0642
ENSG00000277468.1	AL133467.6	misc_RNA	0	0	0	0.0000	0.0000	0.0000
ENSG00000277469.1	AC004080.10	misc_RNA	0	0	0	0.0000	0.0000	0.0000
ENSG00000277473.1	Metazoa_SRP	misc_RNA	0	0	0	0.0000	0.0000	0.0000
ENSG00000277474.1	MIR6894	miRNA	0	0	0	0.0000	0.0000	0.0000
ENSG00000277476.1	AC005332.5	lncRNA	94	123	125	1.9491	0.4834	0.5226
ENSG00000277478.1	MIR6165	miRNA	0	0	0	0.0000	0.0000	0.0000
ENSG00000277479.1	AL022345.3	unprocessed_pseudogene	2	1	1	0.4975	0.1234	0.1334
ENSG00000277481.1	PKD1L3	protein_coding	8	47	47	0.0873	0.0216	0.0234
ENSG00000277482.1	AC090607.5	lncRNA	0	0	0	0.0000	0.0000	0.0000
ENSG00000277483.1	RN7SL321P	misc_RNA	0	0	0	0.0000	0.0000	0.0000
ENSG00000277486.1	SAGE3P	unprocessed_pseudogene	0	0	0	0.0000	0.0000	0.0000
ENSG00000277488.1	5S_rRNA	rRNA	0	0	0	0.0000	0.0000	0.0000
ENSG00000277490.1	BX664608.1	processed_pseudogene	0	0	0	0.0000	0.0000	0.0000
ENSG00000277491.1	AC087392.5	lncRNA	5	4	1	0.5799	0.1438	0.1555
ENSG00000277492.1	AL627390.1	snoRNA	0	0	0	0.0000	0.0000	0.0000
ENSG00000277493.1	AC139769.3	unprocessed_pseudogene	12	4	8	3.8887	0.9644	1.0427
ENSG00000277494.2	GPIHBP1	protein_coding	103	56	47	2.5880	0.6418	0.6939
ENSG00000277496.1	AL357033.4	lncRNA	117	64	53	3.6719	0.9106	0.9846
ENSG00000277498.1	AC107081.2	unprocessed_pseudogene	0	0	0	0.0000	0.0000	0.0000
ENSG00000277499.1	AL359854.1	processed_pseudogene	0	0	0	0.0000	0.0000	0.0000
ENSG00000277500.1	AC026951.1	unprocessed_pseudogene	0	0	0	0.0000	0.0000	0.0000
ENSG00000277501.1	AC243571.2	lncRNA	0	54	57	0.0000	0.0000	0.0000
ENSG00000277502.1	AC007383.3	misc_RNA	0	0	0	0.0000	0.0000	0.0000
ENSG00000277504.1	AC010536.3	lncRNA	6	5	9	0.6384	0.1583	0.1712
ENSG00000277505.1	AC116165.1	unprocessed_pseudogene	0	0	0	0.0000	0.0000	0.0000
ENSG00000277506.1	RN7SL802P	misc_RNA	0	0	0	0.0000	0.0000	0.0000
ENSG00000277508.1	BSNDP3	processed_pseudogene	0	0	0	0.0000	0.0000	0.0000
ENSG00000277509.1	AC099669.1	processed_pseudogene	0	0	0	0.0000	0.0000	0.0000
ENSG00000277510.1	Metazoa_SRP	misc_RNA	1	1	0	0.2215	0.0549	0.0594
ENSG00000277511.1	AC116407.2	lncRNA	76	34	42	5.0116	1.2428	1.3438
ENSG00000277512.1	SNORD65	snoRNA	0	0	0	0.0000	0.0000	0.0000
ENSG00000277513.1	AL161637.1	processed_pseudogene	0	0	0	0.0000	0.0000	0.0000
ENSG00000277514.1	OR52Q1P	unprocessed_pseudogene	0	0	0	0.0000	0.0000	0.0000
ENSG00000277515.1	RN7SL495P	misc_RNA	0	0	0	0.0000	0.0000	0.0000
ENSG00000277516.1	AL590410.1	unprocessed_pseudogene	0	0	0	0.0000	0.0000	0.0000
ENSG00000277519.1	OFD1P16Y	unprocessed_pseudogene	0	0	0	0.0000	0.0000	0.0000
ENSG00000277521.1	MIR8078	miRNA	0	0	1	0.0000	0.0000	0.0000
ENSG00000277524.1	AC009014.3	misc_RNA	0	0	0	0.0000	0.0000	0.0000
ENSG00000277526.5	AC245123.1	lncRNA	1	1	0	0.0256	0.0064	0.0069
ENSG00000277527.2	LINC01796	lncRNA	0	0	0	0.0000	0.0000	0.0000
ENSG00000277529.1	NF1P10	transcribed_unprocessed_pseudogene	0	0	0	0.0000	0.0000	0.0000
ENSG00000277531.2	PNMA8C	protein_coding	2	0	2	0.0267	0.0066	0.0071
ENSG00000277532.1	AC025048.5	unprocessed_pseudogene	0	0	0	0.0000	0.0000	0.0000
ENSG00000277533.1	MIR8077	miRNA	0	0	0	0.0000	0.0000	0.0000
ENSG00000277534.1	AC007996.1	lncRNA	392	199	193	7.8803	1.9542	2.1130
ENSG00000277535.2	AL772284.1	protein_coding	0	0	0	0.0000	0.0000	0.0000
ENSG00000277541.1	ZNF630-AS1	lncRNA	2	0	2	0.2857	0.0708	0.0766
ENSG00000277542.1	AC091179.4	misc_RNA	0	0	0	0.0000	0.0000	0.0000
ENSG00000277543.1	AC026471.5	lncRNA	0	0	0	0.0000	0.0000	0.0000
ENSG00000277544.1	AC104073.3	unprocessed_pseudogene	0	0	0	0.0000	0.0000	0.0000
ENSG00000277545.1	AL356752.1	lncRNA	0	0	0	0.0000	0.0000	0.0000
ENSG00000277548.1	AC018926.3	lncRNA	13	6	7	1.8158	0.4503	0.4869
ENSG00000277549.1	AL359920.1	unprocessed_pseudogene	0	0	0	0.0000	0.0000	0.0000
ENSG00000277550.1	AL031651.1	lncRNA	2	1	2	0.0789	0.0196	0.0211
ENSG00000277553.1	AC004080.11	misc_RNA	0	0	0	0.0000	0.0000	0.0000
ENSG00000277556.1	OR13C5	protein_coding	0	0	0	0.0000	0.0000	0.0000
ENSG00000277558.1	AL109923.1	lncRNA	0	2	0	0.0000	0.0000	0.0000
ENSG00000277559.1	AC018553.1	lncRNA	111	59	52	4.3174	1.0707	1.1576
ENSG00000277561.5	GOLGA8IP	transcribed_unprocessed_pseudogene	0	0	0	0.0000	0.0000	0.0000
ENSG00000277562.1	AC010320.5	processed_pseudogene	1	1	0	0.0839	0.0208	0.0225
ENSG00000277563.1	AC063961.1	misc_RNA	1	1	0	0.6444	0.1598	0.1728
ENSG00000277565.1	AL109925.4	misc_RNA	0	0	0	0.0000	0.0000	0.0000
ENSG00000277566.1	AC089999.2	lncRNA	8	6	2	0.7863	0.1950	0.2108
ENSG00000277568.1	AC011375.1	misc_RNA	2	0	2	0.7271	0.1803	0.1949
ENSG00000277569.1	MIR6134	miRNA	0	0	0	0.0000	0.0000	0.0000
ENSG00000277572.1	AP001347.2	misc_RNA	0	0	0	0.0000	0.0000	0.0000
ENSG00000277575.1	AL162233.1	processed_pseudogene	0	0	0	0.0000	0.0000	0.0000
ENSG00000277576.1	AC110741.3	unprocessed_pseudogene	0	0	0	0.0000	0.0000	0.0000
ENSG00000277577.1	AL353804.6	misc_RNA	0	0	0	0.0000	0.0000	0.0000
ENSG00000277578.1	Metazoa_SRP	misc_RNA	0	0	0	0.0000	0.0000	0.0000
ENSG00000277579.1	AC244093.3	lncRNA	4	0	4	0.5519	0.1369	0.1480
ENSG00000277581.1	AL023803.3	lncRNA	2	1	1	0.2173	0.0539	0.0583
ENSG00000277582.1	RN7SL428P	misc_RNA	0	0	0	0.0000	0.0000	0.0000
ENSG00000277583.1	AC106873.7	misc_RNA	0	2	1	0.0000	0.0000	0.0000
ENSG00000277586.4	NEFL	protein_coding	181	86	96	2.6052	0.6461	0.6985
ENSG00000277587.1	AC008759.3	lncRNA	5	3	2	0.5582	0.1384	0.1497
ENSG00000277588.1	MIR6806	miRNA	0	0	0	0.0000	0.0000	0.0000
ENSG00000277589.1	AC244093.4	lncRNA	7	6	1	0.5591	0.1387	0.1499
ENSG00000277590.1	MIR7845	miRNA	0	0	0	0.0000	0.0000	0.0000
ENSG00000277591.1	RN7SL575P	misc_RNA	0	0	0	0.0000	0.0000	0.0000
ENSG00000277592.1	Metazoa_SRP	misc_RNA	0	0	0	0.0000	0.0000	0.0000
ENSG00000277595.1	AC007546.1	lncRNA	6	3	3	0.6087	0.1509	0.1632
ENSG00000277597.1	AC130343.3	lncRNA	0	83	101	0.0000	0.0000	0.0000
ENSG00000277598.1	BX088702.1	processed_pseudogene	1	0	1	0.2413	0.0598	0.0647
ENSG00000277599.1	AP000944.2	misc_RNA	0	0	0	0.0000	0.0000	0.0000
ENSG00000277602.1	AC005363.2	lncRNA	8	4	4	1.8747	0.4649	0.5027
ENSG00000277604.1	Y_RNA	misc_RNA	0	0	0	0.0000	0.0000	0.0000
ENSG00000277605.1	Metazoa_SRP	misc_RNA	0	0	0	0.0000	0.0000	0.0000
ENSG00000277608.1	AL365204.3	unprocessed_pseudogene	0	0	0	0.0000	0.0000	0.0000
ENSG00000277610.1	RNVU1-4	snRNA	1	0	1	0.3458	0.0858	0.0927
ENSG00000277611.1	Z98752.3	protein_coding	0	0	0	0.0000	0.0000	0.0000
ENSG00000277613.1	U6	snRNA	0	0	0	0.0000	0.0000	0.0000
ENSG00000277617.1	Metazoa_SRP	misc_RNA	0	0	0	0.0000	0.0000	0.0000
ENSG00000277618.1	AL627230.2	processed_pseudogene	0	0	0	0.0000	0.0000	0.0000
ENSG00000277619.1	AC008406.3	lncRNA	9	2	9	0.3715	0.0921	0.0996
ENSG00000277621.1	AC005277.2	lncRNA	3	2	2	0.4362	0.1082	0.1170
ENSG00000277628.1	Metazoa_SRP	misc_RNA	0	0	0	0.0000	0.0000	0.0000
ENSG00000277631.5	PGM5P3-AS1	lncRNA	2	1	1	0.0364	0.0090	0.0098
ENSG00000277632.2	CCL3	protein_coding	41	135	138	1.5563	0.3859	0.4173
ENSG00000277634.1	Y_RNA	misc_RNA	0	0	0	0.0000	0.0000	0.0000
ENSG00000277635.1	Metazoa_SRP	misc_RNA	0	0	0	0.0000	0.0000	0.0000
ENSG00000277636.1	MIR8061	miRNA	0	0	0	0.0000	0.0000	0.0000
ENSG00000277637.1	RN7SL469P	misc_RNA	0	0	0	0.0000	0.0000	0.0000
ENSG00000277639.2	AC007906.2	protein_coding	26	12	14	0.7435	0.1844	0.1994
ENSG00000277640.1	AL445647.2	processed_pseudogene	0	0	0	0.0000	0.0000	0.0000
ENSG00000277646.1	AL353684.1	processed_pseudogene	0	0	0	0.0000	0.0000	0.0000
ENSG00000277647.1	AC126755.4	unprocessed_pseudogene	0	0	0	0.0000	0.0000	0.0000
ENSG00000277651.1	AL391261.2	lncRNA	2	2	0	0.2358	0.0585	0.0632
ENSG00000277653.1	AL354709.2	misc_RNA	0	0	0	0.0000	0.0000	0.0000
ENSG00000277654.6	AC087633.2	transcribed_processed_pseudogene	2	2	4	0.0261	0.0065	0.0070
ENSG00000277655.1	AC245407.1	unprocessed_pseudogene	0	0	0	0.0000	0.0000	0.0000
ENSG00000277661.4	AL662791.2	lncRNA	0	0	0	0.0000	0.0000	0.0000
ENSG00000277662.1	AL354696.1	lncRNA	16	5	11	1.8257	0.4527	0.4895
ENSG00000277668.1	Metazoa_SRP	misc_RNA	0	0	0	0.0000	0.0000	0.0000
ENSG00000277670.1	AC098657.3	unprocessed_pseudogene	0	0	0	0.0000	0.0000	0.0000
ENSG00000277671.1	FP671120.3	misc_RNA	0	0	0	0.0000	0.0000	0.0000
ENSG00000277672.1	AC011603.4	processed_pseudogene	0	0	0	0.0000	0.0000	0.0000
ENSG00000277673.1	AL590808.1	unprocessed_pseudogene	0	0	0	0.0000	0.0000	0.0000
ENSG00000277675.1	AC211486.5	lncRNA	0	0	0	0.0000	0.0000	0.0000
ENSG00000277677.1	Metazoa_SRP	misc_RNA	0	0	0	0.0000	0.0000	0.0000
ENSG00000277678.1	RNU1-153P	snRNA	6	6	5	2.3305	0.5780	0.6249
ENSG00000277681.1	MIR6739	miRNA	0	0	0	0.0000	0.0000	0.0000
ENSG00000277684.1	AL392048.1	lncRNA	3	0	3	0.3186	0.0790	0.0854
ENSG00000277687.1	AL139407.1	lncRNA	51	33	18	2.4615	0.6104	0.6600
ENSG00000277688.1	AC243585.2	lncRNA	0	180	151	0.0000	0.0000	0.0000
ENSG00000277689.1	AL109925.5	misc_RNA	0	0	0	0.0000	0.0000	0.0000
ENSG00000277690.2	AC023490.3	processed_pseudogene	0	0	0	0.0000	0.0000	0.0000
ENSG00000277692.1	AL121583.1	lncRNA	15	8	7	1.2473	0.3093	0.3344
ENSG00000277693.2	AP003900.1	lncRNA	2	0	2	0.0455	0.0113	0.0122
ENSG00000277694.1	AC004079.5	misc_RNA	0	0	0	0.0000	0.0000	0.0000
ENSG00000277695.1	AC097478.3	lncRNA	0	0	0	0.0000	0.0000	0.0000
ENSG00000277698.1	MIR6770-2	miRNA	0	0	0	0.0000	0.0000	0.0000
ENSG00000277701.5	AC159540.2	lncRNA	8	4	4	0.0950	0.0236	0.0255
ENSG00000277702.1	AC239859.5	unprocessed_pseudogene	12	4	8	3.1949	0.7923	0.8567
ENSG00000277704.1	AL445675.2	processed_pseudogene	0	0	0	0.0000	0.0000	0.0000
ENSG00000277705.1	AC007450.3	processed_pseudogene	0	0	0	0.0000	0.0000	0.0000
ENSG00000277708.1	PGBD4P2	unprocessed_pseudogene	0	0	0	0.0000	0.0000	0.0000
ENSG00000277710.2	NBEAP5	transcribed_unprocessed_pseudogene	1	1	0	0.0818	0.0203	0.0219
ENSG00000277711.1	AL591222.3	processed_pseudogene	0	0	0	0.0000	0.0000	0.0000
ENSG00000277713.1	MIR6856	miRNA	0	0	0	0.0000	0.0000	0.0000
ENSG00000277715.1	AC079174.2	lncRNA	86	47	40	2.4049	0.5964	0.6448
ENSG00000277717.1	U6	snRNA	0	0	0	0.0000	0.0000	0.0000
ENSG00000277718.1	LINC02255	lncRNA	0	0	0	0.0000	0.0000	0.0000
ENSG00000277720.1	H3C5P	unprocessed_pseudogene	0	0	0	0.0000	0.0000	0.0000
ENSG00000277721.1	Metazoa_SRP	misc_RNA	0	0	0	0.0000	0.0000	0.0000
ENSG00000277723.1	MIR6827	miRNA	1	0	1	0.9612	0.2384	0.2577
ENSG00000277726.4	AL109811.3	protein_coding	0	0	0	0.0000	0.0000	0.0000
ENSG00000277728.1	AC097641.2	lncRNA	6	235	271	0.7333	0.1819	0.1966
ENSG00000277732.1	AC015599.2	misc_RNA	0	0	0	0.0000	0.0000	0.0000
ENSG00000277734.8	TRAC	TR_C_gene	1022	489	533	59.2613	14.6962	15.8899
ENSG00000277737.3	FP325317.1	unprocessed_pseudogene	0	0	0	0.0000	0.0000	0.0000
ENSG00000277738.1	AC126175.2	lncRNA	159	72	87	11.8956	2.9500	3.1896
ENSG00000277739.1	5_8S_rRNA	rRNA	0	0	0	0.0000	0.0000	0.0000
ENSG00000277740.1	Metazoa_SRP	misc_RNA	0	0	0	0.0000	0.0000	0.0000
ENSG00000277741.4	GOLGA6L17P	transcribed_unprocessed_pseudogene	1	0	1	0.0366	0.0091	0.0098
ENSG00000277743.1	AP005212.3	processed_pseudogene	0	0	0	0.0000	0.0000	0.0000
ENSG00000277744.1	AC011462.4	lncRNA	28	15	13	3.5365	0.8770	0.9482
ENSG00000277745.1	H2AB3	protein_coding	0	0	0	0.0000	0.0000	0.0000
ENSG00000277746.1	AC108706.1	processed_pseudogene	0	0	0	0.0000	0.0000	0.0000
ENSG00000277747.1	AC133104.2	unprocessed_pseudogene	0	0	0	0.0000	0.0000	0.0000
ENSG00000277748.1	AC006262.4	unprocessed_pseudogene	0	0	0	0.0000	0.0000	0.0000
ENSG00000277749.1	AC023300.2	lncRNA	0	0	0	0.0000	0.0000	0.0000
ENSG00000277752.1	AL137060.8	misc_RNA	0	4	10	0.0000	0.0000	0.0000
ENSG00000277754.1	U3	snoRNA	1	1	0	0.2625	0.0651	0.0704
ENSG00000277755.1	AC138649.3	processed_pseudogene	0	0	0	0.0000	0.0000	0.0000
ENSG00000277757.4	AL358394.3	lncRNA	0	0	0	0.0000	0.0000	0.0000
ENSG00000277758.5	FO681492.1	protein_coding	20	11	9	0.1710	0.0424	0.0459
ENSG00000277759.1	MIR6719	miRNA	2	0	2	1.3037	0.3233	0.3496
ENSG00000277762.1	RN7SL261P	misc_RNA	0	0	0	0.0000	0.0000	0.0000
ENSG00000277763.1	AL138995.1	lncRNA	7	5	8	0.5881	0.1458	0.1577
ENSG00000277764.1	AC007040.3	misc_RNA	2	2	0	0.5757	0.1428	0.1544
ENSG00000277766.1	AC004790.1	unprocessed_pseudogene	0	0	0	0.0000	0.0000	0.0000
ENSG00000277767.1	AL442128.2	lncRNA	9	7	2	0.2798	0.0694	0.0750
ENSG00000277769.1	RBM22P4	processed_pseudogene	0	0	0	0.0000	0.0000	0.0000
ENSG00000277770.1	AC137803.1	unprocessed_pseudogene	0	0	0	0.0000	0.0000	0.0000
ENSG00000277771.1	Metazoa_SRP	misc_RNA	0	0	0	0.0000	0.0000	0.0000
ENSG00000277774.1	RN7SL763P	misc_RNA	0	0	0	0.0000	0.0000	0.0000
ENSG00000277775.2	H3C7	protein_coding	1	1	1	0.1148	0.0285	0.0308
ENSG00000277777.1	Y_RNA	misc_RNA	0	0	0	0.0000	0.0000	0.0000
ENSG00000277778.2	PGM5P2	transcribed_unprocessed_pseudogene	40	75	71	1.1457	0.2841	0.3072
ENSG00000277782.1	AC068870.2	lncRNA	79	44	35	11.5169	2.8561	3.0881
ENSG00000277784.1	MIR6786	miRNA	0	0	0	0.0000	0.0000	0.0000
ENSG00000277785.1	SNORD116-21	snoRNA	0	0	0	0.0000	0.0000	0.0000
ENSG00000277790.1	AC084781.2	lncRNA	0	0	0	0.0000	0.0000	0.0000
ENSG00000277791.5	PSMB3	protein_coding	6987	3436	3555	339.2402	84.1282	90.9616
ENSG00000277794.1	Metazoa_SRP	misc_RNA	0	0	0	0.0000	0.0000	0.0000
ENSG00000277795.1	AC244517.3	processed_pseudogene	1	0	2	0.0459	0.0114	0.0123
ENSG00000277797.1	AL359693.1	lncRNA	0	0	0	0.0000	0.0000	0.0000
ENSG00000277801.1	AL138478.1	lncRNA	0	661	663	0.0000	0.0000	0.0000
ENSG00000277803.1	AC099842.1	processed_pseudogene	0	0	0	0.0000	0.0000	0.0000
ENSG00000277806.1	AC006213.4	lncRNA	43	15	28	3.8463	0.9538	1.0313
ENSG00000277809.1	AC012354.8	misc_RNA	0	0	0	0.0000	0.0000	0.0000
ENSG00000277817.1	MIR6738	miRNA	0	0	0	0.0000	0.0000	0.0000
ENSG00000277818.1	Y_RNA	misc_RNA	0	0	0	0.0000	0.0000	0.0000
ENSG00000277825.1	AC020917.3	lncRNA	1	1	0	0.0787	0.0195	0.0211
ENSG00000277826.1	AL157858.2	misc_RNA	0	0	0	0.0000	0.0000	0.0000
ENSG00000277828.1	AL137067.2	misc_RNA	0	0	0	0.0000	0.0000	0.0000
ENSG00000277829.1	AL031651.2	lncRNA	12	5	7	1.2396	0.3074	0.3324
ENSG00000277830.1	AL049766.2	misc_RNA	0	0	0	0.0000	0.0000	0.0000
ENSG00000277831.1	AL138960.1	lncRNA	3	1	2	0.3316	0.0822	0.0889
ENSG00000277837.1	AC090340.1	lncRNA	0	0	0	0.0000	0.0000	0.0000
ENSG00000277840.1	AC026368.1	lncRNA	3	2	1	0.2466	0.0611	0.0661
ENSG00000277841.1	MIR5701-2	miRNA	0	0	0	0.0000	0.0000	0.0000
ENSG00000277842.1	MIR6811	miRNA	0	0	0	0.0000	0.0000	0.0000
ENSG00000277846.1	SNORD30	snoRNA	0	0	0	0.0000	0.0000	0.0000
ENSG00000277851.2	LINC02391	lncRNA	14	9	5	0.9243	0.2292	0.2478
ENSG00000277852.1	AC244255.1	unprocessed_pseudogene	0	0	0	0.0000	0.0000	0.0000
ENSG00000277855.1	AC097634.3	lncRNA	5	8	21	0.3458	0.0858	0.0927
ENSG00000277858.2	H2AB2	protein_coding	0	0	0	0.0000	0.0000	0.0000
ENSG00000277859.1	AC009014.4	misc_RNA	0	0	1	0.0000	0.0000	0.0000
ENSG00000277862.1	PRAMEF34P	unprocessed_pseudogene	0	0	0	0.0000	0.0000	0.0000
ENSG00000277863.1	AL162574.1	lncRNA	1	0	1	0.0597	0.0148	0.0160
ENSG00000277864.1	SCARNA15	scaRNA	0	0	0	0.0000	0.0000	0.0000
ENSG00000277865.4	GOLGA6L22	protein_coding	0	0	0	0.0000	0.0000	0.0000
ENSG00000277866.1	AC022106.2	unprocessed_pseudogene	0	0	0	0.0000	0.0000	0.0000
ENSG00000277867.1	AC138649.4	processed_pseudogene	0	0	0	0.0000	0.0000	0.0000
ENSG00000277869.1	AL773524.1	processed_pseudogene	0	0	0	0.0000	0.0000	0.0000
ENSG00000277870.5	FAM230A	lncRNA	0	0	0	0.0000	0.0000	0.0000
ENSG00000277872.1	MIR6817	miRNA	0	0	0	0.0000	0.0000	0.0000
ENSG00000277873.1	AC131159.2	lncRNA	3	135	140	0.2424	0.0601	0.0650
ENSG00000277876.1	AC108359.1	unprocessed_pseudogene	0	0	0	0.0000	0.0000	0.0000
ENSG00000277878.1	AC010385.3	processed_pseudogene	0	0	0	0.0000	0.0000	0.0000
ENSG00000277879.1	AL391988.1	lncRNA	31	23	30	1.1320	0.2807	0.3035
ENSG00000277880.1	TRBV17	TR_V_gene	0	0	0	0.0000	0.0000	0.0000
ENSG00000277881.1	AL645927.1	processed_pseudogene	0	0	0	0.0000	0.0000	0.0000
ENSG00000277882.1	AL592295.2	processed_pseudogene	1	1	0	0.2753	0.0683	0.0738
ENSG00000277883.1	NLRP3P1	unprocessed_pseudogene	4	1	3	0.1271	0.0315	0.0341
ENSG00000277887.1	SNORA50C	snoRNA	0	0	0	0.0000	0.0000	0.0000
ENSG00000277888.1	MIR6846	miRNA	0	0	0	0.0000	0.0000	0.0000
ENSG00000277889.1	MIR8081	miRNA	0	0	0	0.0000	0.0000	0.0000
ENSG00000277892.1	MIR6746	miRNA	0	0	0	0.0000	0.0000	0.0000
ENSG00000277893.2	SRD5A2	protein_coding	53	29	24	0.6651	0.1649	0.1783
ENSG00000277895.1	AC135279.3	lncRNA	4	28	18	0.1730	0.0429	0.0464
ENSG00000277899.1	MLECP1	processed_pseudogene	0	0	0	0.0000	0.0000	0.0000
ENSG00000277900.1	Metazoa_SRP	misc_RNA	0	0	0	0.0000	0.0000	0.0000
ENSG00000277901.1	AL390037.1	lncRNA	1	1	0	0.1316	0.0326	0.0353
ENSG00000277903.1	U2	snRNA	0	0	0	0.0000	0.0000	0.0000
ENSG00000277904.1	MIR7850	miRNA	0	0	0	0.0000	0.0000	0.0000
ENSG00000277907.1	AC024288.1	processed_pseudogene	0	0	0	0.0000	0.0000	0.0000
ENSG00000277911.1	AC243773.2	lncRNA	1	1	0	0.2215	0.0549	0.0594
ENSG00000277912.1	MIR8089	miRNA	0	0	0	0.0000	0.0000	0.0000
ENSG00000277913.1	AL137060.9	misc_RNA	0	19	16	0.0000	0.0000	0.0000
ENSG00000277914.1	DDX6P2	processed_pseudogene	0	0	0	0.0000	0.0000	0.0000
ENSG00000277916.1	AL357500.2	misc_RNA	0	0	0	0.0000	0.0000	0.0000
ENSG00000277918.1	RNVU1-28	snRNA	0	0	0	0.0000	0.0000	0.0000
ENSG00000277919.1	MIR8067	miRNA	0	0	0	0.0000	0.0000	0.0000
ENSG00000277920.1	AC138969.3	unprocessed_pseudogene	0	0	0	0.0000	0.0000	0.0000
ENSG00000277922.1	AC004386.5	misc_RNA	0	4	1	0.0000	0.0000	0.0000
ENSG00000277925.1	Telomerase-vert	misc_RNA	0	0	0	0.0000	0.0000	0.0000
ENSG00000277930.1	AC010722.1	lncRNA	0	0	0	0.0000	0.0000	0.0000
ENSG00000277932.2	OR52E5	protein_coding	0	0	0	0.0000	0.0000	0.0000
ENSG00000277935.1	AC007527.2	lncRNA	0	0	0	0.0000	0.0000	0.0000
ENSG00000277938.1	AL035252.3	lncRNA	60	32	28	1.2222	0.3031	0.3277
ENSG00000277941.1	Z99774.4	misc_RNA	0	0	0	0.0000	0.0000	0.0000
ENSG00000277942.1	MIR8075	miRNA	0	0	0	0.0000	0.0000	0.0000
ENSG00000277945.1	AC107308.1	lncRNA	3	2	1	0.5652	0.1402	0.1516
ENSG00000277946.1	RN7SL478P	misc_RNA	0	0	0	0.0000	0.0000	0.0000
ENSG00000277947.1	SNORD3D	snoRNA	0	0	0	0.0000	0.0000	0.0000
ENSG00000277948.1	AC007435.1	misc_RNA	2	1	1	0.6065	0.1504	0.1626
ENSG00000277950.1	Metazoa_SRP	misc_RNA	2	2	0	0.4537	0.1125	0.1216
ENSG00000277952.1	AC092745.3	processed_pseudogene	1	1	0	0.2625	0.0651	0.0704
ENSG00000277954.1	AC092376.2	lncRNA	89	46	43	1.2262	0.3041	0.3288
ENSG00000277957.1	SENP3-EIF4A1	protein_coding	1	0	1	0.0161	0.0040	0.0043
ENSG00000277958.1	Metazoa_SRP	misc_RNA	0	0	0	0.0000	0.0000	0.0000
ENSG00000277959.1	AL162274.2	lncRNA	18	9	9	3.0746	0.7625	0.8244
ENSG00000277965.1	Metazoa_SRP	misc_RNA	0	0	0	0.0000	0.0000	0.0000
ENSG00000277966.1	AC004080.12	misc_RNA	0	0	0	0.0000	0.0000	0.0000
ENSG00000277967.1	AL049766.3	misc_RNA	0	0	0	0.0000	0.0000	0.0000
ENSG00000277968.1	AC091825.2	misc_RNA	2	0	2	1.2464	0.3091	0.3342
ENSG00000277969.1	AC006449.6	lncRNA	345	193	199	8.5213	2.1132	2.2848
ENSG00000277971.1	AC007731.4	protein_coding	0	0	0	0.0000	0.0000	0.0000
ENSG00000277972.2	CISD3	protein_coding	2013	2535	2515	36.6123	9.0795	9.8170
ENSG00000277973.1	AL138828.2	processed_pseudogene	0	0	0	0.0000	0.0000	0.0000
ENSG00000277975.1	CSTP2	unprocessed_pseudogene	0	0	0	0.0000	0.0000	0.0000
ENSG00000277977.1	AC010332.1	unprocessed_pseudogene	12	8	4	7.0157	1.7398	1.8811
ENSG00000277978.1	AC010542.5	lncRNA	24	281	274	3.5629	0.8836	0.9553
ENSG00000277981.1	AL731556.2	unprocessed_pseudogene	2	0	2	0.1473	0.0365	0.0395
ENSG00000277984.1	AP001264.1	unprocessed_pseudogene	3	1	2	0.2420	0.0600	0.0649
ENSG00000277985.1	SNORA67	snoRNA	0	0	0	0.0000	0.0000	0.0000
ENSG00000277986.1	U4	snRNA	0	0	0	0.0000	0.0000	0.0000
ENSG00000277987.2	LINC02351	lncRNA	1	0	1	0.0245	0.0061	0.0066
ENSG00000277988.1	FAM30B	unprocessed_pseudogene	0	0	0	0.0000	0.0000	0.0000
ENSG00000277991.4	FP236241.1	lncRNA	0	0	0	0.0000	0.0000	0.0000
ENSG00000277994.1	AC012531.7	misc_RNA	0	0	0	0.0000	0.0000	0.0000
ENSG00000277997.1	AC079779.4	lncRNA	0	0	0	0.0000	0.0000	0.0000
ENSG00000277998.1	AC107075.1	unprocessed_pseudogene	8	3	5	1.4448	0.3583	0.3874
ENSG00000277999.1	AC009093.6	lncRNA	3	1	2	0.3076	0.0763	0.0825
ENSG00000278000.1	AC139100.2	lncRNA	10	8	2	0.8566	0.2124	0.2297
ENSG00000278001.1	AL591926.4	processed_pseudogene	0	0	0	0.0000	0.0000	0.0000
ENSG00000278002.1	AL627171.1	lncRNA	13	14	20	0.5636	0.1398	0.1511
ENSG00000278004.1	AC009492.1	misc_RNA	0	0	0	0.0000	0.0000	0.0000
ENSG00000278007.1	Metazoa_SRP	misc_RNA	0	0	0	0.0000	0.0000	0.0000
ENSG00000278008.1	PPP1R26P4	processed_pseudogene	0	0	0	0.0000	0.0000	0.0000
ENSG00000278009.1	AL139099.3	unprocessed_pseudogene	8	4	4	3.9796	0.9869	1.0671
ENSG00000278010.1	SNORA70	snoRNA	0	0	0	0.0000	0.0000	0.0000
ENSG00000278011.1	AC024941.1	lncRNA	1	0	1	0.1698	0.0421	0.0455
ENSG00000278012.1	AL031658.2	lncRNA	0	0	0	0.0000	0.0000	0.0000
ENSG00000278013.1	AC245033.2	lncRNA	0	0	0	0.0000	0.0000	0.0000
ENSG00000278017.1	AC064801.1	lncRNA	2	1	1	0.2787	0.0691	0.0747
ENSG00000278020.1	AC004080.13	misc_RNA	0	0	0	0.0000	0.0000	0.0000
ENSG00000278022.1	AC118658.1	lncRNA	3	1	2	0.3707	0.0919	0.0994
ENSG00000278023.7	RDM1	protein_coding	46	30	16	1.3208	0.3276	0.3542
ENSG00000278026.1	AC117415.2	misc_RNA	0	0	0	0.0000	0.0000	0.0000
ENSG00000278028.1	Y_RNA	misc_RNA	0	0	0	0.0000	0.0000	0.0000
ENSG00000278030.1	TRBV7-9	TR_V_gene	7	2	5	1.1440	0.2837	0.3067
ENSG00000278034.1	MIR6731	miRNA	0	0	0	0.0000	0.0000	0.0000
ENSG00000278035.1	AL121895.2	lncRNA	29	16	13	3.6792	0.9124	0.9865
ENSG00000278038.1	MIR6076	miRNA	0	0	0	0.0000	0.0000	0.0000
ENSG00000278039.1	AL353804.7	misc_RNA	0	38	19	0.0000	0.0000	0.0000
ENSG00000278040.1	AL158825.3	misc_RNA	0	0	0	0.0000	0.0000	0.0000
ENSG00000278041.1	AL133325.3	lncRNA	0	0	0	0.0000	0.0000	0.0000
ENSG00000278044.1	FAM247B	lncRNA	0	0	0	0.0000	0.0000	0.0000
ENSG00000278045.1	AL049692.5	misc_RNA	0	0	0	0.0000	0.0000	0.0000
ENSG00000278048.1	U2	snRNA	0	0	0	0.0000	0.0000	0.0000
ENSG00000278050.1	AP000944.3	misc_RNA	0	0	0	0.0000	0.0000	0.0000
ENSG00000278052.1	AC104985.2	lncRNA	0	0	0	0.0000	0.0000	0.0000
ENSG00000278053.5	DDX52	protein_coding	3285	1891	1836	19.5521	4.8487	5.2426
ENSG00000278054.1	AL591926.5	processed_pseudogene	1	0	1	0.2688	0.0667	0.0721
ENSG00000278055.1	AC007938.6	misc_RNA	0	0	0	0.0000	0.0000	0.0000
ENSG00000278057.4	TEX28	protein_coding	0	0	0	0.0000	0.0000	0.0000
ENSG00000278058.1	AC009159.3	lncRNA	12	5	7	0.8464	0.2099	0.2270
ENSG00000278060.1	AC012366.1	lncRNA	1	16	12	0.1199	0.0297	0.0321
ENSG00000278068.1	AL136317.3	processed_pseudogene	0	0	0	0.0000	0.0000	0.0000
ENSG00000278069.1	MIR6072	miRNA	0	0	0	0.0000	0.0000	0.0000
ENSG00000278071.1	AL161669.3	lncRNA	68	35	33	4.9630	1.2308	1.3308
ENSG00000278072.1	AC108713.1	misc_RNA	0	0	0	0.0000	0.0000	0.0000
ENSG00000278073.1	MIR6726	miRNA	0	0	0	0.0000	0.0000	0.0000
ENSG00000278075.1	AC114341.1	lncRNA	3	1	2	0.4875	0.1209	0.1307
ENSG00000278077.1	AL591926.6	processed_pseudogene	0	0	0	0.0000	0.0000	0.0000
ENSG00000278078.1	AC025279.3	unprocessed_pseudogene	0	0	0	0.0000	0.0000	0.0000
ENSG00000278083.1	AC013476.1	processed_pseudogene	0	0	0	0.0000	0.0000	0.0000
ENSG00000278084.1	AC069503.3	lncRNA	3	2	2	1.1733	0.2910	0.3146
ENSG00000278085.5	CT45A8	protein_coding	0	0	0	0.0000	0.0000	0.0000
ENSG00000278089.1	SNORD115-7	snoRNA	0	0	0	0.0000	0.0000	0.0000
ENSG00000278090.3	LUNAR1	lncRNA	2	1	1	0.0350	0.0087	0.0094
ENSG00000278095.1	AC022509.4	lncRNA	2	1	1	0.1983	0.0492	0.0532
ENSG00000278097.1	AC243829.5	lncRNA	0	0	0	0.0000	0.0000	0.0000
ENSG00000278098.1	MIR7973-1	miRNA	0	0	0	0.0000	0.0000	0.0000
ENSG00000278099.1	RNVU1-2A	snRNA	0	0	0	0.0000	0.0000	0.0000
ENSG00000278100.1	Metazoa_SRP	misc_RNA	0	0	0	0.0000	0.0000	0.0000
ENSG00000278102.1	AL138825.1	processed_pseudogene	0	0	0	0.0000	0.0000	0.0000
ENSG00000278103.1	MIR8060	miRNA	0	0	0	0.0000	0.0000	0.0000
ENSG00000278104.1	AL669914.3	misc_RNA	0	6	3	0.0000	0.0000	0.0000
ENSG00000278106.1	AF254983.2	unprocessed_pseudogene	0	0	0	0.0000	0.0000	0.0000
ENSG00000278107.1	AC027575.2	lncRNA	18	9	9	1.7419	0.4320	0.4671
ENSG00000278108.1	MIR6757	miRNA	0	0	0	0.0000	0.0000	0.0000
ENSG00000278109.1	Metazoa_SRP	misc_RNA	0	0	0	0.0000	0.0000	0.0000
ENSG00000278110.1	SUSD2P2	unprocessed_pseudogene	0	0	0	0.0000	0.0000	0.0000
ENSG00000278112.1	AC145423.2	lncRNA	15	5	10	1.8215	0.4517	0.4884
ENSG00000278113.1	AL356754.2	misc_RNA	0	0	0	0.0000	0.0000	0.0000
ENSG00000278122.1	AQP7P5	unprocessed_pseudogene	0	0	0	0.0000	0.0000	0.0000
ENSG00000278123.1	SNORD116-28	snoRNA	0	0	0	0.0000	0.0000	0.0000
ENSG00000278124.1	RN7SL186P	misc_RNA	0	0	0	0.0000	0.0000	0.0000
ENSG00000278126.1	AC139768.1	lncRNA	91	55	36	5.7468	1.4251	1.5409
ENSG00000278128.2	AL139093.1	transcribed_unprocessed_pseudogene	0	0	0	0.0000	0.0000	0.0000
ENSG00000278129.2	ZNF8	protein_coding	645	323	322	4.0151	0.9957	1.0766
ENSG00000278130.1	AL591424.2	unprocessed_pseudogene	3	2	2	0.1951	0.0484	0.0523
ENSG00000278131.1	AC116050.1	unprocessed_pseudogene	0	2	0	0.0000	0.0000	0.0000
ENSG00000278133.1	AC135050.6	lncRNA	523	275	248	39.2319	9.7291	10.5194
ENSG00000278135.1	U2	snRNA	0	0	0	0.0000	0.0000	0.0000
ENSG00000278138.2	CLUHP11	unprocessed_pseudogene	0	0	0	0.0000	0.0000	0.0000
ENSG00000278139.1	P3R3URF-PIK3R3	protein_coding	0	0	0	0.0000	0.0000	0.0000
ENSG00000278143.1	NF1P7	unprocessed_pseudogene	0	1	0	0.0000	0.0000	0.0000
ENSG00000278144.1	AP000944.4	misc_RNA	0	0	0	0.0000	0.0000	0.0000
ENSG00000278146.1	AC012409.4	lncRNA	1	0	1	0.2278	0.0565	0.0611
ENSG00000278147.1	AL121809.2	lncRNA	0	0	0	0.0000	0.0000	0.0000
ENSG00000278151.1	AC108065.2	misc_RNA	0	0	0	0.0000	0.0000	0.0000
ENSG00000278153.1	AL121782.1	lncRNA	6	1	5	0.8239	0.2043	0.2209
ENSG00000278156.2	TSC22D1-AS1	lncRNA	33	88	102	0.5413	0.1342	0.1452
ENSG00000278158.1	AP001059.2	lncRNA	0	0	0	0.0000	0.0000	0.0000
ENSG00000278159.1	MIR8062	miRNA	0	0	0	0.0000	0.0000	0.0000
ENSG00000278160.1	BX510359.7	unprocessed_pseudogene	0	0	0	0.0000	0.0000	0.0000
ENSG00000278171.1	AL137028.2	processed_pseudogene	0	0	0	0.0000	0.0000	0.0000
ENSG00000278172.1	Metazoa_SRP	misc_RNA	0	0	0	0.0000	0.0000	0.0000
ENSG00000278175.4	GLIDR	lncRNA	64	70	77	0.5476	0.1358	0.1468
ENSG00000278177.1	AL354811.1	lncRNA	2	44	34	0.1607	0.0398	0.0431
ENSG00000278180.1	AL451054.3	unprocessed_pseudogene	0	0	0	0.0000	0.0000	0.0000
ENSG00000278181.1	AP000457.1	processed_pseudogene	0	0	0	0.0000	0.0000	0.0000
ENSG00000278182.1	AC239860.2	unprocessed_pseudogene	0	0	0	0.0000	0.0000	0.0000
ENSG00000278184.1	NF1P11	unprocessed_pseudogene	0	0	0	0.0000	0.0000	0.0000
ENSG00000278188.1	U6	snRNA	0	0	0	0.0000	0.0000	0.0000
ENSG00000278189.1	RNA5-8SN1	rRNA	0	0	0	0.0000	0.0000	0.0000
ENSG00000278192.1	AL118505.1	lncRNA	9	7	2	0.2642	0.0655	0.0708
ENSG00000278193.1	AC013562.2	unprocessed_pseudogene	0	0	0	0.0000	0.0000	0.0000
ENSG00000278195.2	SSTR3	protein_coding	13	6	8	0.1576	0.0391	0.0423
ENSG00000278196.3	IGLV2-8	IG_V_gene	234	104	130	25.6676	6.3653	6.8823
ENSG00000278197.1	AC006338.1	unprocessed_pseudogene	0	0	0	0.0000	0.0000	0.0000
ENSG00000278200.1	LINC01971	lncRNA	1	0	1	0.0541	0.0134	0.0145
ENSG00000278202.1	AC243919.2	lncRNA	0	0	0	0.0000	0.0000	0.0000
ENSG00000278204.1	MIR6857	miRNA	0	0	0	0.0000	0.0000	0.0000
ENSG00000278205.1	AC092447.10	unprocessed_pseudogene	0	0	0	0.0000	0.0000	0.0000
ENSG00000278206.1	AL031320.2	lncRNA	14	257	294	0.3819	0.0947	0.1024
ENSG00000278212.2	AC134878.2	transcribed_unprocessed_pseudogene	144	83	61	3.8813	0.9625	1.0407
ENSG00000278213.1	CNTNAP3P5	unprocessed_pseudogene	0	0	0	0.0000	0.0000	0.0000
ENSG00000278214.1	LINC02139	lncRNA	4	1	4	0.1131	0.0281	0.0303
ENSG00000278215.1	AP001318.3	processed_pseudogene	0	0	0	0.0000	0.0000	0.0000
ENSG00000278217.1	AP000769.5	misc_RNA	0	0	0	0.0000	0.0000	0.0000
ENSG00000278218.1	AC003657.1	misc_RNA	0	0	0	0.0000	0.0000	0.0000
ENSG00000278221.1	MIR6511A2	miRNA	0	0	0	0.0000	0.0000	0.0000
ENSG00000278222.1	RN7SL536P	misc_RNA	0	0	0	0.0000	0.0000	0.0000
ENSG00000278223.1	MIR6783	miRNA	0	0	0	0.0000	0.0000	0.0000
ENSG00000278224.7	PRICKLE4	protein_coding	10	8	2	0.2041	0.0506	0.0547
ENSG00000278226.1	Metazoa_SRP	misc_RNA	0	0	0	0.0000	0.0000	0.0000
ENSG00000278231.1	AL133342.1	lncRNA	30	17	13	4.6484	1.1527	1.2464
ENSG00000278233.1	RNA5-8SN2	rRNA	0	0	0	0.0000	0.0000	0.0000
ENSG00000278234.1	U2	snRNA	2	0	2	1.3502	0.3348	0.3620
ENSG00000278236.1	AC005076.2	misc_RNA	0	0	0	0.0000	0.0000	0.0000
ENSG00000278237.1	AC025188.3	misc_RNA	0	0	0	0.0000	0.0000	0.0000
ENSG00000278238.1	AL359513.1	lncRNA	69	27	42	7.0251	1.7422	1.8837
ENSG00000278239.1	AC243967.3	lncRNA	0	0	0	0.0000	0.0000	0.0000
ENSG00000278242.1	RN7SL725P	misc_RNA	0	0	0	0.0000	0.0000	0.0000
ENSG00000278249.1	SCARNA2	scaRNA	0	0	0	0.0000	0.0000	0.0000
ENSG00000278250.1	Metazoa_SRP	misc_RNA	2	2	0	0.3133	0.0777	0.0840
ENSG00000278254.4	AC004852.2	lncRNA	0	0	0	0.0000	0.0000	0.0000
ENSG00000278255.1	AC005344.1	lncRNA	0	0	0	0.0000	0.0000	0.0000
ENSG00000278256.1	AC007718.1	unprocessed_pseudogene	0	0	0	0.0000	0.0000	0.0000
ENSG00000278259.4	MYO19	protein_coding	1979	1391	1339	8.5835	2.1286	2.3015
ENSG00000278261.1	SNORD1A	snoRNA	0	0	0	0.0000	0.0000	0.0000
ENSG00000278263.2	AC135068.3	IG_V_gene	4	4	0	0.6426	0.1594	0.1723
ENSG00000278264.1	MIR6803	miRNA	0	0	0	0.0000	0.0000	0.0000
ENSG00000278265.1	MIR6770-1	miRNA	0	0	0	0.0000	0.0000	0.0000
ENSG00000278266.1	AC079949.2	lncRNA	18	12	6	0.3480	0.0863	0.0933
ENSG00000278267.1	MIR6859-1	miRNA	0	0	0	0.0000	0.0000	0.0000
ENSG00000278273.1	FP700107.1	unprocessed_pseudogene	0	0	0	0.0000	0.0000	0.0000
ENSG00000278274.1	SNORA61	snoRNA	0	0	0	0.0000	0.0000	0.0000
ENSG00000278275.2	AC103705.1	transcribed_processed_pseudogene	3	61	53	0.1261	0.0313	0.0338
ENSG00000278276.1	AL110115.2	lncRNA	3	1	2	0.5235	0.1298	0.1404
ENSG00000278278.1	MIR6816	miRNA	0	0	0	0.0000	0.0000	0.0000
ENSG00000278281.1	MIR7856	miRNA	9	7	2	9.1141	2.2602	2.4438
ENSG00000278283.1	AL020991.1	unprocessed_pseudogene	0	0	0	0.0000	0.0000	0.0000
ENSG00000278287.1	AL109925.6	misc_RNA	0	0	1	0.0000	0.0000	0.0000
ENSG00000278289.5	CT45A6	protein_coding	0	0	0	0.0000	0.0000	0.0000
ENSG00000278291.1	AL161772.1	lncRNA	34	239	240	0.4370	0.1084	0.1172
ENSG00000278292.1	RFPL4AP6	unprocessed_pseudogene	2	0	2	0.1341	0.0332	0.0359
ENSG00000278299.5	TBC1D3C	protein_coding	0	0	0	0.0000	0.0000	0.0000
ENSG00000278301.1	GRAMD4P3	processed_pseudogene	0	0	0	0.0000	0.0000	0.0000
ENSG00000278305.1	AL161616.2	lncRNA	0	0	0	0.0000	0.0000	0.0000
ENSG00000278311.5	GGNBP2	protein_coding	7278	3750	3534	42.5281	10.5465	11.4032
ENSG00000278313.1	AC100827.5	unprocessed_pseudogene	0	0	0	0.0000	0.0000	0.0000
ENSG00000278317.1	H3P46	processed_pseudogene	0	0	0	0.0000	0.0000	0.0000
ENSG00000278318.5	ZNF229	protein_coding	103	44	59	1.0620	0.2634	0.2848
ENSG00000278319.1	AL590240.3	unprocessed_pseudogene	0	0	0	0.0000	0.0000	0.0000
ENSG00000278324.1	AC084123.1	misc_RNA	0	0	0	0.0000	0.0000	0.0000
ENSG00000278328.1	MIR6802	miRNA	0	0	0	0.0000	0.0000	0.0000
ENSG00000278330.1	AC018529.2	lncRNA	7	1	6	0.1270	0.0315	0.0341
ENSG00000278331.1	RNU6-156P	snRNA	0	0	0	0.0000	0.0000	0.0000
ENSG00000278332.1	AL021918.2	processed_pseudogene	0	0	0	0.0000	0.0000	0.0000
ENSG00000278333.1	AC022028.3	misc_RNA	0	0	0	0.0000	0.0000	0.0000
ENSG00000278334.1	AC004080.14	misc_RNA	0	0	0	0.0000	0.0000	0.0000
ENSG00000278337.1	AL139327.3	unprocessed_pseudogene	0	0	0	0.0000	0.0000	0.0000
ENSG00000278338.4	VWA8-AS1	lncRNA	0	0	0	0.0000	0.0000	0.0000
ENSG00000278340.1	MIR6862-2	miRNA	0	0	0	0.0000	0.0000	0.0000
ENSG00000278341.1	AC138028.6	lncRNA	8	49	51	0.3061	0.0759	0.0821
ENSG00000278342.1	AL133373.2	unprocessed_pseudogene	1	1	0	0.6033	0.1496	0.1618
ENSG00000278344.1	AC063943.1	lncRNA	14	5	9	2.2302	0.5531	0.5980
ENSG00000278346.1	AC080112.2	processed_pseudogene	0	0	0	0.0000	0.0000	0.0000
ENSG00000278348.1	Metazoa_SRP	misc_RNA	1	0	1	0.2018	0.0500	0.0541
ENSG00000278349.1	MIR6754	miRNA	0	0	0	0.0000	0.0000	0.0000
ENSG00000278351.1	AC009248.2	lncRNA	0	0	0	0.0000	0.0000	0.0000
ENSG00000278356.1	AC005911.1	lncRNA	7	6	1	0.8705	0.2159	0.2334
ENSG00000278358.1	BX510359.8	processed_pseudogene	0	0	0	0.0000	0.0000	0.0000
ENSG00000278359.1	MIR7155	miRNA	0	0	0	0.0000	0.0000	0.0000
ENSG00000278367.1	AL356652.1	lncRNA	2	74	78	0.2007	0.0498	0.0538
ENSG00000278370.1	AC021422.1	lncRNA	0	0	0	0.0000	0.0000	0.0000
ENSG00000278374.1	U4	snRNA	6	1	5	2.6792	0.6644	0.7184
ENSG00000278376.1	AP004609.3	lncRNA	228	121	108	6.8630	1.7020	1.8402
ENSG00000278381.1	AL050303.2	processed_pseudogene	0	0	0	0.0000	0.0000	0.0000
ENSG00000278382.1	AL161629.2	processed_pseudogene	0	0	0	0.0000	0.0000	0.0000
ENSG00000278383.1	AL031673.1	lncRNA	113	59	54	13.7516	3.4102	3.6873
ENSG00000278385.1	AC121338.2	lncRNA	99	49	50	3.2192	0.7983	0.8632
ENSG00000278388.1	AC002076.1	unprocessed_pseudogene	0	0	0	0.0000	0.0000	0.0000
ENSG00000278389.1	AC099518.6	lncRNA	20	11	9	2.5204	0.6250	0.6758
ENSG00000278390.5	AL354696.2	lncRNA	35	49	67	0.6788	0.1683	0.1820
ENSG00000278391.1	AC007241.1	misc_RNA	0	0	0	0.0000	0.0000	0.0000
ENSG00000278395.1	AC243829.6	unprocessed_pseudogene	0	0	0	0.0000	0.0000	0.0000
ENSG00000278396.1	AL122023.1	lncRNA	12	9	3	1.2840	0.3184	0.3443
ENSG00000278399.1	AC026120.1	unprocessed_pseudogene	2	0	2	0.1225	0.0304	0.0328
ENSG00000278400.1	AC026120.2	processed_pseudogene	0	0	0	0.0000	0.0000	0.0000
ENSG00000278404.1	Z99774.5	misc_RNA	0	0	0	0.0000	0.0000	0.0000
ENSG00000278406.1	AC013401.2	misc_RNA	0	0	0	0.0000	0.0000	0.0000
ENSG00000278408.1	AC108861.1	lncRNA	1	0	2	0.0969	0.0240	0.0260
ENSG00000278410.1	AL121590.1	misc_RNA	0	0	0	0.0000	0.0000	0.0000
ENSG00000278412.1	MIR6854	miRNA	0	0	0	0.0000	0.0000	0.0000
ENSG00000278413.1	AL159159.1	misc_RNA	0	0	0	0.0000	0.0000	0.0000
ENSG00000278416.1	PMS2P2	translated_unprocessed_pseudogene	4	8	5	0.2011	0.0499	0.0539
ENSG00000278418.1	MIR6512	miRNA	0	0	0	0.0000	0.0000	0.0000
ENSG00000278419.1	AL451164.2	lncRNA	0	0	0	0.0000	0.0000	0.0000
ENSG00000278420.1	MIR6819	miRNA	2	1	1	1.8593	0.4611	0.4986
ENSG00000278421.1	AC004386.6	misc_RNA	0	6	5	0.0000	0.0000	0.0000
ENSG00000278422.1	RN7SL331P	misc_RNA	0	0	0	0.0000	0.0000	0.0000
ENSG00000278424.1	AC073114.2	unprocessed_pseudogene	0	0	0	0.0000	0.0000	0.0000
ENSG00000278428.1	AC022709.1	unprocessed_pseudogene	0	0	0	0.0000	0.0000	0.0000
ENSG00000278431.1	AC243547.2	lncRNA	0	1	1	0.0000	0.0000	0.0000
ENSG00000278433.1	MIR6070	miRNA	0	0	0	0.0000	0.0000	0.0000
ENSG00000278434.1	AC023830.3	lncRNA	2	0	2	0.0780	0.0193	0.0209
ENSG00000278438.1	MIR7849	miRNA	0	0	0	0.0000	0.0000	0.0000
ENSG00000278441.1	AC126915.3	processed_pseudogene	0	0	0	0.0000	0.0000	0.0000
ENSG00000278445.1	AL137246.2	lncRNA	0	0	0	0.0000	0.0000	0.0000
ENSG00000278446.1	AC004852.3	processed_pseudogene	0	0	0	0.0000	0.0000	0.0000
ENSG00000278447.1	MIR6781	miRNA	0	0	0	0.0000	0.0000	0.0000
ENSG00000278449.1	MIR6892	miRNA	0	0	0	0.0000	0.0000	0.0000
ENSG00000278454.1	AC015599.3	misc_RNA	0	0	0	0.0000	0.0000	0.0000
ENSG00000278455.1	CICP21	processed_pseudogene	0	0	0	0.0000	0.0000	0.0000
ENSG00000278456.1	AC015712.7	lncRNA	7	4	3	0.6251	0.1550	0.1676
ENSG00000278459.1	Metazoa_SRP	misc_RNA	1	1	0	0.1872	0.0464	0.0502
ENSG00000278462.1	AL359880.1	lncRNA	1	0	1	0.2132	0.0529	0.0572
ENSG00000278463.2	H2AC4	protein_coding	0	0	0	0.0000	0.0000	0.0000
ENSG00000278464.2	AC068506.1	lncRNA	1	1	0	0.0342	0.0085	0.0092
ENSG00000278465.1	MIR6769B	miRNA	0	0	0	0.0000	0.0000	0.0000
ENSG00000278467.1	AC138393.3	lncRNA	19	8	11	1.8804	0.4663	0.5042
ENSG00000278469.1	Metazoa_SRP	misc_RNA	0	0	0	0.0000	0.0000	0.0000
ENSG00000278472.1	AC009268.2	lncRNA	4	2	2	0.4964	0.1231	0.1331
ENSG00000278473.1	IGHV3-41	IG_V_pseudogene	1	0	1	0.1630	0.0404	0.0437
ENSG00000278475.1	AC009464.1	lncRNA	0	0	0	0.0000	0.0000	0.0000
ENSG00000278477.1	AL356321.1	unprocessed_pseudogene	0	0	0	0.0000	0.0000	0.0000
ENSG00000278478.1	AC006987.1	processed_pseudogene	0	0	0	0.0000	0.0000	0.0000
ENSG00000278480.1	ZBTB2P1	processed_pseudogene	3	1	2	0.1761	0.0437	0.0472
ENSG00000278482.1	AC002542.4	misc_RNA	0	0	0	0.0000	0.0000	0.0000
ENSG00000278483.1	MIR8087	miRNA	0	0	0	0.0000	0.0000	0.0000
ENSG00000278484.1	AC010998.3	lncRNA	1	1	0	0.0899	0.0223	0.0241
ENSG00000278485.1	AL590491.3	processed_pseudogene	0	0	0	0.0000	0.0000	0.0000
ENSG00000278486.1	YRDCP1	processed_pseudogene	3	3	0	0.2646	0.0656	0.0709
ENSG00000278487.1	AC106800.3	processed_pseudogene	0	0	0	0.0000	0.0000	0.0000
ENSG00000278492.1	AC006213.5	lncRNA	5	4	1	0.9845	0.2442	0.2640
ENSG00000278493.1	AC039056.2	lncRNA	10	3	7	1.1098	0.2752	0.2976
ENSG00000278496.1	AL158062.1	unprocessed_pseudogene	0	0	0	0.0000	0.0000	0.0000
ENSG00000278497.1	RN7SL759P	misc_RNA	0	0	0	0.0000	0.0000	0.0000
ENSG00000278498.1	AL356608.2	misc_RNA	1	1	0	0.3479	0.0863	0.0933
ENSG00000278499.2	NPAP1L	unprocessed_pseudogene	0	0	0	0.0000	0.0000	0.0000
ENSG00000278502.1	MIR6082	miRNA	0	0	0	0.0000	0.0000	0.0000
ENSG00000278505.5	C17orf78	protein_coding	3	3	0	0.0886	0.0220	0.0238
ENSG00000278513.1	AC091046.2	unprocessed_pseudogene	0	0	0	0.0000	0.0000	0.0000
ENSG00000278514.1	AC068831.5	lncRNA	3	0	3	0.3911	0.0970	0.1049
ENSG00000278517.1	MIR6865	miRNA	1	1	0	0.8725	0.2164	0.2339
ENSG00000278518.1	AL161645.1	lncRNA	2	15	10	0.0904	0.0224	0.0242
ENSG00000278520.1	MIR7851	miRNA	0	0	0	0.0000	0.0000	0.0000
ENSG00000278522.5	POTEB3	protein_coding	0	0	0	0.0000	0.0000	0.0000
ENSG00000278523.1	Y_RNA	misc_RNA	0	0	0	0.0000	0.0000	0.0000
ENSG00000278524.1	MIR6810	miRNA	1	1	0	0.8101	0.2009	0.2172
ENSG00000278525.1	RN7SL607P	misc_RNA	0	0	0	0.0000	0.0000	0.0000
ENSG00000278526.1	AC002542.5	misc_RNA	0	0	0	0.0000	0.0000	0.0000
ENSG00000278527.1	SNORD22	snoRNA	0	0	0	0.0000	0.0000	0.0000
ENSG00000278528.1	AC145285.7	unprocessed_pseudogene	0	0	0	0.0000	0.0000	0.0000
ENSG00000278529.1	MIR8070	miRNA	0	0	0	0.0000	0.0000	0.0000
ENSG00000278530.4	CHMP1B2P	transcribed_unitary_pseudogene	56	28	28	0.4507	0.1118	0.1209
ENSG00000278531.1	AL512324.6	unprocessed_pseudogene	1	0	1	0.0643	0.0159	0.0172
ENSG00000278532.1	AC026585.1	lncRNA	0	0	0	0.0000	0.0000	0.0000
ENSG00000278535.5	DHRS11	protein_coding	845	424	421	8.9087	2.2093	2.3887
ENSG00000278537.1	IGKV2OR2-8	IG_V_pseudogene	0	0	0	0.0000	0.0000	0.0000
ENSG00000278540.5	ACACA	protein_coding	8558	4400	4158	37.2695	9.2425	9.9932
ENSG00000278541.1	AC116165.2	processed_pseudogene	0	0	0	0.0000	0.0000	0.0000
ENSG00000278543.1	AC010332.2	unprocessed_pseudogene	0	0	0	0.0000	0.0000	0.0000
ENSG00000278546.1	AC003101.2	lncRNA	2	0	2	0.2566	0.0636	0.0688
ENSG00000278549.1	MIR6736	miRNA	0	0	0	0.0000	0.0000	0.0000
ENSG00000278551.1	RNU6-368P	snRNA	0	0	0	0.0000	0.0000	0.0000
ENSG00000278552.1	AC116165.3	unprocessed_pseudogene	0	0	0	0.0000	0.0000	0.0000
ENSG00000278554.1	Metazoa_SRP	misc_RNA	0	0	0	0.0000	0.0000	0.0000
ENSG00000278558.5	TMEM191B	protein_coding	2	0	2	0.0549	0.0136	0.0147
ENSG00000278561.1	PTPN20CP	unprocessed_pseudogene	1	0	1	0.0616	0.0153	0.0165
ENSG00000278569.1	Metazoa_SRP	misc_RNA	0	0	0	0.0000	0.0000	0.0000
ENSG00000278570.5	NR2E3	protein_coding	42	20	22	0.7342	0.1821	0.1969
ENSG00000278571.1	MIR7161	miRNA	0	5	2	0.0000	0.0000	0.0000
ENSG00000278572.1	AL355877.2	unprocessed_pseudogene	0	0	0	0.0000	0.0000	0.0000
ENSG00000278576.1	AL162171.3	lncRNA	16	6	10	0.2855	0.0708	0.0766
ENSG00000278577.1	AC092634.6	unprocessed_pseudogene	0	0	0	0.0000	0.0000	0.0000
ENSG00000278580.1	AL162373.1	unprocessed_pseudogene	0	0	0	0.0000	0.0000	0.0000
ENSG00000278581.1	MIR6080	miRNA	0	10	9	0.0000	0.0000	0.0000
ENSG00000278582.1	DNM1P5	unprocessed_pseudogene	0	0	0	0.0000	0.0000	0.0000
ENSG00000278585.1	SNX3P1Y	processed_pseudogene	0	0	0	0.0000	0.0000	0.0000
ENSG00000278586.1	AC005088.1	processed_pseudogene	0	0	0	0.0000	0.0000	0.0000
ENSG00000278587.1	AL117355.1	misc_RNA	0	0	0	0.0000	0.0000	0.0000
ENSG00000278588.2	H2BC10	protein_coding	2	1	1	0.2353	0.0584	0.0631
ENSG00000278589.1	ZACNP1	unprocessed_pseudogene	0	0	0	0.0000	0.0000	0.0000
ENSG00000278590.1	RN7SL113P	misc_RNA	4	1	3	0.7587	0.1881	0.2034
ENSG00000278591.1	U2	snRNA	0	0	0	0.0000	0.0000	0.0000
ENSG00000278592.1	AC004080.15	misc_RNA	0	0	0	0.0000	0.0000	0.0000
ENSG00000278593.1	AC104394.1	unprocessed_pseudogene	0	0	0	0.0000	0.0000	0.0000
ENSG00000278594.1	AL589182.2	processed_pseudogene	15	5	11	0.8109	0.2011	0.2174
ENSG00000278595.1	AL133396.1	lncRNA	0	0	0	0.0000	0.0000	0.0000
ENSG00000278596.1	MIR6077	miRNA	0	0	0	0.0000	0.0000	0.0000
ENSG00000278598.1	MIR6775	miRNA	0	0	0	0.0000	0.0000	0.0000
ENSG00000278599.5	TBC1D3E	protein_coding	1	0	1	0.0273	0.0068	0.0073
ENSG00000278600.1	AC015871.3	lncRNA	306	135	171	7.6750	1.9033	2.0579
ENSG00000278601.1	AL158163.2	lncRNA	14	51	42	1.1342	0.2813	0.3041
ENSG00000278602.1	AC006338.2	unprocessed_pseudogene	0	0	0	0.0000	0.0000	0.0000
ENSG00000278603.1	AC245033.3	unprocessed_pseudogene	0	0	0	0.0000	0.0000	0.0000
ENSG00000278604.1	RN7SL429P	misc_RNA	0	0	0	0.0000	0.0000	0.0000
ENSG00000278607.1	AC015819.2	lncRNA	10	4	6	1.0218	0.2534	0.2740
ENSG00000278611.2	ZNF426-DT	lncRNA	23	10	13	1.4412	0.3574	0.3864
ENSG00000278615.5	C11orf98	protein_coding	0	0	0	0.0000	0.0000	0.0000
ENSG00000278616.1	BEND3P3	processed_pseudogene	33	69	71	0.7670	0.1902	0.2057
ENSG00000278617.1	MIR8074	miRNA	0	0	0	0.0000	0.0000	0.0000
ENSG00000278618.1	MIR8069-2	miRNA	0	0	0	0.0000	0.0000	0.0000
ENSG00000278619.5	MRM1	protein_coding	512	255	258	15.7887	3.9154	4.2335
ENSG00000278621.1	AC037198.2	lncRNA	0	1921	1824	0.0000	0.0000	0.0000
ENSG00000278626.1	AC023310.4	lncRNA	0	0	0	0.0000	0.0000	0.0000
ENSG00000278627.1	AC005962.1	lncRNA	21	11	16	1.8265	0.4530	0.4898
ENSG00000278630.1	LINC02335	lncRNA	11	6	5	0.9466	0.2347	0.2538
ENSG00000278631.1	SOWAHCP5	processed_pseudogene	0	0	0	0.0000	0.0000	0.0000
ENSG00000278635.1	AC141557.2	unprocessed_pseudogene	0	0	0	0.0000	0.0000	0.0000
ENSG00000278636.1	Metazoa_SRP	misc_RNA	0	0	0	0.0000	0.0000	0.0000
ENSG00000278637.2	H4C1	protein_coding	1	0	1	0.1411	0.0350	0.0378
ENSG00000278638.2	AC244093.5	lncRNA	8	5	3	0.4252	0.1054	0.1140
ENSG00000278640.1	Metazoa_SRP	misc_RNA	0	0	0	0.0000	0.0000	0.0000
ENSG00000278641.1	DUX4L15	unprocessed_pseudogene	0	0	0	0.0000	0.0000	0.0000
ENSG00000278642.1	AC015813.4	lncRNA	13	4	9	4.1186	1.0214	1.1043
ENSG00000278643.1	AC006127.1	misc_RNA	0	0	0	0.0000	0.0000	0.0000
ENSG00000278646.1	AC008162.2	protein_coding	0	0	0	0.0000	0.0000	0.0000
ENSG00000278647.1	CDK2AP2P1	transcribed_processed_pseudogene	0	0	0	0.0000	0.0000	0.0000
ENSG00000278650.1	AL158209.1	unprocessed_pseudogene	0	0	0	0.0000	0.0000	0.0000
ENSG00000278654.1	AC007450.4	processed_pseudogene	0	0	2	0.0000	0.0000	0.0000
ENSG00000278655.1	AP000346.4	unprocessed_pseudogene	0	0	0	0.0000	0.0000	0.0000
ENSG00000278657.1	AC245452.4	lncRNA	0	0	0	0.0000	0.0000	0.0000
ENSG00000278658.1	MIR6826	miRNA	0	0	0	0.0000	0.0000	0.0000
ENSG00000278661.1	TRAJ37	TR_J_gene	0	0	0	0.0000	0.0000	0.0000
ENSG00000278662.5	GOLGA6L10	protein_coding	13	8	5	0.1562	0.0387	0.0419
ENSG00000278664.1	DUX4L10	unprocessed_pseudogene	0	0	0	0.0000	0.0000	0.0000
ENSG00000278665.1	AC020765.3	unprocessed_pseudogene	0	0	0	0.0000	0.0000	0.0000
ENSG00000278667.1	AC244250.3	processed_pseudogene	0	0	0	0.0000	0.0000	0.0000
ENSG00000278668.1	AC005899.7	lncRNA	18	11	7	1.7360	0.4305	0.4655
ENSG00000278672.1	MIR8059	miRNA	0	0	0	0.0000	0.0000	0.0000
ENSG00000278677.2	H2AC17	protein_coding	0	0	0	0.0000	0.0000	0.0000
ENSG00000278678.1	CYCSP41	processed_pseudogene	0	0	0	0.0000	0.0000	0.0000
ENSG00000278681.2	AC018558.4	unprocessed_pseudogene	0	0	0	0.0000	0.0000	0.0000
ENSG00000278683.1	AC006329.1	unprocessed_pseudogene	1	1	0	0.1439	0.0357	0.0386
ENSG00000278684.1	AC104465.1	unprocessed_pseudogene	0	0	0	0.0000	0.0000	0.0000
ENSG00000278685.4	IQCA1L	protein_coding	1	0	1	0.0201	0.0050	0.0054
ENSG00000278687.1	AC024255.1	processed_pseudogene	0	0	0	0.0000	0.0000	0.0000
ENSG00000278690.1	AC244100.4	lncRNA	0	0	0	0.0000	0.0000	0.0000
ENSG00000278694.1	AL354980.2	unprocessed_pseudogene	0	0	0	0.0000	0.0000	0.0000
ENSG00000278696.1	RN7SL82P	misc_RNA	0	0	0	0.0000	0.0000	0.0000
ENSG00000278698.1	AL162574.2	lncRNA	0	0	0	0.0000	0.0000	0.0000
ENSG00000278700.1	Metazoa_SRP	misc_RNA	6	6	0	1.1304	0.2803	0.3031
ENSG00000278701.1	Metazoa_SRP	misc_RNA	0	0	0	0.0000	0.0000	0.0000
ENSG00000278702.1	Metazoa_SRP	misc_RNA	1	1	0	0.1756	0.0435	0.0471
ENSG00000278703.1	AC100847.1	lncRNA	11	8	3	1.2969	0.3216	0.3477
ENSG00000278705.1	H4C2	protein_coding	2	1	1	0.2589	0.0642	0.0694
ENSG00000278708.1	AC004080.16	misc_RNA	0	0	0	0.0000	0.0000	0.0000
ENSG00000278709.2	NKILA	lncRNA	455	335	323	9.8297	2.4377	2.6357
ENSG00000278713.1	AC120114.2	lncRNA	0	283	265	0.0000	0.0000	0.0000
ENSG00000278715.1	SNORD116-20	snoRNA	0	0	0	0.0000	0.0000	0.0000
ENSG00000278716.1	AC133540.1	lncRNA	1	1	0	0.0557	0.0138	0.0149
ENSG00000278719.1	MCM8-AS1	lncRNA	2	21	25	0.1154	0.0286	0.0309
ENSG00000278720.1	AL669942.2	processed_pseudogene	0	0	0	0.0000	0.0000	0.0000
ENSG00000278722.1	AL445288.1	lncRNA	0	21	27	0.0000	0.0000	0.0000
ENSG00000278724.1	Metazoa_SRP	misc_RNA	0	0	0	0.0000	0.0000	0.0000
ENSG00000278725.1	AC020765.4	unprocessed_pseudogene	0	4	0	0.0000	0.0000	0.0000
ENSG00000278727.1	AC000403.1	lncRNA	98	45	53	1.5502	0.3844	0.4157
ENSG00000278730.1	AC005332.6	lncRNA	1414	1892	1777	27.4522	6.8079	7.3609
ENSG00000278732.1	Metazoa_SRP	misc_RNA	0	0	0	0.0000	0.0000	0.0000
ENSG00000278733.1	AC022079.2	lncRNA	10	5	5	1.0019	0.2485	0.2687
ENSG00000278734.1	AC091834.1	processed_pseudogene	0	0	0	0.0000	0.0000	0.0000
ENSG00000278736.1	FO393412.1	processed_pseudogene	0	0	0	0.0000	0.0000	0.0000
ENSG00000278737.1	AC013553.4	lncRNA	3	2	1	0.2735	0.0678	0.0733
ENSG00000278739.1	MIR6859-4	miRNA	0	0	0	0.0000	0.0000	0.0000
ENSG00000278740.1	AC005332.7	lncRNA	16	9	7	1.4658	0.3635	0.3930
ENSG00000278743.1	AC087239.1	lncRNA	54	28	26	5.3537	1.3277	1.4355
ENSG00000278744.1	AL449363.1	processed_pseudogene	0	0	0	0.0000	0.0000	0.0000
ENSG00000278745.1	AL391903.3	processed_pseudogene	0	0	0	0.0000	0.0000	0.0000
ENSG00000278746.1	RN7SL660P	misc_RNA	0	0	0	0.0000	0.0000	0.0000
ENSG00000278752.1	AL355301.1	misc_RNA	0	0	0	0.0000	0.0000	0.0000
ENSG00000278754.1	AL513423.1	processed_pseudogene	0	0	0	0.0000	0.0000	0.0000
ENSG00000278756.1	MIR6722	miRNA	0	0	0	0.0000	0.0000	0.0000
ENSG00000278757.1	U6	snRNA	0	0	0	0.0000	0.0000	0.0000
ENSG00000278761.1	DUX4L11	unprocessed_pseudogene	0	0	0	0.0000	0.0000	0.0000
ENSG00000278763.1	FAM27B	processed_pseudogene	0	0	0	0.0000	0.0000	0.0000
ENSG00000278764.1	Metazoa_SRP	misc_RNA	0	0	0	0.0000	0.0000	0.0000
ENSG00000278765.1	AC004477.2	lncRNA	41	24	17	3.9409	0.9773	1.0567
ENSG00000278766.2	AC092683.2	lncRNA	0	4	10	0.0000	0.0000	0.0000
ENSG00000278768.2	BACE1-AS	lncRNA	254	1262	1201	3.0778	0.7633	0.8253
ENSG00000278769.1	AC090510.3	lncRNA	0	112	134	0.0000	0.0000	0.0000
ENSG00000278770.1	Metazoa_SRP	misc_RNA	1	1	0	0.2018	0.0500	0.0541
ENSG00000278771.1	RN7SL3	misc_RNA	3	0	3	0.5690	0.1411	0.1526
ENSG00000278773.1	AL669914.4	misc_RNA	0	0	0	0.0000	0.0000	0.0000
ENSG00000278774.1	U2	snRNA	0	0	0	0.0000	0.0000	0.0000
ENSG00000278775.1	FP236383.2	misc_RNA	0	0	0	0.0000	0.0000	0.0000
ENSG00000278778.1	AL390065.2	misc_RNA	0	1	0	0.0000	0.0000	0.0000
ENSG00000278783.1	MIR6071	miRNA	0	0	0	0.0000	0.0000	0.0000
ENSG00000278784.1	AL136295.7	lncRNA	164	72	92	7.7504	1.9220	2.0781
ENSG00000278785.1	Metazoa_SRP	misc_RNA	0	0	0	0.0000	0.0000	0.0000
ENSG00000278790.1	DUX4L12	unprocessed_pseudogene	0	0	0	0.0000	0.0000	0.0000
ENSG00000278791.1	AC114498.2	miRNA	0	31	36	0.0000	0.0000	0.0000
ENSG00000278794.1	Metazoa_SRP	misc_RNA	1	0	1	0.2124	0.0527	0.0570
ENSG00000278797.1	AC011551.1	unprocessed_pseudogene	2	0	2	0.1661	0.0412	0.0445
ENSG00000278799.1	MIR6823	miRNA	0	0	0	0.0000	0.0000	0.0000
ENSG00000278802.1	AC018659.7	misc_RNA	0	0	0	0.0000	0.0000	0.0000
ENSG00000278803.2	AC236972.4	protein_coding	0	0	0	0.0000	0.0000	0.0000
ENSG00000278811.4	LINC00624	lncRNA	20	88	103	0.2038	0.0506	0.0547
ENSG00000278813.1	AC006133.1	unprocessed_pseudogene	0	0	0	0.0000	0.0000	0.0000
ENSG00000278815.1	Vault	misc_RNA	0	0	0	0.0000	0.0000	0.0000
ENSG00000278816.1	AL121890.5	lncRNA	6	2	4	1.1193	0.2776	0.3001
ENSG00000278818.1	Metazoa_SRP	misc_RNA	0	0	0	0.0000	0.0000	0.0000
ENSG00000278819.1	AC005156.1	unprocessed_pseudogene	1	2	1	0.0990	0.0245	0.0265
ENSG00000278822.1	AL049692.6	misc_RNA	0	0	0	0.0000	0.0000	0.0000
ENSG00000278824.1	AC143336.1	processed_pseudogene	1	0	1	0.0678	0.0168	0.0182
ENSG00000278825.1	RN7SL640P	misc_RNA	0	0	0	0.0000	0.0000	0.0000
ENSG00000278828.1	H3C10	protein_coding	42	19	23	1.9255	0.4775	0.5163
ENSG00000278829.1	AC099811.5	lncRNA	3	1	2	0.2077	0.0515	0.0557
ENSG00000278830.1	AL355493.6	unprocessed_pseudogene	0	0	0	0.0000	0.0000	0.0000
ENSG00000278831.1	AL513190.1	lncRNA	4	31	31	0.3120	0.0774	0.0837
ENSG00000278834.1	AC073508.3	lncRNA	29	315	353	1.1590	0.2874	0.3108
ENSG00000278837.1	AP004607.9	processed_pseudogene	0	0	0	0.0000	0.0000	0.0000
ENSG00000278838.1	Metazoa_SRP	misc_RNA	0	0	0	0.0000	0.0000	0.0000
ENSG00000278840.1	AC009878.1	lncRNA	0	0	0	0.0000	0.0000	0.0000
ENSG00000278842.1	AC008147.4	processed_pseudogene	5	4	1	0.2355	0.0584	0.0631
ENSG00000278845.5	MRPL45	protein_coding	4357	2181	2176	145.0031	35.9593	38.8802
ENSG00000278847.1	AC006157.1	lncRNA	0	0	0	0.0000	0.0000	0.0000
ENSG00000278848.2	TP53TG3F	protein_coding	0	0	0	0.0000	0.0000	0.0000
ENSG00000278851.1	MIR6879	miRNA	0	0	0	0.0000	0.0000	0.0000
ENSG00000278852.1	AL021155.3	misc_RNA	0	0	0	0.0000	0.0000	0.0000
ENSG00000278854.1	AC007275.1	processed_pseudogene	0	0	0	0.0000	0.0000	0.0000
ENSG00000278857.1	IGKV1D-12	IG_V_gene	5	4	2	0.7643	0.1895	0.2049
ENSG00000278859.1	AP002799.1	TEC	0	0	0	0.0000	0.0000	0.0000
ENSG00000278860.1	AC005691.1	TEC	0	0	0	0.0000	0.0000	0.0000
ENSG00000278861.1	AC117503.2	TEC	7	2	5	0.6605	0.1638	0.1771
ENSG00000278862.1	AC092724.1	TEC	11	4	7	0.1836	0.0455	0.0492
ENSG00000278863.1	AC091059.2	TEC	1	0	1	0.0924	0.0229	0.0248
ENSG00000278864.1	AC055811.4	TEC	93	52	41	3.0069	0.7457	0.8062
ENSG00000278865.1	AC012629.3	TEC	0	0	0	0.0000	0.0000	0.0000
ENSG00000278866.1	AC006065.5	TEC	0	0	0	0.0000	0.0000	0.0000
ENSG00000278867.1	AC090616.6	TEC	51	19	32	1.3273	0.3292	0.3559
ENSG00000278869.1	BX539320.1	lncRNA	33	18	15	2.1339	0.5292	0.5722
ENSG00000278870.2	OR51G1	protein_coding	0	0	0	0.0000	0.0000	0.0000
ENSG00000278872.1	AC148477.5	TEC	0	0	0	0.0000	0.0000	0.0000
ENSG00000278873.1	PRO1804	TEC	0	0	0	0.0000	0.0000	0.0000
ENSG00000278874.1	AC091905.1	TEC	0	0	0	0.0000	0.0000	0.0000
ENSG00000278875.1	AC025809.2	TEC	10	6	4	0.3147	0.0780	0.0844
ENSG00000278876.1	AC145207.9	TEC	22	15	8	3.8388	0.9520	1.0293
ENSG00000278877.1	AC091932.2	TEC	0	0	0	0.0000	0.0000	0.0000
ENSG00000278878.1	CU638689.1	lncRNA	0	0	0	0.0000	0.0000	0.0000
ENSG00000278879.1	AP000560.1	TEC	11	6	5	0.3220	0.0799	0.0864
ENSG00000278880.1	AC092608.2	TEC	0	0	0	0.0000	0.0000	0.0000
ENSG00000278881.2	FP325331.1	TEC	0	0	0	0.0000	0.0000	0.0000
ENSG00000278884.1	CU634019.2	lncRNA	4	1	3	0.3825	0.0949	0.1026
ENSG00000278885.1	AC106730.2	TEC	0	0	0	0.0000	0.0000	0.0000
ENSG00000278886.1	AC087821.1	TEC	1	1	0	0.1000	0.0248	0.0268
ENSG00000278887.2	AC106782.6	transcribed_unprocessed_pseudogene	0	0	1	0.0000	0.0000	0.0000
ENSG00000278889.4	OR2S2	protein_coding	0	0	0	0.0000	0.0000	0.0000
ENSG00000278890.1	FP325330.2	lncRNA	2	2	0	0.0201	0.0050	0.0054
ENSG00000278891.1	AC105101.1	TEC	3	2	1	0.0592	0.0147	0.0159
ENSG00000278892.1	AP002371.1	TEC	1	1	0	0.1127	0.0280	0.0302
ENSG00000278893.1	AC010533.1	TEC	8	2	6	0.2155	0.0534	0.0578
ENSG00000278894.1	AC073348.1	TEC	0	0	0	0.0000	0.0000	0.0000
ENSG00000278895.1	AC008507.3	TEC	0	0	0	0.0000	0.0000	0.0000
ENSG00000278896.1	AC025031.5	TEC	3	2	1	0.0674	0.0167	0.0181
ENSG00000278897.1	AC020951.1	TEC	41	23	18	1.0238	0.2539	0.2745
ENSG00000278898.1	AC087045.3	TEC	0	0	0	0.0000	0.0000	0.0000
ENSG00000278899.1	AL358852.1	lncRNA	19	18	20	0.8498	0.2107	0.2278
ENSG00000278900.1	AC139792.2	TEC	4	2	2	0.3864	0.0958	0.1036
ENSG00000278901.1	AC005609.1	lncRNA	0	3	1	0.0000	0.0000	0.0000
ENSG00000278902.1	AC010947.1	TEC	16	6	10	1.3093	0.3247	0.3511
ENSG00000278903.3	CU633906.2	lncRNA	1	0	1	0.0167	0.0041	0.0045
ENSG00000278905.1	AC106818.1	TEC	0	0	0	0.0000	0.0000	0.0000
ENSG00000278907.1	AC005609.2	lncRNA	0	0	1	0.0000	0.0000	0.0000
ENSG00000278908.1	AC132154.1	TEC	14	6	8	0.3720	0.0923	0.0998
ENSG00000278909.1	AC007608.4	TEC	0	0	0	0.0000	0.0000	0.0000
ENSG00000278910.4	BANCR	lncRNA	0	0	0	0.0000	0.0000	0.0000
ENSG00000278911.1	AC015819.3	lncRNA	1	0	1	0.0212	0.0053	0.0057
ENSG00000278912.1	AC008870.5	TEC	0	0	0	0.0000	0.0000	0.0000
ENSG00000278913.1	AC026797.1	TEC	0	0	0	0.0000	0.0000	0.0000
ENSG00000278914.1	AP003355.3	TEC	0	0	0	0.0000	0.0000	0.0000
ENSG00000278915.1	AC005609.3	lncRNA	0	2	0	0.0000	0.0000	0.0000
ENSG00000278916.1	CEP83-DT	lncRNA	60	31	29	1.3709	0.3400	0.3676
ENSG00000278917.1	AC006213.6	TEC	17	16	16	0.2307	0.0572	0.0619
ENSG00000278918.1	AC080112.3	TEC	42	786	728	0.9562	0.2371	0.2564
ENSG00000278920.1	AC005005.4	lncRNA	8	5	4	0.0272	0.0067	0.0073
ENSG00000278921.2	EPB41L4A-DT	lncRNA	91	40	52	3.6967	0.9167	0.9912
ENSG00000278922.1	AC002310.5	TEC	55	20	37	2.2651	0.5617	0.6074
ENSG00000278923.2	AP005242.3	lncRNA	0	0	0	0.0000	0.0000	0.0000
ENSG00000278924.1	AC078883.3	TEC	0	0	0	0.0000	0.0000	0.0000
ENSG00000278925.1	AC005753.1	lncRNA	4	4	0	0.3671	0.0910	0.0984
ENSG00000278926.1	AC092134.2	TEC	0	0	0	0.0000	0.0000	0.0000
ENSG00000278927.1	FP236240.1	lncRNA	0	0	0	0.0000	0.0000	0.0000
ENSG00000278928.1	AC136621.1	TEC	0	0	0	0.0000	0.0000	0.0000
ENSG00000278929.1	AP001784.1	TEC	0	0	0	0.0000	0.0000	0.0000
ENSG00000278931.1	CR381670.1	unprocessed_pseudogene	2	2	0	0.0670	0.0166	0.0180
ENSG00000278932.4	CR381653.1	lncRNA	20	6	14	0.5966	0.1480	0.1600
ENSG00000278933.1	AC022743.1	TEC	0	0	0	0.0000	0.0000	0.0000
ENSG00000278934.1	AC117489.1	TEC	19	12	9	0.3349	0.0831	0.0898
ENSG00000278935.1	AC087386.2	TEC	0	0	0	0.0000	0.0000	0.0000
ENSG00000278936.1	AC244517.4	lncRNA	0	70	76	0.0000	0.0000	0.0000
ENSG00000278941.1	SMG6-IT1	TEC	0	0	0	0.0000	0.0000	0.0000
ENSG00000278942.1	AC004494.2	TEC	0	3	0	0.0000	0.0000	0.0000
ENSG00000278943.1	AC079228.1	TEC	4	2	2	0.2162	0.0536	0.0580
ENSG00000278944.1	AC027045.1	lncRNA	0	0	0	0.0000	0.0000	0.0000
ENSG00000278945.1	AP000770.1	TEC	0	0	0	0.0000	0.0000	0.0000
ENSG00000278946.1	AC005609.4	lncRNA	0	8	8	0.0000	0.0000	0.0000
ENSG00000278948.1	AL031587.5	TEC	23	170	148	0.7054	0.1749	0.1891
ENSG00000278949.1	AC127070.4	TEC	15	5	10	0.4043	0.1003	0.1084
ENSG00000278950.1	AC138907.8	TEC	0	0	0	0.0000	0.0000	0.0000
ENSG00000278952.1	AP003068.4	TEC	0	0	0	0.0000	0.0000	0.0000
ENSG00000278953.1	AP003499.4	TEC	0	0	0	0.0000	0.0000	0.0000
ENSG00000278954.1	AC130686.1	TEC	10	6	10	0.2300	0.0570	0.0617
ENSG00000278955.3	FP475955.1	lncRNA	0	0	0	0.0000	0.0000	0.0000
ENSG00000278957.1	AC012354.9	TEC	0	0	0	0.0000	0.0000	0.0000
ENSG00000278958.1	AC091931.1	TEC	0	0	0	0.0000	0.0000	0.0000
ENSG00000278959.1	AC006378.1	TEC	13	11	3	0.2978	0.0738	0.0798
ENSG00000278960.1	AL022329.3	lncRNA	0	0	0	0.0000	0.0000	0.0000
ENSG00000278961.2	SMIM34B	protein_coding	0	0	0	0.0000	0.0000	0.0000
ENSG00000278962.1	AC092645.1	TEC	412	202	210	10.2837	2.5502	2.7574
ENSG00000278963.1	AC005921.3	TEC	7	3	6	0.1846	0.0458	0.0495
ENSG00000278964.1	AC132938.4	TEC	0	3	3	0.0000	0.0000	0.0000
ENSG00000278965.1	AC122713.2	TEC	19	15	4	0.3231	0.0801	0.0866
ENSG00000278966.2	AL031602.1	TEC	5	3	2	0.3113	0.0772	0.0835
ENSG00000278967.1	AL138847.2	TEC	5	5	0	0.1559	0.0387	0.0418
ENSG00000278969.1	AC026310.2	TEC	12	7	8	0.2868	0.0711	0.0769
ENSG00000278970.2	HEIH	lncRNA	380	1039	1040	9.7731	2.4236	2.6205
ENSG00000278971.1	AC091305.1	TEC	0	0	0	0.0000	0.0000	0.0000
ENSG00000278972.1	AC015920.1	TEC	0	0	0	0.0000	0.0000	0.0000
ENSG00000278973.1	AC073592.2	TEC	1	0	1	0.0727	0.0180	0.0195
ENSG00000278974.1	AC093909.6	TEC	45	18	27	3.2928	0.8166	0.8829
ENSG00000278975.1	AC007012.2	TEC	0	0	0	0.0000	0.0000	0.0000
ENSG00000278977.1	AC003101.3	TEC	0	69	85	0.0000	0.0000	0.0000
ENSG00000278979.1	AC007598.3	TEC	6	4	2	0.2028	0.0503	0.0544
ENSG00000278980.1	AP003485.1	TEC	0	0	0	0.0000	0.0000	0.0000
ENSG00000278981.1	AC079298.1	lncRNA	2	16	14	0.0701	0.0174	0.0188
ENSG00000278982.1	AL139125.1	TEC	18	9	11	0.5462	0.1354	0.1464
ENSG00000278983.1	AC048380.2	TEC	10	3	7	0.1598	0.0396	0.0429
ENSG00000278985.1	AC092718.7	TEC	4	0	4	0.1277	0.0317	0.0342
ENSG00000278986.1	AC091060.1	TEC	3	1	2	0.0963	0.0239	0.0258
ENSG00000278987.1	AL031009.1	TEC	23	11	12	0.5978	0.1482	0.1603
ENSG00000278988.1	AL356490.1	TEC	0	0	0	0.0000	0.0000	0.0000
ENSG00000278989.1	AP001148.1	TEC	143	80	63	3.4377	0.8525	0.9218
ENSG00000278990.1	AL132796.3	TEC	0	0	0	0.0000	0.0000	0.0000
ENSG00000278991.1	AC090181.3	TEC	11	7	4	0.4120	0.1022	0.1105
ENSG00000278992.1	AC012048.1	TEC	0	0	0	0.0000	0.0000	0.0000
ENSG00000278993.1	AC002350.2	TEC	14	330	294	0.4343	0.1077	0.1165
ENSG00000278994.1	AC008785.1	TEC	0	0	0	0.0000	0.0000	0.0000
ENSG00000278995.1	Z69720.2	TEC	12	3	9	2.4391	0.6049	0.6540
ENSG00000278996.1	FP671120.4	lncRNA	0	0	0	0.0000	0.0000	0.0000
ENSG00000278997.1	AL662907.1	TEC	27	17	10	1.1259	0.2792	0.3019
ENSG00000278998.1	AC099552.4	TEC	0	0	0	0.0000	0.0000	0.0000
ENSG00000278999.1	AC008985.1	TEC	2	1	2	0.0507	0.0126	0.0136
ENSG00000279000.3	OR10A6	protein_coding	0	0	0	0.0000	0.0000	0.0000
ENSG00000279001.1	AC079602.3	TEC	0	0	0	0.0000	0.0000	0.0000
ENSG00000279002.1	AC091953.2	TEC	0	0	0	0.0000	0.0000	0.0000
ENSG00000279004.1	AC103798.1	TEC	1	0	1	0.0897	0.0223	0.0241
ENSG00000279005.1	AC211433.3	TEC	0	0	0	0.0000	0.0000	0.0000
ENSG00000279006.1	AL022323.1	lncRNA	0	32	31	0.0000	0.0000	0.0000
ENSG00000279009.1	AC005943.2	TEC	0	334	332	0.0000	0.0000	0.0000
ENSG00000279011.1	AC091905.2	TEC	0	0	0	0.0000	0.0000	0.0000
ENSG00000279012.2	OR51B2	protein_coding	0	0	0	0.0000	0.0000	0.0000
ENSG00000279013.1	AC110774.1	TEC	9	3	6	0.2529	0.0627	0.0678
ENSG00000279014.1	AC051619.9	TEC	0	0	0	0.0000	0.0000	0.0000
ENSG00000279015.1	AC016717.3	TEC	0	0	0	0.0000	0.0000	0.0000
ENSG00000279016.1	AC093648.1	TEC	0	0	0	0.0000	0.0000	0.0000
ENSG00000279017.1	AC098476.1	TEC	1	1	0	0.0553	0.0137	0.0148
ENSG00000279019.1	AC009090.4	TEC	7	8	11	0.1076	0.0267	0.0288
ENSG00000279020.1	C18orf15	TEC	3	0	3	0.0671	0.0166	0.0180
ENSG00000279021.1	AC092139.1	TEC	3	1	2	0.1758	0.0436	0.0471
ENSG00000279022.1	AL359715.4	TEC	7	2	5	0.8961	0.2222	0.2403
ENSG00000279023.1	AC148477.6	TEC	0	0	0	0.0000	0.0000	0.0000
ENSG00000279024.1	AC112255.1	TEC	1	0	1	0.0227	0.0056	0.0061
ENSG00000279025.1	AL356863.1	TEC	0	0	0	0.0000	0.0000	0.0000
ENSG00000279026.1	AC005225.4	TEC	37	27	10	0.9430	0.2339	0.2529
ENSG00000279028.1	AC010223.1	lncRNA	0	0	1	0.0000	0.0000	0.0000
ENSG00000279029.1	AL353583.1	TEC	14	7	7	0.4280	0.1061	0.1148
ENSG00000279030.1	AC007336.3	TEC	3	3	0	0.0788	0.0195	0.0211
ENSG00000279031.1	AC004232.2	TEC	27	12	15	2.9165	0.7233	0.7820
ENSG00000279032.1	AL079305.1	TEC	0	0	0	0.0000	0.0000	0.0000
ENSG00000279033.1	AC090984.1	TEC	0	622	682	0.0000	0.0000	0.0000
ENSG00000279034.1	AC011266.1	TEC	0	0	0	0.0000	0.0000	0.0000
ENSG00000279035.1	AC022211.4	TEC	0	197	176	0.0000	0.0000	0.0000
ENSG00000279036.1	AC015656.1	TEC	1	0	1	0.0158	0.0039	0.0042
ENSG00000279039.1	AC011447.6	TEC	19	9	10	0.4147	0.1029	0.1112
ENSG00000279040.1	AC090617.6	TEC	0	0	0	0.0000	0.0000	0.0000
ENSG00000279041.1	AC102945.2	TEC	36	20	16	1.4357	0.3560	0.3850
ENSG00000279042.1	AP005242.4	TEC	0	0	0	0.0000	0.0000	0.0000
ENSG00000279043.1	AC004014.2	TEC	0	0	0	0.0000	0.0000	0.0000
ENSG00000279044.1	AC007787.2	TEC	2	0	2	0.1893	0.0470	0.0508
ENSG00000279045.1	AP003400.2	TEC	0	0	0	0.0000	0.0000	0.0000
ENSG00000279046.1	AP003062.1	TEC	0	0	0	0.0000	0.0000	0.0000
ENSG00000279047.4	AC244517.5	lncRNA	0	72	47	0.0000	0.0000	0.0000
ENSG00000279048.1	AC080080.1	TEC	51	31	20	1.1951	0.2964	0.3205
ENSG00000279049.1	AL353898.2	pseudogene	0	14	5	0.0000	0.0000	0.0000
ENSG00000279050.1	PWAR1	TEC	0	0	0	0.0000	0.0000	0.0000
ENSG00000279051.4	OR6Q1	protein_coding	0	0	0	0.0000	0.0000	0.0000
ENSG00000279056.1	AP003400.3	TEC	0	0	0	0.0000	0.0000	0.0000
ENSG00000279057.1	AC141586.4	TEC	2	2	0	0.0721	0.0179	0.0193
ENSG00000279058.2	AGAP14P	unprocessed_pseudogene	9	8	2	0.2478	0.0614	0.0664
ENSG00000279059.1	AC007485.2	TEC	352	182	171	11.9748	2.9696	3.2108
ENSG00000279061.1	Z98043.1	TEC	0	0	0	0.0000	0.0000	0.0000
ENSG00000279062.1	CDRT15P8	unprocessed_pseudogene	0	0	0	0.0000	0.0000	0.0000
ENSG00000279063.1	AC008735.5	TEC	1	1	0	0.1141	0.0283	0.0306
ENSG00000279064.1	FP236315.1	lncRNA	0	2	0	0.0000	0.0000	0.0000
ENSG00000279065.1	AL138688.1	TEC	0	0	0	0.0000	0.0000	0.0000
ENSG00000279066.1	HEXD-IT1	lncRNA	23	13	11	0.7194	0.1784	0.1929
ENSG00000279067.1	AC002540.1	TEC	1	0	1	0.0420	0.0104	0.0113
ENSG00000279068.1	AC244517.6	lncRNA	2	1	1	0.1797	0.0446	0.0482
ENSG00000279069.1	AC015813.5	TEC	47	594	651	1.7605	0.4366	0.4720
ENSG00000279070.2	AC073263.2	lncRNA	0	0	0	0.0000	0.0000	0.0000
ENSG00000279071.1	AC073592.3	TEC	5	3	2	0.1546	0.0383	0.0415
ENSG00000279072.1	AC118758.2	lncRNA	2	0	2	0.0047	0.0012	0.0013
ENSG00000279073.3	AL807752.6	protein_coding	0	0	1	0.0000	0.0000	0.0000
ENSG00000279074.1	AC007998.5	TEC	1	0	1	0.2393	0.0593	0.0642
ENSG00000279075.1	AC091965.5	TEC	6	5	1	0.9949	0.2467	0.2668
ENSG00000279076.1	AL136140.2	TEC	0	0	0	0.0000	0.0000	0.0000
ENSG00000279077.1	AC023090.2	TEC	8	3	5	0.2150	0.0533	0.0577
ENSG00000279078.1	SND1-IT1	lncRNA	5	1	4	0.1143	0.0283	0.0306
ENSG00000279080.1	AL022322.2	lncRNA	13	98	126	0.0361	0.0090	0.0097
ENSG00000279081.2	AL356585.1	processed_pseudogene	13	9	4	0.8219	0.2038	0.2204
ENSG00000279082.4	LINC01727	lncRNA	1	0	1	0.0077	0.0019	0.0021
ENSG00000279083.1	AL160274.1	TEC	0	0	0	0.0000	0.0000	0.0000
ENSG00000279085.1	AL022323.2	lncRNA	4	8	8	0.0421	0.0104	0.0113
ENSG00000279086.1	AC073130.3	TEC	28	118	120	0.6970	0.1729	0.1869
ENSG00000279087.1	AC073592.4	TEC	0	0	0	0.0000	0.0000	0.0000
ENSG00000279088.1	AC022400.6	TEC	412	193	220	18.9033	4.6878	5.0686
ENSG00000279089.1	AC005839.1	TEC	186	89	97	3.2829	0.8141	0.8803
ENSG00000279090.1	AP000843.1	TEC	0	0	0	0.0000	0.0000	0.0000
ENSG00000279091.1	AC026523.2	TEC	1	0	1	0.0073	0.0018	0.0020
ENSG00000279092.1	AC025678.3	TEC	11	4	7	0.1293	0.0321	0.0347
ENSG00000279093.1	AP001362.1	TEC	0	0	0	0.0000	0.0000	0.0000
ENSG00000279094.3	LINC01670	lncRNA	0	0	0	0.0000	0.0000	0.0000
ENSG00000279095.1	AC243964.4	TEC	0	0	0	0.0000	0.0000	0.0000
ENSG00000279096.2	AL356289.2	TEC	0	0	0	0.0000	0.0000	0.0000
ENSG00000279097.1	AC091953.3	TEC	0	0	0	0.0000	0.0000	0.0000
ENSG00000279098.1	AC097460.2	TEC	1	1	0	0.1283	0.0318	0.0344
ENSG00000279099.1	AC090740.1	TEC	0	0	0	0.0000	0.0000	0.0000
ENSG00000279100.1	AC009120.6	TEC	0	0	0	0.0000	0.0000	0.0000
ENSG00000279103.1	AC138470.1	TEC	11	4	7	0.3288	0.0815	0.0882
ENSG00000279104.1	AC093775.1	TEC	0	0	0	0.0000	0.0000	0.0000
ENSG00000279106.1	AC009093.7	TEC	0	0	0	0.0000	0.0000	0.0000
ENSG00000279107.1	AC138951.2	TEC	0	0	0	0.0000	0.0000	0.0000
ENSG00000279108.1	AC008537.3	TEC	48	26	22	1.4471	0.3589	0.3880
ENSG00000279110.1	AL022323.3	lncRNA	15	5	10	0.0648	0.0161	0.0174
ENSG00000279111.2	OR10X1	protein_coding	0	0	0	0.0000	0.0000	0.0000
ENSG00000279113.1	AC148477.7	TEC	0	0	0	0.0000	0.0000	0.0000
ENSG00000279114.1	Z99129.3	TEC	10	5	5	0.0882	0.0219	0.0236
ENSG00000279115.2	AC006386.2	processed_pseudogene	0	0	0	0.0000	0.0000	0.0000
ENSG00000279116.2	OR8D2	protein_coding	0	0	0	0.0000	0.0000	0.0000
ENSG00000279117.1	AP001972.5	TEC	0	0	0	0.0000	0.0000	0.0000
ENSG00000279118.1	AC093535.2	TEC	363	177	186	8.8503	2.1948	2.3731
ENSG00000279119.1	AC006449.7	TEC	0	574	553	0.0000	0.0000	0.0000
ENSG00000279120.1	AC009033.1	TEC	0	0	0	0.0000	0.0000	0.0000
ENSG00000279121.1	AC073592.5	TEC	1	1	0	0.1074	0.0266	0.0288
ENSG00000279122.1	AC020763.2	TEC	0	0	1	0.0000	0.0000	0.0000
ENSG00000279123.1	AC027281.1	TEC	2	1	1	0.1591	0.0394	0.0427
ENSG00000279124.1	AL356585.2	unprocessed_pseudogene	0	0	0	0.0000	0.0000	0.0000
ENSG00000279125.1	AC091953.4	TEC	0	0	0	0.0000	0.0000	0.0000
ENSG00000279127.1	AL121950.1	TEC	0	0	0	0.0000	0.0000	0.0000
ENSG00000279128.1	AC078925.2	TEC	0	0	0	0.0000	0.0000	0.0000
ENSG00000279129.1	AC046158.3	TEC	5	3	2	0.1108	0.0275	0.0297
ENSG00000279130.1	AC091925.1	TEC	4	2	2	0.4910	0.1218	0.1317
ENSG00000279133.1	AC018628.1	TEC	74	35	39	1.0989	0.2725	0.2946
ENSG00000279134.1	AC090643.1	TEC	0	0	0	0.0000	0.0000	0.0000
ENSG00000279135.1	AL512652.2	TEC	2	2	0	0.0661	0.0164	0.0177
ENSG00000279136.1	AL031258.1	TEC	0	0	0	0.0000	0.0000	0.0000
ENSG00000279137.1	AL356309.3	TEC	0	0	0	0.0000	0.0000	0.0000
ENSG00000279138.1	AP002847.1	TEC	10	5	5	0.2526	0.0626	0.0677
ENSG00000279139.1	AC098679.2	TEC	0	0	0	0.0000	0.0000	0.0000
ENSG00000279140.1	AL590326.1	TEC	4	4	0	0.7437	0.1844	0.1994
ENSG00000279141.3	LINC01451	lncRNA	5	2	3	0.0833	0.0206	0.0223
ENSG00000279142.1	AC009108.4	TEC	0	0	0	0.0000	0.0000	0.0000
ENSG00000279143.1	AC139099.3	TEC	0	0	0	0.0000	0.0000	0.0000
ENSG00000279144.1	AC099667.1	TEC	4	2	2	0.4837	0.1199	0.1297
ENSG00000279145.2	AC011912.1	lncRNA	67	40	27	0.7086	0.1757	0.1900
ENSG00000279146.1	AC063926.2	TEC	0	0	0	0.0000	0.0000	0.0000
ENSG00000279147.1	AC112504.1	TEC	0	0	0	0.0000	0.0000	0.0000
ENSG00000279148.1	AC126474.1	TEC	31	17	14	1.3596	0.3372	0.3646
ENSG00000279149.1	AL356750.1	TEC	2	1	1	0.0454	0.0113	0.0122
ENSG00000279151.1	AL021920.1	lncRNA	1	1	0	0.1397	0.0346	0.0375
ENSG00000279152.1	AC129492.6	TEC	0	143	161	0.0000	0.0000	0.0000
ENSG00000279153.1	AC117500.4	TEC	0	0	0	0.0000	0.0000	0.0000
ENSG00000279154.1	AL353726.2	TEC	0	0	0	0.0000	0.0000	0.0000
ENSG00000279155.1	AC233300.1	TEC	10	6	4	0.6941	0.1721	0.1861
ENSG00000279156.1	AL157359.3	TEC	0	0	0	0.0000	0.0000	0.0000
ENSG00000279157.1	AL162574.3	TEC	0	0	0	0.0000	0.0000	0.0000
ENSG00000279159.1	AC003681.1	lncRNA	203	2510	2501	0.2336	0.0579	0.0626
ENSG00000279160.1	AC009336.2	TEC	0	19	17	0.0000	0.0000	0.0000
ENSG00000279161.1	AC093503.2	TEC	8	5	3	0.1929	0.0478	0.0517
ENSG00000279162.1	AC141586.5	TEC	12	5	7	0.3320	0.0823	0.0890
ENSG00000279163.1	AP003122.6	TEC	0	0	0	0.0000	0.0000	0.0000
ENSG00000279164.1	AL118508.2	TEC	3	1	2	0.0918	0.0228	0.0246
ENSG00000279165.1	AC135776.4	TEC	0	0	0	0.0000	0.0000	0.0000
ENSG00000279166.1	AC009951.4	TEC	4	3	1	0.0868	0.0215	0.0233
ENSG00000279167.1	CR381572.1	processed_pseudogene	0	0	0	0.0000	0.0000	0.0000
ENSG00000279168.2	AC105052.4	lncRNA	5	3	2	0.2285	0.0567	0.0613
ENSG00000279169.3	PRAMEF13	protein_coding	0	0	0	0.0000	0.0000	0.0000
ENSG00000279170.3	TSTD3	protein_coding	337	638	643	1.1861	0.2941	0.3180
ENSG00000279171.1	AC006065.6	TEC	0	0	0	0.0000	0.0000	0.0000
ENSG00000279172.1	AC020904.3	TEC	0	68	70	0.0000	0.0000	0.0000
ENSG00000279173.1	AC092451.2	TEC	0	0	0	0.0000	0.0000	0.0000
ENSG00000279174.1	AC104581.3	TEC	13	13	20	0.2416	0.0599	0.0648
ENSG00000279175.1	AL033543.1	lncRNA	8	4	4	0.0337	0.0084	0.0090
ENSG00000279176.1	AC079316.2	TEC	0	0	0	0.0000	0.0000	0.0000
ENSG00000279177.1	CTBP2P9	processed_pseudogene	0	0	0	0.0000	0.0000	0.0000
ENSG00000279179.1	AL662907.2	TEC	15	36	30	0.2467	0.0612	0.0662
ENSG00000279180.1	AC061709.3	TEC	0	0	0	0.0000	0.0000	0.0000
ENSG00000279181.1	AC110801.1	TEC	0	0	0	0.0000	0.0000	0.0000
ENSG00000279182.1	CR559946.2	lncRNA	0	56	48	0.0000	0.0000	0.0000
ENSG00000279186.1	FP236315.2	TEC	0	0	0	0.0000	0.0000	0.0000
ENSG00000279187.1	AC027601.4	TEC	2	1	3	0.0457	0.0113	0.0123
ENSG00000279189.1	AP003972.1	TEC	0	0	0	0.0000	0.0000	0.0000
ENSG00000279190.1	AC007656.3	TEC	0	0	0	0.0000	0.0000	0.0000
ENSG00000279192.1	PWAR5	TEC	0	0	0	0.0000	0.0000	0.0000
ENSG00000279193.1	AC026336.4	TEC	0	0	0	0.0000	0.0000	0.0000
ENSG00000279196.1	AC135048.4	TEC	5	425	430	0.0779	0.0193	0.0209
ENSG00000279197.1	AC010608.2	TEC	10	5	5	1.2066	0.2992	0.3235
ENSG00000279198.1	AC008894.3	TEC	44	596	611	0.8041	0.1994	0.2156
ENSG00000279199.1	AC068669.1	TEC	36	16	20	0.9163	0.2272	0.2457
ENSG00000279200.1	AC020558.5	TEC	1	0	1	0.0333	0.0083	0.0089
ENSG00000279201.1	AC073263.3	TEC	1	1	0	0.0661	0.0164	0.0177
ENSG00000279202.1	AC130448.1	TEC	0	0	0	0.0000	0.0000	0.0000
ENSG00000279203.1	AC005785.2	TEC	18	10	8	1.6177	0.4012	0.4338
ENSG00000279204.1	AC134043.3	TEC	18	6	12	0.4561	0.1131	0.1223
ENSG00000279205.1	AC092162.3	TEC	38	13	25	1.3270	0.3291	0.3558
ENSG00000279206.1	AC004943.3	lncRNA	4	2	2	0.3781	0.0938	0.1014
ENSG00000279207.1	AC015813.6	TEC	1962	1026	937	19.1572	4.7508	5.1367
ENSG00000279208.1	CR381653.2	unprocessed_pseudogene	2	1	1	0.1477	0.0366	0.0396
ENSG00000279209.1	AP001002.1	TEC	0	0	0	0.0000	0.0000	0.0000
ENSG00000279211.1	AC124864.1	processed_pseudogene	1	0	1	0.1447	0.0359	0.0388
ENSG00000279212.1	AL390961.3	TEC	1	1	0	0.0224	0.0055	0.0060
ENSG00000279213.1	SNX18P10	processed_pseudogene	0	0	0	0.0000	0.0000	0.0000
ENSG00000279214.1	AL109659.3	TEC	0	0	0	0.0000	0.0000	0.0000
ENSG00000279217.1	Z95114.1	lncRNA	2	2	2	0.0078	0.0019	0.0021
ENSG00000279218.1	AC006037.2	TEC	0	0	0	0.0000	0.0000	0.0000
ENSG00000279220.4	GPR1-AS	lncRNA	0	0	0	0.0000	0.0000	0.0000
ENSG00000279221.1	AC068254.2	TEC	0	0	0	0.0000	0.0000	0.0000
ENSG00000279222.1	AC025183.2	TEC	1	0	1	0.0383	0.0095	0.0103
ENSG00000279223.1	AC073342.2	TEC	0	0	0	0.0000	0.0000	0.0000
ENSG00000279225.1	AC138305.3	TEC	1	0	1	0.2363	0.0586	0.0634
ENSG00000279226.1	FP236240.2	TEC	0	0	0	0.0000	0.0000	0.0000
ENSG00000279227.1	AC009303.4	TEC	39	22	17	1.4745	0.3657	0.3954
ENSG00000279228.2	AC133555.5	transcribed_unprocessed_pseudogene	0	1	0	0.0000	0.0000	0.0000
ENSG00000279231.1	AL356585.3	unprocessed_pseudogene	0	0	0	0.0000	0.0000	0.0000
ENSG00000279232.2	AC008522.1	lncRNA	1	1055	1086	0.0195	0.0048	0.0052
ENSG00000279233.1	AC122688.3	TEC	77	41	36	1.2595	0.3123	0.3377
ENSG00000279235.1	AC011944.2	TEC	2	1	1	0.1661	0.0412	0.0445
ENSG00000279236.1	AC064801.2	TEC	11	6	5	0.4787	0.1187	0.1284
ENSG00000279237.1	AL161773.1	TEC	2	1	1	0.1314	0.0326	0.0352
ENSG00000279239.1	AL391099.1	transcribed_unprocessed_pseudogene	0	0	0	0.0000	0.0000	0.0000
ENSG00000279240.1	AC063980.1	lncRNA	0	0	0	0.0000	0.0000	0.0000
ENSG00000279243.3	LINC02736	lncRNA	2	2	1	0.0813	0.0202	0.0218
ENSG00000279245.1	FAM223A	lncRNA	0	0	0	0.0000	0.0000	0.0000
ENSG00000279246.1	AP003108.3	TEC	0	112	153	0.0000	0.0000	0.0000
ENSG00000279248.1	AP003400.4	TEC	0	0	0	0.0000	0.0000	0.0000
ENSG00000279249.3	AC007614.1	lncRNA	0	0	0	0.0000	0.0000	0.0000
ENSG00000279250.1	AC022919.1	TEC	0	0	0	0.0000	0.0000	0.0000
ENSG00000279251.1	AC015726.3	TEC	1	0	1	0.1357	0.0336	0.0364
ENSG00000279253.1	AL121753.2	TEC	94	69	75	3.6487	0.9048	0.9783
ENSG00000279254.1	AC020604.1	TEC	5	2	3	0.1485	0.0368	0.0398
ENSG00000279255.1	Z97653.2	TEC	36	15	21	1.4397	0.3570	0.3860
ENSG00000279256.1	AL442639.1	TEC	0	0	0	0.0000	0.0000	0.0000
ENSG00000279259.1	AC087741.3	TEC	107	55	53	4.5048	1.1171	1.2079
ENSG00000279261.2	PP2672	lncRNA	0	0	0	0.0000	0.0000	0.0000
ENSG00000279262.1	AC010335.2	TEC	0	0	1	0.0000	0.0000	0.0000
ENSG00000279263.1	OR2L8	protein_coding	0	0	0	0.0000	0.0000	0.0000
ENSG00000279264.1	AC091953.5	TEC	0	0	0	0.0000	0.0000	0.0000
ENSG00000279265.1	AC000123.2	TEC	17	21	22	2.0913	0.5186	0.5607
ENSG00000279266.1	AC068860.1	TEC	11	5	6	0.1670	0.0414	0.0448
ENSG00000279267.1	AL078621.1	TEC	76	42	34	2.1107	0.5234	0.5659
ENSG00000279268.1	AC068213.1	TEC	1	0	1	0.2509	0.0622	0.0673
ENSG00000279269.1	AP003072.3	TEC	2	1	1	0.1909	0.0474	0.0512
ENSG00000279270.2	OR52R1	protein_coding	0	0	0	0.0000	0.0000	0.0000
ENSG00000279271.1	AP006248.2	TEC	0	3	2	0.0000	0.0000	0.0000
ENSG00000279273.1	AC120024.4	TEC	0	0	0	0.0000	0.0000	0.0000
ENSG00000279274.2	AC012005.1	processed_pseudogene	1	0	1	0.7561	0.1875	0.2027
ENSG00000279275.1	AP002505.2	TEC	0	1	1	0.0000	0.0000	0.0000
ENSG00000279276.1	AC130454.1	TEC	0	0	0	0.0000	0.0000	0.0000
ENSG00000279277.2	AC012020.1	lncRNA	46	29	17	0.3496	0.0867	0.0937
ENSG00000279278.1	AC245060.6	lncRNA	130	70	60	0.8756	0.2171	0.2348
ENSG00000279281.1	AC015883.1	TEC	17	13	4	0.4648	0.1153	0.1246
ENSG00000279283.1	AC131009.4	TEC	18	9	9	0.5867	0.1455	0.1573
ENSG00000279284.1	AL136967.1	TEC	0	0	0	0.0000	0.0000	0.0000
ENSG00000279285.1	AP005264.5	TEC	0	0	0	0.0000	0.0000	0.0000
ENSG00000279286.2	AL133373.3	TEC	29	11	18	0.5815	0.1442	0.1559
ENSG00000279288.1	AC073346.2	TEC	0	0	0	0.0000	0.0000	0.0000
ENSG00000279289.1	AL136164.3	TEC	7	4	3	0.0998	0.0247	0.0268
ENSG00000279294.1	AC092135.1	TEC	2	2	0	0.0551	0.0137	0.0148
ENSG00000279295.1	AP001541.1	TEC	0	0	0	0.0000	0.0000	0.0000
ENSG00000279296.1	PRAL	TEC	23	3438	3315	0.3969	0.0984	0.1064
ENSG00000279297.1	AP000720.1	TEC	1	0	1	0.1174	0.0291	0.0315
ENSG00000279298.1	Z99916.3	lncRNA	0	0	0	0.0000	0.0000	0.0000
ENSG00000279299.1	AP000648.3	TEC	0	0	0	0.0000	0.0000	0.0000
ENSG00000279300.1	AC008761.3	TEC	0	0	0	0.0000	0.0000	0.0000
ENSG00000279301.4	OR2T11	protein_coding	0	0	0	0.0000	0.0000	0.0000
ENSG00000279302.3	AC013643.3	TEC	8	3	5	0.1748	0.0433	0.0469
ENSG00000279303.1	CU634019.3	TEC	0	0	0	0.0000	0.0000	0.0000
ENSG00000279304.1	AP003072.4	TEC	0	0	0	0.0000	0.0000	0.0000
ENSG00000279305.1	AC134026.2	TEC	0	0	0	0.0000	0.0000	0.0000
ENSG00000279306.1	AL139288.2	TEC	2	0	2	0.1216	0.0301	0.0326
ENSG00000279307.2	NDUFAF2P1	processed_pseudogene	33	22	11	3.6695	0.9100	0.9839
ENSG00000279310.1	AC073530.2	TEC	0	0	0	0.0000	0.0000	0.0000
ENSG00000279311.1	AC092999.1	TEC	10	4	6	0.2948	0.0731	0.0790
ENSG00000279314.1	AC002525.1	TEC	85	44	41	2.9719	0.7370	0.7969
ENSG00000279315.1	AL158212.4	TEC	1	1	0	0.0441	0.0109	0.0118
ENSG00000279317.2	AC006994.1	lncRNA	0	0	0	0.0000	0.0000	0.0000
ENSG00000279319.1	AC105074.1	TEC	19	9	10	0.3481	0.0863	0.0933
ENSG00000279320.1	AC069528.2	TEC	102	55	47	2.9053	0.7205	0.7790
ENSG00000279321.1	AC018692.1	lncRNA	0	0	0	0.0000	0.0000	0.0000
ENSG00000279322.1	AL035252.4	TEC	0	335	349	0.0000	0.0000	0.0000
ENSG00000279324.1	AL645730.1	TEC	0	0	0	0.0000	0.0000	0.0000
ENSG00000279325.1	AL136359.1	lncRNA	0	0	0	0.0000	0.0000	0.0000
ENSG00000279326.1	AC004972.1	TEC	0	0	0	0.0000	0.0000	0.0000
ENSG00000279328.1	AC073439.1	TEC	0	1	3	0.0000	0.0000	0.0000
ENSG00000279329.1	AC020910.6	TEC	116	66	51	3.5273	0.8747	0.9458
ENSG00000279330.1	AJ003147.3	TEC	19	10	9	0.4900	0.1215	0.1314
ENSG00000279331.1	RBM12B-AS1	TEC	47	48	50	4.0817	1.0122	1.0944
ENSG00000279332.1	AC090772.4	TEC	32	67	69	5.0130	1.2432	1.3442
ENSG00000279333.1	AC096636.1	TEC	0	196	166	0.0000	0.0000	0.0000
ENSG00000279334.1	AC073592.6	TEC	0	0	0	0.0000	0.0000	0.0000
ENSG00000279336.1	AL353662.2	pseudogene	1	0	1	0.2393	0.0593	0.0642
ENSG00000279337.1	AC127024.7	TEC	0	0	0	0.0000	0.0000	0.0000
ENSG00000279339.1	AC100788.2	TEC	4	1	3	0.0785	0.0195	0.0211
ENSG00000279340.1	AC090617.7	TEC	0	0	0	0.0000	0.0000	0.0000
ENSG00000279341.1	AP000756.1	TEC	0	0	0	0.0000	0.0000	0.0000
ENSG00000279342.2	AP000866.6	lncRNA	46	22	34	0.7289	0.1808	0.1954
ENSG00000279343.1	AC127071.2	TEC	0	0	0	0.0000	0.0000	0.0000
ENSG00000279344.1	AC007342.6	TEC	3	491	434	0.0656	0.0163	0.0176
ENSG00000279345.1	Z98885.3	lncRNA	10	3	7	0.3228	0.0800	0.0865
ENSG00000279347.1	AC021945.1	TEC	5	5	0	0.1718	0.0426	0.0461
ENSG00000279348.1	AC012513.3	TEC	400	206	195	10.7202	2.6585	2.8744
ENSG00000279349.1	AC092692.1	TEC	1	0	1	0.0219	0.0054	0.0059
ENSG00000279352.1	AC006557.6	TEC	1	1	0	0.0656	0.0163	0.0176
ENSG00000279353.1	AP001324.3	TEC	2	2	0	0.0794	0.0197	0.0213
ENSG00000279354.1	AC090373.1	TEC	0	0	0	0.0000	0.0000	0.0000
ENSG00000279356.1	AC007610.4	TEC	6	3	3	0.1601	0.0397	0.0429
ENSG00000279357.1	AC007224.2	TEC	8	6	2	0.8896	0.2206	0.2385
ENSG00000279358.1	AP002833.3	TEC	0	0	0	0.0000	0.0000	0.0000
ENSG00000279359.1	AL359195.2	TEC	0	0	0	0.0000	0.0000	0.0000
ENSG00000279360.1	AC007546.2	TEC	1	0	1	0.1575	0.0391	0.0422
ENSG00000279361.1	AC079331.1	TEC	0	0	0	0.0000	0.0000	0.0000
ENSG00000279364.1	AC114546.3	TEC	0	1037	1094	0.0000	0.0000	0.0000
ENSG00000279365.1	AP000695.3	TEC	7	10	13	0.2096	0.0520	0.0562
ENSG00000279366.1	AC120349.2	TEC	1	0	1	0.1903	0.0472	0.0510
ENSG00000279367.1	AC102797.2	TEC	0	0	0	0.0000	0.0000	0.0000
ENSG00000279368.1	AL031123.3	TEC	41	19	23	1.2657	0.3139	0.3394
ENSG00000279369.1	AC046185.3	TEC	88	53	49	2.7360	0.6785	0.7336
ENSG00000279370.1	AC004777.1	TEC	2	0	2	0.3952	0.0980	0.1060
ENSG00000279372.1	AC137723.1	TEC	4	3	1	0.5699	0.1413	0.1528
ENSG00000279373.1	AC027228.3	TEC	2	0	2	0.0896	0.0222	0.0240
ENSG00000279375.1	AC244517.7	lncRNA	18	14	11	2.5648	0.6360	0.6877
ENSG00000279376.1	AC092435.4	TEC	0	0	0	0.0000	0.0000	0.0000
ENSG00000279377.1	AC003973.2	TEC	4	1	3	0.0804	0.0199	0.0216
ENSG00000279378.1	AC009159.4	TEC	0	0	0	0.0000	0.0000	0.0000
ENSG00000279379.1	AC024595.1	TEC	6	4	2	0.8792	0.2180	0.2357
ENSG00000279381.1	CR392039.2	processed_pseudogene	1	1	0	0.2780	0.0689	0.0745
ENSG00000279382.1	AC018665.1	TEC	112	303	264	4.6634	1.1565	1.2504
ENSG00000279384.1	AC080188.2	TEC	21	14	7	1.5921	0.3948	0.4269
ENSG00000279386.1	AC021106.2	TEC	15	9	6	1.6020	0.3973	0.4295
ENSG00000279387.1	AC011474.4	TEC	0	0	0	0.0000	0.0000	0.0000
ENSG00000279388.1	AC073578.3	TEC	0	0	0	0.0000	0.0000	0.0000
ENSG00000279390.1	AF127577.6	TEC	7	5	2	0.1812	0.0449	0.0486
ENSG00000279391.1	AC116456.2	TEC	0	0	0	0.0000	0.0000	0.0000
ENSG00000279392.1	AL158801.4	processed_pseudogene	26	9	17	3.1709	0.7863	0.8502
ENSG00000279393.1	AL139005.1	TEC	16	7	9	0.5550	0.1376	0.1488
ENSG00000279394.1	AC015871.4	TEC	1	1	0	0.0251	0.0062	0.0067
ENSG00000279395.3	OR5L1	protein_coding	0	0	0	0.0000	0.0000	0.0000
ENSG00000279397.1	AC018445.2	TEC	0	0	0	0.0000	0.0000	0.0000
ENSG00000279398.1	AL078596.1	TEC	0	0	0	0.0000	0.0000	0.0000
ENSG00000279399.1	AL356095.2	TEC	0	587	619	0.0000	0.0000	0.0000
ENSG00000279400.1	AC008957.3	TEC	12	10	9	0.3035	0.0753	0.0814
ENSG00000279401.1	AL133383.2	TEC	0	0	0	0.0000	0.0000	0.0000
ENSG00000279403.1	AL078595.3	TEC	0	0	0	0.0000	0.0000	0.0000
ENSG00000279404.1	AC008739.6	TEC	1	0	2	0.0293	0.0073	0.0078
ENSG00000279405.1	AC004696.2	TEC	1	0	1	0.1713	0.0425	0.0459
ENSG00000279406.1	AL359183.1	TEC	240	122	118	6.3839	1.5831	1.7117
ENSG00000279407.1	AC007191.1	TEC	116	67	49	2.1964	0.5447	0.5889
ENSG00000279408.3	AC135068.4	protein_coding	0	0	0	0.0000	0.0000	0.0000
ENSG00000279409.1	AC020658.6	TEC	3	1	2	0.0910	0.0226	0.0244
ENSG00000279410.1	AC099494.1	TEC	2	1	1	0.0828	0.0205	0.0222
ENSG00000279411.1	AC090643.2	TEC	0	0	0	0.0000	0.0000	0.0000
ENSG00000279412.1	AC020763.3	TEC	16	7	9	0.3125	0.0775	0.0838
ENSG00000279413.1	AC112497.2	pseudogene	20	106	115	1.7750	0.4402	0.4759
ENSG00000279414.1	CDRT15P9	processed_pseudogene	0	0	0	0.0000	0.0000	0.0000
ENSG00000279415.1	AC099494.2	TEC	63	32	31	3.6531	0.9059	0.9795
ENSG00000279416.1	AC099689.3	TEC	0	0	0	0.0000	0.0000	0.0000
ENSG00000279417.1	AC019322.4	TEC	0	0	0	0.0000	0.0000	0.0000
ENSG00000279418.1	LINC00244	lncRNA	1	1	0	0.0925	0.0229	0.0248
ENSG00000279419.1	AC004925.1	TEC	3	2	1	0.0629	0.0156	0.0169
ENSG00000279420.1	AC138627.2	TEC	0	0	0	0.0000	0.0000	0.0000
ENSG00000279421.1	AC067863.2	TEC	0	0	0	0.0000	0.0000	0.0000
ENSG00000279422.1	AC231657.1	TEC	1	2	0	0.1428	0.0354	0.0383
ENSG00000279423.1	AL445363.3	TEC	0	0	0	0.0000	0.0000	0.0000
ENSG00000279425.1	AC092279.2	TEC	71	41	30	1.8394	0.4561	0.4932
ENSG00000279426.1	AC243312.1	TEC	0	0	0	0.0000	0.0000	0.0000
ENSG00000279427.1	AC007490.1	TEC	0	0	0	0.0000	0.0000	0.0000
ENSG00000279428.1	AC087164.2	TEC	0	220	222	0.0000	0.0000	0.0000
ENSG00000279429.1	AC004009.2	TEC	0	0	0	0.0000	0.0000	0.0000
ENSG00000279430.1	AL590560.4	TEC	0	0	0	0.0000	0.0000	0.0000
ENSG00000279431.1	AC011840.5	TEC	0	2	0	0.0000	0.0000	0.0000
ENSG00000279432.1	AC015799.1	TEC	5	3	3	0.0908	0.0225	0.0244
ENSG00000279433.1	AC018529.3	TEC	1	0	1	0.0252	0.0062	0.0067
ENSG00000279434.1	AL049776.1	TEC	38	154	156	1.0642	0.2639	0.2853
ENSG00000279437.1	Z82170.1	TEC	0	0	0	0.0000	0.0000	0.0000
ENSG00000279438.1	AP001002.2	TEC	0	0	0	0.0000	0.0000	0.0000
ENSG00000279439.1	AC105114.1	TEC	3	2	1	0.0914	0.0227	0.0245
ENSG00000279440.1	AL008638.3	lncRNA	1	1	0	0.0109	0.0027	0.0029
ENSG00000279441.1	Z92544.2	TEC	0	4	4	0.0000	0.0000	0.0000
ENSG00000279442.1	AP000542.2	lncRNA	0	0	0	0.0000	0.0000	0.0000
ENSG00000279443.1	AL513497.1	TEC	139	71	68	3.7843	0.9385	1.0147
ENSG00000279444.1	AC135584.1	TEC	3	5	6	0.5109	0.1267	0.1370
ENSG00000279445.2	AC135068.5	unprocessed_pseudogene	0	0	0	0.0000	0.0000	0.0000
ENSG00000279446.1	AC005915.1	TEC	0	0	0	0.0000	0.0000	0.0000
ENSG00000279447.1	AL118508.3	TEC	4	1	3	0.1929	0.0478	0.0517
ENSG00000279450.1	AC112200.1	TEC	0	0	0	0.0000	0.0000	0.0000
ENSG00000279452.1	AC006277.1	TEC	50	27	23	1.7612	0.4368	0.4722
ENSG00000279453.1	Z99129.4	TEC	886	454	432	20.6345	5.1172	5.5328
ENSG00000279454.1	AP003499.5	TEC	0	0	0	0.0000	0.0000	0.0000
ENSG00000279455.1	AC117500.5	TEC	0	0	0	0.0000	0.0000	0.0000
ENSG00000279456.1	AL353763.1	TEC	48	17	31	1.6720	0.4146	0.4483
ENSG00000279457.4	WASH9P	unprocessed_pseudogene	79	41	39	3.2069	0.7953	0.8599
ENSG00000279458.2	AC244230.1	lncRNA	0	0	0	0.0000	0.0000	0.0000
ENSG00000279459.1	AP001271.2	TEC	0	0	0	0.0000	0.0000	0.0000
ENSG00000279460.1	AC112243.1	TEC	0	0	0	0.0000	0.0000	0.0000
ENSG00000279461.2	AC005480.2	processed_pseudogene	0	0	0	0.0000	0.0000	0.0000
ENSG00000279462.1	AC093028.1	TEC	0	0	0	0.0000	0.0000	0.0000
ENSG00000279463.1	AL159972.1	lncRNA	0	0	0	0.0000	0.0000	0.0000
ENSG00000279464.1	AC096720.2	TEC	18	6	12	0.4153	0.1030	0.1114
ENSG00000279465.1	AC090950.2	TEC	1	0	1	0.0859	0.0213	0.0230
ENSG00000279466.1	AC073911.1	TEC	1	0	1	0.1212	0.0301	0.0325
ENSG00000279467.1	AP000350.8	lncRNA	14	97	102	0.0989	0.0245	0.0265
ENSG00000279469.1	AC109454.4	TEC	15	7	8	1.3107	0.3250	0.3514
ENSG00000279470.1	AC091903.1	TEC	0	0	0	0.0000	0.0000	0.0000
ENSG00000279472.1	AC244517.8	lncRNA	0	0	0	0.0000	0.0000	0.0000
ENSG00000279474.1	AC125437.2	TEC	2	1	1	0.0523	0.0130	0.0140
ENSG00000279475.1	AC087894.2	TEC	0	0	0	0.0000	0.0000	0.0000
ENSG00000279476.1	AC092139.2	TEC	2	2	0	0.0406	0.0101	0.0109
ENSG00000279477.1	CU634019.4	unprocessed_pseudogene	0	0	0	0.0000	0.0000	0.0000
ENSG00000279478.1	AC127071.3	TEC	0	0	0	0.0000	0.0000	0.0000
ENSG00000279479.1	AP005205.3	TEC	1	1	0	0.0294	0.0073	0.0079
ENSG00000279480.1	AC138466.4	TEC	0	0	0	0.0000	0.0000	0.0000
ENSG00000279481.1	AC104791.2	TEC	1	1	0	0.0225	0.0056	0.0060
ENSG00000279482.1	AC007683.3	TEC	0	0	0	0.0000	0.0000	0.0000
ENSG00000279483.2	AC090498.1	processed_pseudogene	568	303	265	429.4835	106.5076	115.1589
ENSG00000279484.2	KLHL30-AS1	lncRNA	0	0	0	0.0000	0.0000	0.0000
ENSG00000279485.1	AC016734.1	TEC	0	0	0	0.0000	0.0000	0.0000
ENSG00000279486.5	OR2AG1	protein_coding	0	0	0	0.0000	0.0000	0.0000
ENSG00000279488.1	AC004623.1	TEC	2	106	131	0.0533	0.0132	0.0143
ENSG00000279489.1	AL355377.2	TEC	0	1	1	0.0000	0.0000	0.0000
ENSG00000279490.1	AC109446.3	TEC	2	2	0	0.0412	0.0102	0.0110
ENSG00000279491.1	AP003733.3	TEC	38	18	20	1.2699	0.3149	0.3405
ENSG00000279493.1	FP565260.4	protein_coding	0	0	0	0.0000	0.0000	0.0000
ENSG00000279494.1	AL117328.2	lncRNA	0	0	1	0.0000	0.0000	0.0000
ENSG00000279495.1	AL928654.4	TEC	65	28	38	1.4739	0.3655	0.3952
ENSG00000279497.1	AP003784.1	TEC	0	0	0	0.0000	0.0000	0.0000
ENSG00000279498.1	AL356121.2	TEC	0	0	0	0.0000	0.0000	0.0000
ENSG00000279499.1	AL157770.1	TEC	8	6	2	1.0334	0.2563	0.2771
ENSG00000279500.1	AC108704.2	TEC	25	16	9	0.9059	0.2247	0.2429
ENSG00000279501.1	CR392039.3	lncRNA	0	0	0	0.0000	0.0000	0.0000
ENSG00000279502.1	AC016542.2	TEC	0	0	0	0.0000	0.0000	0.0000
ENSG00000279503.1	AL353649.1	TEC	0	0	0	0.0000	0.0000	0.0000
ENSG00000279504.1	AD001527.2	TEC	0	189	187	0.0000	0.0000	0.0000
ENSG00000279505.1	AC022513.1	TEC	0	0	0	0.0000	0.0000	0.0000
ENSG00000279507.1	AC112484.4	TEC	0	0	0	0.0000	0.0000	0.0000
ENSG00000279509.1	AC007494.3	TEC	1	0	1	0.0763	0.0189	0.0205
ENSG00000279511.1	AL356274.2	TEC	4	2	2	0.0605	0.0150	0.0162
ENSG00000279512.1	AC011755.1	TEC	0	0	0	0.0000	0.0000	0.0000
ENSG00000279513.1	AL157902.2	TEC	3	1	2	0.1140	0.0283	0.0306
ENSG00000279514.2	OR4C16	protein_coding	0	0	0	0.0000	0.0000	0.0000
ENSG00000279516.2	FAM230C	lncRNA	21	8	13	0.4703	0.1166	0.1261
ENSG00000279518.1	AC083843.3	TEC	89	34	55	2.3089	0.5726	0.6191
ENSG00000279519.1	AC007382.1	TEC	0	0	0	0.0000	0.0000	0.0000
ENSG00000279520.1	AC093525.8	TEC	37	16	21	1.5635	0.3877	0.4192
ENSG00000279521.1	AL359396.2	TEC	0	0	0	0.0000	0.0000	0.0000
ENSG00000279523.1	AC040168.2	TEC	0	0	0	0.0000	0.0000	0.0000
ENSG00000279525.1	AC002451.2	TEC	0	0	0	0.0000	0.0000	0.0000
ENSG00000279526.1	AC011239.2	TEC	6	3	3	0.2285	0.0567	0.0613
ENSG00000279527.1	AC073592.7	TEC	1	0	1	0.1119	0.0277	0.0300
ENSG00000279528.1	AC115618.3	TEC	0	0	0	0.0000	0.0000	0.0000
ENSG00000279529.1	AC008764.8	lncRNA	66	151	135	1.3776	0.3416	0.3694
ENSG00000279530.2	AC092881.1	TEC	19	4	15	0.3943	0.0978	0.1057
ENSG00000279531.1	AC022140.2	TEC	0	0	0	0.0000	0.0000	0.0000
ENSG00000279532.1	AC002094.5	TEC	14	6	10	1.2622	0.3130	0.3384
ENSG00000279534.1	AP001340.1	TEC	0	0	0	0.0000	0.0000	0.0000
ENSG00000279536.1	AC093458.2	TEC	12	7	11	1.0819	0.2683	0.2901
ENSG00000279537.1	AC020658.7	TEC	2	2	0	0.0464	0.0115	0.0125
ENSG00000279539.1	AC006486.2	TEC	38	18	20	0.9800	0.2430	0.2628
ENSG00000279541.1	AC005261.5	TEC	13	25	21	0.5315	0.1318	0.1425
ENSG00000279542.1	AC015908.5	TEC	0	0	0	0.0000	0.0000	0.0000
ENSG00000279543.1	AC129908.1	TEC	0	0	0	0.0000	0.0000	0.0000
ENSG00000279544.1	AL133243.4	TEC	5	4	1	0.0912	0.0226	0.0245
ENSG00000279548.1	AL022323.4	lncRNA	0	0	2	0.0000	0.0000	0.0000
ENSG00000279549.1	AP000437.1	TEC	26	12	14	0.7072	0.1754	0.1896
ENSG00000279550.1	AL359757.1	TEC	0	0	0	0.0000	0.0000	0.0000
ENSG00000279551.1	AC025263.3	TEC	0	0	0	0.0000	0.0000	0.0000
ENSG00000279554.1	AC130448.2	TEC	0	0	0	0.0000	0.0000	0.0000
ENSG00000279555.1	AC091181.1	TEC	38	22	16	1.0272	0.2547	0.2754
ENSG00000279557.1	AC010435.1	TEC	2	2	0	0.0964	0.0239	0.0258
ENSG00000279558.1	AC244517.9	lncRNA	0	0	0	0.0000	0.0000	0.0000
ENSG00000279559.1	AC104820.1	TEC	0	0	0	0.0000	0.0000	0.0000
ENSG00000279561.2	AL845472.1	TEC	56	29	27	0.7780	0.1929	0.2086
ENSG00000279562.1	AC090617.8	TEC	1	1	0	0.3858	0.0957	0.1034
ENSG00000279565.1	AL121835.2	TEC	0	0	0	0.0000	0.0000	0.0000
ENSG00000279567.1	AC005703.4	TEC	0	0	0	0.0000	0.0000	0.0000
ENSG00000279568.1	AC093525.9	TEC	7	4	5	0.2274	0.0564	0.0610
ENSG00000279569.1	AC020763.4	TEC	6	1503	1448	0.0816	0.0202	0.0219
ENSG00000279570.1	AC099804.1	TEC	4	3	1	0.3177	0.0788	0.0852
ENSG00000279571.3	AL162426.1	lncRNA	1	17	8	0.0763	0.0189	0.0205
ENSG00000279572.1	AC021683.4	TEC	0	0	0	0.0000	0.0000	0.0000
ENSG00000279573.1	AC134407.2	TEC	5	3	2	0.1434	0.0355	0.0384
ENSG00000279575.1	AL583859.2	TEC	0	0	0	0.0000	0.0000	0.0000
ENSG00000279578.1	AC004899.2	TEC	0	0	0	0.0000	0.0000	0.0000
ENSG00000279579.3	LINC01666	lncRNA	0	0	0	0.0000	0.0000	0.0000
ENSG00000279581.1	AC073862.2	TEC	1	1	0	0.0809	0.0201	0.0217
ENSG00000279583.1	AC009086.2	TEC	6	2	4	0.3376	0.0837	0.0905
ENSG00000279584.1	AC005593.1	TEC	8	6	2	0.8809	0.2185	0.2362
ENSG00000279585.1	AL109653.2	TEC	0	0	0	0.0000	0.0000	0.0000
ENSG00000279586.1	AP000711.1	TEC	1	1	0	0.0618	0.0153	0.0166
ENSG00000279587.1	AC006963.1	TEC	0	0	0	0.0000	0.0000	0.0000
ENSG00000279588.2	AC087762.2	TEC	4	0	4	0.0601	0.0149	0.0161
ENSG00000279589.1	AC079416.3	TEC	1	1	0	0.0475	0.0118	0.0127
ENSG00000279590.1	AC005786.4	TEC	1	1	0	0.0832	0.0206	0.0223
ENSG00000279591.1	AC002044.2	TEC	3	2	1	0.1754	0.0435	0.0470
ENSG00000279592.1	AC010653.2	TEC	0	135	154	0.0000	0.0000	0.0000
ENSG00000279593.1	AL132642.2	TEC	0	0	0	0.0000	0.0000	0.0000
ENSG00000279594.1	AL049780.3	TEC	10	26	33	0.3582	0.0888	0.0961
ENSG00000279595.1	AC126335.2	TEC	0	0	0	0.0000	0.0000	0.0000
ENSG00000279597.1	AL031593.1	lncRNA	0	0	0	0.0000	0.0000	0.0000
ENSG00000279598.1	AC009948.3	TEC	1	3	1	0.0129	0.0032	0.0035
ENSG00000279599.1	AC005514.1	TEC	2	2	0	0.5453	0.1352	0.1462
ENSG00000279600.1	AC015804.1	TEC	6	5	1	0.7822	0.1940	0.2097
ENSG00000279601.1	AC005052.1	TEC	7	4	4	0.1593	0.0395	0.0427
ENSG00000279602.1	AC109326.1	TEC	53	26	27	2.2753	0.5642	0.6101
ENSG00000279603.1	AP000720.2	TEC	1	0	1	0.0737	0.0183	0.0198
ENSG00000279604.1	AC092723.2	TEC	0	0	0	0.0000	0.0000	0.0000
ENSG00000279605.1	AC067930.5	TEC	13	6362	6048	0.1490	0.0370	0.0400
ENSG00000279606.1	AC006600.2	TEC	0	0	0	0.0000	0.0000	0.0000
ENSG00000279607.1	AL358613.2	lncRNA	0	0	0	0.0000	0.0000	0.0000
ENSG00000279608.1	AL353795.3	TEC	12	10	7	0.1193	0.0296	0.0320
ENSG00000279609.1	AL158070.2	TEC	0	0	0	0.0000	0.0000	0.0000
ENSG00000279610.1	C20orf181	TEC	0	0	0	0.0000	0.0000	0.0000
ENSG00000279611.1	AC012313.10	TEC	10	10	14	0.6124	0.1519	0.1642
ENSG00000279613.1	AC124283.5	TEC	4	0	4	0.1254	0.0311	0.0336
ENSG00000279615.1	CR381572.2	processed_pseudogene	0	0	0	0.0000	0.0000	0.0000
ENSG00000279616.1	AL096817.1	TEC	0	0	0	0.0000	0.0000	0.0000
ENSG00000279617.1	AC005796.1	TEC	1	1	0	0.1310	0.0325	0.0351
ENSG00000279619.1	AC020907.5	TEC	1	22	17	0.0293	0.0073	0.0079
ENSG00000279620.1	AC099494.3	TEC	3	1	2	0.0988	0.0245	0.0265
ENSG00000279621.1	AC020978.8	TEC	0	2	3	0.0000	0.0000	0.0000
ENSG00000279622.2	AC025280.2	lncRNA	1	0	2	0.0185	0.0046	0.0050
ENSG00000279623.1	AL359697.1	lncRNA	17	7	10	1.6424	0.4073	0.4404
ENSG00000279625.1	AL591122.1	TEC	0	0	0	0.0000	0.0000	0.0000
ENSG00000279626.1	DUX4L28	unprocessed_pseudogene	0	0	0	0.0000	0.0000	0.0000
ENSG00000279628.1	AC131280.1	TEC	1	1	1	0.0093	0.0023	0.0025
ENSG00000279629.1	AC048380.3	TEC	0	0	0	0.0000	0.0000	0.0000
ENSG00000279630.1	AC190387.1	TEC	0	0	0	0.0000	0.0000	0.0000
ENSG00000279631.1	AL158211.5	TEC	49	25	24	1.1036	0.2737	0.2959
ENSG00000279632.1	AP003108.4	TEC	5	2	3	0.3229	0.0801	0.0866
ENSG00000279633.1	AL137918.1	TEC	5	4	1	0.1475	0.0366	0.0396
ENSG00000279635.1	AC091895.1	TEC	0	0	0	0.0000	0.0000	0.0000
ENSG00000279636.2	LINC00216	lncRNA	13	17	15	0.6547	0.1624	0.1756
ENSG00000279637.1	AC018445.3	TEC	1	1	0	0.0292	0.0072	0.0078
ENSG00000279638.1	AC008873.1	TEC	0	0	0	0.0000	0.0000	0.0000
ENSG00000279639.2	AC135068.6	unprocessed_pseudogene	0	0	0	0.0000	0.0000	0.0000
ENSG00000279640.1	AC138466.5	TEC	4	2	2	0.2807	0.0696	0.0753
ENSG00000279641.1	AC120057.3	TEC	14	2216	2056	0.4916	0.1219	0.1318
ENSG00000279642.1	AL023973.1	TEC	2	0	2	0.1829	0.0454	0.0491
ENSG00000279647.1	CU633904.2	unprocessed_pseudogene	0	0	0	0.0000	0.0000	0.0000
ENSG00000279648.1	AP000432.2	TEC	0	0	0	0.0000	0.0000	0.0000
ENSG00000279649.1	AC020978.9	TEC	30	112	115	0.6292	0.1560	0.1687
ENSG00000279650.1	AC073912.3	TEC	0	0	0	0.0000	0.0000	0.0000
ENSG00000279652.1	Z82217.1	lncRNA	18	7	11	0.1253	0.0311	0.0336
ENSG00000279653.1	AC004678.2	TEC	4	3	1	0.2264	0.0561	0.0607
ENSG00000279655.1	AC004009.3	TEC	0	0	0	0.0000	0.0000	0.0000
ENSG00000279656.1	AL132780.4	TEC	24	13	11	1.1992	0.2974	0.3215
ENSG00000279657.1	AL161901.1	TEC	0	0	0	0.0000	0.0000	0.0000
ENSG00000279658.1	AC110491.2	lncRNA	1	21	35	0.0878	0.0218	0.0235
ENSG00000279659.1	AL451064.2	TEC	10	4	6	0.3429	0.0850	0.0919
ENSG00000279660.1	AC005703.5	TEC	8	834	810	0.3414	0.0847	0.0915
ENSG00000279662.1	AC131649.2	TEC	255	127	128	3.2577	0.8079	0.8735
ENSG00000279663.2	AC104623.2	TEC	3	3	0	0.0425	0.0105	0.0114
ENSG00000279665.1	AC012100.3	TEC	0	0	0	0.0000	0.0000	0.0000
ENSG00000279666.1	AC116553.2	TEC	0	0	0	0.0000	0.0000	0.0000
ENSG00000279667.1	AL603839.4	TEC	2	1	1	0.1129	0.0280	0.0303
ENSG00000279668.3	AC024610.2	lncRNA	0	0	0	0.0000	0.0000	0.0000
ENSG00000279669.1	AC079801.1	lncRNA	0	0	0	0.0000	0.0000	0.0000
ENSG00000279670.1	AL359922.3	TEC	3	2	1	0.1019	0.0253	0.0273
ENSG00000279671.1	AC106754.2	TEC	0	0	0	0.0000	0.0000	0.0000
ENSG00000279672.1	AP006621.5	TEC	224	120	104	11.1528	2.7658	2.9904
ENSG00000279673.1	AC092919.2	TEC	23	10	13	0.7929	0.1966	0.2126
ENSG00000279674.1	AC123769.1	TEC	0	0	0	0.0000	0.0000	0.0000
ENSG00000279675.1	AC080100.1	TEC	58	29	29	0.6141	0.1523	0.1647
ENSG00000279676.1	AC011483.3	TEC	0	0	0	0.0000	0.0000	0.0000
ENSG00000279677.1	AL162377.2	TEC	1	1	0	0.1683	0.0417	0.0451
ENSG00000279678.1	AC090386.2	TEC	0	0	0	0.0000	0.0000	0.0000
ENSG00000279679.1	AC091925.2	TEC	0	0	0	0.0000	0.0000	0.0000
ENSG00000279681.1	AC092135.2	TEC	0	0	0	0.0000	0.0000	0.0000
ENSG00000279682.1	AC120338.1	TEC	0	0	0	0.0000	0.0000	0.0000
ENSG00000279683.1	AC090517.3	TEC	0	1	1	0.0000	0.0000	0.0000
ENSG00000279684.1	AP003969.2	TEC	0	0	0	0.0000	0.0000	0.0000
ENSG00000279685.2	MAPT-IT1	lncRNA	0	0	0	0.0000	0.0000	0.0000
ENSG00000279686.1	AC142391.1	protein_coding	0	0	0	0.0000	0.0000	0.0000
ENSG00000279687.1	FP565260.5	lncRNA	0	0	0	0.0000	0.0000	0.0000
ENSG00000279688.1	AQP7P3	unprocessed_pseudogene	0	0	0	0.0000	0.0000	0.0000
ENSG00000279689.1	AC022400.7	TEC	6	2669	2628	0.0945	0.0234	0.0254
ENSG00000279690.1	AP000280.2	TEC	0	0	0	0.0000	0.0000	0.0000
ENSG00000279691.1	AC113410.3	TEC	4	3	1	1.1174	0.2771	0.2996
ENSG00000279692.1	AC110285.6	TEC	6	3	5	0.2215	0.0549	0.0594
ENSG00000279693.1	AC099521.2	TEC	13	7	6	0.2509	0.0622	0.0673
ENSG00000279694.1	AC011270.2	TEC	0	3	1	0.0000	0.0000	0.0000
ENSG00000279695.1	AL359757.2	TEC	0	0	0	0.0000	0.0000	0.0000
ENSG00000279696.1	AP001273.1	TEC	74	242	224	1.3314	0.3302	0.3570
ENSG00000279697.1	AP003400.5	TEC	0	0	0	0.0000	0.0000	0.0000
ENSG00000279698.1	AC027335.2	TEC	0	0	0	0.0000	0.0000	0.0000
ENSG00000279699.1	AC004264.2	TEC	30	16	14	0.9794	0.2429	0.2626
ENSG00000279700.1	AC131212.2	TEC	26	14	12	1.0882	0.2699	0.2918
ENSG00000279701.1	AP003497.2	TEC	0	0	0	0.0000	0.0000	0.0000
ENSG00000279702.1	AL356266.1	TEC	0	0	0	0.0000	0.0000	0.0000
ENSG00000279703.1	AC017037.3	TEC	0	0	0	0.0000	0.0000	0.0000
ENSG00000279704.1	AC148477.8	TEC	0	0	0	0.0000	0.0000	0.0000
ENSG00000279705.1	AC092701.1	TEC	0	0	0	0.0000	0.0000	0.0000
ENSG00000279706.1	AL353608.4	TEC	0	0	0	0.0000	0.0000	0.0000
ENSG00000279707.1	AC120349.3	TEC	1	0	1	0.1072	0.0266	0.0287
ENSG00000279708.1	AC133637.1	TEC	1	0	1	0.0369	0.0091	0.0099
ENSG00000279709.1	CU633906.3	unprocessed_pseudogene	0	0	0	0.0000	0.0000	0.0000
ENSG00000279711.1	AP004782.1	TEC	4	2	2	0.0661	0.0164	0.0177
ENSG00000279712.1	FP325330.3	lncRNA	23	15	8	0.1368	0.0339	0.0367
ENSG00000279713.1	AC080038.3	TEC	12	1434	1447	0.3486	0.0865	0.0935
ENSG00000279714.1	Z95114.2	lncRNA	0	0	0	0.0000	0.0000	0.0000
ENSG00000279715.1	AL161912.4	TEC	0	0	0	0.0000	0.0000	0.0000
ENSG00000279716.1	AC006128.1	TEC	27	436	410	0.9218	0.2286	0.2472
ENSG00000279717.1	AC005336.3	TEC	1	0	1	0.0212	0.0052	0.0057
ENSG00000279718.1	SNX18P12	processed_pseudogene	0	0	0	0.0000	0.0000	0.0000
ENSG00000279719.1	AC015871.5	TEC	0	0	0	0.0000	0.0000	0.0000
ENSG00000279720.1	SOWAHCP2	processed_pseudogene	19	11	8	2.1507	0.5333	0.5767
ENSG00000279721.1	AC018737.2	TEC	1	1	0	0.0375	0.0093	0.0101
ENSG00000279722.1	AC007342.7	TEC	108	52	56	2.6207	0.6499	0.7027
ENSG00000279724.1	AC005086.3	pseudogene	2	0	2	0.4975	0.1234	0.1334
ENSG00000279725.1	AL391005.1	TEC	0	0	0	0.0000	0.0000	0.0000
ENSG00000279726.2	AC005609.5	lncRNA	2	41	24	0.0225	0.0056	0.0060
ENSG00000279727.1	LINC02033	lncRNA	15	9	6	0.6329	0.1570	0.1697
ENSG00000279728.1	CU638689.2	unprocessed_pseudogene	0	0	0	0.0000	0.0000	0.0000
ENSG00000279729.1	AC092326.1	TEC	0	0	0	0.0000	0.0000	0.0000
ENSG00000279730.2	KMT5AP1	processed_pseudogene	2	1	1	0.0961	0.0238	0.0258
ENSG00000279732.1	AC027279.3	TEC	0	0	0	0.0000	0.0000	0.0000
ENSG00000279733.1	AP001642.1	TEC	0	0	0	0.0000	0.0000	0.0000
ENSG00000279734.1	AC090506.2	TEC	0	0	0	0.0000	0.0000	0.0000
ENSG00000279735.2	AC124312.4	TEC	2	1	1	0.2713	0.0673	0.0728
ENSG00000279737.1	AC112204.3	TEC	0	0	0	0.0000	0.0000	0.0000
ENSG00000279738.1	AL022311.1	lncRNA	91	47	45	0.2658	0.0659	0.0713
ENSG00000279739.1	AC011369.2	TEC	0	0	0	0.0000	0.0000	0.0000
ENSG00000279741.1	AC007342.8	TEC	20	9	11	1.6729	0.4149	0.4485
ENSG00000279742.1	AP000974.1	TEC	35	19	16	0.8315	0.2062	0.2230
ENSG00000279743.1	AC002090.1	TEC	0	0	0	0.0000	0.0000	0.0000
ENSG00000279744.1	AC132938.5	TEC	30	17	14	1.0280	0.2549	0.2756
ENSG00000279746.1	AC092850.1	TEC	0	0	0	0.0000	0.0000	0.0000
ENSG00000279747.1	AC130456.6	TEC	0	8	14	0.0000	0.0000	0.0000
ENSG00000279748.1	AC008764.9	TEC	8	9	7	0.1811	0.0449	0.0486
ENSG00000279749.1	AC093875.1	TEC	0	0	0	0.0000	0.0000	0.0000
ENSG00000279750.3	AC239585.2	lncRNA	0	0	0	0.0000	0.0000	0.0000
ENSG00000279751.1	FP475955.2	lncRNA	0	0	0	0.0000	0.0000	0.0000
ENSG00000279752.1	AC011389.2	TEC	0	0	0	0.0000	0.0000	0.0000
ENSG00000279753.1	AC011558.1	TEC	0	1327	1271	0.0000	0.0000	0.0000
ENSG00000279754.1	AL162376.1	TEC	0	0	0	0.0000	0.0000	0.0000
ENSG00000279755.1	AC091905.3	TEC	0	0	0	0.0000	0.0000	0.0000
ENSG00000279756.1	AC012317.2	TEC	0	0	0	0.0000	0.0000	0.0000
ENSG00000279757.1	AC132068.1	TEC	0	0	0	0.0000	0.0000	0.0000
ENSG00000279758.1	AC105339.5	TEC	8	13	24	0.6156	0.1527	0.1651
ENSG00000279759.1	AC118344.2	TEC	125	67	59	1.4877	0.3689	0.3989
ENSG00000279761.2	OR5D13	protein_coding	0	0	0	0.0000	0.0000	0.0000
ENSG00000279762.3	AC005899.8	lncRNA	11	252	297	0.1809	0.0449	0.0485
ENSG00000279764.1	AC009102.3	TEC	0	0	0	0.0000	0.0000	0.0000
ENSG00000279765.3	AC013394.1	protein_coding	19	10	9	0.2276	0.0564	0.0610
ENSG00000279766.1	AC067931.1	TEC	3	1	2	0.2535	0.0629	0.0680
ENSG00000279769.1	CU639417.2	TEC	0	0	0	0.0000	0.0000	0.0000
ENSG00000279770.1	LINC00552	TEC	2	1	1	0.0440	0.0109	0.0118
ENSG00000279771.1	AP000997.4	TEC	0	0	0	0.0000	0.0000	0.0000
ENSG00000279772.1	AC026422.1	TEC	0	0	0	0.0000	0.0000	0.0000
ENSG00000279773.1	AL050303.3	TEC	0	0	0	0.0000	0.0000	0.0000
ENSG00000279774.1	AL590483.3	TEC	0	0	0	0.0000	0.0000	0.0000
ENSG00000279775.1	AC004585.2	TEC	1	1	0	0.0385	0.0095	0.0103
ENSG00000279778.1	AL445437.1	TEC	32	12	20	0.5879	0.1458	0.1576
ENSG00000279779.1	AC009039.2	TEC	0	0	0	0.0000	0.0000	0.0000
ENSG00000279780.1	AC138907.9	TEC	0	0	0	0.0000	0.0000	0.0000
ENSG00000279781.1	AC079336.6	TEC	5	0	5	0.4626	0.1147	0.1240
ENSG00000279782.2	PPIAL4F	protein_coding	0	3	2	0.0000	0.0000	0.0000
ENSG00000279783.1	AC018692.2	processed_pseudogene	0	0	0	0.0000	0.0000	0.0000
ENSG00000279784.1	FP236315.3	lncRNA	0	0	2	0.0000	0.0000	0.0000
ENSG00000279785.1	AC008267.7	TEC	0	0	0	0.0000	0.0000	0.0000
ENSG00000279786.1	AC105235.1	TEC	22	10	12	0.6870	0.1704	0.1842
ENSG00000279788.1	CU638689.3	unprocessed_pseudogene	0	0	0	0.0000	0.0000	0.0000
ENSG00000279789.1	AC120114.3	TEC	117	53	64	3.0242	0.7500	0.8109
ENSG00000279790.1	AL590552.1	TEC	0	0	0	0.0000	0.0000	0.0000
ENSG00000279791.1	AC018892.3	TEC	11	5	6	0.2496	0.0619	0.0669
ENSG00000279792.1	AC015909.5	TEC	5	9	1	0.1251	0.0310	0.0336
ENSG00000279793.1	AP000676.3	TEC	0	0	0	0.0000	0.0000	0.0000
ENSG00000279794.1	AC024580.1	TEC	33	16	17	2.7766	0.6886	0.7445
ENSG00000279795.1	AC138907.10	TEC	0	0	0	0.0000	0.0000	0.0000
ENSG00000279796.1	AL133384.2	TEC	0	0	0	0.0000	0.0000	0.0000
ENSG00000279797.1	LINC02339	lncRNA	0	0	0	0.0000	0.0000	0.0000
ENSG00000279798.1	AC018659.8	TEC	4	0	4	0.3173	0.0787	0.0851
ENSG00000279799.1	AC006077.2	TEC	20	9	11	2.4818	0.6155	0.6655
ENSG00000279800.2	BCLAF1P2	processed_pseudogene	7	5	2	0.1522	0.0377	0.0408
ENSG00000279801.1	AC111170.3	TEC	16	8	8	0.3682	0.0913	0.0987
ENSG00000279803.1	AC009090.5	TEC	6	9	9	0.1489	0.0369	0.0399
ENSG00000279804.2	PRAMEF18	protein_coding	0	0	0	0.0000	0.0000	0.0000
ENSG00000279805.1	Z95114.3	TEC	30	14	16	0.8856	0.2196	0.2375
ENSG00000279806.1	AC018629.1	TEC	170	98	72	5.5534	1.3772	1.4891
ENSG00000279807.1	AC011472.5	TEC	6	31	18	0.6698	0.1661	0.1796
ENSG00000279809.1	AC005538.2	TEC	0	0	0	0.0000	0.0000	0.0000
ENSG00000279810.1	AL109924.3	TEC	13	5	8	1.1003	0.2729	0.2950
ENSG00000279811.1	AC093330.2	TEC	5	3	2	0.0709	0.0176	0.0190
ENSG00000279812.1	AC120057.4	TEC	6	0	6	2.2095	0.5479	0.5924
ENSG00000279813.1	CR392000.1	TEC	0	0	0	0.0000	0.0000	0.0000
ENSG00000279814.1	AC010997.6	TEC	0	0	0	0.0000	0.0000	0.0000
ENSG00000279815.1	AC020763.5	TEC	0	0	0	0.0000	0.0000	0.0000
ENSG00000279817.1	AC073911.2	TEC	4	2	2	0.3595	0.0892	0.0964
ENSG00000279818.1	AP002991.1	TEC	0	0	0	0.0000	0.0000	0.0000
ENSG00000279819.1	AL390318.1	TEC	0	0	0	0.0000	0.0000	0.0000
ENSG00000279821.1	AC145098.2	TEC	31	16	15	0.5810	0.1441	0.1558
ENSG00000279822.1	AC016397.2	TEC	8	5	3	0.2286	0.0567	0.0613
ENSG00000279825.1	AC003957.1	TEC	3	2	1	0.0636	0.0158	0.0171
ENSG00000279827.1	AC136469.2	TEC	0	301	309	0.0000	0.0000	0.0000
ENSG00000279829.1	AC015959.1	TEC	0	0	0	0.0000	0.0000	0.0000
ENSG00000279833.1	AL031846.2	lncRNA	90	381	408	1.3903	0.3448	0.3728
ENSG00000279834.1	AC068870.3	TEC	1	0	1	0.0224	0.0055	0.0060
ENSG00000279835.1	AL121785.1	TEC	0	0	0	0.0000	0.0000	0.0000
ENSG00000279836.1	AP002967.1	TEC	0	0	0	0.0000	0.0000	0.0000
ENSG00000279837.1	AC112694.2	TEC	24	10	14	1.7722	0.4395	0.4752
ENSG00000279838.1	AL356273.3	TEC	46	26	20	1.3115	0.3252	0.3517
ENSG00000279839.1	AL512383.1	TEC	0	0	0	0.0000	0.0000	0.0000
ENSG00000279840.1	AC004801.7	TEC	0	0	0	0.0000	0.0000	0.0000
ENSG00000279841.1	AC092135.3	TEC	2	1	1	0.0614	0.0152	0.0165
ENSG00000279842.1	AC007603.2	TEC	0	0	0	0.0000	0.0000	0.0000
ENSG00000279844.1	AC096656.1	TEC	0	0	0	0.0000	0.0000	0.0000
ENSG00000279845.1	AC097372.2	TEC	8	3	5	0.9736	0.2414	0.2610
ENSG00000279846.1	AC015660.4	TEC	2	0	2	0.2011	0.0499	0.0539
ENSG00000279847.3	C8orf87	lncRNA	0	0	0	0.0000	0.0000	0.0000
ENSG00000279848.1	AL008638.4	lncRNA	0	0	0	0.0000	0.0000	0.0000
ENSG00000279851.2	CR382287.1	lncRNA	0	0	0	0.0000	0.0000	0.0000
ENSG00000279852.1	AC083964.2	TEC	2	2	0	0.0473	0.0117	0.0127
ENSG00000279853.1	AC004453.2	TEC	7	4	4	0.1844	0.0457	0.0494
ENSG00000279855.1	AC005618.2	lncRNA	0	1	1	0.0000	0.0000	0.0000
ENSG00000279856.1	AC106733.1	TEC	0	0	0	0.0000	0.0000	0.0000
ENSG00000279858.1	AC068880.4	TEC	0	0	0	0.0000	0.0000	0.0000
ENSG00000279859.2	AC093323.2	TEC	2	0	2	0.1162	0.0288	0.0312
ENSG00000279860.1	AC008568.2	TEC	1	1	0	0.0245	0.0061	0.0066
ENSG00000279861.1	AC073548.1	TEC	61	33	28	1.8381	0.4558	0.4929
ENSG00000279862.1	AC092964.1	TEC	7	3	4	0.2838	0.0704	0.0761
ENSG00000279863.1	AC069547.1	TEC	57	28	29	2.0381	0.5054	0.5465
ENSG00000279864.2	NCOR1P4	transcribed_processed_pseudogene	6	2	4	0.3667	0.0909	0.0983
ENSG00000279865.1	AC006511.3	TEC	56	36	32	1.7811	0.4417	0.4776
ENSG00000279869.1	AC022418.1	TEC	0	0	0	0.0000	0.0000	0.0000
ENSG00000279872.1	AC006435.4	TEC	0	0	0	0.0000	0.0000	0.0000
ENSG00000279873.2	LINC01126	lncRNA	22	10	12	0.7580	0.1880	0.2032
ENSG00000279874.1	AC064859.1	TEC	0	0	0	0.0000	0.0000	0.0000
ENSG00000279875.1	AC074029.4	TEC	1	1	0	0.0305	0.0076	0.0082
ENSG00000279876.1	AC079248.2	TEC	0	0	0	0.0000	0.0000	0.0000
ENSG00000279878.1	AP003108.5	TEC	19	9	10	1.2039	0.2986	0.3228
ENSG00000279879.1	AC091152.4	TEC	18	8	10	0.2931	0.0727	0.0786
ENSG00000279880.1	AC134407.3	TEC	16	8	8	0.4242	0.1052	0.1137
ENSG00000279881.1	AC041040.1	TEC	31	16	16	0.6064	0.1504	0.1626
ENSG00000279882.1	AC112702.1	TEC	0	0	0	0.0000	0.0000	0.0000
ENSG00000279883.1	AC010480.1	TEC	1	0	1	0.0829	0.0206	0.0222
ENSG00000279884.1	AC010894.4	TEC	0	0	0	0.0000	0.0000	0.0000
ENSG00000279885.1	AP005060.1	TEC	0	0	0	0.0000	0.0000	0.0000
ENSG00000279886.1	AC087645.3	TEC	0	0	0	0.0000	0.0000	0.0000
ENSG00000279887.1	AC046158.4	TEC	0	0	0	0.0000	0.0000	0.0000
ENSG00000279889.1	AC012183.1	TEC	0	0	0	0.0000	0.0000	0.0000
ENSG00000279891.1	FLJ42393	TEC	3	3	0	0.0749	0.0186	0.0201
ENSG00000279894.1	Z73965.1	TEC	47	22	25	1.1604	0.2878	0.3111
ENSG00000279895.1	CU633904.3	unprocessed_pseudogene	0	0	0	0.0000	0.0000	0.0000
ENSG00000279897.2	BIRC6-AS2	transcribed_unprocessed_pseudogene	7	4	3	0.3724	0.0923	0.0999
ENSG00000279900.1	AP001767.3	TEC	49	23	26	6.1478	1.5246	1.6484
ENSG00000279901.1	AC092117.2	TEC	2	2	0	0.0684	0.0170	0.0183
ENSG00000279903.1	SLC7A2-IT1	TEC	0	0	0	0.0000	0.0000	0.0000
ENSG00000279904.1	AC068057.2	TEC	0	0	0	0.0000	0.0000	0.0000
ENSG00000279905.1	AC063926.3	TEC	0	1	2	0.0000	0.0000	0.0000
ENSG00000279907.1	AC018695.7	TEC	1	0	1	0.0228	0.0056	0.0061
ENSG00000279908.1	AC026748.3	TEC	13	8	5	0.2268	0.0562	0.0608
ENSG00000279910.1	AL731532.1	TEC	0	0	0	0.0000	0.0000	0.0000
ENSG00000279912.1	AC068448.1	TEC	0	0	0	0.0000	0.0000	0.0000
ENSG00000279913.1	AP001962.1	TEC	0	0	0	0.0000	0.0000	0.0000
ENSG00000279914.1	AL008638.5	lncRNA	0	0	0	0.0000	0.0000	0.0000
ENSG00000279917.1	AC079331.2	TEC	2	1	1	0.0445	0.0110	0.0119
ENSG00000279918.1	AC006840.1	TEC	0	0	0	0.0000	0.0000	0.0000
ENSG00000279919.1	AC068880.5	TEC	0	0	0	0.0000	0.0000	0.0000
ENSG00000279920.2	LINC01651	lncRNA	0	0	0	0.0000	0.0000	0.0000
ENSG00000279923.1	AC022417.1	TEC	38	18	20	1.6539	0.4101	0.4435
ENSG00000279924.1	AL356585.4	unprocessed_pseudogene	29	14	15	1.3382	0.3318	0.3588
ENSG00000279925.1	AC144522.1	TEC	0	0	0	0.0000	0.0000	0.0000
ENSG00000279926.1	AL138831.3	TEC	47	30	17	1.8281	0.4534	0.4902
ENSG00000279927.1	Z95114.4	lncRNA	4	1	3	0.0634	0.0157	0.0170
ENSG00000279928.2	FO538757.1	unprocessed_pseudogene	3	1	2	0.2985	0.0740	0.0800
ENSG00000279929.1	AL354796.1	TEC	1	1	0	0.0291	0.0072	0.0078
ENSG00000279930.1	AL032819.2	TEC	16	20	19	0.4197	0.1041	0.1125
ENSG00000279931.1	AC073593.1	TEC	0	0	0	0.0000	0.0000	0.0000
ENSG00000279932.1	AP006248.3	lncRNA	0	0	0	0.0000	0.0000	0.0000
ENSG00000279933.1	AL031595.1	TEC	1	110	94	0.0120	0.0030	0.0032
ENSG00000279935.1	AL353611.2	TEC	0	0	0	0.0000	0.0000	0.0000
ENSG00000279936.1	AC008806.1	TEC	1	0	1	0.0232	0.0058	0.0062
ENSG00000279939.1	AC025034.2	TEC	0	3	7	0.0000	0.0000	0.0000
ENSG00000279940.1	AC073862.3	TEC	0	0	0	0.0000	0.0000	0.0000
ENSG00000279942.1	AL353597.3	TEC	0	0	0	0.0000	0.0000	0.0000
ENSG00000279943.1	FLJ38576	TEC	18	10	10	0.4151	0.1029	0.1113
ENSG00000279945.1	AC013489.3	TEC	0	344	354	0.0000	0.0000	0.0000
ENSG00000279946.1	AC244034.3	TEC	0	0	0	0.0000	0.0000	0.0000
ENSG00000279948.1	AC008895.1	TEC	58	29	29	1.2545	0.3111	0.3364
ENSG00000279949.1	AC022784.6	lncRNA	0	0	0	0.0000	0.0000	0.0000
ENSG00000279951.1	AL138688.2	TEC	0	0	0	0.0000	0.0000	0.0000
ENSG00000279952.1	AC068787.1	TEC	0	0	0	0.0000	0.0000	0.0000
ENSG00000279953.1	AC117503.3	TEC	14	10	6	0.5599	0.1388	0.1501
ENSG00000279954.1	BX324167.2	lncRNA	16	119	123	0.2736	0.0679	0.0734
ENSG00000279955.3	AC129778.1	transcribed_unprocessed_pseudogene	0	0	0	0.0000	0.0000	0.0000
ENSG00000279956.1	AC073082.1	protein_coding	0	7	7	0.0000	0.0000	0.0000
ENSG00000279957.1	AC110769.3	TEC	0	0	0	0.0000	0.0000	0.0000
ENSG00000279958.1	AC019278.1	TEC	0	0	0	0.0000	0.0000	0.0000
ENSG00000279959.1	AC024580.2	TEC	0	0	0	0.0000	0.0000	0.0000
ENSG00000279960.1	AL137783.1	TEC	0	0	0	0.0000	0.0000	0.0000
ENSG00000279961.2	OR5R1	protein_coding	0	0	0	0.0000	0.0000	0.0000
ENSG00000279962.1	AP001525.1	TEC	0	0	0	0.0000	0.0000	0.0000
ENSG00000279964.1	AC009949.1	TEC	2	0	2	0.0620	0.0154	0.0166
ENSG00000279965.1	AL390755.2	TEC	3	0	3	0.0839	0.0208	0.0225
ENSG00000279966.2	AC008626.2	unprocessed_pseudogene	0	0	0	0.0000	0.0000	0.0000
ENSG00000279967.1	FP671120.5	TEC	0	0	0	0.0000	0.0000	0.0000
ENSG00000279968.3	CCDC28A-AS1	lncRNA	18	10	8	0.3411	0.0846	0.0914
ENSG00000279970.1	AC023024.2	TEC	157	69	88	4.4674	1.1079	1.1979
ENSG00000279971.1	AC020910.7	TEC	4	3	1	0.1555	0.0386	0.0417
ENSG00000279972.1	AL356596.1	TEC	0	0	0	0.0000	0.0000	0.0000
ENSG00000279973.2	CU104787.1	lncRNA	0	0	0	0.0000	0.0000	0.0000
ENSG00000279976.1	AC073862.4	TEC	0	0	0	0.0000	0.0000	0.0000
ENSG00000279977.1	AC008764.10	TEC	2	1	1	0.0620	0.0154	0.0166
ENSG00000279979.1	AC012629.4	TEC	1	1	0	0.2190	0.0543	0.0587
ENSG00000279980.1	GABARAPL3	TEC	1	0	1	0.0306	0.0076	0.0082
ENSG00000279981.1	AC018445.4	TEC	6	4	2	0.1485	0.0368	0.0398
ENSG00000279982.1	AL162274.3	TEC	13	6	7	0.2371	0.0588	0.0636
ENSG00000279983.1	AC244517.10	protein_coding	0	0	0	0.0000	0.0000	0.0000
ENSG00000279985.1	AC008498.2	TEC	5	4	1	0.1221	0.0303	0.0327
ENSG00000279987.1	AC008103.1	lncRNA	0	0	0	0.0000	0.0000	0.0000
ENSG00000279989.1	AC011815.3	TEC	22	12	10	2.6377	0.6541	0.7072
ENSG00000279990.1	RPSAP68	processed_pseudogene	1	0	1	0.1295	0.0321	0.0347
ENSG00000279991.1	AC009044.1	TEC	0	0	0	0.0000	0.0000	0.0000
ENSG00000279993.1	AC078925.3	TEC	0	0	0	0.0000	0.0000	0.0000
ENSG00000279994.1	AC017037.4	TEC	0	0	0	0.0000	0.0000	0.0000
ENSG00000279995.1	AC139792.3	TEC	0	0	0	0.0000	0.0000	0.0000
ENSG00000279996.1	AC004491.1	TEC	0	0	0	0.0000	0.0000	0.0000
ENSG00000279997.1	AC133485.6	TEC	0	0	0	0.0000	0.0000	0.0000
ENSG00000279998.1	FP475955.3	lncRNA	0	0	0	0.0000	0.0000	0.0000
ENSG00000280000.1	AC009135.2	TEC	0	0	0	0.0000	0.0000	0.0000
ENSG00000280002.1	AC078925.4	TEC	1	0	1	0.0330	0.0082	0.0089
ENSG00000280003.1	AC097637.2	TEC	1	1	0	0.0284	0.0070	0.0076
ENSG00000280004.1	AC005086.4	pseudogene	0	0	0	0.0000	0.0000	0.0000
ENSG00000280005.1	AC079298.2	lncRNA	1	0	1	0.1236	0.0306	0.0331
ENSG00000280007.1	AC008079.1	lncRNA	57	81	81	0.1585	0.0393	0.0425
ENSG00000280009.1	AC020923.1	TEC	1	0	1	0.0618	0.0153	0.0166
ENSG00000280010.1	AP001350.2	TEC	30	17	13	1.5551	0.3857	0.4170
ENSG00000280011.1	AL031595.2	lncRNA	25	13	12	0.0743	0.0184	0.0199
ENSG00000280012.2	RPL23AP61	processed_pseudogene	1	1	0	0.1217	0.0302	0.0326
ENSG00000280013.1	CU639417.3	processed_pseudogene	0	0	0	0.0000	0.0000	0.0000
ENSG00000280014.1	AC243960.10	TEC	0	0	0	0.0000	0.0000	0.0000
ENSG00000280015.1	AC024023.1	TEC	0	0	0	0.0000	0.0000	0.0000
ENSG00000280016.1	AC091905.4	TEC	1	1	0	0.2807	0.0696	0.0753
ENSG00000280017.1	AC112200.2	TEC	0	0	0	0.0000	0.0000	0.0000
ENSG00000280018.4	CU634019.5	lncRNA	1	1	0	0.0317	0.0079	0.0085
ENSG00000280019.1	CU633906.4	unprocessed_pseudogene	0	0	0	0.0000	0.0000	0.0000
ENSG00000280020.1	AC116407.3	TEC	6	4	2	0.3014	0.0747	0.0808
ENSG00000280021.1	OR51F1	protein_coding	0	0	0	0.0000	0.0000	0.0000
ENSG00000280022.1	AC126544.1	TEC	22	13	9	1.6657	0.4131	0.4466
ENSG00000280023.1	AD000813.1	TEC	2	2	0	0.1363	0.0338	0.0366
ENSG00000280024.1	AC048347.1	TEC	0	0	0	0.0000	0.0000	0.0000
ENSG00000280025.1	AL008638.6	lncRNA	0	0	0	0.0000	0.0000	0.0000
ENSG00000280026.1	AC005618.3	lncRNA	0	15	10	0.0000	0.0000	0.0000
ENSG00000280027.1	AC007342.9	TEC	66	34	32	2.7024	0.6702	0.7246
ENSG00000280028.1	AC007431.3	TEC	4	2	2	0.3864	0.0958	0.1036
ENSG00000280029.4	AC244517.11	lncRNA	1	27	31	0.0371	0.0092	0.0100
ENSG00000280032.1	AP002800.1	TEC	5	0	5	0.1274	0.0316	0.0342
ENSG00000280033.1	AC116407.4	TEC	22	9	13	1.1759	0.2916	0.3153
ENSG00000280035.1	AC011676.5	TEC	3	1	2	0.0640	0.0159	0.0171
ENSG00000280036.1	AC020661.4	lncRNA	1	1	1	0.0306	0.0076	0.0082
ENSG00000280037.1	AC092653.2	TEC	3	1	2	0.3316	0.0822	0.0889
ENSG00000280038.1	DNM1P41	TEC	2	1	1	0.0339	0.0084	0.0091
ENSG00000280039.1	RN7SKP23	TEC	28	157	160	0.3692	0.0916	0.0990
ENSG00000280040.1	AC095031.1	TEC	5	2	3	0.4219	0.1046	0.1131
ENSG00000280042.1	AC022336.3	TEC	13	8	5	0.3712	0.0921	0.0995
ENSG00000280043.1	AC118282.4	TEC	0	0	0	0.0000	0.0000	0.0000
ENSG00000280044.1	AC099506.2	TEC	0	0	0	0.0000	0.0000	0.0000
ENSG00000280046.1	AC104581.4	TEC	53	32	24	0.4209	0.1044	0.1129
ENSG00000280047.1	AC091825.3	TEC	136	70	66	2.9426	0.7297	0.7890
ENSG00000280048.1	AC012409.5	TEC	0	0	0	0.0000	0.0000	0.0000
ENSG00000280049.1	AC079597.1	TEC	0	0	0	0.0000	0.0000	0.0000
ENSG00000280051.1	AC079456.1	TEC	0	0	0	0.0000	0.0000	0.0000
ENSG00000280053.1	AC011199.1	TEC	0	0	0	0.0000	0.0000	0.0000
ENSG00000280054.1	AC004241.5	TEC	8	11	8	0.1853	0.0460	0.0497
ENSG00000280055.2	TMEM75	lncRNA	19	9	10	0.4977	0.1234	0.1334
ENSG00000280056.1	AC097520.1	TEC	0	0	0	0.0000	0.0000	0.0000
ENSG00000280057.1	AL022069.2	TEC	5	1	4	0.1589	0.0394	0.0426
ENSG00000280058.1	AL117378.2	TEC	0	0	0	0.0000	0.0000	0.0000
ENSG00000280059.1	AC093831.2	TEC	0	0	0	0.0000	0.0000	0.0000
ENSG00000280060.1	AL512506.2	TEC	2	1	1	0.2476	0.0614	0.0664
ENSG00000280061.1	AC011504.1	TEC	0	0	0	0.0000	0.0000	0.0000
ENSG00000280062.1	AL031719.1	TEC	8	5	4	0.1754	0.0435	0.0470
ENSG00000280063.1	AC012676.5	TEC	72	35	37	2.0886	0.5179	0.5600
ENSG00000280064.1	AC130304.1	TEC	0	2940	3056	0.0000	0.0000	0.0000
ENSG00000280067.1	AC023818.1	TEC	46	19	27	1.1322	0.2808	0.3036
ENSG00000280068.1	AC138965.2	TEC	21	14	7	2.3914	0.5930	0.6412
ENSG00000280069.1	AC127024.8	TEC	14	11	3	0.3791	0.0940	0.1017
ENSG00000280070.1	AL049833.3	TEC	3	2	1	0.0455	0.0113	0.0122
ENSG00000280071.4	GATD3B	protein_coding	26	13	13	0.4766	0.1182	0.1278
ENSG00000280073.1	AL157996.1	TEC	20	10	10	0.4933	0.1223	0.1323
ENSG00000280077.1	AL353763.2	TEC	130	65	65	3.8740	0.9607	1.0388
ENSG00000280078.1	AC016526.3	TEC	2	1	2	0.0289	0.0072	0.0077
ENSG00000280079.1	AC011447.7	TEC	164	112	105	5.8493	1.4506	1.5684
ENSG00000280080.2	TBC1D22A-AS1	lncRNA	4	3	1	0.1163	0.0288	0.0312
ENSG00000280081.4	LINC01667	transcribed_processed_pseudogene	12	5	7	0.1632	0.0405	0.0438
ENSG00000280082.1	AF246928.1	TEC	0	0	0	0.0000	0.0000	0.0000
ENSG00000280083.1	AC079777.1	TEC	5	1	4	0.1452	0.0360	0.0389
ENSG00000280085.1	AP001002.3	TEC	0	0	0	0.0000	0.0000	0.0000
ENSG00000280086.1	AC026887.1	TEC	0	0	0	0.0000	0.0000	0.0000
ENSG00000280087.1	AC011481.3	TEC	13	6	7	0.1318	0.0327	0.0353
ENSG00000280088.1	AC126474.2	TEC	680	332	348	22.0359	5.4647	5.9086
ENSG00000280089.1	AP000590.1	TEC	0	0	0	0.0000	0.0000	0.0000
ENSG00000280090.2	OR8B4	protein_coding	0	0	0	0.0000	0.0000	0.0000
ENSG00000280091.1	AC020895.2	TEC	0	5	4	0.0000	0.0000	0.0000
ENSG00000280092.1	AC002044.3	TEC	5	2	3	0.5241	0.1300	0.1405
ENSG00000280093.1	AP002791.1	TEC	0	0	0	0.0000	0.0000	0.0000
ENSG00000280094.2	OR1B1	protein_coding	0	0	0	0.0000	0.0000	0.0000
ENSG00000280095.1	CU639417.4	lncRNA	0	0	0	0.0000	0.0000	0.0000
ENSG00000280096.1	AC015967.2	TEC	0	0	0	0.0000	0.0000	0.0000
ENSG00000280097.1	AC073592.8	TEC	2	0	2	0.2220	0.0550	0.0595
ENSG00000280098.1	AC011155.1	TEC	0	0	0	0.0000	0.0000	0.0000
ENSG00000280099.1	AL603750.1	TEC	639	337	302	21.1052	5.2339	5.6590
ENSG00000280103.1	AC007792.1	TEC	4	3	1	0.5643	0.1399	0.1513
ENSG00000280104.1	AC010608.3	TEC	12	8	4	1.2913	0.3202	0.3462
ENSG00000280105.1	AC009487.3	TEC	0	0	0	0.0000	0.0000	0.0000
ENSG00000280106.1	AC008555.6	TEC	174	77	97	4.5514	1.1287	1.2204
ENSG00000280107.1	AL022393.1	TEC	12	6	6	0.4058	0.1006	0.1088
ENSG00000280108.2	AJ239318.1	lncRNA	0	0	0	0.0000	0.0000	0.0000
ENSG00000280109.3	PLAC4	lncRNA	6	2	4	0.0322	0.0080	0.0086
ENSG00000280110.1	AC087893.3	TEC	0	4	10	0.0000	0.0000	0.0000
ENSG00000280113.2	AL357140.3	TEC	0	0	0	0.0000	0.0000	0.0000
ENSG00000280114.1	AL021920.2	unprocessed_pseudogene	2	1	1	0.0840	0.0208	0.0225
ENSG00000280115.1	AC136603.1	TEC	0	0	0	0.0000	0.0000	0.0000
ENSG00000280116.2	AC231657.2	unprocessed_pseudogene	1	0	1	0.2224	0.0552	0.0596
ENSG00000280117.1	AC122688.4	TEC	1	1	0	0.0129	0.0032	0.0035
ENSG00000280118.3	AC090983.1	lncRNA	0	0	0	0.0000	0.0000	0.0000
ENSG00000280119.1	AC093642.3	TEC	268	131	137	3.1630	0.7844	0.8481
ENSG00000280120.1	AC073857.1	TEC	126	68	58	6.7794	1.6812	1.8178
ENSG00000280121.1	AC010335.3	TEC	0	1	0	0.0000	0.0000	0.0000
ENSG00000280122.1	AC016168.3	TEC	0	0	0	0.0000	0.0000	0.0000
ENSG00000280124.1	AP003485.2	TEC	0	0	0	0.0000	0.0000	0.0000
ENSG00000280125.1	AC005252.2	TEC	0	0	0	0.0000	0.0000	0.0000
ENSG00000280126.2	AC069542.2	pseudogene	0	0	0	0.0000	0.0000	0.0000
ENSG00000280128.1	AL662795.2	TEC	781	387	395	11.9510	2.9637	3.2045
ENSG00000280129.1	AL132780.5	TEC	10	4	6	0.3490	0.0865	0.0936
ENSG00000280131.1	AC027348.2	TEC	0	0	0	0.0000	0.0000	0.0000
ENSG00000280132.1	AC026471.6	TEC	75	38	45	2.2327	0.5537	0.5987
ENSG00000280134.1	AL731532.2	TEC	0	0	0	0.0000	0.0000	0.0000
ENSG00000280135.1	AL096816.1	TEC	3	2	1	0.0583	0.0144	0.0156
ENSG00000280136.2	AC240565.2	lncRNA	1	0	1	0.0413	0.0102	0.0111
ENSG00000280137.1	AC116348.4	TEC	1	1	0	0.1630	0.0404	0.0437
ENSG00000280138.1	AC027290.2	TEC	118	61	59	0.3586	0.0889	0.0961
ENSG00000280139.1	AC010297.1	TEC	0	0	0	0.0000	0.0000	0.0000
ENSG00000280140.1	AC098679.3	TEC	2	1	1	0.1986	0.0493	0.0533
ENSG00000280142.1	AL357562.1	TEC	0	0	0	0.0000	0.0000	0.0000
ENSG00000280143.1	AP000892.4	TEC	0	86	70	0.0000	0.0000	0.0000
ENSG00000280144.1	AC073308.1	TEC	0	0	0	0.0000	0.0000	0.0000
ENSG00000280145.3	CU638689.4	lncRNA	0	0	0	0.0000	0.0000	0.0000
ENSG00000280147.1	AC084026.3	TEC	1	1	0	0.0398	0.0099	0.0107
ENSG00000280148.1	AL049844.3	protein_coding	0	0	0	0.0000	0.0000	0.0000
ENSG00000280149.1	AC004877.2	TEC	34	20	14	3.2189	0.7983	0.8631
ENSG00000280150.1	AC148477.9	TEC	0	0	0	0.0000	0.0000	0.0000
ENSG00000280152.1	AC009078.3	TEC	21	7	14	0.2916	0.0723	0.0782
ENSG00000280153.1	AC133065.3	TEC	0	0	0	0.0000	0.0000	0.0000
ENSG00000280154.1	AC073255.1	TEC	0	0	0	0.0000	0.0000	0.0000
ENSG00000280155.1	AL021408.2	TEC	3	0	3	0.1102	0.0273	0.0295
ENSG00000280157.1	AL359510.2	TEC	21	7	14	0.5295	0.1313	0.1420
ENSG00000280159.1	AC016583.1	TEC	8	4	4	0.1866	0.0463	0.0500
ENSG00000280160.1	AC135050.7	TEC	2	328	337	0.0511	0.0127	0.0137
ENSG00000280161.1	AC022413.1	TEC	46	44	42	2.6511	0.6574	0.7108
ENSG00000280162.1	AL136531.3	TEC	1	1	0	0.0155	0.0038	0.0042
ENSG00000280163.1	AC040160.2	TEC	10	9	1	0.3386	0.0840	0.0908
ENSG00000280164.1	CU638689.5	lncRNA	1	1	0	0.0550	0.0136	0.0147
ENSG00000280165.1	PCDH20	protein_coding	1	1	0	0.0119	0.0029	0.0032
ENSG00000280166.1	AC016542.3	TEC	0	0	0	0.0000	0.0000	0.0000
ENSG00000280167.1	AP000943.3	TEC	2	0	2	0.3177	0.0788	0.0852
ENSG00000280168.1	AC005274.1	TEC	1	1	1	0.0707	0.0175	0.0190
ENSG00000280169.1	AL136526.1	lncRNA	2	3	3	0.0515	0.0128	0.0138
ENSG00000280171.1	AC010329.5	unprocessed_pseudogene	0	0	0	0.0000	0.0000	0.0000
ENSG00000280172.1	FP475955.4	processed_pseudogene	0	0	0	0.0000	0.0000	0.0000
ENSG00000280173.1	AC104447.1	TEC	134	66	68	3.5777	0.8872	0.9593
ENSG00000280176.1	AC012486.1	TEC	2	2	0	0.5251	0.1302	0.1408
ENSG00000280177.1	AC004408.2	TEC	0	0	0	0.0000	0.0000	0.0000
ENSG00000280179.1	CU639417.5	lncRNA	0	0	0	0.0000	0.0000	0.0000
ENSG00000280180.1	AC023824.6	TEC	0	0	0	0.0000	0.0000	0.0000
ENSG00000280181.1	AC025262.1	TEC	1	1	0	0.0537	0.0133	0.0144
ENSG00000280182.1	AC131888.1	TEC	0	1	1	0.0000	0.0000	0.0000
ENSG00000280183.1	AC067852.4	TEC	2	0	2	0.2120	0.0526	0.0568
ENSG00000280184.2	AL023806.3	TEC	11	5	6	0.2307	0.0572	0.0619
ENSG00000280185.1	AC091932.3	TEC	0	0	0	0.0000	0.0000	0.0000
ENSG00000280186.1	AL359258.3	TEC	21	7	14	0.5109	0.1267	0.1370
ENSG00000280187.1	AC022107.1	TEC	698	362	337	12.7937	3.1727	3.4304
ENSG00000280189.1	AC007614.2	TEC	0	0	0	0.0000	0.0000	0.0000
ENSG00000280190.1	AC027279.4	TEC	1	1	0	0.0274	0.0068	0.0073
ENSG00000280191.3	LINC01669	lncRNA	0	0	0	0.0000	0.0000	0.0000
ENSG00000280193.1	AC132219.2	TEC	98	54	44	2.3883	0.5923	0.6404
ENSG00000280194.1	AD000864.1	TEC	18	138	153	0.4448	0.1103	0.1193
ENSG00000280195.1	AC245140.2	lncRNA	27	7336	7152	0.7897	0.1958	0.2117
ENSG00000280196.1	AC055717.3	TEC	0	0	0	0.0000	0.0000	0.0000
ENSG00000280197.1	C18orf12	TEC	0	0	0	0.0000	0.0000	0.0000
ENSG00000280198.1	AC087163.2	TEC	5	3	2	0.4051	0.1005	0.1086
ENSG00000280199.1	Z82202.1	lncRNA	0	0	0	0.0000	0.0000	0.0000
ENSG00000280200.1	AC073862.5	TEC	0	0	0	0.0000	0.0000	0.0000
ENSG00000280201.1	AP003400.6	TEC	0	0	0	0.0000	0.0000	0.0000
ENSG00000280202.1	AC005831.1	TEC	127	63	64	4.2441	1.0525	1.1380
ENSG00000280204.3	OR1S1	protein_coding	0	0	0	0.0000	0.0000	0.0000
ENSG00000280205.1	AC009716.2	TEC	4	2	2	0.0602	0.0149	0.0162
ENSG00000280206.1	AC026401.3	lncRNA	135	52	83	8.6801	2.1526	2.3274
ENSG00000280207.1	AC106795.5	lncRNA	2	0	2	0.2498	0.0620	0.0670
ENSG00000280208.1	GGT4P	unprocessed_pseudogene	0	0	0	0.0000	0.0000	0.0000
ENSG00000280211.1	AC106886.4	TEC	29	1804	1818	0.6573	0.1630	0.1762
ENSG00000280212.1	AC012254.5	TEC	10	8	2	1.1864	0.2942	0.3181
ENSG00000280213.1	UCKL1-AS1	lncRNA	36	73	65	0.5668	0.1406	0.1520
ENSG00000280214.1	AC027682.7	TEC	11	5	6	0.2941	0.0729	0.0789
ENSG00000280215.1	AC021613.2	TEC	0	0	0	0.0000	0.0000	0.0000
ENSG00000280216.1	AL022326.2	TEC	11	4	7	1.5365	0.3810	0.4120
ENSG00000280217.1	AC126564.1	TEC	11	9	2	0.3099	0.0768	0.0831
ENSG00000280219.1	AC093908.1	TEC	429	225	204	3.0065	0.7456	0.8061
ENSG00000280220.1	AL157414.3	TEC	0	0	0	0.0000	0.0000	0.0000
ENSG00000280222.1	AL365209.1	TEC	11	6	5	0.0964	0.0239	0.0258
ENSG00000280223.1	AL645820.1	TEC	0	0	0	0.0000	0.0000	0.0000
ENSG00000280224.1	AL008636.1	lncRNA	1	1	0	0.0557	0.0138	0.0149
ENSG00000280225.1	AC237221.2	TEC	3	2	3	0.0671	0.0166	0.0180
ENSG00000280227.1	AC079416.4	TEC	0	0	0	0.0000	0.0000	0.0000
ENSG00000280228.1	AC079753.1	TEC	0	0	0	0.0000	0.0000	0.0000
ENSG00000280229.1	AL161658.1	TEC	8	2	6	0.2306	0.0572	0.0618
ENSG00000280231.1	AL031719.2	TEC	12	7	5	1.4297	0.3545	0.3833
ENSG00000280232.1	AL589666.2	TEC	1	0	1	0.0918	0.0228	0.0246
ENSG00000280233.1	AC015813.7	TEC	6	26	17	0.5856	0.1452	0.1570
ENSG00000280234.1	AC124303.1	TEC	0	0	0	0.0000	0.0000	0.0000
ENSG00000280236.3	OR12D2	protein_coding	0	0	0	0.0000	0.0000	0.0000
ENSG00000280238.1	AC022400.8	TEC	0	0	0	0.0000	0.0000	0.0000
ENSG00000280239.1	AC011498.7	TEC	30	21	27	0.8393	0.2081	0.2250
ENSG00000280241.4	AC079298.3	lncRNA	64	40	44	1.1126	0.2759	0.2983
ENSG00000280242.1	AL450226.2	TEC	0	0	0	0.0000	0.0000	0.0000
ENSG00000280243.1	MTCO1P1	processed_pseudogene	0	0	0	0.0000	0.0000	0.0000
ENSG00000280244.1	AL512356.3	TEC	0	0	0	0.0000	0.0000	0.0000
ENSG00000280245.1	AC079336.7	TEC	0	0	0	0.0000	0.0000	0.0000
ENSG00000280247.1	AC005578.1	TEC	2	83	49	0.1112	0.0276	0.0298
ENSG00000280248.1	AC124319.3	TEC	7	4	3	0.1837	0.0456	0.0493
ENSG00000280249.1	AL691477.1	pseudogene	0	0	0	0.0000	0.0000	0.0000
ENSG00000280250.1	AC097372.3	TEC	0	0	0	0.0000	0.0000	0.0000
ENSG00000280251.1	AC091912.2	TEC	0	0	0	0.0000	0.0000	0.0000
ENSG00000280254.1	AC233723.2	TEC	213	114	99	5.7356	1.4224	1.5379
ENSG00000280255.1	AC004947.2	TEC	34	18	25	0.7219	0.1790	0.1936
ENSG00000280257.1	AC007741.1	TEC	0	0	0	0.0000	0.0000	0.0000
ENSG00000280261.1	AC009161.2	TEC	0	0	0	0.0000	0.0000	0.0000
ENSG00000280262.1	AC093671.1	TEC	0	0	0	0.0000	0.0000	0.0000
ENSG00000280263.1	ACTR3BP6	processed_pseudogene	0	0	0	0.0000	0.0000	0.0000
ENSG00000280265.1	AC130456.7	TEC	1	1	0	0.0452	0.0112	0.0121
ENSG00000280266.1	AC006372.4	TEC	1	1	0	0.0368	0.0091	0.0099
ENSG00000280267.4	PRAMEF26	protein_coding	0	0	0	0.0000	0.0000	0.0000
ENSG00000280268.1	AC025125.1	TEC	0	0	0	0.0000	0.0000	0.0000
ENSG00000280269.1	AP000577.2	TEC	6	2	4	0.3875	0.0961	0.1039
ENSG00000280270.1	AC068299.2	TEC	0	0	0	0.0000	0.0000	0.0000
ENSG00000280272.1	AC005858.1	TEC	0	0	0	0.0000	0.0000	0.0000
ENSG00000280273.2	AF131216.4	lncRNA	4	19	26	0.1428	0.0354	0.0383
ENSG00000280274.1	AC009145.4	TEC	1	0	1	0.0438	0.0109	0.0118
ENSG00000280275.1	Z82209.2	TEC	1	1	0	0.0282	0.0070	0.0076
ENSG00000280276.1	AC009229.4	TEC	3	8	8	0.0874	0.0217	0.0234
ENSG00000280277.1	AL079342.3	TEC	7	4	3	0.1926	0.0478	0.0516
ENSG00000280278.1	FLJ30679	TEC	0	0	0	0.0000	0.0000	0.0000
ENSG00000280279.1	LINC02887	lncRNA	1	1	0	0.0271	0.0067	0.0073
ENSG00000280280.1	AC006435.5	TEC	0	0	0	0.0000	0.0000	0.0000
ENSG00000280281.1	AL049781.1	TEC	0	0	0	0.0000	0.0000	0.0000
ENSG00000280282.1	AC138430.2	TEC	0	5	12	0.0000	0.0000	0.0000
ENSG00000280283.1	AC010601.2	TEC	0	0	0	0.0000	0.0000	0.0000
ENSG00000280284.1	AC092608.3	TEC	0	0	0	0.0000	0.0000	0.0000
ENSG00000280285.1	AC108215.1	TEC	6	2	4	0.1055	0.0262	0.0283
ENSG00000280286.1	FRG1KP	unprocessed_pseudogene	1	0	1	0.1663	0.0412	0.0446
ENSG00000280287.1	AC131212.3	TEC	31	15	16	0.4167	0.1033	0.1117
ENSG00000280288.1	AC131935.2	TEC	0	0	0	0.0000	0.0000	0.0000
ENSG00000280291.1	AC016251.1	TEC	1	0	1	0.0184	0.0046	0.0049
ENSG00000280294.1	AC011008.2	TEC	4	1	3	0.0677	0.0168	0.0181
ENSG00000280295.1	AC099811.6	TEC	3	2	1	0.1039	0.0258	0.0278
ENSG00000280296.1	AL137058.3	TEC	3	1	2	0.0549	0.0136	0.0147
ENSG00000280299.1	AC037487.4	lncRNA	0	0	0	0.0000	0.0000	0.0000
ENSG00000280300.1	AC117503.4	TEC	0	107	93	0.0000	0.0000	0.0000
ENSG00000280302.1	AP005264.6	TEC	3	3	0	0.0514	0.0127	0.0138
ENSG00000280303.2	ERICD	lncRNA	133	69	64	3.7656	0.9338	1.0097
ENSG00000280304.1	AC104260.2	TEC	1	0	1	0.0162	0.0040	0.0043
ENSG00000280305.1	AC018765.1	TEC	1	1	0	0.0165	0.0041	0.0044
ENSG00000280306.1	AC137056.2	TEC	0	0	0	0.0000	0.0000	0.0000
ENSG00000280307.1	AP000676.4	TEC	0	0	0	0.0000	0.0000	0.0000
ENSG00000280309.1	AC023300.3	TEC	0	0	0	0.0000	0.0000	0.0000
ENSG00000280310.1	AC092437.1	TEC	18	6	12	0.9740	0.2415	0.2612
ENSG00000280311.1	AC131212.4	TEC	1	0	1	0.0582	0.0144	0.0156
ENSG00000280312.1	Z83836.1	TEC	0	0	0	0.0000	0.0000	0.0000
ENSG00000280314.3	OR8K3	protein_coding	0	0	0	0.0000	0.0000	0.0000
ENSG00000280317.1	AL732618.1	TEC	0	0	0	0.0000	0.0000	0.0000
ENSG00000280318.1	AC027309.3	TEC	0	0	0	0.0000	0.0000	0.0000
ENSG00000280319.1	AC073578.4	TEC	0	0	0	0.0000	0.0000	0.0000
ENSG00000280320.1	AC025262.2	TEC	0	299	289	0.0000	0.0000	0.0000
ENSG00000280321.1	AC129502.1	TEC	9	3	6	0.3086	0.0765	0.0827
ENSG00000280322.1	AL035425.4	TEC	0	0	0	0.0000	0.0000	0.0000
ENSG00000280323.1	AC053503.5	TEC	0	0	0	0.0000	0.0000	0.0000
ENSG00000280325.1	AC074183.2	TEC	0	0	0	0.0000	0.0000	0.0000
ENSG00000280326.1	AC067931.2	TEC	6	2	4	0.2242	0.0556	0.0601
ENSG00000280327.1	Z97633.1	TEC	52	33	20	1.7807	0.4416	0.4775
ENSG00000280330.1	CTBP2P10	processed_pseudogene	0	0	0	0.0000	0.0000	0.0000
ENSG00000280331.1	AC061999.1	TEC	1	0	1	0.3204	0.0795	0.0859
ENSG00000280332.1	AC020917.4	TEC	169	92	77	4.7944	1.1890	1.2855
ENSG00000280333.1	AC090617.9	TEC	2	1	1	0.8464	0.2099	0.2270
ENSG00000280334.1	AC009084.2	TEC	28	98	103	0.5651	0.1401	0.1515
ENSG00000280335.1	AC016866.3	TEC	12	6	6	0.9531	0.2364	0.2556
ENSG00000280336.1	AC244517.12	lncRNA	0	0	0	0.0000	0.0000	0.0000
ENSG00000280337.1	DUX4L25	unprocessed_pseudogene	0	0	0	0.0000	0.0000	0.0000
ENSG00000280338.1	AC091941.1	TEC	0	0	0	0.0000	0.0000	0.0000
ENSG00000280339.1	AP001528.2	TEC	191	86	106	3.3338	0.8268	0.8939
ENSG00000280340.1	AC080080.2	TEC	0	0	0	0.0000	0.0000	0.0000
ENSG00000280341.1	AP000542.3	lncRNA	0	0	0	0.0000	0.0000	0.0000
ENSG00000280344.1	AC009166.2	TEC	1	0	1	0.0200	0.0050	0.0054
ENSG00000280345.1	AC092184.2	TEC	0	0	0	0.0000	0.0000	0.0000
ENSG00000280346.1	FP236240.3	processed_pseudogene	0	0	0	0.0000	0.0000	0.0000
ENSG00000280347.1	AC000123.3	TEC	237	116	121	2.7016	0.6700	0.7244
ENSG00000280348.1	AL138713.1	TEC	2	1	1	0.0532	0.0132	0.0143
ENSG00000280349.1	AC008133.2	TEC	0	0	0	0.0000	0.0000	0.0000
ENSG00000280350.1	LINC01726	lncRNA	0	0	0	0.0000	0.0000	0.0000
ENSG00000280351.2	AC127496.7	TEC	29	14	15	0.9147	0.2268	0.2453
ENSG00000280352.1	AC116563.2	TEC	0	0	2	0.0000	0.0000	0.0000
ENSG00000280353.1	AC011466.4	TEC	5	3	2	0.1757	0.0436	0.0471
ENSG00000280354.1	AC073592.9	TEC	0	0	0	0.0000	0.0000	0.0000
ENSG00000280355.1	AL132656.4	TEC	50	53	61	1.3362	0.3314	0.3583
ENSG00000280356.1	AL021877.2	lncRNA	1	1	0	0.0053	0.0013	0.0014
ENSG00000280357.1	AL138960.2	TEC	0	4	5	0.0000	0.0000	0.0000
ENSG00000280359.1	AC105133.2	TEC	0	0	0	0.0000	0.0000	0.0000
ENSG00000280360.1	AC092159.3	TEC	0	0	0	0.0000	0.0000	0.0000
ENSG00000280362.1	AC084759.3	TEC	1	1	0	0.0144	0.0036	0.0039
ENSG00000280364.1	AC005858.2	TEC	0	0	0	0.0000	0.0000	0.0000
ENSG00000280365.1	AC021766.1	TEC	0	0	0	0.0000	0.0000	0.0000
ENSG00000280366.1	AL161782.1	lncRNA	0	0	0	0.0000	0.0000	0.0000
ENSG00000280367.1	AP002364.1	TEC	18	10	8	0.3015	0.0748	0.0808
ENSG00000280368.1	AC034229.5	TEC	0	0	0	0.0000	0.0000	0.0000
ENSG00000280369.1	AC012640.5	TEC	2	1	1	0.3555	0.0882	0.0953
ENSG00000280371.1	AL136967.2	TEC	0	0	0	0.0000	0.0000	0.0000
ENSG00000280372.1	CR382285.2	TEC	0	0	0	0.0000	0.0000	0.0000
ENSG00000280373.1	AC091953.6	TEC	0	0	0	0.0000	0.0000	0.0000
ENSG00000280374.1	AC019080.5	lncRNA	25	11	14	1.8729	0.4644	0.5022
ENSG00000280375.1	AL359740.1	TEC	7	3	4	0.6706	0.1663	0.1798
ENSG00000280376.1	AC012186.3	TEC	0	0	0	0.0000	0.0000	0.0000
ENSG00000280377.1	AC027176.3	TEC	0	0	0	0.0000	0.0000	0.0000
ENSG00000280378.1	AL353898.3	TEC	26	19	7	0.8401	0.2083	0.2253
ENSG00000280379.1	AP003072.5	TEC	0	0	0	0.0000	0.0000	0.0000
ENSG00000280380.1	AC009831.4	TEC	0	0	0	0.0000	0.0000	0.0000
ENSG00000280381.1	AC026362.2	TEC	2	1	1	0.0204	0.0051	0.0055
ENSG00000280382.1	AC096920.1	lncRNA	1	0	1	0.1673	0.0415	0.0449
ENSG00000280383.1	Z95331.1	lncRNA	38	16	22	0.0932	0.0231	0.0250
ENSG00000280384.1	FP325332.1	lncRNA	6	6	1	0.1664	0.0413	0.0446
ENSG00000280385.1	AP000648.4	TEC	335	177	158	4.2152	1.0453	1.1302
ENSG00000280387.1	AL109806.1	TEC	8	3	5	0.3635	0.0902	0.0975
ENSG00000280388.1	AC006330.1	TEC	19	13	6	0.5423	0.1345	0.1454
ENSG00000280390.1	AC010872.1	TEC	0	1	2	0.0000	0.0000	0.0000
ENSG00000280392.1	AC007496.3	TEC	3	1	2	0.0494	0.0123	0.0132
ENSG00000280393.1	AC090574.1	TEC	0	0	0	0.0000	0.0000	0.0000
ENSG00000280394.1	AC011471.3	TEC	0	0	0	0.0000	0.0000	0.0000
ENSG00000280395.1	AL034546.1	lncRNA	0	0	0	0.0000	0.0000	0.0000
ENSG00000280396.1	AC114546.4	TEC	0	0	0	0.0000	0.0000	0.0000
ENSG00000280397.1	AC011592.1	TEC	0	0	0	0.0000	0.0000	0.0000
ENSG00000280398.1	AC005858.3	TEC	0	0	0	0.0000	0.0000	0.0000
ENSG00000280399.1	AC022497.1	TEC	22	10	12	0.3380	0.0838	0.0906
ENSG00000280400.1	AC127459.3	TEC	0	67	54	0.0000	0.0000	0.0000
ENSG00000280401.1	AC022532.1	TEC	11	9	11	0.3610	0.0895	0.0968
ENSG00000280402.1	AC093525.10	TEC	2	1	1	0.0723	0.0179	0.0194
ENSG00000280404.1	AC005086.5	pseudogene	2	1	1	0.5325	0.1321	0.1428
ENSG00000280405.1	AC026336.5	TEC	0	0	0	0.0000	0.0000	0.0000
ENSG00000280406.1	AC104985.3	TEC	0	0	0	0.0000	0.0000	0.0000
ENSG00000280407.2	AC132872.4	TEC	12	874	875	0.2450	0.0607	0.0657
ENSG00000280408.1	AC032044.2	TEC	1	1	0	0.3049	0.0756	0.0818
ENSG00000280409.1	LINC01101	TEC	0	0	0	0.0000	0.0000	0.0000
ENSG00000280411.1	IGHV1-69D	IG_V_gene	69	32	37	9.5207	2.3610	2.5528
ENSG00000280412.1	AC004790.2	TEC	0	0	0	0.0000	0.0000	0.0000
ENSG00000280414.1	AC018470.1	TEC	1	0	1	0.0181	0.0045	0.0049
ENSG00000280415.1	AC005252.3	TEC	1	0	1	0.0251	0.0062	0.0067
ENSG00000280416.1	AC009084.3	TEC	0	182	158	0.0000	0.0000	0.0000
ENSG00000280417.1	AC096887.2	TEC	148	106	89	4.2887	1.0636	1.1500
ENSG00000280418.1	AC007326.2	lncRNA	0	0	0	0.0000	0.0000	0.0000
ENSG00000280419.1	AC010531.8	TEC	0	0	0	0.0000	0.0000	0.0000
ENSG00000280420.1	AC005355.2	TEC	6	2	4	0.7030	0.1743	0.1885
ENSG00000280422.1	AC115284.2	TEC	10	4	6	0.2761	0.0685	0.0740
ENSG00000280423.1	AL359852.1	TEC	0	0	0	0.0000	0.0000	0.0000
ENSG00000280424.1	BX537318.2	TEC	23	11	12	0.3134	0.0777	0.0840
ENSG00000280425.2	AL357673.2	lncRNA	1	0	1	0.0114	0.0028	0.0031
ENSG00000280426.1	AC084876.2	TEC	18	8	10	0.5973	0.1481	0.1602
ENSG00000280429.1	AF001548.3	TEC	1	1	1	0.0325	0.0081	0.0087
ENSG00000280430.1	AP002782.1	TEC	0	0	0	0.0000	0.0000	0.0000
ENSG00000280431.1	AL160394.2	TEC	0	0	0	0.0000	0.0000	0.0000
ENSG00000280432.1	AP000962.2	TEC	2	0	2	0.1030	0.0255	0.0276
ENSG00000280433.1	FP565260.6	protein_coding	124	61	63	1.2996	0.3223	0.3485
ENSG00000280434.1	AL031595.3	lncRNA	13	6	7	0.0517	0.0128	0.0139
ENSG00000280435.1	AC006058.4	TEC	0	0	0	0.0000	0.0000	0.0000
ENSG00000280436.1	CR392039.4	unprocessed_pseudogene	0	0	0	0.0000	0.0000	0.0000
ENSG00000280438.1	AC091932.4	TEC	0	0	0	0.0000	0.0000	0.0000
ENSG00000280439.1	AC004836.1	TEC	0	0	0	0.0000	0.0000	0.0000
ENSG00000280440.1	AC002064.3	TEC	0	0	0	0.0000	0.0000	0.0000
ENSG00000280441.3	FP236383.3	lncRNA	2	2	0	0.0258	0.0064	0.0069
ENSG00000280443.1	AL136313.1	TEC	0	0	0	0.0000	0.0000	0.0000
ENSG00000280444.1	AC073592.10	TEC	0	0	0	0.0000	0.0000	0.0000
ENSG00000280445.1	AL049536.1	lncRNA	0	0	0	0.0000	0.0000	0.0000
ENSG00000280446.1	AL607033.1	TEC	0	0	0	0.0000	0.0000	0.0000
ENSG00000280449.1	AC034229.6	TEC	1	0	1	0.2532	0.0628	0.0679
ENSG00000280450.1	AL683826.1	TEC	3	0	3	0.2713	0.0673	0.0728
ENSG00000280451.1	AL356094.1	TEC	0	0	0	0.0000	0.0000	0.0000
ENSG00000280453.1	AP006248.4	TEC	0	2	3	0.0000	0.0000	0.0000
ENSG00000280454.1	AC007347.2	pseudogene	0	0	0	0.0000	0.0000	0.0000
ENSG00000280455.1	AL359745.1	lncRNA	0	0	0	0.0000	0.0000	0.0000
ENSG00000280457.1	DUX4L2	unprocessed_pseudogene	0	0	0	0.0000	0.0000	0.0000
ENSG00000280466.1	SCARNA4	scaRNA	0	0	0	0.0000	0.0000	0.0000
ENSG00000280474.1	AL356481.2	lncRNA	1	0	1	0.1074	0.0266	0.0288
ENSG00000280485.1	AL358154.1	lncRNA	0	1	0	0.0000	0.0000	0.0000
ENSG00000280486.2	AC005329.3	lncRNA	6	523	513	0.1255	0.0311	0.0337
ENSG00000280494.2	AC007182.3	miRNA	0	0	0	0.0000	0.0000	0.0000
ENSG00000280496.1	SNORA17B	snoRNA	0	0	0	0.0000	0.0000	0.0000
ENSG00000280498.1	SNORA16A	snoRNA	0	0	0	0.0000	0.0000	0.0000
ENSG00000280502.1	Metazoa_SRP	misc_RNA	10	4	7	1.9094	0.4735	0.5120
ENSG00000280511.1	AL591030.1	lncRNA	0	0	0	0.0000	0.0000	0.0000
ENSG00000280515.1	SALRNA2	lncRNA	6	3	3	0.1647	0.0408	0.0442
ENSG00000280537.2	AC068946.1	protein_coding	4	3	1	0.0488	0.0121	0.0131
ENSG00000280543.1	ASAP1-IT2	lncRNA	28	18	10	0.7818	0.1939	0.2096
ENSG00000280554.1	AC116913.2	snoRNA	0	0	0	0.0000	0.0000	0.0000
ENSG00000280560.2	LINC01374	lncRNA	5	3	2	0.2219	0.0550	0.0595
ENSG00000280561.1	AL158835.3	lncRNA	0	0	0	0.0000	0.0000	0.0000
ENSG00000280571.2	AC006059.2	protein_coding	0	0	0	0.0000	0.0000	0.0000
ENSG00000280580.1	LINC02342	lncRNA	0	0	0	0.0000	0.0000	0.0000
ENSG00000280587.1	LINC01348	lncRNA	39	19	20	0.6780	0.1681	0.1818
ENSG00000280594.1	BTG3-AS1	lncRNA	22	56	55	0.4839	0.1200	0.1298
ENSG00000280604.1	AJ239328.1	lncRNA	2	0	2	0.0236	0.0059	0.0063
ENSG00000280607.1	AC009133.5	lncRNA	0	0	0	0.0000	0.0000	0.0000
ENSG00000280614.1	FP236383.4	lncRNA	0	0	0	0.0000	0.0000	0.0000
ENSG00000280620.1	SCAANT1	lncRNA	10	7	3	2.2239	0.5515	0.5963
ENSG00000280623.1	PCAT14	lncRNA	0	0	0	0.0000	0.0000	0.0000
ENSG00000280634.1	THRIL	lncRNA	0	710	713	0.0000	0.0000	0.0000
ENSG00000280636.1	AC096587.2	snoRNA	0	0	0	0.0000	0.0000	0.0000
ENSG00000280639.1	LINC02204	lncRNA	10	6	4	0.1769	0.0439	0.0474
ENSG00000280646.2	RNA5SP196	rRNA_pseudogene	0	0	0	0.0000	0.0000	0.0000
ENSG00000280649.2	AC245100.7	TEC	11	15	18	0.5896	0.1462	0.1581
ENSG00000280650.1	KCNIP4-IT1	lncRNA	0	0	0	0.0000	0.0000	0.0000
ENSG00000280655.1	AC134981.1	IG_V_pseudogene	0	0	0	0.0000	0.0000	0.0000
ENSG00000280660.1	AL157396.1	lncRNA	14	5	9	0.0940	0.0233	0.0252
ENSG00000280665.1	AL513210.2	TEC	0	0	0	0.0000	0.0000	0.0000
ENSG00000280670.3	CCDC163	protein_coding	245	113	132	5.0395	1.2497	1.3513
ENSG00000280683.1	LINC01242	lncRNA	0	0	0	0.0000	0.0000	0.0000
ENSG00000280693.2	SH3PXD2A-AS1	lncRNA	5	4	1	0.1279	0.0317	0.0343
ENSG00000280703.1	AC060814.3	lncRNA	0	0	0	0.0000	0.0000	0.0000
ENSG00000280704.1	SNORD3E	snoRNA	0	0	0	0.0000	0.0000	0.0000
ENSG00000280707.2	HPAT5	lncRNA	0	0	0	0.0000	0.0000	0.0000
ENSG00000280709.2	LINC02203	protein_coding	0	0	0	0.0000	0.0000	0.0000
ENSG00000280710.3	AL139035.1	lncRNA	0	3	2	0.0000	0.0000	0.0000
ENSG00000280711.1	JADRR	lncRNA	0	0	0	0.0000	0.0000	0.0000
ENSG00000280719.1	PCAT5	lncRNA	0	0	0	0.0000	0.0000	0.0000
ENSG00000280721.1	LINC01943	lncRNA	43	505	462	1.6532	0.4100	0.4433
ENSG00000280725.2	LINC00251	lncRNA	0	0	0	0.0000	0.0000	0.0000
ENSG00000280734.3	LINC01232	lncRNA	72	49	48	0.6587	0.1633	0.1766
ENSG00000280739.3	EIF1B-AS1	lncRNA	90	50	50	0.2636	0.0654	0.0707
ENSG00000280744.1	LINC01173	lncRNA	1	0	1	0.1713	0.0425	0.0459
ENSG00000280752.1	LINC00850	lncRNA	0	0	1	0.0000	0.0000	0.0000
ENSG00000280757.1	DUX4L1	unprocessed_pseudogene	0	0	0	0.0000	0.0000	0.0000
ENSG00000280758.1	AL356481.3	lncRNA	7	471	450	0.6904	0.1712	0.1851
ENSG00000280767.3	AL732314.4	lncRNA	0	0	0	0.0000	0.0000	0.0000
ENSG00000280767.3_PAR_Y	AL732314.4	lncRNA	0	0	0	0.0000	0.0000	0.0000
ENSG00000280773.2	AP003304.1	miRNA	0	0	0	0.0000	0.0000	0.0000
ENSG00000280776.2	LINC01202	lncRNA	0	0	0	0.0000	0.0000	0.0000
ENSG00000280778.1	AC243547.3	protein_coding	0	0	0	0.0000	0.0000	0.0000
ENSG00000280780.2	JAKMIP2-AS1	lncRNA	5	9	9	0.1346	0.0334	0.0361
ENSG00000280789.2	PAGR1	protein_coding	758	495	534	11.0961	2.7517	2.9752
ENSG00000280798.1	LINC00294	lncRNA	755	533	519	12.9510	3.2117	3.4726
ENSG00000280799.1	DUX4L5	unprocessed_pseudogene	0	0	0	0.0000	0.0000	0.0000
ENSG00000280800.1	FP671120.6	lncRNA	0	0	0	0.0000	0.0000	0.0000
ENSG00000280809.4	LINC00836	lncRNA	0	0	0	0.0000	0.0000	0.0000
ENSG00000280828.1	AC090114.3	unprocessed_pseudogene	3	3	1	0.2052	0.0509	0.0550
ENSG00000280832.1	GSEC	lncRNA	215	112	105	3.2750	0.8122	0.8781
ENSG00000280836.1	AL355480.1	pseudogene	5	3	2	2.8641	0.7103	0.7680
ENSG00000280837.1	CPS1-IT1	lncRNA	1	0	1	0.0246	0.0061	0.0066
ENSG00000280850.1	AL121956.5	lncRNA	0	0	0	0.0000	0.0000	0.0000
ENSG00000280852.2	AC025048.6	transcribed_processed_pseudogene	5	5	0	0.2442	0.0606	0.0655
ENSG00000280870.3	MIR325HG	lncRNA	20	10	10	0.2719	0.0674	0.0729
ENSG00000280878.1	AC017002.2	lncRNA	0	0	0	0.0000	0.0000	0.0000
ENSG00000280881.1	AC060814.4	lncRNA	0	0	0	0.0000	0.0000	0.0000
ENSG00000280890.1	ELDR	lncRNA	1	0	1	0.0193	0.0048	0.0052
ENSG00000280893.1	AC009133.6	protein_coding	0	0	0	0.0000	0.0000	0.0000
ENSG00000280894.1	SNORA50D	snoRNA	0	0	0	0.0000	0.0000	0.0000
ENSG00000280904.1	AC104446.3	snoRNA	0	0	0	0.0000	0.0000	0.0000
ENSG00000280913.2	CTSLP3	transcribed_unprocessed_pseudogene	5	5	9	0.1921	0.0476	0.0515
ENSG00000280916.2	FOXCUT	lncRNA	2	1	1	0.0486	0.0120	0.0130
ENSG00000280920.1	AC092848.1	lncRNA	0	0	0	0.0000	0.0000	0.0000
ENSG00000280924.1	LINC00628	lncRNA	2	2	0	0.0880	0.0218	0.0236
ENSG00000280927.1	CTBP1-AS	lncRNA	59	989	963	0.8610	0.2135	0.2309
ENSG00000280936.1	AL353658.1	lncRNA	0	0	0	0.0000	0.0000	0.0000
ENSG00000280953.2	LINC01163	lncRNA	2	1	1	0.0356	0.0088	0.0095
ENSG00000280958.1	AC004808.1	TEC	0	0	0	0.0000	0.0000	0.0000
ENSG00000280961.1	TTTY3B	lncRNA	0	0	0	0.0000	0.0000	0.0000
ENSG00000280968.1	AC002059.2	miRNA	0	0	0	0.0000	0.0000	0.0000
ENSG00000280969.2	RPS4Y2	protein_coding	0	0	0	0.0000	0.0000	0.0000
ENSG00000280987.4	MATR3	protein_coding	0	0	0	0.0000	0.0000	0.0000
ENSG00000280989.2	LINC00581	lncRNA	1	1	0	0.0460	0.0114	0.0123
ENSG00000280991.1	AL121956.6	unprocessed_pseudogene	0	0	0	0.0000	0.0000	0.0000
ENSG00000280997.1	CCAT2	lncRNA	1	0	1	0.0324	0.0080	0.0087
ENSG00000281000.1	SNORD3D	snoRNA	0	0	0	0.0000	0.0000	0.0000
ENSG00000281005.1	LINC00921	lncRNA	73	41	32	1.6774	0.4160	0.4498
ENSG00000281008.1	AC004808.2	TEC	0	0	0	0.0000	0.0000	0.0000
ENSG00000281010.1	AC009065.9	snoRNA	0	0	0	0.0000	0.0000	0.0000
ENSG00000281016.1	AC092574.2	lncRNA	1	1	0	0.0753	0.0187	0.0202
ENSG00000281021.1	AL078581.4	lncRNA	3	549	611	0.2287	0.0567	0.0613
ENSG00000281026.1	N4BP2L2-IT2	lncRNA	81	38	43	0.9394	0.2330	0.2519
ENSG00000281039.1	AC005154.5	protein_coding	0	0	0	0.0000	0.0000	0.0000
ENSG00000281058.1	DUX4L6	unprocessed_pseudogene	0	0	0	0.0000	0.0000	0.0000
ENSG00000281072.1	AC073476.3	pseudogene	0	0	0	0.0000	0.0000	0.0000
ENSG00000281087.1	AC135068.7	processed_pseudogene	0	0	0	0.0000	0.0000	0.0000
ENSG00000281091.3	AL117327.1	lncRNA	18	7	11	0.3753	0.0931	0.1006
ENSG00000281097.1	LINC01395	lncRNA	1	0	1	0.0577	0.0143	0.0155
ENSG00000281100.1	AC105749.1	TEC	62	30	32	1.7510	0.4342	0.4695
ENSG00000281103.2	TRG-AS1	lncRNA	91	36	56	0.6959	0.1726	0.1866
ENSG00000281106.4	TMEM272	protein_coding	19	10	11	0.2594	0.0643	0.0696
ENSG00000281112.1	AL355480.2	pseudogene	0	0	0	0.0000	0.0000	0.0000
ENSG00000281113.1	AC135068.8	lncRNA	0	0	0	0.0000	0.0000	0.0000
ENSG00000281120.1	AC006355.2	lncRNA	0	0	0	0.0000	0.0000	0.0000
ENSG00000281128.2	PTENP1-AS	lncRNA	5	3	3	0.0588	0.0146	0.0158
ENSG00000281131.1	SCHLAP1	lncRNA	0	0	0	0.0000	0.0000	0.0000
ENSG00000281133.1	AL355480.3	pseudogene	0	0	0	0.0000	0.0000	0.0000
ENSG00000281156.1	MIR3651	miRNA	0	0	0	0.0000	0.0000	0.0000
ENSG00000281159.1	AC112786.1	scaRNA	0	0	0	0.0000	0.0000	0.0000
ENSG00000281160.1	AC018358.1	lncRNA	0	0	0	0.0000	0.0000	0.0000
ENSG00000281162.2	LINC01127	lncRNA	4	2	2	0.0591	0.0146	0.0158
ENSG00000281167.1	AL355390.2	lncRNA	0	0	0	0.0000	0.0000	0.0000
ENSG00000281179.1	AC135068.9	IG_V_gene	0	0	0	0.0000	0.0000	0.0000
ENSG00000281181.1	FP236383.5	lncRNA	0	0	0	0.0000	0.0000	0.0000
ENSG00000281183.1	NPTN-IT1	lncRNA	53	27	26	1.3165	0.3265	0.3530
ENSG00000281186.1	LINC00706	lncRNA	0	0	0	0.0000	0.0000	0.0000
ENSG00000281189.1	GHET1	lncRNA	28	15	13	0.8331	0.2066	0.2234
ENSG00000281195.1	AC007878.1	lncRNA	44	17	27	1.5450	0.3832	0.4143
ENSG00000281196.1	LINC00934	lncRNA	0	0	0	0.0000	0.0000	0.0000
ENSG00000281202.2	LINC01097	lncRNA	0	0	0	0.0000	0.0000	0.0000
ENSG00000281207.1	SLFNL1-AS1	lncRNA	34	146	154	0.4017	0.0996	0.1077
ENSG00000281219.2	LINC00254	lncRNA	0	0	0	0.0000	0.0000	0.0000
ENSG00000281228.1	AL132640.3	pseudogene	1	1	0	0.3204	0.0795	0.0859
ENSG00000281248.1	LINC02536	lncRNA	0	0	0	0.0000	0.0000	0.0000
ENSG00000281264.1	SALRNA3	lncRNA	2	2	0	0.1111	0.0275	0.0298
ENSG00000281269.1	AC068724.2	pseudogene	0	0	0	0.0000	0.0000	0.0000
ENSG00000281295.1	Z69713.1	snoRNA	0	0	0	0.0000	0.0000	0.0000
ENSG00000281311.1	AC025362.1	snoRNA	0	0	0	0.0000	0.0000	0.0000
ENSG00000281327.2	LINC01338	lncRNA	10	6	4	0.1689	0.0419	0.0453
ENSG00000281332.1	LINC00997	lncRNA	238	159	133	5.1009	1.2650	1.3677
ENSG00000281333.2	AC024941.2	lncRNA	21	14	16	1.2240	0.3035	0.3282
ENSG00000281344.1	HELLPAR	lncRNA	72	1144	1159	0.0199	0.0049	0.0053
ENSG00000281347.3	NF1P9	transcribed_unprocessed_pseudogene	0	0	0	0.0000	0.0000	0.0000
ENSG00000281348.1	AC120114.4	protein_coding	0	0	0	0.0000	0.0000	0.0000
ENSG00000281357.3	ARRDC3-AS1	lncRNA	46	26	42	0.3440	0.0853	0.0922
ENSG00000281358.1	RASSF1-AS1	lncRNA	1	20	18	0.0718	0.0178	0.0192
ENSG00000281365.1	AL049541.1	lncRNA	0	0	0	0.0000	0.0000	0.0000
ENSG00000281369.1	AC093826.1	pseudogene	0	0	0	0.0000	0.0000	0.0000
ENSG00000281371.1	INE2	lncRNA	0	123	128	0.0000	0.0000	0.0000
ENSG00000281376.1	ABALON	lncRNA	2	2432	2577	0.0596	0.0148	0.0160
ENSG00000281379.2	SEPTIN14P19	transcribed_unprocessed_pseudogene	0	0	0	0.0000	0.0000	0.0000
ENSG00000281383.1	FP671120.7	lncRNA	45	25	20	2.7648	0.6857	0.7413
ENSG00000281386.1	AP003500.1	lncRNA	0	0	0	0.0000	0.0000	0.0000
ENSG00000281392.2	LINC00506	lncRNA	33	11	22	0.1924	0.0477	0.0516
ENSG00000281394.1	SCARNA4	scaRNA	0	0	0	0.0000	0.0000	0.0000
ENSG00000281398.4	SNHG4	lncRNA	323	153	185	4.0988	1.0164	1.0990
ENSG00000281404.2	LINC01176	lncRNA	91	38	53	1.0127	0.2511	0.2715
ENSG00000281406.2	BLACAT1	protein_coding	9	5	4	0.0758	0.0188	0.0203
ENSG00000281420.1	AP001052.1	pseudogene	6	3	3	3.4370	0.8523	0.9216
ENSG00000281426.1	MIR548BB	miRNA	0	0	1	0.0000	0.0000	0.0000
ENSG00000281450.1	PANDAR	lncRNA	0	2	2	0.0000	0.0000	0.0000
ENSG00000281453.1	TGFB2-OT1	lncRNA	0	0	0	0.0000	0.0000	0.0000
ENSG00000281460.1	AL049541.2	lncRNA	0	0	0	0.0000	0.0000	0.0000
ENSG00000281468.1	AC006504.7	lncRNA	38	23	15	3.3937	0.8416	0.9100
ENSG00000281469.1	AC019226.1	TEC	6	2	4	0.6607	0.1638	0.1772
ENSG00000281473.1	PISRT1	lncRNA	0	0	0	0.0000	0.0000	0.0000
ENSG00000281477.1	LINC01955	lncRNA	0	0	0	0.0000	0.0000	0.0000
ENSG00000281490.1	CICP14	processed_pseudogene	225	103	122	4.6705	1.1582	1.2523
ENSG00000281491.1	DNAJB5-DT	lncRNA	0	0	0	0.0000	0.0000	0.0000
ENSG00000281501.1	SEPSECS-AS1	lncRNA	111	64	48	1.4451	0.3584	0.3875
ENSG00000281516.1	AC112786.2	scaRNA	0	0	0	0.0000	0.0000	0.0000
ENSG00000281530.1	AC004461.2	lncRNA	4	2	2	0.2825	0.0701	0.0757
ENSG00000281538.1	AC254562.3	lncRNA	22	20	21	1.9772	0.4903	0.5302
ENSG00000281548.1	LINC00895	lncRNA	0	0	0	0.0000	0.0000	0.0000
ENSG00000281550.1	AC135068.10	IG_V_pseudogene	0	0	0	0.0000	0.0000	0.0000
ENSG00000281560.1	LSINCT5	lncRNA	0	0	0	0.0000	0.0000	0.0000
ENSG00000281566.3	AL157778.1	lncRNA	0	0	0	0.0000	0.0000	0.0000
ENSG00000281571.2	AC241585.2	TEC	5	24	13	0.2606	0.0646	0.0699
ENSG00000281591.1	DBET	lncRNA	1	1	0	0.0169	0.0042	0.0045
ENSG00000281593.1	AC006978.2	protein_coding	0	0	0	0.0000	0.0000	0.0000
ENSG00000281613.2	AL365214.2	protein_coding	0	0	0	0.0000	0.0000	0.0000
ENSG00000281627.1	DUX4L3	unprocessed_pseudogene	0	0	0	0.0000	0.0000	0.0000
ENSG00000281641.3	SAMD12-AS1	lncRNA	51	28	23	0.7649	0.1897	0.2051
ENSG00000281649.2	EBLN3P	lncRNA	8611	4333	4278	46.5430	11.5422	12.4797
ENSG00000281652.1	DUX4L7	unprocessed_pseudogene	0	0	0	0.0000	0.0000	0.0000
ENSG00000281655.1	AP000851.2	lncRNA	1	0	1	0.0787	0.0195	0.0211
ENSG00000281664.1	LINC00538	lncRNA	0	0	0	0.0000	0.0000	0.0000
ENSG00000281691.1	RBM5-AS1	lncRNA	12	303	288	0.4910	0.1218	0.1317
ENSG00000281692.2	PACRG-AS1	lncRNA	1	1	0	0.0063	0.0016	0.0017
ENSG00000281696.1	MIR664A	miRNA	0	0	0	0.0000	0.0000	0.0000
ENSG00000281706.3	LINC01012	lncRNA	25	16	9	0.3139	0.0779	0.0842
ENSG00000281708.1	ERC2-IT1	lncRNA	0	0	0	0.0000	0.0000	0.0000
ENSG00000281710.1	U3	snoRNA	0	0	0	0.0000	0.0000	0.0000
ENSG00000281720.1	DUX4L8	unprocessed_pseudogene	0	0	0	0.0000	0.0000	0.0000
ENSG00000281721.1	LINC01080	lncRNA	0	0	0	0.0000	0.0000	0.0000
ENSG00000281731.3	METTL14-DT	lncRNA	36	18	18	0.2712	0.0673	0.0727
ENSG00000281732.1	Z84468.1	lncRNA	1	1	0	0.0156	0.0039	0.0042
ENSG00000281741.2	AC241377.3	TEC	4	13	13	0.2085	0.0517	0.0559
ENSG00000281756.1	C2-AS1	lncRNA	10	35	36	0.7442	0.1846	0.1996
ENSG00000281769.1	LINC01230	lncRNA	0	0	0	0.0000	0.0000	0.0000
ENSG00000281772.1	AC019226.2	TEC	1	1	0	0.1337	0.0332	0.0359
ENSG00000281778.1	LINC00550	lncRNA	0	0	0	0.0000	0.0000	0.0000
ENSG00000281780.1	snoZ196	snoRNA	0	0	0	0.0000	0.0000	0.0000
ENSG00000281808.1	AL355987.6	snoRNA	0	0	0	0.0000	0.0000	0.0000
ENSG00000281809.1	LINC01394	lncRNA	2	1	1	0.2746	0.0681	0.0736
ENSG00000281825.1	AL355480.4	pseudogene	0	0	0	0.0000	0.0000	0.0000
ENSG00000281831.1	HCP5B	lncRNA	4	6	5	0.1201	0.0298	0.0322
ENSG00000281832.1	LINC00602	lncRNA	0	0	0	0.0000	0.0000	0.0000
ENSG00000281842.2	MIR1291	miRNA	0	0	0	0.0000	0.0000	0.0000
ENSG00000281849.3	AL732314.10	lncRNA	12	10	2	1.4060	0.3487	0.3770
ENSG00000281849.3_PAR_Y	AL732314.10	lncRNA	0	0	0	0.0000	0.0000	0.0000
ENSG00000281852.1	LINC00891	lncRNA	20	8	12	0.2758	0.0684	0.0739
ENSG00000281856.1	AC106017.2	lncRNA	0	0	0	0.0000	0.0000	0.0000
ENSG00000281859.1	SNORD38B	snoRNA	0	0	0	0.0000	0.0000	0.0000
ENSG00000281863.1	AC034186.2	snoRNA	0	0	0	0.0000	0.0000	0.0000
ENSG00000281880.2	PAUPAR	lncRNA	0	0	0	0.0000	0.0000	0.0000
ENSG00000281883.1	AL512506.3	protein_coding	1	0	1	0.0316	0.0078	0.0085
ENSG00000281887.3	GIMAP1-GIMAP5	protein_coding	0	0	0	0.0000	0.0000	0.0000
ENSG00000281896.1	AC018638.8	transcribed_unprocessed_pseudogene	0	0	0	0.0000	0.0000	0.0000
ENSG00000281903.2	LINC02246	lncRNA	12	9	3	0.1872	0.0464	0.0502
ENSG00000281904.1	AC233263.7	lncRNA	3	3	0	0.0867	0.0215	0.0232
ENSG00000281909.1	HERC2P7	unprocessed_pseudogene	1	1	0	0.0747	0.0185	0.0200
ENSG00000281910.1	SNORA50A	snoRNA	0	0	0	0.0000	0.0000	0.0000
ENSG00000281912.1	LINC01144	lncRNA	145	78	74	4.8087	1.1925	1.2894
ENSG00000281920.1	AC007389.3	lncRNA	5	4	1	0.3811	0.0945	0.1022
ENSG00000281938.2	AC034228.3	protein_coding	0	0	0	0.0000	0.0000	0.0000
ENSG00000281941.1	AC073488.2	processed_pseudogene	0	0	0	0.0000	0.0000	0.0000
ENSG00000281955.1	AC073488.3	processed_pseudogene	0	0	0	0.0000	0.0000	0.0000
ENSG00000281958.1	TRBJ1-4	TR_J_gene	0	0	0	0.0000	0.0000	0.0000
ENSG00000281961.1	AF067845.4	lncRNA	0	0	0	0.0000	0.0000	0.0000
ENSG00000281969.1	AL592158.1	TEC	5	1	4	0.0633	0.0157	0.0170
ENSG00000281974.1	AC025268.1	TEC	3	3	0	0.1419	0.0352	0.0380
ENSG00000281990.1	IGHV1-69-2	IG_V_gene	53	32	21	8.5145	2.1115	2.2830
ENSG00000281991.2	TMEM265	protein_coding	1	0	1	0.0344	0.0085	0.0092
ENSG00000282012.1	AP000357.2	lncRNA	0	0	0	0.0000	0.0000	0.0000
ENSG00000282021.1	AC100810.3	lncRNA	6	5	3	0.1519	0.0377	0.0407
ENSG00000282022.1	AC006581.2	lncRNA	0	0	1	0.0000	0.0000	0.0000
ENSG00000282024.1	AL009031.1	lncRNA	4	2	2	0.1361	0.0337	0.0365
ENSG00000282033.1	AC074387.1	lncRNA	1	0	1	0.0689	0.0171	0.0185
ENSG00000282034.1	AC106886.5	protein_coding	0	0	0	0.0000	0.0000	0.0000
ENSG00000282041.1	Z82244.1	lncRNA	0	0	0	0.0000	0.0000	0.0000
ENSG00000282048.1	AL591742.2	lncRNA	0	0	0	0.0000	0.0000	0.0000
ENSG00000282051.1	AC010507.1	transcribed_processed_pseudogene	0	3	2	0.0000	0.0000	0.0000
ENSG00000282057.1	AC092807.3	lncRNA	65	30	35	1.0219	0.2534	0.2740
ENSG00000282059.1	CICP19	processed_pseudogene	0	0	0	0.0000	0.0000	0.0000
ENSG00000282080.1	AC006511.4	lncRNA	0	0	0	0.0000	0.0000	0.0000
ENSG00000282089.1	IGHD3OR15-3B	IG_D_gene	0	0	0	0.0000	0.0000	0.0000
ENSG00000282097.1	AL160408.6	lncRNA	3	2	1	0.1353	0.0336	0.0363
ENSG00000282100.1	HSP90AB4P	processed_pseudogene	8	7	1	0.2882	0.0715	0.0773
ENSG00000282111.1	LINC02815	lncRNA	0	0	0	0.0000	0.0000	0.0000
ENSG00000282121.1	AL592430.2	lncRNA	0	66	64	0.0000	0.0000	0.0000
ENSG00000282122.1	IGHV7-4-1	IG_V_gene	97	51	46	13.6837	3.3934	3.6691
ENSG00000282133.1	TRBJ1-3	TR_J_gene	0	0	0	0.0000	0.0000	0.0000
ENSG00000282137.1	OR4G3P	unprocessed_pseudogene	0	0	0	0.0000	0.0000	0.0000
ENSG00000282142.2	AC245187.2	lncRNA	0	0	0	0.0000	0.0000	0.0000
ENSG00000282143.1	AL137798.2	lncRNA	0	0	0	0.0000	0.0000	0.0000
ENSG00000282160.1	AF067845.5	lncRNA	0	0	0	0.0000	0.0000	0.0000
ENSG00000282164.3	PEG13	lncRNA	45	27	18	0.4517	0.1120	0.1211
ENSG00000282173.1	TRBJ1-5	TR_J_gene	1	0	1	1.1342	0.2813	0.3041
ENSG00000282199.1	AC007993.3	lncRNA	4	2	2	0.2726	0.0676	0.0731
ENSG00000282206.1	AC233280.36	unprocessed_pseudogene	3	1	3	1.2510	0.3102	0.3354
ENSG00000282218.1	AL132671.2	protein_coding	0	0	0	0.0000	0.0000	0.0000
ENSG00000282221.1	AC119427.1	lncRNA	0	0	0	0.0000	0.0000	0.0000
ENSG00000282222.1	AC073488.4	processed_pseudogene	0	0	0	0.0000	0.0000	0.0000
ENSG00000282246.1	AL157392.5	protein_coding	0	0	0	0.0000	0.0000	0.0000
ENSG00000282265.1	AL450990.1	lncRNA	1	0	1	0.0974	0.0242	0.0261
ENSG00000282268.1	IGHD2OR15-2B	IG_D_gene	0	0	0	0.0000	0.0000	0.0000
ENSG00000282277.1	CYP3A51P	unprocessed_pseudogene	0	0	0	0.0000	0.0000	0.0000
ENSG00000282278.1	AC058822.1	protein_coding	0	0	0	0.0000	0.0000	0.0000
ENSG00000282299.1	AC073488.5	processed_pseudogene	0	0	0	0.0000	0.0000	0.0000
ENSG00000282300.1	AC073488.6	processed_pseudogene	0	0	0	0.0000	0.0000	0.0000
ENSG00000282301.3	CYP3A7-CYP3A51P	protein_coding	0	0	0	0.0000	0.0000	0.0000
ENSG00000282304.1	AC140479.4	lncRNA	0	0	0	0.0000	0.0000	0.0000
ENSG00000282306.1	AC073488.7	processed_pseudogene	0	0	0	0.0000	0.0000	0.0000
ENSG00000282308.1	DPRXP3	processed_pseudogene	0	0	0	0.0000	0.0000	0.0000
ENSG00000282317.1	AL451007.2	lncRNA	0	0	0	0.0000	0.0000	0.0000
ENSG00000282320.1	TRBJ1-1	TR_J_gene	2	1	1	2.3629	0.5860	0.6336
ENSG00000282321.1	MTND1P7	unprocessed_pseudogene	0	0	0	0.0000	0.0000	0.0000
ENSG00000282327.1	AC134503.1	processed_pseudogene	0	0	0	0.0000	0.0000	0.0000
ENSG00000282339.1	AC010507.2	transcribed_processed_pseudogene	0	0	0	0.0000	0.0000	0.0000
ENSG00000282358.1	AC073488.8	processed_pseudogene	0	0	0	0.0000	0.0000	0.0000
ENSG00000282375.1	AC100797.4	lncRNA	0	0	0	0.0000	0.0000	0.0000
ENSG00000282381.1	AC104073.4	lncRNA	1	1	0	0.0948	0.0235	0.0254
ENSG00000282386.1	AL358472.4	lncRNA	51	26	25	4.0735	1.0102	1.0923
ENSG00000282390.1	AL392083.1	lncRNA	6	3	3	0.1140	0.0283	0.0306
ENSG00000282393.1	AC016588.2	lncRNA	5	3	2	0.0939	0.0233	0.0252
ENSG00000282408.1	AL109920.1	lncRNA	0	29	20	0.0000	0.0000	0.0000
ENSG00000282413.1	AL133461.1	processed_pseudogene	0	0	0	0.0000	0.0000	0.0000
ENSG00000282416.1	AC092299.1	processed_pseudogene	1	0	1	0.0749	0.0186	0.0201
ENSG00000282418.1	AC092811.1	lncRNA	0	0	0	0.0000	0.0000	0.0000
ENSG00000282419.3	TEX13D	protein_coding	1	0	1	0.0132	0.0033	0.0035
ENSG00000282420.1	TRBJ1-2	TR_J_gene	1	1	0	1.1815	0.2930	0.3168
ENSG00000282431.1	TRBD1	TR_D_gene	0	0	0	0.0000	0.0000	0.0000
ENSG00000282432.1	AL356095.3	transcribed_unprocessed_pseudogene	0	0	0	0.0000	0.0000	0.0000
ENSG00000282440.1	AC074099.1	lncRNA	0	0	0	0.0000	0.0000	0.0000
ENSG00000282458.1	WASH5P	transcribed_processed_pseudogene	30	8	22	0.2687	0.0666	0.0721
ENSG00000282478.1	AL109837.2	lncRNA	0	0	0	0.0000	0.0000	0.0000
ENSG00000282499.1	TRBV25-1	TR_V_gene	0	0	0	0.0000	0.0000	0.0000
ENSG00000282501.1	AC073488.9	processed_pseudogene	0	0	0	0.0000	0.0000	0.0000
ENSG00000282502.1	FKBP1AP4	processed_pseudogene	0	0	0	0.0000	0.0000	0.0000
ENSG00000282508.2	LINC01002	lncRNA	73	34	41	0.4752	0.1179	0.1274
ENSG00000282511.1	CLUHP10	unprocessed_pseudogene	0	0	0	0.0000	0.0000	0.0000
ENSG00000282520.1	IGHD3OR15-3A	IG_D_gene	0	0	0	0.0000	0.0000	0.0000
ENSG00000282527.1	AC110491.3	lncRNA	0	28	33	0.0000	0.0000	0.0000
ENSG00000282535.1	AC092192.1	lncRNA	0	0	0	0.0000	0.0000	0.0000
ENSG00000282542.1	AC008993.1	TEC	0	0	0	0.0000	0.0000	0.0000
ENSG00000282556.3	AC068733.3	lncRNA	5	458	441	0.0595	0.0148	0.0160
ENSG00000282564.1	AL133516.1	lncRNA	0	0	0	0.0000	0.0000	0.0000
ENSG00000282572.2	AC215522.2	lncRNA	4	2	2	0.1458	0.0362	0.0391
ENSG00000282591.1	FAM138F	lncRNA	0	0	0	0.0000	0.0000	0.0000
ENSG00000282599.1	IGHD2OR15-2A	IG_D_gene	0	0	0	0.0000	0.0000	0.0000
ENSG00000282600.2	IGHV3-69-1	IG_V_pseudogene	4	1	3	0.6481	0.1607	0.1738
ENSG00000282602.1	Z82244.2	lncRNA	0	0	0	0.0000	0.0000	0.0000
ENSG00000282608.2	ADORA3	protein_coding	1325	638	687	29.3518	7.2790	7.8702
ENSG00000282625.1	MRPL57P8	processed_pseudogene	0	0	0	0.0000	0.0000	0.0000
ENSG00000282639.1	IGHV3-64D	IG_V_gene	5	2	3	0.8033	0.1992	0.2154
ENSG00000282651.2	IGHV5-10-1	IG_V_gene	2	1	1	0.2766	0.0686	0.0742
ENSG00000282668.1	AC073488.10	processed_pseudogene	0	0	0	0.0000	0.0000	0.0000
ENSG00000282686.1	AC245519.2	lncRNA	0	0	0	0.0000	0.0000	0.0000
ENSG00000282692.1	AC129915.3	lncRNA	0	0	0	0.0000	0.0000	0.0000
ENSG00000282697.1	AC073488.11	processed_pseudogene	0	0	0	0.0000	0.0000	0.0000
ENSG00000282718.1	AC104333.4	lncRNA	0	0	0	0.0000	0.0000	0.0000
ENSG00000282728.1	PGR-AS1	lncRNA	14	29	34	0.4426	0.1097	0.1187
ENSG00000282732.1	AC073539.14	unprocessed_pseudogene	0	0	0	0.0000	0.0000	0.0000
ENSG00000282738.1	AC243829.7	unprocessed_pseudogene	0	0	0	0.0000	0.0000	0.0000
ENSG00000282740.1	AL021920.3	lncRNA	0	0	0	0.0000	0.0000	0.0000
ENSG00000282742.1	AC093323.3	TEC	2	2	0	0.1195	0.0296	0.0320
ENSG00000282757.4	DUXB	protein_coding	1	0	1	0.0508	0.0126	0.0136
ENSG00000282759.1	AC026950.2	lncRNA	0	0	0	0.0000	0.0000	0.0000
ENSG00000282772.1	AL358790.1	lncRNA	2	200	241	0.1227	0.0304	0.0329
ENSG00000282780.1	TRBJ1-6	TR_J_gene	3	1	2	3.2100	0.7960	0.8607
ENSG00000282785.1	MALLP1	transcribed_unprocessed_pseudogene	0	0	0	0.0000	0.0000	0.0000
ENSG00000282787.1	AL157888.1	lncRNA	10	10	4	0.9563	0.2372	0.2564
ENSG00000282793.1	AC090164.4	lncRNA	0	0	0	0.0000	0.0000	0.0000
ENSG00000282798.1	AC008993.2	TEC	0	0	0	0.0000	0.0000	0.0000
ENSG00000282804.1	AL512428.1	protein_coding	0	0	0	0.0000	0.0000	0.0000
ENSG00000282807.3	AC008993.3	lncRNA	0	0	0	0.0000	0.0000	0.0000
ENSG00000282815.1	TEX13C	protein_coding	79	32	47	0.8793	0.2181	0.2358
ENSG00000282816.1	AC000035.1	lncRNA	0	2	0	0.0000	0.0000	0.0000
ENSG00000282826.2	FRG1CP	transcribed_unprocessed_pseudogene	663	346	320	13.7724	3.4154	3.6928
ENSG00000282828.2	AC009971.1	lncRNA	0	0	0	0.0000	0.0000	0.0000
ENSG00000282834.1	AP000787.3	processed_pseudogene	1	0	1	0.1847	0.0458	0.0495
ENSG00000282836.1	AC068544.2	lncRNA	1	0	1	0.2287	0.0567	0.0613
ENSG00000282840.1	AC004554.1	lncRNA	4	3	1	0.1198	0.0297	0.0321
ENSG00000282842.1	FRG2EP	unprocessed_pseudogene	0	0	0	0.0000	0.0000	0.0000
ENSG00000282843.1	AL590644.2	lncRNA	0	0	0	0.0000	0.0000	0.0000
ENSG00000282849.1	AL359834.1	lncRNA	1	1	1	0.0889	0.0220	0.0238
ENSG00000282850.2	RHOXF1P2	unprocessed_pseudogene	0	0	0	0.0000	0.0000	0.0000
ENSG00000282851.2	BISPR	lncRNA	917	526	557	17.0782	4.2352	4.5792
ENSG00000282852.1	AL137790.2	processed_pseudogene	0	0	0	0.0000	0.0000	0.0000
ENSG00000282855.1	AC093591.3	processed_pseudogene	1	0	1	0.1841	0.0457	0.0494
ENSG00000282859.1	AC003992.1	lncRNA	0	0	0	0.0000	0.0000	0.0000
ENSG00000282860.1	AC084035.1	lncRNA	0	0	0	0.0000	0.0000	0.0000
ENSG00000282863.1	AC012560.1	lncRNA	3	2	1	0.1242	0.0308	0.0333
ENSG00000282864.1	AL356118.1	TEC	0	0	0	0.0000	0.0000	0.0000
ENSG00000282865.1	AL157815.1	TEC	0	0	0	0.0000	0.0000	0.0000
ENSG00000282870.1	FRG1DP	unprocessed_pseudogene	58	40	21	4.2661	1.0580	1.1439
ENSG00000282872.2	C1orf232	protein_coding	0	0	0	0.0000	0.0000	0.0000
ENSG00000282875.1	BX322534.1	processed_pseudogene	0	0	1	0.0000	0.0000	0.0000
ENSG00000282876.1	Z98752.4	lncRNA	10	5	5	0.9645	0.2392	0.2586
ENSG00000282879.1	AC095038.3	processed_pseudogene	0	0	0	0.0000	0.0000	0.0000
ENSG00000282881.2	TMEM275	protein_coding	0	0	0	0.0000	0.0000	0.0000
ENSG00000282882.2	AC027045.2	lncRNA	0	0	0	0.0000	0.0000	0.0000
ENSG00000282885.2	AL627171.2	lncRNA	51	42	30	1.4219	0.3526	0.3813
ENSG00000282886.1	PTMAP12	processed_pseudogene	6	3	3	1.0311	0.2557	0.2765
ENSG00000282887.2	AL358215.2	lncRNA	0	0	0	0.0000	0.0000	0.0000
ENSG00000282890.1	AC009975.1	lncRNA	1	1	0	0.0210	0.0052	0.0056
ENSG00000282894.1	DUX4L33	unprocessed_pseudogene	0	0	0	0.0000	0.0000	0.0000
ENSG00000282897.1	AL162727.3	TEC	2	3	0	0.0407	0.0101	0.0109
ENSG00000282898.1	AL353651.2	lncRNA	0	0	0	0.0000	0.0000	0.0000
ENSG00000282904.2	AC107398.4	lncRNA	1	41	45	0.0504	0.0125	0.0135
ENSG00000282906.1	AL513321.2	lncRNA	0	0	0	0.0000	0.0000	0.0000
ENSG00000282907.1	Z98883.1	lncRNA	0	0	0	0.0000	0.0000	0.0000
ENSG00000282909.2	AC007241.2	transcribed_unprocessed_pseudogene	0	0	0	0.0000	0.0000	0.0000
ENSG00000282911.1	DUX4L35	unprocessed_pseudogene	1	0	1	0.0718	0.0178	0.0192
ENSG00000282912.1	AC108724.2	processed_pseudogene	0	1	1	0.0000	0.0000	0.0000
ENSG00000282914.1	Z83818.2	lncRNA	0	0	0	0.0000	0.0000	0.0000
ENSG00000282915.1	AC091769.1	lncRNA	0	0	0	0.0000	0.0000	0.0000
ENSG00000282916.2	LINC02746	lncRNA	0	0	0	0.0000	0.0000	0.0000
ENSG00000282917.2	AC107068.2	lncRNA	2	93	79	0.0501	0.0124	0.0134
ENSG00000282921.1	CFTRP2	processed_pseudogene	0	0	0	0.0000	0.0000	0.0000
ENSG00000282924.1	AC136428.4	unprocessed_pseudogene	0	0	0	0.0000	0.0000	0.0000
ENSG00000282925.1	AC010424.3	lncRNA	0	0	0	0.0000	0.0000	0.0000
ENSG00000282927.1	AC136944.6	processed_pseudogene	0	0	0	0.0000	0.0000	0.0000
ENSG00000282933.2	RHOXF1P3	transcribed_unprocessed_pseudogene	1	159	167	0.0212	0.0053	0.0057
ENSG00000282935.1	DUX4L34	unprocessed_pseudogene	1	0	1	0.0453	0.0112	0.0121
ENSG00000282936.2	AC004706.3	protein_coding	46	28	18	0.5386	0.1336	0.1444
ENSG00000282939.1	TRBV7-2	TR_V_gene	47	24	23	6.7649	1.6776	1.8139
ENSG00000282943.1	AC004784.1	lncRNA	0	0	4	0.0000	0.0000	0.0000
ENSG00000282944.1	AC140481.3	lncRNA	0	0	0	0.0000	0.0000	0.0000
ENSG00000282946.1	AC018558.5	processed_pseudogene	0	0	0	0.0000	0.0000	0.0000
ENSG00000282949.1	PCMTD1P7	unprocessed_pseudogene	0	0	0	0.0000	0.0000	0.0000
ENSG00000282950.1	AC063952.4	lncRNA	0	0	0	0.0000	0.0000	0.0000
ENSG00000282951.1	AC008537.4	lncRNA	14	248	285	0.7198	0.1785	0.1930
ENSG00000282952.1	AL583852.1	lncRNA	1	1	0	0.0991	0.0246	0.0266
ENSG00000282961.1	PRNCR1	lncRNA	1	2	2	0.0045	0.0011	0.0012
ENSG00000282964.1	AC026108.1	lncRNA	1	1	0	0.1037	0.0257	0.0278
ENSG00000282965.1	AP001005.3	lncRNA	1	0	1	0.0765	0.0190	0.0205
ENSG00000282968.1	AGGF1P10	processed_pseudogene	0	0	0	0.0000	0.0000	0.0000
ENSG00000282973.1	AC141257.3	processed_pseudogene	0	0	0	0.0000	0.0000	0.0000
ENSG00000282975.1	LINC02034	lncRNA	0	0	0	0.0000	0.0000	0.0000
ENSG00000282977.1	PCBP2-OT1	lncRNA	3	2	1	0.2884	0.0715	0.0773
ENSG00000282978.1	AC110994.2	processed_pseudogene	3	2	1	0.3458	0.0858	0.0927
ENSG00000282980.1	AC055839.1	processed_pseudogene	1	0	1	0.1139	0.0282	0.0305
ENSG00000282987.1	AC099753.1	lncRNA	0	0	0	0.0000	0.0000	0.0000
ENSG00000282988.2	AL031777.2	protein_coding	4	6	6	0.1075	0.0267	0.0288
ENSG00000282989.1	PDCL3P2	processed_pseudogene	2	0	2	0.1575	0.0391	0.0422
ENSG00000282993.1	AL356737.1	TEC	0	0	0	0.0000	0.0000	0.0000
ENSG00000282994.1	AC215524.1	processed_pseudogene	0	0	0	0.0000	0.0000	0.0000
ENSG00000282995.1	FRG1EP	unprocessed_pseudogene	43	20	25	3.1669	0.7854	0.8492
ENSG00000282996.1	MPP7-DT	lncRNA	2	0	2	0.1345	0.0334	0.0361
ENSG00000282997.1	AL162456.1	lncRNA	0	0	0	0.0000	0.0000	0.0000
ENSG00000282998.1	AC009975.2	lncRNA	0	0	0	0.0000	0.0000	0.0000
ENSG00000283000.2	LINC02635	lncRNA	311	162	149	14.6851	3.6418	3.9376
ENSG00000283001.2	AL450426.1	lncRNA	0	0	0	0.0000	0.0000	0.0000
ENSG00000283003.2	AC007221.1	lncRNA	0	0	0	0.0000	0.0000	0.0000
ENSG00000283005.1	CDC27P3	processed_pseudogene	0	0	0	0.0000	0.0000	0.0000
ENSG00000283010.1	AL589826.2	lncRNA	0	0	0	0.0000	0.0000	0.0000
ENSG00000283016.1	ATP5MC1P2	processed_pseudogene	7	4	3	0.9659	0.2395	0.2590
ENSG00000283020.1	DUX4L37	unprocessed_pseudogene	1	1	0	0.0779	0.0193	0.0209
ENSG00000283023.1	FRG1GP	unprocessed_pseudogene	30	22	8	2.1981	0.5451	0.5894
ENSG00000283025.1	AC027045.3	lncRNA	0	0	0	0.0000	0.0000	0.0000
ENSG00000283031.2	AC009242.1	lncRNA	5	1	4	0.1008	0.0250	0.0270
ENSG00000283033.1	AC022596.2	lncRNA	1	0	1	0.0184	0.0046	0.0049
ENSG00000283036.3	LINC01988	lncRNA	1	2	0	0.0557	0.0138	0.0149
ENSG00000283039.1	KLF18	protein_coding	0	0	0	0.0000	0.0000	0.0000
ENSG00000283040.1	AL669831.5	transcribed_unprocessed_pseudogene	0	0	0	0.0000	0.0000	0.0000
ENSG00000283041.1	AC008038.1	processed_pseudogene	461	217	244	19.8960	4.9340	5.3348
ENSG00000283043.1	AC097655.1	processed_pseudogene	0	0	0	0.0000	0.0000	0.0000
ENSG00000283044.1	AL391597.1	lncRNA	0	0	0	0.0000	0.0000	0.0000
ENSG00000283045.1	AC103703.1	lncRNA	1	0	1	0.0855	0.0212	0.0229
ENSG00000283047.1	FRG1FP	unprocessed_pseudogene	8	4	4	0.6057	0.1502	0.1624
ENSG00000283050.2	GTF2IP12	transcribed_unprocessed_pseudogene	406	228	227	2.2606	0.5606	0.6061
ENSG00000283051.1	LINC01668	lncRNA	0	0	0	0.0000	0.0000	0.0000
ENSG00000283052.1	LINC02456	lncRNA	1	1	0	0.0429	0.0106	0.0115
ENSG00000283053.1	AL390862.1	lncRNA	0	0	0	0.0000	0.0000	0.0000
ENSG00000283057.1	AC010653.3	processed_pseudogene	0	0	0	0.0000	0.0000	0.0000
ENSG00000283058.1	AC009234.1	lncRNA	0	0	0	0.0000	0.0000	0.0000
ENSG00000283061.1	AC215522.3	lncRNA	0	0	0	0.0000	0.0000	0.0000
ENSG00000283063.1	TRBV6-2	TR_V_gene	2	1	1	0.2675	0.0663	0.0717
ENSG00000283064.1	AL353759.1	lncRNA	8	44	50	0.2875	0.0713	0.0771
ENSG00000283065.1	AC133561.4	processed_pseudogene	0	0	0	0.0000	0.0000	0.0000
ENSG00000283069.1	DUX4L32	unprocessed_pseudogene	1	1	0	0.0750	0.0186	0.0201
ENSG00000283071.1	LBHD2	protein_coding	6	5	1	0.4648	0.1153	0.1246
ENSG00000283072.3	AL158175.1	lncRNA	0	0	1	0.0000	0.0000	0.0000
ENSG00000283075.1	AL157931.2	lncRNA	0	0	0	0.0000	0.0000	0.0000
ENSG00000283076.1	AC015978.2	transcribed_unprocessed_pseudogene	0	0	0	0.0000	0.0000	0.0000
ENSG00000283078.1	AL137077.2	lncRNA	131	74	57	4.6200	1.1457	1.2388
ENSG00000283083.2	LINC02498	lncRNA	0	0	0	0.0000	0.0000	0.0000
ENSG00000283084.1	AC026634.1	processed_pseudogene	2	2	0	0.5728	0.1421	0.1536
ENSG00000283093.1	CENPVL2	protein_coding	0	0	0	0.0000	0.0000	0.0000
ENSG00000283095.1	FP565171.1	lncRNA	0	0	0	0.0000	0.0000	0.0000
ENSG00000283096.1	AL731555.1	lncRNA	0	1	0	0.0000	0.0000	0.0000
ENSG00000283097.1	AL159152.1	TEC	0	0	0	0.0000	0.0000	0.0000
ENSG00000283098.2	AL132857.1	lncRNA	3	1	2	0.0821	0.0204	0.0220
ENSG00000283101.1	BMS1P21	transcribed_unprocessed_pseudogene	0	0	0	0.0000	0.0000	0.0000
ENSG00000283103.3	AC010642.2	lncRNA	102	1155	1230	1.2949	0.3211	0.3472
ENSG00000283108.1	AC011451.3	lncRNA	4	2	2	0.2426	0.0602	0.0651
ENSG00000283110.1	AC141257.4	processed_pseudogene	0	0	0	0.0000	0.0000	0.0000
ENSG00000283117.1	MGC4859	lncRNA	0	2	2	0.0000	0.0000	0.0000
ENSG00000283118.1	AC009951.5	lncRNA	1	0	1	0.0881	0.0218	0.0236
ENSG00000283122.1	HYMAI	lncRNA	4	3	1	0.0678	0.0168	0.0182
ENSG00000283123.1	RARRES2P11	processed_pseudogene	0	0	0	0.0000	0.0000	0.0000
ENSG00000283125.1	AC022726.2	lncRNA	0	0	0	0.0000	0.0000	0.0000
ENSG00000283126.1	MIR1297	miRNA	0	0	0	0.0000	0.0000	0.0000
ENSG00000283128.2	AC009403.2	lncRNA	3	2	1	0.0179	0.0044	0.0048
ENSG00000283130.1	AL445984.1	processed_pseudogene	0	0	0	0.0000	0.0000	0.0000
ENSG00000283131.1	MTND2P41	unprocessed_pseudogene	1	0	1	0.0734	0.0182	0.0197
ENSG00000283132.1	AC006453.1	unprocessed_pseudogene	0	0	0	0.0000	0.0000	0.0000
ENSG00000283133.1	AC021753.1	processed_pseudogene	0	0	0	0.0000	0.0000	0.0000
ENSG00000283136.1	U6	snRNA	0	0	0	0.0000	0.0000	0.0000
ENSG00000283138.1	AC006207.1	lncRNA	0	0	0	0.0000	0.0000	0.0000
ENSG00000283141.1	LINC02666	lncRNA	16	9	7	0.9028	0.2239	0.2421
ENSG00000283142.1	AL049767.1	transcribed_unprocessed_pseudogene	0	0	0	0.0000	0.0000	0.0000
ENSG00000283145.1	AP000550.3	unprocessed_pseudogene	0	0	0	0.0000	0.0000	0.0000
ENSG00000283146.1	MIR548AU	miRNA	0	0	0	0.0000	0.0000	0.0000
ENSG00000283148.1	AC137936.1	lncRNA	2	2	0	0.1342	0.0333	0.0360
ENSG00000283149.1	AC068631.2	protein_coding	0	0	0	0.0000	0.0000	0.0000
ENSG00000283152.1	MIR3120	miRNA	0	23	28	0.0000	0.0000	0.0000
ENSG00000283154.2	IQCJ-SCHIP1	protein_coding	49	23	26	0.6303	0.1563	0.1690
ENSG00000283155.1	AC116353.5	lncRNA	0	0	0	0.0000	0.0000	0.0000
ENSG00000283156.1	AC068620.3	transcribed_unprocessed_pseudogene	14	7	7	0.1732	0.0429	0.0464
ENSG00000283157.1	AC012564.1	lncRNA	1	1	0	0.1018	0.0252	0.0273
ENSG00000283159.1	MIR665	miRNA	0	0	0	0.0000	0.0000	0.0000
ENSG00000283160.1	MIR4521	miRNA	1	0	1	0.9452	0.2344	0.2534
ENSG00000283162.1	AL390726.5	transcribed_unprocessed_pseudogene	384	179	212	10.1760	2.5235	2.7285
ENSG00000283164.1	AC012507.3	lncRNA	0	0	0	0.0000	0.0000	0.0000
ENSG00000283165.1	MIR203B	miRNA	0	0	0	0.0000	0.0000	0.0000
ENSG00000283166.1	AL590396.2	processed_pseudogene	0	0	0	0.0000	0.0000	0.0000
ENSG00000283167.2	AC140479.5	unprocessed_pseudogene	1	1	0	0.0143	0.0035	0.0038
ENSG00000283170.1	MIR382	miRNA	0	0	0	0.0000	0.0000	0.0000
ENSG00000283172.1	MIR548D1	miRNA	0	4	3	0.0000	0.0000	0.0000
ENSG00000283174.1	MTCO1P38	processed_pseudogene	0	0	0	0.0000	0.0000	0.0000
ENSG00000283175.1	AC007920.2	lncRNA	0	0	0	0.0000	0.0000	0.0000
ENSG00000283176.1	AC103706.2	processed_pseudogene	2	1	1	0.4726	0.1172	0.1267
ENSG00000283178.1	BX119927.1	unprocessed_pseudogene	4	2	2	0.1462	0.0362	0.0392
ENSG00000283180.1	MIR6767	miRNA	0	0	0	0.0000	0.0000	0.0000
ENSG00000283183.2	AC116565.1	lncRNA	0	0	0	0.0000	0.0000	0.0000
ENSG00000283188.1	MIR2052	miRNA	2	1	1	2.0622	0.5114	0.5529
ENSG00000283189.2	AC104452.1	protein_coding	0	0	0	0.0000	0.0000	0.0000
ENSG00000283193.1	MIR1243	miRNA	0	0	0	0.0000	0.0000	0.0000
ENSG00000283195.1	IGHVII-43-1	IG_V_pseudogene	0	0	0	0.0000	0.0000	0.0000
ENSG00000283196.2	LSP1P5	transcribed_unprocessed_pseudogene	161	88	74	3.7822	0.9380	1.0141
ENSG00000283197.1	AC103706.3	processed_pseudogene	2	2	0	1.3344	0.3309	0.3578
ENSG00000283199.3	C13orf46	protein_coding	11	8	3	0.1627	0.0404	0.0436
ENSG00000283200.1	MIR1206	miRNA	0	0	0	0.0000	0.0000	0.0000
ENSG00000283201.1	AC092329.3	protein_coding	0	0	0	0.0000	0.0000	0.0000
ENSG00000283202.1	AC010149.2	unitary_pseudogene	0	0	0	0.0000	0.0000	0.0000
ENSG00000283203.1	MIR1246	miRNA	0	0	0	0.0000	0.0000	0.0000
ENSG00000283204.1	MIR4434	miRNA	0	0	0	0.0000	0.0000	0.0000
ENSG00000283205.1	AL353572.3	protein_coding	0	0	0	0.0000	0.0000	0.0000
ENSG00000283206.1	MIR941-1	miRNA	0	0	0	0.0000	0.0000	0.0000
ENSG00000283207.1	MIR1255B1	miRNA	0	0	0	0.0000	0.0000	0.0000
ENSG00000283208.2	AC001226.2	protein_coding	8	97	119	0.0738	0.0183	0.0198
ENSG00000283209.1	AC106858.1	lncRNA	11	7	4	1.4541	0.3606	0.3899
ENSG00000283210.1	MIR1322	miRNA	0	0	0	0.0000	0.0000	0.0000
ENSG00000283211.1	AL773545.4	unprocessed_pseudogene	0	0	0	0.0000	0.0000	0.0000
ENSG00000283212.1	MIR642B	miRNA	0	1	0	0.0000	0.0000	0.0000
ENSG00000283213.1	AC130466.1	lncRNA	7	4	3	0.0696	0.0173	0.0187
ENSG00000283214.1	AC006453.2	unprocessed_pseudogene	0	0	0	0.0000	0.0000	0.0000
ENSG00000283215.2	LINC02537	lncRNA	0	0	0	0.0000	0.0000	0.0000
ENSG00000283217.1	AC068205.1	lncRNA	0	0	0	0.0000	0.0000	0.0000
ENSG00000283218.1	MIR302F	miRNA	0	0	0	0.0000	0.0000	0.0000
ENSG00000283219.1	AC006160.2	unprocessed_pseudogene	0	0	0	0.0000	0.0000	0.0000
ENSG00000283221.1	AC007218.2	lncRNA	0	0	0	0.0000	0.0000	0.0000
ENSG00000283222.1	MIR4433A	miRNA	0	0	0	0.0000	0.0000	0.0000
ENSG00000283225.1	MIR3199-2	miRNA	0	0	0	0.0000	0.0000	0.0000
ENSG00000283227.1	SPRR5	protein_coding	0	0	0	0.0000	0.0000	0.0000
ENSG00000283228.1	AC068547.1	protein_coding	0	0	0	0.0000	0.0000	0.0000
ENSG00000283230.1	AC099654.4	unprocessed_pseudogene	0	0	0	0.0000	0.0000	0.0000
ENSG00000283232.1	CYP2C23P	unitary_pseudogene	0	0	0	0.0000	0.0000	0.0000
ENSG00000283234.1	AL590556.2	transcribed_unitary_pseudogene	0	0	0	0.0000	0.0000	0.0000
ENSG00000283235.2	AC139493.2	lncRNA	0	0	0	0.0000	0.0000	0.0000
ENSG00000283236.1	AC074141.1	transcribed_unprocessed_pseudogene	56	27	29	1.0604	0.2630	0.2843
ENSG00000283237.1	MIR550B1	miRNA	0	0	0	0.0000	0.0000	0.0000
ENSG00000283238.1	MIR1245B	miRNA	0	2	0	0.0000	0.0000	0.0000
ENSG00000283239.1	AC019257.8	protein_coding	0	0	0	0.0000	0.0000	0.0000
ENSG00000283240.1	AC007529.2	lncRNA	7	5	3	0.3629	0.0900	0.0973
ENSG00000283242.1	MIR384	miRNA	0	0	0	0.0000	0.0000	0.0000
ENSG00000283246.1	MEP1AP1	unprocessed_pseudogene	0	0	0	0.0000	0.0000	0.0000
ENSG00000283247.2	CCDC201	protein_coding	0	0	0	0.0000	0.0000	0.0000
ENSG00000283249.1	U6	snRNA	0	0	0	0.0000	0.0000	0.0000
ENSG00000283251.1	AC008687.7	transcribed_unprocessed_pseudogene	0	0	0	0.0000	0.0000	0.0000
ENSG00000283255.1	AL022100.2	lncRNA	0	0	0	0.0000	0.0000	0.0000
ENSG00000283256.1	U6	snRNA	0	0	0	0.0000	0.0000	0.0000
ENSG00000283257.1	AP001184.1	unprocessed_pseudogene	0	0	0	0.0000	0.0000	0.0000
ENSG00000283258.2	AC007491.1	lncRNA	0	0	0	0.0000	0.0000	0.0000
ENSG00000283259.1	AC242022.1	lncRNA	0	0	0	0.0000	0.0000	0.0000
ENSG00000283262.1	U6	snRNA	0	0	0	0.0000	0.0000	0.0000
ENSG00000283265.1	AL356234.3	lncRNA	4	4	0	0.1956	0.0485	0.0524
ENSG00000283267.1	FAM237B	protein_coding	11	7	4	0.1609	0.0399	0.0431
ENSG00000283268.1	TEX54	protein_coding	0	0	0	0.0000	0.0000	0.0000
ENSG00000283269.1	AC005524.1	transcribed_unprocessed_pseudogene	0	0	0	0.0000	0.0000	0.0000
ENSG00000283270.1	MALLP2	transcribed_unprocessed_pseudogene	0	0	0	0.0000	0.0000	0.0000
ENSG00000283271.1	U6	snRNA	0	0	0	0.0000	0.0000	0.0000
ENSG00000283273.1	AC138649.5	unprocessed_pseudogene	0	0	0	0.0000	0.0000	0.0000
ENSG00000283274.1	5_8S_rRNA	rRNA	0	0	0	0.0000	0.0000	0.0000
ENSG00000283275.1	MIR4275	miRNA	0	0	0	0.0000	0.0000	0.0000
ENSG00000283278.1	MIR3914-2	miRNA	0	0	0	0.0000	0.0000	0.0000
ENSG00000283279.1	MIR376C	miRNA	1	0	1	0.8592	0.2131	0.2304
ENSG00000283281.1	MIR7978	miRNA	0	0	0	0.0000	0.0000	0.0000
ENSG00000283283.2	AC013268.4	unprocessed_pseudogene	4	0	4	0.0624	0.0155	0.0167
ENSG00000283285.1	AC011460.1	unprocessed_pseudogene	0	0	0	0.0000	0.0000	0.0000
ENSG00000283286.1	AC093277.1	lncRNA	0	0	0	0.0000	0.0000	0.0000
ENSG00000283288.1	SMIM33	protein_coding	4	0	4	0.0874	0.0217	0.0234
ENSG00000283289.1	MIR524	miRNA	0	0	0	0.0000	0.0000	0.0000
ENSG00000283290.1	U6	snRNA	0	0	0	0.0000	0.0000	0.0000
ENSG00000283291.1	5_8S_rRNA	rRNA	0	0	0	0.0000	0.0000	0.0000
ENSG00000283293.1	RN7SK	snRNA	0	0	0	0.0000	0.0000	0.0000
ENSG00000283294.1	AP005212.4	lncRNA	6	3	3	0.0971	0.0241	0.0260
ENSG00000283296.1	MIR4256	miRNA	0	0	0	0.0000	0.0000	0.0000
ENSG00000283297.2	TEX52	protein_coding	20	9	11	1.0163	0.2520	0.2725
ENSG00000283298.1	MIR4272	miRNA	0	0	0	0.0000	0.0000	0.0000
ENSG00000283300.1	U6	snRNA	0	0	0	0.0000	0.0000	0.0000
ENSG00000283301.1	MIR4520-2	miRNA	0	0	0	0.0000	0.0000	0.0000
ENSG00000283303.1	AC073869.3	lncRNA	0	0	0	0.0000	0.0000	0.0000
ENSG00000283304.1	LINC02183	lncRNA	0	0	0	0.0000	0.0000	0.0000
ENSG00000283307.1	OR5AK4P	unprocessed_pseudogene	0	0	0	0.0000	0.0000	0.0000
ENSG00000283311.1	MTND6P29	unprocessed_pseudogene	0	0	0	0.0000	0.0000	0.0000
ENSG00000283312.1	AC017104.3	processed_pseudogene	14	12	2	0.4987	0.1237	0.1337
ENSG00000283313.1	U6	snRNA	0	0	0	0.0000	0.0000	0.0000
ENSG00000283314.1	LINC02357	lncRNA	0	0	0	0.0000	0.0000	0.0000
ENSG00000283317.1	AL831711.1	lncRNA	25	9	16	2.4917	0.6179	0.6681
ENSG00000283320.1	MIR103B2	miRNA	0	4	3	0.0000	0.0000	0.0000
ENSG00000283321.1	AC019117.3	protein_coding	0	0	0	0.0000	0.0000	0.0000
ENSG00000283324.1	CTXND2	protein_coding	1	1	0	0.0461	0.0114	0.0124
ENSG00000283326.1	MIR6860	miRNA	0	0	0	0.0000	0.0000	0.0000
ENSG00000283327.1	MIR6841	miRNA	0	0	0	0.0000	0.0000	0.0000
ENSG00000283329.1	FAM240B	protein_coding	0	0	0	0.0000	0.0000	0.0000
ENSG00000283330.1	MIR518D	miRNA	0	0	0	0.0000	0.0000	0.0000
ENSG00000283333.1	MIR7977	miRNA	0	0	0	0.0000	0.0000	0.0000
ENSG00000283334.1	MIR4536-1	miRNA	0	0	0	0.0000	0.0000	0.0000
ENSG00000283335.1	MIR219B	miRNA	0	0	0	0.0000	0.0000	0.0000
ENSG00000283337.1	U6	snRNA	0	0	0	0.0000	0.0000	0.0000
ENSG00000283338.1	AC090582.1	unprocessed_pseudogene	0	0	0	0.0000	0.0000	0.0000
ENSG00000283339.1	AC093726.3	unprocessed_pseudogene	0	0	0	0.0000	0.0000	0.0000
ENSG00000283340.1	MIR3119-1	miRNA	0	0	0	0.0000	0.0000	0.0000
ENSG00000283341.2	AC068205.2	lncRNA	98	44	54	1.5218	0.3774	0.4080
ENSG00000283342.1	NBPF13P	unprocessed_pseudogene	1	0	1	0.0271	0.0067	0.0073
ENSG00000283343.1	MIR4320	miRNA	1	1	0	0.8725	0.2164	0.2339
ENSG00000283345.1	AC127502.3	unprocessed_pseudogene	11	5	6	0.5173	0.1283	0.1387
ENSG00000283346.1	MIR6511B2	miRNA	0	0	0	0.0000	0.0000	0.0000
ENSG00000283347.1	AL160396.1	lncRNA	0	0	0	0.0000	0.0000	0.0000
ENSG00000283349.3	PFN5P	transcribed_unitary_pseudogene	0	0	0	0.0000	0.0000	0.0000
ENSG00000283351.1	MIR3910-2	miRNA	0	0	0	0.0000	0.0000	0.0000
ENSG00000283352.1	AL021368.4	lncRNA	0	0	0	0.0000	0.0000	0.0000
ENSG00000283354.1	AL392088.2	unprocessed_pseudogene	0	0	0	0.0000	0.0000	0.0000
ENSG00000283355.1	AC074194.2	TEC	1	1	0	0.0242	0.0060	0.0065
ENSG00000283356.1	Z97988.2	unprocessed_pseudogene	0	0	0	0.0000	0.0000	0.0000
ENSG00000283359.1	MIR3977	miRNA	0	0	0	0.0000	0.0000	0.0000
ENSG00000283360.1	AL592295.3	lncRNA	9	2	7	0.5914	0.1467	0.1586
ENSG00000283361.2	CFAP97D2	protein_coding	1	1	0	0.0241	0.0060	0.0065
ENSG00000283364.1	MIR451B	miRNA	0	0	0	0.0000	0.0000	0.0000
ENSG00000283365.1	AC007603.3	unitary_pseudogene	0	0	0	0.0000	0.0000	0.0000
ENSG00000283366.2	AC000095.2	transcribed_unprocessed_pseudogene	0	0	0	0.0000	0.0000	0.0000
ENSG00000283367.1	ABBA01000933.1	sRNA	0	0	0	0.0000	0.0000	0.0000
ENSG00000283369.1	U6	snRNA	0	0	0	0.0000	0.0000	0.0000
ENSG00000283371.1	FO624990.1	unprocessed_pseudogene	0	0	0	0.0000	0.0000	0.0000
ENSG00000283372.1	U6	snRNA	0	0	0	0.0000	0.0000	0.0000
ENSG00000283375.1	AC087521.4	lncRNA	0	1341	1247	0.0000	0.0000	0.0000
ENSG00000283376.1	AC011591.2	unitary_pseudogene	1	1	0	0.0722	0.0179	0.0193
ENSG00000283377.1	AL590396.3	processed_pseudogene	0	0	0	0.0000	0.0000	0.0000
ENSG00000283378.1	CNTNAP3C	protein_coding	0	0	0	0.0000	0.0000	0.0000
ENSG00000283379.1	MIR3688-2	miRNA	0	0	0	0.0000	0.0000	0.0000
ENSG00000283380.1	AL807742.1	lncRNA	2	1	1	0.0182	0.0045	0.0049
ENSG00000283381.1	AC024614.3	unprocessed_pseudogene	0	0	0	0.0000	0.0000	0.0000
ENSG00000283383.1	AC108477.1	lncRNA	1	0	1	0.1078	0.0267	0.0289
ENSG00000283384.1	AL138694.1	lncRNA	0	0	0	0.0000	0.0000	0.0000
ENSG00000283385.1	MIR4524A	miRNA	0	1	1	0.0000	0.0000	0.0000
ENSG00000283386.1	MIR4659B	miRNA	0	1	0	0.0000	0.0000	0.0000
ENSG00000283389.1	Metazoa_SRP	misc_RNA	0	0	0	0.0000	0.0000	0.0000
ENSG00000283390.1	AC068631.3	processed_pseudogene	3	0	3	0.7561	0.1875	0.2027
ENSG00000283392.1	AC090952.2	lncRNA	1	0	1	0.0350	0.0087	0.0094
ENSG00000283393.1	AC068205.3	processed_pseudogene	0	0	0	0.0000	0.0000	0.0000
ENSG00000283394.1	MIR7515	miRNA	0	0	0	0.0000	0.0000	0.0000
ENSG00000283399.1	AC004381.3	unprocessed_pseudogene	10	6	5	0.4267	0.1058	0.1144
ENSG00000283400.1	AL807740.1	lncRNA	0	0	0	0.0000	0.0000	0.0000
ENSG00000283402.1	AC087821.2	unprocessed_pseudogene	0	0	0	0.0000	0.0000	0.0000
ENSG00000283403.1	AC005394.2	lncRNA	0	0	0	0.0000	0.0000	0.0000
ENSG00000283405.2	AL121759.2	lncRNA	0	0	0	0.0000	0.0000	0.0000
ENSG00000283408.2	MIR548A1HG	lncRNA	0	0	0	0.0000	0.0000	0.0000
ENSG00000283409.1	MIR3662	miRNA	1	1	0	0.5969	0.1480	0.1601
ENSG00000283411.1	AL590627.2	lncRNA	0	0	0	0.0000	0.0000	0.0000
ENSG00000283412.1	U6	snRNA	0	0	0	0.0000	0.0000	0.0000
ENSG00000283413.1	AC008703.1	lncRNA	43	26	17	2.0771	0.5151	0.5569
ENSG00000283414.1	U6	snRNA	0	0	0	0.0000	0.0000	0.0000
ENSG00000283415.2	AC087280.2	lncRNA	0	5	5	0.0000	0.0000	0.0000
ENSG00000283416.1	MIR1910	miRNA	0	0	0	0.0000	0.0000	0.0000
ENSG00000283417.1	AC024614.4	lncRNA	0	0	0	0.0000	0.0000	0.0000
ENSG00000283418.1	U6	snRNA	2	1	1	1.2889	0.3196	0.3456
ENSG00000283419.1	MIR6874	miRNA	1	1	0	0.7987	0.1981	0.2142
ENSG00000283420.1	MIR4278	miRNA	0	1	0	0.0000	0.0000	0.0000
ENSG00000283421.1	AF001550.2	unitary_pseudogene	1	0	1	0.2613	0.0648	0.0701
ENSG00000283422.1	LINC02452	lncRNA	2	0	2	0.0380	0.0094	0.0102
ENSG00000283423.1	AC109462.3	lncRNA	0	0	0	0.0000	0.0000	0.0000
ENSG00000283426.1	SMBD1P	transcribed_unitary_pseudogene	0	0	0	0.0000	0.0000	0.0000
ENSG00000283427.1	AC006453.3	unprocessed_pseudogene	1	1	1	0.0453	0.0112	0.0121
ENSG00000283428.1	CCDC195	protein_coding	1	0	1	0.0936	0.0232	0.0251
ENSG00000283429.1	MIR1244-3	miRNA	11	4	7	7.3389	1.8200	1.9678
ENSG00000283431.1	AC099654.5	unprocessed_pseudogene	0	0	0	0.0000	0.0000	0.0000
ENSG00000283432.1	U6	snRNA	0	0	0	0.0000	0.0000	0.0000
ENSG00000283433.1	RNA5SP532	rRNA	1	0	1	0.4766	0.1182	0.1278
ENSG00000283434.2	CSNKA2IP	protein_coding	0	0	0	0.0000	0.0000	0.0000
ENSG00000283435.1	MIR1321	miRNA	0	0	0	0.0000	0.0000	0.0000
ENSG00000283436.1	LINC01958	lncRNA	1	1	0	0.0292	0.0072	0.0078
ENSG00000283438.1	Metazoa_SRP	misc_RNA	1	0	1	0.2055	0.0510	0.0551
ENSG00000283439.4	SPEM3	protein_coding	0	0	0	0.0000	0.0000	0.0000
ENSG00000283440.1	LINC01260	lncRNA	0	0	0	0.0000	0.0000	0.0000
ENSG00000283441.1	MIR499B	miRNA	0	0	0	0.0000	0.0000	0.0000
ENSG00000283442.1	U4	snRNA	1	1	0	0.5350	0.1327	0.1435
ENSG00000283443.1	AC018688.1	unprocessed_pseudogene	0	0	0	0.0000	0.0000	0.0000
ENSG00000283444.1	GPR141BP	unitary_pseudogene	0	1	0	0.0000	0.0000	0.0000
ENSG00000283445.1	AL136985.3	lncRNA	17	8	9	0.2034	0.0504	0.0545
ENSG00000283446.1	Z99571.1	unprocessed_pseudogene	0	0	0	0.0000	0.0000	0.0000
ENSG00000283450.1	MIR486-2	miRNA	0	0	1	0.0000	0.0000	0.0000
ENSG00000283451.1	AC009950.2	unitary_pseudogene	0	0	0	0.0000	0.0000	0.0000
ENSG00000283452.1	AC015819.4	sRNA	0	0	0	0.0000	0.0000	0.0000
ENSG00000283453.2	AC244258.1	transcribed_unprocessed_pseudogene	1	0	1	0.0188	0.0047	0.0050
ENSG00000283455.1	MIR523	miRNA	0	0	0	0.0000	0.0000	0.0000
ENSG00000283456.1	MTND1P37	processed_pseudogene	0	0	0	0.0000	0.0000	0.0000
ENSG00000283457.2	AC087565.2	lncRNA	0	0	0	0.0000	0.0000	0.0000
ENSG00000283458.1	AC011139.1	lncRNA	0	2	0	0.0000	0.0000	0.0000
ENSG00000283459.1	AC009804.2	lncRNA	0	0	0	0.0000	0.0000	0.0000
ENSG00000283461.1	MIR550B2	miRNA	0	0	0	0.0000	0.0000	0.0000
ENSG00000283462.2	AC008505.1	lncRNA	0	0	0	0.0000	0.0000	0.0000
ENSG00000283463.2	HSFX4	protein_coding	1	38	41	0.0452	0.0112	0.0121
ENSG00000283464.1	AC244452.35	IG_V_pseudogene	0	0	0	0.0000	0.0000	0.0000
ENSG00000283468.1	MIR4454	miRNA	0	0	0	0.0000	0.0000	0.0000
ENSG00000283469.1	MIR3130-1	miRNA	0	0	0	0.0000	0.0000	0.0000
ENSG00000283471.1	MIR6863	miRNA	0	0	0	0.0000	0.0000	0.0000
ENSG00000283473.4	FAM240A	protein_coding	0	0	0	0.0000	0.0000	0.0000
ENSG00000283474.1	MIR6828	miRNA	0	0	0	0.0000	0.0000	0.0000
ENSG00000283475.1	MIR1244-4	miRNA	87	50	37	58.0443	14.3944	15.5636
ENSG00000283476.1	MIR1279	miRNA	0	42	44	0.0000	0.0000	0.0000
ENSG00000283477.1	MIR6079	miRNA	0	0	0	0.0000	0.0000	0.0000
ENSG00000283479.1	AC002511.3	transcribed_unprocessed_pseudogene	0	0	0	0.0000	0.0000	0.0000
ENSG00000283480.1	AL512380.2	lncRNA	0	1	1	0.0000	0.0000	0.0000
ENSG00000283481.1	MTND4LP32	unprocessed_pseudogene	0	0	0	0.0000	0.0000	0.0000
ENSG00000283483.1	AC068205.4	processed_pseudogene	0	0	0	0.0000	0.0000	0.0000
ENSG00000283484.1	MIR3529	miRNA	0	0	0	0.0000	0.0000	0.0000
ENSG00000283486.2	FAM95C	protein_coding	6	8	4	0.0864	0.0214	0.0232
ENSG00000283487.1	MIR4501	miRNA	0	0	0	0.0000	0.0000	0.0000
ENSG00000283489.1	U6	snRNA	0	0	0	0.0000	0.0000	0.0000
ENSG00000283490.1	MIR518C	miRNA	0	0	0	0.0000	0.0000	0.0000
ENSG00000283491.1	AC017104.4	unprocessed_pseudogene	9	5	4	0.7987	0.1981	0.2142
ENSG00000283492.1	MIR7153	miRNA	0	0	0	0.0000	0.0000	0.0000
ENSG00000283493.1	MIR6086	miRNA	0	0	0	0.0000	0.0000	0.0000
ENSG00000283496.1	ZNF511-PRAP1	protein_coding	0	0	0	0.0000	0.0000	0.0000
ENSG00000283497.1	MIR3160-2	miRNA	0	0	0	0.0000	0.0000	0.0000
ENSG00000283498.1	MIR1244-2	miRNA	89	48	41	59.3787	14.7253	15.9214
ENSG00000283499.1	U6	snRNA	0	0	0	0.0000	0.0000	0.0000
ENSG00000283502.1	U6	snRNA	0	0	0	0.0000	0.0000	0.0000
ENSG00000283503.2	LINC01902	lncRNA	0	0	0	0.0000	0.0000	0.0000
ENSG00000283504.1	AC006974.1	lncRNA	2	2	0	0.0756	0.0187	0.0203
ENSG00000283505.1	MIR5681B	miRNA	0	0	0	0.0000	0.0000	0.0000
ENSG00000283506.1	MIR7157	miRNA	0	0	0	0.0000	0.0000	0.0000
ENSG00000283507.1	MIR1302-1	miRNA	0	0	0	0.0000	0.0000	0.0000
ENSG00000283509.1	U6	snRNA	0	0	0	0.0000	0.0000	0.0000
ENSG00000283511.1	AC137936.2	transcribed_unitary_pseudogene	22	9	13	0.7520	0.1865	0.2016
ENSG00000283513.1	MIR941-3	miRNA	0	0	0	0.0000	0.0000	0.0000
ENSG00000283514.1	MIR3975	miRNA	0	0	0	0.0000	0.0000	0.0000
ENSG00000283515.1	AC020915.4	protein_coding	0	0	0	0.0000	0.0000	0.0000
ENSG00000283516.1	LITAFD	protein_coding	0	0	0	0.0000	0.0000	0.0000
ENSG00000283517.1	AC005144.1	lncRNA	0	0	0	0.0000	0.0000	0.0000
ENSG00000283518.1	LINC02775	lncRNA	0	0	0	0.0000	0.0000	0.0000
ENSG00000283519.1	U2	snRNA	0	0	0	0.0000	0.0000	0.0000
ENSG00000283522.1	MIR3150A	miRNA	0	0	0	0.0000	0.0000	0.0000
ENSG00000283523.1	MIR3926-2	miRNA	0	0	0	0.0000	0.0000	0.0000
ENSG00000283524.2	OR11J7P	unprocessed_pseudogene	0	0	0	0.0000	0.0000	0.0000
ENSG00000283525.1	AC005622.1	transcribed_unprocessed_pseudogene	6	3	3	0.1998	0.0495	0.0536
ENSG00000283526.1	PRRT1B	protein_coding	50	25	25	2.1612	0.5360	0.5795
ENSG00000283527.1	U6	snRNA	0	0	0	0.0000	0.0000	0.0000
ENSG00000283528.2	TCAF2C	protein_coding	1	1	1	0.0220	0.0055	0.0059
ENSG00000283529.1	AL035685.1	transcribed_unprocessed_pseudogene	1	8	11	0.0144	0.0036	0.0038
ENSG00000283532.1	MIR4317	miRNA	0	0	0	0.0000	0.0000	0.0000
ENSG00000283534.1	MIR374C	miRNA	0	7	7	0.0000	0.0000	0.0000
ENSG00000283535.1	AC007064.4	unprocessed_pseudogene	0	0	0	0.0000	0.0000	0.0000
ENSG00000283536.2	AC021072.1	protein_coding	0	0	0	0.0000	0.0000	0.0000
ENSG00000283537.2	AC073264.3	transcribed_unprocessed_pseudogene	8	2	6	0.1759	0.0436	0.0472
ENSG00000283538.3	AC005972.3	lncRNA	68	30	38	1.2889	0.3196	0.3456
ENSG00000283540.1	MIR520F	miRNA	0	0	0	0.0000	0.0000	0.0000
ENSG00000283541.1	BX005040.4	unprocessed_pseudogene	0	0	0	0.0000	0.0000	0.0000
ENSG00000283542.1	OASL2P	unitary_pseudogene	0	0	0	0.0000	0.0000	0.0000
ENSG00000283544.1	ABBA01000935.2	unprocessed_pseudogene	0	0	0	0.0000	0.0000	0.0000
ENSG00000283545.1	U6	snRNA	0	0	0	0.0000	0.0000	0.0000
ENSG00000283546.1	BX088723.1	lncRNA	0	0	0	0.0000	0.0000	0.0000
ENSG00000283547.1	MTATP6P8	unprocessed_pseudogene	0	0	0	0.0000	0.0000	0.0000
ENSG00000283549.1	AC007161.3	lncRNA	0	0	0	0.0000	0.0000	0.0000
ENSG00000283550.1	MIR2054	miRNA	0	0	0	0.0000	0.0000	0.0000
ENSG00000283551.1	SNORD98	snoRNA	0	0	0	0.0000	0.0000	0.0000
ENSG00000283554.1	LINC02341	lncRNA	3	1	2	0.0910	0.0226	0.0244
ENSG00000283555.1	U2	snRNA	0	0	0	0.0000	0.0000	0.0000
ENSG00000283556.1	MIR376B	miRNA	0	0	0	0.0000	0.0000	0.0000
ENSG00000283558.1	MIR3158-2	miRNA	0	0	0	0.0000	0.0000	0.0000
ENSG00000283559.2	AC139491.6	transcribed_unprocessed_pseudogene	0	0	0	0.0000	0.0000	0.0000
ENSG00000283561.1	MIR376A2	miRNA	0	0	0	0.0000	0.0000	0.0000
ENSG00000283562.1	IGHVIII-44	IG_V_pseudogene	0	0	0	0.0000	0.0000	0.0000
ENSG00000283563.1	AC098650.1	protein_coding	0	0	0	0.0000	0.0000	0.0000
ENSG00000283564.1	U6	snRNA	0	0	0	0.0000	0.0000	0.0000
ENSG00000283566.2	AC243725.1	unprocessed_pseudogene	0	0	0	0.0000	0.0000	0.0000
ENSG00000283567.1	C19orf85	protein_coding	2	1	1	0.0878	0.0218	0.0235
ENSG00000283568.1	5_8S_rRNA	rRNA	0	0	0	0.0000	0.0000	0.0000
ENSG00000283569.1	MIR4773-2	miRNA	0	1	0	0.0000	0.0000	0.0000
ENSG00000283571.1	AC245369.21	IG_pseudogene	0	0	0	0.0000	0.0000	0.0000
ENSG00000283572.1	MIR4251	miRNA	0	0	0	0.0000	0.0000	0.0000
ENSG00000283573.1	AL157371.2	lncRNA	6	4	2	0.7089	0.1758	0.1901
ENSG00000283575.1	U6	snRNA	1	0	1	0.5907	0.1465	0.1584
ENSG00000283576.1	AC100810.6	processed_pseudogene	0	0	0	0.0000	0.0000	0.0000
ENSG00000283578.1	MTND5P42	processed_pseudogene	2	2	0	0.2278	0.0565	0.0611
ENSG00000283579.1	AL160035.1	lncRNA	0	0	0	0.0000	0.0000	0.0000
ENSG00000283580.3	AC098484.3	protein_coding	0	0	0	0.0000	0.0000	0.0000
ENSG00000283582.1	SULT6B2P	unitary_pseudogene	4	2	2	0.3665	0.0909	0.0983
ENSG00000283583.1	AC007326.3	unprocessed_pseudogene	0	0	0	0.0000	0.0000	0.0000
ENSG00000283584.1	AC007222.1	snoRNA	0	0	0	0.0000	0.0000	0.0000
ENSG00000283586.1	GKN3P	polymorphic_pseudogene	0	0	0	0.0000	0.0000	0.0000
ENSG00000283587.1	AC092471.2	processed_pseudogene	0	0	0	0.0000	0.0000	0.0000
ENSG00000283588.1	MIR376A1	miRNA	0	0	0	0.0000	0.0000	0.0000
ENSG00000283591.1	MIR4430	miRNA	0	0	0	0.0000	0.0000	0.0000
ENSG00000283592.1	Y_RNA	misc_RNA	0	0	0	0.0000	0.0000	0.0000
ENSG00000283594.1	FAM236C	protein_coding	0	0	0	0.0000	0.0000	0.0000
ENSG00000283597.3	FAM169B	transcribed_unitary_pseudogene	0	0	0	0.0000	0.0000	0.0000
ENSG00000283598.1	MIR1295B	miRNA	0	0	0	0.0000	0.0000	0.0000
ENSG00000283599.2	BX276092.9	protein_coding	4	1	3	0.1267	0.0314	0.0340
ENSG00000283601.1	MS4A19P	unprocessed_pseudogene	1	0	1	0.1571	0.0390	0.0421
ENSG00000283602.1	AC116353.6	transcribed_unitary_pseudogene	4	3	1	0.1086	0.0269	0.0291
ENSG00000283603.1	MIR4302	miRNA	0	0	0	0.0000	0.0000	0.0000
ENSG00000283604.1	MIR338	miRNA	0	2	1	0.0000	0.0000	0.0000
ENSG00000283605.1	OR4C48P	unprocessed_pseudogene	0	0	0	0.0000	0.0000	0.0000
ENSG00000283607.2	IGHVII-30-21	IG_V_pseudogene	0	0	0	0.0000	0.0000	0.0000
ENSG00000283608.1	AL031056.2	lncRNA	0	0	0	0.0000	0.0000	0.0000
ENSG00000283609.1	MIR4662A	miRNA	0	0	0	0.0000	0.0000	0.0000
ENSG00000283611.2	TMEM274P	unitary_pseudogene	2	0	2	0.2555	0.0633	0.0685
ENSG00000283612.1	MIR103B1	miRNA	0	0	0	0.0000	0.0000	0.0000
ENSG00000283613.1	CUPIN1P	unitary_pseudogene	0	0	0	0.0000	0.0000	0.0000
ENSG00000283614.1	MIR7973-2	miRNA	0	0	0	0.0000	0.0000	0.0000
ENSG00000283615.1	MIR924	miRNA	0	0	0	0.0000	0.0000	0.0000
ENSG00000283616.1	MIR5683	miRNA	0	0	0	0.0000	0.0000	0.0000
ENSG00000283618.1	AC007036.4	sRNA	1	1	0	0.3781	0.0938	0.1014
ENSG00000283621.1	MIR6759	miRNA	0	16	15	0.0000	0.0000	0.0000
ENSG00000283622.1	MIR4328	miRNA	0	0	0	0.0000	0.0000	0.0000
ENSG00000283625.1	AC128714.2	unprocessed_pseudogene	0	0	0	0.0000	0.0000	0.0000
ENSG00000283626.1	MTATP6P10	unprocessed_pseudogene	0	0	0	0.0000	0.0000	0.0000
ENSG00000283627.1	AL137785.1	lncRNA	3	2	1	0.3472	0.0861	0.0931
ENSG00000283629.1	AC016526.4	lncRNA	0	1	4	0.0000	0.0000	0.0000
ENSG00000283631.1	AL928596.1	lncRNA	0	0	0	0.0000	0.0000	0.0000
ENSG00000283632.4	EXOC3L2	protein_coding	245	121	125	4.3541	1.0798	1.1675
ENSG00000283633.1	AP000547.3	lncRNA	311	153	158	5.7430	1.4242	1.5399
ENSG00000283634.1	MIR3155B	miRNA	0	0	0	0.0000	0.0000	0.0000
ENSG00000283635.1	AC012485.3	lncRNA	8	9	4	0.1872	0.0464	0.0502
ENSG00000283636.1	Metazoa_SRP	misc_RNA	0	0	0	0.0000	0.0000	0.0000
ENSG00000283637.1	MIR4776-2	miRNA	0	0	0	0.0000	0.0000	0.0000
ENSG00000283638.2	AC002407.1	lncRNA	0	0	0	0.0000	0.0000	0.0000
ENSG00000283639.1	MIR9500	miRNA	0	0	0	0.0000	0.0000	0.0000
ENSG00000283644.1	ETDC	protein_coding	0	0	0	0.0000	0.0000	0.0000
ENSG00000283645.1	MIR5583-2	miRNA	0	0	0	0.0000	0.0000	0.0000
ENSG00000283646.2	LINC02009	lncRNA	8	3	5	0.1537	0.0381	0.0412
ENSG00000283647.1	AL512643.1	lncRNA	0	0	0	0.0000	0.0000	0.0000
ENSG00000283648.1	AC006974.2	lncRNA	4	2	2	0.1849	0.0458	0.0496
ENSG00000283653.1	AC091948.1	unprocessed_pseudogene	0	0	0	0.0000	0.0000	0.0000
ENSG00000283654.3	LMLN2	protein_coding	0	19	28	0.0000	0.0000	0.0000
ENSG00000283656.1	MIR4483	miRNA	1	0	1	0.9147	0.2268	0.2453
ENSG00000283657.1	AC074101.1	unprocessed_pseudogene	0	0	0	0.0000	0.0000	0.0000
ENSG00000283659.1	AC006453.4	unprocessed_pseudogene	0	0	0	0.0000	0.0000	0.0000
ENSG00000283662.1	AC138904.3	lncRNA	2	5	3	0.0423	0.0105	0.0113
ENSG00000283663.1	AC008687.8	protein_coding	0	0	0	0.0000	0.0000	0.0000
ENSG00000283664.1	MIR4679-1	miRNA	0	0	0	0.0000	0.0000	0.0000
ENSG00000283665.1	MIR3974	miRNA	0	0	0	0.0000	0.0000	0.0000
ENSG00000283666.1	U6	snRNA	0	0	0	0.0000	0.0000	0.0000
ENSG00000283667.1	AC009802.1	lncRNA	21	18	25	0.7402	0.1836	0.1985
ENSG00000283669.1	AC112487.2	unitary_pseudogene	0	0	0	0.0000	0.0000	0.0000
ENSG00000283672.1	MIR4678	miRNA	1	0	1	0.7664	0.1900	0.2055
ENSG00000283673.1	MIR4531	miRNA	0	0	0	0.0000	0.0000	0.0000
ENSG00000283674.3	AC068587.4	lncRNA	13	6	7	0.0435	0.0108	0.0117
ENSG00000283675.1	AC004448.4	snoRNA	0	0	0	0.0000	0.0000	0.0000
ENSG00000283676.1	MIR5087	miRNA	0	0	0	0.0000	0.0000	0.0000
ENSG00000283677.1	MIR3913-2	miRNA	0	0	0	0.0000	0.0000	0.0000
ENSG00000283678.1	MIR6830	miRNA	0	0	0	0.0000	0.0000	0.0000
ENSG00000283679.1	AC025278.3	processed_pseudogene	0	0	0	0.0000	0.0000	0.0000
ENSG00000283680.2	OR11K1P	unprocessed_pseudogene	0	0	0	0.0000	0.0000	0.0000
ENSG00000283682.1	MIR548AH	miRNA	0	0	0	0.0000	0.0000	0.0000
ENSG00000283683.1	MYOCOS	protein_coding	0	0	0	0.0000	0.0000	0.0000
ENSG00000283684.1	AC013268.5	lncRNA	0	0	0	0.0000	0.0000	0.0000
ENSG00000283685.1	MIR522	miRNA	0	0	0	0.0000	0.0000	0.0000
ENSG00000283686.2	AC083841.4	unprocessed_pseudogene	0	0	0	0.0000	0.0000	0.0000
ENSG00000283688.1	MIR6715B	miRNA	0	0	0	0.0000	0.0000	0.0000
ENSG00000283689.1	AC018553.2	lncRNA	20	32	31	1.0660	0.2644	0.2858
ENSG00000283690.1	MIR3116-2	miRNA	0	0	0	0.0000	0.0000	0.0000
ENSG00000283691.1	Y_RNA	misc_RNA	0	0	0	0.0000	0.0000	0.0000
ENSG00000283692.2	Z96074.1	lncRNA	0	0	0	0.0000	0.0000	0.0000
ENSG00000283694.1	MIR3202-2	miRNA	0	1	0	0.0000	0.0000	0.0000
ENSG00000283695.1	AC010487.2	unprocessed_pseudogene	0	0	0	0.0000	0.0000	0.0000
ENSG00000283696.1	AL592295.4	lncRNA	36	13	23	2.0477	0.5078	0.5491
ENSG00000283697.2	HSFX3	protein_coding	1	21	16	0.0449	0.0111	0.0120
ENSG00000283698.1	VINAC1P	transcribed_unitary_pseudogene	0	0	0	0.0000	0.0000	0.0000
ENSG00000283699.1	MIR4481	miRNA	0	0	0	0.0000	0.0000	0.0000
ENSG00000283701.1	MIR555	miRNA	0	0	0	0.0000	0.0000	0.0000
ENSG00000283703.2	VSIG10L2	protein_coding	0	83	94	0.0000	0.0000	0.0000
ENSG00000283704.1	AP003392.15	miRNA	0	0	0	0.0000	0.0000	0.0000
ENSG00000283705.1	MIR92A1	miRNA	0	0	0	0.0000	0.0000	0.0000
ENSG00000283706.2	PRSS50	protein_coding	0	0	0	0.0000	0.0000	0.0000
ENSG00000283709.1	FAM238C	transcribed_unprocessed_pseudogene	13	8	5	0.1330	0.0330	0.0356
ENSG00000283710.1	MIR1204	miRNA	0	0	0	0.0000	0.0000	0.0000
ENSG00000283712.1	MIR6727	miRNA	0	0	0	0.0000	0.0000	0.0000
ENSG00000283717.1	MIR6831	miRNA	0	0	0	0.0000	0.0000	0.0000
ENSG00000283721.1	MIR6884	miRNA	0	0	0	0.0000	0.0000	0.0000
ENSG00000283724.1	MIR6732	miRNA	0	0	0	0.0000	0.0000	0.0000
ENSG00000283726.1	MIR5193	miRNA	0	0	0	0.0000	0.0000	0.0000
ENSG00000283728.1	MIR7108	miRNA	0	0	0	0.0000	0.0000	0.0000
ENSG00000283733.1	MIR146A	miRNA	0	0	0	0.0000	0.0000	0.0000
ENSG00000283734.1	MIR4785	miRNA	0	0	0	0.0000	0.0000	0.0000
ENSG00000283736.1	MIR484	miRNA	0	0	0	0.0000	0.0000	0.0000
ENSG00000283737.1	AL023875.1	TEC	1	0	1	0.0712	0.0177	0.0191
ENSG00000283740.1	TAF11L11	protein_coding	0	0	0	0.0000	0.0000	0.0000
ENSG00000283743.2	Z84466.1	lncRNA	0	0	0	0.0000	0.0000	0.0000
ENSG00000283744.1	MIR6755	miRNA	0	0	0	0.0000	0.0000	0.0000
ENSG00000283745.1	MIR196B	miRNA	0	0	0	0.0000	0.0000	0.0000
ENSG00000283749.1	MIR4781	miRNA	0	0	0	0.0000	0.0000	0.0000
ENSG00000283751.1	MIR452	miRNA	0	0	0	0.0000	0.0000	0.0000
ENSG00000283752.1	AC241585.3	unprocessed_pseudogene	1	0	1	0.0827	0.0205	0.0222
ENSG00000283755.2	CPHXL	protein_coding	0	0	0	0.0000	0.0000	0.0000
ENSG00000283757.1	AL031686.1	lncRNA	1	0	1	0.0133	0.0033	0.0036
ENSG00000283758.2	PMIS2	protein_coding	0	0	0	0.0000	0.0000	0.0000
ENSG00000283759.1	MIR614	miRNA	0	0	0	0.0000	0.0000	0.0000
ENSG00000283761.1	AC118553.2	protein_coding	6	2	4	0.0590	0.0146	0.0158
ENSG00000283762.1	MIR20A	miRNA	0	0	0	0.0000	0.0000	0.0000
ENSG00000283764.1	MIR6850	miRNA	0	0	0	0.0000	0.0000	0.0000
ENSG00000283765.1	AC131160.1	protein_coding	1	1	0	0.0185	0.0046	0.0050
ENSG00000283766.1	AC141930.2	lncRNA	43	13	30	3.2002	0.7936	0.8581
ENSG00000283768.1	MIR1178	miRNA	0	0	0	0.0000	0.0000	0.0000
ENSG00000283769.1	CR392000.2	lncRNA	1	0	1	0.0284	0.0071	0.0076
ENSG00000283770.1	MIR6849	miRNA	0	0	0	0.0000	0.0000	0.0000
ENSG00000283772.1	MIR6778	miRNA	0	0	0	0.0000	0.0000	0.0000
ENSG00000283773.1	AL137798.3	transcribed_unprocessed_pseudogene	0	0	0	0.0000	0.0000	0.0000
ENSG00000283774.1	MIR632	miRNA	0	0	0	0.0000	0.0000	0.0000
ENSG00000283775.1	MIR4329	miRNA	0	0	0	0.0000	0.0000	0.0000
ENSG00000283776.1	TAF11L13	protein_coding	0	0	0	0.0000	0.0000	0.0000
ENSG00000283782.2	AC116366.2	protein_coding	0	0	0	0.0000	0.0000	0.0000
ENSG00000283783.1	MIR622	miRNA	0	0	0	0.0000	0.0000	0.0000
ENSG00000283785.1	MIR15A	miRNA	0	0	0	0.0000	0.0000	0.0000
ENSG00000283787.2	PRR33	protein_coding	33	408	411	0.4902	0.1216	0.1314
ENSG00000283788.1	MIR936	miRNA	0	0	0	0.0000	0.0000	0.0000
ENSG00000283789.1	MIR7846	miRNA	0	0	0	0.0000	0.0000	0.0000
ENSG00000283791.1	MIR612	miRNA	0	0	0	0.0000	0.0000	0.0000
ENSG00000283792.1	MIR4453	miRNA	0	0	0	0.0000	0.0000	0.0000
ENSG00000283793.1	MIR6861	miRNA	0	0	0	0.0000	0.0000	0.0000
ENSG00000283795.1	MIR4426	miRNA	0	0	0	0.0000	0.0000	0.0000
ENSG00000283796.1	MIR6510	miRNA	0	0	0	0.0000	0.0000	0.0000
ENSG00000283797.1	MIR29B1	miRNA	0	0	0	0.0000	0.0000	0.0000
ENSG00000283798.1	MIR630	miRNA	0	0	0	0.0000	0.0000	0.0000
ENSG00000283799.1	MIR1182	miRNA	0	0	0	0.0000	0.0000	0.0000
ENSG00000283801.1	MIR1302-11	miRNA	0	0	0	0.0000	0.0000	0.0000
ENSG00000283803.1	MIR3198-2	miRNA	0	0	0	0.0000	0.0000	0.0000
ENSG00000283805.1	MIR636	miRNA	0	0	0	0.0000	0.0000	0.0000
ENSG00000283809.1	AC007326.4	protein_coding	0	0	0	0.0000	0.0000	0.0000
ENSG00000283813.1	MIR4485	miRNA	0	0	0	0.0000	0.0000	0.0000
ENSG00000283815.1	MIR18A	miRNA	0	0	0	0.0000	0.0000	0.0000
ENSG00000283818.1	MIR7844	miRNA	0	0	0	0.0000	0.0000	0.0000
ENSG00000283819.1	MIR144	miRNA	0	0	0	0.0000	0.0000	0.0000
ENSG00000283821.1	MIR6875	miRNA	0	0	0	0.0000	0.0000	0.0000
ENSG00000283822.1	MIR639	miRNA	0	0	0	0.0000	0.0000	0.0000
ENSG00000283824.1	MIR22	miRNA	0	0	0	0.0000	0.0000	0.0000
ENSG00000283828.1	AL137002.2	lncRNA	27	15	22	0.6842	0.1697	0.1834
ENSG00000283829.1	MIR378I	miRNA	0	0	0	0.0000	0.0000	0.0000
ENSG00000283836.1	MIR6734	miRNA	0	0	0	0.0000	0.0000	0.0000
ENSG00000283839.1	AC096667.1	lncRNA	12	8	5	0.1964	0.0487	0.0527
ENSG00000283840.1	MIR6764	miRNA	0	0	0	0.0000	0.0000	0.0000
ENSG00000283842.1	MIR4751	miRNA	0	0	0	0.0000	0.0000	0.0000
ENSG00000283844.1	MIR214	miRNA	0	0	0	0.0000	0.0000	0.0000
ENSG00000283845.1	MIR4721	miRNA	0	0	0	0.0000	0.0000	0.0000
ENSG00000283848.1	MIR6872	miRNA	0	0	0	0.0000	0.0000	0.0000
ENSG00000283849.1	AC092053.2	lncRNA	6	27	19	0.1872	0.0464	0.0502
ENSG00000283853.1	MIR4738	miRNA	0	0	0	0.0000	0.0000	0.0000
ENSG00000283856.1	MIR7703	miRNA	0	0	0	0.0000	0.0000	0.0000
ENSG00000283857.1	MIR1247	miRNA	0	0	0	0.0000	0.0000	0.0000
ENSG00000283858.1	MIR3674	miRNA	0	0	0	0.0000	0.0000	0.0000
ENSG00000283863.1	MIR3960	miRNA	0	0	0	0.0000	0.0000	0.0000
ENSG00000283865.1	MTND3P18	unprocessed_pseudogene	0	0	0	0.0000	0.0000	0.0000
ENSG00000283867.1	MIR1307	miRNA	0	0	0	0.0000	0.0000	0.0000
ENSG00000283871.1	MIR130B	miRNA	0	0	0	0.0000	0.0000	0.0000
ENSG00000283873.1	SSU72P4	protein_coding	0	0	0	0.0000	0.0000	0.0000
ENSG00000283874.1	MIR3911	miRNA	0	0	0	0.0000	0.0000	0.0000
ENSG00000283876.1	MIR4260	miRNA	0	0	0	0.0000	0.0000	0.0000
ENSG00000283877.1	AC104304.2	protein_coding	0	0	0	0.0000	0.0000	0.0000
ENSG00000283879.1	MTND6P35	unprocessed_pseudogene	0	0	0	0.0000	0.0000	0.0000
ENSG00000283880.1	MIR7704	miRNA	0	0	0	0.0000	0.0000	0.0000
ENSG00000283881.1	MIR3916	miRNA	0	0	0	0.0000	0.0000	0.0000
ENSG00000283885.1	MIR3714	miRNA	0	0	0	0.0000	0.0000	0.0000
ENSG00000283886.3	BX664615.2	protein_coding	0	0	0	0.0000	0.0000	0.0000
ENSG00000283888.1	MIR1469	miRNA	0	0	0	0.0000	0.0000	0.0000
ENSG00000283891.1	MIR628	miRNA	1	0	1	0.5969	0.1480	0.1601
ENSG00000283894.1	MIR1324	miRNA	0	0	0	0.0000	0.0000	0.0000
ENSG00000283897.2	AC011416.3	lncRNA	140	76	64	3.3929	0.8414	0.9098
ENSG00000283899.1	MIR761	miRNA	0	0	0	0.0000	0.0000	0.0000
ENSG00000283900.1	TPTEP2-CSNK1E	protein_coding	0	0	0	0.0000	0.0000	0.0000
ENSG00000283904.1	MIR155	miRNA	0	0	0	0.0000	0.0000	0.0000
ENSG00000283906.1	IGHV4-80	IG_V_pseudogene	4	3	1	0.7067	0.1752	0.1895
ENSG00000283907.1	AD000090.1	lncRNA	16	8	8	1.8368	0.4555	0.4925
ENSG00000283913.1	AL512662.1	lncRNA	1	2	2	0.0273	0.0068	0.0073
ENSG00000283914.1	AC087645.4	lncRNA	1	1	0	0.0716	0.0178	0.0192
ENSG00000283920.1	MIR6743	miRNA	0	0	0	0.0000	0.0000	0.0000
ENSG00000283921.1	MIR1302-9	miRNA	0	0	0	0.0000	0.0000	0.0000
ENSG00000283923.1	MIR6132	miRNA	0	0	0	0.0000	0.0000	0.0000
ENSG00000283926.1	MIR192	miRNA	0	0	0	0.0000	0.0000	0.0000
ENSG00000283927.1	MIR133A1	miRNA	0	0	0	0.0000	0.0000	0.0000
ENSG00000283928.1	MIR637	miRNA	0	0	0	0.0000	0.0000	0.0000
ENSG00000283929.1	MIR5010	miRNA	3	2	1	1.4177	0.3516	0.3801
ENSG00000283930.1	AL117339.4	protein_coding	39	20	19	0.5592	0.1387	0.1499
ENSG00000283931.1	MIR18B	miRNA	0	0	0	0.0000	0.0000	0.0000
ENSG00000283933.1	MIR6878	miRNA	0	0	0	0.0000	0.0000	0.0000
ENSG00000283935.1	MIR423	miRNA	0	0	0	0.0000	0.0000	0.0000
ENSG00000283936.1	MIR3658	miRNA	0	0	0	0.0000	0.0000	0.0000
ENSG00000283938.1	MIR3917	miRNA	0	0	0	0.0000	0.0000	0.0000
ENSG00000283940.1	MTND3P15	unprocessed_pseudogene	0	0	0	0.0000	0.0000	0.0000
ENSG00000283941.1	MIR600	miRNA	0	0	0	0.0000	0.0000	0.0000
ENSG00000283944.1	MIR4709	miRNA	0	0	0	0.0000	0.0000	0.0000
ENSG00000283945.1	LINC00032	transcribed_unprocessed_pseudogene	2	2	0	0.0294	0.0073	0.0079
ENSG00000283948.1	IGHVIII-16-1	IG_V_pseudogene	0	0	0	0.0000	0.0000	0.0000
ENSG00000283950.1	MIR6791	miRNA	0	0	0	0.0000	0.0000	0.0000
ENSG00000283952.1	AC092017.2	protein_coding	0	0	0	0.0000	0.0000	0.0000
ENSG00000283956.1	MIR3610	miRNA	0	0	0	0.0000	0.0000	0.0000
ENSG00000283958.1	MIR1248	miRNA	0	0	0	0.0000	0.0000	0.0000
ENSG00000283959.1	AP002851.1	lncRNA	26	17	10	0.6922	0.1717	0.1856
ENSG00000283967.1	TAF11L8	protein_coding	0	0	0	0.0000	0.0000	0.0000
ENSG00000283969.1	MIR6838	miRNA	0	0	0	0.0000	0.0000	0.0000
ENSG00000283971.1	MIR4442	miRNA	3	3	0	2.5393	0.6297	0.6809
ENSG00000283972.1	FAM247A	transcribed_unprocessed_pseudogene	0	0	0	0.0000	0.0000	0.0000
ENSG00000283973.2	AC099795.1	lncRNA	1	24	12	0.0517	0.0128	0.0139
ENSG00000283977.1	AC084337.2	protein_coding	0	0	0	0.0000	0.0000	0.0000
ENSG00000283978.1	MIR365B	miRNA	0	0	0	0.0000	0.0000	0.0000
ENSG00000283980.1	GNG14	protein_coding	1	0	2	0.1334	0.0331	0.0358
ENSG00000283982.1	AL445623.2	lncRNA	20	5	15	0.2360	0.0585	0.0633
ENSG00000283988.1	TAF11L9	protein_coding	0	0	0	0.0000	0.0000	0.0000
ENSG00000283990.1	MIRLET7A3	miRNA	0	0	0	0.0000	0.0000	0.0000
ENSG00000283991.1	AC017000.1	lncRNA	0	14	21	0.0000	0.0000	0.0000
ENSG00000283992.2	SLURP2	protein_coding	0	0	0	0.0000	0.0000	0.0000
ENSG00000283994.1	AC092652.2	lncRNA	2	2	0	0.0748	0.0185	0.0200
ENSG00000283998.1	MIR492	miRNA	0	0	0	0.0000	0.0000	0.0000
ENSG00000283999.1	AL358215.3	lncRNA	0	0	0	0.0000	0.0000	0.0000
ENSG00000284000.1	MIR4458	miRNA	0	0	0	0.0000	0.0000	0.0000
ENSG00000284003.1	AC073869.4	unprocessed_pseudogene	0	0	0	0.0000	0.0000	0.0000
ENSG00000284005.1	MIR6084	miRNA	0	0	0	0.0000	0.0000	0.0000
ENSG00000284008.1	MIR6511B1	miRNA	0	0	0	0.0000	0.0000	0.0000
ENSG00000284010.1	MIR675	miRNA	0	0	0	0.0000	0.0000	0.0000
ENSG00000284011.1	MIR6502	miRNA	0	0	0	0.0000	0.0000	0.0000
ENSG00000284012.1	MIR6840	miRNA	0	0	0	0.0000	0.0000	0.0000
ENSG00000284015.1	MIR1281	miRNA	0	0	0	0.0000	0.0000	0.0000
ENSG00000284018.1	SSU72P5	protein_coding	0	0	0	0.0000	0.0000	0.0000
ENSG00000284020.1	MIR4697	miRNA	0	0	0	0.0000	0.0000	0.0000
ENSG00000284024.4	AC069544.2	protein_coding	1336	692	644	15.9069	3.9447	4.2652
ENSG00000284027.1	MIR497	miRNA	0	0	0	0.0000	0.0000	0.0000
ENSG00000284028.1	MIR4468	miRNA	0	0	0	0.0000	0.0000	0.0000
ENSG00000284029.1	MIR6805	miRNA	0	0	0	0.0000	0.0000	0.0000
ENSG00000284031.1	MIR4761	miRNA	0	0	0	0.0000	0.0000	0.0000
ENSG00000284032.1	MIR29A	miRNA	0	0	0	0.0000	0.0000	0.0000
ENSG00000284034.1	MIR5196	miRNA	0	0	0	0.0000	0.0000	0.0000
ENSG00000284035.1	MIR5187	miRNA	0	0	0	0.0000	0.0000	0.0000
ENSG00000284038.1	MIR10A	miRNA	0	0	0	0.0000	0.0000	0.0000
ENSG00000284040.1	MIR296	miRNA	0	0	0	0.0000	0.0000	0.0000
ENSG00000284042.1	TAF11L6	protein_coding	0	0	0	0.0000	0.0000	0.0000
ENSG00000284043.1	MIR20B	miRNA	0	0	0	0.0000	0.0000	0.0000
ENSG00000284047.1	MIR6836	miRNA	0	0	0	0.0000	0.0000	0.0000
ENSG00000284048.2	AC073111.2	lncRNA	0	0	0	0.0000	0.0000	0.0000
ENSG00000284049.1	MIR650	miRNA	0	0	0	0.0000	0.0000	0.0000
ENSG00000284052.1	AC006460.2	lncRNA	14	11	13	0.1016	0.0252	0.0273
ENSG00000284054.1	MIR7112	miRNA	0	0	0	0.0000	0.0000	0.0000
ENSG00000284055.1	MIR4315-1	miRNA	0	0	0	0.0000	0.0000	0.0000
ENSG00000284057.1	AP001273.2	protein_coding	0	0	0	0.0000	0.0000	0.0000
ENSG00000284059.1	MIR5572	miRNA	0	0	0	0.0000	0.0000	0.0000
ENSG00000284060.1	AC002472.2	transcribed_unprocessed_pseudogene	0	45	36	0.0000	0.0000	0.0000
ENSG00000284062.1	MIR4469	miRNA	1	1	0	0.7178	0.1780	0.1925
ENSG00000284064.1	MIR6834	miRNA	0	0	0	0.0000	0.0000	0.0000
ENSG00000284065.1	MIR6887	miRNA	0	0	0	0.0000	0.0000	0.0000
ENSG00000284067.1	MIR6837	miRNA	0	0	0	0.0000	0.0000	0.0000
ENSG00000284070.1	AP000356.2	lncRNA	34	22	17	0.4161	0.1032	0.1116
ENSG00000284071.1	AC012005.2	unprocessed_pseudogene	0	0	0	0.0000	0.0000	0.0000
ENSG00000284074.1	MIR4758	miRNA	0	0	0	0.0000	0.0000	0.0000
ENSG00000284078.1	SNORD138	miRNA	0	0	0	0.0000	0.0000	0.0000
ENSG00000284079.1	MIR4775	miRNA	0	0	0	0.0000	0.0000	0.0000
ENSG00000284081.1	MIR1199	miRNA	0	0	0	0.0000	0.0000	0.0000
ENSG00000284082.1	MIR7109	miRNA	0	0	0	0.0000	0.0000	0.0000
ENSG00000284084.1	AOX3P-AOX2P	lncRNA	0	0	0	0.0000	0.0000	0.0000
ENSG00000284085.1	MIR4732	miRNA	0	0	0	0.0000	0.0000	0.0000
ENSG00000284087.1	MIR6844	miRNA	0	0	0	0.0000	0.0000	0.0000
ENSG00000284092.1	MIR5703	miRNA	0	0	0	0.0000	0.0000	0.0000
ENSG00000284094.1	MIR6073	miRNA	0	0	0	0.0000	0.0000	0.0000
ENSG00000284095.1	AC055733.4	TEC	0	0	0	0.0000	0.0000	0.0000
ENSG00000284098.1	AC099654.6	unprocessed_pseudogene	0	0	0	0.0000	0.0000	0.0000
ENSG00000284107.1	MIR19B2	miRNA	0	0	0	0.0000	0.0000	0.0000
ENSG00000284108.1	MIR611	miRNA	0	0	0	0.0000	0.0000	0.0000
ENSG00000284112.1	MIR195	miRNA	0	0	0	0.0000	0.0000	0.0000
ENSG00000284114.1	MIR6800	miRNA	0	0	0	0.0000	0.0000	0.0000
ENSG00000284116.1	AL772307.1	lncRNA	0	0	0	0.0000	0.0000	0.0000
ENSG00000284117.1	MIR6883	miRNA	0	0	0	0.0000	0.0000	0.0000
ENSG00000284118.1	MIR4707	miRNA	0	0	0	0.0000	0.0000	0.0000
ENSG00000284121.1	MIR198	miRNA	0	0	0	0.0000	0.0000	0.0000
ENSG00000284122.1	MIR6717	miRNA	0	0	0	0.0000	0.0000	0.0000
ENSG00000284125.1	MIR1825	miRNA	0	0	0	0.0000	0.0000	0.0000
ENSG00000284128.1	AP000356.3	transcribed_unprocessed_pseudogene	3	1	2	0.1061	0.0263	0.0285
ENSG00000284129.1	MIR6789	miRNA	0	0	0	0.0000	0.0000	0.0000
ENSG00000284130.1	AC002472.3	transcribed_unprocessed_pseudogene	0	0	0	0.0000	0.0000	0.0000
ENSG00000284134.1	MIR568	miRNA	0	0	0	0.0000	0.0000	0.0000
ENSG00000284135.1	MIR3654	miRNA	0	0	0	0.0000	0.0000	0.0000
ENSG00000284138.1	ATP6V0CP4	processed_pseudogene	1	0	1	0.1289	0.0320	0.0346
ENSG00000284139.1	MIR1234	miRNA	0	0	0	0.0000	0.0000	0.0000
ENSG00000284140.1	MIR3618	miRNA	0	0	0	0.0000	0.0000	0.0000
ENSG00000284142.1	MIR6845	miRNA	0	0	0	0.0000	0.0000	0.0000
ENSG00000284143.1	MIR4700	miRNA	0	0	0	0.0000	0.0000	0.0000
ENSG00000284144.1	MIR6866	miRNA	0	0	0	0.0000	0.0000	0.0000
ENSG00000284146.1	MIR922	miRNA	0	0	0	0.0000	0.0000	0.0000
ENSG00000284147.1	MIR3150B	miRNA	0	0	0	0.0000	0.0000	0.0000
ENSG00000284148.1	MIR6756	miRNA	0	0	0	0.0000	0.0000	0.0000
ENSG00000284149.1	MIR4784	miRNA	0	0	0	0.0000	0.0000	0.0000
ENSG00000284152.1	MIR6758	miRNA	0	0	0	0.0000	0.0000	0.0000
ENSG00000284154.1	MIR3605	miRNA	2	1	1	1.1342	0.2813	0.3041
ENSG00000284155.1	MIR194-2	miRNA	0	0	0	0.0000	0.0000	0.0000
ENSG00000284157.1	MIR106A	miRNA	0	0	0	0.0000	0.0000	0.0000
ENSG00000284158.1	MIR6822	miRNA	0	0	0	0.0000	0.0000	0.0000
ENSG00000284159.1	MIR3940	miRNA	0	0	0	0.0000	0.0000	0.0000
ENSG00000284160.1	MIR7706	miRNA	0	0	0	0.0000	0.0000	0.0000
ENSG00000284162.1	MIR4523	miRNA	0	0	0	0.0000	0.0000	0.0000
ENSG00000284163.1	MIR3620	miRNA	0	0	0	0.0000	0.0000	0.0000
ENSG00000284167.1	MTATP6P5	processed_pseudogene	0	0	0	0.0000	0.0000	0.0000
ENSG00000284171.1	AC068137.1	unprocessed_pseudogene	0	0	0	0.0000	0.0000	0.0000
ENSG00000284172.1	MIR4315-2	miRNA	0	0	0	0.0000	0.0000	0.0000
ENSG00000284173.1	MIR6513	miRNA	0	0	0	0.0000	0.0000	0.0000
ENSG00000284175.1	MIR4763	miRNA	0	0	0	0.0000	0.0000	0.0000
ENSG00000284176.1	MIR5090	miRNA	0	0	0	0.0000	0.0000	0.0000
ENSG00000284179.1	MIR7-1	miRNA	0	0	0	0.0000	0.0000	0.0000
ENSG00000284180.1	MIR3606	miRNA	0	0	0	0.0000	0.0000	0.0000
ENSG00000284182.1	MIR143	miRNA	0	0	0	0.0000	0.0000	0.0000
ENSG00000284184.1	MIR6506	miRNA	0	0	0	0.0000	0.0000	0.0000
ENSG00000284185.1	MIR219A2	miRNA	0	0	0	0.0000	0.0000	0.0000
ENSG00000284186.1	MIR3615	miRNA	0	0	0	0.0000	0.0000	0.0000
ENSG00000284188.2	AL451007.3	protein_coding	0	0	0	0.0000	0.0000	0.0000
ENSG00000284190.1	MIR21	miRNA	0	0	0	0.0000	0.0000	0.0000
ENSG00000284191.1	MIR671	miRNA	0	0	0	0.0000	0.0000	0.0000
ENSG00000284193.1	MIR1257	miRNA	0	0	0	0.0000	0.0000	0.0000
ENSG00000284194.3	SCO2	protein_coding	0	844	837	0.0000	0.0000	0.0000
ENSG00000284195.1	MIR6852	miRNA	0	0	0	0.0000	0.0000	0.0000
ENSG00000284196.3	AL158064.1	lncRNA	0	0	0	0.0000	0.0000	0.0000
ENSG00000284197.1	MIR658	miRNA	0	0	0	0.0000	0.0000	0.0000
ENSG00000284200.1	MIR6847	miRNA	0	0	0	0.0000	0.0000	0.0000
ENSG00000284202.1	MIR137	miRNA	0	0	0	0.0000	0.0000	0.0000
ENSG00000284203.1	MIR29B2	miRNA	0	0	0	0.0000	0.0000	0.0000
ENSG00000284204.1	MIR19A	miRNA	0	0	0	0.0000	0.0000	0.0000
ENSG00000284209.2	FP325313.1	unprocessed_pseudogene	0	0	0	0.0000	0.0000	0.0000
ENSG00000284214.1	MIR29C	miRNA	0	0	0	0.0000	0.0000	0.0000
ENSG00000284216.1	MIR1909	miRNA	0	0	0	0.0000	0.0000	0.0000
ENSG00000284219.1	MIR202	miRNA	0	0	0	0.0000	0.0000	0.0000
ENSG00000284221.1	AC099654.7	unprocessed_pseudogene	0	0	0	0.0000	0.0000	0.0000
ENSG00000284224.1	MIR937	miRNA	0	0	0	0.0000	0.0000	0.0000
ENSG00000284229.1	MIR6848	miRNA	0	0	0	0.0000	0.0000	0.0000
ENSG00000284231.1	MIR424	miRNA	0	0	0	0.0000	0.0000	0.0000
ENSG00000284233.1	AP000356.4	transcribed_unprocessed_pseudogene	0	0	0	0.0000	0.0000	0.0000
ENSG00000284234.1	TAF11L5	protein_coding	0	0	0	0.0000	0.0000	0.0000
ENSG00000284237.1	LINC02767	lncRNA	7	5	2	0.0534	0.0132	0.0143
ENSG00000284239.1	MIR1539	miRNA	0	0	0	0.0000	0.0000	0.0000
ENSG00000284240.1	LINC02801	lncRNA	1	1	0	0.0115	0.0029	0.0031
ENSG00000284242.1	AC009452.1	unprocessed_pseudogene	0	0	0	0.0000	0.0000	0.0000
ENSG00000284246.1	MIR6716	miRNA	0	0	0	0.0000	0.0000	0.0000
ENSG00000284247.1	MIR2682	miRNA	0	0	0	0.0000	0.0000	0.0000
ENSG00000284250.1	MIR6516	miRNA	0	0	0	0.0000	0.0000	0.0000
ENSG00000284251.1	MIR711	miRNA	0	0	0	0.0000	0.0000	0.0000
ENSG00000284252.1	MIR4444-1	miRNA	0	0	0	0.0000	0.0000	0.0000
ENSG00000284253.1	MIR1973	miRNA	0	0	0	0.0000	0.0000	0.0000
ENSG00000284256.1	MIR5004	miRNA	0	0	0	0.0000	0.0000	0.0000
ENSG00000284258.1	MIR8085	miRNA	0	0	0	0.0000	0.0000	0.0000
ENSG00000284259.1	MIR6773	miRNA	0	0	0	0.0000	0.0000	0.0000
ENSG00000284261.1	MIR4657	miRNA	0	0	0	0.0000	0.0000	0.0000
ENSG00000284263.1	AC132825.5	unprocessed_pseudogene	0	0	0	0.0000	0.0000	0.0000
ENSG00000284265.1	MIR4683	miRNA	0	0	0	0.0000	0.0000	0.0000
ENSG00000284266.1	MIR4534	miRNA	0	0	0	0.0000	0.0000	0.0000
ENSG00000284268.1	MIR1181	miRNA	0	0	0	0.0000	0.0000	0.0000
ENSG00000284269.1	MIR7855	miRNA	0	0	0	0.0000	0.0000	0.0000
ENSG00000284272.1	MIR4321	miRNA	0	0	0	0.0000	0.0000	0.0000
ENSG00000284276.1	MIR4800	miRNA	0	0	0	0.0000	0.0000	0.0000
ENSG00000284277.1	MIR7162	miRNA	0	0	0	0.0000	0.0000	0.0000
ENSG00000284280.1	MIR6843	miRNA	0	0	0	0.0000	0.0000	0.0000
ENSG00000284283.1	TAF11L4	protein_coding	0	0	0	0.0000	0.0000	0.0000
ENSG00000284284.1	MIR4712	miRNA	0	0	0	0.0000	0.0000	0.0000
ENSG00000284286.1	MIR718	miRNA	0	0	0	0.0000	0.0000	0.0000
ENSG00000284288.1	MIR378D2	miRNA	0	0	0	0.0000	0.0000	0.0000
ENSG00000284289.1	MIR6820	miRNA	0	0	0	0.0000	0.0000	0.0000
ENSG00000284291.1	MTCO2P10	unprocessed_pseudogene	0	0	0	0.0000	0.0000	0.0000
ENSG00000284292.1	AC004922.1	protein_coding	3	2	1	0.0629	0.0156	0.0169
ENSG00000284293.1	MIR7113	miRNA	0	0	0	0.0000	0.0000	0.0000
ENSG00000284294.1	AC007326.5	lncRNA	0	0	0	0.0000	0.0000	0.0000
ENSG00000284299.1	AL590132.1	protein_coding	9	6	3	0.1097	0.0272	0.0294
ENSG00000284300.1	AC132825.6	unprocessed_pseudogene	0	0	0	0.0000	0.0000	0.0000
ENSG00000284305.1	MIR3179-1	miRNA	0	0	0	0.0000	0.0000	0.0000
ENSG00000284306.1	SSU72P2	protein_coding	0	0	0	0.0000	0.0000	0.0000
ENSG00000284308.1	C2orf81	protein_coding	50	35	42	0.9467	0.2348	0.2539
ENSG00000284309.1	AL391650.2	lncRNA	2	1	1	0.1205	0.0299	0.0323
ENSG00000284310.1	MIR939	miRNA	0	0	0	0.0000	0.0000	0.0000
ENSG00000284311.1	MIR6742	miRNA	0	0	0	0.0000	0.0000	0.0000
ENSG00000284317.1	MIR7114	miRNA	0	0	0	0.0000	0.0000	0.0000
ENSG00000284321.1	MIR124-1	miRNA	0	0	0	0.0000	0.0000	0.0000
ENSG00000284324.1	MIR3175	miRNA	0	0	0	0.0000	0.0000	0.0000
ENSG00000284325.1	MIR3655	miRNA	0	0	0	0.0000	0.0000	0.0000
ENSG00000284327.1	AC006927.2	processed_pseudogene	0	0	0	0.0000	0.0000	0.0000
ENSG00000284328.1	AC132825.7	unprocessed_pseudogene	0	0	0	0.0000	0.0000	0.0000
ENSG00000284329.1	MIR9-3	miRNA	0	0	0	0.0000	0.0000	0.0000
ENSG00000284331.1	MIR4741	miRNA	0	0	0	0.0000	0.0000	0.0000
ENSG00000284332.1	MIR1302-2	miRNA	0	0	0	0.0000	0.0000	0.0000
ENSG00000284334.1	MIR4651	miRNA	0	0	0	0.0000	0.0000	0.0000
ENSG00000284336.1	MIR2277	miRNA	0	0	0	0.0000	0.0000	0.0000
ENSG00000284337.1	AC013271.1	protein_coding	0	0	0	0.0000	0.0000	0.0000
ENSG00000284341.1	AL807752.7	protein_coding	0	0	0	0.0000	0.0000	0.0000
ENSG00000284343.1	MIR631	miRNA	0	19	12	0.0000	0.0000	0.0000
ENSG00000284344.1	MIR2117	miRNA	0	0	0	0.0000	0.0000	0.0000
ENSG00000284346.1	MIR940	miRNA	0	0	0	0.0000	0.0000	0.0000
ENSG00000284351.1	MIR3622A	miRNA	0	0	0	0.0000	0.0000	0.0000
ENSG00000284353.1	MIR142	miRNA	0	0	0	0.0000	0.0000	0.0000
ENSG00000284356.1	TAF11L10	protein_coding	0	0	0	0.0000	0.0000	0.0000
ENSG00000284357.1	MIR34A	miRNA	0	0	0	0.0000	0.0000	0.0000
ENSG00000284360.1	MIR6125	miRNA	0	0	0	0.0000	0.0000	0.0000
ENSG00000284361.1	MIR4745	miRNA	0	0	0	0.0000	0.0000	0.0000
ENSG00000284362.1	MIR519A2	miRNA	0	0	0	0.0000	0.0000	0.0000
ENSG00000284363.1	MIR224	miRNA	0	0	0	0.0000	0.0000	0.0000
ENSG00000284364.1	MIR6824	miRNA	0	0	0	0.0000	0.0000	0.0000
ENSG00000284368.1	MIR5047	miRNA	0	0	0	0.0000	0.0000	0.0000
ENSG00000284370.1	MIR4640	miRNA	0	0	0	0.0000	0.0000	0.0000
ENSG00000284372.1	MIR6808	miRNA	0	0	0	0.0000	0.0000	0.0000
ENSG00000284373.1	TAF11L2	protein_coding	0	0	0	0.0000	0.0000	0.0000
ENSG00000284375.1	MIR19B1	miRNA	0	0	0	0.0000	0.0000	0.0000
ENSG00000284376.1	AC092017.3	lncRNA	7	3	4	0.1679	0.0416	0.0450
ENSG00000284377.1	AL589669.1	lncRNA	0	0	0	0.0000	0.0000	0.0000
ENSG00000284378.1	MIR1244-1	miRNA	0	0	0	0.0000	0.0000	0.0000
ENSG00000284380.1	AC006328.2	unprocessed_pseudogene	0	0	0	0.0000	0.0000	0.0000
ENSG00000284385.1	MIR4313	miRNA	0	0	0	0.0000	0.0000	0.0000
ENSG00000284386.1	MIR147B	miRNA	0	0	0	0.0000	0.0000	0.0000
ENSG00000284387.1	MIR24-2	miRNA	0	0	0	0.0000	0.0000	0.0000
ENSG00000284388.1	MIR4496	miRNA	0	0	0	0.0000	0.0000	0.0000
ENSG00000284391.1	AL139398.1	lncRNA	14	7	7	0.5193	0.1288	0.1392
ENSG00000284393.1	AC092111.3	protein_coding	0	0	0	0.0000	0.0000	0.0000
ENSG00000284394.1	MIR4750	miRNA	0	0	0	0.0000	0.0000	0.0000
ENSG00000284395.2	PERCC1	protein_coding	13	7	6	0.3828	0.0949	0.1026
ENSG00000284399.1	MIR3184	miRNA	0	0	0	0.0000	0.0000	0.0000
ENSG00000284402.1	MIR7107	miRNA	1	0	1	0.7089	0.1758	0.1901
ENSG00000284407.1	MIR5001	miRNA	0	0	0	0.0000	0.0000	0.0000
ENSG00000284410.1	MIR6733	miRNA	0	0	0	0.0000	0.0000	0.0000
ENSG00000284411.1	MIR3191	miRNA	0	0	0	0.0000	0.0000	0.0000
ENSG00000284412.1	MIR4649	miRNA	0	0	0	0.0000	0.0000	0.0000
ENSG00000284415.1	MIR1287	miRNA	0	0	0	0.0000	0.0000	0.0000
ENSG00000284416.1	MIR1908	miRNA	0	0	0	0.0000	0.0000	0.0000
ENSG00000284418.2	AL391117.1	lncRNA	2	0	3	0.0468	0.0116	0.0126
ENSG00000284419.1	MIR663A	miRNA	0	0	0	0.0000	0.0000	0.0000
ENSG00000284421.1	MIR7110	miRNA	0	0	0	0.0000	0.0000	0.0000
ENSG00000284424.1	MIR4724	miRNA	0	0	0	0.0000	0.0000	0.0000
ENSG00000284425.1	MIR8072	miRNA	0	0	0	0.0000	0.0000	0.0000
ENSG00000284427.1	MIR4647	miRNA	0	0	0	0.0000	0.0000	0.0000
ENSG00000284428.1	AC092329.4	lncRNA	214	100	114	2.3838	0.5912	0.6392
ENSG00000284430.1	AC020912.1	lncRNA	47	26	21	0.5269	0.1307	0.1413
ENSG00000284431.1	AL022238.3	protein_coding	1	0	1	0.0124	0.0031	0.0033
ENSG00000284433.1	MIR1914	miRNA	0	0	0	0.0000	0.0000	0.0000
ENSG00000284435.1	MIR4691	miRNA	0	0	0	0.0000	0.0000	0.0000
ENSG00000284436.1	MIR6869	miRNA	0	0	0	0.0000	0.0000	0.0000
ENSG00000284438.1	SSU72P7	protein_coding	0	0	0	0.0000	0.0000	0.0000
ENSG00000284439.1	TAF11L3	protein_coding	0	0	0	0.0000	0.0000	0.0000
ENSG00000284440.1	MIR122	miRNA	0	0	0	0.0000	0.0000	0.0000
ENSG00000284442.1	MIR2110	miRNA	0	0	0	0.0000	0.0000	0.0000
ENSG00000284443.1	MIR197	miRNA	0	0	0	0.0000	0.0000	0.0000
ENSG00000284446.1	MIR1236	miRNA	0	0	0	0.0000	0.0000	0.0000
ENSG00000284447.1	MIR9-2	miRNA	0	0	0	0.0000	0.0000	0.0000
ENSG00000284448.1	MIR6501	miRNA	0	0	0	0.0000	0.0000	0.0000
ENSG00000284450.1	MIR664B	miRNA	0	0	0	0.0000	0.0000	0.0000
ENSG00000284452.1	AC093326.2	lncRNA	0	0	0	0.0000	0.0000	0.0000
ENSG00000284453.1	MIR1-2	miRNA	0	0	0	0.0000	0.0000	0.0000
ENSG00000284458.1	MIR1304	miRNA	0	0	0	0.0000	0.0000	0.0000
ENSG00000284459.1	MIR24-1	miRNA	0	0	0	0.0000	0.0000	0.0000
ENSG00000284461.2	AC027644.4	protein_coding	0	0	0	0.0000	0.0000	0.0000
ENSG00000284463.1	MIR302B	miRNA	0	0	0	0.0000	0.0000	0.0000
ENSG00000284464.1	MIR1306	miRNA	0	0	0	0.0000	0.0000	0.0000
ENSG00000284465.1	TAF11L7	protein_coding	0	0	0	0.0000	0.0000	0.0000
ENSG00000284469.1	MIR6721	miRNA	0	0	0	0.0000	0.0000	0.0000
ENSG00000284471.1	CR769775.2	TEC	0	0	0	0.0000	0.0000	0.0000
ENSG00000284473.1	MIR4720	miRNA	0	0	0	0.0000	0.0000	0.0000
ENSG00000284474.1	AC099654.8	unprocessed_pseudogene	0	0	0	0.0000	0.0000	0.0000
ENSG00000284479.1	SMIM39	protein_coding	0	0	0	0.0000	0.0000	0.0000
ENSG00000284481.1	MIR1292	miRNA	0	0	0	0.0000	0.0000	0.0000
ENSG00000284482.1	MIR4680	miRNA	0	0	0	0.0000	0.0000	0.0000
ENSG00000284484.1	AC025287.4	protein_coding	7	3	4	0.3201	0.0794	0.0858
ENSG00000284485.1	MIR205	miRNA	2	1	1	1.0311	0.2557	0.2765
ENSG00000284488.1	MIR6890	miRNA	0	0	0	0.0000	0.0000	0.0000
ENSG00000284489.1	MIR6751	miRNA	0	0	0	0.0000	0.0000	0.0000
ENSG00000284490.1	AC011471.4	unprocessed_pseudogene	0	2	3	0.0000	0.0000	0.0000
ENSG00000284491.2	THSD8	protein_coding	0	0	0	0.0000	0.0000	0.0000
ENSG00000284498.1	MIR564	miRNA	0	0	0	0.0000	0.0000	0.0000
ENSG00000284499.1	MIR363	miRNA	0	0	0	0.0000	0.0000	0.0000
ENSG00000284500.3	AC134980.1	lncRNA	0	0	0	0.0000	0.0000	0.0000
ENSG00000284503.1	MIR3652	miRNA	0	0	0	0.0000	0.0000	0.0000
ENSG00000284505.1	LYNX1-SLURP2	protein_coding	11	9	2	0.4726	0.1172	0.1267
ENSG00000284508.1	MIR133A2	miRNA	0	0	0	0.0000	0.0000	0.0000
ENSG00000284512.1	AC092718.8	protein_coding	8	10	14	0.1569	0.0389	0.0421
ENSG00000284513.1	AC006063.2	lncRNA	0	0	0	0.0000	0.0000	0.0000
ENSG00000284516.1	VAMP9P	transcribed_unitary_pseudogene	0	0	0	0.0000	0.0000	0.0000
ENSG00000284517.1	MIR6873	miRNA	0	0	0	0.0000	0.0000	0.0000
ENSG00000284518.1	MIR4658	miRNA	0	0	0	0.0000	0.0000	0.0000
ENSG00000284519.1	MIR6741	miRNA	0	0	0	0.0000	0.0000	0.0000
ENSG00000284520.1	MIRLET7B	miRNA	0	0	0	0.0000	0.0000	0.0000
ENSG00000284522.1	AC006927.3	processed_pseudogene	0	0	0	0.0000	0.0000	0.0000
ENSG00000284523.2	AC004834.1	lncRNA	15	8	8	0.1845	0.0458	0.0495
ENSG00000284525.1	MIR4687	miRNA	0	0	0	0.0000	0.0000	0.0000
ENSG00000284526.1	AC015802.6	protein_coding	98	2097	2070	0.9829	0.2438	0.2636
ENSG00000284532.1	MIR4723	miRNA	0	0	0	0.0000	0.0000	0.0000
ENSG00000284534.1	AC092634.7	lncRNA	0	0	0	0.0000	0.0000	0.0000
ENSG00000284535.1	MIR6748	miRNA	0	0	0	0.0000	0.0000	0.0000
ENSG00000284536.1	MIR17	miRNA	0	0	0	0.0000	0.0000	0.0000
ENSG00000284538.1	MIR92A2	miRNA	0	0	0	0.0000	0.0000	0.0000
ENSG00000284540.1	AC066615.1	TEC	0	0	0	0.0000	0.0000	0.0000
ENSG00000284541.1	MIR4517	miRNA	0	0	0	0.0000	0.0000	0.0000
ENSG00000284542.1	MIR3614	miRNA	0	0	0	0.0000	0.0000	0.0000
ENSG00000284543.1	LINC01226	lncRNA	14	4	10	0.0806	0.0200	0.0216
ENSG00000284544.1	MIR330	miRNA	0	0	0	0.0000	0.0000	0.0000
ENSG00000284546.1	SSU72P3	protein_coding	0	0	0	0.0000	0.0000	0.0000
ENSG00000284547.1	MIR2861	miRNA	0	0	0	0.0000	0.0000	0.0000
ENSG00000284550.1	MIR8069-1	miRNA	0	0	0	0.0000	0.0000	0.0000
ENSG00000284553.1	MIR6886	miRNA	0	0	0	0.0000	0.0000	0.0000
ENSG00000284554.2	AL022318.4	protein_coding	0	0	0	0.0000	0.0000	0.0000
ENSG00000284557.1	MIR1302-10	miRNA	0	0	0	0.0000	0.0000	0.0000
ENSG00000284558.1	AC099654.9	unprocessed_pseudogene	0	0	0	0.0000	0.0000	0.0000
ENSG00000284561.1	MIR4788	miRNA	0	0	0	0.0000	0.0000	0.0000
ENSG00000284564.1	MIR3064	miRNA	0	0	0	0.0000	0.0000	0.0000
ENSG00000284565.1	MIR451A	miRNA	0	0	0	0.0000	0.0000	0.0000
ENSG00000284567.1	MIR223	miRNA	0	0	0	0.0000	0.0000	0.0000
ENSG00000284568.1	MIR371B	miRNA	0	0	0	0.0000	0.0000	0.0000
ENSG00000284570.1	MIR7705	miRNA	0	0	0	0.0000	0.0000	0.0000
ENSG00000284572.1	AC099654.10	unprocessed_pseudogene	0	0	0	0.0000	0.0000	0.0000
ENSG00000284574.1	MIR6787	miRNA	0	0	0	0.0000	0.0000	0.0000
ENSG00000284575.1	MIR4793	miRNA	0	0	0	0.0000	0.0000	0.0000
ENSG00000284583.1	MIR935	miRNA	0	0	0	0.0000	0.0000	0.0000
ENSG00000284584.1	MIR5006	miRNA	0	0	0	0.0000	0.0000	0.0000
ENSG00000284585.1	MIR4722	miRNA	0	0	0	0.0000	0.0000	0.0000
ENSG00000284586.1	MIR92B	miRNA	0	0	0	0.0000	0.0000	0.0000
ENSG00000284587.1	MIR943	miRNA	0	0	0	0.0000	0.0000	0.0000
ENSG00000284591.1	AC006927.4	processed_pseudogene	0	0	0	0.0000	0.0000	0.0000
ENSG00000284592.2	AL357143.2	unprocessed_pseudogene	0	0	0	0.0000	0.0000	0.0000
ENSG00000284594.1	MIR7847	miRNA	0	0	0	0.0000	0.0000	0.0000
ENSG00000284595.1	MIR6785	miRNA	0	0	0	0.0000	0.0000	0.0000
ENSG00000284596.1	MIR4467	miRNA	0	0	0	0.0000	0.0000	0.0000
ENSG00000284600.1	AC093390.2	lncRNA	0	0	0	0.0000	0.0000	0.0000
ENSG00000284601.1	AL590440.2	lncRNA	4	2	2	0.1309	0.0325	0.0351
ENSG00000284602.1	AL031432.4	lncRNA	30	18	12	0.7768	0.1927	0.2083
ENSG00000284603.1	AC105233.3	transcribed_unprocessed_pseudogene	0	0	0	0.0000	0.0000	0.0000
ENSG00000284604.1	AC073869.5	lncRNA	0	0	0	0.0000	0.0000	0.0000
ENSG00000284605.1	AC127526.3	transcribed_unprocessed_pseudogene	14	4	10	0.7153	0.1774	0.1918
ENSG00000284606.1	AC105233.4	lncRNA	3	0	3	0.0233	0.0058	0.0062
ENSG00000284607.1	AL121936.1	lncRNA	3	2	1	0.0590	0.0146	0.0158
ENSG00000284608.1	AC016912.2	lncRNA	0	0	0	0.0000	0.0000	0.0000
ENSG00000284609.1	OR8B3	protein_coding	0	0	0	0.0000	0.0000	0.0000
ENSG00000284610.1	AC107918.4	transcribed_unprocessed_pseudogene	22	12	10	0.3972	0.0985	0.1065
ENSG00000284611.1	AL513478.2	unprocessed_pseudogene	0	0	0	0.0000	0.0000	0.0000
ENSG00000284612.1	AL591543.1	lncRNA	0	0	0	0.0000	0.0000	0.0000
ENSG00000284613.1	AC068587.5	transcribed_unprocessed_pseudogene	0	0	0	0.0000	0.0000	0.0000
ENSG00000284614.1	AF228730.4	unprocessed_pseudogene	0	0	0	0.0000	0.0000	0.0000
ENSG00000284615.1	AL078582.1	lncRNA	10	2	8	1.1098	0.2752	0.2976
ENSG00000284616.1	AL139823.1	lncRNA	0	0	0	0.0000	0.0000	0.0000
ENSG00000284617.1	AC134684.10	unprocessed_pseudogene	0	0	0	0.0000	0.0000	0.0000
ENSG00000284618.1	AL391294.1	lncRNA	3	1	2	0.0418	0.0104	0.0112
ENSG00000284619.1	AC079776.3	transcribed_unprocessed_pseudogene	0	0	0	0.0000	0.0000	0.0000
ENSG00000284620.2	AF228730.5	transcribed_unprocessed_pseudogene	1	1	0	0.0278	0.0069	0.0075
ENSG00000284621.1	AP000553.4	unitary_pseudogene	2	6	8	1.5975	0.3962	0.4283
ENSG00000284622.2	SCYGR10	polymorphic_pseudogene	0	0	0	0.0000	0.0000	0.0000
ENSG00000284623.1	LINC02786	lncRNA	0	0	0	0.0000	0.0000	0.0000
ENSG00000284624.1	AC092902.4	lncRNA	8	4	4	0.1071	0.0266	0.0287
ENSG00000284625.1	AP000867.4	unprocessed_pseudogene	1	0	1	0.2589	0.0642	0.0694
ENSG00000284626.1	AC091167.7	protein_coding	0	0	0	0.0000	0.0000	0.0000
ENSG00000284627.1	AC079781.4	transcribed_unprocessed_pseudogene	0	0	0	0.0000	0.0000	0.0000
ENSG00000284628.1	AC091304.10	unprocessed_pseudogene	0	0	0	0.0000	0.0000	0.0000
ENSG00000284629.1	SCYGR1	protein_coding	0	0	0	0.0000	0.0000	0.0000
ENSG00000284630.1	AP000553.5	transcribed_unitary_pseudogene	8	5	3	0.9632	0.2389	0.2583
ENSG00000284631.1	SCYGR4	protein_coding	0	0	0	0.0000	0.0000	0.0000
ENSG00000284632.1	AL354702.1	lncRNA	0	0	0	0.0000	0.0000	0.0000
ENSG00000284633.1	AL031590.1	lncRNA	7	4	3	0.0878	0.0218	0.0235
ENSG00000284634.1	AC092821.3	lncRNA	11	14	20	0.1044	0.0259	0.0280
ENSG00000284635.1	SCYGR8	protein_coding	0	0	0	0.0000	0.0000	0.0000
ENSG00000284636.1	AC073648.6	unprocessed_pseudogene	2	1	1	0.5203	0.1290	0.1395
ENSG00000284637.1	AC099063.3	unprocessed_pseudogene	0	0	0	0.0000	0.0000	0.0000
ENSG00000284638.1	AC005551.1	protein_coding	0	0	0	0.0000	0.0000	0.0000
ENSG00000284639.1	AP006294.2	transcribed_unprocessed_pseudogene	0	0	0	0.0000	0.0000	0.0000
ENSG00000284640.1	AL590434.1	lncRNA	1	1	0	0.0301	0.0075	0.0081
ENSG00000284641.1	AL139254.2	lncRNA	0	0	0	0.0000	0.0000	0.0000
ENSG00000284642.1	AL139424.2	lncRNA	34	17	18	1.3054	0.3237	0.3500
ENSG00000284643.1	SCYGR2	protein_coding	0	0	0	0.0000	0.0000	0.0000
ENSG00000284644.1	AC074386.1	lncRNA	0	1	1	0.0000	0.0000	0.0000
ENSG00000284645.1	AL592182.2	lncRNA	0	0	0	0.0000	0.0000	0.0000
ENSG00000284646.1	AL031291.1	lncRNA	0	0	0	0.0000	0.0000	0.0000
ENSG00000284648.1	AC097493.3	unprocessed_pseudogene	2	1	1	0.5179	0.1284	0.1389
ENSG00000284649.1	AC009093.8	transcribed_unprocessed_pseudogene	9	33	33	0.6637	0.1646	0.1780
ENSG00000284650.1	AL031430.1	lncRNA	0	0	1	0.0000	0.0000	0.0000
ENSG00000284651.1	AP000553.6	unitary_pseudogene	8	4	4	8.4015	2.0835	2.2527
ENSG00000284652.1	BX323043.1	lncRNA	25	12	13	0.8033	0.1992	0.2154
ENSG00000284653.1	AL357509.1	lncRNA	0	0	0	0.0000	0.0000	0.0000
ENSG00000284654.1	AP000553.7	unitary_pseudogene	7	3	4	3.3642	0.8343	0.9020
ENSG00000284655.1	AC084121.2	unprocessed_pseudogene	0	0	0	0.0000	0.0000	0.0000
ENSG00000284656.1	AL645937.4	lncRNA	0	0	0	0.0000	0.0000	0.0000
ENSG00000284657.1	AL031432.5	lncRNA	4	0	4	0.2985	0.0740	0.0800
ENSG00000284658.1	AL513478.3	unprocessed_pseudogene	0	0	0	0.0000	0.0000	0.0000
ENSG00000284659.1	AC073869.6	processed_pseudogene	2	2	0	0.9452	0.2344	0.2534
ENSG00000284660.1	AC092902.5	transcribed_unprocessed_pseudogene	0	0	0	0.0000	0.0000	0.0000
ENSG00000284661.1	AC105233.5	transcribed_unprocessed_pseudogene	0	0	0	0.0000	0.0000	0.0000
ENSG00000284662.1	OR4F16	protein_coding	0	0	0	0.0000	0.0000	0.0000
ENSG00000284663.1	AC068587.6	transcribed_unprocessed_pseudogene	0	0	0	0.0000	0.0000	0.0000
ENSG00000284664.1	AL161756.3	lncRNA	19	8	11	0.5203	0.1290	0.1395
ENSG00000284665.1	AC002472.4	unprocessed_pseudogene	0	0	0	0.0000	0.0000	0.0000
ENSG00000284666.1	Z98259.2	lncRNA	0	0	0	0.0000	0.0000	0.0000
ENSG00000284667.1	SCYGR5	protein_coding	0	0	0	0.0000	0.0000	0.0000
ENSG00000284668.2	LINC02780	lncRNA	0	0	0	0.0000	0.0000	0.0000
ENSG00000284669.1	AC092053.3	lncRNA	40	17	25	0.4560	0.1131	0.1223
ENSG00000284670.1	AC092128.1	translated_processed_pseudogene	0	0	0	0.0000	0.0000	0.0000
ENSG00000284671.1	AC009093.9	transcribed_unprocessed_pseudogene	0	0	0	0.0000	0.0000	0.0000
ENSG00000284672.1	AC109583.4	lncRNA	10	6	4	0.1813	0.0450	0.0486
ENSG00000284673.1	AC092865.3	transcribed_unprocessed_pseudogene	0	0	0	0.0000	0.0000	0.0000
ENSG00000284674.1	LINC02781	lncRNA	0	0	0	0.0000	0.0000	0.0000
ENSG00000284675.1	AC116667.2	lncRNA	3	2	1	0.2067	0.0513	0.0554
ENSG00000284676.1	AL645944.2	lncRNA	1	0	1	0.0290	0.0072	0.0078
ENSG00000284677.1	AL031985.4	lncRNA	0	0	0	0.0000	0.0000	0.0000
ENSG00000284678.1	LINC02811	lncRNA	1	1	1	0.0843	0.0209	0.0226
ENSG00000284679.1	AL356585.12	processed_pseudogene	0	0	0	0.0000	0.0000	0.0000
ENSG00000284680.1	OR8B2	protein_coding	0	0	0	0.0000	0.0000	0.0000
ENSG00000284682.1	AC078776.2	unitary_pseudogene	0	0	0	0.0000	0.0000	0.0000
ENSG00000284684.1	AC092442.1	protein_coding	0	0	0	0.0000	0.0000	0.0000
ENSG00000284685.1	AC009093.10	lncRNA	4	1	3	0.1573	0.0390	0.0422
ENSG00000284686.1	AC119674.2	protein_coding	4	3	1	0.0854	0.0212	0.0229
ENSG00000284687.1	AC092865.4	transcribed_unprocessed_pseudogene	0	0	0	0.0000	0.0000	0.0000
ENSG00000284688.1	BTN1A1P1	unprocessed_pseudogene	0	0	0	0.0000	0.0000	0.0000
ENSG00000284689.1	OR7E84P	unprocessed_pseudogene	0	0	0	0.0000	0.0000	0.0000
ENSG00000284690.3	CD300H	polymorphic_pseudogene	8	4	4	0.7486	0.1857	0.2007
ENSG00000284691.1	AC073111.3	protein_coding	304	159	145	3.9787	0.9867	1.0668
ENSG00000284692.2	Z98259.3	lncRNA	0	0	0	0.0000	0.0000	0.0000
ENSG00000284693.1	LINC02606	lncRNA	153	72	81	3.3079	0.8203	0.8870
ENSG00000284694.1	AL355602.1	lncRNA	0	0	0	0.0000	0.0000	0.0000
ENSG00000284695.1	AC108941.3	protein_coding	0	0	0	0.0000	0.0000	0.0000
ENSG00000284696.2	LINC02808	lncRNA	0	0	0	0.0000	0.0000	0.0000
ENSG00000284697.1	AC006511.5	lncRNA	0	0	0	0.0000	0.0000	0.0000
ENSG00000284698.1	AC084121.3	unprocessed_pseudogene	0	0	0	0.0000	0.0000	0.0000
ENSG00000284699.1	AL445648.1	lncRNA	0	0	0	0.0000	0.0000	0.0000
ENSG00000284700.1	AL049637.1	lncRNA	0	0	0	0.0000	0.0000	0.0000
ENSG00000284701.1	TMEM247	protein_coding	0	0	0	0.0000	0.0000	0.0000
ENSG00000284702.1	AL136115.3	lncRNA	0	0	0	0.0000	0.0000	0.0000
ENSG00000284703.1	AL805961.1	lncRNA	1	1	0	0.0118	0.0029	0.0032
ENSG00000284704.1	SCYGR3	protein_coding	0	0	0	0.0000	0.0000	0.0000
ENSG00000284705.1	AL596257.1	lncRNA	0	0	0	0.0000	0.0000	0.0000
ENSG00000284706.1	AC073869.7	unprocessed_pseudogene	0	0	0	0.0000	0.0000	0.0000
ENSG00000284707.2	AC079781.5	lncRNA	25	14	11	0.2743	0.0680	0.0735
ENSG00000284708.1	AL031731.1	lncRNA	4	2	2	0.1083	0.0269	0.0290
ENSG00000284709.1	KF456110.1	processed_pseudogene	1	1	0	0.1473	0.0365	0.0395
ENSG00000284710.1	Z98257.2	lncRNA	0	0	0	0.0000	0.0000	0.0000
ENSG00000284711.1	AC010325.3	unitary_pseudogene	0	1	0	0.0000	0.0000	0.0000
ENSG00000284713.1	SMIM38	protein_coding	14	8	6	0.2738	0.0679	0.0734
ENSG00000284715.1	AP001153.1	unprocessed_pseudogene	0	0	0	0.0000	0.0000	0.0000
ENSG00000284716.1	AL034417.3	lncRNA	3	1	4	0.1631	0.0405	0.0437
ENSG00000284717.1	AC087269.2	unitary_pseudogene	0	0	0	0.0000	0.0000	0.0000
ENSG00000284718.1	SCYGR7	protein_coding	0	0	0	0.0000	0.0000	0.0000
ENSG00000284719.1	AL033527.3	lncRNA	1	2	0	0.0325	0.0081	0.0087
ENSG00000284720.1	AC117945.2	lncRNA	0	0	0	0.0000	0.0000	0.0000
ENSG00000284721.1	AL662907.3	lncRNA	0	0	0	0.0000	0.0000	0.0000
ENSG00000284722.2	AP003175.1	lncRNA	0	0	0	0.0000	0.0000	0.0000
ENSG00000284723.1	OR8S1	protein_coding	1	1	0	0.0501	0.0124	0.0134
ENSG00000284724.1	AC068587.7	transcribed_unprocessed_pseudogene	0	0	0	0.0000	0.0000	0.0000
ENSG00000284725.1	SCYGR6	protein_coding	0	0	0	0.0000	0.0000	0.0000
ENSG00000284726.1	AL109936.9	lncRNA	17	7	10	1.5961	0.3958	0.4280
ENSG00000284727.1	AC116562.3	transcribed_unprocessed_pseudogene	0	0	0	0.0000	0.0000	0.0000
ENSG00000284728.1	AF228730.6	unprocessed_pseudogene	0	0	0	0.0000	0.0000	0.0000
ENSG00000284730.1	TMDD1	protein_coding	2	1	1	0.1149	0.0285	0.0308
ENSG00000284731.1	AC083906.5	unprocessed_pseudogene	15	4	11	3.8842	0.9633	1.0415
ENSG00000284732.1	AP002512.3	protein_coding	0	0	0	0.0000	0.0000	0.0000
ENSG00000284733.1	OR4F29	protein_coding	0	2	0	0.0000	0.0000	0.0000
ENSG00000284734.1	AC099063.4	lncRNA	10	82	63	0.3540	0.0878	0.0949
ENSG00000284735.1	AL139424.3	lncRNA	16	8	9	0.3811	0.0945	0.1022
ENSG00000284736.1	RNA5SP343	rRNA	0	0	0	0.0000	0.0000	0.0000
ENSG00000284738.1	AL358472.5	lncRNA	14	73	79	0.6266	0.1554	0.1680
ENSG00000284739.1	BX005132.1	lncRNA	0	0	0	0.0000	0.0000	0.0000
ENSG00000284740.1	AL645728.2	transcribed_unprocessed_pseudogene	27	16	11	2.3200	0.5753	0.6221
ENSG00000284741.1	PDE11A	protein_coding	0	0	0	0.0000	0.0000	0.0000
ENSG00000284742.1	OR11P1P	unprocessed_pseudogene	0	0	0	0.0000	0.0000	0.0000
ENSG00000284743.1	AL139254.3	lncRNA	1	0	1	0.0841	0.0209	0.0226
ENSG00000284744.1	AL591163.1	lncRNA	0	0	0	0.0000	0.0000	0.0000
ENSG00000284745.1	AL589702.1	lncRNA	0	0	0	0.0000	0.0000	0.0000
ENSG00000284746.1	AC068587.8	transcribed_unprocessed_pseudogene	0	0	0	0.0000	0.0000	0.0000
ENSG00000284747.1	AL034417.4	lncRNA	29	16	23	0.3996	0.0991	0.1071
ENSG00000284748.1	AL513220.1	lncRNA	4	3	1	0.1711	0.0424	0.0459
ENSG00000284753.2	EEF1AKMT4	protein_coding	148	70	78	8.6083	2.1348	2.3082
ENSG00000284762.1	AC022414.1	protein_coding	0	0	0	0.0000	0.0000	0.0000
ENSG00000284763.1	AL449105.1	unprocessed_pseudogene	0	0	0	0.0000	0.0000	0.0000
ENSG00000284770.2	TBCE	protein_coding	66	449	470	0.3008	0.0746	0.0806
ENSG00000284772.1	AC011330.3	protein_coding	0	0	0	0.0000	0.0000	0.0000
ENSG00000284773.1	AC114490.3	protein_coding	46	13	33	0.8247	0.2045	0.2211
ENSG00000284776.1	AL121900.1	protein_coding	0	0	0	0.0000	0.0000	0.0000
ENSG00000284779.2	AC132217.2	protein_coding	0	0	0	0.0000	0.0000	0.0000
ENSG00000284783.1	AC091057.4	transcribed_unprocessed_pseudogene	1	0	1	0.2334	0.0579	0.0626
ENSG00000284788.1	AC183088.1	unprocessed_pseudogene	0	0	0	0.0000	0.0000	0.0000
ENSG00000284791.2	SMIM41	protein_coding	0	0	0	0.0000	0.0000	0.0000
ENSG00000284797.1	AC008397.1	protein_coding	0	0	1	0.0000	0.0000	0.0000
ENSG00000284800.1	AC235565.2	protein_coding	0	0	0	0.0000	0.0000	0.0000
ENSG00000284803.1	AC245033.4	lncRNA	0	0	0	0.0000	0.0000	0.0000
ENSG00000284808.1	AC099791.3	lncRNA	0	0	0	0.0000	0.0000	0.0000
ENSG00000284809.1	AL365394.1	lncRNA	0	1	0	0.0000	0.0000	0.0000
ENSG00000284820.1	AC068946.2	protein_coding	0	0	0	0.0000	0.0000	0.0000
ENSG00000284823.1	AL356747.1	lncRNA	1	0	1	0.0419	0.0104	0.0112
ENSG00000284824.1	GCSAML-AS1	protein_coding	0	0	0	0.0000	0.0000	0.0000
ENSG00000284825.1	AL121935.1	lncRNA	1	1	0	0.0324	0.0080	0.0087
ENSG00000284829.1	AL662884.2	lncRNA	0	0	0	0.0000	0.0000	0.0000
ENSG00000284830.1	AL049557.1	lncRNA	2	9	9	0.0262	0.0065	0.0070
ENSG00000284834.1	AC183088.2	unprocessed_pseudogene	0	0	0	0.0000	0.0000	0.0000
ENSG00000284837.1	AC007846.1	lncRNA	0	0	0	0.0000	0.0000	0.0000
ENSG00000284839.1	AC018637.1	lncRNA	0	0	0	0.0000	0.0000	0.0000
ENSG00000284840.1	AC004893.1	transcribed_unprocessed_pseudogene	0	0	0	0.0000	0.0000	0.0000
ENSG00000284842.1	FAM91A2P	transcribed_processed_pseudogene	0	0	0	0.0000	0.0000	0.0000
ENSG00000284844.1	AP000812.3	protein_coding	0	0	0	0.0000	0.0000	0.0000
ENSG00000284846.1	AL355981.1	lncRNA	0	0	0	0.0000	0.0000	0.0000
ENSG00000284847.1	AC093323.4	unprocessed_pseudogene	0	0	0	0.0000	0.0000	0.0000
ENSG00000284848.2	LINC02359	lncRNA	1	0	1	0.0063	0.0016	0.0017
ENSG00000284858.1	AC091185.2	processed_pseudogene	0	0	0	0.0000	0.0000	0.0000
ENSG00000284862.3	CCDC39	protein_coding	21	210	225	0.1123	0.0279	0.0301
ENSG00000284867.1	AL449105.2	unprocessed_pseudogene	0	0	0	0.0000	0.0000	0.0000
ENSG00000284873.1	OOSP1	protein_coding	0	0	0	0.0000	0.0000	0.0000
ENSG00000284874.1	AC000093.1	protein_coding	7	4	4	0.0850	0.0211	0.0228
ENSG00000284876.1	AC015908.6	lncRNA	0	0	0	0.0000	0.0000	0.0000
ENSG00000284879.1	AC133644.2	lncRNA	11	7	4	0.1621	0.0402	0.0435
ENSG00000284882.1	AL359762.1	lncRNA	29	75	78	1.3902	0.3448	0.3728
ENSG00000284883.1	AC021066.2	unprocessed_pseudogene	4	2	2	0.3312	0.0821	0.0888
ENSG00000284892.1	OR4H6P	unprocessed_pseudogene	0	0	0	0.0000	0.0000	0.0000
ENSG00000284895.1	AC119676.1	protein_coding	0	0	0	0.0000	0.0000	0.0000
ENSG00000284902.1	AC074008.1	lncRNA	1	1	0	0.0377	0.0093	0.0101
ENSG00000284906.2	AC091057.5	protein_coding	0	0	0	0.0000	0.0000	0.0000
ENSG00000284914.1	AL121935.2	lncRNA	0	0	0	0.0000	0.0000	0.0000
ENSG00000284917.1	EEF1AKMT4-ECE2	protein_coding	0	0	0	0.0000	0.0000	0.0000
ENSG00000284922.2	AP000812.4	protein_coding	2	429	438	0.0296	0.0073	0.0079
ENSG00000284928.1	AL445205.1	lncRNA	0	0	0	0.0000	0.0000	0.0000
ENSG00000284930.1	AC005280.2	lncRNA	3	1	2	0.1205	0.0299	0.0323
ENSG00000284931.1	AC104389.6	protein_coding	0	0	0	0.0000	0.0000	0.0000
ENSG00000284932.1	AC017083.4	unprocessed_pseudogene	0	0	0	0.0000	0.0000	0.0000
ENSG00000284934.2	AC048338.2	protein_coding	1	1	0	0.0241	0.0060	0.0065
ENSG00000284946.1	AC068831.6	protein_coding	58	33	38	0.4602	0.1141	0.1234
ENSG00000284948.1	AC107959.4	lncRNA	3	2	1	0.1370	0.0340	0.0367
ENSG00000284951.1	AL355798.1	unitary_pseudogene	0	0	0	0.0000	0.0000	0.0000
ENSG00000284952.1	AC104472.3	protein_coding	0	0	0	0.0000	0.0000	0.0000
ENSG00000284954.1	AL662884.3	lncRNA	3	12	19	0.1605	0.0398	0.0430
ENSG00000284956.1	AC107959.5	protein_coding	0	0	0	0.0000	0.0000	0.0000
ENSG00000284957.1	AF131216.5	lncRNA	0	0	0	0.0000	0.0000	0.0000
ENSG00000284959.2	AC007262.2	lncRNA	19	9	10	0.1253	0.0311	0.0336
ENSG00000284962.1	AL449105.3	unprocessed_pseudogene	0	0	0	0.0000	0.0000	0.0000
ENSG00000284964.1	AC242842.2	transcribed_unprocessed_pseudogene	0	0	0	0.0000	0.0000	0.0000
ENSG00000284966.3	AL138689.2	lncRNA	12	544	534	0.0678	0.0168	0.0182
ENSG00000284968.1	AC093827.4	lncRNA	91	54	37	1.8424	0.4569	0.4940
ENSG00000284969.1	AL049629.2	protein_coding	1	1	0	0.0595	0.0148	0.0160
ENSG00000284976.1	BX255925.3	protein_coding	544	266	279	16.1520	4.0055	4.3309
ENSG00000284977.2	AL160272.1	lncRNA	10	2	8	0.0324	0.0080	0.0087
ENSG00000284981.1	UPK3BL2	protein_coding	0	0	0	0.0000	0.0000	0.0000
ENSG00000284985.1	AL109840.1	unprocessed_pseudogene	0	0	0	0.0000	0.0000	0.0000
ENSG00000284986.1	AL449043.2	transcribed_unprocessed_pseudogene	0	0	0	0.0000	0.0000	0.0000
ENSG00000284987.1	U52112.1	protein_coding	0	0	0	0.0000	0.0000	0.0000
ENSG00000284988.1	AC183088.3	lncRNA	0	0	0	0.0000	0.0000	0.0000
ENSG00000284989.1	AL451062.2	protein_coding	0	0	0	0.0000	0.0000	0.0000
ENSG00000284994.1	AL590282.2	lncRNA	8	4	4	1.0127	0.2511	0.2715
ENSG00000284999.1	AL591518.1	lncRNA	1	0	1	0.0627	0.0155	0.0168
ENSG00000285000.1	AC008581.2	protein_coding	3	2	1	0.0725	0.0180	0.0194
ENSG00000285006.1	AC005280.3	lncRNA	0	1	0	0.0000	0.0000	0.0000
ENSG00000285010.1	OOSP4A	protein_coding	0	0	0	0.0000	0.0000	0.0000
ENSG00000285012.1	AC092723.3	lncRNA	0	0	0	0.0000	0.0000	0.0000
ENSG00000285016.1	AC017002.3	lncRNA	0	0	0	0.0000	0.0000	0.0000
ENSG00000285018.1	AC245140.3	lncRNA	27	16	11	2.2517	0.5584	0.6038
ENSG00000285020.1	AC020765.5	unprocessed_pseudogene	2	1	1	0.1792	0.0444	0.0480
ENSG00000285025.1	AL022312.1	protein_coding	0	0	0	0.0000	0.0000	0.0000
ENSG00000285030.1	AC090001.2	processed_pseudogene	0	0	0	0.0000	0.0000	0.0000
ENSG00000285035.1	AC091057.6	transcribed_unprocessed_pseudogene	0	0	0	0.0000	0.0000	0.0000
ENSG00000285040.1	AC092723.4	lncRNA	0	0	0	0.0000	0.0000	0.0000
ENSG00000285041.1	AL035412.1	lncRNA	0	0	0	0.0000	0.0000	0.0000
ENSG00000285042.1	AC099499.2	lncRNA	0	2	2	0.0000	0.0000	0.0000
ENSG00000285043.2	AC093512.2	protein_coding	201	100	101	3.3955	0.8421	0.9104
ENSG00000285045.1	AC006548.3	unprocessed_pseudogene	0	0	0	0.0000	0.0000	0.0000
ENSG00000285051.2	SLC7A14-AS1	lncRNA	2	2	0	0.0101	0.0025	0.0027
ENSG00000285053.1	AL357556.3	protein_coding	53	24	30	0.5798	0.1438	0.1555
ENSG00000285057.1	AC135721.2	transcribed_unprocessed_pseudogene	0	0	0	0.0000	0.0000	0.0000
ENSG00000285062.1	AC245100.8	transcribed_unprocessed_pseudogene	0	0	0	0.0000	0.0000	0.0000
ENSG00000285064.2	SMIM40	protein_coding	0	0	0	0.0000	0.0000	0.0000
ENSG00000285068.1	AC074008.2	lncRNA	0	0	0	0.0000	0.0000	0.0000
ENSG00000285076.1	AL449105.4	unprocessed_pseudogene	0	0	0	0.0000	0.0000	0.0000
ENSG00000285077.2	ARHGAP11B	protein_coding	10	8	9	0.1325	0.0329	0.0355
ENSG00000285079.1	AL513493.1	lncRNA	0	0	0	0.0000	0.0000	0.0000
ENSG00000285080.1	AC068724.3	lncRNA	0	0	1	0.0000	0.0000	0.0000
ENSG00000285081.1	AC004593.1	lncRNA	9	4	5	0.2019	0.0501	0.0541
ENSG00000285082.2	AL160272.2	protein_coding	1	1	0	0.0219	0.0054	0.0059
ENSG00000285085.1	AL662884.4	protein_coding	0	0	3	0.0000	0.0000	0.0000
ENSG00000285090.1	AC002074.1	lncRNA	30	15	16	1.5537	0.3853	0.4166
ENSG00000285091.1	AL109840.2	lncRNA	9	4	5	0.2651	0.0658	0.0711
ENSG00000285094.1	LINC01488	lncRNA	1089	554	535	12.5984	3.1243	3.3780
ENSG00000285095.2	AC025887.2	lncRNA	3	9	14	0.0288	0.0071	0.0077
ENSG00000285100.1	AL359555.2	lncRNA	0	0	0	0.0000	0.0000	0.0000
ENSG00000285102.1	AC021066.3	transcribed_unprocessed_pseudogene	0	0	0	0.0000	0.0000	0.0000
ENSG00000285103.2	AL451123.1	lncRNA	39	34	41	0.2256	0.0559	0.0605
ENSG00000285106.2	AC016831.6	lncRNA	20	13	7	0.0858	0.0213	0.0230
ENSG00000285108.1	AC103718.1	lncRNA	18	9	9	0.0952	0.0236	0.0255
ENSG00000285115.1	AL162588.1	unprocessed_pseudogene	0	0	0	0.0000	0.0000	0.0000
ENSG00000285116.1	AC135068.11	unprocessed_pseudogene	0	0	0	0.0000	0.0000	0.0000
ENSG00000285117.1	AC068724.4	lncRNA	0	0	0	0.0000	0.0000	0.0000
ENSG00000285122.1	PIGY-DT	lncRNA	2	1	1	0.3386	0.0840	0.0908
ENSG00000285128.1	AC092306.1	lncRNA	38	18	20	6.9515	1.7239	1.8639
ENSG00000285130.2	AL358113.1	protein_coding	21	14	7	0.1367	0.0339	0.0366
ENSG00000285133.1	AC022506.1	protein_coding	0	0	0	0.0000	0.0000	0.0000
ENSG00000285135.1	OR4Q1P	transcribed_unprocessed_pseudogene	0	0	0	0.0000	0.0000	0.0000
ENSG00000285142.1	AC006927.5	unprocessed_pseudogene	0	0	0	0.0000	0.0000	0.0000
ENSG00000285144.1	AL359555.3	lncRNA	0	0	0	0.0000	0.0000	0.0000
ENSG00000285151.1	AC140134.1	lncRNA	0	0	0	0.0000	0.0000	0.0000
ENSG00000285155.1	AC092153.1	lncRNA	1	0	1	0.0260	0.0064	0.0070
ENSG00000285159.1	AL627422.2	lncRNA	6	5	1	0.1266	0.0314	0.0340
ENSG00000285160.1	THSD1P1	transcribed_unprocessed_pseudogene	0	0	0	0.0000	0.0000	0.0000
ENSG00000285162.1	AC004593.2	protein_coding	0	49	40	0.0000	0.0000	0.0000
ENSG00000285163.1	AC092723.5	lncRNA	0	0	0	0.0000	0.0000	0.0000
ENSG00000285165.1	AC124014.1	lncRNA	1	13	13	0.1492	0.0370	0.0400
ENSG00000285169.2	AL358117.1	lncRNA	0	0	0	0.0000	0.0000	0.0000
ENSG00000285171.1	AL590764.2	protein_coding	0	0	0	0.0000	0.0000	0.0000
ENSG00000285177.1	AL357556.5	lncRNA	1	4	1	0.1325	0.0329	0.0355
ENSG00000285179.1	AC093154.1	lncRNA	0	0	0	0.0000	0.0000	0.0000
ENSG00000285184.3	AC244033.2	lncRNA	146	97	114	2.3089	0.5726	0.6191
ENSG00000285188.1	AC008397.2	protein_coding	0	1	1	0.0000	0.0000	0.0000
ENSG00000285190.1	AC018754.1	lncRNA	1	224	233	0.0268	0.0067	0.0072
ENSG00000285191.1	AC090679.3	lncRNA	0	0	0	0.0000	0.0000	0.0000
ENSG00000285201.1	AC104454.2	lncRNA	0	0	0	0.0000	0.0000	0.0000
ENSG00000285204.1	AC139834.1	lncRNA	0	0	0	0.0000	0.0000	0.0000
ENSG00000285205.2	AL121612.2	lncRNA	3	3	0	0.0371	0.0092	0.0099
ENSG00000285210.1	LINC02795	lncRNA	3	1	2	0.0590	0.0146	0.0158
ENSG00000285212.1	AL009178.3	lncRNA	0	17	10	0.0000	0.0000	0.0000
ENSG00000285215.2	AC241377.4	transcribed_unprocessed_pseudogene	4	3	1	0.1597	0.0396	0.0428
ENSG00000285216.1	AL355499.2	lncRNA	0	0	0	0.0000	0.0000	0.0000
ENSG00000285218.1	AC026316.4	protein_coding	0	0	0	0.0000	0.0000	0.0000
ENSG00000285219.2	HULC	lncRNA	117	55	62	0.1371	0.0340	0.0368
ENSG00000285220.1	AC015908.7	lncRNA	0	0	0	0.0000	0.0000	0.0000
ENSG00000285228.1	AL359538.2	unitary_pseudogene	0	0	0	0.0000	0.0000	0.0000
ENSG00000285230.2	RALY-AS1	lncRNA	467	241	226	2.6087	0.6469	0.6995
ENSG00000285231.1	OOSP3	protein_coding	0	0	0	0.0000	0.0000	0.0000
ENSG00000285237.1	PRSS52P	unprocessed_pseudogene	1	0	1	0.2207	0.0547	0.0592
ENSG00000285238.2	AC006064.6	protein_coding	0	0	0	0.0000	0.0000	0.0000
ENSG00000285239.1	AL137789.2	lncRNA	0	0	0	0.0000	0.0000	0.0000
ENSG00000285244.1	DINOL	lncRNA	1	0	2	0.0596	0.0148	0.0160
ENSG00000285245.1	AL162417.1	protein_coding	0	0	0	0.0000	0.0000	0.0000
ENSG00000285253.1	AC090517.4	protein_coding	0	0	0	0.0000	0.0000	0.0000
ENSG00000285254.2	AL513128.2	unitary_pseudogene	0	0	0	0.0000	0.0000	0.0000
ENSG00000285257.1	AL157893.1	unprocessed_pseudogene	17	12	5	2.9847	0.7402	0.8003
ENSG00000285268.1	AL669831.6	transcribed_processed_pseudogene	0	0	0	0.0000	0.0000	0.0000
ENSG00000285269.2	AL160269.1	protein_coding	8	6	2	0.1110	0.0275	0.0298
ENSG00000285278.1	TFAP2A-AS2	lncRNA	154	735	728	2.5484	0.6320	0.6833
ENSG00000285280.2	AL390957.1	lncRNA	8	12	11	0.0449	0.0111	0.0120
ENSG00000285283.1	AL035078.4	protein_coding	0	0	0	0.0000	0.0000	0.0000
ENSG00000285287.1	AL354855.1	unprocessed_pseudogene	3	1	2	0.2605	0.0646	0.0699
ENSG00000285292.1	ABCF2-H2BE1	protein_coding	0	0	0	0.0000	0.0000	0.0000
ENSG00000285294.1	LINC00842	lncRNA	1	0	1	0.0197	0.0049	0.0053
ENSG00000285300.1	AC073176.2	lncRNA	1	1	0	0.0258	0.0064	0.0069
ENSG00000285303.1	AC004381.4	transcribed_unprocessed_pseudogene	0	0	0	0.0000	0.0000	0.0000
ENSG00000285304.1	Z83844.2	protein_coding	0	0	0	0.0000	0.0000	0.0000
ENSG00000285314.1	AC002470.2	lncRNA	0	0	0	0.0000	0.0000	0.0000
ENSG00000285323.1	AL158066.2	transcribed_unprocessed_pseudogene	0	0	0	0.0000	0.0000	0.0000
ENSG00000285325.1	AC104169.1	lncRNA	0	0	0	0.0000	0.0000	0.0000
ENSG00000285329.1	AC025283.2	protein_coding	4	127	132	0.1786	0.0443	0.0479
ENSG00000285330.1	AC126283.2	protein_coding	0	0	0	0.0000	0.0000	0.0000
ENSG00000285331.2	AC090517.5	lncRNA	181	104	90	1.5872	0.3936	0.4256
ENSG00000285336.1	AC108734.4	lncRNA	6	4	2	0.1097	0.0272	0.0294
ENSG00000285338.1	AC091564.7	lncRNA	0	0	0	0.0000	0.0000	0.0000
ENSG00000285347.1	AL359555.4	lncRNA	0	0	1	0.0000	0.0000	0.0000
ENSG00000285354.1	AC010745.5	lncRNA	0	0	0	0.0000	0.0000	0.0000
ENSG00000285361.1	AL844170.1	lncRNA	1	0	1	0.0430	0.0107	0.0115
ENSG00000285366.1	AC008533.1	TEC	0	0	0	0.0000	0.0000	0.0000
ENSG00000285367.1	AC087564.1	lncRNA	7	3	4	0.0487	0.0121	0.0131
ENSG00000285370.1	AL449105.5	unprocessed_pseudogene	0	0	0	0.0000	0.0000	0.0000
ENSG00000285373.2	LINC02478	lncRNA	0	0	0	0.0000	0.0000	0.0000
ENSG00000285374.1	AL359762.2	lncRNA	0	0	0	0.0000	0.0000	0.0000
ENSG00000285382.1	FO393400.1	protein_coding	2	1	1	0.0241	0.0060	0.0065
ENSG00000285388.1	AP000438.2	transcribed_unprocessed_pseudogene	0	0	0	0.0000	0.0000	0.0000
ENSG00000285398.1	AC079799.2	TEC	0	0	0	0.0000	0.0000	0.0000
ENSG00000285401.1	AL109897.1	processed_pseudogene	15	6	9	1.5029	0.3727	0.4030
ENSG00000285402.1	AC244230.2	lncRNA	0	0	0	0.0000	0.0000	0.0000
ENSG00000285404.1	Z82190.2	protein_coding	0	0	0	0.0000	0.0000	0.0000
ENSG00000285405.1	OR11J6P	unprocessed_pseudogene	0	0	0	0.0000	0.0000	0.0000
ENSG00000285407.1	AL033530.1	lncRNA	4	2	2	0.0807	0.0200	0.0216
ENSG00000285409.1	AC099671.1	lncRNA	0	0	0	0.0000	0.0000	0.0000
ENSG00000285410.1	GABPB1-IT1	lncRNA	958	485	473	9.1678	2.2735	2.4582
ENSG00000285412.1	AC005232.1	lncRNA	0	0	0	0.0000	0.0000	0.0000
ENSG00000285413.1	AP001056.2	lncRNA	0	1	0	0.0000	0.0000	0.0000
ENSG00000285416.1	AC137630.5	unitary_pseudogene	12	7	6	0.8919	0.2212	0.2391
ENSG00000285417.1	BX571818.1	transcribed_unitary_pseudogene	3	1	2	0.0820	0.0203	0.0220
ENSG00000285420.1	PDGFRL2P	unitary_pseudogene	4	3	1	0.2555	0.0633	0.0685
ENSG00000285424.1	AL162718.1	lncRNA	6	6	4	0.0853	0.0212	0.0229
ENSG00000285427.1	SOD2-OT1	lncRNA	18	9	9	0.5942	0.1473	0.1593
ENSG00000285437.1	POLR2J3	protein_coding	7	3	4	0.0552	0.0137	0.0148
ENSG00000285444.1	AL162377.3	protein_coding	0	127	128	0.0000	0.0000	0.0000
ENSG00000285445.1	TUSC2P2	processed_pseudogene	0	0	0	0.0000	0.0000	0.0000
ENSG00000285446.1	Z84488.1	protein_coding	0	0	0	0.0000	0.0000	0.0000
ENSG00000285447.1	ZNF883	protein_coding	0	0	0	0.0000	0.0000	0.0000
ENSG00000285448.1	AL136961.1	lncRNA	1	1	0	0.0477	0.0118	0.0128
ENSG00000285454.1	AC111006.1	lncRNA	0	0	0	0.0000	0.0000	0.0000
ENSG00000285458.1	AC093827.5	protein_coding	9	5	4	0.2044	0.0507	0.0548
ENSG00000285462.1	LINC02792	lncRNA	0	0	0	0.0000	0.0000	0.0000
ENSG00000285467.1	AL136419.1	lncRNA	3	1	2	0.1231	0.0305	0.0330
ENSG00000285470.1	TUSC2P1	processed_pseudogene	0	0	0	0.0000	0.0000	0.0000
ENSG00000285471.1	AC007846.2	protein_coding	0	0	0	0.0000	0.0000	0.0000
ENSG00000285472.1	AC134980.2	protein_coding	0	0	0	0.0000	0.0000	0.0000
ENSG00000285473.1	AL691520.1	lncRNA	0	0	0	0.0000	0.0000	0.0000
ENSG00000285476.1	AC139491.7	protein_coding	0	0	0	0.0000	0.0000	0.0000
ENSG00000285480.1	H2BE1	protein_coding	0	0	0	0.0000	0.0000	0.0000
ENSG00000285483.1	AL590381.1	lncRNA	1	0	1	0.1454	0.0361	0.0390
ENSG00000285486.1	AC003043.2	lncRNA	3	1	2	0.0419	0.0104	0.0112
ENSG00000285491.1	AC135068.12	transcribed_unprocessed_pseudogene	0	0	0	0.0000	0.0000	0.0000
ENSG00000285492.1	AL356417.3	lncRNA	3	3	1	0.0132	0.0033	0.0035
ENSG00000285498.1	AC104389.7	TEC	0	0	0	0.0000	0.0000	0.0000
ENSG00000285505.1	AC010616.1	protein_coding	0	0	0	0.0000	0.0000	0.0000
ENSG00000285508.1	AL034430.1	protein_coding	0	0	0	0.0000	0.0000	0.0000
ENSG00000285509.1	TBCEL-TECTA	protein_coding	0	0	0	0.0000	0.0000	0.0000
ENSG00000285513.1	AP006216.3	lncRNA	0	0	0	0.0000	0.0000	0.0000
ENSG00000285517.1	AC010198.2	lncRNA	45	18	28	0.1349	0.0335	0.0362
ENSG00000285518.1	AC004900.1	lncRNA	3	300	298	0.2045	0.0507	0.0548
ENSG00000285519.1	AC104781.1	lncRNA	0	0	0	0.0000	0.0000	0.0000
ENSG00000285520.1	AL353586.1	lncRNA	1	92	105	0.0291	0.0072	0.0078
ENSG00000285521.1	AC119673.1	lncRNA	0	0	0	0.0000	0.0000	0.0000
ENSG00000285522.1	AC026740.2	transcribed_unprocessed_pseudogene	0	0	0	0.0000	0.0000	0.0000
ENSG00000285523.1	AC005906.3	lncRNA	4	2	2	0.0780	0.0193	0.0209
ENSG00000285524.1	AC073236.1	lncRNA	0	0	0	0.0000	0.0000	0.0000
ENSG00000285525.1	AC099670.3	lncRNA	1	1	0	0.0401	0.0099	0.0108
ENSG00000285526.1	AC020907.6	protein_coding	0	0	0	0.0000	0.0000	0.0000
ENSG00000285527.1	AC136285.3	lncRNA	0	0	0	0.0000	0.0000	0.0000
ENSG00000285528.1	AC097104.1	protein_coding	0	0	0	0.0000	0.0000	0.0000
ENSG00000285529.1	AC016816.1	lncRNA	2	0	2	0.1357	0.0336	0.0364
ENSG00000285530.1	AL445928.2	lncRNA	0	20	25	0.0000	0.0000	0.0000
ENSG00000285531.1	Z83840.1	processed_pseudogene	10	3	7	1.4885	0.3691	0.3991
ENSG00000285532.2	LINC02788	lncRNA	1	0	1	0.0559	0.0139	0.0150
ENSG00000285533.2	RELA-DT	lncRNA	135	68	71	2.0536	0.5093	0.5506
ENSG00000285534.1	AL163541.1	lncRNA	1	0	1	0.0374	0.0093	0.0100
ENSG00000285535.2	AC021683.5	lncRNA	1	1	0	0.0128	0.0032	0.0034
ENSG00000285536.1	LINC02838	lncRNA	0	0	0	0.0000	0.0000	0.0000
ENSG00000285537.1	AP003385.5	transcribed_processed_pseudogene	0	0	0	0.0000	0.0000	0.0000
ENSG00000285538.1	AC092134.3	lncRNA	0	0	0	0.0000	0.0000	0.0000
ENSG00000285539.1	AC006059.3	lncRNA	0	0	0	0.0000	0.0000	0.0000
ENSG00000285540.1	AC022023.2	lncRNA	1	0	1	0.0293	0.0073	0.0079
ENSG00000285541.1	AC005548.1	lncRNA	0	1	5	0.0000	0.0000	0.0000
ENSG00000285542.1	AC013717.1	protein_coding	0	0	0	0.0000	0.0000	0.0000
ENSG00000285543.1	AC022168.1	lncRNA	0	0	0	0.0000	0.0000	0.0000
ENSG00000285544.1	AC115220.1	lncRNA	0	0	0	0.0000	0.0000	0.0000
ENSG00000285545.1	AC124798.2	lncRNA	5	101	88	0.2548	0.0632	0.0683
ENSG00000285547.1	AL133500.1	protein_coding	0	0	0	0.0000	0.0000	0.0000
ENSG00000285548.1	AC068725.1	lncRNA	0	0	0	0.0000	0.0000	0.0000
ENSG00000285549.1	AC091973.1	lncRNA	0	0	0	0.0000	0.0000	0.0000
ENSG00000285550.1	AC110014.1	lncRNA	0	0	0	0.0000	0.0000	0.0000
ENSG00000285551.2	AC067752.1	lncRNA	0	0	0	0.0000	0.0000	0.0000
ENSG00000285552.1	AC114977.1	lncRNA	0	0	0	0.0000	0.0000	0.0000
ENSG00000285553.1	AL137182.1	lncRNA	0	0	0	0.0000	0.0000	0.0000
ENSG00000285554.1	AC242988.2	lncRNA	2	1	1	0.0982	0.0244	0.0263
ENSG00000285555.1	AC005293.1	lncRNA	4	1	3	0.1467	0.0364	0.0393
ENSG00000285556.1	AL354897.1	lncRNA	0	0	0	0.0000	0.0000	0.0000
ENSG00000285557.1	AC069410.1	lncRNA	0	0	0	0.0000	0.0000	0.0000
ENSG00000285558.1	AC112504.2	protein_coding	0	0	0	0.0000	0.0000	0.0000
ENSG00000285559.1	AC022903.2	lncRNA	1	0	1	0.0583	0.0145	0.0156
ENSG00000285560.1	AC103739.3	lncRNA	19	10	9	1.2134	0.3009	0.3254
ENSG00000285561.1	AP001804.1	lncRNA	0	0	0	0.0000	0.0000	0.0000
ENSG00000285562.1	AC090099.2	lncRNA	0	0	0	0.0000	0.0000	0.0000
ENSG00000285563.1	AC106872.12	lncRNA	1	0	1	0.0153	0.0038	0.0041
ENSG00000285564.2	AL031121.2	lncRNA	1	0	1	0.0081	0.0020	0.0022
ENSG00000285565.1	AL671762.1	lncRNA	0	0	0	0.0000	0.0000	0.0000
ENSG00000285566.1	AL445238.1	protein_coding	0	0	0	0.0000	0.0000	0.0000
ENSG00000285567.2	AC074051.3	lncRNA	2	2	0	0.0588	0.0146	0.0158
ENSG00000285568.1	AP003398.2	lncRNA	0	0	0	0.0000	0.0000	0.0000
ENSG00000285569.2	AC099344.3	lncRNA	9	3	6	0.0546	0.0135	0.0146
ENSG00000285570.1	AL590666.4	lncRNA	12	6	8	0.7118	0.1765	0.1909
ENSG00000285571.1	AL513548.4	lncRNA	0	0	0	0.0000	0.0000	0.0000
ENSG00000285572.2	AL136441.1	lncRNA	6	3	4	0.0483	0.0120	0.0130
ENSG00000285573.1	AC083864.4	lncRNA	0	0	0	0.0000	0.0000	0.0000
ENSG00000285575.1	AP001496.4	lncRNA	0	0	0	0.0000	0.0000	0.0000
ENSG00000285576.1	AL138686.2	transcribed_unprocessed_pseudogene	1	0	1	0.0449	0.0111	0.0120
ENSG00000285577.1	AC019127.1	lncRNA	1	288	278	0.0297	0.0074	0.0080
ENSG00000285578.1	AL035696.4	lncRNA	0	0	0	0.0000	0.0000	0.0000
ENSG00000285579.1	AC015687.1	lncRNA	2	0	2	0.0437	0.0108	0.0117
ENSG00000285580.1	CR769776.3	lncRNA	0	0	0	0.0000	0.0000	0.0000
ENSG00000285581.1	AC091196.1	lncRNA	1	0	1	0.0233	0.0058	0.0063
ENSG00000285582.1	AC016042.1	lncRNA	0	31	16	0.0000	0.0000	0.0000
ENSG00000285583.1	AC010422.7	lncRNA	0	0	0	0.0000	0.0000	0.0000
ENSG00000285584.2	AL158800.1	lncRNA	1	1	0	0.0264	0.0065	0.0071
ENSG00000285585.1	AC069444.2	protein_coding	0	0	0	0.0000	0.0000	0.0000
ENSG00000285586.1	AL132875.3	lncRNA	0	0	0	0.0000	0.0000	0.0000
ENSG00000285587.1	AC012470.1	lncRNA	30	13	17	0.5974	0.1481	0.1602
ENSG00000285588.1	AL160254.1	lncRNA	0	0	0	0.0000	0.0000	0.0000
ENSG00000285589.1	AC010422.8	protein_coding	23	89	102	0.2596	0.0644	0.0696
ENSG00000285590.1	AC010291.1	lncRNA	0	0	0	0.0000	0.0000	0.0000
ENSG00000285591.1	AC092617.1	lncRNA	1	1	0	0.0167	0.0041	0.0045
ENSG00000285592.1	AC080068.1	lncRNA	0	0	0	0.0000	0.0000	0.0000
ENSG00000285593.1	AC055872.2	lncRNA	0	0	0	0.0000	0.0000	0.0000
ENSG00000285594.1	LINC02856	lncRNA	0	0	0	0.0000	0.0000	0.0000
ENSG00000285595.1	AC105114.2	lncRNA	2	0	2	0.0557	0.0138	0.0149
ENSG00000285596.1	AC017116.2	lncRNA	11	6	5	0.2312	0.0573	0.0620
ENSG00000285597.1	AC051619.10	lncRNA	3	1	2	0.1756	0.0435	0.0471
ENSG00000285598.1	AL023283.1	lncRNA	0	0	0	0.0000	0.0000	0.0000
ENSG00000285599.1	AC234917.2	lncRNA	1	288	274	0.0832	0.0206	0.0223
ENSG00000285600.1	AC023593.1	lncRNA	1	731	775	0.0204	0.0051	0.0055
ENSG00000285601.1	AC084262.2	lncRNA	4	1	3	0.0695	0.0172	0.0186
ENSG00000285602.1	AC097625.1	protein_coding	2	6	6	0.0309	0.0077	0.0083
ENSG00000285603.1	AL035693.1	lncRNA	0	0	0	0.0000	0.0000	0.0000
ENSG00000285604.1	AL357835.1	lncRNA	0	0	0	0.0000	0.0000	0.0000
ENSG00000285605.1	AC109441.1	lncRNA	0	0	0	0.0000	0.0000	0.0000
ENSG00000285606.1	AC079200.1	lncRNA	0	0	0	0.0000	0.0000	0.0000
ENSG00000285607.1	FAM90A9P	protein_coding	0	0	0	0.0000	0.0000	0.0000
ENSG00000285608.1	AL161665.1	lncRNA	3	1732	1667	0.0432	0.0107	0.0116
ENSG00000285609.1	5S_rRNA	rRNA_pseudogene	0	0	0	0.0000	0.0000	0.0000
ENSG00000285610.1	AL590286.2	lncRNA	0	0	0	0.0000	0.0000	0.0000
ENSG00000285611.2	AC007132.1	lncRNA	0	0	0	0.0000	0.0000	0.0000
ENSG00000285612.1	AC004974.1	lncRNA	0	820	885	0.0000	0.0000	0.0000
ENSG00000285613.1	AC099482.2	lncRNA	0	3	5	0.0000	0.0000	0.0000
ENSG00000285614.1	AC026100.1	lncRNA	1	0	1	0.0630	0.0156	0.0169
ENSG00000285615.1	AL359508.1	lncRNA	0	0	0	0.0000	0.0000	0.0000
ENSG00000285616.1	AC114977.2	lncRNA	0	0	0	0.0000	0.0000	0.0000
ENSG00000285618.1	AC074132.1	lncRNA	4	1	3	0.3302	0.0819	0.0885
ENSG00000285619.1	AL449214.1	lncRNA	2	1	1	0.1630	0.0404	0.0437
ENSG00000285620.1	FAM90A16P	protein_coding	0	0	0	0.0000	0.0000	0.0000
ENSG00000285621.1	AL138999.2	lncRNA	1	1	1	0.0432	0.0107	0.0116
ENSG00000285622.1	AL135926.1	lncRNA	0	0	0	0.0000	0.0000	0.0000
ENSG00000285623.1	Z82202.2	lncRNA	0	0	0	0.0000	0.0000	0.0000
ENSG00000285624.2	AC025062.3	lncRNA	2	1	1	0.1778	0.0441	0.0477
ENSG00000285625.1	AC117378.1	protein_coding	0	0	0	0.0000	0.0000	0.0000
ENSG00000285626.1	5S_rRNA	rRNA_pseudogene	0	0	0	0.0000	0.0000	0.0000
ENSG00000285627.1	AC005343.4	lncRNA	4	5	5	0.0654	0.0162	0.0175
ENSG00000285628.1	AC126755.5	lncRNA	0	0	0	0.0000	0.0000	0.0000
ENSG00000285629.1	AL031847.1	protein_coding	0	0	0	0.0000	0.0000	0.0000
ENSG00000285630.1	AL590068.3	lncRNA	2	1	1	0.0624	0.0155	0.0167
ENSG00000285631.1	AC097105.1	lncRNA	0	0	0	0.0000	0.0000	0.0000
ENSG00000285632.1	AC084024.4	lncRNA	41	25	16	2.2378	0.5550	0.6000
ENSG00000285633.1	AL132633.1	lncRNA	0	0	0	0.0000	0.0000	0.0000
ENSG00000285634.2	AL583827.1	lncRNA	0	0	0	0.0000	0.0000	0.0000
ENSG00000285635.1	AC021660.3	protein_coding	0	0	0	0.0000	0.0000	0.0000
ENSG00000285636.2	AL450163.1	lncRNA	2	0	2	0.0514	0.0127	0.0138
ENSG00000285637.2	AL161449.2	lncRNA	25	10	15	0.2768	0.0686	0.0742
ENSG00000285638.1	AL138927.1	lncRNA	0	0	0	0.0000	0.0000	0.0000
ENSG00000285639.1	AL133259.1	lncRNA	1	0	1	0.0216	0.0054	0.0058
ENSG00000285640.1	AP001999.2	lncRNA	0	0	0	0.0000	0.0000	0.0000
ENSG00000285641.1	AL358472.6	protein_coding	0	26	29	0.0000	0.0000	0.0000
ENSG00000285642.1	AL139330.1	lncRNA	1	0	1	0.2148	0.0533	0.0576
ENSG00000285643.1	AL354741.1	lncRNA	0	0	0	0.0000	0.0000	0.0000
ENSG00000285644.1	AC108448.3	lncRNA	86	48	43	1.9454	0.4824	0.5216
ENSG00000285645.1	AL133410.3	protein_coding	0	0	0	0.0000	0.0000	0.0000
ENSG00000285646.2	AL021155.4	lncRNA	14	7	7	0.2585	0.0641	0.0693
ENSG00000285647.1	AL671883.3	lncRNA	0	0	0	0.0000	0.0000	0.0000
ENSG00000285648.1	AC137735.2	lncRNA	0	0	0	0.0000	0.0000	0.0000
ENSG00000285649.1	AL357079.2	lncRNA	11	89	82	0.3052	0.0757	0.0818
ENSG00000285650.1	AL157827.2	lncRNA	5	49	47	0.0886	0.0220	0.0238
ENSG00000285651.1	AL450992.2	lncRNA	3	1	2	0.0609	0.0151	0.0163
ENSG00000285652.1	AL591428.1	lncRNA	0	0	0	0.0000	0.0000	0.0000
ENSG00000285653.1	AC006238.2	lncRNA	14	10	4	0.7708	0.1912	0.2067
ENSG00000285654.1	AC090953.2	lncRNA	0	0	0	0.0000	0.0000	0.0000
ENSG00000285655.1	AC009879.2	protein_coding	0	0	0	0.0000	0.0000	0.0000
ENSG00000285656.1	AP002793.1	lncRNA	0	0	0	0.0000	0.0000	0.0000
ENSG00000285657.1	FAM90A19P	protein_coding	0	0	0	0.0000	0.0000	0.0000
ENSG00000285658.1	AC127035.1	lncRNA	3	3	0	0.1444	0.0358	0.0387
ENSG00000285659.1	AC134684.11	unprocessed_pseudogene	0	0	0	0.0000	0.0000	0.0000
ENSG00000285660.1	AC092958.3	lncRNA	0	0	0	0.0000	0.0000	0.0000
ENSG00000285661.1	AC127520.1	lncRNA	0	0	0	0.0000	0.0000	0.0000
ENSG00000285662.2	FAM245B	lncRNA	0	0	0	0.0000	0.0000	0.0000
ENSG00000285663.1	AC108457.1	lncRNA	5	2	3	0.1400	0.0347	0.0375
ENSG00000285664.2	AL139317.5	lncRNA	23	17	7	0.1896	0.0470	0.0508
ENSG00000285665.1	TOP1P1	processed_pseudogene	24	14	10	2.0591	0.5106	0.5521
ENSG00000285666.1	AC006972.1	lncRNA	0	0	0	0.0000	0.0000	0.0000
ENSG00000285667.1	AC012291.3	lncRNA	43	31	12	1.4252	0.3534	0.3821
ENSG00000285668.1	AC126544.2	lncRNA	24	20	30	2.5393	0.6297	0.6809
ENSG00000285669.1	AC026979.4	lncRNA	33	17	16	0.4080	0.1012	0.1094
ENSG00000285670.1	AC006970.2	lncRNA	2	1	1	0.1494	0.0371	0.0401
ENSG00000285671.1	AL139405.1	lncRNA	0	0	0	0.0000	0.0000	0.0000
ENSG00000285672.1	AL160396.2	lncRNA	7	5	2	0.3303	0.0819	0.0886
ENSG00000285673.1	AC007092.1	lncRNA	0	0	0	0.0000	0.0000	0.0000
ENSG00000285674.1	5S_rRNA	rRNA_pseudogene	1	1	0	0.4726	0.1172	0.1267
ENSG00000285675.1	AC023385.1	lncRNA	0	0	0	0.0000	0.0000	0.0000
ENSG00000285676.1	AL158212.5	lncRNA	17	48	74	0.7781	0.1930	0.2086
ENSG00000285677.2	AL355388.2	lncRNA	11	2087	2170	0.2637	0.0654	0.0707
ENSG00000285679.2	AC079142.1	lncRNA	21	13	8	0.3939	0.0977	0.1056
ENSG00000285680.2	AL355481.1	lncRNA	0	0	0	0.0000	0.0000	0.0000
ENSG00000285681.2	AC091576.1	lncRNA	0	0	0	0.0000	0.0000	0.0000
ENSG00000285683.2	AC023781.1	lncRNA	0	0	0	0.0000	0.0000	0.0000
ENSG00000285684.1	AL137781.1	lncRNA	2	1	1	0.0207	0.0051	0.0055
ENSG00000285685.1	AC115284.3	lncRNA	1	0	1	0.0611	0.0152	0.0164
ENSG00000285686.1	LINC02834	lncRNA	1	0	1	0.0392	0.0097	0.0105
ENSG00000285687.1	FAM90A22P	protein_coding	0	0	0	0.0000	0.0000	0.0000
ENSG00000285688.1	AL161443.1	lncRNA	0	0	0	0.0000	0.0000	0.0000
ENSG00000285689.1	AC091951.4	lncRNA	0	0	0	0.0000	0.0000	0.0000
ENSG00000285690.1	AL022332.2	transcribed_unprocessed_pseudogene	0	0	0	0.0000	0.0000	0.0000
ENSG00000285691.2	AL445259.1	lncRNA	0	0	0	0.0000	0.0000	0.0000
ENSG00000285692.1	AC023509.6	lncRNA	4	59	50	0.2616	0.0649	0.0702
ENSG00000285693.1	AP002381.2	lncRNA	406	218	188	17.7246	4.3955	4.7526
ENSG00000285694.1	AL162718.2	lncRNA	6	2	8	0.1885	0.0467	0.0505
ENSG00000285695.1	AC016383.2	lncRNA	0	0	0	0.0000	0.0000	0.0000
ENSG00000285696.1	AP002433.2	lncRNA	1	281	287	0.0760	0.0189	0.0204
ENSG00000285697.1	AC002059.3	transcribed_unprocessed_pseudogene	4	3	1	0.1376	0.0341	0.0369
ENSG00000285698.1	AL049825.1	lncRNA	1	0	1	0.0419	0.0104	0.0112
ENSG00000285699.1	AL360267.2	lncRNA	0	0	0	0.0000	0.0000	0.0000
ENSG00000285700.1	AC104260.3	lncRNA	1	3	3	0.0367	0.0091	0.0098
ENSG00000285701.1	AL357140.4	lncRNA	2	1	1	0.1488	0.0369	0.0399
ENSG00000285702.1	AC211476.5	lncRNA	0	0	0	0.0000	0.0000	0.0000
ENSG00000285703.1	AL021918.3	lncRNA	0	0	0	0.0000	0.0000	0.0000
ENSG00000285704.1	AC004765.1	lncRNA	4	1	5	0.1954	0.0485	0.0524
ENSG00000285705.1	AC090692.2	lncRNA	4	2	2	0.2408	0.0597	0.0646
ENSG00000285706.1	AL807776.1	lncRNA	1	0	1	0.0293	0.0073	0.0078
ENSG00000285707.1	AL008720.1	lncRNA	0	0	0	0.0000	0.0000	0.0000
ENSG00000285708.1	AC097634.4	protein_coding	0	0	0	0.0000	0.0000	0.0000
ENSG00000285709.1	AL592164.2	lncRNA	0	0	0	0.0000	0.0000	0.0000
ENSG00000285710.1	AC012184.4	lncRNA	0	276	276	0.0000	0.0000	0.0000
ENSG00000285711.1	LINC02835	lncRNA	8	1	7	0.5288	0.1311	0.1418
ENSG00000285712.1	AC068707.1	lncRNA	2	1	1	0.0713	0.0177	0.0191
ENSG00000285713.1	AC098588.2	protein_coding	0	0	0	0.0000	0.0000	0.0000
ENSG00000285714.1	AL159158.1	lncRNA	0	0	0	0.0000	0.0000	0.0000
ENSG00000285715.1	AC063960.1	lncRNA	3	1	2	0.2082	0.0516	0.0558
ENSG00000285716.1	AC004129.3	lncRNA	0	0	0	0.0000	0.0000	0.0000
ENSG00000285717.1	AL162719.1	lncRNA	0	0	0	0.0000	0.0000	0.0000
ENSG00000285718.2	AL353072.2	lncRNA	0	0	0	0.0000	0.0000	0.0000
ENSG00000285719.2	AL356275.1	lncRNA	0	0	0	0.0000	0.0000	0.0000
ENSG00000285720.1	FAM90A17P	protein_coding	0	0	0	0.0000	0.0000	0.0000
ENSG00000285722.1	AC207130.1	lncRNA	0	0	0	0.0000	0.0000	0.0000
ENSG00000285723.1	AL034430.2	protein_coding	0	0	0	0.0000	0.0000	0.0000
ENSG00000285724.2	AC092110.1	lncRNA	1	0	1	0.0309	0.0077	0.0083
ENSG00000285725.1	AC004967.2	lncRNA	18	8	10	0.5344	0.1325	0.1433
ENSG00000285726.1	AL031121.3	lncRNA	0	0	0	0.0000	0.0000	0.0000
ENSG00000285727.1	AL136419.2	lncRNA	8	4	4	0.5608	0.1391	0.1504
ENSG00000285728.2	AC098484.4	lncRNA	69	280	324	1.1804	0.2927	0.3165
ENSG00000285729.1	AC103874.1	lncRNA	0	0	0	0.0000	0.0000	0.0000
ENSG00000285730.1	Z94721.3	lncRNA	2	29	16	0.1132	0.0281	0.0304
ENSG00000285731.1	AC090644.1	lncRNA	0	0	1	0.0000	0.0000	0.0000
ENSG00000285732.1	AC121334.3	lncRNA	1	1	0	0.0227	0.0056	0.0061
ENSG00000285733.1	AL031315.1	protein_coding	0	0	0	0.0000	0.0000	0.0000
ENSG00000285734.1	AC005414.1	lncRNA	1	0	1	0.0178	0.0044	0.0048
ENSG00000285735.2	LINC02717	lncRNA	0	0	0	0.0000	0.0000	0.0000
ENSG00000285736.1	AC131025.3	lncRNA	15	10	7	0.9926	0.2462	0.2661
ENSG00000285737.1	LINC02680	lncRNA	5	2	3	0.0782	0.0194	0.0210
ENSG00000285738.1	AC098969.1	lncRNA	1	0	1	0.0217	0.0054	0.0058
ENSG00000285739.1	AC010157.2	lncRNA	0	0	0	0.0000	0.0000	0.0000
ENSG00000285740.1	AC090692.3	lncRNA	0	0	0	0.0000	0.0000	0.0000
ENSG00000285741.1	AC005999.2	lncRNA	0	0	0	0.0000	0.0000	0.0000
ENSG00000285742.1	AL445604.1	lncRNA	0	0	0	0.0000	0.0000	0.0000
ENSG00000285743.1	AL158210.1	lncRNA	0	0	0	0.0000	0.0000	0.0000
ENSG00000285744.1	AC083837.1	lncRNA	41	24	27	0.7960	0.1974	0.2134
ENSG00000285745.1	AC104805.1	processed_pseudogene	0	0	0	0.0000	0.0000	0.0000
ENSG00000285746.1	AL450447.1	unprocessed_pseudogene	1	0	1	0.0453	0.0112	0.0122
ENSG00000285747.1	AL133485.3	lncRNA	5	5	0	0.1167	0.0289	0.0313
ENSG00000285748.2	AC090337.2	lncRNA	5	2	3	0.0873	0.0216	0.0234
ENSG00000285749.2	AC097636.1	protein_coding	0	0	0	0.0000	0.0000	0.0000
ENSG00000285750.1	AL157385.2	lncRNA	1	1	0	0.0276	0.0068	0.0074
ENSG00000285751.1	AC021723.2	lncRNA	2	0	2	0.0476	0.0118	0.0128
ENSG00000285752.1	CDC42-AS1	lncRNA	33	495	462	0.7271	0.1803	0.1949
ENSG00000285753.1	LCEP3	unprocessed_pseudogene	0	0	0	0.0000	0.0000	0.0000
ENSG00000285754.1	AC008170.1	lncRNA	0	0	0	0.0000	0.0000	0.0000
ENSG00000285755.2	AC132153.1	lncRNA	7	3	4	0.0873	0.0216	0.0234
ENSG00000285756.2	BX890604.1	lncRNA	575	322	347	2.0121	0.4990	0.5395
ENSG00000285758.2	AC036214.4	lncRNA	5	1	4	0.1053	0.0261	0.0282
ENSG00000285759.1	AL138885.3	lncRNA	3	0	3	0.2798	0.0694	0.0750
ENSG00000285760.1	AC087498.1	transcribed_unprocessed_pseudogene	0	0	0	0.0000	0.0000	0.0000
ENSG00000285761.1	AL645939.5	lncRNA	3	3	2	0.0906	0.0225	0.0243
ENSG00000285762.1	AC253536.7	protein_coding	2	2	0	0.1409	0.0349	0.0378
ENSG00000285763.1	AL358777.3	lncRNA	87	46	41	1.4231	0.3529	0.3816
ENSG00000285764.1	AL445989.2	lncRNA	0	0	0	0.0000	0.0000	0.0000
ENSG00000285765.1	FAM90A23P	protein_coding	0	0	0	0.0000	0.0000	0.0000
ENSG00000285766.1	AC092042.4	lncRNA	9	6	4	0.7281	0.1806	0.1952
ENSG00000285768.1	LINC02849	lncRNA	9	5	4	0.3073	0.0762	0.0824
ENSG00000285769.2	AP003100.2	lncRNA	1	0	1	0.0102	0.0025	0.0027
ENSG00000285770.1	AC018653.4	lncRNA	1	0	1	0.0783	0.0194	0.0210
ENSG00000285771.1	AL139095.5	lncRNA	1	1	0	0.0479	0.0119	0.0128
ENSG00000285772.1	AC000120.2	protein_coding	0	0	0	0.0000	0.0000	0.0000
ENSG00000285773.1	AL161893.1	lncRNA	0	0	0	0.0000	0.0000	0.0000
ENSG00000285774.3	AL133444.1	lncRNA	2	1	1	0.0663	0.0164	0.0178
ENSG00000285775.1	AC109136.1	lncRNA	0	1	0	0.0000	0.0000	0.0000
ENSG00000285776.1	5S_rRNA	rRNA_pseudogene	0	0	0	0.0000	0.0000	0.0000
ENSG00000285777.1	AL139142.2	protein_coding	1	1	0	0.0318	0.0079	0.0085
ENSG00000285778.2	AL591463.1	lncRNA	0	0	0	0.0000	0.0000	0.0000
ENSG00000285779.1	AL358472.7	protein_coding	0	0	0	0.0000	0.0000	0.0000
ENSG00000285780.2	AC109129.1	lncRNA	1	0	1	0.0587	0.0146	0.0157
ENSG00000285781.1	AL117340.1	unprocessed_pseudogene	4	1	3	0.1813	0.0450	0.0486
ENSG00000285782.2	AC116099.1	lncRNA	0	0	0	0.0000	0.0000	0.0000
ENSG00000285783.1	AC098588.3	lncRNA	0	0	0	0.0000	0.0000	0.0000
ENSG00000285784.1	AL353595.1	lncRNA	0	0	0	0.0000	0.0000	0.0000
ENSG00000285785.1	AC003950.1	lncRNA	0	0	0	0.0000	0.0000	0.0000
ENSG00000285786.1	AC074325.1	lncRNA	1	0	1	0.0313	0.0078	0.0084
ENSG00000285788.1	AC099782.1	lncRNA	1	1	0	0.0792	0.0196	0.0212
ENSG00000285789.1	AL162717.1	lncRNA	0	0	0	0.0000	0.0000	0.0000
ENSG00000285790.1	AC021517.3	lncRNA	1	2	0	0.0772	0.0191	0.0207
ENSG00000285791.1	AC009879.3	protein_coding	2	1	1	0.0227	0.0056	0.0061
ENSG00000285792.1	AC040169.4	lncRNA	0	0	0	0.0000	0.0000	0.0000
ENSG00000285793.1	ANAPC1P2	lncRNA	1	0	1	0.0256	0.0063	0.0069
ENSG00000285794.1	AL031281.1	transcribed_processed_pseudogene	0	0	0	0.0000	0.0000	0.0000
ENSG00000285796.1	AL162458.1	lncRNA	210	169	184	1.3948	0.3459	0.3740
ENSG00000285797.1	AL512658.2	lncRNA	0	0	0	0.0000	0.0000	0.0000
ENSG00000285798.1	AC092958.4	lncRNA	0	0	0	0.0000	0.0000	0.0000
ENSG00000285799.1	AL645929.2	transcribed_unprocessed_pseudogene	65	34	32	1.0826	0.2685	0.2903
ENSG00000285800.1	AC026462.5	lncRNA	0	0	0	0.0000	0.0000	0.0000
ENSG00000285801.1	AL133268.4	lncRNA	1	1	0	0.0617	0.0153	0.0165
ENSG00000285802.1	AL450043.1	lncRNA	4	0	4	0.1716	0.0426	0.0460
ENSG00000285803.1	AL442003.1	lncRNA	21	23	26	1.0338	0.2564	0.2772
ENSG00000285804.2	AC025774.1	lncRNA	6	4	2	0.0778	0.0193	0.0209
ENSG00000285805.1	AC012378.2	lncRNA	42	20	26	3.5925	0.8909	0.9633
ENSG00000285806.1	AL391560.1	lncRNA	0	0	0	0.0000	0.0000	0.0000
ENSG00000285807.1	AL353768.2	lncRNA	0	0	0	0.0000	0.0000	0.0000
ENSG00000285808.1	LINC02797	lncRNA	0	0	1	0.0000	0.0000	0.0000
ENSG00000285809.1	AC093295.1	lncRNA	0	0	0	0.0000	0.0000	0.0000
ENSG00000285810.1	AC018511.6	lncRNA	4	2	2	0.0971	0.0241	0.0260
ENSG00000285811.1	AL355677.1	lncRNA	0	0	0	0.0000	0.0000	0.0000
ENSG00000285812.1	AL390719.3	lncRNA	17	10	7	0.8804	0.2183	0.2361
ENSG00000285813.1	AP000813.1	lncRNA	34	30	24	0.5114	0.1268	0.1371
ENSG00000285814.1	FAM90A14P	protein_coding	0	0	0	0.0000	0.0000	0.0000
ENSG00000285815.1	GET1-SH3BGR	protein_coding	0	0	0	0.0000	0.0000	0.0000
ENSG00000285816.1	AP000944.5	protein_coding	5	3	2	0.0666	0.0165	0.0179
ENSG00000285817.1	AC105213.1	lncRNA	0	0	0	0.0000	0.0000	0.0000
ENSG00000285818.1	AL591893.1	unprocessed_pseudogene	1	1	0	0.0421	0.0104	0.0113
ENSG00000285819.1	AC131180.1	lncRNA	0	0	0	0.0000	0.0000	0.0000
ENSG00000285820.1	AL157829.1	lncRNA	3	1	2	0.0820	0.0203	0.0220
ENSG00000285821.1	AC011899.3	lncRNA	1	1	0	0.0388	0.0096	0.0104
ENSG00000285822.1	AC129926.2	lncRNA	0	0	0	0.0000	0.0000	0.0000
ENSG00000285823.1	LINC02793	lncRNA	1	1	0	0.0396	0.0098	0.0106
ENSG00000285824.1	AL353796.2	lncRNA	0	67	81	0.0000	0.0000	0.0000
ENSG00000285825.2	CCDC15-DT	lncRNA	39	18	21	0.8137	0.2018	0.2182
ENSG00000285826.1	AL356807.1	lncRNA	0	0	0	0.0000	0.0000	0.0000
ENSG00000285827.1	AP001267.5	protein_coding	0	0	0	0.0000	0.0000	0.0000
ENSG00000285829.1	AC005921.4	lncRNA	2	1	2	0.0599	0.0149	0.0161
ENSG00000285830.1	AL109628.2	lncRNA	1	930	957	0.0180	0.0045	0.0048
ENSG00000285831.1	AC027329.1	lncRNA	0	0	0	0.0000	0.0000	0.0000
ENSG00000285833.1	AL590989.1	lncRNA	0	0	4	0.0000	0.0000	0.0000
ENSG00000285834.1	AL356413.1	lncRNA	0	0	0	0.0000	0.0000	0.0000
ENSG00000285835.1	AP000676.5	lncRNA	3	2	1	0.2033	0.0504	0.0545
ENSG00000285836.1	AC092896.1	lncRNA	15	13	17	0.6420	0.1592	0.1721
ENSG00000285837.1	AC024598.1	protein_coding	0	0	0	0.0000	0.0000	0.0000
ENSG00000285838.2	AL646090.2	lncRNA	0	0	0	0.0000	0.0000	0.0000
ENSG00000285839.1	AL445685.3	protein_coding	0	0	0	0.0000	0.0000	0.0000
ENSG00000285840.2	AL353648.1	lncRNA	1	1	0	0.0388	0.0096	0.0104
ENSG00000285841.1	AC005692.3	lncRNA	0	0	0	0.0000	0.0000	0.0000
ENSG00000285842.1	AP000820.2	lncRNA	0	0	0	0.0000	0.0000	0.0000
ENSG00000285843.1	SCYGR9	polymorphic_pseudogene	0	0	0	0.0000	0.0000	0.0000
ENSG00000285844.2	FO393414.3	lncRNA	14	12	3	0.1773	0.0440	0.0475
ENSG00000285845.1	AL392086.1	lncRNA	0	0	0	0.0000	0.0000	0.0000
ENSG00000285846.1	AL358613.3	lncRNA	0	0	0	0.0000	0.0000	0.0000
ENSG00000285847.2	AL713852.1	lncRNA	52	24	28	0.3899	0.0967	0.1045
ENSG00000285848.1	AC025280.3	lncRNA	1	246	293	0.0426	0.0106	0.0114
ENSG00000285849.1	AL021918.4	lncRNA	5	61	52	0.1782	0.0442	0.0478
ENSG00000285850.1	AC009152.3	lncRNA	1	0	1	0.0479	0.0119	0.0128
ENSG00000285851.1	AL359762.3	lncRNA	16	9	8	0.3378	0.0838	0.0906
ENSG00000285852.1	AL353147.1	lncRNA	11	17	32	0.2656	0.0659	0.0712
ENSG00000285853.1	AL137802.3	lncRNA	0	0	0	0.0000	0.0000	0.0000
ENSG00000285854.1	AC010197.2	protein_coding	0	0	0	0.0000	0.0000	0.0000
ENSG00000285855.1	Z72006.1	lncRNA	0	0	0	0.0000	0.0000	0.0000
ENSG00000285856.1	AL353704.1	lncRNA	7	4	3	0.3028	0.0751	0.0812
ENSG00000285857.1	AC016727.3	lncRNA	5	3	7	0.2240	0.0555	0.0601
ENSG00000285858.1	AL137005.1	lncRNA	0	0	0	0.0000	0.0000	0.0000
ENSG00000285859.1	AL512598.2	lncRNA	1	1	0	0.0276	0.0069	0.0074
ENSG00000285860.1	AC010677.2	lncRNA	0	0	0	0.0000	0.0000	0.0000
ENSG00000285861.1	AC026991.2	lncRNA	0	0	0	0.0000	0.0000	0.0000
ENSG00000285862.1	AC084121.4	unprocessed_pseudogene	0	0	0	0.0000	0.0000	0.0000
ENSG00000285863.1	AC009554.2	lncRNA	22	9	13	2.1182	0.5253	0.5680
ENSG00000285864.1	AP000593.4	lncRNA	0	74	70	0.0000	0.0000	0.0000
ENSG00000285865.1	AC010285.3	lncRNA	15	677	610	0.4222	0.1047	0.1132
ENSG00000285866.1	LINC02852	lncRNA	0	0	0	0.0000	0.0000	0.0000
ENSG00000285867.1	BX470102.2	lncRNA	130	75	55	2.3213	0.5756	0.6224
ENSG00000285868.1	AC008676.3	protein_coding	2	89	115	0.0266	0.0066	0.0071
ENSG00000285869.1	LINC02858	lncRNA	0	0	0	0.0000	0.0000	0.0000
ENSG00000285870.1	AC012673.1	lncRNA	6	2	4	0.1484	0.0368	0.0398
ENSG00000285871.1	AL359844.1	lncRNA	7	3	4	0.2230	0.0553	0.0598
ENSG00000285872.1	AC007240.3	lncRNA	7	4	3	0.2122	0.0526	0.0569
ENSG00000285873.1	AL445253.1	lncRNA	108	66	102	7.5520	1.8728	2.0249
ENSG00000285875.1	AL035446.2	lncRNA	12	7	5	0.5510	0.1366	0.1477
ENSG00000285876.1	AC093912.1	lncRNA	0	0	0	0.0000	0.0000	0.0000
ENSG00000285877.1	AC007448.5	lncRNA	10	4	6	0.2258	0.0560	0.0606
ENSG00000285878.1	AP002961.1	lncRNA	2	1	1	0.1458	0.0362	0.0391
ENSG00000285879.1	AC018628.2	lncRNA	1	1	0	0.0398	0.0099	0.0107
ENSG00000285880.1	AC144573.1	protein_coding	0	0	0	0.0000	0.0000	0.0000
ENSG00000285881.1	AC105206.3	lncRNA	5	2	5	0.2296	0.0569	0.0616
ENSG00000285882.1	AC093516.1	lncRNA	0	0	0	0.0000	0.0000	0.0000
ENSG00000285883.1	AC123784.1	lncRNA	0	0	0	0.0000	0.0000	0.0000
ENSG00000285884.1	AL022345.4	lncRNA	40	85	73	2.8714	0.7121	0.7699
ENSG00000285885.1	AC092058.1	lncRNA	0	0	1	0.0000	0.0000	0.0000
ENSG00000285886.1	AC211476.6	lncRNA	5	4	1	0.1360	0.0337	0.0365
ENSG00000285887.1	AL009176.1	lncRNA	12	7	5	0.1637	0.0406	0.0439
ENSG00000285888.1	Z85996.2	lncRNA	1	0	1	0.0345	0.0086	0.0092
ENSG00000285889.1	AL355312.4	lncRNA	0	0	0	0.0000	0.0000	0.0000
ENSG00000285890.1	AC009623.3	lncRNA	0	0	0	0.0000	0.0000	0.0000
ENSG00000285891.1	AC113348.1	protein_coding	0	0	0	0.0000	0.0000	0.0000
ENSG00000285892.1	AC006043.1	lncRNA	2	0	2	0.1053	0.0261	0.0282
ENSG00000285894.2	AL136372.2	lncRNA	0	0	0	0.0000	0.0000	0.0000
ENSG00000285895.1	AP003557.2	lncRNA	2	1	1	0.0743	0.0184	0.0199
ENSG00000285896.1	AC074281.1	lncRNA	0	0	0	0.0000	0.0000	0.0000
ENSG00000285897.1	AC004687.2	protein_coding	3	2	1	0.0292	0.0072	0.0078
ENSG00000285898.1	AC007317.1	lncRNA	0	0	0	0.0000	0.0000	0.0000
ENSG00000285899.1	AL023574.1	lncRNA	0	0	0	0.0000	0.0000	0.0000
ENSG00000285900.1	AC079177.1	lncRNA	0	0	0	0.0000	0.0000	0.0000
ENSG00000285901.2	AC008012.1	protein_coding	0	0	0	0.0000	0.0000	0.0000
ENSG00000285902.1	AL136442.1	lncRNA	0	0	0	0.0000	0.0000	0.0000
ENSG00000285904.1	AC006452.1	lncRNA	11	6	5	0.1532	0.0380	0.0411
ENSG00000285905.1	BMP8B-AS1	lncRNA	0	0	0	0.0000	0.0000	0.0000
ENSG00000285906.2	AC083855.2	lncRNA	124	53	71	7.0320	1.7439	1.8855
ENSG00000285907.1	AL161910.1	lncRNA	28	14	14	0.3011	0.0747	0.0807
ENSG00000285908.1	AC080128.2	lncRNA	2	299	307	0.0344	0.0085	0.0092
ENSG00000285909.1	AP002762.2	lncRNA	0	0	0	0.0000	0.0000	0.0000
ENSG00000285910.1	AL513013.1	lncRNA	0	0	0	0.0000	0.0000	0.0000
ENSG00000285911.1	AL391834.3	lncRNA	2	0	2	0.1412	0.0350	0.0379
ENSG00000285912.1	5S_rRNA	rRNA_pseudogene	0	0	0	0.0000	0.0000	0.0000
ENSG00000285913.1	FAM90A18P	protein_coding	0	0	0	0.0000	0.0000	0.0000
ENSG00000285914.1	AC022440.1	lncRNA	6	3	3	0.1236	0.0307	0.0332
ENSG00000285915.1	AC015819.5	lncRNA	1	0	1	0.0728	0.0181	0.0195
ENSG00000285917.1	AL109924.4	lncRNA	1	0	1	0.0744	0.0185	0.0200
ENSG00000285918.1	AC092376.3	lncRNA	10	5	5	0.4656	0.1155	0.1248
ENSG00000285919.1	AC087639.2	lncRNA	0	0	0	0.0000	0.0000	0.0000
ENSG00000285920.2	AC087721.2	protein_coding	0	0	0	0.0000	0.0000	0.0000
ENSG00000285921.1	AP000779.1	lncRNA	1	39	52	0.0627	0.0156	0.0168
ENSG00000285922.1	AC104453.1	lncRNA	1	0	1	0.0318	0.0079	0.0085
ENSG00000285923.1	AL160171.1	lncRNA	7	1	7	0.4196	0.1041	0.1125
ENSG00000285925.1	AC007391.2	lncRNA	5	4	1	0.3372	0.0836	0.0904
ENSG00000285926.1	AC005082.2	lncRNA	0	332	380	0.0000	0.0000	0.0000
ENSG00000285927.1	AC134684.12	unprocessed_pseudogene	0	0	0	0.0000	0.0000	0.0000
ENSG00000285928.1	AC103591.4	lncRNA	27	9	18	0.8530	0.2115	0.2287
ENSG00000285929.1	AL353789.1	lncRNA	1	0	1	0.0257	0.0064	0.0069
ENSG00000285930.1	AC015813.8	lncRNA	2	0	2	0.0372	0.0092	0.0100
ENSG00000285931.1	AC005495.1	lncRNA	0	0	0	0.0000	0.0000	0.0000
ENSG00000285932.1	AL133353.2	protein_coding	2	35	48	0.0575	0.0143	0.0154
ENSG00000285933.1	AP003498.2	lncRNA	161	84	77	7.9741	1.9775	2.1381
ENSG00000285934.1	AC091074.2	lncRNA	0	0	0	0.0000	0.0000	0.0000
ENSG00000285935.1	AL159978.1	lncRNA	0	148	145	0.0000	0.0000	0.0000
ENSG00000285936.1	AL392024.1	lncRNA	0	0	0	0.0000	0.0000	0.0000
ENSG00000285937.1	FAM90A8P	protein_coding	0	0	0	0.0000	0.0000	0.0000
ENSG00000285938.1	AC072022.2	protein_coding	44	25	31	2.1812	0.5409	0.5848
ENSG00000285939.2	AC034268.2	lncRNA	0	0	0	0.0000	0.0000	0.0000
ENSG00000285940.2	AC009899.1	lncRNA	1	1	0	0.0082	0.0020	0.0022
ENSG00000285941.1	AL133257.1	lncRNA	0	0	0	0.0000	0.0000	0.0000
ENSG00000285942.1	AC018362.3	protein_coding	0	0	0	0.0000	0.0000	0.0000
ENSG00000285943.1	AC112128.1	protein_coding	14	10	4	0.1161	0.0288	0.0311
ENSG00000285944.2	H2AL1SP	unprocessed_pseudogene	0	0	0	0.0000	0.0000	0.0000
ENSG00000285945.1	AC242022.2	lncRNA	0	0	0	0.0000	0.0000	0.0000
ENSG00000285946.1	AL162596.1	protein_coding	0	0	0	0.0000	0.0000	0.0000
ENSG00000285947.1	AC127029.3	protein_coding	0	0	0	0.0000	0.0000	0.0000
ENSG00000285948.1	AC123768.4	lncRNA	1	134	128	0.0255	0.0063	0.0068
ENSG00000285950.1	FAM90A10P	protein_coding	0	0	0	0.0000	0.0000	0.0000
ENSG00000285952.1	AC020663.4	lncRNA	1	0	2	0.0254	0.0063	0.0068
ENSG00000285953.1	AC000120.3	protein_coding	0	0	0	0.0000	0.0000	0.0000
ENSG00000285954.1	AC119428.2	lncRNA	1	1	0	0.0640	0.0159	0.0172
ENSG00000285955.1	BX842242.1	lncRNA	5	4	4	0.0963	0.0239	0.0258
ENSG00000285957.1	AC019257.9	lncRNA	0	155	179	0.0000	0.0000	0.0000
ENSG00000285958.1	AC073174.1	lncRNA	0	0	0	0.0000	0.0000	0.0000
ENSG00000285959.1	AL590556.3	lncRNA	0	0	0	0.0000	0.0000	0.0000
ENSG00000285960.1	AC005100.2	lncRNA	0	0	0	0.0000	0.0000	0.0000
ENSG00000285961.1	AL590814.1	lncRNA	0	0	0	0.0000	0.0000	0.0000
ENSG00000285963.1	AL035467.2	lncRNA	0	0	0	0.0000	0.0000	0.0000
ENSG00000285964.1	AC002074.2	lncRNA	0	0	0	0.0000	0.0000	0.0000
ENSG00000285966.1	AC007686.4	lncRNA	5	6	3	0.0996	0.0247	0.0267
ENSG00000285967.1	NIPBL-DT	lncRNA	1166	609	557	9.5293	2.3632	2.5551
ENSG00000285968.1	AL022324.4	lncRNA	0	0	0	0.0000	0.0000	0.0000
ENSG00000285969.1	AC087591.1	lncRNA	10	4	6	0.4722	0.1171	0.1266
ENSG00000285970.1	AC106820.6	lncRNA	4	32	27	0.2356	0.0584	0.0632
ENSG00000285971.1	AC023095.1	lncRNA	1	1	0	0.0213	0.0053	0.0057
ENSG00000285972.1	CERNA2	lncRNA	0	0	0	0.0000	0.0000	0.0000
ENSG00000285973.2	AC063960.2	lncRNA	5	2	4	0.0645	0.0160	0.0173
ENSG00000285974.1	AC026624.1	lncRNA	0	0	0	0.0000	0.0000	0.0000
ENSG00000285975.1	FAM90A7P	protein_coding	0	0	0	0.0000	0.0000	0.0000
ENSG00000285976.2	AL135905.2	protein_coding	6	3	4	0.0720	0.0179	0.0193
ENSG00000285977.1	AC022068.1	lncRNA	0	0	0	0.0000	0.0000	0.0000
ENSG00000285978.1	AC113348.2	protein_coding	0	0	0	0.0000	0.0000	0.0000
ENSG00000285979.1	AC009090.6	lncRNA	112	103	113	1.8024	0.4470	0.4833
ENSG00000285980.2	AP003025.2	lncRNA	7	2	5	0.0804	0.0199	0.0215
ENSG00000285981.1	AL591888.1	lncRNA	0	0	0	0.0000	0.0000	0.0000
ENSG00000285982.1	AC012213.5	protein_coding	0	0	0	0.0000	0.0000	0.0000
ENSG00000285984.1	AC009301.1	lncRNA	4	3	1	0.2818	0.0699	0.0756
ENSG00000285985.1	LINC02689	lncRNA	0	0	0	0.0000	0.0000	0.0000
ENSG00000285986.1	BX248415.1	unprocessed_pseudogene	0	0	0	0.0000	0.0000	0.0000
ENSG00000285987.1	AL157886.1	lncRNA	1	1	0	0.0177	0.0044	0.0047
ENSG00000285988.1	AL392086.2	lncRNA	0	0	0	0.0000	0.0000	0.0000
ENSG00000285989.1	H2AQ1P	unitary_pseudogene	0	0	0	0.0000	0.0000	0.0000
ENSG00000285990.1	NBEAP6	transcribed_unprocessed_pseudogene	0	0	0	0.0000	0.0000	0.0000
ENSG00000285991.1	AL355312.5	protein_coding	15	8	7	0.1679	0.0416	0.0450
ENSG00000285992.1	AC120036.5	lncRNA	0	0	0	0.0000	0.0000	0.0000
ENSG00000285993.1	AC018931.1	lncRNA	0	0	0	0.0000	0.0000	0.0000
ENSG00000285994.1	AL731559.1	lncRNA	6	4	2	0.0912	0.0226	0.0244
ENSG00000285996.1	AC006116.9	lncRNA	2	14	11	0.0340	0.0084	0.0091
ENSG00000285997.1	AC008391.1	lncRNA	1	1	0	0.0617	0.0153	0.0165
ENSG00000285998.1	AC104790.1	lncRNA	0	0	0	0.0000	0.0000	0.0000
ENSG00000285999.1	AC025442.2	lncRNA	21	11	10	0.6770	0.1679	0.1815
ENSG00000286000.1	AC234775.3	lncRNA	10	4	6	0.2046	0.0507	0.0549
ENSG00000286001.1	AC021087.5	protein_coding	12	11	7	0.1857	0.0460	0.0498
ENSG00000286002.1	AC010987.1	lncRNA	0	0	0	0.0000	0.0000	0.0000
ENSG00000286003.1	AC110992.1	lncRNA	0	0	0	0.0000	0.0000	0.0000
ENSG00000286004.1	AC124944.3	lncRNA	104	56	48	3.6474	0.9045	0.9780
ENSG00000286005.1	AL353899.1	unprocessed_pseudogene	0	0	0	0.0000	0.0000	0.0000
ENSG00000286006.2	AL109828.1	lncRNA	0	0	0	0.0000	0.0000	0.0000
ENSG00000286007.1	AC113189.12	protein_coding	0	0	0	0.0000	0.0000	0.0000
ENSG00000286008.1	AC148477.10	lncRNA	0	0	0	0.0000	0.0000	0.0000
ENSG00000286009.2	AC244213.1	lncRNA	0	0	0	0.0000	0.0000	0.0000
ENSG00000286010.1	AC108925.1	lncRNA	4	3	1	0.0493	0.0122	0.0132
ENSG00000286011.1	AC062037.3	lncRNA	11	3	9	0.2177	0.0540	0.0584
ENSG00000286012.1	FP671120.8	TEC	0	0	0	0.0000	0.0000	0.0000
ENSG00000286013.1	AC005050.2	lncRNA	0	0	0	0.0000	0.0000	0.0000
ENSG00000286014.1	SPDYE15	protein_coding	0	0	0	0.0000	0.0000	0.0000
ENSG00000286015.1	CR589904.2	protein_coding	142	77	66	3.1654	0.7850	0.8488
ENSG00000286016.1	AC079949.3	lncRNA	0	0	0	0.0000	0.0000	0.0000
ENSG00000286017.1	AC011322.1	lncRNA	8	2	6	0.4354	0.1080	0.1167
ENSG00000286018.1	AF129075.3	lncRNA	27	836	861	2.0946	0.5194	0.5616
ENSG00000286019.1	NOTCH2NLB	protein_coding	0	0	0	0.0000	0.0000	0.0000
ENSG00000286020.1	AC011997.2	lncRNA	0	0	0	0.0000	0.0000	0.0000
ENSG00000286021.2	LINC02822	lncRNA	0	0	0	0.0000	0.0000	0.0000
ENSG00000286022.1	AL121899.2	protein_coding	0	0	0	0.0000	0.0000	0.0000
ENSG00000286023.1	AP001924.1	lncRNA	0	0	0	0.0000	0.0000	0.0000
ENSG00000286024.1	AC026803.3	lncRNA	11	17	21	1.0682	0.2649	0.2864
ENSG00000286025.1	FAM246C	polymorphic_pseudogene	1	1	0	0.0330	0.0082	0.0088
ENSG00000286026.1	AC079776.4	lncRNA	0	0	0	0.0000	0.0000	0.0000
ENSG00000286027.1	PCSEAT	lncRNA	0	0	0	0.0000	0.0000	0.0000
ENSG00000286028.1	AP002008.4	lncRNA	0	0	0	0.0000	0.0000	0.0000
ENSG00000286030.2	AC015911.9	transcribed_unprocessed_pseudogene	0	0	0	0.0000	0.0000	0.0000
ENSG00000286031.1	AC232271.2	lncRNA	0	19	22	0.0000	0.0000	0.0000
ENSG00000286032.1	FP236383.6	TEC	0	0	0	0.0000	0.0000	0.0000
ENSG00000286033.1	CR381670.2	lncRNA	1	1	0	0.0491	0.0122	0.0132
ENSG00000286034.1	AC100822.1	lncRNA	0	0	0	0.0000	0.0000	0.0000
ENSG00000286035.1	AC073840.1	lncRNA	3	0	3	0.0521	0.0129	0.0140
ENSG00000286036.1	AC017099.2	lncRNA	4	3	1	0.1537	0.0381	0.0412
ENSG00000286037.1	AC011479.4	lncRNA	0	8545	8631	0.0000	0.0000	0.0000
ENSG00000286038.1	SPDYE13	protein_coding	0	0	0	0.0000	0.0000	0.0000
ENSG00000286039.1	AC093849.2	lncRNA	100	60	40	3.4516	0.8560	0.9255
ENSG00000286040.1	AL158058.2	lncRNA	0	0	0	0.0000	0.0000	0.0000
ENSG00000286041.1	AC074139.1	lncRNA	0	0	0	0.0000	0.0000	0.0000
ENSG00000286042.1	LCAL1	lncRNA	61	32	29	0.7691	0.1907	0.2062
ENSG00000286043.1	AC091214.1	lncRNA	0	0	0	0.0000	0.0000	0.0000
ENSG00000286044.1	AP001977.1	lncRNA	1	0	1	0.0113	0.0028	0.0030
ENSG00000286045.1	AC005034.6	lncRNA	1	3	7	0.0152	0.0038	0.0041
ENSG00000286046.1	AC093898.1	lncRNA	0	0	0	0.0000	0.0000	0.0000
ENSG00000286047.1	AC093894.1	lncRNA	0	0	0	0.0000	0.0000	0.0000
ENSG00000286048.1	AC008966.3	lncRNA	5	4	1	0.1460	0.0362	0.0391
ENSG00000286049.1	AC090016.1	lncRNA	11	7	4	0.3396	0.0842	0.0911
ENSG00000286050.1	AC012078.2	lncRNA	0	0	0	0.0000	0.0000	0.0000
ENSG00000286051.1	AC244102.3	lncRNA	0	0	0	0.0000	0.0000	0.0000
ENSG00000286052.1	AL109955.1	lncRNA	0	0	0	0.0000	0.0000	0.0000
ENSG00000286053.2	ASDURF	protein_coding	0	0	0	0.0000	0.0000	0.0000
ENSG00000286054.1	FP236383.7	TEC	0	0	0	0.0000	0.0000	0.0000
ENSG00000286055.1	AC093890.2	lncRNA	0	0	0	0.0000	0.0000	0.0000
ENSG00000286056.1	AC008055.2	lncRNA	0	0	0	0.0000	0.0000	0.0000
ENSG00000286057.1	FP671120.9	TEC	0	0	0	0.0000	0.0000	0.0000
ENSG00000286058.1	AC018865.2	lncRNA	37	14	23	0.5108	0.1267	0.1370
ENSG00000286059.1	AC005538.3	lncRNA	0	0	0	0.0000	0.0000	0.0000
ENSG00000286060.1	AL365256.1	lncRNA	0	0	0	0.0000	0.0000	0.0000
ENSG00000286061.1	RCAN3AS	lncRNA	1	22	28	0.0744	0.0185	0.0200
ENSG00000286062.1	AC092353.2	lncRNA	1	0	1	0.0389	0.0096	0.0104
ENSG00000286063.1	AL121888.1	lncRNA	4	5	2	0.0552	0.0137	0.0148
ENSG00000286064.1	AL035413.2	unprocessed_pseudogene	31	15	16	5.1859	1.2860	1.3905
ENSG00000286065.2	SLFN12L	lncRNA	0	0	0	0.0000	0.0000	0.0000
ENSG00000286066.1	AC097375.4	lncRNA	0	0	0	0.0000	0.0000	0.0000
ENSG00000286067.1	AC004263.2	lncRNA	97	285	293	2.3408	0.5805	0.6276
ENSG00000286068.1	AC010974.2	lncRNA	2	1	1	0.0915	0.0227	0.0245
ENSG00000286069.2	AC076968.2	lncRNA	0	0	0	0.0000	0.0000	0.0000
ENSG00000286070.2	AP000356.5	protein_coding	2	1	1	0.0360	0.0089	0.0097
ENSG00000286071.1	AL136171.2	lncRNA	8	15	13	0.0274	0.0068	0.0074
ENSG00000286072.1	AC002072.1	lncRNA	0	0	0	0.0000	0.0000	0.0000
ENSG00000286073.1	AL138900.2	unprocessed_pseudogene	0	0	0	0.0000	0.0000	0.0000
ENSG00000286074.1	AC110795.1	lncRNA	3	1	2	0.2119	0.0525	0.0568
ENSG00000286075.2	AC009412.1	protein_coding	0	0	0	0.0000	0.0000	0.0000
ENSG00000286076.1	AC005050.3	lncRNA	1	0	1	0.1054	0.0261	0.0283
ENSG00000286077.1	AL158141.1	lncRNA	0	42	52	0.0000	0.0000	0.0000
ENSG00000286078.1	AL391056.2	lncRNA	0	584	595	0.0000	0.0000	0.0000
ENSG00000286079.1	AL627230.3	protein_coding	0	0	0	0.0000	0.0000	0.0000
ENSG00000286080.1	AC011477.7	lncRNA	0	0	1	0.0000	0.0000	0.0000
ENSG00000286081.1	AC016682.1	lncRNA	2	2	0	0.0476	0.0118	0.0128
ENSG00000286082.1	AL133493.1	lncRNA	0	0	0	0.0000	0.0000	0.0000
ENSG00000286083.1	AL132981.1	lncRNA	0	0	0	0.0000	0.0000	0.0000
ENSG00000286084.2	AL096794.1	lncRNA	15	9	7	0.1542	0.0382	0.0413
ENSG00000286085.1	AL109653.3	lncRNA	0	0	0	0.0000	0.0000	0.0000
ENSG00000286086.1	AC099661.1	lncRNA	85	53	36	3.0801	0.7638	0.8259
ENSG00000286087.1	AL133331.1	lncRNA	3	2	2	0.1833	0.0455	0.0492
ENSG00000286088.1	AC073585.1	protein_coding	0	0	0	0.0000	0.0000	0.0000
ENSG00000286089.1	AC095057.4	lncRNA	16	8	8	2.1864	0.5422	0.5862
ENSG00000286090.1	AC034110.1	lncRNA	0	0	0	0.0000	0.0000	0.0000
ENSG00000286091.1	FP236383.8	TEC	0	0	0	0.0000	0.0000	0.0000
ENSG00000286092.1	AC117503.5	lncRNA	1	0	1	0.0437	0.0108	0.0117
ENSG00000286093.1	AC022267.1	lncRNA	1	0	1	0.0497	0.0123	0.0133
ENSG00000286095.1	SPEGNB	protein_coding	5	3	2	0.3026	0.0750	0.0811
ENSG00000286096.1	GPC3-AS1	TEC	0	0	0	0.0000	0.0000	0.0000
ENSG00000286097.1	AC108517.2	lncRNA	0	0	0	0.0000	0.0000	0.0000
ENSG00000286098.1	AC008770.4	protein_coding	0	0	0	0.0000	0.0000	0.0000
ENSG00000286099.1	AL390800.1	lncRNA	0	0	0	0.0000	0.0000	0.0000
ENSG00000286100.1	AL008725.1	lncRNA	3	3	3	0.0498	0.0124	0.0134
ENSG00000286101.1	AC093894.2	lncRNA	0	0	0	0.0000	0.0000	0.0000
ENSG00000286102.1	FAM246A	protein_coding	0	0	0	0.0000	0.0000	0.0000
ENSG00000286103.1	AC124864.2	lncRNA	1	0	1	0.0653	0.0162	0.0175
ENSG00000286104.1	AC016629.3	lncRNA	3	3	0	0.0500	0.0124	0.0134
ENSG00000286105.1	AL353579.1	protein_coding	0	0	0	0.0000	0.0000	0.0000
ENSG00000286106.1	NOTCH2NLR	protein_coding	7	3	4	0.3573	0.0886	0.0958
ENSG00000286107.1	AC007655.2	lncRNA	1	32	31	0.0295	0.0073	0.0079
ENSG00000286108.1	AL359916.1	lncRNA	0	0	0	0.0000	0.0000	0.0000
ENSG00000286109.1	AL357972.1	lncRNA	0	0	0	0.0000	0.0000	0.0000
ENSG00000286110.1	AC090983.2	lncRNA	0	0	0	0.0000	0.0000	0.0000
ENSG00000286111.1	AC116362.2	lncRNA	0	0	0	0.0000	0.0000	0.0000
ENSG00000286112.1	AL441992.2	protein_coding	2	1	1	0.0163	0.0040	0.0044
ENSG00000286113.1	AC022868.1	lncRNA	0	0	0	0.0000	0.0000	0.0000
ENSG00000286114.1	AL603764.1	unprocessed_pseudogene	0	0	0	0.0000	0.0000	0.0000
ENSG00000286115.1	AC010092.1	lncRNA	1	1	0	0.0532	0.0132	0.0143
ENSG00000286116.1	AL157394.3	lncRNA	8	58	62	0.1079	0.0268	0.0289
ENSG00000286117.2	AL121894.3	lncRNA	1	1	0	0.0172	0.0043	0.0046
ENSG00000286118.1	AC234031.1	lncRNA	4	3	3	0.1222	0.0303	0.0328
ENSG00000286119.1	AC114798.1	lncRNA	1	1	0	0.0363	0.0090	0.0097
ENSG00000286120.1	AC006158.2	transcribed_unprocessed_pseudogene	0	0	0	0.0000	0.0000	0.0000
ENSG00000286121.1	AC093298.2	lncRNA	2	0	2	0.0449	0.0111	0.0120
ENSG00000286122.1	AC016074.2	lncRNA	1	0	1	0.0149	0.0037	0.0040
ENSG00000286123.1	AL049828.2	lncRNA	0	0	0	0.0000	0.0000	0.0000
ENSG00000286124.1	AC084277.1	lncRNA	0	0	0	0.0000	0.0000	0.0000
ENSG00000286125.1	AC006115.2	lncRNA	24	737	743	0.0704	0.0175	0.0189
ENSG00000286126.1	AP001095.1	lncRNA	0	0	0	0.0000	0.0000	0.0000
ENSG00000286127.1	AP000553.8	lncRNA	1	1	0	0.0498	0.0124	0.0134
ENSG00000286128.1	AC022413.2	lncRNA	0	770	826	0.0000	0.0000	0.0000
ENSG00000286129.1	AC245060.7	lncRNA	56	33	23	1.0970	0.2720	0.2941
ENSG00000286130.1	AC006040.1	lncRNA	0	0	0	0.0000	0.0000	0.0000
ENSG00000286131.1	AC083977.1	protein_coding	0	0	0	0.0000	0.0000	0.0000
ENSG00000286132.1	AC022415.2	protein_coding	84	45	39	0.9074	0.2250	0.2433
ENSG00000286133.2	AC093817.2	lncRNA	10	7	3	0.5694	0.1412	0.1527
ENSG00000286134.2	AC114930.1	lncRNA	2	2	0	0.0340	0.0084	0.0091
ENSG00000286135.1	AL603764.2	protein_coding	0	0	0	0.0000	0.0000	0.0000
ENSG00000286136.2	AC107071.1	lncRNA	14	6	8	0.6061	0.1503	0.1625
ENSG00000286137.1	SPDYE14	protein_coding	0	0	0	0.0000	0.0000	0.0000
ENSG00000286138.1	AC010336.7	lncRNA	16	8	8	0.8456	0.2097	0.2267
ENSG00000286140.1	DERPC	protein_coding	0	0	0	0.0000	0.0000	0.0000
ENSG00000286141.1	AC097480.2	lncRNA	2	0	3	0.0414	0.0103	0.0111
ENSG00000286142.2	AL122018.2	lncRNA	0	0	0	0.0000	0.0000	0.0000
ENSG00000286143.1	AC053503.6	protein_coding	0	0	0	0.0000	0.0000	0.0000
ENSG00000286144.1	Z97056.2	lncRNA	0	0	0	0.0000	0.0000	0.0000
ENSG00000286145.2	AC068282.1	lncRNA	4	128	151	0.1124	0.0279	0.0301
ENSG00000286146.1	FP236383.9	TEC	0	0	0	0.0000	0.0000	0.0000
ENSG00000286147.1	AC092445.1	lncRNA	1	1	0	0.0116	0.0029	0.0031
ENSG00000286148.1	FP236383.10	TEC	0	0	0	0.0000	0.0000	0.0000
ENSG00000286149.1	FP236383.11	TEC	0	0	0	0.0000	0.0000	0.0000
ENSG00000286150.1	AC097459.1	lncRNA	3	1	3	0.1273	0.0316	0.0341
ENSG00000286151.1	AL732406.1	unprocessed_pseudogene	0	0	0	0.0000	0.0000	0.0000
ENSG00000286152.1	AC096555.1	lncRNA	0	0	0	0.0000	0.0000	0.0000
ENSG00000286153.1	AP000331.1	lncRNA	10	6	4	0.2752	0.0682	0.0738
ENSG00000286154.1	AC009974.2	lncRNA	3	1	2	0.1857	0.0461	0.0498
ENSG00000286155.1	FP671120.10	TEC	0	0	0	0.0000	0.0000	0.0000
ENSG00000286156.1	AC026273.1	transcribed_unprocessed_pseudogene	89	50	39	3.5026	0.8686	0.9392
ENSG00000286157.1	AC011467.6	lncRNA	0	0	0	0.0000	0.0000	0.0000
ENSG00000286158.1	AL034548.2	lncRNA	108	62	46	9.7372	2.4147	2.6109
ENSG00000286159.1	AL035106.1	lncRNA	14	810	842	0.4237	0.1051	0.1136
ENSG00000286160.2	AC113618.2	lncRNA	0	0	0	0.0000	0.0000	0.0000
ENSG00000286161.1	AC104066.4	lncRNA	0	452	492	0.0000	0.0000	0.0000
ENSG00000286162.2	AL162253.2	lncRNA	107	51	57	2.2726	0.5636	0.6094
ENSG00000286163.1	AC002377.1	lncRNA	1	0	1	0.0539	0.0134	0.0145
ENSG00000286164.1	AC034222.2	lncRNA	0	0	0	0.0000	0.0000	0.0000
ENSG00000286165.1	AC012488.2	protein_coding	0	0	0	0.0000	0.0000	0.0000
ENSG00000286167.1	AC105402.1	lncRNA	0	0	0	0.0000	0.0000	0.0000
ENSG00000286168.2	AC024937.3	lncRNA	6	8	4	0.3925	0.0973	0.1052
ENSG00000286170.1	AC011233.2	lncRNA	0	0	0	0.0000	0.0000	0.0000
ENSG00000286171.1	AC073140.1	lncRNA	0	0	0	0.0000	0.0000	0.0000
ENSG00000286172.1	RNVU1-8	snRNA	1	1	0	0.4022	0.0997	0.1078
ENSG00000286173.1	AC006158.3	transcribed_unprocessed_pseudogene	0	0	0	0.0000	0.0000	0.0000
ENSG00000286174.1	AL596330.1	lncRNA	1	1	0	0.0457	0.0113	0.0123
ENSG00000286175.1	FAM246B	protein_coding	0	0	0	0.0000	0.0000	0.0000
ENSG00000286176.2	AC116317.1	lncRNA	72	609	609	1.7524	0.4346	0.4699
ENSG00000286177.1	AC011462.5	lncRNA	127	647	610	2.4801	0.6150	0.6650
ENSG00000286178.1	FP236383.12	TEC	0	0	0	0.0000	0.0000	0.0000
ENSG00000286179.1	AL139351.2	lncRNA	1	0	1	0.0357	0.0088	0.0096
ENSG00000286180.1	AC073140.2	lncRNA	4	3	1	0.2353	0.0584	0.0631
ENSG00000286181.1	AC232271.3	lncRNA	22	13	9	0.2978	0.0738	0.0798
ENSG00000286182.1	AC112172.2	lncRNA	1	1	0	0.0546	0.0135	0.0146
ENSG00000286183.1	AC124861.2	lncRNA	0	0	0	0.0000	0.0000	0.0000
ENSG00000286185.1	AC242842.3	protein_coding	0	0	0	0.0000	0.0000	0.0000
ENSG00000286186.1	AC018445.5	lncRNA	5	78	56	0.0950	0.0236	0.0255
ENSG00000286187.1	AC024236.1	lncRNA	0	0	0	0.0000	0.0000	0.0000
ENSG00000286188.1	AC023787.1	lncRNA	0	0	0	0.0000	0.0000	0.0000
ENSG00000286189.1	AC108021.1	lncRNA	0	0	0	0.0000	0.0000	0.0000
ENSG00000286190.2	AC055839.2	protein_coding	54	30	24	2.0416	0.5063	0.5474
ENSG00000286191.1	AL158195.1	lncRNA	1	1	0	0.0262	0.0065	0.0070
ENSG00000286192.1	AC069288.1	protein_coding	0	0	0	0.0000	0.0000	0.0000
ENSG00000286193.2	AC025449.2	lncRNA	18	16	19	0.3351	0.0831	0.0899
ENSG00000286194.1	AC138207.9	lncRNA	24	12	12	2.3426	0.5809	0.6281
ENSG00000286195.1	AC007666.2	lncRNA	3	18	17	0.1134	0.0281	0.0304
ENSG00000286196.1	AL162586.2	lncRNA	1	0	1	0.0243	0.0060	0.0065
ENSG00000286197.1	AC084364.3	lncRNA	0	0	0	0.0000	0.0000	0.0000
ENSG00000286198.1	AL606753.2	lncRNA	0	0	0	0.0000	0.0000	0.0000
ENSG00000286199.1	AC008281.1	lncRNA	0	0	0	0.0000	0.0000	0.0000
ENSG00000286201.1	AC011751.1	lncRNA	1	1	0	0.0085	0.0021	0.0023
ENSG00000286202.1	AC068616.1	lncRNA	0	0	0	0.0000	0.0000	0.0000
ENSG00000286203.1	AL158152.1	transcribed_unitary_pseudogene	1	1	0	0.0458	0.0114	0.0123
ENSG00000286204.1	AC025475.2	lncRNA	3	2	1	0.1696	0.0421	0.0455
ENSG00000286205.1	AC139887.5	lncRNA	0	0	0	0.0000	0.0000	0.0000
ENSG00000286206.1	AC097499.2	lncRNA	4	0	4	0.3671	0.0910	0.0984
ENSG00000286207.1	AC012443.2	lncRNA	32	157	168	0.3920	0.0972	0.1051
ENSG00000286208.1	AC093838.1	lncRNA	691	349	342	9.7237	2.4114	2.6073
ENSG00000286209.1	AC005252.4	lncRNA	0	0	0	0.0000	0.0000	0.0000
ENSG00000286210.1	AL161640.2	lncRNA	0	0	0	0.0000	0.0000	0.0000
ENSG00000286211.1	AC098817.1	lncRNA	0	0	0	0.0000	0.0000	0.0000
ENSG00000286212.2	AC097654.1	lncRNA	0	0	0	0.0000	0.0000	0.0000
ENSG00000286213.1	AC092803.2	lncRNA	0	0	0	0.0000	0.0000	0.0000
ENSG00000286214.1	AUXG01000058.1	lncRNA	109	65	57	0.7778	0.1929	0.2086
ENSG00000286215.1	AL356534.1	transcribed_processed_pseudogene	22	28	36	0.0333	0.0083	0.0089
ENSG00000286216.1	AC104335.1	lncRNA	21	13	8	1.0826	0.2685	0.2903
ENSG00000286217.2	LINC00279	lncRNA	0	0	0	0.0000	0.0000	0.0000
ENSG00000286218.2	AC005040.2	lncRNA	0	0	0	0.0000	0.0000	0.0000
ENSG00000286219.1	NOTCH2NLC	protein_coding	58	30	28	0.6156	0.1527	0.1651
ENSG00000286220.1	AC007546.3	transcribed_unprocessed_pseudogene	6	4	2	0.1544	0.0383	0.0414
ENSG00000286221.1	AC009070.1	protein_coding	0	0	0	0.0000	0.0000	0.0000
ENSG00000286222.1	AP001255.1	lncRNA	0	0	0	0.0000	0.0000	0.0000
ENSG00000286223.1	AC064836.3	lncRNA	29	558	542	1.4684	0.3641	0.3937
ENSG00000286224.1	AP000471.1	protein_coding	0	0	0	0.0000	0.0000	0.0000
ENSG00000286225.1	AC079163.2	lncRNA	0	0	0	0.0000	0.0000	0.0000
ENSG00000286226.1	AC093849.3	lncRNA	1	0	1	0.0617	0.0153	0.0165
ENSG00000286227.1	AC011754.2	lncRNA	0	0	0	0.0000	0.0000	0.0000
ENSG00000286228.1	SPDYE11	protein_coding	0	0	0	0.0000	0.0000	0.0000
ENSG00000286229.1	AL133335.1	lncRNA	0	0	0	0.0000	0.0000	0.0000
ENSG00000286230.1	AC010327.7	lncRNA	1	4	3	0.0283	0.0070	0.0076
ENSG00000286231.1	AL445423.3	protein_coding	0	0	0	0.0000	0.0000	0.0000
ENSG00000286232.1	AL365229.1	lncRNA	0	0	0	0.0000	0.0000	0.0000
ENSG00000286233.1	AC087885.1	lncRNA	0	0	0	0.0000	0.0000	0.0000
ENSG00000286234.1	AC079790.2	lncRNA	3	2	1	0.1295	0.0321	0.0347
ENSG00000286235.1	AL035461.3	protein_coding	0	0	0	0.0000	0.0000	0.0000
ENSG00000286236.1	AC018755.5	lncRNA	0	0	0	0.0000	0.0000	0.0000
ENSG00000286237.1	ARMCX5-GPRASP2	protein_coding	1	1	0	0.0102	0.0025	0.0027
ENSG00000286238.1	AC106821.2	lncRNA	0	0	0	0.0000	0.0000	0.0000
ENSG00000286239.1	AC093884.1	protein_coding	0	0	0	0.0000	0.0000	0.0000
ENSG00000286240.1	AL034422.1	lncRNA	4	3	1	0.1684	0.0418	0.0452
ENSG00000286241.1	AC080089.2	lncRNA	0	0	0	0.0000	0.0000	0.0000
ENSG00000286242.1	AC018797.3	lncRNA	12	7	5	0.8259	0.2048	0.2214
ENSG00000286243.1	AL442644.2	processed_pseudogene	0	0	0	0.0000	0.0000	0.0000
ENSG00000286244.1	AC073046.3	lncRNA	9	1	8	0.7925	0.1965	0.2125
ENSG00000286245.1	AC125437.3	lncRNA	0	0	0	0.0000	0.0000	0.0000
ENSG00000286246.1	AC130404.2	lncRNA	0	0	0	0.0000	0.0000	0.0000
ENSG00000286247.1	AC009494.2	lncRNA	0	0	0	0.0000	0.0000	0.0000
ENSG00000286248.1	AC069209.2	lncRNA	17	227	227	0.2694	0.0668	0.0722
ENSG00000286249.1	AC016743.1	lncRNA	0	0	0	0.0000	0.0000	0.0000
ENSG00000286250.1	AL161945.1	lncRNA	0	0	0	0.0000	0.0000	0.0000
ENSG00000286251.2	AC097528.1	lncRNA	1	0	1	0.0628	0.0156	0.0168
ENSG00000286252.1	FP671120.11	TEC	0	0	0	0.0000	0.0000	0.0000
ENSG00000286253.1	AC096763.1	lncRNA	0	0	0	0.0000	0.0000	0.0000
ENSG00000286254.1	AC091889.1	lncRNA	0	0	0	0.0000	0.0000	0.0000
ENSG00000286255.1	FO082796.2	unprocessed_pseudogene	0	0	0	0.0000	0.0000	0.0000
ENSG00000286256.2	AC084871.3	lncRNA	1	5	2	0.0360	0.0089	0.0097
ENSG00000286257.2	AL137100.3	lncRNA	1	0	1	0.0123	0.0031	0.0033
ENSG00000286258.1	AC089983.2	lncRNA	0	0	0	0.0000	0.0000	0.0000
ENSG00000286259.1	AC078820.2	lncRNA	2	1	1	0.0401	0.0099	0.0108
ENSG00000286260.1	AC092604.1	lncRNA	0	0	0	0.0000	0.0000	0.0000
ENSG00000286262.1	BX322557.2	lncRNA	0	3	3	0.0000	0.0000	0.0000
ENSG00000286263.1	AL391832.4	lncRNA	1	1	0	0.0157	0.0039	0.0042
ENSG00000286264.2	AP001453.3	protein_coding	2	0	2	0.0685	0.0170	0.0184
ENSG00000286266.1	AC104370.1	lncRNA	0	0	0	0.0000	0.0000	0.0000
ENSG00000286267.1	FP236383.13	TEC	0	0	0	0.0000	0.0000	0.0000
ENSG00000286268.1	AF196969.1	protein_coding	4	0	4	0.1591	0.0394	0.0427
ENSG00000286269.1	AC092661.1	lncRNA	0	0	0	0.0000	0.0000	0.0000
ENSG00000286270.2	AL591074.2	lncRNA	0	0	0	0.0000	0.0000	0.0000
ENSG00000286271.2	AC008945.2	lncRNA	0	0	0	0.0000	0.0000	0.0000
ENSG00000286272.1	AC093843.2	lncRNA	0	0	0	0.0000	0.0000	0.0000
ENSG00000286273.1	AC078816.1	lncRNA	0	6	9	0.0000	0.0000	0.0000
ENSG00000286274.1	AC008679.1	lncRNA	6	3	3	0.0874	0.0217	0.0234
ENSG00000286275.1	AC061979.1	lncRNA	0	0	1	0.0000	0.0000	0.0000
ENSG00000286276.1	AL390066.2	lncRNA	2	4	1	0.1522	0.0378	0.0408
ENSG00000286277.1	AL009177.1	lncRNA	3	1	2	0.1313	0.0326	0.0352
ENSG00000286278.1	AL136096.1	lncRNA	0	0	0	0.0000	0.0000	0.0000
ENSG00000286279.1	AC108721.2	lncRNA	0	0	0	0.0000	0.0000	0.0000
ENSG00000286280.1	AC108063.2	lncRNA	0	0	0	0.0000	0.0000	0.0000
ENSG00000286281.1	AL353152.2	lncRNA	8	3	5	0.1524	0.0378	0.0409
ENSG00000286282.1	AC021733.4	lncRNA	8	25	34	0.0883	0.0219	0.0237
ENSG00000286283.1	AC016383.3	lncRNA	0	0	0	0.0000	0.0000	0.0000
ENSG00000286284.1	AL590681.1	lncRNA	0	0	0	0.0000	0.0000	0.0000
ENSG00000286285.1	AL138778.1	lncRNA	0	0	0	0.0000	0.0000	0.0000
ENSG00000286286.1	AL158065.1	lncRNA	0	0	0	0.0000	0.0000	0.0000
ENSG00000286288.1	AL109809.4	lncRNA	24	14	10	0.1591	0.0395	0.0427
ENSG00000286289.1	AL133482.1	lncRNA	125	79	95	1.9631	0.4868	0.5264
ENSG00000286290.1	AC011593.1	lncRNA	0	0	0	0.0000	0.0000	0.0000
ENSG00000286291.1	AC004047.1	lncRNA	0	0	0	0.0000	0.0000	0.0000
ENSG00000286292.1	AC099343.3	lncRNA	3	2	1	0.1478	0.0367	0.0396
ENSG00000286293.1	AP005901.5	lncRNA	0	0	0	0.0000	0.0000	0.0000
ENSG00000286294.1	AC107398.5	lncRNA	0	0	0	0.0000	0.0000	0.0000
ENSG00000286295.1	AL450307.1	lncRNA	1	1	0	0.0188	0.0047	0.0051
ENSG00000286296.1	AC018445.6	lncRNA	6	5	1	0.2871	0.0712	0.0770
ENSG00000286297.1	AC006445.3	lncRNA	0	0	0	0.0000	0.0000	0.0000
ENSG00000286299.1	AL121938.1	lncRNA	7	3	4	0.1720	0.0427	0.0461
ENSG00000286300.1	AC007350.1	lncRNA	1	0	1	0.0292	0.0072	0.0078
ENSG00000286301.1	AL662873.1	lncRNA	0	0	0	0.0000	0.0000	0.0000
ENSG00000286302.1	AC084724.1	lncRNA	3	2	2	0.1226	0.0304	0.0329
ENSG00000286303.1	AC007528.1	lncRNA	1	0	1	0.1653	0.0410	0.0443
ENSG00000286305.1	AC004893.2	lncRNA	8	273	223	0.1512	0.0375	0.0405
ENSG00000286306.1	AL139811.1	lncRNA	0	0	0	0.0000	0.0000	0.0000
ENSG00000286307.1	AC017028.1	lncRNA	1	13	12	0.0226	0.0056	0.0060
ENSG00000286308.1	AC084114.1	lncRNA	6	5	1	0.3153	0.0782	0.0846
ENSG00000286309.1	AL160410.1	lncRNA	0	0	0	0.0000	0.0000	0.0000
ENSG00000286310.1	AC008443.6	lncRNA	3	1	2	0.2403	0.0596	0.0644
ENSG00000286311.1	AL034550.3	lncRNA	19	30	22	0.7285	0.1807	0.1953
ENSG00000286312.1	AL157769.1	lncRNA	0	101	110	0.0000	0.0000	0.0000
ENSG00000286313.1	AL360178.1	lncRNA	11	5	6	0.2930	0.0727	0.0786
ENSG00000286314.1	AC010359.3	lncRNA	0	0	0	0.0000	0.0000	0.0000
ENSG00000286315.1	AC087175.1	lncRNA	22	11	11	0.6897	0.1710	0.1849
ENSG00000286316.1	Z93020.1	lncRNA	2	2	0	0.2070	0.0513	0.0555
ENSG00000286317.1	AC117469.1	lncRNA	0	1	2	0.0000	0.0000	0.0000
ENSG00000286318.1	AC096576.7	lncRNA	0	0	0	0.0000	0.0000	0.0000
ENSG00000286319.1	AL135978.1	lncRNA	4	81	74	0.1061	0.0263	0.0284
ENSG00000286320.1	AC108053.1	lncRNA	13	3	10	0.2171	0.0538	0.0582
ENSG00000286321.1	AC093791.2	lncRNA	0	0	0	0.0000	0.0000	0.0000
ENSG00000286322.1	AL356218.2	lncRNA	1	1	0	0.0376	0.0093	0.0101
ENSG00000286323.1	AC004080.17	lncRNA	0	0	0	0.0000	0.0000	0.0000
ENSG00000286324.1	AL033381.3	lncRNA	1	1	0	0.0352	0.0087	0.0094
ENSG00000286325.1	AC124861.3	lncRNA	0	0	0	0.0000	0.0000	0.0000
ENSG00000286326.1	Z95115.2	lncRNA	7	14	13	0.2870	0.0712	0.0770
ENSG00000286327.1	AL035427.2	lncRNA	2	2	0	0.0339	0.0084	0.0091
ENSG00000286328.1	AC079052.1	lncRNA	0	0	0	0.0000	0.0000	0.0000
ENSG00000286329.1	AC108690.1	lncRNA	2	0	2	0.0518	0.0129	0.0139
ENSG00000286330.1	AL353660.1	lncRNA	0	0	0	0.0000	0.0000	0.0000
ENSG00000286331.1	AC011388.1	lncRNA	18	10	8	2.0254	0.5023	0.5431
ENSG00000286332.1	AL353637.2	lncRNA	0	0	0	0.0000	0.0000	0.0000
ENSG00000286333.1	AC004828.2	lncRNA	0	0	0	0.0000	0.0000	0.0000
ENSG00000286334.1	AL161430.1	lncRNA	3	1	2	0.2835	0.0703	0.0760
ENSG00000286335.1	AC009230.1	lncRNA	2	1	1	0.1423	0.0353	0.0382
ENSG00000286337.1	AC025370.2	lncRNA	28	17	13	2.5735	0.6382	0.6901
ENSG00000286338.1	AC099487.2	lncRNA	0	0	0	0.0000	0.0000	0.0000
ENSG00000286339.1	Z99496.1	lncRNA	8	5	17	0.5008	0.1242	0.1343
ENSG00000286340.1	AL356776.2	lncRNA	13	20	23	0.2088	0.0518	0.0560
ENSG00000286341.1	AP002762.3	lncRNA	1	1	0	0.0278	0.0069	0.0074
ENSG00000286342.1	AC073210.3	lncRNA	382	179	203	10.9910	2.7257	2.9470
ENSG00000286343.1	AL359436.1	lncRNA	0	0	0	0.0000	0.0000	0.0000
ENSG00000286344.1	AL357127.2	lncRNA	0	0	0	0.0000	0.0000	0.0000
ENSG00000286345.1	AP002001.3	lncRNA	0	0	0	0.0000	0.0000	0.0000
ENSG00000286346.1	AC021613.3	lncRNA	2	1	1	0.0537	0.0133	0.0144
ENSG00000286347.1	AC114802.1	lncRNA	1	0	1	0.0290	0.0072	0.0078
ENSG00000286348.1	AC084834.1	lncRNA	0	0	0	0.0000	0.0000	0.0000
ENSG00000286349.1	AC108471.3	lncRNA	1	0	1	0.0439	0.0109	0.0118
ENSG00000286350.1	AC091393.2	lncRNA	0	0	0	0.0000	0.0000	0.0000
ENSG00000286351.1	AC046129.1	lncRNA	0	0	0	0.0000	0.0000	0.0000
ENSG00000286352.1	AC104451.2	lncRNA	0	0	0	0.0000	0.0000	0.0000
ENSG00000286353.1	AC115282.1	lncRNA	0	0	0	0.0000	0.0000	0.0000
ENSG00000286354.1	AC079384.2	lncRNA	0	0	0	0.0000	0.0000	0.0000
ENSG00000286355.1	AL355834.2	lncRNA	1	0	1	0.0284	0.0070	0.0076
ENSG00000286356.1	AC135726.1	lncRNA	0	0	0	0.0000	0.0000	0.0000
ENSG00000286357.1	AC106742.1	lncRNA	3	4	10	0.4537	0.1125	0.1216
ENSG00000286358.1	AC096647.1	lncRNA	20	8	12	0.6124	0.1519	0.1642
ENSG00000286359.1	AL844892.1	lncRNA	1	1	0	0.0862	0.0214	0.0231
ENSG00000286360.1	AC107081.3	lncRNA	18	870	859	0.8506	0.2110	0.2281
ENSG00000286361.1	AC092944.3	lncRNA	0	0	0	0.0000	0.0000	0.0000
ENSG00000286362.1	AP005717.2	lncRNA	7	3	8	0.3828	0.0949	0.1026
ENSG00000286363.1	AC087427.1	lncRNA	3	1	2	0.1700	0.0421	0.0456
ENSG00000286364.1	AL512308.1	lncRNA	1	1	1	0.0192	0.0048	0.0051
ENSG00000286365.1	AP000553.9	lncRNA	2	2	0	0.1172	0.0291	0.0314
ENSG00000286366.1	AC005052.2	lncRNA	34	16	19	0.9612	0.2384	0.2577
ENSG00000286367.1	AC000072.1	lncRNA	3	24	28	0.1765	0.0438	0.0473
ENSG00000286368.1	AL031767.2	lncRNA	1	1	0	0.0973	0.0241	0.0261
ENSG00000286369.1	AP002813.1	lncRNA	22	11	11	1.9648	0.4872	0.5268
ENSG00000286370.1	AC064856.1	lncRNA	1	1	0	0.0547	0.0136	0.0147
ENSG00000286371.1	AC097450.1	lncRNA	0	0	0	0.0000	0.0000	0.0000
ENSG00000286372.1	AL449223.1	lncRNA	0	0	0	0.0000	0.0000	0.0000
ENSG00000286373.1	AC022387.2	lncRNA	35	24	17	0.9002	0.2232	0.2414
ENSG00000286374.1	AP001999.3	lncRNA	0	0	0	0.0000	0.0000	0.0000
ENSG00000286375.1	AL512590.3	lncRNA	4	2	2	0.2002	0.0497	0.0537
ENSG00000286376.1	AC006041.2	lncRNA	1	1	0	0.0167	0.0042	0.0045
ENSG00000286377.1	AC114964.2	lncRNA	2	1	1	0.0728	0.0181	0.0195
ENSG00000286378.1	AL713852.2	lncRNA	7	1	6	0.1163	0.0288	0.0312
ENSG00000286379.1	AL591845.1	lncRNA	242	116	126	2.8134	0.6977	0.7544
ENSG00000286380.1	AC084864.2	lncRNA	1	0	1	0.0607	0.0151	0.0163
ENSG00000286381.1	AL078622.1	lncRNA	283	133	150	4.2101	1.0441	1.1289
ENSG00000286382.1	AC090707.2	lncRNA	0	0	0	0.0000	0.0000	0.0000
ENSG00000286383.1	AC096645.1	lncRNA	2	1	1	0.1462	0.0362	0.0392
ENSG00000286384.1	AC019159.2	lncRNA	0	0	0	0.0000	0.0000	0.0000
ENSG00000286385.1	AL445255.1	lncRNA	0	0	0	0.0000	0.0000	0.0000
ENSG00000286386.1	AC005888.1	lncRNA	0	0	0	0.0000	0.0000	0.0000
ENSG00000286387.1	AC007432.1	lncRNA	0	0	0	0.0000	0.0000	0.0000
ENSG00000286388.1	AC026748.7	lncRNA	963	480	483	16.5390	4.1015	4.4347
ENSG00000286389.1	AL731702.1	lncRNA	26	13	13	0.3439	0.0853	0.0922
ENSG00000286390.1	AC002465.1	lncRNA	1	0	1	0.1042	0.0259	0.0280
ENSG00000286391.1	AL592078.2	lncRNA	1	2	0	0.0343	0.0085	0.0092
ENSG00000286393.1	Z97192.4	lncRNA	2	1	1	0.0617	0.0153	0.0166
ENSG00000286394.1	AC117373.2	lncRNA	0	0	0	0.0000	0.0000	0.0000
ENSG00000286395.1	AL158038.1	lncRNA	0	0	0	0.0000	0.0000	0.0000
ENSG00000286396.1	AC023049.1	unprocessed_pseudogene	0	0	0	0.0000	0.0000	0.0000
ENSG00000286397.1	AC115220.2	lncRNA	0	0	0	0.0000	0.0000	0.0000
ENSG00000286398.1	AL360013.3	lncRNA	0	0	0	0.0000	0.0000	0.0000
ENSG00000286399.1	AC104634.1	lncRNA	0	0	0	0.0000	0.0000	0.0000
ENSG00000286400.1	AC110926.1	lncRNA	1	0	1	0.0346	0.0086	0.0093
ENSG00000286401.1	AC069547.2	lncRNA	13	12	6	1.1221	0.2783	0.3009
ENSG00000286402.1	AC090629.1	lncRNA	0	0	0	0.0000	0.0000	0.0000
ENSG00000286403.1	AC010378.1	lncRNA	9	7	3	0.2446	0.0606	0.0656
ENSG00000286404.1	AC011228.2	lncRNA	0	0	0	0.0000	0.0000	0.0000
ENSG00000286405.1	AL132799.1	lncRNA	0	0	0	0.0000	0.0000	0.0000
ENSG00000286406.1	AC138776.1	transcribed_unprocessed_pseudogene	3	3	0	0.0404	0.0100	0.0108
ENSG00000286407.1	AC004863.1	lncRNA	20	8	12	1.7722	0.4395	0.4752
ENSG00000286408.1	AC113410.4	lncRNA	30	13	17	2.0522	0.5089	0.5503
ENSG00000286409.1	AL391839.3	lncRNA	2	0	2	0.0949	0.0235	0.0254
ENSG00000286410.1	AC089985.1	lncRNA	2	1	1	0.0678	0.0168	0.0182
ENSG00000286411.1	AC002458.1	lncRNA	0	0	0	0.0000	0.0000	0.0000
ENSG00000286412.1	AC007682.1	lncRNA	0	0	0	0.0000	0.0000	0.0000
ENSG00000286413.1	AL355501.1	lncRNA	6	4	2	0.6120	0.1518	0.1641
ENSG00000286414.1	AL390791.1	lncRNA	2	1	1	0.0785	0.0195	0.0210
ENSG00000286415.1	AC017050.1	lncRNA	0	0	0	0.0000	0.0000	0.0000
ENSG00000286416.1	AL442067.3	lncRNA	22	9	14	0.2641	0.0655	0.0708
ENSG00000286417.1	AL133334.1	lncRNA	12	34	39	0.9848	0.2442	0.2641
ENSG00000286418.1	AC018716.2	lncRNA	0	0	0	0.0000	0.0000	0.0000
ENSG00000286419.1	AC097637.3	lncRNA	0	0	0	0.0000	0.0000	0.0000
ENSG00000286420.1	AC093796.1	lncRNA	0	0	0	0.0000	0.0000	0.0000
ENSG00000286421.1	AL360013.4	lncRNA	0	0	0	0.0000	0.0000	0.0000
ENSG00000286422.2	AL445984.2	lncRNA	0	0	0	0.0000	0.0000	0.0000
ENSG00000286423.1	AC004817.5	lncRNA	7	1	6	0.0748	0.0186	0.0201
ENSG00000286424.1	AL157996.2	lncRNA	10	6	4	0.4077	0.1011	0.1093
ENSG00000286425.1	AL773573.1	lncRNA	0	0	0	0.0000	0.0000	0.0000
ENSG00000286426.1	AC090936.1	lncRNA	0	0	0	0.0000	0.0000	0.0000
ENSG00000286427.1	AC009486.2	lncRNA	27	8	24	0.8525	0.2114	0.2286
ENSG00000286428.1	AL161731.1	lncRNA	0	0	0	0.0000	0.0000	0.0000
ENSG00000286429.1	BX004807.1	lncRNA	2	2	0	0.0940	0.0233	0.0252
ENSG00000286430.1	AC020558.6	lncRNA	5	143	129	0.3458	0.0858	0.0927
ENSG00000286431.1	BX842570.1	lncRNA	41	71	64	0.7727	0.1916	0.2072
ENSG00000286432.1	AC109472.1	lncRNA	0	0	0	0.0000	0.0000	0.0000
ENSG00000286433.1	AL020997.4	lncRNA	0	81	79	0.0000	0.0000	0.0000
ENSG00000286434.1	AC007656.4	lncRNA	0	0	0	0.0000	0.0000	0.0000
ENSG00000286435.1	AC025048.7	lncRNA	0	21	29	0.0000	0.0000	0.0000
ENSG00000286436.1	AC099654.11	lncRNA	0	0	0	0.0000	0.0000	0.0000
ENSG00000286437.1	AF111169.4	lncRNA	5	84	72	0.1875	0.0465	0.0503
ENSG00000286438.1	AL591115.1	lncRNA	0	0	0	0.0000	0.0000	0.0000
ENSG00000286439.1	AL354916.1	lncRNA	0	0	0	0.0000	0.0000	0.0000
ENSG00000286440.1	Z97056.3	lncRNA	0	0	0	0.0000	0.0000	0.0000
ENSG00000286441.1	AC016575.2	lncRNA	0	0	0	0.0000	0.0000	0.0000
ENSG00000286442.1	AL512603.1	lncRNA	0	0	0	0.0000	0.0000	0.0000
ENSG00000286443.1	AC091178.2	lncRNA	16	11	5	0.7749	0.1922	0.2078
ENSG00000286444.1	AL035661.2	lncRNA	0	242	307	0.0000	0.0000	0.0000
ENSG00000286445.1	AL355334.2	lncRNA	14	7	7	0.8060	0.1999	0.2161
ENSG00000286446.1	AL353688.1	lncRNA	1	0	1	0.0582	0.0144	0.0156
ENSG00000286447.1	AC109782.1	lncRNA	1	0	1	0.0175	0.0043	0.0047
ENSG00000286448.1	AP006222.2	lncRNA	0	8	8	0.0000	0.0000	0.0000
ENSG00000286449.1	AC016590.4	lncRNA	39	22	17	0.5413	0.1342	0.1451
ENSG00000286450.1	AC021573.1	lncRNA	0	0	0	0.0000	0.0000	0.0000
ENSG00000286451.1	AL499602.1	lncRNA	736	393	344	33.0733	8.2019	8.8681
ENSG00000286452.1	AL355596.2	lncRNA	0	0	0	0.0000	0.0000	0.0000
ENSG00000286453.1	AC012081.2	lncRNA	0	0	0	0.0000	0.0000	0.0000
ENSG00000286454.1	AC091893.2	lncRNA	0	0	0	0.0000	0.0000	0.0000
ENSG00000286455.1	AL162400.3	lncRNA	0	0	0	0.0000	0.0000	0.0000
ENSG00000286456.1	AC016769.5	lncRNA	9	2	7	0.3972	0.0985	0.1065
ENSG00000286457.1	AC009560.3	lncRNA	6	1	5	0.1704	0.0423	0.0457
ENSG00000286458.1	AC083870.1	lncRNA	21	13	8	0.5029	0.1247	0.1348
ENSG00000286459.1	AP006287.3	lncRNA	0	0	0	0.0000	0.0000	0.0000
ENSG00000286460.1	AC006538.4	lncRNA	1	0	1	0.0225	0.0056	0.0060
ENSG00000286461.1	AC024730.1	lncRNA	0	0	0	0.0000	0.0000	0.0000
ENSG00000286462.1	AC092850.2	lncRNA	0	0	0	0.0000	0.0000	0.0000
ENSG00000286463.1	AP002755.1	lncRNA	0	0	0	0.0000	0.0000	0.0000
ENSG00000286464.1	AL583809.1	lncRNA	0	0	0	0.0000	0.0000	0.0000
ENSG00000286465.1	AC068408.2	lncRNA	0	0	0	0.0000	0.0000	0.0000
ENSG00000286466.1	AC069280.2	lncRNA	0	0	0	0.0000	0.0000	0.0000
ENSG00000286467.1	AC108052.1	lncRNA	0	0	0	0.0000	0.0000	0.0000
ENSG00000286468.1	AC010251.1	lncRNA	2	0	2	0.0475	0.0118	0.0127
ENSG00000286469.1	AL445668.1	lncRNA	0	0	0	0.0000	0.0000	0.0000
ENSG00000286470.1	AL034427.1	lncRNA	0	0	0	0.0000	0.0000	0.0000
ENSG00000286471.1	AC027250.2	lncRNA	1	1	0	0.0271	0.0067	0.0073
ENSG00000286472.1	AL035252.5	lncRNA	13	6	7	0.4415	0.1095	0.1184
ENSG00000286473.1	AC133485.7	lncRNA	3	0	3	0.0275	0.0068	0.0074
ENSG00000286474.1	AL355672.1	lncRNA	0	0	0	0.0000	0.0000	0.0000
ENSG00000286475.1	AL592156.1	lncRNA	0	0	0	0.0000	0.0000	0.0000
ENSG00000286476.1	AC079030.1	lncRNA	0	0	0	0.0000	0.0000	0.0000
ENSG00000286477.1	AC095038.4	lncRNA	0	0	0	0.0000	0.0000	0.0000
ENSG00000286478.1	AC007130.1	lncRNA	0	0	0	0.0000	0.0000	0.0000
ENSG00000286479.1	AL132718.1	lncRNA	0	0	0	0.0000	0.0000	0.0000
ENSG00000286480.1	AC009501.2	lncRNA	3	1	2	0.1453	0.0360	0.0390
ENSG00000286481.1	AC011246.1	lncRNA	1	0	1	0.0112	0.0028	0.0030
ENSG00000286482.1	AL117344.2	lncRNA	51	26	25	0.7542	0.1870	0.2022
ENSG00000286483.1	AL121762.1	lncRNA	0	0	0	0.0000	0.0000	0.0000
ENSG00000286484.1	AC021451.2	lncRNA	0	0	0	0.0000	0.0000	0.0000
ENSG00000286485.1	Z80897.1	lncRNA	9	375	324	0.2410	0.0598	0.0646
ENSG00000286486.1	AL590483.4	lncRNA	0	0	0	0.0000	0.0000	0.0000
ENSG00000286487.1	AC006398.1	lncRNA	0	0	0	0.0000	0.0000	0.0000
ENSG00000286488.1	AC103858.3	lncRNA	8	15	20	0.1135	0.0281	0.0304
ENSG00000286489.1	AC010789.2	lncRNA	0	59	56	0.0000	0.0000	0.0000
ENSG00000286490.1	AC067942.4	lncRNA	0	0	0	0.0000	0.0000	0.0000
ENSG00000286491.1	AL023553.1	lncRNA	3	2	1	0.4661	0.1156	0.1250
ENSG00000286492.1	AC117509.1	lncRNA	1	0	1	0.2296	0.0569	0.0616
ENSG00000286493.1	AC069214.1	lncRNA	1	1	0	0.1602	0.0397	0.0430
ENSG00000286494.1	AC022325.2	lncRNA	7	4	3	0.5416	0.1343	0.1452
ENSG00000286495.1	AC092079.2	lncRNA	0	0	0	0.0000	0.0000	0.0000
ENSG00000286496.1	AL359764.1	lncRNA	1	1	0	0.0098	0.0024	0.0026
ENSG00000286497.1	AP001924.2	lncRNA	0	0	0	0.0000	0.0000	0.0000
ENSG00000286498.1	AL132982.1	lncRNA	0	0	0	0.0000	0.0000	0.0000
ENSG00000286499.1	AP006219.2	lncRNA	0	0	0	0.0000	0.0000	0.0000
ENSG00000286500.1	AL512643.2	lncRNA	0	0	0	0.0000	0.0000	0.0000
ENSG00000286501.1	AC018545.1	lncRNA	1	1	0	0.0192	0.0048	0.0052
ENSG00000286502.1	AL645768.1	lncRNA	6	836	706	0.0760	0.0188	0.0204
ENSG00000286503.1	AC008462.1	lncRNA	1	0	1	0.0833	0.0207	0.0223
ENSG00000286504.1	AC092745.4	lncRNA	3	2	1	0.0521	0.0129	0.0140
ENSG00000286505.1	AC087468.2	lncRNA	6	2	4	0.1558	0.0386	0.0418
ENSG00000286506.1	FP325317.2	transcribed_unprocessed_pseudogene	0	0	0	0.0000	0.0000	0.0000
ENSG00000286507.1	AC004947.3	lncRNA	2	0	2	0.1850	0.0459	0.0496
ENSG00000286508.1	AC000050.2	lncRNA	0	0	0	0.0000	0.0000	0.0000
ENSG00000286509.1	AC026408.1	lncRNA	0	0	0	0.0000	0.0000	0.0000
ENSG00000286510.1	AC018695.8	lncRNA	0	0	0	0.0000	0.0000	0.0000
ENSG00000286511.1	Z95118.2	lncRNA	21	7	14	0.4741	0.1176	0.1271
ENSG00000286512.1	AL031768.2	lncRNA	10	7	3	0.1601	0.0397	0.0429
ENSG00000286513.1	AC010982.2	lncRNA	0	0	0	0.0000	0.0000	0.0000
ENSG00000286514.1	AL355870.2	lncRNA	3	1	2	0.2281	0.0566	0.0611
ENSG00000286515.1	AC142116.2	lncRNA	0	0	0	0.0000	0.0000	0.0000
ENSG00000286516.1	AC106719.1	lncRNA	0	0	0	0.0000	0.0000	0.0000
ENSG00000286517.1	AP000696.2	lncRNA	0	0	0	0.0000	0.0000	0.0000
ENSG00000286518.1	AL354743.1	lncRNA	0	0	0	0.0000	0.0000	0.0000
ENSG00000286519.1	AC009236.1	lncRNA	69	46	39	3.0860	0.7653	0.8274
ENSG00000286520.1	AC079851.1	lncRNA	2	1	1	0.0266	0.0066	0.0071
ENSG00000286521.1	AC107881.1	lncRNA	1	0	1	0.0785	0.0195	0.0211
ENSG00000286522.2	H3C2	protein_coding	2	1	1	0.2220	0.0550	0.0595
ENSG00000286523.1	AL022151.1	lncRNA	0	0	0	0.0000	0.0000	0.0000
ENSG00000286524.1	AC092567.2	lncRNA	3	1	2	0.1019	0.0253	0.0273
ENSG00000286525.1	AC023787.2	lncRNA	2	1	1	0.0552	0.0137	0.0148
ENSG00000286526.1	AC007652.2	lncRNA	0	0	0	0.0000	0.0000	0.0000
ENSG00000286527.1	AL161665.2	lncRNA	5	3	2	0.2174	0.0539	0.0583
ENSG00000286528.1	AC099506.3	lncRNA	0	0	0	0.0000	0.0000	0.0000
ENSG00000286529.1	AC090398.2	lncRNA	8	6	2	0.3093	0.0767	0.0829
ENSG00000286530.1	AC108057.1	lncRNA	1	1	0	0.0552	0.0137	0.0148
ENSG00000286531.1	AC097015.1	lncRNA	1	1	0	0.2509	0.0622	0.0673
ENSG00000286532.1	PARTICL	lncRNA	96	43	53	4.5180	1.1204	1.2114
ENSG00000286533.1	AL078604.4	lncRNA	6	3	3	0.3555	0.0882	0.0953
ENSG00000286534.1	AC021683.6	lncRNA	0	0	0	0.0000	0.0000	0.0000
ENSG00000286535.1	AC139019.1	lncRNA	79	70	81	1.3298	0.3298	0.3566
ENSG00000286536.1	AL591506.1	lncRNA	10	6	4	0.2016	0.0500	0.0541
ENSG00000286537.1	AL512655.1	lncRNA	0	0	0	0.0000	0.0000	0.0000
ENSG00000286538.1	AC008798.2	lncRNA	0	0	0	0.0000	0.0000	0.0000
ENSG00000286539.1	AC073973.1	lncRNA	0	0	0	0.0000	0.0000	0.0000
ENSG00000286540.1	AL096854.1	lncRNA	31	12	19	3.6549	0.9064	0.9800
ENSG00000286541.1	AC105941.1	lncRNA	0	0	0	0.0000	0.0000	0.0000
ENSG00000286542.1	AC124242.3	lncRNA	1	0	1	0.0785	0.0195	0.0211
ENSG00000286543.1	AC138409.3	lncRNA	7	4	3	0.1431	0.0355	0.0384
ENSG00000286544.1	AL359502.2	lncRNA	0	0	0	0.0000	0.0000	0.0000
ENSG00000286545.1	AC092645.2	lncRNA	40	24	19	0.5608	0.1391	0.1504
ENSG00000286546.1	AL079338.1	lncRNA	2	1	1	0.0494	0.0122	0.0132
ENSG00000286547.1	AL157938.4	lncRNA	0	0	0	0.0000	0.0000	0.0000
ENSG00000286548.1	AL596214.1	lncRNA	22	10	12	0.1998	0.0495	0.0536
ENSG00000286549.1	AP001631.2	lncRNA	4	1	3	0.3864	0.0958	0.1036
ENSG00000286550.1	AL591002.1	lncRNA	7	5	2	0.4088	0.1014	0.1096
ENSG00000286551.1	AL355836.2	lncRNA	0	0	0	0.0000	0.0000	0.0000
ENSG00000286552.1	AL390839.1	lncRNA	0	0	0	0.0000	0.0000	0.0000
ENSG00000286553.1	AL357075.2	lncRNA	0	0	0	0.0000	0.0000	0.0000
ENSG00000286554.1	AC021451.3	lncRNA	0	0	0	0.0000	0.0000	0.0000
ENSG00000286555.1	AP003065.1	lncRNA	47	482	467	3.1882	0.7907	0.8549
ENSG00000286556.1	AC091838.1	lncRNA	0	0	0	0.0000	0.0000	0.0000
ENSG00000286557.1	AC104088.2	lncRNA	0	0	0	0.0000	0.0000	0.0000
ENSG00000286558.1	AC098679.4	lncRNA	4	2	2	0.1547	0.0384	0.0415
ENSG00000286559.1	AC099845.1	lncRNA	0	0	0	0.0000	0.0000	0.0000
ENSG00000286561.1	AC011092.3	lncRNA	3	0	3	0.0917	0.0227	0.0246
ENSG00000286562.1	Z98742.4	lncRNA	8	3	5	0.7425	0.1841	0.1991
ENSG00000286563.1	AC078983.1	lncRNA	8	5	3	0.2603	0.0645	0.0698
ENSG00000286564.1	AL593844.1	lncRNA	0	0	0	0.0000	0.0000	0.0000
ENSG00000286565.1	AC006348.1	lncRNA	3	1	2	0.0907	0.0225	0.0243
ENSG00000286566.1	AC023511.3	lncRNA	1	1	0	0.1046	0.0259	0.0281
ENSG00000286567.1	AC092825.1	lncRNA	0	0	0	0.0000	0.0000	0.0000
ENSG00000286568.1	AC007879.5	lncRNA	0	0	0	0.0000	0.0000	0.0000
ENSG00000286569.1	AC245427.2	lncRNA	1	1	0	0.0439	0.0109	0.0118
ENSG00000286570.1	AC104304.3	lncRNA	0	0	0	0.0000	0.0000	0.0000
ENSG00000286571.1	AL359511.2	lncRNA	0	0	0	0.0000	0.0000	0.0000
ENSG00000286572.1	AL592146.2	lncRNA	2	2	0	0.0443	0.0110	0.0119
ENSG00000286573.1	AL136225.1	lncRNA	0	0	0	0.0000	0.0000	0.0000
ENSG00000286575.1	AL356608.3	lncRNA	5	5	3	0.2557	0.0634	0.0686
ENSG00000286576.1	AC121334.4	lncRNA	0	0	0	0.0000	0.0000	0.0000
ENSG00000286577.1	AC117528.1	lncRNA	2	1	3	0.0760	0.0189	0.0204
ENSG00000286578.1	AC092819.2	lncRNA	0	0	0	0.0000	0.0000	0.0000
ENSG00000286579.1	AC023483.1	lncRNA	10	4	6	0.4526	0.1122	0.1214
ENSG00000286580.1	AC034159.2	lncRNA	0	0	0	0.0000	0.0000	0.0000
ENSG00000286581.1	AL450992.3	lncRNA	0	0	0	0.0000	0.0000	0.0000
ENSG00000286582.1	AL161753.1	lncRNA	0	0	0	0.0000	0.0000	0.0000
ENSG00000286583.1	AC105101.2	lncRNA	3	2	1	0.0767	0.0190	0.0206
ENSG00000286584.2	AC023494.1	lncRNA	67	26	41	4.0594	1.0067	1.0885
ENSG00000286585.1	AC104472.4	lncRNA	45	23	24	2.9952	0.7428	0.8031
ENSG00000286586.1	AC084018.3	lncRNA	1	1	0	0.1373	0.0341	0.0368
ENSG00000286587.1	AL133335.2	lncRNA	0	0	0	0.0000	0.0000	0.0000
ENSG00000286588.1	AC104841.1	lncRNA	17	13	4	1.7308	0.4292	0.4641
ENSG00000286589.1	AC005697.3	lncRNA	0	0	0	0.0000	0.0000	0.0000
ENSG00000286590.1	AL132775.1	lncRNA	4	2	5	0.1415	0.0351	0.0379
ENSG00000286591.1	AC006197.2	lncRNA	18	9	9	0.4842	0.1201	0.1298
ENSG00000286592.1	LINC02885	lncRNA	0	0	0	0.0000	0.0000	0.0000
ENSG00000286593.1	AP006261.1	lncRNA	13	9	4	0.2890	0.0717	0.0775
ENSG00000286594.1	AL133493.2	lncRNA	1	0	1	0.0388	0.0096	0.0104
ENSG00000286595.1	AL512358.1	lncRNA	0	0	0	0.0000	0.0000	0.0000
ENSG00000286596.1	AC098595.1	lncRNA	9	145	160	0.2177	0.0540	0.0584
ENSG00000286597.1	AL645507.1	lncRNA	0	0	0	0.0000	0.0000	0.0000
ENSG00000286598.1	AC100756.3	lncRNA	0	0	0	0.0000	0.0000	0.0000
ENSG00000286599.1	AC110611.1	lncRNA	38	459	497	0.7400	0.1835	0.1984
ENSG00000286600.1	AC119427.2	lncRNA	0	0	0	0.0000	0.0000	0.0000
ENSG00000286601.1	AC007563.3	lncRNA	0	0	0	0.0000	0.0000	0.0000
ENSG00000286602.1	AC021660.4	lncRNA	8	4	4	0.6721	0.1667	0.1802
ENSG00000286603.1	AC012101.1	lncRNA	0	0	0	0.0000	0.0000	0.0000
ENSG00000286604.1	AC007100.2	lncRNA	0	0	0	0.0000	0.0000	0.0000
ENSG00000286605.1	AC115100.1	lncRNA	0	0	0	0.0000	0.0000	0.0000
ENSG00000286606.1	AC097468.3	lncRNA	4	41	33	0.1796	0.0445	0.0482
ENSG00000286607.1	AL135818.3	lncRNA	1	0	1	0.0553	0.0137	0.0148
ENSG00000286608.1	AC010201.3	lncRNA	4	3	1	0.1942	0.0482	0.0521
ENSG00000286609.1	AL589166.1	lncRNA	0	0	0	0.0000	0.0000	0.0000
ENSG00000286610.1	AL356433.1	lncRNA	0	0	0	0.0000	0.0000	0.0000
ENSG00000286611.1	AC007405.4	lncRNA	1	1	0	0.1031	0.0256	0.0276
ENSG00000286612.1	AL353774.1	lncRNA	0	0	0	0.0000	0.0000	0.0000
ENSG00000286613.1	AC006213.7	lncRNA	4	3	1	0.2607	0.0647	0.0699
ENSG00000286614.1	AL589182.3	transcribed_unprocessed_pseudogene	5	2	3	0.1323	0.0328	0.0355
ENSG00000286615.1	AC011416.4	lncRNA	123	58	67	0.9661	0.2396	0.2590
ENSG00000286616.1	AL008730.1	lncRNA	7	1	6	0.2038	0.0505	0.0546
ENSG00000286617.1	AC084167.1	lncRNA	0	0	0	0.0000	0.0000	0.0000
ENSG00000286618.1	AC131944.1	lncRNA	2	3497	3356	0.0635	0.0158	0.0170
ENSG00000286619.1	AC119673.2	lncRNA	255	106	150	2.3212	0.5756	0.6224
ENSG00000286620.1	AC239860.3	TEC	0	0	0	0.0000	0.0000	0.0000
ENSG00000286621.1	AC064843.1	lncRNA	0	0	0	0.0000	0.0000	0.0000
ENSG00000286622.1	AC034111.2	lncRNA	0	0	0	0.0000	0.0000	0.0000
ENSG00000286623.1	AC005041.4	lncRNA	5	128	129	0.2085	0.0517	0.0559
ENSG00000286624.1	AC069421.2	lncRNA	0	0	0	0.0000	0.0000	0.0000
ENSG00000286625.1	AC113370.1	lncRNA	1	1	0	0.0175	0.0043	0.0047
ENSG00000286626.1	AC090469.1	lncRNA	8	3	7	0.3888	0.0964	0.1042
ENSG00000286627.1	AP005900.1	lncRNA	8	5	3	0.1399	0.0347	0.0375
ENSG00000286628.1	AL096828.5	lncRNA	0	0	0	0.0000	0.0000	0.0000
ENSG00000286629.1	AC005803.1	lncRNA	1	25	37	0.0395	0.0098	0.0106
ENSG00000286630.1	AL133240.2	lncRNA	0	0	0	0.0000	0.0000	0.0000
ENSG00000286631.1	AL133405.1	lncRNA	1	1	0	0.0691	0.0171	0.0185
ENSG00000286632.1	AC008751.3	lncRNA	0	0	0	0.0000	0.0000	0.0000
ENSG00000286633.1	AL160400.1	lncRNA	0	0	2	0.0000	0.0000	0.0000
ENSG00000286634.1	AC146507.3	lncRNA	10	4	6	0.4629	0.1148	0.1241
ENSG00000286635.1	AC006112.1	lncRNA	2	2	0	0.0396	0.0098	0.0106
ENSG00000286636.1	AL512356.4	lncRNA	0	5	7	0.0000	0.0000	0.0000
ENSG00000286637.1	AC093765.2	lncRNA	0	0	0	0.0000	0.0000	0.0000
ENSG00000286638.1	AC123595.2	lncRNA	3	2	4	0.1240	0.0308	0.0332
ENSG00000286639.1	AC004879.1	lncRNA	0	0	0	0.0000	0.0000	0.0000
ENSG00000286640.1	AC093151.5	transcribed_unprocessed_pseudogene	0	0	0	0.0000	0.0000	0.0000
ENSG00000286641.1	AC108073.3	lncRNA	0	0	0	0.0000	0.0000	0.0000
ENSG00000286642.1	AC091646.1	lncRNA	0	0	0	0.0000	0.0000	0.0000
ENSG00000286643.1	AP000248.1	lncRNA	0	0	0	0.0000	0.0000	0.0000
ENSG00000286644.1	AC008443.7	lncRNA	7	4	3	0.6797	0.1686	0.1823
ENSG00000286645.1	AC013267.1	lncRNA	2	1	3	0.0627	0.0156	0.0168
ENSG00000286646.1	AL121933.2	lncRNA	32	15	17	1.6558	0.4106	0.4440
ENSG00000286647.1	AC008459.1	lncRNA	0	0	0	0.0000	0.0000	0.0000
ENSG00000286648.1	AC068931.1	lncRNA	0	0	0	0.0000	0.0000	0.0000
ENSG00000286649.1	AC006566.2	lncRNA	1	1	0	0.0256	0.0063	0.0069
ENSG00000286650.1	AL139234.1	lncRNA	7	4	3	0.4170	0.1034	0.1118
ENSG00000286651.2	PRSS43P	transcribed_unitary_pseudogene	12	5	7	0.4075	0.1011	0.1093
ENSG00000286652.1	AL021918.5	lncRNA	12	6	6	0.3095	0.0767	0.0830
ENSG00000286653.1	AC092125.2	lncRNA	0	0	0	0.0000	0.0000	0.0000
ENSG00000286654.1	AC092636.1	lncRNA	3	3	0	0.0577	0.0143	0.0155
ENSG00000286655.1	AL158011.1	lncRNA	5	2	3	0.1235	0.0306	0.0331
ENSG00000286656.1	AC008875.2	lncRNA	6	3	3	0.2455	0.0609	0.0658
ENSG00000286657.1	AC008453.2	lncRNA	2	1	1	0.0612	0.0152	0.0164
ENSG00000286658.1	AC005153.1	lncRNA	0	0	0	0.0000	0.0000	0.0000
ENSG00000286659.1	Z99716.2	lncRNA	19	10	10	1.9954	0.4948	0.5350
ENSG00000286660.1	AC068633.2	lncRNA	0	0	0	0.0000	0.0000	0.0000
ENSG00000286661.1	AC092933.2	lncRNA	0	0	0	0.0000	0.0000	0.0000
ENSG00000286662.2	AC087894.3	lncRNA	3	0	3	0.0286	0.0071	0.0077
ENSG00000286663.1	AL513524.1	lncRNA	0	0	0	0.0000	0.0000	0.0000
ENSG00000286664.1	AC104689.2	lncRNA	0	0	0	0.0000	0.0000	0.0000
ENSG00000286665.1	AP000648.9	lncRNA	0	0	0	0.0000	0.0000	0.0000
ENSG00000286666.1	AL663058.2	lncRNA	0	0	0	0.0000	0.0000	0.0000
ENSG00000286667.1	AC010641.2	lncRNA	2	2	1	0.0510	0.0126	0.0137
ENSG00000286668.1	AL391730.2	lncRNA	0	0	1	0.0000	0.0000	0.0000
ENSG00000286669.1	AC008532.1	lncRNA	2	16	7	0.1806	0.0448	0.0484
ENSG00000286670.1	AL450467.1	lncRNA	2	349	368	0.1031	0.0256	0.0276
ENSG00000286671.1	AC025253.2	lncRNA	3	0	3	0.1806	0.0448	0.0484
ENSG00000286672.1	AL096712.2	lncRNA	7	2	5	0.1807	0.0448	0.0484
ENSG00000286674.1	AL121935.3	lncRNA	2	2	1	0.0551	0.0137	0.0148
ENSG00000286675.1	AC068700.2	lncRNA	2	1	1	0.0245	0.0061	0.0066
ENSG00000286676.1	ACTBP4	processed_pseudogene	2	0	2	0.1060	0.0263	0.0284
ENSG00000286677.1	AP006545.3	lncRNA	3	1	2	0.1130	0.0280	0.0303
ENSG00000286678.1	AC007649.1	lncRNA	0	0	0	0.0000	0.0000	0.0000
ENSG00000286679.1	AC073225.1	lncRNA	0	0	0	0.0000	0.0000	0.0000
ENSG00000286680.1	AL713998.3	lncRNA	0	0	0	0.0000	0.0000	0.0000
ENSG00000286681.1	AF235103.3	lncRNA	188	94	94	2.5500	0.6324	0.6837
ENSG00000286682.1	AC025262.3	lncRNA	8	5	3	0.3285	0.0815	0.0881
ENSG00000286683.1	AL512424.1	lncRNA	6	1	5	0.4253	0.1055	0.1140
ENSG00000286684.1	AL358976.1	lncRNA	1	0	1	0.0594	0.0147	0.0159
ENSG00000286685.1	AL158077.2	lncRNA	3	1	2	0.0760	0.0189	0.0204
ENSG00000286686.1	AL136040.2	lncRNA	2	2	0	0.0414	0.0103	0.0111
ENSG00000286687.1	AC022535.2	lncRNA	0	0	0	0.0000	0.0000	0.0000
ENSG00000286688.1	AP002748.6	lncRNA	12	655	629	0.3576	0.0887	0.0959
ENSG00000286689.1	AC090946.1	lncRNA	2	2	0	0.1022	0.0253	0.0274
ENSG00000286690.1	AC011351.1	lncRNA	0	0	0	0.0000	0.0000	0.0000
ENSG00000286691.1	AL590009.1	lncRNA	1	1	0	0.0366	0.0091	0.0098
ENSG00000286692.1	AC118469.2	lncRNA	1	1	0	0.1167	0.0289	0.0313
ENSG00000286693.1	AC105230.1	lncRNA	0	0	0	0.0000	0.0000	0.0000
ENSG00000286694.1	AL161935.3	lncRNA	11	9	2	0.3175	0.0787	0.0851
ENSG00000286695.1	AC026316.5	lncRNA	0	0	0	0.0000	0.0000	0.0000
ENSG00000286696.1	AC090826.3	lncRNA	2	0	2	0.0674	0.0167	0.0181
ENSG00000286697.1	AC092623.1	lncRNA	0	0	0	0.0000	0.0000	0.0000
ENSG00000286698.1	AC027612.3	lncRNA	0	0	0	0.0000	0.0000	0.0000
ENSG00000286699.1	AC084198.2	lncRNA	154	83	80	5.1252	1.2710	1.3742
ENSG00000286700.1	AC108075.1	lncRNA	0	0	0	0.0000	0.0000	0.0000
ENSG00000286701.1	AC044893.2	lncRNA	0	0	0	0.0000	0.0000	0.0000
ENSG00000286703.1	AC005682.2	lncRNA	1	1	0	0.0235	0.0058	0.0063
ENSG00000286704.1	AP001803.10	unprocessed_pseudogene	0	0	0	0.0000	0.0000	0.0000
ENSG00000286705.1	AC079140.6	lncRNA	30	10	20	1.5029	0.3727	0.4030
ENSG00000286707.1	AC010896.1	lncRNA	27	16	12	0.5504	0.1365	0.1476
ENSG00000286708.1	AP003783.1	lncRNA	0	0	0	0.0000	0.0000	0.0000
ENSG00000286709.1	AL138997.1	lncRNA	0	0	0	0.0000	0.0000	0.0000
ENSG00000286710.1	AC188617.1	lncRNA	4	1	3	0.0406	0.0101	0.0109
ENSG00000286711.1	AC105343.2	lncRNA	0	0	0	0.0000	0.0000	0.0000
ENSG00000286712.1	AC002331.1	lncRNA	0	0	0	0.0000	0.0000	0.0000
ENSG00000286713.1	AC113348.3	lncRNA	0	0	0	0.0000	0.0000	0.0000
ENSG00000286714.1	AC093001.2	lncRNA	8	4	4	0.7716	0.1913	0.2069
ENSG00000286715.1	AL589863.2	lncRNA	0	0	0	0.0000	0.0000	0.0000
ENSG00000286716.1	AC108452.1	lncRNA	0	0	0	0.0000	0.0000	0.0000
ENSG00000286717.1	AP001407.1	lncRNA	1	0	1	0.0223	0.0055	0.0060
ENSG00000286718.1	AC007066.3	lncRNA	1	4	0	0.1745	0.0433	0.0468
ENSG00000286719.1	AL391811.1	lncRNA	0	0	0	0.0000	0.0000	0.0000
ENSG00000286720.1	AC097375.5	lncRNA	0	0	0	0.0000	0.0000	0.0000
ENSG00000286721.1	AC010623.1	lncRNA	26	15	11	0.6609	0.1639	0.1772
ENSG00000286722.1	AC009244.1	lncRNA	0	4	2	0.0000	0.0000	0.0000
ENSG00000286723.1	AL021368.5	lncRNA	0	0	0	0.0000	0.0000	0.0000
ENSG00000286724.1	AL732509.1	lncRNA	56	26	30	0.6038	0.1497	0.1619
ENSG00000286725.1	AC018706.1	lncRNA	4	2	2	0.6147	0.1524	0.1648
ENSG00000286727.1	AC123786.3	lncRNA	0	0	0	0.0000	0.0000	0.0000
ENSG00000286728.1	AC009236.2	lncRNA	2	1	1	0.0428	0.0106	0.0115
ENSG00000286729.1	AC137695.3	lncRNA	13	47	27	0.7158	0.1775	0.1919
ENSG00000286730.1	AL365295.2	lncRNA	0	0	0	0.0000	0.0000	0.0000
ENSG00000286731.1	AP001360.2	lncRNA	0	0	0	0.0000	0.0000	0.0000
ENSG00000286732.1	AC091181.2	lncRNA	44	23	40	2.4535	0.6085	0.6579
ENSG00000286733.1	LINC02348	lncRNA	39	21	18	0.2956	0.0733	0.0792
ENSG00000286734.1	AC133530.1	lncRNA	5	4	1	0.1819	0.0451	0.0488
ENSG00000286735.1	AC126182.3	lncRNA	0	0	0	0.0000	0.0000	0.0000
ENSG00000286736.1	AC005753.2	lncRNA	1	0	1	0.0651	0.0161	0.0175
ENSG00000286737.1	AC092168.3	lncRNA	0	0	0	0.0000	0.0000	0.0000
ENSG00000286738.1	AC073968.2	lncRNA	0	0	0	0.0000	0.0000	0.0000
ENSG00000286739.1	AC007387.1	lncRNA	1	3	4	0.0394	0.0098	0.0106
ENSG00000286740.1	AL353612.2	lncRNA	0	3	0	0.0000	0.0000	0.0000
ENSG00000286741.1	AC008766.1	lncRNA	0	0	0	0.0000	0.0000	0.0000
ENSG00000286742.1	AC000065.1	lncRNA	4	1	3	0.0567	0.0141	0.0152
ENSG00000286743.1	AC127540.2	lncRNA	1	0	1	0.0260	0.0064	0.0070
ENSG00000286744.1	AC009947.3	unprocessed_pseudogene	0	0	0	0.0000	0.0000	0.0000
ENSG00000286745.1	AC114311.1	lncRNA	0	0	0	0.0000	0.0000	0.0000
ENSG00000286746.1	AL590807.1	lncRNA	0	0	0	0.0000	0.0000	0.0000
ENSG00000286747.1	AL627095.2	lncRNA	19	12	7	1.2471	0.3093	0.3344
ENSG00000286748.1	AC145625.2	lncRNA	0	0	0	0.0000	0.0000	0.0000
ENSG00000286749.1	AC008571.2	lncRNA	0	0	0	0.0000	0.0000	0.0000
ENSG00000286750.1	AC015802.7	lncRNA	0	0	0	0.0000	0.0000	0.0000
ENSG00000286751.1	AC140168.1	lncRNA	22	12	10	1.2836	0.3183	0.3442
ENSG00000286752.1	AC022509.5	lncRNA	0	0	0	0.0000	0.0000	0.0000
ENSG00000286753.1	AC091978.1	lncRNA	94	50	48	2.7880	0.6914	0.7476
ENSG00000286754.1	AL031290.1	lncRNA	0	0	0	0.0000	0.0000	0.0000
ENSG00000286755.1	AC135893.1	lncRNA	6	18	28	0.2662	0.0660	0.0714
ENSG00000286756.1	AP000769.6	lncRNA	0	0	1	0.0000	0.0000	0.0000
ENSG00000286757.2	AL137139.2	lncRNA	5	34	44	0.0318	0.0079	0.0085
ENSG00000286758.1	AL445438.1	lncRNA	5	1	4	0.4734	0.1174	0.1269
ENSG00000286759.1	AC092718.9	lncRNA	0	1	2	0.0000	0.0000	0.0000
ENSG00000286760.1	AL022069.3	lncRNA	117	48	69	1.6996	0.4215	0.4557
ENSG00000286761.1	AC112242.2	lncRNA	0	0	0	0.0000	0.0000	0.0000
ENSG00000286763.1	AC012533.1	lncRNA	0	0	0	0.0000	0.0000	0.0000
ENSG00000286764.1	AC188617.2	lncRNA	0	0	0	0.0000	0.0000	0.0000
ENSG00000286765.1	AP005899.2	lncRNA	4	3	1	0.2196	0.0545	0.0589
ENSG00000286766.1	AC091010.1	lncRNA	0	0	0	0.0000	0.0000	0.0000
ENSG00000286767.1	AL023877.1	lncRNA	0	0	0	0.0000	0.0000	0.0000
ENSG00000286769.1	AC064869.1	lncRNA	0	0	0	0.0000	0.0000	0.0000
ENSG00000286770.1	AC100825.1	lncRNA	0	0	0	0.0000	0.0000	0.0000
ENSG00000286771.1	AC097658.3	lncRNA	2	1	1	0.0856	0.0212	0.0230
ENSG00000286772.1	AC009410.1	lncRNA	0	0	0	0.0000	0.0000	0.0000
ENSG00000286773.1	AL353593.3	lncRNA	0	0	0	0.0000	0.0000	0.0000
ENSG00000286774.1	AL122003.2	lncRNA	0	0	0	0.0000	0.0000	0.0000
ENSG00000286775.1	AL355526.2	lncRNA	0	0	0	0.0000	0.0000	0.0000
ENSG00000286776.1	AC093610.1	lncRNA	0	0	0	0.0000	0.0000	0.0000
ENSG00000286777.1	AC012301.2	lncRNA	2	1	1	0.1445	0.0358	0.0387
ENSG00000286778.1	AC013265.1	lncRNA	0	0	0	0.0000	0.0000	0.0000
ENSG00000286779.1	AL139081.2	lncRNA	0	0	0	0.0000	0.0000	0.0000
ENSG00000286780.1	AL139379.1	lncRNA	0	0	0	0.0000	0.0000	0.0000
ENSG00000286781.1	AC099332.1	lncRNA	11	3	8	0.4356	0.1080	0.1168
ENSG00000286782.1	AL355377.3	lncRNA	25	12	13	0.7092	0.1759	0.1902
ENSG00000286784.1	AC116611.1	lncRNA	0	0	0	0.0000	0.0000	0.0000
ENSG00000286785.1	LINC01622	lncRNA	1	2	0	0.0100	0.0025	0.0027
ENSG00000286786.1	AC116158.3	lncRNA	52	246	221	0.4573	0.1134	0.1226
ENSG00000286787.1	AL110114.1	lncRNA	90	36	54	0.6774	0.1680	0.1816
ENSG00000286788.1	AC004687.3	lncRNA	0	2	3	0.0000	0.0000	0.0000
ENSG00000286789.1	AL161645.2	lncRNA	1	0	1	0.0739	0.0183	0.0198
ENSG00000286790.1	AC010494.1	lncRNA	0	99	106	0.0000	0.0000	0.0000
ENSG00000286791.1	AC079949.5	lncRNA	2	3	0	0.0887	0.0220	0.0238
ENSG00000286792.1	AC005703.6	lncRNA	5	3	2	0.1756	0.0435	0.0471
ENSG00000286793.1	CR848007.3	transcribed_unprocessed_pseudogene	0	0	0	0.0000	0.0000	0.0000
ENSG00000286794.1	Z70719.1	lncRNA	0	0	0	0.0000	0.0000	0.0000
ENSG00000286795.1	AL161652.1	lncRNA	1	0	1	0.0594	0.0147	0.0159
ENSG00000286796.1	AC010883.2	lncRNA	3	1	2	0.0692	0.0172	0.0185
ENSG00000286797.1	AC009315.1	lncRNA	3	2	1	0.0480	0.0119	0.0129
ENSG00000286798.1	AC022832.2	lncRNA	0	0	0	0.0000	0.0000	0.0000
ENSG00000286799.1	AC124066.1	lncRNA	3	1	2	0.2794	0.0693	0.0749
ENSG00000286800.1	AC090348.1	lncRNA	0	0	0	0.0000	0.0000	0.0000
ENSG00000286801.1	BX546033.1	lncRNA	0	0	0	0.0000	0.0000	0.0000
ENSG00000286802.1	AC104459.1	lncRNA	10	7	7	0.1624	0.0403	0.0436
ENSG00000286803.1	AL109824.1	lncRNA	2	303	306	0.1900	0.0471	0.0509
ENSG00000286804.1	AC025871.3	lncRNA	2	1	2	0.1368	0.0339	0.0367
ENSG00000286805.1	AL138716.1	lncRNA	2	0	2	0.0874	0.0217	0.0234
ENSG00000286806.1	AC080005.1	lncRNA	0	0	0	0.0000	0.0000	0.0000
ENSG00000286807.1	AC093639.2	lncRNA	0	0	0	0.0000	0.0000	0.0000
ENSG00000286808.1	AC092338.3	lncRNA	41	280	284	1.3766	0.3414	0.3691
ENSG00000286809.1	AC008964.1	lncRNA	1	1	0	0.0419	0.0104	0.0112
ENSG00000286810.1	AL513128.3	lncRNA	20	10	10	0.6602	0.1637	0.1770
ENSG00000286811.1	AL353138.1	lncRNA	17	11	6	1.2006	0.2977	0.3219
ENSG00000286812.1	AP001120.5	lncRNA	0	0	0	0.0000	0.0000	0.0000
ENSG00000286813.1	AC015871.6	lncRNA	8	4	4	0.2068	0.0513	0.0554
ENSG00000286815.1	AP005242.5	lncRNA	0	0	0	0.0000	0.0000	0.0000
ENSG00000286816.1	AP005273.2	lncRNA	0	0	0	0.0000	0.0000	0.0000
ENSG00000286817.1	AC105339.6	lncRNA	1	1	4	0.0471	0.0117	0.0126
ENSG00000286818.1	AC008496.3	lncRNA	5	1	4	0.0699	0.0173	0.0187
ENSG00000286819.1	Z98745.1	lncRNA	0	0	0	0.0000	0.0000	0.0000
ENSG00000286820.1	AL590027.1	lncRNA	0	0	0	0.0000	0.0000	0.0000
ENSG00000286821.1	AC019193.4	lncRNA	0	0	0	0.0000	0.0000	0.0000
ENSG00000286822.1	AC112504.3	lncRNA	0	0	0	0.0000	0.0000	0.0000
ENSG00000286823.1	AL583829.1	lncRNA	1	1	0	0.0451	0.0112	0.0121
ENSG00000286824.1	AL353704.2	lncRNA	0	0	0	0.0000	0.0000	0.0000
ENSG00000286825.1	AL096870.10	lncRNA	1	1	0	0.0466	0.0116	0.0125
ENSG00000286826.1	AL136129.1	lncRNA	20	9	11	0.6239	0.1547	0.1673
ENSG00000286827.1	AC072026.2	lncRNA	0	0	0	0.0000	0.0000	0.0000
ENSG00000286828.1	AC008883.3	lncRNA	20	9	11	0.4722	0.1171	0.1266
ENSG00000286829.1	AC093798.1	lncRNA	1	1	0	0.0232	0.0058	0.0062
ENSG00000286830.1	AC105052.5	lncRNA	98	56	42	4.1599	1.0316	1.1154
ENSG00000286831.1	AC244472.1	lncRNA	0	0	0	0.0000	0.0000	0.0000
ENSG00000286832.1	AL157831.3	lncRNA	0	0	0	0.0000	0.0000	0.0000
ENSG00000286833.1	AC097532.3	lncRNA	5	4	1	0.1851	0.0459	0.0496
ENSG00000286834.1	AL360020.1	lncRNA	8	3	5	0.1172	0.0291	0.0314
ENSG00000286835.1	AL133477.1	lncRNA	30	16	14	2.6014	0.6451	0.6975
ENSG00000286836.1	AC092844.1	lncRNA	20	12	15	0.9206	0.2283	0.2468
ENSG00000286837.1	AC087533.1	lncRNA	2	104	89	0.0754	0.0187	0.0202
ENSG00000286838.1	AL356379.2	lncRNA	0	0	0	0.0000	0.0000	0.0000
ENSG00000286839.1	AC093240.1	lncRNA	5	1	4	0.1372	0.0340	0.0368
ENSG00000286840.1	AL451127.2	lncRNA	0	0	0	0.0000	0.0000	0.0000
ENSG00000286841.1	AC010528.2	lncRNA	0	0	0	0.0000	0.0000	0.0000
ENSG00000286842.1	AL353752.2	lncRNA	0	0	0	0.0000	0.0000	0.0000
ENSG00000286843.1	AL160159.1	lncRNA	0	0	0	0.0000	0.0000	0.0000
ENSG00000286844.1	AC068688.1	lncRNA	0	0	0	0.0000	0.0000	0.0000
ENSG00000286845.1	AC007343.1	lncRNA	0	0	0	0.0000	0.0000	0.0000
ENSG00000286846.1	Z93943.1	lncRNA	15	8	7	0.2290	0.0568	0.0614
ENSG00000286847.1	AC007036.5	lncRNA	1	34	42	0.0255	0.0063	0.0068
ENSG00000286848.1	AC009570.2	lncRNA	2	484	480	0.1393	0.0346	0.0374
ENSG00000286849.1	AC009152.6	lncRNA	2	1	1	0.0706	0.0175	0.0189
ENSG00000286850.1	AL358232.2	lncRNA	3	0	3	0.2353	0.0584	0.0631
ENSG00000286851.1	AC097517.1	lncRNA	0	0	0	0.0000	0.0000	0.0000
ENSG00000286852.1	AP000696.3	lncRNA	0	0	0	0.0000	0.0000	0.0000
ENSG00000286853.1	AC008786.1	lncRNA	0	0	0	0.0000	0.0000	0.0000
ENSG00000286854.1	AC079382.2	lncRNA	1	1	0	0.0482	0.0120	0.0129
ENSG00000286855.1	AC074024.1	lncRNA	0	0	0	0.0000	0.0000	0.0000
ENSG00000286856.1	AC061708.1	lncRNA	1	1	0	0.1252	0.0310	0.0336
ENSG00000286857.1	AC007463.2	lncRNA	1	0	1	0.0707	0.0175	0.0190
ENSG00000286858.1	AL355361.1	lncRNA	0	0	0	0.0000	0.0000	0.0000
ENSG00000286859.1	AL158214.2	lncRNA	15	532	534	0.4024	0.0998	0.1079
ENSG00000286860.1	AC093840.2	lncRNA	0	0	0	0.0000	0.0000	0.0000
ENSG00000286861.1	AL049779.4	lncRNA	43	20	23	0.7803	0.1935	0.2092
ENSG00000286862.1	AC017037.5	lncRNA	0	0	0	0.0000	0.0000	0.0000
ENSG00000286863.1	AL513166.1	lncRNA	10	7	3	0.0884	0.0219	0.0237
ENSG00000286864.1	AC012076.1	lncRNA	10	4	7	0.3394	0.0842	0.0910
ENSG00000286865.1	AL391097.3	lncRNA	1	1	0	0.0927	0.0230	0.0248
ENSG00000286866.1	AC006063.3	lncRNA	0	0	0	0.0000	0.0000	0.0000
ENSG00000286867.1	AC008798.3	lncRNA	0	0	0	0.0000	0.0000	0.0000
ENSG00000286868.1	AC074290.1	lncRNA	77	33	44	5.4858	1.3604	1.4709
ENSG00000286869.1	AC022276.1	lncRNA	0	0	0	0.0000	0.0000	0.0000
ENSG00000286870.1	AL121981.1	lncRNA	1	0	1	0.0362	0.0090	0.0097
ENSG00000286871.1	AL139090.1	lncRNA	0	0	0	0.0000	0.0000	0.0000
ENSG00000286872.1	AC024270.4	lncRNA	12	8	4	0.2751	0.0682	0.0738
ENSG00000286873.1	AC012306.3	lncRNA	84	39	46	4.5068	1.1176	1.2084
ENSG00000286874.1	AC072054.1	lncRNA	15	4	11	2.6336	0.6531	0.7062
ENSG00000286875.1	AL121977.2	lncRNA	2	18	11	0.0777	0.0193	0.0208
ENSG00000286876.1	AC069540.2	lncRNA	0	0	0	0.0000	0.0000	0.0000
ENSG00000286877.1	AC090510.4	lncRNA	2	0	2	0.1582	0.0392	0.0424
ENSG00000286878.1	AC100805.1	lncRNA	6	3	3	0.1185	0.0294	0.0318
ENSG00000286879.1	AC093639.3	lncRNA	0	0	0	0.0000	0.0000	0.0000
ENSG00000286880.1	AC005258.2	lncRNA	1	1	0	0.0463	0.0115	0.0124
ENSG00000286881.1	AL358780.1	lncRNA	1	1	0	0.1916	0.0475	0.0514
ENSG00000286882.1	AC116428.1	lncRNA	4	45	40	0.1772	0.0439	0.0475
ENSG00000286883.1	AC005041.5	lncRNA	0	763	808	0.0000	0.0000	0.0000
ENSG00000286884.1	AC012060.1	lncRNA	0	0	0	0.0000	0.0000	0.0000
ENSG00000286885.1	AL138824.1	lncRNA	14	13	2	0.2824	0.0700	0.0757
ENSG00000286886.1	AJ011931.2	lncRNA	0	0	0	0.0000	0.0000	0.0000
ENSG00000286887.1	AL355881.1	lncRNA	5	3	3	0.2359	0.0585	0.0633
ENSG00000286888.1	AC006427.2	lncRNA	3	0	3	0.1273	0.0316	0.0341
ENSG00000286889.1	AC096589.1	lncRNA	4	4	0	0.0472	0.0117	0.0127
ENSG00000286890.1	AC055840.1	lncRNA	0	0	0	0.0000	0.0000	0.0000
ENSG00000286891.1	AC080132.1	lncRNA	3	3	0	0.0157	0.0039	0.0042
ENSG00000286892.1	AC084212.1	lncRNA	13	7	6	0.2895	0.0718	0.0776
ENSG00000286893.1	AC015660.5	lncRNA	1	0	1	0.0354	0.0088	0.0095
ENSG00000286894.1	AC009141.1	lncRNA	0	0	0	0.0000	0.0000	0.0000
ENSG00000286895.1	AC092745.5	lncRNA	4	0	4	0.2081	0.0516	0.0558
ENSG00000286896.1	AC112236.3	lncRNA	1	1	0	0.0260	0.0065	0.0070
ENSG00000286897.1	AC090515.6	lncRNA	1	1	0	0.0752	0.0187	0.0202
ENSG00000286898.1	AL049569.2	lncRNA	0	1416	1291	0.0000	0.0000	0.0000
ENSG00000286899.1	AL139286.2	lncRNA	0	0	0	0.0000	0.0000	0.0000
ENSG00000286900.1	AL590235.2	lncRNA	0	0	0	0.0000	0.0000	0.0000
ENSG00000286901.1	Z69667.1	lncRNA	0	7	8	0.0000	0.0000	0.0000
ENSG00000286902.1	AP001595.2	lncRNA	1	0	1	0.0818	0.0203	0.0219
ENSG00000286903.1	AC078874.1	lncRNA	0	0	0	0.0000	0.0000	0.0000
ENSG00000286904.1	AC093675.1	lncRNA	22	23	18	1.8160	0.4504	0.4869
ENSG00000286905.1	AC108488.2	protein_coding	3	1	2	0.0614	0.0152	0.0165
ENSG00000286906.1	AL160154.1	lncRNA	0	0	0	0.0000	0.0000	0.0000
ENSG00000286907.1	AC123512.1	lncRNA	0	0	1	0.0000	0.0000	0.0000
ENSG00000286908.1	AC006459.1	lncRNA	0	0	0	0.0000	0.0000	0.0000
ENSG00000286909.1	AC024560.4	lncRNA	37	15	22	1.4431	0.3579	0.3869
ENSG00000286910.1	AC087269.3	lncRNA	0	0	0	0.0000	0.0000	0.0000
ENSG00000286911.1	AC009533.3	lncRNA	0	0	0	0.0000	0.0000	0.0000
ENSG00000286912.1	AC006008.1	lncRNA	51	25	26	2.5986	0.6444	0.6968
ENSG00000286913.1	AC092943.2	lncRNA	2	1	1	0.0821	0.0204	0.0220
ENSG00000286914.1	AL365214.3	lncRNA	0	0	0	0.0000	0.0000	0.0000
ENSG00000286915.1	AC096992.3	lncRNA	0	0	0	0.0000	0.0000	0.0000
ENSG00000286916.1	ABBA01045074.1	processed_pseudogene	0	0	0	0.0000	0.0000	0.0000
ENSG00000286917.1	AC022308.1	lncRNA	0	0	0	0.0000	0.0000	0.0000
ENSG00000286918.1	AL035411.3	lncRNA	17	10	7	0.5383	0.1335	0.1443
ENSG00000286919.1	AC133681.1	lncRNA	1	0	1	0.0422	0.0105	0.0113
ENSG00000286920.2	SMIM40	protein_coding	0	0	0	0.0000	0.0000	0.0000
ENSG00000286921.1	AC004522.4	lncRNA	1	1	1	0.0650	0.0161	0.0174
ENSG00000286922.1	AC068787.2	lncRNA	0	0	0	0.0000	0.0000	0.0000
ENSG00000286923.1	AC004522.5	lncRNA	27	11	16	2.3341	0.5788	0.6258
ENSG00000286924.1	AL139815.1	lncRNA	5	2	3	0.1198	0.0297	0.0321
ENSG00000286926.1	AP002505.3	lncRNA	0	0	0	0.0000	0.0000	0.0000
ENSG00000286927.1	AC103955.1	lncRNA	0	0	0	0.0000	0.0000	0.0000
ENSG00000286928.1	AC012325.1	lncRNA	1	1	0	0.0277	0.0069	0.0074
ENSG00000286929.1	AL138954.1	lncRNA	0	0	0	0.0000	0.0000	0.0000
ENSG00000286931.1	AL136419.3	lncRNA	29	20	9	0.5941	0.1473	0.1593
ENSG00000286932.1	AC013716.1	lncRNA	0	0	0	0.0000	0.0000	0.0000
ENSG00000286933.1	AL022170.1	lncRNA	2	1	1	0.0396	0.0098	0.0106
ENSG00000286934.1	AC027251.1	lncRNA	1	0	1	0.0098	0.0024	0.0026
ENSG00000286935.1	AC079296.2	lncRNA	27	756	667	1.4765	0.3662	0.3959
ENSG00000286936.1	AL023913.1	lncRNA	0	0	0	0.0000	0.0000	0.0000
ENSG00000286937.1	AC055788.1	lncRNA	1	1	0	0.0303	0.0075	0.0081
ENSG00000286938.1	AC092849.2	lncRNA	10	3	7	0.6808	0.1688	0.1825
ENSG00000286939.1	U82671.1	lncRNA	1	0	1	0.0386	0.0096	0.0104
ENSG00000286940.1	MICB-DT	lncRNA	53	28	41	1.4534	0.3604	0.3897
ENSG00000286941.1	AC244250.4	lncRNA	0	0	0	0.0000	0.0000	0.0000
ENSG00000286942.1	AC017104.5	lncRNA	2	2	0	0.0563	0.0140	0.0151
ENSG00000286943.1	AP001992.2	lncRNA	3	33	30	0.0380	0.0094	0.0102
ENSG00000286944.1	AL137018.1	lncRNA	0	0	0	0.0000	0.0000	0.0000
ENSG00000286945.1	AL513478.4	lncRNA	0	0	0	0.0000	0.0000	0.0000
ENSG00000286946.1	AC024996.1	lncRNA	0	0	0	0.0000	0.0000	0.0000
ENSG00000286947.1	AC022467.2	lncRNA	0	0	0	0.0000	0.0000	0.0000
ENSG00000286948.1	AP000867.5	lncRNA	3	1	2	0.4779	0.1185	0.1281
ENSG00000286949.1	AC008969.2	lncRNA	1	1	0	0.0507	0.0126	0.0136
ENSG00000286950.1	AC087588.2	lncRNA	1	87	92	0.0594	0.0147	0.0159
ENSG00000286951.1	AL356113.1	lncRNA	4	3	1	0.0834	0.0207	0.0224
ENSG00000286952.1	AC093928.1	lncRNA	14	7	7	0.3212	0.0796	0.0861
ENSG00000286953.1	AC122697.1	lncRNA	0	0	0	0.0000	0.0000	0.0000
ENSG00000286954.1	AL033539.2	lncRNA	0	0	0	0.0000	0.0000	0.0000
ENSG00000286955.1	AC100858.3	lncRNA	0	0	0	0.0000	0.0000	0.0000
ENSG00000286956.1	AC117435.1	lncRNA	0	0	0	0.0000	0.0000	0.0000
ENSG00000286957.1	AC079776.5	lncRNA	2	1	1	0.0373	0.0093	0.0100
ENSG00000286958.1	AL365215.2	lncRNA	0	0	0	0.0000	0.0000	0.0000
ENSG00000286959.1	AC104383.1	lncRNA	0	0	0	0.0000	0.0000	0.0000
ENSG00000286960.1	AC009869.1	lncRNA	0	0	0	0.0000	0.0000	0.0000
ENSG00000286961.1	AC091938.1	lncRNA	0	0	0	0.0000	0.0000	0.0000
ENSG00000286962.1	AC027128.1	lncRNA	6	5	1	0.2228	0.0553	0.0597
ENSG00000286963.1	AC074096.1	lncRNA	0	0	0	0.0000	0.0000	0.0000
ENSG00000286964.1	AL136169.1	lncRNA	129	65	64	3.2850	0.8146	0.8808
ENSG00000286965.1	AC108066.2	lncRNA	0	0	0	0.0000	0.0000	0.0000
ENSG00000286966.1	AL137800.1	lncRNA	0	0	0	0.0000	0.0000	0.0000
ENSG00000286967.1	AC104167.1	lncRNA	0	0	0	0.0000	0.0000	0.0000
ENSG00000286968.1	FP325313.2	unprocessed_pseudogene	0	0	0	0.0000	0.0000	0.0000
ENSG00000286969.1	AC087369.2	lncRNA	0	0	0	0.0000	0.0000	0.0000
ENSG00000286970.1	AC010491.2	lncRNA	6	1	5	0.0723	0.0179	0.0194
ENSG00000286971.1	AC012508.3	lncRNA	0	0	0	0.0000	0.0000	0.0000
ENSG00000286972.1	AL035665.2	lncRNA	0	0	0	0.0000	0.0000	0.0000
ENSG00000286973.1	AC087490.1	lncRNA	0	0	0	0.0000	0.0000	0.0000
ENSG00000286974.1	AL662884.5	lncRNA	13	10	3	0.2967	0.0736	0.0795
ENSG00000286975.1	AP005136.4	lncRNA	7	3	4	0.2349	0.0583	0.0630
ENSG00000286976.1	AC084335.1	lncRNA	0	0	0	0.0000	0.0000	0.0000
ENSG00000286977.1	Z83745.1	lncRNA	56	19	37	1.6007	0.3970	0.4292
ENSG00000286978.1	AC107067.1	lncRNA	0	0	0	0.0000	0.0000	0.0000
ENSG00000286979.1	AC005234.2	lncRNA	0	0	0	0.0000	0.0000	0.0000
ENSG00000286980.1	AC020584.1	lncRNA	0	0	0	0.0000	0.0000	0.0000
ENSG00000286981.1	AL731553.1	lncRNA	2	2	0	0.1179	0.0292	0.0316
ENSG00000286982.1	AC016931.1	lncRNA	0	0	0	0.0000	0.0000	0.0000
ENSG00000286983.1	AC109635.5	lncRNA	0	0	0	0.0000	0.0000	0.0000
ENSG00000286984.1	AC090578.3	lncRNA	1	0	1	0.0229	0.0057	0.0061
ENSG00000286985.1	AC022239.2	lncRNA	0	0	0	0.0000	0.0000	0.0000
ENSG00000286986.1	AC026736.1	lncRNA	0	0	0	0.0000	0.0000	0.0000
ENSG00000286987.1	AC006478.1	lncRNA	0	0	0	0.0000	0.0000	0.0000
ENSG00000286988.1	AC024933.2	lncRNA	0	0	0	0.0000	0.0000	0.0000
ENSG00000286989.1	AL691432.4	lncRNA	119	61	58	3.6877	0.9145	0.9888
ENSG00000286990.1	AC016026.2	lncRNA	3	1	2	0.1717	0.0426	0.0460
ENSG00000286991.1	AC012157.3	lncRNA	0	0	0	0.0000	0.0000	0.0000
ENSG00000286992.1	AP001360.3	lncRNA	0	0	1	0.0000	0.0000	0.0000
ENSG00000286993.1	AC035139.2	lncRNA	1	1	0	0.0373	0.0093	0.0100
ENSG00000286994.1	AC069243.1	lncRNA	0	0	0	0.0000	0.0000	0.0000
ENSG00000286995.1	AC092448.1	lncRNA	0	0	0	0.0000	0.0000	0.0000
ENSG00000286996.1	AC099332.2	lncRNA	16	7	9	0.7959	0.1974	0.2134
ENSG00000286997.1	AC005856.1	lncRNA	8	3	5	0.1075	0.0267	0.0288
ENSG00000286998.1	AC103974.2	lncRNA	0	0	0	0.0000	0.0000	0.0000
ENSG00000286999.1	AL121581.3	lncRNA	2	120	120	0.0300	0.0075	0.0081
ENSG00000287000.1	AC024651.3	lncRNA	0	0	0	0.0000	0.0000	0.0000
ENSG00000287001.1	AC010624.5	lncRNA	3	2	1	0.1855	0.0460	0.0497
ENSG00000287002.1	AL589644.1	unprocessed_pseudogene	2	1	1	0.9221	0.2287	0.2472
ENSG00000287003.1	AC008674.1	lncRNA	72	39	33	1.6978	0.4210	0.4552
ENSG00000287004.1	AC007686.5	lncRNA	0	0	0	0.0000	0.0000	0.0000
ENSG00000287005.1	AC090018.2	lncRNA	5	5	1	0.1705	0.0423	0.0457
ENSG00000287006.1	AP003100.3	lncRNA	0	0	0	0.0000	0.0000	0.0000
ENSG00000287007.1	AC087683.3	lncRNA	0	0	0	0.0000	0.0000	0.0000
ENSG00000287008.1	AC099563.2	lncRNA	0	0	0	0.0000	0.0000	0.0000
ENSG00000287009.1	AC021037.1	lncRNA	13	10	17	0.5002	0.1240	0.1341
ENSG00000287010.1	AC130467.1	lncRNA	0	0	0	0.0000	0.0000	0.0000
ENSG00000287011.1	AC003077.1	lncRNA	2	56	48	0.0274	0.0068	0.0074
ENSG00000287012.1	AC108667.2	lncRNA	0	2	1	0.0000	0.0000	0.0000
ENSG00000287014.1	AC087883.2	lncRNA	1	0	1	0.0429	0.0106	0.0115
ENSG00000287015.1	AL161797.1	lncRNA	0	0	0	0.0000	0.0000	0.0000
ENSG00000287016.1	AC010996.1	lncRNA	84	40	44	4.4603	1.1061	1.1960
ENSG00000287017.1	AL591022.1	lncRNA	0	0	0	0.0000	0.0000	0.0000
ENSG00000287018.1	AL161717.1	lncRNA	2	1	1	0.0486	0.0121	0.0130
ENSG00000287019.1	AC095038.5	lncRNA	0	0	0	0.0000	0.0000	0.0000
ENSG00000287020.1	AC091074.3	lncRNA	0	0	0	0.0000	0.0000	0.0000
ENSG00000287021.1	AC097462.3	lncRNA	1	0	1	0.0144	0.0036	0.0039
ENSG00000287022.1	AC079841.2	lncRNA	1	1	0	0.0277	0.0069	0.0074
ENSG00000287023.1	AC018978.1	lncRNA	3	2	1	0.1442	0.0358	0.0387
ENSG00000287024.1	AL022162.1	lncRNA	32	14	18	5.1701	1.2821	1.3863
ENSG00000287025.1	AC079117.1	lncRNA	0	0	0	0.0000	0.0000	0.0000
ENSG00000287026.1	AC068616.2	lncRNA	0	0	0	0.0000	0.0000	0.0000
ENSG00000287027.1	AC004464.1	lncRNA	0	0	0	0.0000	0.0000	0.0000
ENSG00000287028.1	AP003973.3	lncRNA	0	6	8	0.0000	0.0000	0.0000
ENSG00000287029.1	AL162713.2	lncRNA	10	5	6	0.1449	0.0359	0.0388
ENSG00000287030.1	AC107032.3	lncRNA	0	0	1	0.0000	0.0000	0.0000
ENSG00000287031.1	AC093307.1	lncRNA	3	2	1	0.0707	0.0175	0.0189
ENSG00000287032.1	AC018647.3	lncRNA	9	6	3	0.1898	0.0471	0.0509
ENSG00000287033.1	AL590101.1	lncRNA	13	9	4	1.2246	0.3037	0.3284
ENSG00000287034.1	AL050402.2	lncRNA	1	0	1	0.0662	0.0164	0.0178
ENSG00000287035.1	AC138470.2	lncRNA	2	1	1	0.1418	0.0352	0.0380
ENSG00000287036.1	AC018802.1	lncRNA	0	0	0	0.0000	0.0000	0.0000
ENSG00000287037.1	AC097709.1	lncRNA	0	2	0	0.0000	0.0000	0.0000
ENSG00000287038.1	AL162388.2	lncRNA	0	0	0	0.0000	0.0000	0.0000
ENSG00000287039.1	AC006478.2	lncRNA	0	0	0	0.0000	0.0000	0.0000
ENSG00000287040.1	AL590560.5	lncRNA	2	1	1	0.1153	0.0286	0.0309
ENSG00000287041.1	AC079354.2	lncRNA	0	0	0	0.0000	0.0000	0.0000
ENSG00000287042.1	AC090945.1	lncRNA	3	2	1	0.2176	0.0540	0.0583
ENSG00000287043.1	AL392083.2	lncRNA	0	0	0	0.0000	0.0000	0.0000
ENSG00000287044.1	AL139106.1	lncRNA	2	1	1	0.0269	0.0067	0.0072
ENSG00000287045.1	AC072028.1	lncRNA	3	89	93	0.0436	0.0108	0.0117
ENSG00000287046.1	AC092810.3	lncRNA	0	0	0	0.0000	0.0000	0.0000
ENSG00000287047.1	AL133395.1	lncRNA	0	0	0	0.0000	0.0000	0.0000
ENSG00000287048.1	AC096589.2	lncRNA	14	9	5	0.4889	0.1212	0.1311
ENSG00000287049.1	AC124862.1	lncRNA	1	3	3	0.0678	0.0168	0.0182
ENSG00000287050.1	AL021917.1	lncRNA	3	2	1	0.2393	0.0593	0.0642
ENSG00000287051.1	AC121757.2	lncRNA	5	7	5	0.1726	0.0428	0.0463
ENSG00000287052.1	AC016240.1	lncRNA	1	1	0	0.0280	0.0069	0.0075
ENSG00000287053.1	AC107302.2	lncRNA	0	0	0	0.0000	0.0000	0.0000
ENSG00000287054.1	AC113410.5	lncRNA	4	2	2	0.1115	0.0277	0.0299
ENSG00000287055.1	AL359813.1	lncRNA	2	1	1	0.0697	0.0173	0.0187
ENSG00000287056.1	AL606970.5	lncRNA	0	0	0	0.0000	0.0000	0.0000
ENSG00000287057.1	AL358787.1	lncRNA	0	0	0	0.0000	0.0000	0.0000
ENSG00000287058.1	AC026271.4	lncRNA	0	0	0	0.0000	0.0000	0.0000
ENSG00000287059.1	AC090004.2	lncRNA	0	0	0	0.0000	0.0000	0.0000
ENSG00000287060.1	AC021220.2	lncRNA	0	0	0	0.0000	0.0000	0.0000
ENSG00000287061.1	AC124248.2	lncRNA	2	25	20	0.0632	0.0157	0.0170
ENSG00000287062.1	AL121582.1	lncRNA	0	0	0	0.0000	0.0000	0.0000
ENSG00000287063.1	AL356489.3	lncRNA	3	0	3	0.0537	0.0133	0.0144
ENSG00000287064.1	AL606500.1	lncRNA	24	5	19	1.1120	0.2758	0.2982
ENSG00000287065.1	AP005209.2	lncRNA	0	0	0	0.0000	0.0000	0.0000
ENSG00000287066.1	AP000962.3	lncRNA	0	0	0	0.0000	0.0000	0.0000
ENSG00000287067.1	AC106791.3	transcribed_processed_pseudogene	18	11	7	0.3382	0.0839	0.0907
ENSG00000287068.1	AP004606.1	lncRNA	0	0	0	0.0000	0.0000	0.0000
ENSG00000287069.1	AC061958.1	lncRNA	4	2	3	0.0692	0.0172	0.0185
ENSG00000287070.1	AL499604.1	lncRNA	3	2	1	0.2874	0.0713	0.0771
ENSG00000287071.1	CDRT15P4	transcribed_unprocessed_pseudogene	25	12	13	1.0112	0.2508	0.2711
ENSG00000287072.1	AC021134.2	lncRNA	0	0	0	0.0000	0.0000	0.0000
ENSG00000287073.1	AC106706.2	lncRNA	0	0	0	0.0000	0.0000	0.0000
ENSG00000287074.1	AC137561.1	lncRNA	19	11	8	1.2935	0.3208	0.3468
ENSG00000287075.1	AC126468.1	lncRNA	0	0	0	0.0000	0.0000	0.0000
ENSG00000287076.1	AC092805.1	lncRNA	0	0	0	0.0000	0.0000	0.0000
ENSG00000287077.1	AL157893.2	lncRNA	53	33	41	2.1286	0.5279	0.5708
ENSG00000287078.1	AL513218.2	lncRNA	6	2	4	0.3624	0.0899	0.0972
ENSG00000287079.1	AL109806.2	lncRNA	5	3	2	0.1261	0.0313	0.0338
ENSG00000287080.2	H3C3	protein_coding	2	0	2	0.2334	0.0579	0.0626
ENSG00000287081.1	AC104656.1	lncRNA	0	0	0	0.0000	0.0000	0.0000
ENSG00000287082.1	AP001042.3	lncRNA	0	0	0	0.0000	0.0000	0.0000
ENSG00000287083.1	AC108169.1	lncRNA	0	0	0	0.0000	0.0000	0.0000
ENSG00000287084.1	AL355337.1	lncRNA	0	0	0	0.0000	0.0000	0.0000
ENSG00000287085.1	AC012066.1	lncRNA	0	0	0	0.0000	0.0000	0.0000
ENSG00000287086.1	AC034193.1	lncRNA	0	1094	993	0.0000	0.0000	0.0000
ENSG00000287087.1	AC025175.2	lncRNA	0	0	0	0.0000	0.0000	0.0000
ENSG00000287088.1	AP001066.1	lncRNA	0	0	0	0.0000	0.0000	0.0000
ENSG00000287089.1	AL138889.3	lncRNA	2	0	2	0.0505	0.0125	0.0135
ENSG00000287090.1	AC116345.4	lncRNA	0	0	0	0.0000	0.0000	0.0000
ENSG00000287091.1	AC009961.3	lncRNA	20	12	8	1.5003	0.3721	0.4023
ENSG00000287092.1	AL589693.1	lncRNA	3	2	1	0.1157	0.0287	0.0310
ENSG00000287093.1	AC003093.1	lncRNA	0	0	0	0.0000	0.0000	0.0000
ENSG00000287094.1	AL049552.2	lncRNA	2	0	2	0.1584	0.0393	0.0425
ENSG00000287095.1	AF228727.1	lncRNA	0	12	12	0.0000	0.0000	0.0000
ENSG00000287096.1	AC005165.3	lncRNA	0	0	0	0.0000	0.0000	0.0000
ENSG00000287097.1	AL590550.1	lncRNA	2	0	2	0.1266	0.0314	0.0339
ENSG00000287098.1	AC092473.2	lncRNA	0	0	0	0.0000	0.0000	0.0000
ENSG00000287099.1	AL121750.1	lncRNA	0	0	0	0.0000	0.0000	0.0000
ENSG00000287100.1	AL078600.1	lncRNA	15	8	7	0.5563	0.1380	0.1492
ENSG00000287101.1	AC093772.2	lncRNA	3	2	1	0.0853	0.0212	0.0229
ENSG00000287102.1	AL356361.3	lncRNA	0	0	0	0.0000	0.0000	0.0000
ENSG00000287103.1	AL512638.3	lncRNA	0	0	0	0.0000	0.0000	0.0000
ENSG00000287104.1	AC097382.3	lncRNA	208	97	111	10.6172	2.6330	2.8468
ENSG00000287105.1	AC090577.1	lncRNA	0	0	0	0.0000	0.0000	0.0000
ENSG00000287106.1	AC106743.1	lncRNA	0	0	0	0.0000	0.0000	0.0000
ENSG00000287107.1	AL136102.1	lncRNA	0	0	0	0.0000	0.0000	0.0000
ENSG00000287108.1	AC023302.2	lncRNA	5	3	2	0.1207	0.0299	0.0324
ENSG00000287109.1	AP000224.1	lncRNA	1	0	1	0.0158	0.0039	0.0042
ENSG00000287110.1	AC112484.5	lncRNA	62	32	30	1.2931	0.3207	0.3467
ENSG00000287111.1	AL117187.2	unprocessed_pseudogene	0	0	0	0.0000	0.0000	0.0000
ENSG00000287112.1	AC068787.3	lncRNA	0	0	0	0.0000	0.0000	0.0000
ENSG00000287113.1	AL139289.2	lncRNA	2	1	1	0.2036	0.0505	0.0546
ENSG00000287114.1	AC104024.3	lncRNA	0	1	1	0.0000	0.0000	0.0000
ENSG00000287115.1	AC009951.6	lncRNA	6	3	3	0.6278	0.1557	0.1683
ENSG00000287116.1	AC104335.2	lncRNA	7	4	3	0.6572	0.1630	0.1762
ENSG00000287117.1	AC105916.1	lncRNA	8	5	3	0.3035	0.0753	0.0814
ENSG00000287118.1	AC008056.3	lncRNA	0	0	0	0.0000	0.0000	0.0000
ENSG00000287119.1	AC092580.4	lncRNA	0	0	0	0.0000	0.0000	0.0000
ENSG00000287120.1	AL138773.1	lncRNA	5	3	2	0.0884	0.0219	0.0237
ENSG00000287121.1	AC007220.2	lncRNA	0	0	0	0.0000	0.0000	0.0000
ENSG00000287122.1	AC026495.2	lncRNA	0	0	0	0.0000	0.0000	0.0000
ENSG00000287123.1	AC007880.1	lncRNA	0	0	0	0.0000	0.0000	0.0000
ENSG00000287124.1	AL512603.2	lncRNA	3	0	3	0.3297	0.0818	0.0884
ENSG00000287125.1	AC018695.9	lncRNA	33	51	58	0.9381	0.2326	0.2515
ENSG00000287126.1	AC108488.3	lncRNA	87	43	44	1.3335	0.3307	0.3575
ENSG00000287127.1	AC009879.4	lncRNA	3	1	2	0.1722	0.0427	0.0462
ENSG00000287128.1	AL445238.2	lncRNA	0	0	0	0.0000	0.0000	0.0000
ENSG00000287129.1	AC097500.1	lncRNA	4	3	1	0.3222	0.0799	0.0864
ENSG00000287130.1	AC068616.3	lncRNA	0	0	0	0.0000	0.0000	0.0000
ENSG00000287131.1	AC096970.1	lncRNA	0	0	0	0.0000	0.0000	0.0000
ENSG00000287132.1	AC092881.2	lncRNA	0	41	42	0.0000	0.0000	0.0000
ENSG00000287133.1	AC007279.1	lncRNA	6	14	9	0.1456	0.0361	0.0390
ENSG00000287134.1	AC106845.1	lncRNA	32	18	14	0.3270	0.0811	0.0877
ENSG00000287135.1	AC010884.1	lncRNA	0	0	1	0.0000	0.0000	0.0000
ENSG00000287136.1	AC073578.5	lncRNA	0	0	0	0.0000	0.0000	0.0000
ENSG00000287137.1	AL391538.1	lncRNA	0	0	0	0.0000	0.0000	0.0000
ENSG00000287138.1	AL022726.1	lncRNA	0	0	0	0.0000	0.0000	0.0000
ENSG00000287139.1	AL513317.1	lncRNA	0	0	0	0.0000	0.0000	0.0000
ENSG00000287140.1	AC066595.2	lncRNA	0	0	0	0.0000	0.0000	0.0000
ENSG00000287141.1	AC093675.2	lncRNA	5	1	4	0.1737	0.0431	0.0466
ENSG00000287142.1	AL355053.1	lncRNA	2	1	1	0.1017	0.0252	0.0273
ENSG00000287143.1	AC117480.1	lncRNA	0	0	0	0.0000	0.0000	0.0000
ENSG00000287144.1	AC097511.1	lncRNA	0	0	0	0.0000	0.0000	0.0000
ENSG00000287145.1	AC009413.1	lncRNA	2	1	1	0.0502	0.0124	0.0135
ENSG00000287146.1	AC000085.1	lncRNA	3	2	1	0.1965	0.0487	0.0527
ENSG00000287147.1	AC023468.1	lncRNA	0	0	0	0.0000	0.0000	0.0000
ENSG00000287148.1	LINCADL	lncRNA	0	0	0	0.0000	0.0000	0.0000
ENSG00000287149.1	AC092640.1	lncRNA	1	0	1	0.0215	0.0053	0.0058
ENSG00000287150.1	AL139340.1	lncRNA	0	0	0	0.0000	0.0000	0.0000
ENSG00000287151.1	C2orf27A	lncRNA	628	313	323	5.0231	1.2457	1.3469
ENSG00000287152.1	AC099685.1	lncRNA	0	0	0	0.0000	0.0000	0.0000
ENSG00000287153.1	AL161851.1	lncRNA	0	0	0	0.0000	0.0000	0.0000
ENSG00000287154.1	AC005599.1	lncRNA	0	0	0	0.0000	0.0000	0.0000
ENSG00000287155.1	AC022215.2	lncRNA	2	1	1	0.2215	0.0549	0.0594
ENSG00000287156.1	AL138479.2	lncRNA	9	12	5	0.2512	0.0623	0.0673
ENSG00000287157.1	AL034351.3	lncRNA	1	1	0	0.0384	0.0095	0.0103
ENSG00000287158.1	AC117464.1	lncRNA	0	0	0	0.0000	0.0000	0.0000
ENSG00000287159.1	AL356737.2	lncRNA	0	0	0	0.0000	0.0000	0.0000
ENSG00000287160.1	Z82195.3	lncRNA	0	0	0	0.0000	0.0000	0.0000
ENSG00000287161.1	AC093519.2	lncRNA	0	0	0	0.0000	0.0000	0.0000
ENSG00000287162.1	AC108482.2	lncRNA	0	0	0	0.0000	0.0000	0.0000
ENSG00000287163.1	AC018558.6	lncRNA	0	0	0	0.0000	0.0000	0.0000
ENSG00000287164.1	AC112254.1	lncRNA	0	0	0	0.0000	0.0000	0.0000
ENSG00000287165.1	AL078621.2	lncRNA	4	2	2	0.4629	0.1148	0.1241
ENSG00000287166.1	AC104561.4	lncRNA	2	2	2	0.0744	0.0184	0.0199
ENSG00000287167.1	AL133313.1	lncRNA	0	0	0	0.0000	0.0000	0.0000
ENSG00000287168.1	AL512625.3	lncRNA	41	34	30	2.8252	0.7006	0.7575
ENSG00000287169.1	AC107050.1	lncRNA	0	0	0	0.0000	0.0000	0.0000
ENSG00000287170.1	AC010327.8	lncRNA	15	11	4	0.2575	0.0638	0.0690
ENSG00000287171.1	AC006062.1	lncRNA	9	4	5	0.1252	0.0311	0.0336
ENSG00000287172.1	AC073091.1	lncRNA	0	0	0	0.0000	0.0000	0.0000
ENSG00000287173.1	AL356157.3	lncRNA	1	1	0	0.0341	0.0085	0.0091
ENSG00000287174.1	AC092596.1	lncRNA	0	0	0	0.0000	0.0000	0.0000
ENSG00000287175.1	AL513303.1	lncRNA	27	16	11	1.4047	0.3484	0.3767
ENSG00000287176.1	AC099517.1	lncRNA	0	0	0	0.0000	0.0000	0.0000
ENSG00000287177.1	AL583825.1	lncRNA	0	0	0	0.0000	0.0000	0.0000
ENSG00000287178.1	AC026320.3	lncRNA	0	0	0	0.0000	0.0000	0.0000
ENSG00000287179.1	AC008558.1	lncRNA	0	0	0	0.0000	0.0000	0.0000
ENSG00000287180.1	AC106818.2	lncRNA	2	0	2	0.0570	0.0141	0.0153
ENSG00000287181.1	AC107067.2	lncRNA	1	1	0	0.0325	0.0081	0.0087
ENSG00000287182.1	AC131953.2	lncRNA	0	50	43	0.0000	0.0000	0.0000
ENSG00000287183.1	AC093824.2	lncRNA	0	0	0	0.0000	0.0000	0.0000
ENSG00000287184.1	AC007269.1	lncRNA	0	0	0	0.0000	0.0000	0.0000
ENSG00000287185.1	AC041005.1	lncRNA	8	3	5	0.1270	0.0315	0.0341
ENSG00000287186.1	AC073326.2	lncRNA	0	0	0	0.0000	0.0000	0.0000
ENSG00000287187.1	AL449403.3	lncRNA	0	0	0	0.0000	0.0000	0.0000
ENSG00000287188.1	AC068989.1	lncRNA	48	26	22	1.0284	0.2550	0.2757
ENSG00000287189.1	AL121956.7	lncRNA	1	1	0	0.0201	0.0050	0.0054
ENSG00000287190.1	AC239799.2	lncRNA	2	0	2	0.0629	0.0156	0.0169
ENSG00000287191.1	AC055807.1	lncRNA	1	0	1	0.0753	0.0187	0.0202
ENSG00000287192.1	AL031005.2	lncRNA	2	0	2	0.1021	0.0253	0.0274
ENSG00000287193.1	AC132938.6	lncRNA	16	8	8	0.6964	0.1727	0.1867
ENSG00000287194.1	AC025287.5	unprocessed_pseudogene	0	0	0	0.0000	0.0000	0.0000
ENSG00000287195.1	AC131568.1	lncRNA	12	8	4	0.3339	0.0828	0.0895
ENSG00000287196.1	AC004448.5	lncRNA	0	0	0	0.0000	0.0000	0.0000
ENSG00000287197.1	AC096675.1	lncRNA	0	0	0	0.0000	0.0000	0.0000
ENSG00000287198.1	AC092979.2	lncRNA	0	0	0	0.0000	0.0000	0.0000
ENSG00000287199.1	AC010387.2	lncRNA	0	0	0	0.0000	0.0000	0.0000
ENSG00000287200.1	AC022506.2	lncRNA	3	3	2	0.0833	0.0207	0.0223
ENSG00000287201.1	AC009682.1	lncRNA	0	0	0	0.0000	0.0000	0.0000
ENSG00000287202.1	AC008119.1	lncRNA	25	456	422	0.5937	0.1472	0.1592
ENSG00000287203.1	AC005592.2	lncRNA	0	0	0	0.0000	0.0000	0.0000
ENSG00000287204.1	AC090816.1	lncRNA	0	0	0	0.0000	0.0000	0.0000
ENSG00000287205.1	AL451054.4	lncRNA	8	3	5	0.4771	0.1183	0.1279
ENSG00000287206.1	AC069421.3	lncRNA	0	0	0	0.0000	0.0000	0.0000
ENSG00000287207.1	AC096861.2	lncRNA	12	3	9	0.5354	0.1328	0.1436
ENSG00000287208.1	AP000428.1	lncRNA	0	0	0	0.0000	0.0000	0.0000
ENSG00000287209.1	AC100779.1	lncRNA	0	0	0	0.0000	0.0000	0.0000
ENSG00000287210.1	AC074254.2	lncRNA	0	0	0	0.0000	0.0000	0.0000
ENSG00000287211.1	AL121904.2	lncRNA	0	0	0	0.0000	0.0000	0.0000
ENSG00000287212.1	AL162585.1	lncRNA	3	2	1	0.2201	0.0546	0.0590
ENSG00000287213.1	AL121899.3	lncRNA	1	1	0	0.0607	0.0151	0.0163
ENSG00000287214.1	AC021321.2	lncRNA	10	7	3	0.4794	0.1189	0.1285
ENSG00000287215.1	AC231759.2	lncRNA	0	0	0	0.0000	0.0000	0.0000
ENSG00000287216.1	AC106865.2	lncRNA	2	74	77	0.1024	0.0254	0.0274
ENSG00000287217.1	AL355538.1	lncRNA	0	0	0	0.0000	0.0000	0.0000
ENSG00000287218.1	AL359962.3	lncRNA	2	3	7	0.0585	0.0145	0.0157
ENSG00000287219.1	AL021707.9	lncRNA	3	20	12	0.3508	0.0870	0.0941
ENSG00000287220.1	AL590138.1	lncRNA	0	0	0	0.0000	0.0000	0.0000
ENSG00000287221.1	AL589794.2	lncRNA	1	1	0	0.0425	0.0106	0.0114
ENSG00000287222.1	AC234917.3	lncRNA	360	170	190	7.6349	1.8934	2.0472
ENSG00000287223.1	Z94277.1	lncRNA	6	1	5	0.0883	0.0219	0.0237
ENSG00000287224.1	AC099791.4	lncRNA	7	5	2	0.2803	0.0695	0.0752
ENSG00000287225.1	Z84468.2	lncRNA	1	0	1	0.0226	0.0056	0.0061
ENSG00000287226.1	AC084740.1	lncRNA	1	0	1	0.0403	0.0100	0.0108
ENSG00000287227.1	AC021698.1	lncRNA	0	0	0	0.0000	0.0000	0.0000
ENSG00000287229.1	AC009731.1	lncRNA	0	0	0	0.0000	0.0000	0.0000
ENSG00000287230.1	AC120194.1	lncRNA	0	0	0	0.0000	0.0000	0.0000
ENSG00000287231.1	AL136119.1	lncRNA	0	0	0	0.0000	0.0000	0.0000
ENSG00000287232.1	AC079848.2	lncRNA	10	5	5	0.1485	0.0368	0.0398
ENSG00000287233.1	AL359552.1	lncRNA	0	0	0	0.0000	0.0000	0.0000
ENSG00000287234.1	AL592211.2	lncRNA	9	4	5	1.2418	0.3080	0.3330
ENSG00000287235.1	AL732437.2	lncRNA	2	1	1	0.0481	0.0119	0.0129
ENSG00000287236.1	Z73420.1	lncRNA	30	12	18	1.4692	0.3643	0.3939
ENSG00000287237.1	AC073655.3	lncRNA	2	154	161	0.1783	0.0442	0.0478
ENSG00000287238.1	AP002954.2	lncRNA	1	1	0	0.0441	0.0109	0.0118
ENSG00000287239.1	AC105445.1	lncRNA	0	0	0	0.0000	0.0000	0.0000
ENSG00000287240.1	AC122688.5	lncRNA	0	0	0	0.0000	0.0000	0.0000
ENSG00000287241.1	AL359511.3	lncRNA	0	0	0	0.0000	0.0000	0.0000
ENSG00000287242.1	AC073593.2	lncRNA	11	750	732	0.2705	0.0671	0.0725
ENSG00000287243.2	THCAT155	lncRNA	0	0	0	0.0000	0.0000	0.0000
ENSG00000287244.1	AL020997.5	lncRNA	0	0	0	0.0000	0.0000	0.0000
ENSG00000287245.1	AP001981.2	lncRNA	1	1	0	0.0153	0.0038	0.0041
ENSG00000287246.1	AC022535.3	lncRNA	0	0	0	0.0000	0.0000	0.0000
ENSG00000287247.1	AL450423.2	lncRNA	0	0	0	0.0000	0.0000	0.0000
ENSG00000287248.1	AC009271.2	lncRNA	2	1	3	0.0516	0.0128	0.0138
ENSG00000287249.1	AC005400.1	lncRNA	3	1	3	0.1978	0.0491	0.0530
ENSG00000287250.1	AC073046.4	lncRNA	15	9	6	0.7371	0.1828	0.1976
ENSG00000287251.1	AP003062.2	lncRNA	1	0	1	0.0244	0.0061	0.0065
ENSG00000287252.1	AL009179.1	lncRNA	7	3	4	0.1443	0.0358	0.0387
ENSG00000287253.1	Z98880.1	lncRNA	0	0	0	0.0000	0.0000	0.0000
ENSG00000287254.1	AC011509.3	lncRNA	2	1	1	0.1074	0.0266	0.0288
ENSG00000287255.1	AC007877.1	lncRNA	7	2	5	0.4975	0.1234	0.1334
ENSG00000287256.1	AC137494.1	lncRNA	0	0	0	0.0000	0.0000	0.0000
ENSG00000287257.1	AC111182.2	lncRNA	0	1	0	0.0000	0.0000	0.0000
ENSG00000287258.1	AL512283.2	lncRNA	12	6	6	0.2666	0.0661	0.0715
ENSG00000287259.1	AL359732.1	lncRNA	2	1	1	0.0746	0.0185	0.0200
ENSG00000287260.1	AL357075.3	lncRNA	10	3	7	0.4885	0.1211	0.1310
ENSG00000287261.1	AL139243.1	lncRNA	18	9	12	0.9648	0.2393	0.2587
ENSG00000287262.1	AC021148.2	lncRNA	177	84	93	3.8152	0.9461	1.0230
ENSG00000287263.1	AC008875.3	lncRNA	232	105	127	2.9466	0.7307	0.7901
ENSG00000287264.1	AP003778.1	lncRNA	4	2	2	0.1995	0.0495	0.0535
ENSG00000287265.1	AL365272.1	lncRNA	9	9	4	0.1465	0.0363	0.0393
ENSG00000287266.1	AL359813.2	lncRNA	0	0	0	0.0000	0.0000	0.0000
ENSG00000287267.1	AC026523.3	lncRNA	0	0	0	0.0000	0.0000	0.0000
ENSG00000287268.1	AL050350.1	lncRNA	0	0	0	0.0000	0.0000	0.0000
ENSG00000287269.1	Z82215.1	lncRNA	2	1	3	0.1133	0.0281	0.0304
ENSG00000287270.1	AL137140.1	lncRNA	0	0	0	0.0000	0.0000	0.0000
ENSG00000287271.1	AC011455.8	lncRNA	91	64	53	2.6892	0.6669	0.7211
ENSG00000287272.1	AC007786.4	lncRNA	0	0	0	0.0000	0.0000	0.0000
ENSG00000287273.1	AC132660.2	lncRNA	0	0	0	0.0000	0.0000	0.0000
ENSG00000287274.1	AL627232.1	lncRNA	1	1	0	0.0453	0.0112	0.0121
ENSG00000287275.1	AC011451.4	lncRNA	3	0	3	0.0658	0.0163	0.0177
ENSG00000287276.1	BX664718.2	transcribed_unprocessed_pseudogene	1	0	1	0.0107	0.0026	0.0029
ENSG00000287277.1	AL392086.3	lncRNA	6	3	3	0.0243	0.0060	0.0065
ENSG00000287278.1	AL353600.2	lncRNA	0	0	0	0.0000	0.0000	0.0000
ENSG00000287279.1	AL121932.2	lncRNA	0	0	0	0.0000	0.0000	0.0000
ENSG00000287280.1	AC009878.2	lncRNA	0	0	0	0.0000	0.0000	0.0000
ENSG00000287281.1	AC012101.2	lncRNA	8	4	4	0.0845	0.0209	0.0226
ENSG00000287282.1	AL031726.2	lncRNA	0	0	1	0.0000	0.0000	0.0000
ENSG00000287283.1	AL117353.1	lncRNA	0	0	0	0.0000	0.0000	0.0000
ENSG00000287284.1	AC130814.1	lncRNA	0	0	0	0.0000	0.0000	0.0000
ENSG00000287285.1	AP000547.4	lncRNA	0	0	1	0.0000	0.0000	0.0000
ENSG00000287286.1	AC024560.5	lncRNA	0	959	1069	0.0000	0.0000	0.0000
ENSG00000287287.1	AL133476.1	lncRNA	4	2	2	0.3421	0.0848	0.0917
ENSG00000287288.1	AL121762.2	lncRNA	0	0	0	0.0000	0.0000	0.0000
ENSG00000287289.1	AP000428.2	lncRNA	0	0	0	0.0000	0.0000	0.0000
ENSG00000287290.1	AC093765.3	lncRNA	0	0	0	0.0000	0.0000	0.0000
ENSG00000287291.1	AC068286.2	lncRNA	5	3	2	0.1332	0.0330	0.0357
ENSG00000287292.1	AC002460.2	lncRNA	9	4	5	0.1273	0.0316	0.0341
ENSG00000287293.1	AL357054.5	lncRNA	1	1	0	0.0639	0.0158	0.0171
ENSG00000287294.1	AL035694.1	lncRNA	0	0	0	0.0000	0.0000	0.0000
ENSG00000287295.1	AC090812.1	lncRNA	0	0	0	0.0000	0.0000	0.0000
ENSG00000287296.1	AC011446.3	lncRNA	0	84	97	0.0000	0.0000	0.0000
ENSG00000287297.1	AL356123.1	lncRNA	0	0	0	0.0000	0.0000	0.0000
ENSG00000287298.1	AC079768.2	lncRNA	0	0	0	0.0000	0.0000	0.0000
ENSG00000287299.1	AC012459.1	lncRNA	74	1612	1544	0.4672	0.1159	0.1253
ENSG00000287300.1	AL080275.1	lncRNA	1	0	1	0.0222	0.0055	0.0059
ENSG00000287301.1	AC068075.2	lncRNA	2	2	0	0.1890	0.0469	0.0507
ENSG00000287302.1	AL133477.2	lncRNA	2	0	2	0.0930	0.0231	0.0249
ENSG00000287303.1	AP006248.5	lncRNA	1	0	1	0.0335	0.0083	0.0090
ENSG00000287305.1	AC010969.3	lncRNA	1	0	1	0.0582	0.0144	0.0156
ENSG00000287306.1	AC016821.1	lncRNA	69	23	46	1.3387	0.3320	0.3589
ENSG00000287307.1	AC005772.2	lncRNA	2	2	0	0.0256	0.0064	0.0069
ENSG00000287308.1	AC018802.2	lncRNA	0	0	0	0.0000	0.0000	0.0000
ENSG00000287309.1	AL583859.3	lncRNA	0	0	0	0.0000	0.0000	0.0000
ENSG00000287310.1	AL133445.3	lncRNA	4	2	2	0.1709	0.0424	0.0458
ENSG00000287311.1	AC140121.1	lncRNA	1	1	0	0.0195	0.0048	0.0052
ENSG00000287312.1	AC127526.4	lncRNA	2	0	2	0.0967	0.0240	0.0259
ENSG00000287313.1	AC016995.1	lncRNA	0	0	0	0.0000	0.0000	0.0000
ENSG00000287314.1	AC090125.2	lncRNA	0	0	0	0.0000	0.0000	0.0000
ENSG00000287315.1	AL670729.3	lncRNA	263	221	199	3.0892	0.7661	0.8283
ENSG00000287316.1	AC007391.3	lncRNA	0	0	0	0.0000	0.0000	0.0000
ENSG00000287317.1	AC016769.6	lncRNA	0	0	0	0.0000	0.0000	0.0000
ENSG00000287318.1	AL353730.1	lncRNA	0	0	0	0.0000	0.0000	0.0000
ENSG00000287319.1	AC079822.1	lncRNA	1	0	1	0.0417	0.0103	0.0112
ENSG00000287320.1	AC110790.1	lncRNA	0	0	0	0.0000	0.0000	0.0000
ENSG00000287321.1	AC026523.4	lncRNA	0	0	0	0.0000	0.0000	0.0000
ENSG00000287322.1	AC068189.2	lncRNA	17	21	21	0.6216	0.1541	0.1667
ENSG00000287323.1	AC022100.1	lncRNA	0	0	0	0.0000	0.0000	0.0000
ENSG00000287324.1	AL096828.6	lncRNA	0	0	0	0.0000	0.0000	0.0000
ENSG00000287325.1	AC138647.2	lncRNA	0	0	0	0.0000	0.0000	0.0000
ENSG00000287326.1	AL589787.1	lncRNA	7	2	5	0.1336	0.0331	0.0358
ENSG00000287327.1	AL731769.1	lncRNA	0	0	0	0.0000	0.0000	0.0000
ENSG00000287328.1	AC135626.2	unprocessed_pseudogene	0	0	0	0.0000	0.0000	0.0000
ENSG00000287329.1	FP326651.1	lncRNA	0	0	0	0.0000	0.0000	0.0000
ENSG00000287330.1	AL353697.1	lncRNA	2	2	0	0.0942	0.0234	0.0253
ENSG00000287331.1	AC106045.1	lncRNA	28	15	13	3.7988	0.9421	1.0186
ENSG00000287332.1	AC103758.1	lncRNA	0	0	0	0.0000	0.0000	0.0000
ENSG00000287333.1	AL161447.2	lncRNA	0	0	0	0.0000	0.0000	0.0000
ENSG00000287334.1	AC102941.2	lncRNA	0	0	0	0.0000	0.0000	0.0000
ENSG00000287335.1	AL139351.3	lncRNA	71	30	41	1.4088	0.3494	0.3778
ENSG00000287336.1	AL137157.1	lncRNA	14	5	9	0.3453	0.0856	0.0926
ENSG00000287337.1	AC005962.2	lncRNA	8	6	2	0.3014	0.0748	0.0808
ENSG00000287338.1	AL929091.1	lncRNA	156	91	65	1.6906	0.4192	0.4533
ENSG00000287339.1	AC079949.6	lncRNA	0	0	1	0.0000	0.0000	0.0000
ENSG00000287340.1	AC007222.2	lncRNA	0	0	0	0.0000	0.0000	0.0000
ENSG00000287342.1	AC188616.1	lncRNA	0	0	0	0.0000	0.0000	0.0000
ENSG00000287343.1	AL022397.1	lncRNA	0	0	0	0.0000	0.0000	0.0000
ENSG00000287344.1	AC079304.1	lncRNA	0	0	0	0.0000	0.0000	0.0000
ENSG00000287345.1	AC183088.4	lncRNA	0	0	0	0.0000	0.0000	0.0000
ENSG00000287346.1	AL132712.2	lncRNA	25	23	18	0.8434	0.2092	0.2261
ENSG00000287347.1	AL133405.2	lncRNA	0	0	0	0.0000	0.0000	0.0000
ENSG00000287348.1	AC099535.2	lncRNA	0	0	0	0.0000	0.0000	0.0000
ENSG00000287349.1	AC108477.2	lncRNA	1	1	0	0.1179	0.0292	0.0316
ENSG00000287350.1	AL137786.2	lncRNA	0	0	0	0.0000	0.0000	0.0000
ENSG00000287351.1	AC092120.3	lncRNA	1	1	2	0.0432	0.0107	0.0116
ENSG00000287352.1	AC011029.1	lncRNA	0	0	0	0.0000	0.0000	0.0000
ENSG00000287353.1	AC135776.5	unprocessed_pseudogene	0	0	0	0.0000	0.0000	0.0000
ENSG00000287354.1	AL034351.4	lncRNA	187	146	141	4.2709	1.0592	1.1452
ENSG00000287355.1	AL451123.2	lncRNA	5	1	4	0.1845	0.0457	0.0495
ENSG00000287356.1	AL590822.3	lncRNA	98	76	91	0.9592	0.2379	0.2572
ENSG00000287357.1	AL512484.1	lncRNA	0	0	0	0.0000	0.0000	0.0000
ENSG00000287358.1	AL096706.1	lncRNA	1	1	0	0.0162	0.0040	0.0043
ENSG00000287359.1	AL138740.1	lncRNA	3	2	1	0.1407	0.0349	0.0377
ENSG00000287360.1	AC006296.3	lncRNA	3	0	3	0.1255	0.0311	0.0336
ENSG00000287361.1	AL355537.2	lncRNA	0	0	0	0.0000	0.0000	0.0000
ENSG00000287362.1	AC103563.9	lncRNA	3	1	2	0.1206	0.0299	0.0323
ENSG00000287363.2	AL096814.2	protein_coding	0	0	0	0.0000	0.0000	0.0000
ENSG00000287364.1	AL353709.1	lncRNA	0	0	0	0.0000	0.0000	0.0000
ENSG00000287365.1	AC068787.4	lncRNA	0	0	0	0.0000	0.0000	0.0000
ENSG00000287366.1	AC072026.3	lncRNA	0	0	0	0.0000	0.0000	0.0000
ENSG00000287367.1	AC016583.2	lncRNA	14	5	9	0.1612	0.0400	0.0432
ENSG00000287368.1	AL589645.1	lncRNA	0	1	0	0.0000	0.0000	0.0000
ENSG00000287369.1	AC111197.1	lncRNA	5	3	2	0.3320	0.0823	0.0890
ENSG00000287370.1	AL356317.1	lncRNA	1	1	1	0.0893	0.0221	0.0239
ENSG00000287372.1	AL627316.1	lncRNA	0	0	0	0.0000	0.0000	0.0000
ENSG00000287373.1	AL122014.1	lncRNA	12	6	6	0.1898	0.0471	0.0509
ENSG00000287374.1	AC239860.4	lncRNA	0	0	0	0.0000	0.0000	0.0000
ENSG00000287375.1	AC098825.1	lncRNA	0	0	0	0.0000	0.0000	0.0000
ENSG00000287376.1	AL359538.3	lncRNA	0	0	0	0.0000	0.0000	0.0000
ENSG00000287377.1	AC090948.4	lncRNA	0	181	185	0.0000	0.0000	0.0000
ENSG00000287378.1	AC129803.1	lncRNA	5	3	2	0.1359	0.0337	0.0364
ENSG00000287379.1	AC006144.2	lncRNA	6	4	2	0.5969	0.1480	0.1601
ENSG00000287380.1	AL589935.3	lncRNA	0	0	0	0.0000	0.0000	0.0000
ENSG00000287381.1	AC012433.2	lncRNA	0	0	0	0.0000	0.0000	0.0000
ENSG00000287382.1	AC110611.2	lncRNA	43	20	24	2.2663	0.5620	0.6077
ENSG00000287383.1	AC110809.1	lncRNA	1	1	0	0.0220	0.0055	0.0059
ENSG00000287384.1	AL096840.2	lncRNA	1	1	0	0.0953	0.0236	0.0256
ENSG00000287385.1	AL121820.3	lncRNA	14	9	11	0.2632	0.0653	0.0706
ENSG00000287386.1	AC009248.3	lncRNA	1	1	0	0.1108	0.0275	0.0297
ENSG00000287387.1	AC010883.3	lncRNA	13	2981	3168	0.2800	0.0694	0.0751
ENSG00000287388.1	AC068774.1	lncRNA	7	2	5	0.7753	0.1923	0.2079
ENSG00000287389.1	AC007106.2	lncRNA	1	0	1	0.0158	0.0039	0.0042
ENSG00000287390.1	AC006525.1	lncRNA	2	1	1	0.0439	0.0109	0.0118
ENSG00000287391.1	AC103871.1	lncRNA	2	1	1	0.0626	0.0155	0.0168
ENSG00000287392.1	AC097520.2	lncRNA	0	0	0	0.0000	0.0000	0.0000
ENSG00000287393.1	AL591468.1	lncRNA	0	0	0	0.0000	0.0000	0.0000
ENSG00000287394.1	AC244102.4	lncRNA	1	1	0	0.0841	0.0209	0.0226
ENSG00000287395.1	AL118511.3	lncRNA	0	0	0	0.0000	0.0000	0.0000
ENSG00000287396.1	AL592464.3	lncRNA	0	0	0	0.0000	0.0000	0.0000
ENSG00000287397.1	AP002528.1	lncRNA	0	0	0	0.0000	0.0000	0.0000
ENSG00000287398.1	AC117481.1	lncRNA	0	0	0	0.0000	0.0000	0.0000
ENSG00000287399.1	AC011503.4	lncRNA	2	1	1	0.0547	0.0136	0.0147
ENSG00000287400.1	AC093151.7	lncRNA	1	0	1	0.0128	0.0032	0.0034
ENSG00000287401.1	AC034139.1	lncRNA	24	14	10	0.7205	0.1787	0.1932
ENSG00000287402.1	AL158167.1	lncRNA	3	0	3	0.1119	0.0277	0.0300
ENSG00000287403.1	AC016245.2	lncRNA	2	1	1	0.0472	0.0117	0.0127
ENSG00000287404.1	AL451080.1	lncRNA	1	0	1	0.1134	0.0281	0.0304
ENSG00000287405.1	AC017028.2	lncRNA	4	1	3	0.0677	0.0168	0.0181
ENSG00000287406.1	AC098656.1	lncRNA	0	0	0	0.0000	0.0000	0.0000
ENSG00000287407.1	AL596442.3	lncRNA	0	0	0	0.0000	0.0000	0.0000
ENSG00000287408.1	AC027811.1	lncRNA	6	1	5	0.1074	0.0266	0.0288
ENSG00000287409.1	AC004936.1	lncRNA	0	0	0	0.0000	0.0000	0.0000
ENSG00000287410.1	AL161941.1	lncRNA	0	0	0	0.0000	0.0000	0.0000
ENSG00000287411.1	AL031259.1	lncRNA	1	0	1	0.0320	0.0079	0.0086
ENSG00000287412.1	AP001591.1	lncRNA	0	0	1	0.0000	0.0000	0.0000
ENSG00000287413.1	AL449363.2	lncRNA	1	0	1	0.0279	0.0069	0.0075
ENSG00000287414.1	AC093787.2	lncRNA	1	0	1	0.0194	0.0048	0.0052
ENSG00000287415.1	AC099541.2	lncRNA	5	3	2	0.1473	0.0365	0.0395
ENSG00000287416.1	AC093746.1	lncRNA	0	0	0	0.0000	0.0000	0.0000
ENSG00000287417.1	AC006059.4	lncRNA	0	0	0	0.0000	0.0000	0.0000
ENSG00000287418.1	AC013439.1	lncRNA	0	0	1	0.0000	0.0000	0.0000
ENSG00000287419.1	AL121929.3	lncRNA	31	14	17	0.9053	0.2245	0.2427
ENSG00000287420.1	AL590068.4	lncRNA	0	0	1	0.0000	0.0000	0.0000
ENSG00000287421.1	AC131237.1	lncRNA	6	3	3	0.3501	0.0868	0.0939
ENSG00000287422.1	AL442071.2	lncRNA	0	0	0	0.0000	0.0000	0.0000
ENSG00000287423.1	AL360006.1	lncRNA	1	0	1	0.0273	0.0068	0.0073
ENSG00000287424.1	AC080079.2	lncRNA	2	1	1	0.0109	0.0027	0.0029
ENSG00000287425.1	AP003717.4	lncRNA	16	5	11	0.4292	0.1064	0.1151
ENSG00000287426.1	AP003327.2	lncRNA	0	0	0	0.0000	0.0000	0.0000
ENSG00000287427.1	AL390236.1	lncRNA	7	3	4	0.1972	0.0489	0.0529
ENSG00000287428.1	AL139280.2	lncRNA	0	0	0	0.0000	0.0000	0.0000
ENSG00000287429.1	AC009121.4	lncRNA	0	0	0	0.0000	0.0000	0.0000
ENSG00000287430.1	AL136090.2	lncRNA	397	182	215	12.1434	3.0114	3.2561
ENSG00000287431.1	AC027601.5	lncRNA	19	7	13	0.1588	0.0394	0.0426
ENSG00000287432.1	AC244035.4	lncRNA	0	0	0	0.0000	0.0000	0.0000
ENSG00000287433.1	AC107222.2	lncRNA	0	0	0	0.0000	0.0000	0.0000
ENSG00000287434.1	AC109133.1	lncRNA	1	4	7	0.0585	0.0145	0.0157
ENSG00000287435.1	AC069404.1	lncRNA	0	0	0	0.0000	0.0000	0.0000
ENSG00000287437.1	AL161662.1	lncRNA	3	24	32	0.0635	0.0157	0.0170
ENSG00000287438.1	AL356313.1	lncRNA	0	0	0	0.0000	0.0000	0.0000
ENSG00000287439.1	AC092078.3	lncRNA	2	1	1	0.0282	0.0070	0.0076
ENSG00000287440.1	AC063919.2	lncRNA	0	0	0	0.0000	0.0000	0.0000
ENSG00000287441.1	AC131956.3	lncRNA	0	0	0	0.0000	0.0000	0.0000
ENSG00000287442.1	AC079460.2	lncRNA	1	0	1	0.0585	0.0145	0.0157
ENSG00000287443.1	AL357558.3	lncRNA	1	41	43	0.0605	0.0150	0.0162
ENSG00000287444.1	AC007610.5	lncRNA	3	2	1	0.1541	0.0382	0.0413
ENSG00000287445.1	AC092803.3	lncRNA	18	11	7	0.5911	0.1466	0.1585
ENSG00000287446.1	AC007731.5	lncRNA	0	0	0	0.0000	0.0000	0.0000
ENSG00000287447.1	AC099501.1	lncRNA	8	6	2	0.1419	0.0352	0.0381
ENSG00000287448.1	AC018558.7	lncRNA	3	3	0	0.1567	0.0388	0.0420
ENSG00000287449.1	AC108019.2	lncRNA	2	1	1	0.0771	0.0191	0.0207
ENSG00000287450.1	AL117352.1	unprocessed_pseudogene	1	2	0	0.4109	0.1019	0.1102
ENSG00000287451.1	AC016721.1	lncRNA	0	0	0	0.0000	0.0000	0.0000
ENSG00000287452.2	AL391477.1	lncRNA	0	0	0	0.0000	0.0000	0.0000
ENSG00000287453.1	AL359894.1	lncRNA	10	6	4	1.0330	0.2562	0.2770
ENSG00000287454.1	AC008149.2	lncRNA	6	6	0	0.0723	0.0179	0.0194
ENSG00000287455.1	AC092793.1	lncRNA	1	1	0	0.0348	0.0086	0.0093
ENSG00000287456.1	AL157369.1	lncRNA	1	0	1	0.0544	0.0135	0.0146
ENSG00000287457.1	AC005821.2	lncRNA	46	28	19	1.8767	0.4654	0.5032
ENSG00000287458.1	AL033519.5	lncRNA	0	0	0	0.0000	0.0000	0.0000
ENSG00000287459.1	AL512356.5	lncRNA	1	1	0	0.0737	0.0183	0.0198
ENSG00000287460.1	AL442636.1	lncRNA	2	1	1	0.0250	0.0062	0.0067
ENSG00000287462.1	AC068442.1	lncRNA	0	0	0	0.0000	0.0000	0.0000
ENSG00000287463.1	AC110620.2	lncRNA	3	0	3	0.0493	0.0122	0.0132
ENSG00000287464.1	AC100810.7	lncRNA	0	0	0	0.0000	0.0000	0.0000
ENSG00000287465.1	AL358053.1	lncRNA	0	0	0	0.0000	0.0000	0.0000
ENSG00000287466.1	AL355531.1	lncRNA	2	0	2	0.0381	0.0094	0.0102
ENSG00000287467.1	AC037459.4	lncRNA	18	9	10	0.7913	0.1962	0.2122
ENSG00000287468.1	AC007317.2	lncRNA	0	0	0	0.0000	0.0000	0.0000
ENSG00000287469.1	AC044798.3	lncRNA	0	0	0	0.0000	0.0000	0.0000
ENSG00000287470.1	AP001037.1	lncRNA	5	4	1	0.2985	0.0740	0.0800
ENSG00000287471.1	AC138854.1	lncRNA	0	0	0	0.0000	0.0000	0.0000
ENSG00000287472.1	AL591504.2	lncRNA	0	0	0	0.0000	0.0000	0.0000
ENSG00000287473.1	AL359382.2	lncRNA	0	0	0	0.0000	0.0000	0.0000
ENSG00000287474.1	AC110614.1	lncRNA	0	0	0	0.0000	0.0000	0.0000
ENSG00000287475.1	AL844892.2	lncRNA	5	3	2	0.0796	0.0198	0.0214
ENSG00000287476.1	AC018437.3	lncRNA	0	0	0	0.0000	0.0000	0.0000
ENSG00000287477.1	AL356495.1	lncRNA	1	1	0	0.0184	0.0046	0.0049
ENSG00000287478.1	AL109829.1	lncRNA	0	0	0	0.0000	0.0000	0.0000
ENSG00000287479.1	AP001330.5	lncRNA	0	0	0	0.0000	0.0000	0.0000
ENSG00000287480.1	AL158832.2	lncRNA	0	0	0	0.0000	0.0000	0.0000
ENSG00000287481.1	AL161663.1	lncRNA	0	0	0	0.0000	0.0000	0.0000
ENSG00000287482.1	AC124312.5	lncRNA	0	0	3	0.0000	0.0000	0.0000
ENSG00000287483.1	AL132775.2	lncRNA	1	2	2	0.0285	0.0071	0.0076
ENSG00000287484.1	AC068580.5	lncRNA	0	0	0	0.0000	0.0000	0.0000
ENSG00000287485.1	AL451166.1	lncRNA	0	0	0	0.0000	0.0000	0.0000
ENSG00000287486.1	AC114291.1	lncRNA	0	0	2	0.0000	0.0000	0.0000
ENSG00000287487.1	AC104633.1	lncRNA	0	0	0	0.0000	0.0000	0.0000
ENSG00000287488.1	AC073048.1	lncRNA	0	0	0	0.0000	0.0000	0.0000
ENSG00000287489.1	AC004549.1	lncRNA	0	0	0	0.0000	0.0000	0.0000
ENSG00000287490.1	AC015818.9	lncRNA	0	0	0	0.0000	0.0000	0.0000
ENSG00000287492.1	AL512358.2	lncRNA	0	0	0	0.0000	0.0000	0.0000
ENSG00000287493.1	AC069503.5	lncRNA	4	2	2	0.2055	0.0510	0.0551
ENSG00000287494.1	AC069368.2	lncRNA	3	3	0	0.2762	0.0685	0.0741
ENSG00000287495.1	AL356489.4	lncRNA	0	0	0	0.0000	0.0000	0.0000
ENSG00000287496.1	AC093227.3	lncRNA	11	55	71	0.5072	0.1258	0.1360
ENSG00000287497.1	AL031123.4	lncRNA	0	1	1	0.0000	0.0000	0.0000
ENSG00000287498.1	AC007749.2	lncRNA	4	3	1	0.0788	0.0195	0.0211
ENSG00000287499.1	AL357139.2	lncRNA	0	0	0	0.0000	0.0000	0.0000
ENSG00000287500.1	AC009754.2	lncRNA	16	6	11	0.8658	0.2147	0.2322
ENSG00000287501.1	AL163872.1	lncRNA	0	0	0	0.0000	0.0000	0.0000
ENSG00000287502.1	AC092418.2	lncRNA	13	3	10	1.5553	0.3857	0.4170
ENSG00000287503.1	AC027243.3	lncRNA	1	1	0	0.0814	0.0202	0.0218
ENSG00000287504.1	AC079340.3	lncRNA	0	0	0	0.0000	0.0000	0.0000
ENSG00000287505.1	AC087428.1	lncRNA	0	0	0	0.0000	0.0000	0.0000
ENSG00000287506.1	AC026620.2	lncRNA	0	0	0	0.0000	0.0000	0.0000
ENSG00000287507.1	AP001053.1	lncRNA	1	0	1	0.0749	0.0186	0.0201
ENSG00000287508.1	AC009560.4	lncRNA	0	0	0	0.0000	0.0000	0.0000
ENSG00000287509.1	AP001033.3	lncRNA	0	0	0	0.0000	0.0000	0.0000
ENSG00000287510.1	AL137857.1	lncRNA	0	4661	4650	0.0000	0.0000	0.0000
ENSG00000287511.1	AL109984.1	lncRNA	7	4	3	0.9802	0.2431	0.2628
ENSG00000287512.1	AC019131.3	lncRNA	1	0	1	0.0527	0.0131	0.0141
ENSG00000287513.1	AL133390.1	lncRNA	5	2	3	0.2214	0.0549	0.0594
ENSG00000287514.2	AL450267.2	lncRNA	0	0	0	0.0000	0.0000	0.0000
ENSG00000287515.1	AL929602.1	transcribed_unprocessed_pseudogene	0	0	0	0.0000	0.0000	0.0000
ENSG00000287516.1	AL359764.2	lncRNA	0	0	0	0.0000	0.0000	0.0000
ENSG00000287517.1	AC099654.12	lncRNA	0	0	0	0.0000	0.0000	0.0000
ENSG00000287518.1	AC100778.4	lncRNA	0	0	0	0.0000	0.0000	0.0000
ENSG00000287519.1	AC004921.2	lncRNA	6	3	3	0.1167	0.0289	0.0313
ENSG00000287520.1	AC093765.4	lncRNA	0	0	0	0.0000	0.0000	0.0000
ENSG00000287521.1	AC034148.1	lncRNA	0	0	0	0.0000	0.0000	0.0000
ENSG00000287522.1	AC138420.1	lncRNA	0	0	0	0.0000	0.0000	0.0000
ENSG00000287523.1	AC003044.1	lncRNA	0	0	0	0.0000	0.0000	0.0000
ENSG00000287524.1	AC007736.1	lncRNA	1	0	1	0.0366	0.0091	0.0098
ENSG00000287525.1	AL627308.3	lncRNA	2	1	1	0.1255	0.0311	0.0336
ENSG00000287526.1	AC016587.1	lncRNA	0	0	0	0.0000	0.0000	0.0000
ENSG00000287527.1	AC005753.3	lncRNA	11	7	4	0.2986	0.0741	0.0801
ENSG00000287528.1	AL121749.2	lncRNA	7	89	81	0.2941	0.0729	0.0788
ENSG00000287529.1	AC068946.3	lncRNA	1	1	0	0.0573	0.0142	0.0154
ENSG00000287530.1	AL445985.2	lncRNA	0	0	0	0.0000	0.0000	0.0000
ENSG00000287531.1	AL358177.1	lncRNA	0	0	0	0.0000	0.0000	0.0000
ENSG00000287532.1	AL353689.3	lncRNA	0	0	0	0.0000	0.0000	0.0000
ENSG00000287533.1	AC011477.8	lncRNA	1	33	35	0.0519	0.0129	0.0139
ENSG00000287534.1	AC110792.4	lncRNA	2	1	1	0.0401	0.0100	0.0108
ENSG00000287535.1	AC009630.4	lncRNA	8	6	2	0.2844	0.0705	0.0763
ENSG00000287536.1	AC012500.1	lncRNA	0	0	0	0.0000	0.0000	0.0000
ENSG00000287537.1	AC020612.4	lncRNA	0	0	0	0.0000	0.0000	0.0000
ENSG00000287538.1	AC109635.6	lncRNA	17	7	10	0.6732	0.1670	0.1805
ENSG00000287539.1	AC022966.2	lncRNA	13	42	52	0.8359	0.2073	0.2241
ENSG00000287540.1	AC116350.1	lncRNA	0	0	0	0.0000	0.0000	0.0000
ENSG00000287541.1	AC092610.1	transcribed_unprocessed_pseudogene	0	9	15	0.0000	0.0000	0.0000
ENSG00000287542.1	AC098582.1	protein_coding	0	0	0	0.0000	0.0000	0.0000
ENSG00000287543.1	AC013486.1	lncRNA	24	194	130	0.4857	0.1205	0.1302
ENSG00000287544.1	AC097518.2	lncRNA	2	2	0	0.0180	0.0045	0.0048
ENSG00000287545.1	AP001994.2	lncRNA	0	0	0	0.0000	0.0000	0.0000
ENSG00000287546.1	AL163534.1	lncRNA	0	0	0	0.0000	0.0000	0.0000
ENSG00000287547.1	AC234644.2	lncRNA	4	91	95	0.4170	0.1034	0.1118
ENSG00000287548.1	AC021269.3	lncRNA	3	2	2	0.1269	0.0315	0.0340
ENSG00000287549.1	AC092268.1	lncRNA	4	2	2	0.2360	0.0585	0.0633
ENSG00000287550.1	AL450345.2	lncRNA	298	139	159	4.3012	1.0667	1.1533
ENSG00000287551.1	AL445526.1	lncRNA	0	0	0	0.0000	0.0000	0.0000
ENSG00000287552.1	AC109925.1	lncRNA	1	98	75	0.0191	0.0047	0.0051
ENSG00000287553.1	AC090617.10	lncRNA	0	98	103	0.0000	0.0000	0.0000
ENSG00000287554.1	AC006364.1	lncRNA	0	0	0	0.0000	0.0000	0.0000
ENSG00000287555.1	AC023424.2	lncRNA	8	5	3	0.0873	0.0216	0.0234
ENSG00000287556.1	AP003973.4	lncRNA	0	0	0	0.0000	0.0000	0.0000
ENSG00000287557.1	AL713998.4	lncRNA	0	0	0	0.0000	0.0000	0.0000
ENSG00000287558.1	AL109933.5	lncRNA	2	1	1	0.0253	0.0063	0.0068
ENSG00000287559.1	AL136305.1	lncRNA	45	26	29	0.7203	0.1786	0.1931
ENSG00000287560.1	AL731533.3	lncRNA	4	2	2	0.1549	0.0384	0.0415
ENSG00000287561.1	AL121899.4	lncRNA	0	2	0	0.0000	0.0000	0.0000
ENSG00000287562.1	AL109615.4	lncRNA	230	130	100	2.7179	0.6740	0.7288
ENSG00000287563.1	AP006219.3	lncRNA	0	0	0	0.0000	0.0000	0.0000
ENSG00000287564.1	AL359546.1	lncRNA	15	7	8	1.4566	0.3612	0.3906
ENSG00000287565.1	AC108168.1	lncRNA	0	0	0	0.0000	0.0000	0.0000
ENSG00000287566.1	AL732437.3	lncRNA	650	318	332	8.3190	2.0630	2.2306
ENSG00000287567.1	AC133040.1	lncRNA	0	0	0	0.0000	0.0000	0.0000
ENSG00000287568.1	AC002057.1	lncRNA	0	11	2	0.0000	0.0000	0.0000
ENSG00000287569.1	AL078587.2	lncRNA	3	2	2	0.1172	0.0291	0.0314
ENSG00000287570.1	AL035447.1	lncRNA	0	0	1	0.0000	0.0000	0.0000
ENSG00000287571.1	AC108046.1	lncRNA	0	0	0	0.0000	0.0000	0.0000
ENSG00000287574.1	AC004938.2	lncRNA	50	25	25	2.4486	0.6072	0.6566
ENSG00000287575.1	AL390755.3	lncRNA	3	0	3	0.1861	0.0462	0.0499
ENSG00000287576.1	AC067930.9	lncRNA	103	54	55	1.9202	0.4762	0.5149
ENSG00000287577.1	AC009533.4	lncRNA	0	0	0	0.0000	0.0000	0.0000
ENSG00000287578.1	AL034348.1	lncRNA	0	0	0	0.0000	0.0000	0.0000
ENSG00000287579.1	AC139491.8	lncRNA	0	0	0	0.0000	0.0000	0.0000
ENSG00000287580.1	AC073349.4	lncRNA	7	5	2	0.7140	0.1771	0.1914
ENSG00000287581.1	AC016549.1	lncRNA	2	155	143	0.0647	0.0160	0.0173
ENSG00000287582.1	AC099796.2	lncRNA	0	0	0	0.0000	0.0000	0.0000
ENSG00000287583.1	AC018685.3	lncRNA	0	0	0	0.0000	0.0000	0.0000
ENSG00000287584.1	AC004837.4	lncRNA	33	19	14	1.6547	0.4103	0.4437
ENSG00000287585.1	AC231656.1	protein_coding	0	0	0	0.0000	0.0000	0.0000
ENSG00000287586.1	Z98886.1	lncRNA	0	0	0	0.0000	0.0000	0.0000
ENSG00000287587.1	AL158216.1	lncRNA	4	0	4	0.1909	0.0474	0.0512
ENSG00000287588.1	AC092634.8	lncRNA	1	0	3	0.0573	0.0142	0.0154
ENSG00000287589.1	AC093426.2	lncRNA	0	0	0	0.0000	0.0000	0.0000
ENSG00000287590.1	AC090820.2	lncRNA	0	0	0	0.0000	0.0000	0.0000
ENSG00000287591.1	AL360169.3	lncRNA	0	0	0	0.0000	0.0000	0.0000
ENSG00000287592.1	AC073348.2	lncRNA	0	0	0	0.0000	0.0000	0.0000
ENSG00000287593.1	AL022724.3	lncRNA	5	16	11	0.1119	0.0277	0.0300
ENSG00000287594.1	AL356123.2	lncRNA	0	0	2	0.0000	0.0000	0.0000
ENSG00000287595.1	AC097369.4	lncRNA	47	28	19	1.8407	0.4565	0.4936
ENSG00000287596.1	AC066614.1	lncRNA	0	0	0	0.0000	0.0000	0.0000
ENSG00000287597.1	AC108105.1	lncRNA	0	0	0	0.0000	0.0000	0.0000
ENSG00000287598.1	AL512427.2	lncRNA	0	0	0	0.0000	0.0000	0.0000
ENSG00000287599.1	AL157813.2	lncRNA	0	3	1	0.0000	0.0000	0.0000
ENSG00000287600.1	AC122719.3	lncRNA	1	0	1	0.0196	0.0049	0.0052
ENSG00000287601.1	BX323046.2	lncRNA	14	4	10	1.2444	0.3086	0.3337
ENSG00000287602.1	AC100808.1	lncRNA	4	3	1	0.1078	0.0267	0.0289
ENSG00000287603.1	AC008403.3	lncRNA	16	308	283	0.3479	0.0863	0.0933
ENSG00000287605.1	AC109131.1	lncRNA	0	0	0	0.0000	0.0000	0.0000
ENSG00000287607.1	FP700111.3	processed_pseudogene	0	0	0	0.0000	0.0000	0.0000
ENSG00000287608.1	AC022137.3	lncRNA	35	21	14	1.0441	0.2589	0.2800
ENSG00000287609.1	AL589787.2	lncRNA	10	4	6	0.1470	0.0364	0.0394
ENSG00000287610.1	AC009403.3	lncRNA	0	0	0	0.0000	0.0000	0.0000
ENSG00000287611.1	AC007922.4	lncRNA	0	0	0	0.0000	0.0000	0.0000
ENSG00000287612.1	AP000474.2	lncRNA	0	0	0	0.0000	0.0000	0.0000
ENSG00000287613.1	AC069549.2	lncRNA	3	2	1	0.0701	0.0174	0.0188
ENSG00000287614.1	AL158198.2	lncRNA	3	0	3	0.2025	0.0502	0.0543
ENSG00000287615.1	AC012535.1	lncRNA	0	0	0	0.0000	0.0000	0.0000
ENSG00000287616.1	AL357522.1	lncRNA	3	2	1	0.0364	0.0090	0.0098
ENSG00000287617.1	AC092902.6	lncRNA	5	2	3	0.5193	0.1288	0.1392
ENSG00000287618.1	AC025576.3	lncRNA	4	1	3	0.3812	0.0945	0.1022
ENSG00000287619.1	AL021308.1	lncRNA	50	20	31	1.5469	0.3836	0.4148
ENSG00000287620.1	AC092053.4	lncRNA	59	25	34	2.6746	0.6633	0.7171
ENSG00000287621.1	AC021851.2	lncRNA	1	0	1	0.0193	0.0048	0.0052
ENSG00000287622.1	AC068787.5	lncRNA	0	0	0	0.0000	0.0000	0.0000
ENSG00000287623.1	AC037193.1	lncRNA	1	1	0	0.0219	0.0054	0.0059
ENSG00000287624.1	AL590666.5	lncRNA	2	203	212	0.1646	0.0408	0.0441
ENSG00000287625.1	AC022210.1	lncRNA	32	16	16	0.8040	0.1994	0.2156
ENSG00000287626.1	AL021978.1	lncRNA	6	1	5	0.2780	0.0689	0.0745
ENSG00000287627.1	AL359704.2	lncRNA	0	0	0	0.0000	0.0000	0.0000
ENSG00000287628.1	AC012511.2	lncRNA	0	0	0	0.0000	0.0000	0.0000
ENSG00000287629.1	AC006059.5	lncRNA	3	345	342	0.0345	0.0086	0.0093
ENSG00000287630.1	AC011370.1	lncRNA	0	0	0	0.0000	0.0000	0.0000
ENSG00000287631.1	AC005071.1	lncRNA	6	2	4	0.4772	0.1183	0.1280
ENSG00000287632.1	AC112253.1	lncRNA	9	3	6	0.4922	0.1221	0.1320
ENSG00000287633.1	AL161640.3	lncRNA	5	3	2	0.0837	0.0208	0.0224
ENSG00000287634.1	AC114277.1	lncRNA	0	0	0	0.0000	0.0000	0.0000
ENSG00000287635.1	AL139381.1	lncRNA	0	0	0	0.0000	0.0000	0.0000
ENSG00000287636.1	AC005229.5	lncRNA	0	0	0	0.0000	0.0000	0.0000
ENSG00000287637.1	AP001437.2	lncRNA	2	3	4	0.0502	0.0124	0.0135
ENSG00000287639.1	AC117500.6	lncRNA	0	0	0	0.0000	0.0000	0.0000
ENSG00000287640.1	AC007381.1	lncRNA	0	0	0	0.0000	0.0000	0.0000
ENSG00000287641.1	AC007483.1	lncRNA	21	10	11	1.6703	0.4142	0.4479
ENSG00000287642.1	AC093599.2	lncRNA	40	16	24	2.1645	0.5368	0.5804
ENSG00000287643.1	AC004825.3	lncRNA	1	64	39	0.0121	0.0030	0.0032
ENSG00000287644.1	AC080112.4	lncRNA	5	135	88	0.4238	0.1051	0.1136
ENSG00000287645.1	AC092939.1	lncRNA	0	0	0	0.0000	0.0000	0.0000
ENSG00000287646.1	AC021701.1	lncRNA	8	6	4	0.1776	0.0441	0.0476
ENSG00000287647.1	AC093575.1	lncRNA	5	3	2	0.1377	0.0342	0.0369
ENSG00000287649.1	AC093418.1	lncRNA	18	10	8	0.6217	0.1542	0.1667
ENSG00000287650.1	AL390071.1	lncRNA	4	1	3	0.0967	0.0240	0.0259
ENSG00000287651.1	AC007652.3	lncRNA	0	0	0	0.0000	0.0000	0.0000
ENSG00000287652.1	AC000082.1	lncRNA	0	0	1	0.0000	0.0000	0.0000
ENSG00000287653.1	AL355597.1	lncRNA	0	0	0	0.0000	0.0000	0.0000
ENSG00000287654.1	AP002982.2	lncRNA	6	4	2	0.6594	0.1635	0.1768
ENSG00000287655.1	AC023283.1	lncRNA	7	6	4	0.4157	0.1031	0.1115
ENSG00000287656.1	AL591069.1	lncRNA	0	0	0	0.0000	0.0000	0.0000
ENSG00000287657.1	AC068228.3	lncRNA	1	1	0	0.1050	0.0260	0.0282
ENSG00000287658.1	AC109642.1	lncRNA	1	1	0	0.0530	0.0131	0.0142
ENSG00000287659.1	AC098680.2	lncRNA	0	0	0	0.0000	0.0000	0.0000
ENSG00000287660.1	AC079768.3	lncRNA	0	0	0	0.0000	0.0000	0.0000
ENSG00000287661.1	AL391844.1	lncRNA	0	0	0	0.0000	0.0000	0.0000
ENSG00000287662.1	AC109824.1	lncRNA	0	0	0	0.0000	0.0000	0.0000
ENSG00000287663.1	AL122020.2	lncRNA	4	2	2	0.1653	0.0410	0.0443
ENSG00000287664.1	AC005702.5	lncRNA	0	0	0	0.0000	0.0000	0.0000
ENSG00000287665.1	AC092428.1	lncRNA	11	9	5	0.2506	0.0622	0.0672
ENSG00000287666.1	AP000821.2	lncRNA	4	3	1	0.0795	0.0197	0.0213
ENSG00000287667.1	AC109517.1	lncRNA	0	0	0	0.0000	0.0000	0.0000
ENSG00000287668.1	AL132990.1	lncRNA	1	1	0	0.0343	0.0085	0.0092
ENSG00000287669.1	AC104633.2	lncRNA	0	0	0	0.0000	0.0000	0.0000
ENSG00000287670.1	AC108479.1	lncRNA	119	57	62	5.5681	1.3808	1.4930
ENSG00000287671.1	AC068418.3	lncRNA	0	0	0	0.0000	0.0000	0.0000
ENSG00000287672.1	AC003086.1	lncRNA	44	19	25	2.6293	0.6520	0.7050
ENSG00000287673.1	AC051635.1	lncRNA	0	0	0	0.0000	0.0000	0.0000
ENSG00000287674.1	AL009179.2	lncRNA	0	0	0	0.0000	0.0000	0.0000
ENSG00000287675.1	AC078916.1	lncRNA	1	1	0	0.0986	0.0245	0.0264
ENSG00000287676.1	AC096642.2	lncRNA	2	2	0	0.1586	0.0393	0.0425
ENSG00000287677.2	AC025839.1	lncRNA	0	0	0	0.0000	0.0000	0.0000
ENSG00000287678.1	AL031778.1	lncRNA	7	17	14	0.4372	0.1084	0.1172
ENSG00000287679.1	AL355347.1	lncRNA	0	0	0	0.0000	0.0000	0.0000
ENSG00000287680.1	AC093330.3	lncRNA	2	2	0	0.0692	0.0172	0.0185
ENSG00000287682.1	AC020651.2	lncRNA	0	0	0	0.0000	0.0000	0.0000
ENSG00000287683.1	AL591519.1	lncRNA	0	0	0	0.0000	0.0000	0.0000
ENSG00000287684.1	AL392172.1	lncRNA	4	2	7	0.0593	0.0147	0.0159
ENSG00000287685.1	AC000113.1	lncRNA	0	0	0	0.0000	0.0000	0.0000
ENSG00000287686.1	AC062029.1	lncRNA	93	44	50	4.3659	1.0827	1.1706
ENSG00000287687.2	AC007387.2	lncRNA	2	0	2	0.0598	0.0148	0.0160
ENSG00000287688.1	AC011317.1	lncRNA	12	8	4	0.4639	0.1150	0.1244
ENSG00000287689.1	AC009704.3	lncRNA	0	0	0	0.0000	0.0000	0.0000
ENSG00000287690.1	AL023775.2	lncRNA	0	0	0	0.0000	0.0000	0.0000
ENSG00000287691.1	AL031602.2	lncRNA	13	12	9	1.2821	0.3180	0.3438
ENSG00000287692.1	AC053545.1	lncRNA	0	0	0	0.0000	0.0000	0.0000
ENSG00000287693.1	AC091691.3	lncRNA	1	1	0	0.0099	0.0025	0.0027
ENSG00000287694.1	AC106741.1	protein_coding	0	0	0	0.0000	0.0000	0.0000
ENSG00000287695.1	AC008625.1	lncRNA	4	2	2	0.1311	0.0325	0.0352
ENSG00000287696.1	AL357614.1	lncRNA	0	0	0	0.0000	0.0000	0.0000
ENSG00000287697.1	Z99127.3	lncRNA	11	34	30	0.4908	0.1217	0.1316
ENSG00000287698.1	AC005343.7	lncRNA	3	3	1	0.2476	0.0614	0.0664
ENSG00000287699.1	AC073270.1	lncRNA	0	0	0	0.0000	0.0000	0.0000
ENSG00000287700.1	AL591378.1	lncRNA	40	19	21	0.8075	0.2003	0.2165
ENSG00000287701.1	AC116337.4	lncRNA	0	0	0	0.0000	0.0000	0.0000
ENSG00000287702.1	AC002057.2	lncRNA	0	0	0	0.0000	0.0000	0.0000
ENSG00000287703.1	AC099565.1	lncRNA	0	0	0	0.0000	0.0000	0.0000
ENSG00000287704.1	AC012405.1	lncRNA	0	0	0	0.0000	0.0000	0.0000
ENSG00000287705.1	AL139232.1	lncRNA	0	0	0	0.0000	0.0000	0.0000
ENSG00000287706.1	AC092924.2	lncRNA	0	0	0	0.0000	0.0000	0.0000
ENSG00000287707.1	AC115284.4	lncRNA	22	15	7	0.3068	0.0761	0.0823
ENSG00000287708.1	AL137017.1	lncRNA	1	1	0	0.0134	0.0033	0.0036
ENSG00000287709.1	AC008780.1	lncRNA	2	0	2	0.0867	0.0215	0.0233
ENSG00000287710.1	AC067852.5	lncRNA	102	56	50	10.6724	2.6466	2.8616
ENSG00000287712.1	AC005865.2	lncRNA	33	21	13	1.4900	0.3695	0.3995
ENSG00000287713.1	AC006517.2	lncRNA	5	2	3	0.1958	0.0486	0.0525
ENSG00000287714.1	AC025164.2	lncRNA	0	0	0	0.0000	0.0000	0.0000
ENSG00000287715.1	AC026120.3	lncRNA	0	0	0	0.0000	0.0000	0.0000
ENSG00000287717.1	AC133637.2	lncRNA	0	0	0	0.0000	0.0000	0.0000
ENSG00000287718.1	AC009166.3	lncRNA	0	0	0	0.0000	0.0000	0.0000
ENSG00000287719.1	AP001531.1	lncRNA	0	0	0	0.0000	0.0000	0.0000
ENSG00000287720.1	AC023480.1	lncRNA	12	4	8	0.3096	0.0768	0.0830
ENSG00000287721.1	AC061975.8	lncRNA	41	20	21	1.4972	0.3713	0.4014
ENSG00000287722.1	AL356295.1	lncRNA	0	0	0	0.0000	0.0000	0.0000
ENSG00000287723.1	AP005901.6	lncRNA	2	2	0	0.0397	0.0099	0.0107
ENSG00000287724.1	AC096536.3	lncRNA	4	4853	4897	0.2730	0.0677	0.0732
ENSG00000287725.1	AP003071.5	protein_coding	46	23	23	0.5644	0.1400	0.1513
ENSG00000287726.1	AC005740.5	lncRNA	10	3	7	0.1372	0.0340	0.0368
ENSG00000287727.1	AL139423.2	lncRNA	5	2	3	0.0986	0.0244	0.0264
ENSG00000287728.2	AL049695.1	lncRNA	1	0	1	0.0163	0.0040	0.0044
ENSG00000287729.1	AF241728.2	lncRNA	8	7	1	0.3710	0.0920	0.0995
ENSG00000287730.1	AC097526.1	lncRNA	1	1	0	0.0256	0.0064	0.0069
ENSG00000287731.1	AL035603.1	lncRNA	1	0	1	0.0298	0.0074	0.0080
ENSG00000287732.1	AL731574.1	lncRNA	0	0	0	0.0000	0.0000	0.0000
ENSG00000287733.1	AC083862.2	lncRNA	76	39	37	4.0930	1.0150	1.0975
ENSG00000287734.1	AL136524.1	lncRNA	0	0	0	0.0000	0.0000	0.0000
ENSG00000287735.1	AL355075.6	lncRNA	15	11	13	0.8332	0.2066	0.2234
ENSG00000287736.1	PTCSC1	lncRNA	12	10	2	0.2423	0.0601	0.0650
ENSG00000287737.1	AC132872.5	lncRNA	105	56	51	1.3935	0.3456	0.3737
ENSG00000287738.1	AL359764.3	lncRNA	0	0	0	0.0000	0.0000	0.0000
ENSG00000287739.1	AC009019.2	lncRNA	4	3	2	0.1594	0.0395	0.0427
ENSG00000287740.1	AC115485.1	lncRNA	0	0	0	0.0000	0.0000	0.0000
ENSG00000287741.1	AC009434.1	lncRNA	0	0	0	0.0000	0.0000	0.0000
ENSG00000287742.1	AC068282.2	lncRNA	15	7	8	0.9903	0.2456	0.2655
ENSG00000287743.1	AL031289.2	lncRNA	0	0	0	0.0000	0.0000	0.0000
ENSG00000287744.1	AC005998.1	lncRNA	0	0	0	0.0000	0.0000	0.0000
ENSG00000287745.1	AL359380.1	lncRNA	0	0	0	0.0000	0.0000	0.0000
ENSG00000287746.1	AL139035.2	lncRNA	0	0	0	0.0000	0.0000	0.0000
ENSG00000287747.1	AF233439.2	lncRNA	17	11	6	0.7152	0.1774	0.1918
ENSG00000287748.1	AC082650.2	lncRNA	0	0	0	0.0000	0.0000	0.0000
ENSG00000287749.1	AC073091.2	lncRNA	0	0	0	0.0000	0.0000	0.0000
ENSG00000287750.1	AL353572.4	lncRNA	75	32	45	6.2732	1.5557	1.6821
ENSG00000287751.1	AC015818.10	processed_pseudogene	0	0	0	0.0000	0.0000	0.0000
ENSG00000287752.1	AL389889.2	lncRNA	0	0	0	0.0000	0.0000	0.0000
ENSG00000287753.1	AC130307.1	lncRNA	1	0	1	0.0862	0.0214	0.0231
ENSG00000287754.1	AL109837.3	lncRNA	0	0	0	0.0000	0.0000	0.0000
ENSG00000287755.1	AC107918.5	lncRNA	1	1	0	0.1283	0.0318	0.0344
ENSG00000287756.1	AL031293.1	lncRNA	3	1	2	0.1171	0.0290	0.0314
ENSG00000287757.1	AC244636.3	lncRNA	3	11	10	0.1342	0.0333	0.0360
ENSG00000287758.1	AC091027.3	lncRNA	0	0	0	0.0000	0.0000	0.0000
ENSG00000287759.1	AL353151.2	lncRNA	4	5	2	0.1210	0.0300	0.0324
ENSG00000287760.1	AC099521.3	lncRNA	10	8	2	0.5340	0.1324	0.1432
ENSG00000287761.1	AL162718.3	lncRNA	0	0	0	0.0000	0.0000	0.0000
ENSG00000287762.1	AC108050.1	lncRNA	2	1	1	0.0459	0.0114	0.0123
ENSG00000287763.1	AC068279.2	lncRNA	7	3	4	0.2801	0.0695	0.0751
ENSG00000287765.1	AL136295.22	lncRNA	0	1834	1938	0.0000	0.0000	0.0000
ENSG00000287766.1	AC006130.3	lncRNA	51	25	26	2.0310	0.5037	0.5446
ENSG00000287767.1	AC233976.2	lncRNA	0	0	0	0.0000	0.0000	0.0000
ENSG00000287768.1	BX469938.1	lncRNA	0	0	0	0.0000	0.0000	0.0000
ENSG00000287769.1	AL353748.3	lncRNA	184	96	90	3.1345	0.7773	0.8405
ENSG00000287770.1	AC107385.2	unprocessed_pseudogene	0	0	0	0.0000	0.0000	0.0000
ENSG00000287771.1	AC007271.1	lncRNA	2	2	0	0.0723	0.0179	0.0194
ENSG00000287772.1	AL137786.3	lncRNA	0	0	0	0.0000	0.0000	0.0000
ENSG00000287773.1	Z80897.2	lncRNA	0	0	0	0.0000	0.0000	0.0000
ENSG00000287774.1	AC025614.2	lncRNA	0	0	0	0.0000	0.0000	0.0000
ENSG00000287775.1	AC096747.1	lncRNA	0	0	0	0.0000	0.0000	0.0000
ENSG00000287776.1	AL513487.1	lncRNA	0	0	0	0.0000	0.0000	0.0000
ENSG00000287777.1	AL161851.2	lncRNA	0	1	0	0.0000	0.0000	0.0000
ENSG00000287778.1	AC006230.1	lncRNA	26	11	16	0.1743	0.0432	0.0467
ENSG00000287779.1	AL162742.2	transcribed_unprocessed_pseudogene	0	0	0	0.0000	0.0000	0.0000
ENSG00000287780.1	AC104850.2	lncRNA	66	33	35	4.8990	1.2149	1.3136
ENSG00000287781.1	AC018714.2	lncRNA	0	0	0	0.0000	0.0000	0.0000
ENSG00000287782.1	AL359632.1	lncRNA	1	449	461	0.0594	0.0147	0.0159
ENSG00000287783.1	AC020930.1	lncRNA	0	0	0	0.0000	0.0000	0.0000
ENSG00000287784.1	AC112482.2	lncRNA	1	0	1	0.0412	0.0102	0.0111
ENSG00000287785.1	AC103833.2	lncRNA	1	0	1	0.0553	0.0137	0.0148
ENSG00000287786.1	AC113615.2	lncRNA	0	0	0	0.0000	0.0000	0.0000
ENSG00000287787.1	AC092275.1	lncRNA	22	12	10	1.0582	0.2624	0.2837
ENSG00000287788.1	AC013701.2	lncRNA	3	2	1	0.0816	0.0202	0.0219
ENSG00000287789.1	AL158136.1	lncRNA	0	0	0	0.0000	0.0000	0.0000
ENSG00000287790.1	AC025756.1	lncRNA	0	0	0	0.0000	0.0000	0.0000
ENSG00000287791.1	AC008273.1	lncRNA	0	0	0	0.0000	0.0000	0.0000
ENSG00000287792.1	AC140118.2	lncRNA	1	1	0	0.0219	0.0054	0.0059
ENSG00000287793.1	AC068535.2	lncRNA	0	0	0	0.0000	0.0000	0.0000
ENSG00000287794.1	AC119150.2	unitary_pseudogene	0	0	0	0.0000	0.0000	0.0000
ENSG00000287795.1	AC026341.2	lncRNA	0	0	0	0.0000	0.0000	0.0000
ENSG00000287796.1	AC016925.3	lncRNA	0	0	0	0.0000	0.0000	0.0000
ENSG00000287797.1	AC093577.1	lncRNA	1	0	1	0.0232	0.0057	0.0062
ENSG00000287798.1	AC107918.6	lncRNA	6	3	3	0.2015	0.0500	0.0540
ENSG00000287799.1	AC005014.4	lncRNA	4	92	74	0.3618	0.0897	0.0970
ENSG00000287800.1	ABBA01045074.2	processed_pseudogene	0	0	0	0.0000	0.0000	0.0000
ENSG00000287801.1	AP000477.3	lncRNA	0	0	0	0.0000	0.0000	0.0000
ENSG00000287802.1	AP003173.1	lncRNA	0	0	0	0.0000	0.0000	0.0000
ENSG00000287803.1	AC117569.2	lncRNA	0	0	0	0.0000	0.0000	0.0000
ENSG00000287804.1	Z98745.2	lncRNA	0	0	0	0.0000	0.0000	0.0000
ENSG00000287805.1	AC128687.3	lncRNA	6	4	2	1.2987	0.3221	0.3482
ENSG00000287806.1	AL135784.1	lncRNA	0	0	0	0.0000	0.0000	0.0000
ENSG00000287807.1	AL390242.1	lncRNA	0	4	5	0.0000	0.0000	0.0000
ENSG00000287808.1	AL355999.1	lncRNA	19	265	228	1.0775	0.2672	0.2889
ENSG00000287809.1	AC005632.6	lncRNA	5	3	2	0.1653	0.0410	0.0443
ENSG00000287810.1	AL034380.2	unprocessed_pseudogene	0	0	0	0.0000	0.0000	0.0000
ENSG00000287811.1	AL391840.3	lncRNA	27	10	19	1.0768	0.2670	0.2887
ENSG00000287812.1	AC105046.2	lncRNA	8	4	4	0.1508	0.0374	0.0404
ENSG00000287813.1	AC016705.3	lncRNA	9	19	17	0.2257	0.0560	0.0605
ENSG00000287814.1	AC011407.1	lncRNA	4	2	2	0.1749	0.0434	0.0469
ENSG00000287815.1	AC005081.1	lncRNA	8	2	6	0.4409	0.1093	0.1182
ENSG00000287816.1	AL133475.1	lncRNA	0	0	0	0.0000	0.0000	0.0000
ENSG00000287817.1	AL096701.4	lncRNA	80	43	37	5.1968	1.2888	1.3934
ENSG00000287818.1	AL512283.3	lncRNA	9	6	6	0.3170	0.0786	0.0850
ENSG00000287819.1	AC055788.2	lncRNA	1	1	0	0.0716	0.0178	0.0192
ENSG00000287820.1	AL050338.2	lncRNA	2	3	1	0.0429	0.0107	0.0115
ENSG00000287821.1	AP000944.6	lncRNA	0	0	0	0.0000	0.0000	0.0000
ENSG00000287822.1	AC098679.5	lncRNA	4	2	3	0.4776	0.1184	0.1280
ENSG00000287823.1	AL603783.1	lncRNA	5	2	3	0.0416	0.0103	0.0112
ENSG00000287824.1	AL627443.3	lncRNA	1	0	1	0.0412	0.0102	0.0111
ENSG00000287825.1	AL035587.2	lncRNA	19	47	44	1.6501	0.4092	0.4424
ENSG00000287826.1	AC090994.1	lncRNA	170	76	94	4.3643	1.0823	1.1702
ENSG00000287827.1	AC002529.1	lncRNA	0	0	0	0.0000	0.0000	0.0000
ENSG00000287828.1	AL354743.2	lncRNA	13	6	7	1.0127	0.2511	0.2715
ENSG00000287829.1	AC002542.6	lncRNA	4	1	3	0.2087	0.0518	0.0560
ENSG00000287830.1	AC007218.3	lncRNA	3	2	1	0.0947	0.0235	0.0254
ENSG00000287831.1	AL135926.2	lncRNA	0	0	0	0.0000	0.0000	0.0000
ENSG00000287832.1	AC092845.1	lncRNA	0	0	0	0.0000	0.0000	0.0000
ENSG00000287833.1	AL157997.1	lncRNA	2	0	2	0.0690	0.0171	0.0185
ENSG00000287834.1	AP005210.2	lncRNA	0	0	0	0.0000	0.0000	0.0000
ENSG00000287835.1	AC006063.4	lncRNA	0	0	0	0.0000	0.0000	0.0000
ENSG00000287836.1	AC016168.4	lncRNA	4	4	0	0.1225	0.0304	0.0328
ENSG00000287837.1	AL590064.1	lncRNA	38	20	18	2.3097	0.5728	0.6193
ENSG00000287838.1	AL953883.1	lncRNA	0	0	0	0.0000	0.0000	0.0000
ENSG00000287839.1	AL353807.5	lncRNA	68	35	33	3.0630	0.7596	0.8213
ENSG00000287840.1	AC009268.3	lncRNA	2	0	2	0.1342	0.0333	0.0360
ENSG00000287841.1	AC096585.1	lncRNA	0	0	0	0.0000	0.0000	0.0000
ENSG00000287842.1	AL161714.1	lncRNA	2	1	1	0.1331	0.0330	0.0357
ENSG00000287843.1	AL161628.1	lncRNA	0	0	0	0.0000	0.0000	0.0000
ENSG00000287844.1	AC018953.2	lncRNA	0	0	0	0.0000	0.0000	0.0000
ENSG00000287845.1	AC093765.5	lncRNA	0	0	0	0.0000	0.0000	0.0000
ENSG00000287846.1	AP001001.2	processed_pseudogene	0	0	0	0.0000	0.0000	0.0000
ENSG00000287847.1	AC018678.1	lncRNA	0	0	0	0.0000	0.0000	0.0000
ENSG00000287848.1	AL355303.2	lncRNA	2	1	2	0.0927	0.0230	0.0248
ENSG00000287849.1	AC079148.2	lncRNA	0	0	0	0.0000	0.0000	0.0000
ENSG00000287850.1	AL121897.1	lncRNA	1	1	0	0.0774	0.0192	0.0207
ENSG00000287851.1	AP001885.2	lncRNA	4	2	2	0.2540	0.0630	0.0681
ENSG00000287852.1	AL450326.3	lncRNA	1	0	1	0.0251	0.0062	0.0067
ENSG00000287853.1	AL031668.2	lncRNA	10	5	5	0.4626	0.1147	0.1240
ENSG00000287854.1	AC073409.2	lncRNA	0	0	0	0.0000	0.0000	0.0000
ENSG00000287855.1	AL023882.1	lncRNA	43	23	20	1.3443	0.3334	0.3604
ENSG00000287856.1	AL445524.2	protein_coding	2	1	1	0.0307	0.0076	0.0082
ENSG00000287857.1	AL592546.3	lncRNA	6	5	1	0.1330	0.0330	0.0357
ENSG00000287858.1	AC020550.2	lncRNA	0	0	0	0.0000	0.0000	0.0000
ENSG00000287859.1	AC008507.4	lncRNA	2	0	2	0.0505	0.0125	0.0135
ENSG00000287860.1	AC079804.3	lncRNA	22	13	9	0.8989	0.2229	0.2410
ENSG00000287861.1	AL137001.2	lncRNA	20	12	8	1.5003	0.3721	0.4023
ENSG00000287862.1	AC114971.1	lncRNA	0	0	0	0.0000	0.0000	0.0000
ENSG00000287863.1	AL139801.1	lncRNA	0	1	2	0.0000	0.0000	0.0000
ENSG00000287864.1	AP000345.3	lncRNA	0	0	0	0.0000	0.0000	0.0000
ENSG00000287865.1	AC099552.5	lncRNA	0	0	0	0.0000	0.0000	0.0000
ENSG00000287866.1	AC009102.4	lncRNA	0	0	0	0.0000	0.0000	0.0000
ENSG00000287867.1	AC007402.2	lncRNA	1	1	0	0.0091	0.0023	0.0024
ENSG00000287868.1	AL355377.4	lncRNA	14	8	7	0.5386	0.1336	0.1444
ENSG00000287869.1	AC073349.5	lncRNA	0	0	0	0.0000	0.0000	0.0000
ENSG00000287870.1	AC093433.2	lncRNA	1	1	0	0.0468	0.0116	0.0126
ENSG00000287871.1	AC073632.1	lncRNA	0	0	0	0.0000	0.0000	0.0000
ENSG00000287872.1	AC026956.2	lncRNA	1	1	0	0.0174	0.0043	0.0047
ENSG00000287873.1	AC020655.1	lncRNA	0	0	0	0.0000	0.0000	0.0000
ENSG00000287875.1	AC068193.1	lncRNA	7	6	4	0.3619	0.0897	0.0970
ENSG00000287876.1	AL512452.1	lncRNA	0	0	0	0.0000	0.0000	0.0000
ENSG00000287877.1	AL133538.1	lncRNA	0	0	0	0.0000	0.0000	0.0000
ENSG00000287878.1	AC022382.2	lncRNA	34	14	20	0.9155	0.2270	0.2455
ENSG00000287879.1	AC114341.2	lncRNA	4	3	2	0.0852	0.0211	0.0228
ENSG00000287880.1	AL445207.1	lncRNA	0	0	0	0.0000	0.0000	0.0000
ENSG00000287881.1	AC079148.3	lncRNA	2	1	1	0.0352	0.0087	0.0094
ENSG00000287882.1	AC134508.2	lncRNA	3	3	0	0.1264	0.0313	0.0339
ENSG00000287883.1	AC093627.22	lncRNA	0	0	0	0.0000	0.0000	0.0000
ENSG00000287884.1	AC005594.1	lncRNA	2	5	7	0.0605	0.0150	0.0162
ENSG00000287885.1	AC018553.3	lncRNA	0	0	0	0.0000	0.0000	0.0000
ENSG00000287886.1	AC005914.1	lncRNA	2	1	1	0.0744	0.0184	0.0199
ENSG00000287887.1	AL391560.2	lncRNA	1	1	0	0.0244	0.0060	0.0065
ENSG00000287888.1	AC087463.3	lncRNA	0	0	0	0.0000	0.0000	0.0000
ENSG00000287889.1	FAM242B	lncRNA	0	0	0	0.0000	0.0000	0.0000
ENSG00000287891.1	Z85996.3	lncRNA	0	0	0	0.0000	0.0000	0.0000
ENSG00000287892.1	AC090907.3	lncRNA	5	2	3	0.2305	0.0572	0.0618
ENSG00000287893.1	AC083864.5	lncRNA	0	0	0	0.0000	0.0000	0.0000
ENSG00000287894.1	AC174469.1	lncRNA	1	0	1	0.1134	0.0281	0.0304
ENSG00000287895.1	AL136379.1	lncRNA	7	4	3	0.3727	0.0924	0.0999
ENSG00000287896.1	AC073548.2	lncRNA	0	97	92	0.0000	0.0000	0.0000
ENSG00000287897.1	AP000465.1	lncRNA	1	0	1	0.1500	0.0372	0.0402
ENSG00000287898.1	AC124798.3	lncRNA	1	11	12	0.0931	0.0231	0.0250
ENSG00000287899.1	AC055714.1	lncRNA	0	0	0	0.0000	0.0000	0.0000
ENSG00000287900.1	AC061961.1	lncRNA	343	237	175	2.7497	0.6819	0.7373
ENSG00000287901.1	AL137026.3	lncRNA	9	6	3	0.2089	0.0518	0.0560
ENSG00000287902.1	AL023754.2	lncRNA	0	0	0	0.0000	0.0000	0.0000
ENSG00000287903.1	AL359852.2	lncRNA	0	0	0	0.0000	0.0000	0.0000
ENSG00000287904.1	AL138708.1	lncRNA	0	0	0	0.0000	0.0000	0.0000
ENSG00000287905.1	AC136431.2	lncRNA	4	3	1	0.3331	0.0826	0.0893
ENSG00000287906.1	AC127526.5	lncRNA	923	477	446	43.0101	10.6661	11.5324
ENSG00000287907.1	AC005909.2	lncRNA	0	0	0	0.0000	0.0000	0.0000
ENSG00000287908.1	AC025165.6	protein_coding	2	1	1	0.0365	0.0091	0.0098
ENSG00000287909.1	AC007497.2	lncRNA	0	0	0	0.0000	0.0000	0.0000
ENSG00000287910.1	AC104024.4	lncRNA	24	13	13	0.9025	0.2238	0.2420
ENSG00000287912.1	AP003464.1	lncRNA	0	0	0	0.0000	0.0000	0.0000
ENSG00000287913.1	AL132986.1	lncRNA	0	0	0	0.0000	0.0000	0.0000
ENSG00000287914.1	AL078582.2	lncRNA	239	130	110	18.5160	4.5918	4.9647
ENSG00000287915.1	AC037433.1	lncRNA	0	0	0	0.0000	0.0000	0.0000
ENSG00000287916.1	AC091607.2	lncRNA	3	465	543	0.1415	0.0351	0.0380
ENSG00000287917.1	AP000944.7	lncRNA	21	15	11	0.7429	0.1842	0.1992
ENSG00000287918.1	AF274853.1	lncRNA	8	7	9	0.0958	0.0238	0.0257
ENSG00000287919.1	AC092802.4	lncRNA	3	1	2	0.0624	0.0155	0.0167
ENSG00000287920.1	AL022098.1	lncRNA	1	1	0	0.0134	0.0033	0.0036
ENSG00000287921.1	AL713868.1	lncRNA	0	0	0	0.0000	0.0000	0.0000
ENSG00000287922.1	AC021979.3	lncRNA	0	0	0	0.0000	0.0000	0.0000
ENSG00000287923.1	AL138701.2	lncRNA	0	0	0	0.0000	0.0000	0.0000
ENSG00000287924.1	AC093902.1	processed_pseudogene	0	0	0	0.0000	0.0000	0.0000
ENSG00000287925.1	AL353576.1	lncRNA	3	3	0	0.0423	0.0105	0.0113
ENSG00000287926.1	AC113208.5	lncRNA	0	0	0	0.0000	0.0000	0.0000
ENSG00000287927.1	AC100801.2	lncRNA	0	0	0	0.0000	0.0000	0.0000
ENSG00000287928.1	AC007535.1	lncRNA	1	1	0	0.0904	0.0224	0.0243
ENSG00000287929.1	AL354953.1	lncRNA	1	2	6	0.0608	0.0151	0.0163
ENSG00000287930.1	AL354897.2	lncRNA	0	0	0	0.0000	0.0000	0.0000
ENSG00000287931.1	AC092651.2	lncRNA	0	0	0	0.0000	0.0000	0.0000
ENSG00000287932.1	AC000065.2	lncRNA	1	0	1	0.0349	0.0087	0.0094
ENSG00000287933.1	AL357141.1	lncRNA	0	0	0	0.0000	0.0000	0.0000
ENSG00000287934.1	AP001885.3	lncRNA	7	519	514	0.2519	0.0625	0.0675
ENSG00000287935.1	AC136297.1	lncRNA	16	6	10	0.2764	0.0685	0.0741
ENSG00000287936.1	AL391425.1	lncRNA	1	1	0	0.0284	0.0071	0.0076
ENSG00000287937.1	AC079753.2	lncRNA	0	0	0	0.0000	0.0000	0.0000
ENSG00000287938.1	AC026726.2	lncRNA	0	0	0	0.0000	0.0000	0.0000
ENSG00000287939.1	AL096709.1	lncRNA	0	0	0	0.0000	0.0000	0.0000
ENSG00000287940.1	AC026433.1	lncRNA	0	0	0	0.0000	0.0000	0.0000
ENSG00000287941.1	AC021055.1	lncRNA	0	0	0	0.0000	0.0000	0.0000
ENSG00000287942.1	AC022360.1	lncRNA	0	0	0	0.0000	0.0000	0.0000
ENSG00000287943.1	AC091151.7	lncRNA	0	0	0	0.0000	0.0000	0.0000
ENSG00000287944.1	AC027584.1	lncRNA	0	0	0	0.0000	0.0000	0.0000
ENSG00000287945.1	AL603824.1	lncRNA	2	1	1	0.1129	0.0280	0.0303
ENSG00000287946.1	AC092377.1	lncRNA	0	0	0	0.0000	0.0000	0.0000
ENSG00000287947.1	AC116361.1	lncRNA	0	0	0	0.0000	0.0000	0.0000
ENSG00000287948.1	AC084741.1	lncRNA	0	0	0	0.0000	0.0000	0.0000
ENSG00000287949.1	AC025508.1	lncRNA	0	0	0	0.0000	0.0000	0.0000
ENSG00000287950.1	AC009432.2	lncRNA	0	0	0	0.0000	0.0000	0.0000
ENSG00000287951.1	AC026402.2	lncRNA	0	0	0	0.0000	0.0000	0.0000
ENSG00000287952.1	AC105328.1	lncRNA	181	14836	14335	5.8688	1.4554	1.5736
ENSG00000287953.1	AC092848.2	lncRNA	0	0	0	0.0000	0.0000	0.0000
ENSG00000287954.1	AL049646.2	lncRNA	0	0	0	0.0000	0.0000	0.0000
ENSG00000287955.1	AL137067.3	lncRNA	0	0	0	0.0000	0.0000	0.0000
ENSG00000287956.1	AC010872.2	lncRNA	0	0	0	0.0000	0.0000	0.0000
ENSG00000287957.1	AC007695.1	lncRNA	9	25	32	0.1317	0.0327	0.0353
ENSG00000287958.1	AC092053.5	lncRNA	0	0	0	0.0000	0.0000	0.0000
ENSG00000287959.1	AC021236.1	lncRNA	1	199	205	0.0333	0.0083	0.0089
ENSG00000287960.1	AC008567.3	lncRNA	10	4	6	0.2090	0.0518	0.0560
ENSG00000287961.1	AC020911.3	lncRNA	2	1	1	0.1721	0.0427	0.0461
ENSG00000287962.1	AC116534.1	lncRNA	1	1	0	0.0225	0.0056	0.0060
ENSG00000287963.1	AC010476.2	lncRNA	0	0	0	0.0000	0.0000	0.0000
ENSG00000287964.1	AC066580.1	lncRNA	2	1	1	0.0532	0.0132	0.0143
ENSG00000287965.1	AC018557.3	lncRNA	2	2	1	0.2112	0.0524	0.0566
ENSG00000287966.1	AL590062.1	lncRNA	83	87	60	3.4970	0.8672	0.9377
ENSG00000287967.1	AC004882.3	lncRNA	5	1372	1325	0.3649	0.0905	0.0978
ENSG00000287968.1	AC093606.1	lncRNA	0	0	0	0.0000	0.0000	0.0000
ENSG00000287969.1	AL355474.1	lncRNA	0	0	0	0.0000	0.0000	0.0000
ENSG00000287970.1	AC245164.2	lncRNA	0	0	0	0.0000	0.0000	0.0000
ENSG00000287971.1	AC093642.6	lncRNA	8	4	4	0.1972	0.0489	0.0529
ENSG00000287972.1	AC073648.7	lncRNA	7	3	5	0.2350	0.0583	0.0630
ENSG00000287973.1	AC100834.2	lncRNA	0	0	0	0.0000	0.0000	0.0000
ENSG00000287974.1	Z84486.1	lncRNA	0	0	0	0.0000	0.0000	0.0000
ENSG00000287975.1	AC113143.2	lncRNA	2	0	2	0.0433	0.0107	0.0116
ENSG00000287976.1	AL445123.2	lncRNA	0	0	0	0.0000	0.0000	0.0000
ENSG00000287977.1	AC068630.1	processed_pseudogene	0	0	0	0.0000	0.0000	0.0000
ENSG00000287978.1	AC245407.2	lncRNA	29	14	15	2.4620	0.6105	0.6601
ENSG00000287979.1	AC253572.1	lncRNA	0	0	0	0.0000	0.0000	0.0000
ENSG00000287980.1	AL391557.1	lncRNA	0	0	0	0.0000	0.0000	0.0000
ENSG00000287981.1	AC123023.2	lncRNA	4	1	3	0.1037	0.0257	0.0278
ENSG00000287982.1	AC026765.4	lncRNA	0	0	0	0.0000	0.0000	0.0000
ENSG00000287983.1	AL035251.1	lncRNA	1	0	1	0.0241	0.0060	0.0065
ENSG00000287984.1	AC068858.1	lncRNA	1	0	1	0.0661	0.0164	0.0177
ENSG00000287985.1	AC073270.2	lncRNA	13	4	9	0.6174	0.1531	0.1656
ENSG00000287986.1	AL135841.1	lncRNA	0	0	0	0.0000	0.0000	0.0000
ENSG00000287987.1	AL390839.2	lncRNA	1	4	2	0.0459	0.0114	0.0123
ENSG00000287988.1	FO082814.1	transcribed_unprocessed_pseudogene	0	0	0	0.0000	0.0000	0.0000
ENSG00000287989.1	AL450352.1	lncRNA	0	0	0	0.0000	0.0000	0.0000
ENSG00000287990.1	AL358334.4	lncRNA	0	21	20	0.0000	0.0000	0.0000
ENSG00000287991.1	AL162151.3	lncRNA	0	0	0	0.0000	0.0000	0.0000
ENSG00000287992.1	AL357513.1	lncRNA	0	0	0	0.0000	0.0000	0.0000
ENSG00000287993.1	AC090338.1	lncRNA	0	0	0	0.0000	0.0000	0.0000
ENSG00000287994.1	AC009835.1	lncRNA	0	0	0	0.0000	0.0000	0.0000
ENSG00000287995.1	AC092053.6	lncRNA	1	1	3	0.0316	0.0078	0.0085
ENSG00000287996.1	AL359208.1	lncRNA	0	0	0	0.0000	0.0000	0.0000
ENSG00000287997.1	AL354950.3	lncRNA	1	2	2	0.0539	0.0134	0.0144
ENSG00000287998.1	AC104232.3	lncRNA	7	3	5	0.1455	0.0361	0.0390
ENSG00000287999.1	AC097522.2	lncRNA	0	0	0	0.0000	0.0000	0.0000
ENSG00000288000.1	AL031681.2	protein_coding	0	0	0	0.0000	0.0000	0.0000
ENSG00000288001.1	AL354811.2	lncRNA	4	4	0	0.0798	0.0198	0.0214
ENSG00000288002.1	AC091912.3	lncRNA	8	4	4	0.1470	0.0364	0.0394
ENSG00000288003.1	AC079768.4	lncRNA	0	0	0	0.0000	0.0000	0.0000
ENSG00000288004.1	AC023503.1	lncRNA	0	0	0	0.0000	0.0000	0.0000
ENSG00000288005.1	AC104211.3	lncRNA	1	0	1	0.0411	0.0102	0.0110
ENSG00000288006.1	AC137735.3	lncRNA	0	0	0	0.0000	0.0000	0.0000
ENSG00000288007.1	AC092803.4	lncRNA	4	2	4	0.1444	0.0358	0.0387
ENSG00000288008.1	AC109458.2	lncRNA	0	0	0	0.0000	0.0000	0.0000
ENSG00000288009.1	AL353135.2	lncRNA	10	6	4	0.3224	0.0800	0.0864
ENSG00000288010.1	AL035587.3	lncRNA	2	1	1	0.0851	0.0211	0.0228
ENSG00000288011.1	AC024597.1	lncRNA	2	1	1	0.0388	0.0096	0.0104
ENSG00000288012.1	AP003307.1	lncRNA	1	32	34	0.0937	0.0232	0.0251
ENSG00000288013.1	AP003486.2	lncRNA	2	0	2	0.0544	0.0135	0.0146
ENSG00000288014.1	AL121969.1	processed_pseudogene	0	0	0	0.0000	0.0000	0.0000
ENSG00000288015.1	AL159156.1	lncRNA	0	0	0	0.0000	0.0000	0.0000
ENSG00000288016.1	AL162493.1	lncRNA	3	0	3	0.0478	0.0119	0.0128
ENSG00000288017.1	AC011505.1	lncRNA	0	0	0	0.0000	0.0000	0.0000
ENSG00000288018.1	AP003120.1	lncRNA	14	9	5	0.5408	0.1341	0.1450
ENSG00000288019.1	AC093677.3	lncRNA	0	0	0	0.0000	0.0000	0.0000
ENSG00000288020.1	AP002991.2	lncRNA	0	43	36	0.0000	0.0000	0.0000
ENSG00000288021.1	AL450338.2	lncRNA	0	0	0	0.0000	0.0000	0.0000
ENSG00000288022.1	AC117488.1	lncRNA	8	4	4	0.2368	0.0587	0.0635
ENSG00000288023.1	AL157936.1	lncRNA	0	0	0	0.0000	0.0000	0.0000
ENSG00000288024.1	AC005301.2	lncRNA	1	2	3	0.0564	0.0140	0.0151
ENSG00000288025.1	AC093849.4	lncRNA	8	4	6	0.0879	0.0218	0.0236
ENSG00000288026.1	AC096996.3	lncRNA	0	0	0	0.0000	0.0000	0.0000
ENSG00000288028.1	AL049839.3	lncRNA	2	2	0	0.0948	0.0235	0.0254
ENSG00000288029.1	AC115282.2	lncRNA	0	0	0	0.0000	0.0000	0.0000
ENSG00000288030.1	AC066585.1	lncRNA	0	0	0	0.0000	0.0000	0.0000
ENSG00000288031.1	AC093838.2	transcribed_unprocessed_pseudogene	24	14	10	0.6310	0.1565	0.1692
ENSG00000288032.1	AC104472.5	lncRNA	1	0	1	0.0579	0.0144	0.0155
ENSG00000288033.1	AC137894.4	lncRNA	8	4	4	0.4806	0.1192	0.1289
ENSG00000288034.1	AL049833.4	lncRNA	1	0	1	0.0810	0.0201	0.0217
ENSG00000288035.1	AC022433.1	lncRNA	0	0	0	0.0000	0.0000	0.0000
ENSG00000288036.1	AC015943.1	lncRNA	0	0	0	0.0000	0.0000	0.0000
ENSG00000288037.1	AL118511.4	lncRNA	3	5	10	0.2589	0.0642	0.0694
ENSG00000288038.1	AL445588.1	lncRNA	0	0	0	0.0000	0.0000	0.0000
ENSG00000288039.1	AC098969.2	lncRNA	1	1	0	0.0563	0.0140	0.0151
ENSG00000288040.1	AC097713.2	lncRNA	1	1	0	0.0371	0.0092	0.0099
ENSG00000288041.1	AC092819.3	lncRNA	0	0	0	0.0000	0.0000	0.0000
ENSG00000288042.1	AL157703.1	lncRNA	0	0	0	0.0000	0.0000	0.0000
ENSG00000288043.1	AC006511.6	lncRNA	2	1	1	0.1042	0.0259	0.0280
ENSG00000288044.1	AL096870.12	lncRNA	0	72	50	0.0000	0.0000	0.0000
ENSG00000288045.1	AL352979.4	lncRNA	19	8	13	0.7519	0.1865	0.2016
ENSG00000288046.1	AL031123.5	lncRNA	21	9	12	0.2670	0.0662	0.0716
ENSG00000288047.1	AP001994.3	lncRNA	0	0	0	0.0000	0.0000	0.0000
ENSG00000288048.1	AC104088.3	lncRNA	4	2	2	0.1076	0.0267	0.0289
ENSG00000288049.1	AC010889.2	lncRNA	0	0	0	0.0000	0.0000	0.0000
ENSG00000288050.1	AC010727.1	lncRNA	1	0	1	0.0301	0.0075	0.0081
ENSG00000288051.1	AC008060.5	lncRNA	0	0	0	0.0000	0.0000	0.0000
ENSG00000288052.1	AL356952.1	lncRNA	5	4	1	0.1792	0.0444	0.0481
ENSG00000288053.1	AC231657.3	protein_coding	0	0	0	0.0000	0.0000	0.0000
ENSG00000288054.1	AL360178.2	lncRNA	0	0	0	0.0000	0.0000	0.0000
ENSG00000288055.1	AC107373.3	lncRNA	0	0	0	0.0000	0.0000	0.0000
ENSG00000288056.1	AL023806.4	lncRNA	2	1	1	0.0653	0.0162	0.0175
ENSG00000288057.1	AC010086.3	lncRNA	0	0	0	0.0000	0.0000	0.0000
ENSG00000288059.1	AL445213.2	lncRNA	5	2	3	0.5109	0.1267	0.1370
ENSG00000288060.1	AL355338.1	lncRNA	0	0	0	0.0000	0.0000	0.0000
ENSG00000288061.1	AP000926.2	lncRNA	1	184	181	0.0783	0.0194	0.0210
ENSG00000288062.1	AL136981.3	lncRNA	53	27	26	1.0293	0.2553	0.2760
ENSG00000288063.1	AC099050.1	lncRNA	2	2	8	0.0712	0.0177	0.0191
ENSG00000288064.1	AC067945.3	lncRNA	0	12	11	0.0000	0.0000	0.0000
ENSG00000288065.1	AC007881.4	lncRNA	56	24	34	2.7784	0.6890	0.7450
ENSG00000288066.1	AC097448.1	lncRNA	895	459	475	26.5457	6.5831	7.1178
ENSG00000288067.1	AC105180.2	lncRNA	4	2	2	0.0815	0.0202	0.0218
ENSG00000288068.1	AC027088.5	lncRNA	3	2	1	0.0425	0.0105	0.0114
ENSG00000288069.1	AF064866.1	lncRNA	0	0	0	0.0000	0.0000	0.0000
ENSG00000288070.1	AC016902.1	lncRNA	0	0	0	0.0000	0.0000	0.0000
ENSG00000288071.1	AL591135.2	lncRNA	0	0	0	0.0000	0.0000	0.0000
ENSG00000288072.1	AC008507.5	lncRNA	0	1	0	0.0000	0.0000	0.0000
ENSG00000288073.1	AC022463.1	lncRNA	6	3	3	0.4335	0.1075	0.1162
ENSG00000288074.1	AC026341.3	lncRNA	0	0	0	0.0000	0.0000	0.0000
ENSG00000288075.1	AC108519.1	lncRNA	360	190	173	2.0223	0.5015	0.5423
ENSG00000288076.1	AC018398.2	lncRNA	0	0	0	0.0000	0.0000	0.0000
ENSG00000288077.1	AC027129.1	lncRNA	3	1	2	0.1392	0.0345	0.0373
ENSG00000288078.1	AL133553.2	lncRNA	0	0	0	0.0000	0.0000	0.0000
ENSG00000288079.1	AC026329.1	lncRNA	4	6	2	0.0510	0.0126	0.0137
ENSG00000288080.1	AC005104.2	lncRNA	0	0	0	0.0000	0.0000	0.0000
ENSG00000288081.1	AC011374.3	lncRNA	0	0	0	0.0000	0.0000	0.0000
ENSG00000288082.1	AC023787.3	lncRNA	0	0	0	0.0000	0.0000	0.0000
ENSG00000288083.1	AL121888.2	lncRNA	0	0	0	0.0000	0.0000	0.0000
ENSG00000288084.1	AL590608.1	lncRNA	0	0	0	0.0000	0.0000	0.0000
ENSG00000288085.1	AL356094.2	lncRNA	0	0	0	0.0000	0.0000	0.0000
ENSG00000288086.1	AL157414.4	lncRNA	0	0	0	0.0000	0.0000	0.0000
ENSG00000288087.1	AC112770.1	lncRNA	0	0	1	0.0000	0.0000	0.0000
ENSG00000288088.1	AL606923.2	lncRNA	0	0	0	0.0000	0.0000	0.0000
ENSG00000288089.1	AC011303.1	lncRNA	0	0	0	0.0000	0.0000	0.0000
ENSG00000288090.1	AC010163.3	lncRNA	0	0	0	0.0000	0.0000	0.0000
ENSG00000288091.1	AC062022.2	lncRNA	0	0	0	0.0000	0.0000	0.0000
ENSG00000288092.1	AC026108.2	lncRNA	0	0	0	0.0000	0.0000	0.0000
ENSG00000288093.1	AL592295.5	lncRNA	40	26	14	1.2124	0.3007	0.3251
ENSG00000288094.1	AP000961.1	lncRNA	0	0	0	0.0000	0.0000	0.0000
ENSG00000288095.1	AC005618.4	lncRNA	17	10	7	0.6393	0.1585	0.1714
ENSG00000288096.1	AC109322.2	lncRNA	55	33	22	1.5032	0.3728	0.4030
ENSG00000288097.1	AP002448.1	lncRNA	0	0	0	0.0000	0.0000	0.0000
ENSG00000288098.1	AL031073.2	lncRNA	0	0	0	0.0000	0.0000	0.0000
ENSG00000288099.1	AL359259.1	lncRNA	0	0	0	0.0000	0.0000	0.0000
ENSG00000288100.1	AL161663.2	lncRNA	0	14	11	0.0000	0.0000	0.0000
ENSG00000288101.1	AL359987.1	lncRNA	0	0	0	0.0000	0.0000	0.0000
ENSG00000288102.1	AC112481.2	lncRNA	0	0	0	0.0000	0.0000	0.0000
ENSG00000288103.1	AL359538.4	lncRNA	2	2	0	0.0607	0.0151	0.0163
ENSG00000288104.1	AC008180.3	lncRNA	1	0	1	0.0258	0.0064	0.0069
ENSG00000288105.1	AC117461.1	lncRNA	0	0	0	0.0000	0.0000	0.0000
ENSG00000288106.1	AL022318.5	lncRNA	1	1	0	0.0194	0.0048	0.0052
ENSG00000288107.1	AL731769.2	lncRNA	3	2	2	0.0300	0.0075	0.0081
ENSG00000288108.1	AC126768.3	lncRNA	0	3	9	0.0000	0.0000	0.0000
ENSG00000288109.1	AC079331.3	lncRNA	0	0	0	0.0000	0.0000	0.0000
ENSG00000288110.1	AC010941.1	lncRNA	0	0	0	0.0000	0.0000	0.0000
ENSG00000288111.1	AC130888.1	lncRNA	2	1	1	0.2498	0.0620	0.0670
ENSG00000288139.1	AL031297.1	processed_pseudogene	0	0	0	0.0000	0.0000	0.0000
ENSG00000288153.1	AC003072.2	unprocessed_pseudogene	0	1	0	0.0000	0.0000	0.0000
ENSG00000288156.1	AC104530.1	lncRNA	121	69	52	2.6301	0.6522	0.7052
ENSG00000288162.1	AL596442.4	lncRNA	17	5	12	0.5628	0.1396	0.1509
ENSG00000288172.1	AL356419.1	lncRNA	1	1	0	0.0394	0.0098	0.0106
ENSG00000288177.1	AP006587.6	lncRNA	0	1	0	0.0000	0.0000	0.0000
ENSG00000288187.1	CU633906.5	lncRNA	0	0	0	0.0000	0.0000	0.0000
ENSG00000288208.1	AL451136.1	protein_coding	0	0	0	0.0000	0.0000	0.0000
ENSG00000288218.1	AL358787.2	processed_pseudogene	119	69	50	6.6227	1.6424	1.7758
ENSG00000288225.1	AL591926.7	processed_pseudogene	0	0	0	0.0000	0.0000	0.0000
ENSG00000288234.1	BX255925.4	lncRNA	4	82	85	0.5573	0.1382	0.1494
ENSG00000288235.1	FAM106C	lncRNA	1	1	0	0.0349	0.0087	0.0094
ENSG00000288245.1	AL355836.3	lncRNA	0	0	0	0.0000	0.0000	0.0000
ENSG00000288252.1	AL355836.4	lncRNA	0	0	0	0.0000	0.0000	0.0000
ENSG00000288253.1	AC010332.3	lncRNA	7	4	3	0.0755	0.0187	0.0202
ENSG00000288255.1	AP001153.2	unprocessed_pseudogene	0	0	0	0.0000	0.0000	0.0000
ENSG00000288258.1	BX470111.1	protein_coding	0	0	0	0.0000	0.0000	0.0000
ENSG00000288262.1	CT867976.1	unprocessed_pseudogene	0	0	0	0.0000	0.0000	0.0000
ENSG00000288266.1	AF064858.3	TEC	1	1	0	0.0678	0.0168	0.0182
ENSG00000288271.1	AL136981.4	lncRNA	1	1	0	0.0239	0.0059	0.0064
ENSG00000288300.1	FP325313.3	lncRNA	0	0	0	0.0000	0.0000	0.0000
ENSG00000288302.1	AL132709.8	lncRNA	2	3	4	0.2128	0.0528	0.0571
ENSG00000288321.1	AC079772.1	lncRNA	0	0	0	0.0000	0.0000	0.0000
ENSG00000288330.1	AL160391.1	lncRNA	0	0	0	0.0000	0.0000	0.0000
ENSG00000288349.1	AC139272.1	processed_pseudogene	2	1	1	0.0382	0.0095	0.0102
ENSG00000288393.1	AP003086.3	transcribed_processed_pseudogene	5	4	1	0.1687	0.0418	0.0452
ENSG00000288398.1	AL109627.1	lncRNA	766	379	389	16.3185	4.0468	4.3755
ENSG00000288434.1	AC084851.4	processed_pseudogene	0	0	0	0.0000	0.0000	0.0000
ENSG00000288437.1	AC108479.2	unprocessed_pseudogene	0	0	0	0.0000	0.0000	0.0000
ENSG00000288459.1	AL512357.2	lncRNA	0	0	0	0.0000	0.0000	0.0000
ENSG00000288460.1	SMIM42	protein_coding	0	0	0	0.0000	0.0000	0.0000
ENSG00000288473.1	AL669830.1	lncRNA	0	0	0	0.0000	0.0000	0.0000
ENSG00000288484.1	AC091135.2	unprocessed_pseudogene	0	0	0	0.0000	0.0000	0.0000
ENSG00000288520.1	AL357075.4	protein_coding	0	0	0	0.0000	0.0000	0.0000
ENSG00000288523.1	AC025160.1	lncRNA	0	0	0	0.0000	0.0000	0.0000
ENSG00000288524.1	AC013474.2	lncRNA	0	0	0	0.0000	0.0000	0.0000
ENSG00000288525.1	AC011228.3	processed_pseudogene	0	0	0	0.0000	0.0000	0.0000
ENSG00000288526.1	AL157834.4	lncRNA	3	2	1	0.4051	0.1005	0.1086
ENSG00000288527.1	AL365445.1	processed_pseudogene	0	0	0	0.0000	0.0000	0.0000
ENSG00000288528.1	AP000942.5	lncRNA	0	27	12	0.0000	0.0000	0.0000
ENSG00000288529.1	AL035699.1	protein_coding	0	0	0	0.0000	0.0000	0.0000
ENSG00000288530.1	AC078860.3	lncRNA	0	45	32	0.0000	0.0000	0.0000
ENSG00000288531.1	AL669831.7	lncRNA	2	0	2	0.0345	0.0085	0.0092
ENSG00000288532.1	AC055720.3	lncRNA	0	0	0	0.0000	0.0000	0.0000
ENSG00000288533.1	AP001178.4	lncRNA	1	9	16	0.0233	0.0058	0.0062
ENSG00000288534.1	AP001931.2	protein_coding	6	3	3	0.0545	0.0135	0.0146
ENSG00000288535.1	AC013442.1	lncRNA	0	0	0	0.0000	0.0000	0.0000
ENSG00000288536.1	AF222684.1	lncRNA	4	2	2	0.0864	0.0214	0.0232
ENSG00000288537.1	AL162391.2	lncRNA	0	0	0	0.0000	0.0000	0.0000
ENSG00000288538.1	AP002985.1	lncRNA	61	124	118	1.9734	0.4894	0.5291
ENSG00000288539.1	AC022133.2	lncRNA	4	2	2	0.0987	0.0245	0.0265
ENSG00000288540.1	AL008720.2	lncRNA	0	0	0	0.0000	0.0000	0.0000
ENSG00000288541.1	AL353732.2	lncRNA	5	2	3	0.0434	0.0108	0.0117
ENSG00000288542.1	AL133318.1	lncRNA	0	0	0	0.0000	0.0000	0.0000
ENSG00000288543.1	AL035409.2	lncRNA	47	22	25	5.3629	1.3299	1.4380
ENSG00000288545.1	AC023421.2	lncRNA	5	4	3	0.3879	0.0962	0.1040
ENSG00000288546.1	AC004470.2	lncRNA	0	0	0	0.0000	0.0000	0.0000
ENSG00000288547.3	C3orf36	lncRNA	14	4	10	0.4760	0.1180	0.1276
ENSG00000288548.1	AL035653.1	lncRNA	20	8	12	0.7437	0.1844	0.1994
ENSG00000288549.1	AC026412.4	lncRNA	1	0	1	0.0254	0.0063	0.0068
ENSG00000288550.1	AC018809.3	protein_coding	0	0	0	0.0000	0.0000	0.0000
ENSG00000288551.1	AL023806.5	lncRNA	0	0	0	0.0000	0.0000	0.0000
ENSG00000288552.1	AL162573.1	lncRNA	0	0	0	0.0000	0.0000	0.0000
ENSG00000288553.1	AC106870.3	lncRNA	0	0	0	0.0000	0.0000	0.0000
ENSG00000288554.1	AC009063.4	lncRNA	0	0	0	0.0000	0.0000	0.0000
ENSG00000288555.1	AF222685.1	lncRNA	0	0	0	0.0000	0.0000	0.0000
ENSG00000288556.1	AL158157.1	transcribed_processed_pseudogene	0	0	0	0.0000	0.0000	0.0000
ENSG00000288557.1	AC080097.1	lncRNA	6	4	4	0.1166	0.0289	0.0313
ENSG00000288558.2	DUS4L-BCAP29	protein_coding	448	223	225	3.4956	0.8669	0.9373
ENSG00000288559.1	AC016394.2	lncRNA	74	68	45	6.7360	1.6705	1.8062
ENSG00000288560.1	AL360015.1	lncRNA	5	2	3	0.2176	0.0540	0.0583
ENSG00000288561.1	AC103975.1	unprocessed_pseudogene	0	0	0	0.0000	0.0000	0.0000
ENSG00000288562.1	AL049198.1	lncRNA	0	0	0	0.0000	0.0000	0.0000
ENSG00000288563.1	AC097478.4	lncRNA	0	0	0	0.0000	0.0000	0.0000
ENSG00000288564.1	AL355385.2	protein_coding	0	0	0	0.0000	0.0000	0.0000
ENSG00000288565.1	AC068057.3	lncRNA	0	0	0	0.0000	0.0000	0.0000
ENSG00000288566.1	AL451164.3	lncRNA	0	0	0	0.0000	0.0000	0.0000
ENSG00000288567.1	AC074087.2	unitary_pseudogene	0	0	0	0.0000	0.0000	0.0000
ENSG00000288568.1	AC092720.3	lncRNA	8	3	5	0.1705	0.0423	0.0457
ENSG00000288569.1	LINC01949	lncRNA	0	0	0	0.0000	0.0000	0.0000
ENSG00000288570.1	AL359092.3	protein_coding	0	0	0	0.0000	0.0000	0.0000
ENSG00000288571.1	AL442063.1	lncRNA	0	0	0	0.0000	0.0000	0.0000
ENSG00000288573.1	AL357079.3	lncRNA	45	25	20	4.5816	1.1362	1.2285
ENSG00000288574.1	AL161734.2	lncRNA	0	0	0	0.0000	0.0000	0.0000
ENSG00000288575.1	AL159996.1	lncRNA	2	1	1	0.0417	0.0103	0.0112
ENSG00000288576.1	AC107294.4	lncRNA	0	0	0	0.0000	0.0000	0.0000
ENSG00000288577.1	AL117334.1	lncRNA	6	4	2	0.1824	0.0452	0.0489
ENSG00000288578.1	AF130248.1	lncRNA	0	0	0	0.0000	0.0000	0.0000
ENSG00000288579.1	AC025472.1	processed_pseudogene	0	0	0	0.0000	0.0000	0.0000
ENSG00000288580.1	AC023296.1	lncRNA	2	1	1	0.0407	0.0101	0.0109
ENSG00000288581.1	AL137139.3	lncRNA	0	0	0	0.0000	0.0000	0.0000
ENSG00000288582.2	NABP1-OT1	lncRNA	0	0	0	0.0000	0.0000	0.0000
ENSG00000288583.1	AL162231.5	lncRNA	2	1	1	0.2207	0.0547	0.0592
ENSG00000288584.1	Z97205.3	lncRNA	1	1	0	0.0219	0.0054	0.0059
ENSG00000288585.1	AC010184.1	lncRNA	78	40	38	0.7627	0.1891	0.2045
ENSG00000288586.1	AL357874.3	lncRNA	35	18	19	1.1655	0.2890	0.3125
ENSG00000288587.1	AL645933.3	lncRNA	0	0	0	0.0000	0.0000	0.0000
ENSG00000288588.1	AC116317.2	lncRNA	0	0	0	0.0000	0.0000	0.0000
ENSG00000288589.1	AC226119.3	lncRNA	0	0	0	0.0000	0.0000	0.0000
ENSG00000288591.1	AC078815.1	protein_coding	0	0	0	0.0000	0.0000	0.0000
ENSG00000288592.1	AC015871.7	transcribed_unitary_pseudogene	0	0	0	0.0000	0.0000	0.0000
ENSG00000288593.1	AP001054.1	protein_coding	1	0	1	0.1252	0.0310	0.0336
ENSG00000288595.1	AC236668.1	lncRNA	0	0	0	0.0000	0.0000	0.0000
ENSG00000288596.2	C8orf44	lncRNA	313	163	150	7.0859	1.7572	1.9000
ENSG00000288597.1	AC234782.2	lncRNA	8	7	7	0.0364	0.0090	0.0098
ENSG00000288598.1	AL354833.1	lncRNA	20	90	78	0.1924	0.0477	0.0516
ENSG00000288600.1	AL354833.2	lncRNA	5	3	2	0.4830	0.1198	0.1295
ENSG00000288601.1	5S_rRNA	rRNA_pseudogene	0	0	0	0.0000	0.0000	0.0000
ENSG00000288602.1	C8orf44-SGK3	protein_coding	3	0	3	0.0573	0.0142	0.0154
ENSG00000288603.1	SNORA74C-2	snoRNA	0	0	0	0.0000	0.0000	0.0000
ENSG00000288604.1	AC015871.8	transcribed_processed_pseudogene	0	2	1	0.0000	0.0000	0.0000
ENSG00000288605.1	AC007461.1	lncRNA	1	1	0	0.0260	0.0065	0.0070
ENSG00000288606.1	AC114744.2	lncRNA	0	0	0	0.0000	0.0000	0.0000
ENSG00000288607.1	ELOA3B	protein_coding	0	0	0	0.0000	0.0000	0.0000
ENSG00000288608.1	AC010973.3	protein_coding	0	0	0	0.0000	0.0000	0.0000
ENSG00000288610.1	AL161669.4	lncRNA	10	2	8	0.7271	0.1803	0.1949
ENSG00000288611.1	NPBWR1	protein_coding	1	0	1	0.0135	0.0033	0.0036
ENSG00000288612.1	AL133351.4	lncRNA	41	74	72	1.6898	0.4190	0.4531
ENSG00000288614.1	AL031178.1	protein_coding	0	0	0	0.0000	0.0000	0.0000
ENSG00000288615.1	AC034199.2	lncRNA	0	0	0	0.0000	0.0000	0.0000
ENSG00000288616.1	ELOA3D	protein_coding	0	0	0	0.0000	0.0000	0.0000
ENSG00000288617.1	AL049777.1	lncRNA	0	0	0	0.0000	0.0000	0.0000
ENSG00000288618.1	AC004510.2	lncRNA	0	0	0	0.0000	0.0000	0.0000
ENSG00000288620.1	AC092032.2	transcribed_unprocessed_pseudogene	0	0	0	0.0000	0.0000	0.0000
ENSG00000288622.1	PDCD6-AHRR	protein_coding	0	0	0	0.0000	0.0000	0.0000
ENSG00000288623.1	AC063943.2	protein_coding	0	0	0	0.0000	0.0000	0.0000
ENSG00000288625.1	AC068870.4	protein_coding	0	0	0	0.0000	0.0000	0.0000
ENSG00000288626.1	AC242628.1	protein_coding	0	0	0	0.0000	0.0000	0.0000
ENSG00000288627.1	AC139426.4	unprocessed_pseudogene	0	0	0	0.0000	0.0000	0.0000
ENSG00000288629.1	AC099569.1	protein_coding	0	0	0	0.0000	0.0000	0.0000
ENSG00000288630.1	AC009093.11	lncRNA	0	0	0	0.0000	0.0000	0.0000
ENSG00000288631.1	ELOA3	protein_coding	0	0	0	0.0000	0.0000	0.0000
ENSG00000288632.1	AC133555.6	lncRNA	0	0	0	0.0000	0.0000	0.0000
ENSG00000288633.1	AC092032.3	transcribed_unprocessed_pseudogene	0	0	0	0.0000	0.0000	0.0000
ENSG00000288634.1	AC079741.2	protein_coding	0	0	0	0.0000	0.0000	0.0000
ENSG00000288635.1	AC106873.8	protein_coding	0	0	0	0.0000	0.0000	0.0000
ENSG00000288636.1	AL049569.3	protein_coding	0	0	0	0.0000	0.0000	0.0000
ENSG00000288637.1	AC013477.1	protein_coding	1	1	0	0.0096	0.0024	0.0026
ENSG00000288638.1	LNCDAT	lncRNA	0	0	0	0.0000	0.0000	0.0000
ENSG00000288639.1	AC093246.1	protein_coding	0	0	0	0.0000	0.0000	0.0000
ENSG00000288640.1	AC005192.1	protein_coding	0	0	0	0.0000	0.0000	0.0000
ENSG00000288642.1	CDR1	protein_coding	0	49	66	0.0000	0.0000	0.0000
ENSG00000288643.1	AC114982.2	protein_coding	0	0	0	0.0000	0.0000	0.0000
ENSG00000288644.1	AC114402.2	protein_coding	0	0	0	0.0000	0.0000	0.0000
ENSG00000288645.1	AC084756.2	protein_coding	0	0	0	0.0000	0.0000	0.0000
ENSG00000288646.1	AL031178.2	protein_coding	0	0	0	0.0000	0.0000	0.0000
ENSG00000288648.1	AL139190.1	lncRNA	2	1	1	0.0492	0.0122	0.0132
ENSG00000288649.1	ACTL10	protein_coding	0	0	0	0.0000	0.0000	0.0000
ENSG00000288654.1	AC119733.1	protein_coding	0	0	0	0.0000	0.0000	0.0000
ENSG00000288656.1	AC020765.6	protein_coding	2	0	2	0.0291	0.0072	0.0078
ENSG00000288657.1	AL139280.3	lncRNA	0	0	0	0.0000	0.0000	0.0000
ENSG00000288658.1	AC010980.1	protein_coding	2	2	1	0.0382	0.0095	0.0102
ENSG00000288659.1	AC007511.1	lncRNA	0	0	0	0.0000	0.0000	0.0000
ENSG00000288660.1	AC004233.4	protein_coding	0	0	2	0.0000	0.0000	0.0000
ENSG00000288661.1	AL451106.1	protein_coding	0	0	0	0.0000	0.0000	0.0000
ENSG00000288662.1	AC092910.4	lncRNA	0	0	0	0.0000	0.0000	0.0000
ENSG00000288663.1	AC073611.1	lncRNA	34	16	18	0.3383	0.0839	0.0907
ENSG00000288665.1	AC136977.1	lncRNA	0	0	0	0.0000	0.0000	0.0000
ENSG00000288667.1	AC078856.1	lncRNA	0	0	0	0.0000	0.0000	0.0000
ENSG00000288669.1	AC008763.4	protein_coding	0	0	0	0.0000	0.0000	0.0000
ENSG00000288670.1	AL592295.6	lncRNA	716	390	367	22.4706	5.5725	6.0251
ENSG00000288671.1	AC006486.3	protein_coding	0	0	0	0.0000	0.0000	0.0000
ENSG00000288674.1	AL391628.1	protein_coding	5	3	2	0.0295	0.0073	0.0079
ENSG00000288675.1	AP006621.6	protein_coding	16	20	19	0.5401	0.1339	0.1448
